/*--------------------------------*- C++ -*----------------------------------*\
  =========                 |
  \\      /  F ield         | OpenFOAM: The Open Source CFD Toolbox
   \\    /   O peration     | Website:  https://openfoam.org
    \\  /    A nd           | Version:  13
     \\/     M anipulation  |
\*---------------------------------------------------------------------------*/
FoamFile
{
    format      ascii;
    class       volVectorField;
    location    "0.75";
    object      U;
}
// * * * * * * * * * * * * * * * * * * * * * * * * * * * * * * * * * * * * * //

dimensions      [0 1 -1 0 0 0 0];

internalField   nonuniform List<vector> 
2016
(
(0.000112788 -0.0280393 0)
(0.0304109 -0.138833 0)
(0.0504564 -0.257466 0)
(0.137663 -0.445639 0)
(0.214622 -0.154904 0)
(0.259412 -0.445436 0)
(0.315312 -0.751317 0)
(0.421756 -1.07135 0)
(0.555646 -0.189271 0)
(0.604791 -0.47846 0)
(0.655812 -0.760207 0)
(0.691047 -1.09408 0)
(0.866463 -0.156106 0)
(0.87808 -0.339534 0)
(0.908325 -0.447491 0)
(0.958497 -0.598091 0)
(1.07303 -0.107161 0)
(1.00313 -0.194955 0)
(0.955404 -0.17398 0)
(0.975149 -0.069988 0)
(1.1905 -0.0558938 0)
(1.01232 -0.0944088 0)
(0.840191 -0.0789439 0)
(0.78834 0.120026 0)
(1.22579 0.0152613 0)
(1.04783 0.013498 0)
(0.737753 -0.0565401 0)
(0.562014 0.0488086 0)
(1.12733 0.0876137 0)
(1.12681 0.150219 0)
(0.777427 0.0563896 0)
(0.488819 0.0750633 0)
(0.931008 0.112789 0)
(1.1171 0.241744 0)
(0.837665 0.213299 0)
(0.496428 0.25386 0)
(0.747826 0.0761239 0)
(0.997432 0.235008 0)
(0.788279 0.31858 0)
(0.448249 0.43329 0)
(0.631099 0.0423258 0)
(0.818021 0.219669 0)
(0.629139 0.410361 0)
(0.358014 0.583901 0)
(0.485944 0.0820255 0)
(0.543746 0.300197 0)
(0.394972 0.56513 0)
(0.318842 0.729786 0)
(0.214241 0.140903 0)
(0.123187 0.377095 0)
(0.230029 0.750078 0)
(0.467341 0.810873 0)
(-0.0773149 0.10147 0)
(-0.350334 0.267182 0)
(0.358351 0.943564 0)
(0.0784759 1.25723 0)
(-0.239727 0.0451754 0)
(-0.637629 0.0943301 0)
(-0.110743 0.311446 0)
(-0.0616111 0.657138 0)
(-0.285578 0.0179599 0)
(-0.611691 -0.00543238 0)
(-0.46896 -0.022915 0)
(-0.417895 0.380417 0)
(-0.279709 0.00427862 0)
(-0.546278 -0.0421268 0)
(-0.745938 -0.0480797 0)
(-0.63681 0.179924 0)
(-0.257747 -0.000394523 0)
(-0.47849 -0.0565921 0)
(-0.853192 -0.0654488 0)
(-0.72156 -0.0672196 0)
(-0.229109 -8.83556e-06 0)
(-0.402318 -0.0646006 0)
(-0.766521 -0.112415 0)
(-0.694353 -0.378071 0)
(-0.197297 0.000683466 0)
(-0.314642 -0.0727633 0)
(-0.525304 -0.247207 0)
(-0.657065 -0.668309 0)
(-0.160065 -0.00804989 0)
(-0.215294 -0.0824487 0)
(-0.158724 -0.2542 0)
(-0.549301 -0.695542 0)
(-0.11066 -0.0355898 0)
(-0.104066 -0.101675 0)
(0.276804 -0.123648 0)
(-0.246313 -0.416032 0)
(-0.0258177 -0.0476354 0)
(-0.0359582 -0.0781117 0)
(0.15257 -0.0444918 0)
(0.0246681 -0.0299951 0)
(0.03565 -0.0420182 0)
(-0.0632711 -0.107658 0)
(-0.339101 0.166266 0)
(-0.334491 0.665195 0)
(0.131189 -0.0504599 0)
(-0.171537 -0.0646389 0)
(-0.579995 0.25666 0)
(-0.68384 0.419082 0)
(0.178022 -0.0563642 0)
(-0.457317 0.00238727 0)
(-0.745444 0.328967 0)
(-0.706204 0.449843 0)
(0.227371 -0.0698493 0)
(-0.667369 0.00748485 0)
(-0.892798 -0.0565068 0)
(-0.915848 0.292941 0)
(0.270304 -0.0850948 0)
(-0.627739 0.008944 0)
(-1.29296 -0.289454 0)
(-1.27708 0.107625 0)
(0.255402 -0.0963195 0)
(-0.287783 0.185109 0)
(-1.23981 -0.0928901 0)
(-1.18414 0.0920758 0)
(0.113199 -0.064713 0)
(-0.371404 0.317422 0)
(-0.922709 0.29964 0)
(-1.03883 0.147876 0)
(-0.0978309 0.00519388 0)
(-0.564941 0.272557 0)
(-0.879487 0.315862 0)
(-0.920245 0.221508 0)
(-0.292681 0.0431149 0)
(-0.7477 0.22072 0)
(-0.924924 0.290012 0)
(-0.839538 0.249636 0)
(-0.449426 0.0762692 0)
(-0.902885 0.234708 0)
(-0.931185 0.253431 0)
(-0.757775 0.191906 0)
(-0.657687 0.116952 0)
(-0.983228 0.217957 0)
(-0.852409 0.146292 0)
(-0.658493 0.0801501 0)
(-0.860371 0.0958309 0)
(-0.944584 0.106202 0)
(-0.740461 -0.00827631 0)
(-0.603517 0.00630589 0)
(-0.931885 0.0142812 0)
(-0.833219 -0.0297858 0)
(-0.721921 -0.0808582 0)
(-0.656291 0.0237412 0)
(-0.860508 -0.0589097 0)
(-0.797879 -0.0991032 0)
(-0.812411 -0.0644881 0)
(-0.877792 0.0356731 0)
(-0.752616 -0.0893448 0)
(-0.784723 -0.129607 0)
(-0.935213 -0.134648 0)
(-1.33601 -0.0490392 0)
(-0.59207 -0.110494 0)
(-0.696975 -0.202892 0)
(-1.02185 -0.353574 0)
(-1.78361 -0.329199 0)
(-0.352271 -0.128974 0)
(-0.494637 -0.302516 0)
(-0.851554 -0.60647 0)
(-1.34348 -1.07394 0)
(-0.0824503 -0.096445 0)
(-0.171662 -0.270826 0)
(-0.412073 -0.584188 0)
(-0.658503 -1.07486 0)
(0.0526697 -0.00149749 0)
(0.0595307 -0.0195804 0)
(0.013213 -0.0878836 0)
(-0.156293 -0.31952 0)
(0.214016 -0.746511 0)
(0.225989 -1.06973 0)
(0.189542 -1.32714 0)
(0.113381 -1.5196 0)
(0.0267356 -1.66951 0)
(-0.00473386 -1.73438 0)
(-0.0126147 -1.70958 0)
(-0.0273178 -1.67934 0)
(-0.0394925 -1.65217 0)
(-0.00881073 -1.63245 0)
(0.104551 -1.75899 0)
(0.252891 -2.27716 0)
(0.129348 -2.53756 0)
(-0.0113852 -2.68878 0)
(-0.141555 -2.73831 0)
(-0.180158 -2.6509 0)
(-0.0529324 -1.87141 0)
(-0.0390445 -1.4915 0)
(-0.013074 -1.338 0)
(0.0169357 -1.28074 0)
(0.0290331 -1.28737 0)
(0.0198506 -1.32046 0)
(0.00380464 -1.37046 0)
(-0.00474393 -1.42092 0)
(-0.0027002 -1.45464 0)
(-0.00132422 -1.46412 0)
(-0.0189448 -1.44767 0)
(-0.0615724 -1.41589 0)
(-0.130243 -1.36719 0)
(-0.226313 -1.30847 0)
(-0.218769 -1.12938 0)
(-0.149023 -0.774064 0)
(-0.120129 -0.664764 0)
(-0.0865247 -0.586339 0)
(-0.0658588 -0.57784 0)
(-0.00621674 -0.612085 0)
(0.0727165 -0.703542 0)
(0.111556 -0.911034 0)
(0.0842287 -1.00936 0)
(0.0546609 -1.0933 0)
(0.0319671 -1.15323 0)
(0.0109164 -1.17643 0)
(0.456442 -1.36629 0)
(0.355444 -1.57485 0)
(0.228297 -1.65561 0)
(0.179736 -1.67335 0)
(0.184468 -1.77451 0)
(0.0316513 -1.79394 0)
(-0.040828 -1.8976 0)
(-0.0363617 -2.12496 0)
(0.0133691 -2.39786 0)
(0.186599 -2.64445 0)
(0.422005 -2.75536 0)
(0.460566 -2.67167 0)
(0.291751 -2.48144 0)
(0.056933 -2.17458 0)
(-0.229148 -1.91971 0)
(-0.450639 -1.82365 0)
(-0.532578 -1.74814 0)
(-0.587267 -1.69725 0)
(-0.218694 -1.69795 0)
(-0.0594997 -1.73557 0)
(0.00707299 -1.6814 0)
(0.0663484 -1.54279 0)
(0.088716 -1.32468 0)
(0.0786327 -1.11222 0)
(0.0431688 -0.995998 0)
(-0.00428988 -1.04835 0)
(-0.0233967 -1.23926 0)
(0.0157695 -1.2663 0)
(0.0167126 -1.24734 0)
(-0.0796806 -1.32876 0)
(-0.259609 -1.47214 0)
(-0.328341 -1.46456 0)
(-0.195054 -1.36648 0)
(-0.0142648 -1.18509 0)
(0.0929165 -1.15325 0)
(0.149254 -1.20583 0)
(0.174531 -1.26762 0)
(0.143408 -1.28764 0)
(0.105488 -1.26683 0)
(0.0728685 -1.25338 0)
(0.0424174 -1.24207 0)
(0.0143484 -1.22996 0)
(0.608643 -1.3777 0)
(0.417783 -1.48804 0)
(0.25444 -1.41302 0)
(0.158074 -1.19477 0)
(0.122301 -1.01972 0)
(0.196979 -0.91398 0)
(0.295537 -0.87994 0)
(0.401703 -0.899198 0)
(0.418249 -1.06088 0)
(0.340727 -1.47589 0)
(0.214918 -2.13899 0)
(0.025262 -1.89896 0)
(-0.258083 -1.54056 0)
(-0.393607 -1.42376 0)
(-0.402261 -1.39116 0)
(-0.372132 -1.37868 0)
(-0.355267 -1.34908 0)
(-0.335245 -1.28779 0)
(-0.21507 -1.13919 0)
(-0.0493953 -0.950319 0)
(-0.11304 -0.825303 0)
(-0.303415 -0.738959 0)
(-0.370318 -0.686573 0)
(-0.279363 -0.658411 0)
(-0.0287167 -0.665863 0)
(0.221713 -0.779113 0)
(0.142733 -0.953485 0)
(-0.0259985 -1.23943 0)
(-0.0269059 -1.13965 0)
(-0.0090148 -1.05699 0)
(-0.0479506 -1.11963 0)
(-0.16366 -1.3131 0)
(-0.351653 -1.54664 0)
(-0.269876 -1.43385 0)
(-0.00310914 -1.2548 0)
(0.165814 -1.20039 0)
(0.163412 -1.25498 0)
(0.104343 -1.25025 0)
(0.0730745 -1.23047 0)
(0.0555187 -1.23267 0)
(0.0331632 -1.24054 0)
(0.0107002 -1.24231 0)
(0.893461 -0.81953 0)
(0.464405 -0.853572 0)
(0.0329014 -0.924177 0)
(-0.180035 -0.491619 0)
(-0.0738115 -0.83174 0)
(-0.0874351 -0.800691 0)
(0.0193196 -0.842813 0)
(0.284786 -0.843745 0)
(0.721845 -0.876486 0)
(0.998027 -0.968031 0)
(0.555003 -1.09881 0)
(-0.00204297 -1.06665 0)
(-0.279519 -0.98199 0)
(-0.293474 -0.945708 0)
(-0.309527 -0.941867 0)
(-0.40069 -0.956248 0)
(-0.507412 -0.948906 0)
(-0.569474 -0.879154 0)
(-0.497047 -0.770669 0)
(-0.304389 -0.732631 0)
(-0.208329 -0.632062 0)
(-0.176314 -0.566507 0)
(-0.131025 -0.574372 0)
(-0.0626775 -0.609218 0)
(0.0853234 -0.621656 0)
(0.24844 -0.56754 0)
(0.326543 -0.529897 0)
(0.229071 -0.628649 0)
(-0.0713425 -0.826107 0)
(-0.0916989 -0.893714 0)
(-0.0107469 -0.914516 0)
(0.0168018 -1.01738 0)
(-0.0902803 -1.24208 0)
(-0.313793 -1.52621 0)
(-0.186449 -1.44307 0)
(0.136039 -1.18562 0)
(0.197293 -1.1722 0)
(0.118201 -1.22937 0)
(0.0814711 -1.24674 0)
(0.0691137 -1.25483 0)
(0.0444554 -1.26528 0)
(0.0146952 -1.2688 0)
(0.97324 -0.107497 0)
(0.822546 0.131168 0)
(0.132872 -0.209294 0)
(0.0737325 -0.402509 0)
(0.234357 -0.825088 0)
(0.215787 -1.1268 0)
(0.201889 -1.31271 0)
(0.326059 -1.30481 0)
(0.609622 -1.10027 0)
(0.824824 -0.825797 0)
(0.554568 -0.625925 0)
(0.0643337 -0.531857 0)
(-0.269146 -0.541987 0)
(-0.371744 -0.52041 0)
(-0.366932 -0.481014 0)
(-0.403881 -0.503751 0)
(-0.479828 -0.519729 0)
(-0.558617 -0.478017 0)
(-0.498685 -0.41977 0)
(-0.300739 -0.500119 0)
(-0.235759 -0.379327 0)
(-0.215005 -0.348669 0)
(-0.178425 -0.348017 0)
(-0.114337 -0.3728 0)
(-0.00576501 -0.401447 0)
(0.148381 -0.381513 0)
(0.265267 -0.337115 0)
(0.310129 -0.331518 0)
(0.217448 -0.421453 0)
(0.116591 -0.631946 0)
(0.0640376 -0.856012 0)
(0.14337 -0.904984 0)
(0.106848 -1.04508 0)
(-0.0786562 -1.23956 0)
(-0.34492 -1.49856 0)
(-0.033306 -1.27439 0)
(0.230497 -1.13236 0)
(0.179197 -1.22531 0)
(0.0982644 -1.28272 0)
(0.0746788 -1.28954 0)
(0.0519479 -1.29595 0)
(0.0179609 -1.30035 0)
(0.763869 0.231751 0)
(0.717383 0.45603 0)
(0.363014 0.486614 0)
(0.460688 0.306276 0)
(0.624002 -0.470413 0)
(0.498958 -0.908496 0)
(0.313895 -1.27716 0)
(0.250609 -1.44046 0)
(0.305181 -1.33936 0)
(0.31945 -1.01768 0)
(0.168029 -0.665197 0)
(-0.0781139 -0.417293 0)
(-0.26603 -0.259703 0)
(-0.396642 -0.18378 0)
(-0.358444 -0.108887 0)
(-0.371118 -0.109608 0)
(-0.459554 -0.133104 0)
(-0.570556 -0.106836 0)
(-0.50845 -0.150824 0)
(-0.370677 -0.190742 0)
(-0.307086 -0.102641 0)
(-0.248282 -0.0713614 0)
(-0.172949 -0.0565459 0)
(-0.0764551 -0.0603544 0)
(0.0435593 -0.0783309 0)
(0.147666 -0.106657 0)
(0.232422 -0.123016 0)
(0.295578 -0.15376 0)
(0.323678 -0.216131 0)
(0.349264 -0.352177 0)
(0.240145 -0.715318 0)
(0.265714 -0.868484 0)
(0.267483 -0.946408 0)
(0.106915 -1.1291 0)
(-0.246537 -1.419 0)
(-0.236623 -1.48533 0)
(0.190008 -1.18697 0)
(0.259743 -1.2117 0)
(0.13864 -1.31126 0)
(0.0806636 -1.33215 0)
(0.0570253 -1.33351 0)
(0.0214772 -1.33743 0)
(0.551343 0.203134 0)
(0.652487 0.315544 0)
(0.5884 0.356898 0)
(0.795635 0.0389763 0)
(1.02243 -0.0435537 0)
(0.892077 -0.29358 0)
(0.597502 -0.588007 0)
(0.342873 -0.787732 0)
(0.150965 -0.830614 0)
(-0.0174814 -0.729147 0)
(-0.216429 -0.519468 0)
(-0.418436 -0.299601 0)
(-0.524177 -0.0775237 0)
(-0.523556 0.0818689 0)
(-0.451825 0.123673 0)
(-0.391942 0.144013 0)
(-0.442246 0.151895 0)
(-0.525482 0.140276 0)
(-0.470093 0.00770372 0)
(-0.393599 0.0359161 0)
(-0.337283 0.0807801 0)
(-0.2628 0.102229 0)
(-0.172831 0.107916 0)
(-0.0679882 0.104803 0)
(0.0498366 0.0983411 0)
(0.174646 0.0889509 0)
(0.281778 0.0675378 0)
(0.365324 0.0209866 0)
(0.433775 -0.0701705 0)
(0.543536 -0.195901 0)
(0.569509 -0.470403 0)
(0.39224 -0.827094 0)
(0.410369 -0.883095 0)
(0.325928 -1.01694 0)
(0.0478499 -1.24569 0)
(-0.336533 -1.57959 0)
(0.0498532 -1.3528 0)
(0.309853 -1.22227 0)
(0.206949 -1.32657 0)
(0.0965033 -1.38055 0)
(0.0589133 -1.38056 0)
(0.0240029 -1.38121 0)
(0.397874 0.156775 0)
(0.532956 0.267872 0)
(0.646135 0.32717 0)
(0.828957 0.122413 0)
(1.07368 0.287047 0)
(1.07815 0.346037 0)
(0.872204 0.307964 0)
(0.576992 0.215716 0)
(0.290495 0.155001 0)
(-0.000613549 0.149821 0)
(-0.311777 0.207538 0)
(-0.540787 0.275302 0)
(-0.64922 0.349509 0)
(-0.601021 0.397159 0)
(-0.464258 0.383046 0)
(-0.380995 0.304705 0)
(-0.409594 0.267415 0)
(-0.458232 0.203942 0)
(-0.456472 0.158491 0)
(-0.416032 0.173339 0)
(-0.350258 0.196194 0)
(-0.264007 0.206308 0)
(-0.165637 0.210048 0)
(-0.0586241 0.213328 0)
(0.0577091 0.216003 0)
(0.184376 0.216514 0)
(0.315536 0.205459 0)
(0.442242 0.168589 0)
(0.559623 0.0860933 0)
(0.710447 -0.0420357 0)
(0.877605 -0.203711 0)
(0.681248 -0.667357 0)
(0.531822 -0.847358 0)
(0.499354 -0.930408 0)
(0.28871 -1.1439 0)
(-0.217426 -1.57595 0)
(-0.164415 -1.67466 0)
(0.267484 -1.34453 0)
(0.282977 -1.33903 0)
(0.130104 -1.4249 0)
(0.058896 -1.4358 0)
(0.0238307 -1.43134 0)
(0.330913 0.308466 0)
(0.465209 0.326247 0)
(0.667379 0.300833 0)
(0.815135 0.137654 0)
(0.906041 0.361176 0)
(0.895065 0.658289 0)
(0.804006 0.90066 0)
(0.619893 1.01228 0)
(0.367276 1.04635 0)
(0.0434531 1.05002 0)
(-0.279306 1.02431 0)
(-0.53338 0.968069 0)
(-0.620786 0.875509 0)
(-0.52641 0.742669 0)
(-0.350834 0.582617 0)
(-0.258046 0.432606 0)
(-0.31342 0.324106 0)
(-0.417072 0.27949 0)
(-0.459696 0.275044 0)
(-0.429938 0.281425 0)
(-0.358598 0.289949 0)
(-0.269147 0.29896 0)
(-0.172637 0.31346 0)
(-0.0686238 0.334711 0)
(0.0486995 0.356101 0)
(0.183924 0.368112 0)
(0.334285 0.361345 0)
(0.495506 0.328516 0)
(0.662138 0.261764 0)
(0.844725 0.158895 0)
(1.07754 0.0420946 0)
(1.13537 -0.188252 0)
(0.673316 -0.765994 0)
(0.646589 -0.842016 0)
(0.581194 -0.974529 0)
(0.295568 -1.25364 0)
(-0.350065 -1.87754 0)
(0.0575361 -1.67071 0)
(0.301202 -1.41588 0)
(0.181649 -1.45744 0)
(0.0651339 -1.49103 0)
(0.0203955 -1.48501 0)
(0.306874 0.500916 0)
(0.510848 0.388233 0)
(0.763025 0.281902 0)
(0.67924 0.416171 0)
(0.575203 0.788831 0)
(0.559384 1.07226 0)
(0.526117 1.32999 0)
(0.445077 1.55466 0)
(0.284886 1.68707 0)
(0.0450164 1.72944 0)
(-0.211524 1.67781 0)
(-0.396101 1.51394 0)
(-0.431321 1.25153 0)
(-0.308991 0.940214 0)
(-0.144162 0.650983 0)
(-0.112596 0.464948 0)
(-0.250898 0.407148 0)
(-0.408544 0.407337 0)
(-0.466645 0.397069 0)
(-0.435128 0.382611 0)
(-0.367117 0.386729 0)
(-0.286573 0.403895 0)
(-0.200363 0.435193 0)
(-0.101663 0.478431 0)
(0.021717 0.523441 0)
(0.174619 0.55449 0)
(0.352167 0.558576 0)
(0.543714 0.52988 0)
(0.739762 0.473177 0)
(0.947834 0.394343 0)
(1.19382 0.29489 0)
(1.45408 0.255101 0)
(1.21575 -0.211201 0)
(0.747159 -0.746968 0)
(0.755612 -0.82422 0)
(0.658965 -0.991992 0)
(0.285422 -1.38379 0)
(-0.264247 -2.0588 0)
(0.129919 -1.68917 0)
(0.199304 -1.5171 0)
(0.0818732 -1.53577 0)
(0.0162927 -1.53582 0)
(0.322596 0.60397 0)
(0.681716 0.284872 0)
(0.735063 0.582454 0)
(0.45984 0.86951 0)
(0.256971 1.17055 0)
(0.216797 1.40707 0)
(0.241249 1.64334 0)
(0.252739 1.86322 0)
(0.202997 2.00889 0)
(0.0859391 2.04262 0)
(-0.0557577 1.93032 0)
(-0.140792 1.66755 0)
(-0.100556 1.28341 0)
(0.0505388 0.858199 0)
(0.125117 0.554636 0)
(-0.0151619 0.467175 0)
(-0.249362 0.494452 0)
(-0.413386 0.514617 0)
(-0.459153 0.495836 0)
(-0.430806 0.473828 0)
(-0.379968 0.480483 0)
(-0.318857 0.50979 0)
(-0.248221 0.559186 0)
(-0.157594 0.624341 0)
(-0.0286189 0.69542 0)
(0.147129 0.756235 0)
(0.358507 0.789632 0)
(0.586205 0.783749 0)
(0.813535 0.739849 0)
(1.03919 0.66684 0)
(1.2747 0.58844 0)
(1.57239 0.570149 0)
(1.74182 0.500724 0)
(1.22175 -0.149859 0)
(0.861672 -0.677041 0)
(0.879399 -0.764447 0)
(0.745478 -0.960523 0)
(0.263191 -1.48068 0)
(-0.177431 -2.02132 0)
(0.0704507 -1.69656 0)
(0.0820982 -1.57833 0)
(0.0168707 -1.57168 0)
(0.512219 0.471715 0)
(0.392558 0.643114 0)
(0.254793 1.03633 0)
(0.119029 1.25142 0)
(0.0307449 1.34836 0)
(0.0211175 1.44006 0)
(0.0508862 1.58718 0)
(0.0892845 1.73148 0)
(0.114889 1.80444 0)
(0.12126 1.7708 0)
(0.125641 1.60405 0)
(0.173559 1.29013 0)
(0.306091 0.869807 0)
(0.382399 0.546071 0)
(0.242631 0.457838 0)
(-0.0407726 0.526638 0)
(-0.28591 0.593596 0)
(-0.403664 0.5894 0)
(-0.432711 0.557514 0)
(-0.424235 0.540736 0)
(-0.400468 0.553138 0)
(-0.365057 0.595735 0)
(-0.314966 0.666062 0)
(-0.236991 0.757072 0)
(-0.110738 0.858093 0)
(0.0778658 0.957805 0)
(0.322311 1.04216 0)
(0.594342 1.09278 0)
(0.863405 1.09723 0)
(1.10881 1.05763 0)
(1.32129 1.00636 0)
(1.54805 0.993619 0)
(1.88707 1.068 0)
(1.93058 0.873674 0)
(1.34092 0.0904964 0)
(0.992806 -0.536328 0)
(0.993601 -0.631791 0)
(0.819931 -0.841753 0)
(0.236386 -1.44946 0)
(-0.193187 -1.89769 0)
(-0.0499505 -1.66406 0)
(8.97714e-05 -1.58898 0)
(0.292267 1.08548 0)
(0.133387 1.21019 0)
(0.19072 1.17172 0)
(0.179172 1.13688 0)
(0.0478672 1.09585 0)
(-0.0597713 1.08249 0)
(-0.0582382 1.09771 0)
(0.021864 1.12691 0)
(0.132884 1.12694 0)
(0.254744 1.03788 0)
(0.391439 0.833639 0)
(0.538322 0.560031 0)
(0.60002 0.352071 0)
(0.45767 0.342945 0)
(0.159788 0.478732 0)
(-0.122473 0.603282 0)
(-0.298358 0.640235 0)
(-0.377316 0.613501 0)
(-0.408181 0.576447 0)
(-0.424274 0.564499 0)
(-0.432631 0.588527 0)
(-0.43022 0.650181 0)
(-0.407794 0.747119 0)
(-0.346783 0.871666 0)
(-0.227794 1.01159 0)
(-0.0391135 1.15659 0)
(0.217198 1.29914 0)
(0.522706 1.42788 0)
(0.840596 1.52417 0)
(1.12654 1.57527 0)
(1.34425 1.59699 0)
(1.51129 1.60491 0)
(1.79361 1.66191 0)
(2.20847 1.712 0)
(2.18322 1.35595 0)
(1.58473 0.509451 0)
(1.13123 -0.261607 0)
(1.07578 -0.401876 0)
(0.873723 -0.619296 0)
(0.275572 -1.22718 0)
(-0.203152 -1.67533 0)
(-0.0698474 -1.54217 0)
(0.0795479 1.2653 0)
(0.276823 1.15419 0)
(0.357694 1.04403 0)
(0.2558 0.940463 0)
(0.0894551 0.80859 0)
(0.00710517 0.665419 0)
(0.025719 0.553462 0)
(0.12465 0.459628 0)
(0.291303 0.351518 0)
(0.476294 0.222115 0)
(0.631392 0.0908108 0)
(0.671686 0.0557556 0)
(0.546718 0.153396 0)
(0.283532 0.358295 0)
(0.00585217 0.540579 0)
(-0.186018 0.618653 0)
(-0.28996 0.612062 0)
(-0.342266 0.569961 0)
(-0.386668 0.539383 0)
(-0.436513 0.54229 0)
(-0.484251 0.585022 0)
(-0.52155 0.669493 0)
(-0.534582 0.796437 0)
(-0.497122 0.961506 0)
(-0.389709 1.15551 0)
(-0.202775 1.36612 0)
(0.055076 1.57818 0)
(0.367431 1.78257 0)
(0.715685 1.97144 0)
(1.05532 2.134 0)
(1.31294 2.26611 0)
(1.49852 2.33379 0)
(1.76159 2.3349 0)
(2.18151 2.36257 0)
(2.57787 2.34714 0)
(2.49579 1.92007 0)
(1.89735 1.04608 0)
(1.2784 0.179135 0)
(1.11334 -0.131761 0)
(0.873689 -0.415767 0)
(0.217513 -1.05744 0)
(-0.0572286 -1.38191 0)
(0.0829544 0.850146 0)
(0.308675 0.937474 0)
(0.440274 0.935246 0)
(0.400371 0.819565 0)
(0.271815 0.600728 0)
(0.179556 0.387269 0)
(0.182039 0.206496 0)
(0.284664 0.0281098 0)
(0.431015 -0.114223 0)
(0.550087 -0.177437 0)
(0.579636 -0.130784 0)
(0.483729 0.0302198 0)
(0.285503 0.255251 0)
(0.0729326 0.444614 0)
(-0.0876931 0.541547 0)
(-0.196848 0.561194 0)
(-0.258749 0.527104 0)
(-0.308286 0.482398 0)
(-0.381094 0.467917 0)
(-0.468653 0.485721 0)
(-0.557623 0.544204 0)
(-0.640877 0.645195 0)
(-0.69953 0.802943 0)
(-0.696109 1.01124 0)
(-0.616089 1.2653 0)
(-0.439831 1.54731 0)
(-0.175099 1.84824 0)
(0.168646 2.14823 0)
(0.538711 2.43055 0)
(0.861133 2.69238 0)
(1.14477 2.9061 0)
(1.45496 3.00553 0)
(1.78903 3.00155 0)
(2.17102 2.96465 0)
(2.62236 2.97129 0)
(2.94242 2.88605 0)
(2.82976 2.44096 0)
(2.19332 1.5251 0)
(1.43492 0.510056 0)
(1.20392 0.0358216 0)
(0.848459 -0.241834 0)
(0.215777 -1.00885 0)
(-0.1286 0.585477 0)
(0.218328 0.675194 0)
(0.459089 0.719438 0)
(0.539327 0.665346 0)
(0.472693 0.488178 0)
(0.368219 0.277448 0)
(0.349359 0.094452 0)
(0.401744 -0.0470674 0)
(0.45003 -0.105001 0)
(0.449322 -0.0578204 0)
(0.380516 0.076583 0)
(0.258228 0.239225 0)
(0.118546 0.369877 0)
(-0.00824462 0.452792 0)
(-0.112447 0.493999 0)
(-0.17069 0.474953 0)
(-0.215078 0.423057 0)
(-0.284042 0.383674 0)
(-0.388566 0.378328 0)
(-0.51031 0.396262 0)
(-0.642779 0.4553 0)
(-0.783042 0.559934 0)
(-0.89945 0.738111 0)
(-0.949799 0.964508 0)
(-0.93507 1.23584 0)
(-0.810231 1.53231 0)
(-0.590458 1.87205 0)
(-0.304369 2.25113 0)
(0.0688787 2.63164 0)
(0.503216 2.9884 0)
(0.956639 3.26908 0)
(1.38813 3.42994 0)
(1.79748 3.4675 0)
(2.20134 3.43282 0)
(2.62023 3.39582 0)
(3.03606 3.3778 0)
(3.31814 3.24503 0)
(3.16358 2.68041 0)
(2.50619 1.6685 0)
(1.58455 0.456799 0)
(1.19093 0.16341 0)
(0.727186 -0.641929 0)
(-0.235613 0.333222 0)
(0.183974 0.401165 0)
(0.442096 0.455241 0)
(0.609185 0.501394 0)
(0.631863 0.469747 0)
(0.550679 0.371385 0)
(0.487524 0.26589 0)
(0.456418 0.200443 0)
(0.411849 0.206146 0)
(0.347772 0.258884 0)
(0.278025 0.310343 0)
(0.188863 0.341827 0)
(0.0672142 0.37953 0)
(-0.0515506 0.427926 0)
(-0.103129 0.430303 0)
(-0.121716 0.3801 0)
(-0.164032 0.318306 0)
(-0.263511 0.28544 0)
(-0.389637 0.268149 0)
(-0.540754 0.266355 0)
(-0.720727 0.300431 0)
(-0.919626 0.391136 0)
(-1.10736 0.522668 0)
(-1.21769 0.678227 0)
(-1.23896 0.85517 0)
(-1.164 1.08576 0)
(-0.980779 1.41961 0)
(-0.669816 1.8336 0)
(-0.259412 2.30946 0)
(0.163657 2.76578 0)
(0.648414 3.15294 0)
(1.19944 3.4336 0)
(1.72453 3.58278 0)
(2.19167 3.62097 0)
(2.63279 3.60924 0)
(3.07178 3.58346 0)
(3.51035 3.5406 0)
(3.76922 3.27701 0)
(3.6315 2.69395 0)
(2.54655 1.28722 0)
(1.76931 0.614851 0)
(1.35836 -0.280525 0)
(-0.311401 0.0911135 0)
(0.201121 0.151443 0)
(0.369633 0.109807 0)
(0.509362 0.232884 0)
(0.616935 0.387026 0)
(0.607372 0.460206 0)
(0.56135 0.474782 0)
(0.507087 0.464432 0)
(0.452037 0.446375 0)
(0.399006 0.412772 0)
(0.327495 0.366663 0)
(0.196114 0.346309 0)
(0.026863 0.375984 0)
(-0.0594736 0.393385 0)
(-0.0603616 0.357475 0)
(-0.0542686 0.284469 0)
(-0.120845 0.227591 0)
(-0.230757 0.183121 0)
(-0.362564 0.133922 0)
(-0.536203 0.0914711 0)
(-0.756143 0.0744437 0)
(-0.995766 0.0970397 0)
(-1.20644 0.0735093 0)
(-1.29176 0.0111395 0)
(-1.31623 -0.0120198 0)
(-1.31702 0.0665726 0)
(-1.2554 0.304846 0)
(-1.07498 0.718342 0)
(-0.756494 1.2859 0)
(-0.266749 1.92538 0)
(0.358686 2.55224 0)
(1.02976 3.03238 0)
(1.65994 3.35167 0)
(2.18574 3.51383 0)
(2.6499 3.57868 0)
(3.11096 3.59111 0)
(3.6071 3.58113 0)
(4.06931 3.46395 0)
(4.36463 3.25399 0)
(3.82747 2.30591 0)
(2.54916 1.19013 0)
(1.84739 0.109993 0)
(-0.365701 -0.229974 0)
(0.178511 -0.073236 0)
(0.310375 -0.158563 0)
(0.343575 -0.0566926 0)
(0.444322 0.123574 0)
(0.460508 0.221224 0)
(0.499913 0.314248 0)
(0.515658 0.330008 0)
(0.47263 0.285421 0)
(0.426681 0.277189 0)
(0.349525 0.294615 0)
(0.175783 0.331913 0)
(0.00428929 0.365409 0)
(-0.0344816 0.350363 0)
(0.010177 0.285543 0)
(0.00785015 0.210948 0)
(-0.0669675 0.149996 0)
(-0.165633 0.0770854 0)
(-0.291869 -0.0149336 0)
(-0.4702 -0.115724 0)
(-0.707338 -0.207252 0)
(-0.934893 -0.344277 0)
(-1.01822 -0.626662 0)
(-1.07249 -0.923214 0)
(-1.19218 -1.13532 0)
(-1.40635 -1.11548 0)
(-1.5619 -0.896217 0)
(-1.57301 -0.501396 0)
(-1.40365 0.0169603 0)
(-1.00807 0.667762 0)
(-0.364741 1.42118 0)
(0.459231 2.15395 0)
(1.28638 2.70788 0)
(1.99421 3.06393 0)
(2.56326 3.27498 0)
(3.08039 3.38522 0)
(3.62145 3.44801 0)
(4.16949 3.42524 0)
(4.68601 3.39827 0)
(4.75377 3.03212 0)
(3.67082 2.07084 0)
(2.54488 0.706133 0)
(-0.502981 -0.563232 0)
(0.15113 -0.244857 0)
(0.309939 -0.131022 0)
(0.215277 -0.113228 0)
(0.306002 0.0201758 0)
(0.372828 0.0591124 0)
(0.451364 0.11723 0)
(0.498827 0.134994 0)
(0.449848 0.154668 0)
(0.329454 0.206161 0)
(0.252666 0.266734 0)
(0.115351 0.34072 0)
(-0.00111739 0.365758 0)
(0.0170284 0.319763 0)
(0.0858369 0.239774 0)
(0.0757893 0.164401 0)
(0.0123159 0.0858136 0)
(-0.062783 -0.0206679 0)
(-0.167674 -0.155079 0)
(-0.326316 -0.315665 0)
(-0.540325 -0.515597 0)
(-0.622019 -0.866094 0)
(-0.600182 -1.32927 0)
(-0.759174 -1.71091 0)
(-1.17159 -1.83798 0)
(-1.58591 -1.7789 0)
(-1.88163 -1.6014 0)
(-2.01895 -1.32103 0)
(-1.97094 -0.936946 0)
(-1.68905 -0.418542 0)
(-1.11866 0.266654 0)
(-0.256398 1.0995 0)
(0.714853 1.87896 0)
(1.60252 2.42862 0)
(2.33941 2.78433 0)
(2.9586 3.01042 0)
(3.55565 3.16237 0)
(4.14661 3.23852 0)
(4.72999 3.3152 0)
(5.14777 3.31639 0)
(4.77969 3.01063 0)
(3.40529 1.51706 0)
(-0.734303 -0.679394 0)
(-0.32571 -0.484662 0)
(0.225815 0.0430911 0)
(0.247887 0.175003 0)
(0.305323 0.302287 0)
(0.381119 0.355847 0)
(0.437875 0.370114 0)
(0.466537 0.352518 0)
(0.422982 0.372775 0)
(0.303743 0.411452 0)
(0.189824 0.42824 0)
(0.0888529 0.441054 0)
(0.0316326 0.415858 0)
(0.0961045 0.328482 0)
(0.170864 0.228255 0)
(0.160553 0.140889 0)
(0.11817 0.0405011 0)
(0.073948 -0.0904731 0)
(0.00755104 -0.254814 0)
(-0.0980442 -0.465843 0)
(-0.211556 -0.779532 0)
(-0.1609 -1.23846 0)
(-0.180016 -1.69732 0)
(-0.610755 -1.9399 0)
(-1.19728 -1.97271 0)
(-1.70841 -1.90205 0)
(-2.07834 -1.77085 0)
(-2.29487 -1.60037 0)
(-2.35693 -1.38523 0)
(-2.22886 -1.0844 0)
(-1.82817 -0.618923 0)
(-1.08197 0.0460719 0)
(0.00500184 0.941088 0)
(1.07843 1.69955 0)
(1.98265 2.19996 0)
(2.73145 2.52673 0)
(3.4076 2.76881 0)
(4.03373 2.9417 0)
(4.61134 3.10712 0)
(5.12549 3.24385 0)
(5.29874 3.44366 0)
(4.26951 2.32842 0)
(-0.733218 -0.420569 0)
(-0.77393 -0.443427 0)
(-0.304125 0.0851257 0)
(-0.0727284 0.395558 0)
(0.127001 0.650938 0)
(0.314256 0.82119 0)
(0.469384 0.896874 0)
(0.525723 0.890049 0)
(0.466253 0.850892 0)
(0.339099 0.792919 0)
(0.217355 0.71124 0)
(0.128739 0.613047 0)
(0.117443 0.499956 0)
(0.21171 0.361756 0)
(0.276326 0.237929 0)
(0.263019 0.135061 0)
(0.242793 0.0198375 0)
(0.230102 -0.119714 0)
(0.217005 -0.29266 0)
(0.194182 -0.528219 0)
(0.178273 -0.881375 0)
(0.240328 -1.29132 0)
(0.0844543 -1.5943 0)
(-0.527339 -1.71825 0)
(-1.22066 -1.71628 0)
(-1.78353 -1.67391 0)
(-2.17715 -1.59731 0)
(-2.41283 -1.50556 0)
(-2.51784 -1.40519 0)
(-2.5011 -1.29318 0)
(-2.29566 -1.0879 0)
(-1.77589 -0.686113 0)
(-0.857499 -0.0362085 0)
(0.39135 0.861536 0)
(1.49082 1.53459 0)
(2.38829 1.98468 0)
(3.15037 2.31567 0)
(3.82 2.57298 0)
(4.40421 2.82206 0)
(4.90602 2.99661 0)
(5.34459 3.39341 0)
(4.88345 2.86445 0)
(-0.642024 -0.0340923 0)
(-0.967115 -0.203151 0)
(-0.675514 0.180309 0)
(-0.395966 0.461112 0)
(-0.13399 0.721326 0)
(0.123777 0.955336 0)
(0.357245 1.12172 0)
(0.514647 1.19726 0)
(0.536954 1.17766 0)
(0.467693 1.08829 0)
(0.378583 0.949027 0)
(0.286369 0.776661 0)
(0.281334 0.581186 0)
(0.366246 0.388792 0)
(0.398571 0.247677 0)
(0.375706 0.138524 0)
(0.371099 0.0224069 0)
(0.385601 -0.107703 0)
(0.427436 -0.265158 0)
(0.477544 -0.471421 0)
(0.494266 -0.764852 0)
(0.502611 -1.05466 0)
(0.245121 -1.20119 0)
(-0.455623 -1.2732 0)
(-1.20262 -1.30962 0)
(-1.7996 -1.35657 0)
(-2.22781 -1.36085 0)
(-2.47591 -1.31564 0)
(-2.56424 -1.26389 0)
(-2.55819 -1.25017 0)
(-2.47432 -1.23581 0)
(-2.18832 -1.10129 0)
(-1.52058 -0.72601 0)
(-0.429497 -0.0548159 0)
(0.864014 0.778006 0)
(1.93094 1.37234 0)
(2.80197 1.81269 0)
(3.53046 2.15276 0)
(4.14408 2.47523 0)
(4.63725 2.67955 0)
(5.16629 3.08348 0)
(5.12117 2.98545 0)
(-0.735263 0.28196 0)
(-1.0526 0.0458353 0)
(-0.909077 0.244614 0)
(-0.656604 0.465712 0)
(-0.385007 0.662143 0)
(-0.071765 0.868903 0)
(0.237949 1.04546 0)
(0.462392 1.13431 0)
(0.564874 1.1343 0)
(0.568532 1.05733 0)
(0.51637 0.926449 0)
(0.455796 0.757953 0)
(0.475414 0.552923 0)
(0.531901 0.361383 0)
(0.515414 0.237721 0)
(0.48147 0.140345 0)
(0.485058 0.039024 0)
(0.517162 -0.0670632 0)
(0.596134 -0.188984 0)
(0.685288 -0.332245 0)
(0.690571 -0.530274 0)
(0.634229 -0.694428 0)
(0.343079 -0.706543 0)
(-0.344773 -0.760162 0)
(-1.09275 -0.875532 0)
(-1.7242 -1.02537 0)
(-2.21791 -1.11345 0)
(-2.50954 -1.13096 0)
(-2.5813 -1.12454 0)
(-2.52826 -1.15196 0)
(-2.45769 -1.23173 0)
(-2.32327 -1.28422 0)
(-1.90973 -1.17072 0)
(-1.05923 -0.774128 0)
(0.142764 -0.0587057 0)
(1.36453 0.682123 0)
(2.35982 1.24009 0)
(3.17348 1.67184 0)
(3.84791 2.0646 0)
(4.36964 2.31855 0)
(4.90943 2.67283 0)
(5.14112 2.83256 0)
(-0.96184 0.493952 0)
(-1.09659 0.318721 0)
(-0.978907 0.322889 0)
(-0.779421 0.409253 0)
(-0.536092 0.498407 0)
(-0.252381 0.609083 0)
(0.107811 0.769518 0)
(0.423203 0.878437 0)
(0.592016 0.887508 0)
(0.645894 0.837025 0)
(0.627842 0.758204 0)
(0.614781 0.625853 0)
(0.659427 0.446449 0)
(0.665384 0.300308 0)
(0.607319 0.21474 0)
(0.568095 0.139039 0)
(0.573587 0.0610327 0)
(0.613149 -0.0132311 0)
(0.707231 -0.087614 0)
(0.811784 -0.159367 0)
(0.783677 -0.270729 0)
(0.649451 -0.341117 0)
(0.369236 -0.278973 0)
(-0.207979 -0.277652 0)
(-0.903141 -0.445192 0)
(-1.56809 -0.651996 0)
(-2.13702 -0.786578 0)
(-2.47602 -0.881234 0)
(-2.55168 -0.95706 0)
(-2.45972 -1.03924 0)
(-2.3478 -1.17048 0)
(-2.26617 -1.33 0)
(-2.04561 -1.4147 0)
(-1.46399 -1.27362 0)
(-0.467488 -0.799171 0)
(0.743392 -0.0819894 0)
(1.83657 0.570835 0)
(2.74387 1.09912 0)
(3.50533 1.56639 0)
(4.08838 1.88925 0)
(4.62501 2.20491 0)
(5.04207 2.50713 0)
(-0.870246 0.778616 0)
(-0.981206 0.542218 0)
(-0.926625 0.358687 0)
(-0.781461 0.320934 0)
(-0.571332 0.325326 0)
(-0.324411 0.344382 0)
(0.0208031 0.427508 0)
(0.373841 0.529385 0)
(0.589334 0.562122 0)
(0.684857 0.555334 0)
(0.707983 0.504727 0)
(0.75971 0.40491 0)
(0.796975 0.294084 0)
(0.747818 0.227365 0)
(0.673215 0.181619 0)
(0.634134 0.132521 0)
(0.635318 0.0855124 0)
(0.669149 0.0482561 0)
(0.754586 0.0257598 0)
(0.864533 0.0305463 0)
(0.830529 0.0163334 0)
(0.615317 -0.0321963 0)
(0.325349 0.0265856 0)
(-0.111045 0.0938431 0)
(-0.708077 -0.0361689 0)
(-1.37424 -0.22817 0)
(-2.00015 -0.363129 0)
(-2.35212 -0.531712 0)
(-2.42627 -0.696698 0)
(-2.31528 -0.870998 0)
(-2.162 -1.06315 0)
(-2.07879 -1.28588 0)
(-1.98109 -1.50361 0)
(-1.65645 -1.59334 0)
(-0.946479 -1.40499 0)
(0.0934886 -0.894565 0)
(1.21073 -0.244632 0)
(2.19513 0.34959 0)
(3.05296 0.887756 0)
(3.73083 1.30813 0)
(4.28578 1.62909 0)
(4.86507 2.02124 0)
(-0.849538 0.467929 0)
(-0.878209 0.482163 0)
(-0.812576 0.345566 0)
(-0.708654 0.232413 0)
(-0.533971 0.156823 0)
(-0.321026 0.0963027 0)
(-0.0505433 0.0920125 0)
(0.304504 0.1632 0)
(0.566055 0.215855 0)
(0.695033 0.220972 0)
(0.775539 0.203968 0)
(0.850241 0.18028 0)
(0.844429 0.163548 0)
(0.778788 0.160166 0)
(0.711702 0.141667 0)
(0.674552 0.118002 0)
(0.66734 0.098893 0)
(0.682526 0.0949064 0)
(0.736996 0.117451 0)
(0.82851 0.181238 0)
(0.83507 0.272198 0)
(0.610832 0.263597 0)
(0.24872 0.25188 0)
(-0.14448 0.261669 0)
(-0.629078 0.256466 0)
(-1.21333 0.173572 0)
(-1.81874 0.0938587 0)
(-2.12789 -0.13576 0)
(-2.18511 -0.386977 0)
(-2.0662 -0.657158 0)
(-1.89516 -0.920776 0)
(-1.78753 -1.18679 0)
(-1.72712 -1.48071 0)
(-1.58475 -1.7429 0)
(-1.17866 -1.83441 0)
(-0.423493 -1.61834 0)
(0.566527 -1.11165 0)
(1.56471 -0.525342 0)
(2.4806 0.0563811 0)
(3.25529 0.588808 0)
(3.85927 0.927562 0)
(4.62908 1.3729 0)
(-0.757127 0.481608 0)
(-0.775291 0.562809 0)
(-0.651876 0.479374 0)
(-0.54338 0.243945 0)
(-0.397144 0.0690924 0)
(-0.214117 -0.0809608 0)
(0.0142457 -0.17948 0)
(0.294661 -0.171119 0)
(0.540802 -0.0961726 0)
(0.691147 -0.0389971 0)
(0.773974 0.0070826 0)
(0.831901 0.0621495 0)
(0.823141 0.0975012 0)
(0.779292 0.111209 0)
(0.726579 0.104373 0)
(0.689993 0.0959446 0)
(0.67093 0.0936984 0)
(0.661426 0.109317 0)
(0.670464 0.155969 0)
(0.709219 0.253799 0)
(0.73134 0.406617 0)
(0.600921 0.545988 0)
(0.304297 0.580937 0)
(-0.110144 0.565391 0)
(-0.594572 0.589394 0)
(-1.09121 0.562169 0)
(-1.58018 0.467181 0)
(-1.81737 0.179702 0)
(-1.85005 -0.143179 0)
(-1.7369 -0.471069 0)
(-1.57972 -0.781533 0)
(-1.46246 -1.06551 0)
(-1.38235 -1.36921 0)
(-1.29702 -1.69979 0)
(-1.10685 -1.98394 0)
(-0.671698 -2.07219 0)
(0.0573611 -1.85077 0)
(0.963868 -1.37071 0)
(1.88602 -0.794865 0)
(2.74928 -0.217949 0)
(3.48449 0.152832 0)
(4.40147 0.621432 0)
(-0.948205 0.340983 0)
(-0.787325 0.531746 0)
(-0.461697 0.598796 0)
(-0.298009 0.32002 0)
(-0.20263 0.0849415 0)
(-0.0653857 -0.0744184 0)
(0.0661651 -0.17829 0)
(0.237102 -0.189635 0)
(0.442075 -0.140419 0)
(0.603249 -0.0636161 0)
(0.693054 0.00609377 0)
(0.763721 0.0602134 0)
(0.795923 0.0822018 0)
(0.777042 0.0802846 0)
(0.732975 0.0710795 0)
(0.693815 0.0640315 0)
(0.660047 0.0657425 0)
(0.623613 0.086424 0)
(0.585897 0.136394 0)
(0.555306 0.236204 0)
(0.522522 0.399402 0)
(0.430758 0.602136 0)
(0.218814 0.775085 0)
(-0.113362 0.900492 0)
(-0.521382 0.924814 0)
(-0.962648 0.855955 0)
(-1.30578 0.643417 0)
(-1.46428 0.313799 0)
(-1.47833 -0.0315561 0)
(-1.38238 -0.364705 0)
(-1.25233 -0.673985 0)
(-1.14299 -0.953432 0)
(-1.0423 -1.23927 0)
(-0.937425 -1.55093 0)
(-0.806528 -1.88125 0)
(-0.586297 -2.15643 0)
(-0.184692 -2.23601 0)
(0.455294 -2.01754 0)
(1.28298 -1.55805 0)
(2.21073 -0.99919 0)
(3.15855 -0.462139 0)
(4.13137 0.289924 0)
(-1.36798 0.0746815 0)
(-1.13164 0.322449 0)
(-0.393046 0.533884 0)
(-0.0529402 0.33052 0)
(-0.0317198 0.146625 0)
(0.0283695 0.0811596 0)
(0.126879 0.056481 0)
(0.211703 0.0404082 0)
(0.351064 0.0495521 0)
(0.504809 0.0854698 0)
(0.630019 0.11243 0)
(0.73991 0.107635 0)
(0.801829 0.0839444 0)
(0.790392 0.0570265 0)
(0.745352 0.0362553 0)
(0.700004 0.0199384 0)
(0.650509 0.01377 0)
(0.588215 0.026056 0)
(0.511128 0.0642242 0)
(0.421654 0.140683 0)
(0.313553 0.267134 0)
(0.173346 0.433849 0)
(-0.0265334 0.602971 0)
(-0.284762 0.725632 0)
(-0.57435 0.769005 0)
(-0.847626 0.702859 0)
(-1.05005 0.519874 0)
(-1.14567 0.249372 0)
(-1.14132 -0.0353379 0)
(-1.05638 -0.319592 0)
(-0.947578 -0.590381 0)
(-0.843673 -0.847432 0)
(-0.731976 -1.11425 0)
(-0.609498 -1.39588 0)
(-0.475934 -1.68746 0)
(-0.317673 -1.96627 0)
(-0.10478 -2.1632 0)
(0.21051 -2.16543 0)
(0.69126 -1.89987 0)
(1.36619 -1.43329 0)
(2.23298 -0.781066 0)
(3.30515 0.863985 0)
(-1.16265 -0.0693723 0)
(-1.53848 -0.0204803 0)
(-0.440411 0.20834 0)
(0.0721018 0.16569 0)
(0.0271388 0.111086 0)
(0.0602018 0.176185 0)
(0.127648 0.226883 0)
(0.219719 0.248939 0)
(0.348396 0.252054 0)
(0.500614 0.240349 0)
(0.65177 0.201565 0)
(0.784394 0.134623 0)
(0.846605 0.0725048 0)
(0.823865 0.0278369 0)
(0.771789 -0.00595946 0)
(0.71897 -0.0365651 0)
(0.65497 -0.0592313 0)
(0.569891 -0.0663206 0)
(0.460473 -0.0490185 0)
(0.328628 0.00075149 0)
(0.17711 0.0902978 0)
(0.00464264 0.212837 0)
(-0.178774 0.339348 0)
(-0.370458 0.440342 0)
(-0.561726 0.481433 0)
(-0.728818 0.441807 0)
(-0.845923 0.322986 0)
(-0.901085 0.14549 0)
(-0.875045 -0.0596924 0)
(-0.787619 -0.278378 0)
(-0.681129 -0.502831 0)
(-0.567871 -0.736188 0)
(-0.44302 -0.990242 0)
(-0.314073 -1.26052 0)
(-0.1914 -1.52942 0)
(-0.0748916 -1.76937 0)
(0.0456861 -1.93709 0)
(0.180419 -1.96753 0)
(0.339588 -1.79369 0)
(0.541101 -1.41586 0)
(0.880286 -0.808106 0)
(1.63822 1.04846 0)
(-1.00482 -0.0384395 0)
(-1.10363 -0.212654 0)
(-0.456984 -0.485208 0)
(0.000567413 -0.0855864 0)
(-0.0865779 0.015233 0)
(-0.0499554 0.179097 0)
(0.0521411 0.27232 0)
(0.189027 0.326906 0)
(0.359955 0.340859 0)
(0.555574 0.303698 0)
(0.738787 0.211892 0)
(0.874483 0.107236 0)
(0.912636 0.0346974 0)
(0.869776 -0.0128176 0)
(0.812644 -0.0551662 0)
(0.756697 -0.101217 0)
(0.684079 -0.146513 0)
(0.581481 -0.182746 0)
(0.442423 -0.196144 0)
(0.268046 -0.172092 0)
(0.0728256 -0.104671 0)
(-0.117307 0.00454653 0)
(-0.287565 0.139362 0)
(-0.431449 0.25484 0)
(-0.552567 0.31776 0)
(-0.646872 0.31299 0)
(-0.707212 0.241736 0)
(-0.717987 0.115755 0)
(-0.66634 -0.039081 0)
(-0.569739 -0.207461 0)
(-0.447063 -0.396392 0)
(-0.308175 -0.614184 0)
(-0.160192 -0.868341 0)
(-0.0215887 -1.15341 0)
(0.0871908 -1.44674 0)
(0.150596 -1.70681 0)
(0.166459 -1.87398 0)
(0.150501 -1.88627 0)
(0.12748 -1.71032 0)
(0.112396 -1.35337 0)
(0.160557 -0.794643 0)
(0.385403 0.30344 0)
(-0.846528 0.0472208 0)
(-0.909171 -0.085452 0)
(-0.672743 -0.301249 0)
(-0.235324 -0.051525 0)
(-0.285244 -0.0186647 0)
(-0.190164 0.111346 0)
(-0.0508478 0.163386 0)
(0.140042 0.232845 0)
(0.369052 0.224207 0)
(0.63808 0.198728 0)
(0.854785 0.111104 0)
(0.969637 0.0227093 0)
(0.97205 -0.024565 0)
(0.916704 -0.0581809 0)
(0.865081 -0.102201 0)
(0.81557 -0.163463 0)
(0.745045 -0.238962 0)
(0.635171 -0.320815 0)
(0.469242 -0.390166 0)
(0.244903 -0.417972 0)
(-0.00878594 -0.37622 0)
(-0.247211 -0.247954 0)
(-0.432618 -0.0561987 0)
(-0.543482 0.121109 0)
(-0.597467 0.232089 0)
(-0.616792 0.268782 0)
(-0.612365 0.235295 0)
(-0.579686 0.146383 0)
(-0.502871 0.0279315 0)
(-0.385359 -0.104825 0)
(-0.231309 -0.267866 0)
(-0.0499998 -0.480499 0)
(0.1463 -0.752462 0)
(0.318611 -1.06812 0)
(0.421557 -1.39447 0)
(0.417203 -1.6753 0)
(0.290633 -1.83669 0)
(0.0620996 -1.80882 0)
(-0.218189 -1.57296 0)
(-0.457729 -1.16021 0)
(-0.553495 -0.578901 0)
(-0.351771 0.530926 0)
(-0.70833 0.108597 0)
(-0.747687 0.0209151 0)
(-0.797057 -0.158329 0)
(-0.323912 0.136421 0)
(-0.276907 -0.115925 0)
(-0.216675 -0.0653286 0)
(-0.0869071 -0.0925279 0)
(0.138492 -0.0610674 0)
(0.413565 -0.0499658 0)
(0.709729 -0.0404761 0)
(0.934445 -0.0574889 0)
(1.01895 -0.0813818 0)
(0.999697 -0.0806263 0)
(0.952857 -0.0909485 0)
(0.924507 -0.134344 0)
(0.903047 -0.216392 0)
(0.861307 -0.344532 0)
(0.764066 -0.518047 0)
(0.575792 -0.695914 0)
(0.286574 -0.796605 0)
(-0.0810777 -0.751394 0)
(-0.462572 -0.54905 0)
(-0.696349 -0.260042 0)
(-0.748982 0.0240788 0)
(-0.710158 0.20667 0)
(-0.637799 0.28611 0)
(-0.560429 0.285163 0)
(-0.480486 0.226839 0)
(-0.378496 0.134672 0)
(-0.233558 0.0292733 0)
(-0.0321516 -0.105901 0)
(0.210631 -0.297349 0)
(0.455453 -0.534587 0)
(0.637009 -0.7928 0)
(0.691766 -1.03242 0)
(0.570902 -1.1956 0)
(0.265593 -1.22016 0)
(-0.176982 -1.07899 0)
(-0.687089 -0.78227 0)
(-1.1626 -0.392383 0)
(-1.54917 0.0630879 0)
(-1.37994 0.916167 0)
(-0.605524 0.0853739 0)
(-0.621951 0.0568302 0)
(-0.747454 -0.139484 0)
(-0.267709 -0.190554 0)
(-0.180304 -0.230013 0)
(-0.181007 -0.254676 0)
(-0.0712136 -0.298196 0)
(0.142017 -0.294777 0)
(0.420095 -0.277822 0)
(0.703469 -0.236713 0)
(0.919894 -0.185938 0)
(0.995904 -0.143298 0)
(0.987133 -0.0998155 0)
(0.977861 -0.0944038 0)
(1.00129 -0.147672 0)
(1.04262 -0.276616 0)
(1.06693 -0.49671 0)
(1.01456 -0.767195 0)
(0.79961 -0.979586 0)
(0.341329 -1.03522 0)
(-0.293467 -0.904282 0)
(-0.847745 -0.636118 0)
(-1.11923 -0.297632 0)
(-1.06591 0.0533197 0)
(-0.87853 0.289501 0)
(-0.689742 0.377809 0)
(-0.536268 0.375793 0)
(-0.408916 0.328666 0)
(-0.281006 0.256635 0)
(-0.110255 0.174989 0)
(0.122082 0.0866876 0)
(0.392871 -0.0115101 0)
(0.643556 -0.116235 0)
(0.79908 -0.201429 0)
(0.798801 -0.234804 0)
(0.595359 -0.184626 0)
(0.183334 -0.00119616 0)
(-0.361061 0.237788 0)
(-0.961273 0.57769 0)
(-1.46465 0.868637 0)
(-1.85329 1.16178 0)
(-1.74303 1.25759 0)
(-0.546178 0.0201197 0)
(-0.533859 0.0572317 0)
(-0.547418 -0.118353 0)
(-0.245617 -0.40308 0)
(-0.131003 -0.242055 0)
(-0.131238 -0.346618 0)
(-0.0447395 -0.386097 0)
(0.127071 -0.385193 0)
(0.36647 -0.349953 0)
(0.623217 -0.292263 0)
(0.829092 -0.211701 0)
(0.920693 -0.132992 0)
(0.952669 -0.0740012 0)
(1.00932 -0.0704676 0)
(1.11694 -0.141369 0)
(1.25155 -0.300641 0)
(1.33729 -0.525228 0)
(1.23469 -0.734708 0)
(0.792693 -0.855692 0)
(0.103958 -0.757894 0)
(-0.631091 -0.530507 0)
(-1.26646 -0.213952 0)
(-1.54344 0.0899215 0)
(-1.40693 0.353056 0)
(-1.03738 0.547533 0)
(-0.69648 0.580123 0)
(-0.483071 0.50715 0)
(-0.339112 0.428111 0)
(-0.206354 0.364929 0)
(-0.043227 0.319417 0)
(0.17516 0.306004 0)
(0.428704 0.335763 0)
(0.6447 0.403549 0)
(0.746727 0.537161 0)
(0.682563 0.703767 0)
(0.4041 0.956778 0)
(-0.0451476 1.27983 0)
(-0.613356 1.6138 0)
(-1.19716 1.90081 0)
(-1.63837 2.01042 0)
(-1.84224 2.04143 0)
(-1.61985 1.63206 0)
(-0.55023 0.0139022 0)
(-0.484419 0.130205 0)
(-0.250337 -0.00541843 0)
(-0.27016 -0.424298 0)
(-0.130563 -0.161588 0)
(-0.0812036 -0.310477 0)
(-0.0270751 -0.324866 0)
(0.0906125 -0.342693 0)
(0.297578 -0.315634 0)
(0.528532 -0.249498 0)
(0.721175 -0.159288 0)
(0.836538 -0.0716103 0)
(0.92257 -0.0161389 0)
(1.05349 -0.0124536 0)
(1.23887 -0.0650669 0)
(1.42361 -0.162608 0)
(1.49099 -0.247485 0)
(1.28136 -0.304392 0)
(0.744064 -0.174309 0)
(0.0563024 0.00983138 0)
(-0.828799 0.29958 0)
(-1.55371 0.647884 0)
(-1.81567 0.864273 0)
(-1.6138 0.93514 0)
(-1.10328 0.945343 0)
(-0.601848 0.85806 0)
(-0.339739 0.673373 0)
(-0.237018 0.51808 0)
(-0.150651 0.445204 0)
(-0.0364313 0.438484 0)
(0.118041 0.504477 0)
(0.295883 0.657445 0)
(0.434227 0.890866 0)
(0.474236 1.21017 0)
(0.366011 1.57244 0)
(0.0703344 1.97467 0)
(-0.390223 2.37498 0)
(-0.901261 2.65856 0)
(-1.31248 2.73841 0)
(-1.53802 2.55058 0)
(-1.52644 2.2586 0)
(-1.25025 1.50999 0)
(-0.681426 0.12884 0)
(-0.562322 0.401486 0)
(0.154315 0.34786 0)
(-0.222352 0.184095 0)
(-0.101085 0.00376561 0)
(-0.0132868 -0.149869 0)
(0.029218 -0.194275 0)
(0.104063 -0.259076 0)
(0.249381 -0.255794 0)
(0.437419 -0.192947 0)
(0.620076 -0.0953248 0)
(0.763643 0.00147127 0)
(0.8972 0.0681833 0)
(1.07215 0.103724 0)
(1.28235 0.124282 0)
(1.44703 0.170717 0)
(1.44283 0.281454 0)
(1.12579 0.404655 0)
(0.561619 0.710768 0)
(-0.223353 1.03444 0)
(-1.12664 1.41389 0)
(-1.78891 1.66945 0)
(-1.91969 1.70213 0)
(-1.57691 1.53991 0)
(-0.964738 1.29859 0)
(-0.381552 1.04715 0)
(-0.105344 0.776689 0)
(-0.0914906 0.568768 0)
(-0.112014 0.492021 0)
(-0.0942309 0.520295 0)
(-0.0465758 0.650895 0)
(0.0152091 0.891046 0)
(0.0354315 1.23847 0)
(-0.0288227 1.67211 0)
(-0.202733 2.15232 0)
(-0.449547 2.57687 0)
(-0.742814 2.79205 0)
(-1.00999 2.76234 0)
(-1.12632 2.49468 0)
(-1.10948 2.03188 0)
(-0.957193 1.50282 0)
(-0.692482 0.639363 0)
(-1.09561 0.411079 0)
(-0.876291 1.02367 0)
(0.0619405 1.15118 0)
(0.234484 0.73498 0)
(0.167248 0.295844 0)
(0.14384 -0.00834702 0)
(0.139601 -0.0914149 0)
(0.161035 -0.189434 0)
(0.23163 -0.196873 0)
(0.350936 -0.139156 0)
(0.504704 -0.0379255 0)
(0.669139 0.0702027 0)
(0.836884 0.16764 0)
(1.01472 0.268511 0)
(1.18449 0.398266 0)
(1.2709 0.625652 0)
(1.19966 0.927292 0)
(0.86856 1.24974 0)
(0.272262 1.62695 0)
(-0.575364 2.09908 0)
(-1.40616 2.45585 0)
(-1.84278 2.46802 0)
(-1.7532 2.15502 0)
(-1.27621 1.70977 0)
(-0.610752 1.26461 0)
(-0.0371889 0.922121 0)
(0.17948 0.650116 0)
(0.0834469 0.490375 0)
(-0.0714132 0.474588 0)
(-0.188531 0.573645 0)
(-0.293983 0.795371 0)
(-0.411074 1.10953 0)
(-0.545094 1.4815 0)
(-0.629814 1.82127 0)
(-0.647959 2.01544 0)
(-0.577391 1.86163 0)
(-0.6095 1.73214 0)
(-0.669803 1.44183 0)
(-0.671579 1.09165 0)
(-0.52507 0.569065 0)
(-0.19051 -0.0967964 0)
(0.0769604 -0.885749 0)
(-1.79462 0.442354 0)
(-0.976679 1.11966 0)
(0.195092 0.697481 0)
(0.599395 0.209783 0)
(0.547698 0.0787141 0)
(0.348663 -0.0589084 0)
(0.243843 -0.101159 0)
(0.211395 -0.175864 0)
(0.206351 -0.181718 0)
(0.260427 -0.111809 0)
(0.381917 0.0236876 0)
(0.551124 0.162908 0)
(0.709592 0.283129 0)
(0.83555 0.432818 0)
(0.905896 0.659018 0)
(0.878332 1.02454 0)
(0.734462 1.49503 0)
(0.3805 2.006 0)
(-0.256468 2.54702 0)
(-0.994372 2.93414 0)
(-1.4585 2.87069 0)
(-1.50101 2.42174 0)
(-1.18915 1.72416 0)
(-0.665839 1.09085 0)
(-0.0887518 0.600785 0)
(0.301471 0.325599 0)
(0.315984 0.227003 0)
(0.0939955 0.26696 0)
(-0.182998 0.389386 0)
(-0.466646 0.57546 0)
(-0.684348 0.758345 0)
(-0.763195 0.881432 0)
(-0.6599 0.807913 0)
(-0.392251 0.426042 0)
(-0.311902 0.0624827 0)
(-0.355756 0.027126 0)
(-0.392767 -0.0908675 0)
(-0.378391 -0.326828 0)
(-0.0945328 -0.780285 0)
(0.349433 -1.24836 0)
(0.373824 -1.34972 0)
(0.118925 -1.34173 0)
(-2.19272 -0.281054 0)
(-1.08492 -0.062886 0)
(0.856173 -0.175411 0)
(0.767468 -0.360845 0)
(0.483532 -0.378966 0)
(0.357885 -0.281575 0)
(0.250082 -0.199553 0)
(0.187334 -0.207078 0)
(0.11248 -0.217253 0)
(0.110725 -0.132271 0)
(0.248873 0.0734833 0)
(0.473238 0.274314 0)
(0.599067 0.390324 0)
(0.590456 0.525882 0)
(0.473109 0.792149 0)
(0.256494 1.24547 0)
(-0.0316024 1.82905 0)
(-0.348193 2.31911 0)
(-0.687758 2.56215 0)
(-0.960125 2.49659 0)
(-0.887437 1.83325 0)
(-0.69743 1.18354 0)
(-0.33877 0.362668 0)
(0.170366 -0.252519 0)
(0.422597 -0.380793 0)
(0.453955 -0.347824 0)
(0.262726 -0.174978 0)
(-0.0586735 0.0217911 0)
(-0.390822 0.154463 0)
(-0.649948 0.165135 0)
(-0.438157 -0.105208 0)
(-0.126537 -0.59683 0)
(-0.218611 -1.0012 0)
(-0.267235 -1.04875 0)
(-0.22814 -1.13757 0)
(-0.133749 -1.48478 0)
(-0.0396068 -1.64375 0)
(0.14848 -1.74878 0)
(0.250081 -1.75677 0)
(0.20428 -1.66883 0)
(0.130941 -1.53723 0)
(0.0435737 -1.45479 0)
(-1.49223 -1.63637 0)
(-1.00554 -1.74794 0)
(-0.000841655 -1.13494 0)
(0.679474 -0.381152 0)
(0.566986 -0.430234 0)
(0.383669 -0.223964 0)
(0.350178 -0.250054 0)
(0.328407 -0.211261 0)
(0.13095 -0.154036 0)
(-0.172058 0.0352802 0)
(-0.250191 0.211293 0)
(0.306121 0.407308 0)
(0.609549 0.494973 0)
(0.519177 0.575337 0)
(0.095451 0.797499 0)
(-0.455623 1.12103 0)
(-0.4608 0.998963 0)
(-0.431092 0.943473 0)
(-0.530185 0.869183 0)
(-0.383527 0.5753 0)
(-0.0933458 -0.0824456 0)
(0.31831 -0.674565 0)
(0.366046 -1.03351 0)
(0.197796 -1.12201 0)
(0.0394578 -0.966581 0)
(-0.0715115 -0.731467 0)
(-0.175105 -0.554115 0)
(-0.108569 -0.512358 0)
(-0.0482623 -0.713318 0)
(0.0659723 -1.22015 0)
(-0.0454913 -1.43675 0)
(-0.148214 -1.39453 0)
(-0.166452 -1.38519 0)
(-0.042901 -1.58341 0)
(0.226163 -1.9592 0)
(0.0657858 -1.82071 0)
(-0.146629 -1.76158 0)
(-0.118599 -1.72948 0)
(-0.0122641 -1.65901 0)
(0.0525062 -1.57694 0)
(0.0483048 -1.52061 0)
(0.0177545 -1.49765 0)
(-0.740265 -1.73401 0)
(-0.596658 -2.37961 0)
(-0.27982 -2.51027 0)
(-0.082421 -2.30503 0)
(-0.0165489 -1.95545 0)
(0.0327708 -1.68057 0)
(0.0707927 -1.41913 0)
(0.0388331 -1.33346 0)
(-0.0171594 -1.2078 0)
(-0.0764998 -1.26416 0)
(-0.102364 -1.83485 0)
(-0.00390073 -1.72937 0)
(0.178738 -1.22093 0)
(0.0883528 -0.979092 0)
(0.0464633 -0.710772 0)
(0.0322744 -1.29911 0)
(0.0193425 -1.48058 0)
(-0.0335086 -1.60507 0)
(-0.077389 -1.77604 0)
(0.0238608 -2.09183 0)
(0.233759 -2.00839 0)
(0.0771792 -1.84269 0)
(0.278762 -1.53439 0)
(0.0799686 -1.44671 0)
(-0.00791723 -1.41041 0)
(-0.0440931 -1.43961 0)
(-0.0442778 -1.50178 0)
(-0.0249211 -1.65363 0)
(-0.0253263 -1.62572 0)
(-0.0630249 -1.53428 0)
(-0.117828 -1.53266 0)
(-0.133067 -1.5761 0)
(0.00966031 -1.6579 0)
(0.240914 -1.83167 0)
(-0.0245456 -1.72809 0)
(-0.20212 -1.61193 0)
(-0.161269 -1.60064 0)
(-0.0561563 -1.6007 0)
(0.00479917 -1.58881 0)
(0.0225721 -1.5689 0)
(0.0194198 -1.53505 0)
(0.00678269 -1.51662 0)
(-0.191126 -0.770322 0)
(-0.0959752 -1.3669 0)
(-0.0248849 -1.64881 0)
(-0.00630951 -1.73055 0)
(-0.000574514 -1.78076 0)
(0.000606957 -1.78406 0)
(0.00249634 -1.76799 0)
(0.00942927 -1.73776 0)
(0.019817 -1.6983 0)
(0.0291692 -1.65986 0)
(0.0331401 -1.65056 0)
(0.0330891 -1.72698 0)
(0.037978 -1.70934 0)
(0.0424187 -1.55079 0)
(0.0441698 -1.45607 0)
(0.0397471 -1.39779 0)
(0.0277792 -1.36927 0)
(0.00459489 -1.36896 0)
(-0.0313053 -1.37849 0)
(-0.0557753 -1.4283 0)
(-0.0318394 -1.51946 0)
(-0.0253839 -1.36952 0)
(-0.0157779 -1.25231 0)
(-0.0114748 -1.20619 0)
(-0.00294861 -1.21885 0)
(0.0104945 -1.23983 0)
(0.0263581 -1.25522 0)
(0.0390804 -1.26323 0)
(0.0435243 -1.24955 0)
(0.0325311 -1.24328 0)
(0.00723834 -1.27529 0)
(0.00757202 -1.31427 0)
(0.0927633 -1.3656 0)
(0.158275 -1.30175 0)
(-0.0234073 -1.12806 0)
(-0.13484 -1.23126 0)
(-0.0996488 -1.41925 0)
(-0.034362 -1.52707 0)
(-0.00606396 -1.54599 0)
(0.00233398 -1.53677 0)
(0.00261517 -1.52706 0)
(0.00118078 -1.52156 0)
)
;

boundaryField
{
    leftWall
    {
        type            noSlip;
    }
    rightWall
    {
        type            noSlip;
    }
    lowerWall
    {
        type            noSlip;
    }
    atmosphere
    {
        type            pressureInletOutletVelocity;
        value           nonuniform List<vector> 
44
(
(0 -1.17643 0)
(0 -1.22996 0)
(0 -1.24231 0)
(0 -1.2688 0)
(0 -1.30035 0)
(0 -1.33743 0)
(0 -1.38121 0)
(0 -1.43134 0)
(0 -1.48501 0)
(0 -1.53582 0)
(0 -1.57168 0)
(0 -1.58898 0)
(0 -1.54217 0)
(0 -1.38191 0)
(0 -1.00885 0)
(0 -0.641929 0)
(0 -0.280525 0)
(1.84739 0.109993 0)
(2.54488 0.706133 0)
(3.40529 1.51706 0)
(4.26951 2.32842 0)
(4.88345 2.86445 0)
(5.12117 2.98545 0)
(5.14112 2.83256 0)
(5.04207 2.50713 0)
(4.86507 2.02124 0)
(4.62908 1.3729 0)
(4.40147 0.621432 0)
(4.13137 0.289924 0)
(3.30515 0.863985 0)
(1.63822 1.04846 0)
(0.385403 0.30344 0)
(-0.351771 0.530926 0)
(-1.37994 0.916167 0)
(-1.74303 1.25759 0)
(-1.61985 1.63206 0)
(-1.25025 1.50999 0)
(-0.692482 0.639363 0)
(0 -0.885749 0)
(0 -1.34173 0)
(0 -1.45479 0)
(0 -1.49765 0)
(0 -1.51662 0)
(0 -1.52156 0)
)
;
    }
    frontAndBack
    {
        type            empty;
    }
}


// ************************************************************************* //
