/*--------------------------------*- C++ -*----------------------------------*\
  =========                 |
  \\      /  F ield         | OpenFOAM: The Open Source CFD Toolbox
   \\    /   O peration     | Website:  https://openfoam.org
    \\  /    A nd           | Version:  13
     \\/     M anipulation  |
\*---------------------------------------------------------------------------*/
FoamFile
{
    format      ascii;
    class       volScalarField;
    location    "0.000999833";
    object      p;
}
// * * * * * * * * * * * * * * * * * * * * * * * * * * * * * * * * * * * * * //

dimensions      [1 -1 -2 0 0 0 0];

internalField   nonuniform List<scalar> 
8000
(
200000
200000
200000
200000
200000
200000
200000
200000
200000
199999
199997
199992
199980
199953
199896
199781
199561
199167
198528
197621
196438
194988
193310
191457
189483
187436
185354
183264
181187
179135
177116
175138
173202
171310
169465
167665
165912
164204
162542
160925
159352
157822
156336
154891
153488
152125
150801
149517
148271
147061
145889
144752
143650
142582
141547
140545
139575
138636
137727
136848
135999
135177
134384
133618
132878
132164
131474
130808
130166
129544
128944
128364
127802
127257
126728
126213
125713
125224
124744
124272
123808
123352
122900
122445
121989
121535
121083
120627
120154
119663
119169
118678
118179
117649
117074
116477
115888
115302
114684
114000
113248
112475
111716
110947
110121
109198
108186
107148
106117
105051
103884
102579
101160
99721.7
98308.6
96862.2
95290.2
93526.6
91544
89406.8
200000
200000
200000
200000
200000
200000
200000
200000
200000
199999
199997
199992
199980
199953
199897
199782
199562
199169
198530
197624
196441
194992
193316
191463
189489
187442
185360
183270
181193
179141
177123
175144
173208
171317
169471
167672
165918
164211
162549
160931
159358
157829
156342
154897
153494
152131
150808
149523
148277
147068
145895
144758
143656
142588
141553
140551
139581
138641
137733
136854
136004
135183
134389
133623
132883
132169
131479
130813
130170
129549
128949
128368
127807
127261
126732
126218
125717
125228
124748
124276
123812
123356
122903
122449
121992
121538
121086
120630
120158
119668
119172
118680
118181
117652
117081
116484
115894
115306
114686
114002
113251
112478
111722
110956
110128
109200
108183
107144
106118
105058
103898
102595
101166
99706.9
98280.6
96833.2
95269.1
93518.2
91550.6
89416.8
200000
200000
200000
200000
200000
200000
200000
200000
200000
199999
199997
199992
199980
199954
199897
199782
199563
199171
198534
197630
196449
195001
193325
191473
189500
187453
185371
183281
181204
179151
177133
175153
173217
171325
169479
167679
165925
164217
162554
160937
159363
157833
156346
154901
153497
152133
150810
149525
148278
147069
145896
144758
143656
142588
141553
140551
139580
138641
137732
136853
136003
135181
134388
133621
132881
132167
131477
130811
130168
129547
128946
128366
127804
127259
126729
126215
125714
125225
124745
124273
123809
123353
122900
122447
121990
121536
121084
120628
120156
119667
119172
118680
118179
117647
117077
116485
115896
115307
114685
113996
113244
112478
111726
110961
110132
109201
108177
107134
106112
105064
103918
102622
101177
99684.4
98235.3
96786.3
95234.5
93503.2
91557.8
89430.1
200000
200000
200000
200000
200000
200000
200000
200000
200000
199999
199997
199992
199980
199954
199898
199784
199565
199175
198540
197638
196459
195013
193339
191488
189516
187469
185387
183298
181220
179168
177149
175170
173234
171342
169496
167696
165942
164234
162571
160954
159380
157850
156363
154918
153514
152151
150827
149542
148295
147086
145913
144775
143672
142604
141569
140566
139595
138656
137746
136867
136017
135195
134402
133635
132895
132180
131490
130824
130181
129559
128959
128378
127816
127270
126741
126226
125726
125236
124756
124284
123821
123364
122911
122457
122001
121546
121092
120635
120165
119680
119186
118689
118185
117655
117089
116501
115914
115319
114691
114003
113253
112488
111742
110979
110146
109205
108171
107127
106115
105079
103944
102653
101193
99663.8
98187.3
96734.4
95194.3
93480.9
91554.1
89429.9
200000
200000
200000
200000
200000
200000
200000
200000
200000
199999
199997
199992
199980
199954
199898
199785
199568
199180
198547
197648
196472
195029
193357
191507
189535
187489
185407
183318
181240
179187
177167
175187
173250
171357
169510
167709
165954
164245
162581
160963
159388
157857
156369
154923
153519
152155
150830
149545
148297
147087
145913
144775
143672
142604
141568
140565
139594
138655
137745
136865
136015
135193
134399
133632
132891
132176
131486
130820
130177
129555
128954
128373
127811
127265
126736
126221
125720
125230
124750
124279
123815
123357
122904
122452
121998
121544
121091
120632
120160
119674
119183
118690
118185
117650
117082
116498
115913
115319
114690
113995
113247
112491
111746
110984
110151
109205
108162
107116
106110
105085
103961
102677
101209
99648.2
98145.3
96686.6
95154.5
93453.3
91535.9
89409.5
200000
200000
200000
200000
200000
200000
200000
200000
200000
199999
199997
199992
199980
199955
199899
199787
199572
199186
198556
197660
196487
195047
193377
191530
189559
187513
185432
183342
181265
179212
177193
175213
173275
171383
169536
167735
165980
164271
162607
160989
159414
157884
156396
154950
153545
152181
150856
149571
148323
147113
145939
144801
143697
142628
141592
140589
139617
138677
137767
136887
136036
135214
134420
133653
132912
132196
131506
130839
130196
129574
128973
128392
127829
127283
126753
126239
125737
125247
124767
124296
123832
123374
122920
122466
122013
121560
121104
120642
120172
119692
119204
118708
118197
117661
117097
116517
115935
115339
114702
114007
113261
112509
111771
111007
110166
109212
108162
107116
106116
105097
103977
102697
101224
99642.7
98118.9
96651.9
95120.3
93420.9
91500.5
89361.8
200000
200000
200000
200000
200000
200000
200000
200000
200000
199999
199997
199992
199981
199955
199900
199789
199575
199192
198566
197674
196505
195068
193401
191555
189585
187540
185459
183369
181291
179237
177217
175236
173297
171403
169554
167752
165996
164285
162621
161001
159425
157893
156404
154957
153551
152186
150860
149574
148325
147114
145940
144801
143697
142628
141591
140588
139616
138675
137765
136885
136033
135211
134416
133648
132907
132191
131501
130834
130190
129568
128967
128385
127822
127276
126746
126231
125729
125239
124759
124288
123825
123367
122912
122459
122007
121556
121102
120640
120166
119683
119198
118707
118197
117656
117088
116513
115934
115339
114700
113997
113253
112512
111775
111010
110168
109211
108158
107113
106116
105099
103980
102699
101226
99639.5
98104.3
96627.9
95089.7
93382.6
91448.5
89289
200000
200000
200000
200000
200000
200000
200000
200000
200000
199999
199997
199992
199981
199956
199901
199791
199579
199199
198577
197689
196524
195091
193427
191583
189615
187571
185490
183400
181322
179269
177249
175268
173329
171435
169587
167785
166029
164318
162654
161034
159458
157927
156437
154990
153585
152219
150894
149607
148359
147147
145972
144833
143728
142658
141621
140617
139644
138703
137793
136912
136060
135237
134442
133674
132933
132217
131526
130859
130214
129592
128990
128408
127845
127298
126768
126253
125752
125261
124780
124309
123846
123388
122931
122477
122026
121576
121121
120655
120181
119704
119223
118729
118214
117672
117109
116537
115962
115362
114715
114013
113271
112533
111803
111036
110186
109223
108171
107128
106130
105108
103982
102697
101226
99643
98104
96616.6
95064.6
93340.3
91383.2
89195.2
200000
200000
200000
200000
200000
200000
200000
200000
200000
199999
199997
199992
199981
199956
199903
199794
199584
199207
198589
197705
196545
195116
193455
191613
189646
187602
185522
183432
181353
179299
177277
175295
173355
171459
169609
167805
166047
164335
162669
161048
159471
157937
156447
154999
153592
152225
150898
149611
148361
147149
145973
144833
143728
142658
141620
140616
139643
138701
137790
136909
136057
135233
134438
133669
132927
132211
131519
130852
130207
129584
128983
128401
127837
127290
126760
126245
125742
125251
124770
124300
123838
123380
122923
122469
122018
121570
121117
120651
120175
119695
119215
118727
118212
117664
117098
116532
115960
115363
114714
114002
113263
112534
111806
111037
110185
109221
108175
107138
106138
105109
103974
102682
101212
99640.7
98105.5
96608.5
95038.7
93291.7
91306.2
89086.3
200000
200000
200000
200000
200000
200000
200000
200000
200000
199999
199997
199992
199981
199957
199904
199796
199589
199215
198602
197723
196567
195143
193485
191646
189680
187638
185558
183469
181390
179336
177315
175333
173393
171497
169648
167844
166086
164374
162708
161087
159510
157977
156486
155038
153631
152264
150937
149649
148400
147187
146011
144870
143765
142693
141655
140650
139676
138734
137823
136941
136088
135264
134469
133700
132957
132240
131549
130881
130235
129612
129010
128427
127863
127316
126786
126270
125768
125276
124795
124324
123862
123403
122946
122490
122040
121592
121137
120670
120195
119720
119243
118751
118231
117683
117122
116559
115992
115392
114735
114023
113285
112557
111831
111059
110201
109239
108201
107168
106160
105119
103971
102669
101201
99642.3
98112.6
96604.8
95013.7
93239.4
91221.9
88969.2
200000
200000
200000
200000
200000
200000
200000
200000
200000
199999
199997
199992
199982
199957
199905
199799
199593
199224
198615
197741
196590
195170
193516
191679
189715
187674
185593
183504
181424
179369
177347
175363
173421
171523
169671
167866
166106
164392
162724
161102
159523
157988
156496
155046
153638
152270
150942
149653
148402
147188
146011
144870
143764
142692
141654
140648
139674
138731
137819
136937
136084
135259
134463
133694
132951
132234
131541
130873
130228
129604
129001
128419
127854
127307
126776
126260
125758
125266
124784
124313
123852
123394
122936
122482
122032
121586
121132
120665
120187
119710
119235
118747
118228
117675
117111
116553
115989
115390
114734
114017
113281
112557
111832
111057
110196
109235
108208
107186
106177
105124
103961
102648
101181
99636.6
98113.4
96595.3
94982.3
93179.9
91130.6
88847.4
200000
200000
200000
200000
200000
200000
200000
200000
200000
199999
199997
199993
199982
199958
199907
199801
199598
199232
198629
197760
196615
195199
193549
191715
189753
187713
185634
183545
181466
179411
177389
175405
173464
171567
169715
167909
166150
164436
162769
161146
159567
158032
156540
155090
153682
152314
150986
149696
148445
147231
146053
144911
143804
142732
141692
140686
139711
138768
137855
136973
136119
135294
134497
133727
132984
132266
131573
130904
130258
129634
129031
128448
127883
127335
126804
126288
125785
125293
124812
124340
123878
123419
122961
122506
122056
121609
121154
120687
120211
119737
119262
118772
118251
117700
117138
116581
116017
115416
114757
114042
113309
112586
111856
111075
110210
109253
108239
107223
106208
105140
103961
102637
101170
99636.3
98115.7
96584.8
94948.5
93117.2
91036.5
88725.4
200000
200000
200000
200000
200000
200000
200000
200000
200000
199999
199997
199993
199982
199959
199908
199804
199604
199241
198643
197779
196640
195229
193582
191751
189791
187751
185672
183582
181502
179446
177422
175436
173493
171593
169740
167932
166170
164455
162785
161160
159580
158044
156550
155099
153689
152320
150990
149699
148447
147232
146054
144911
143804
142730
141691
140684
139709
138765
137851
136968
136114
135288
134491
133721
132977
132259
131565
130896
130250
129626
129022
128439
127874
127326
126794
126278
125775
125283
124801
124330
123867
123409
122951
122497
122048
121602
121147
120679
120203
119729
119256
118767
118244
117692
117131
116577
116013
115411
114752
114044
113313
112589
111857
111074
110203
109245
108243
107242
106228
105150
103957
102621
101155
99629.4
98109.2
96565
94906
93047.4
90937.9
88602.8
200000
200000
200000
200000
200000
200000
200000
200000
200000
199999
199997
199993
199983
199959
199909
199807
199609
199251
198657
197799
196665
195260
193618
191789
189831
187793
185715
183626
181547
179491
177468
175483
173540
171641
169787
167980
166218
164503
162833
161209
159628
158092
156598
155147
153736
152367
151037
149746
148493
147278
146099
144955
143847
142773
141732
140725
139749
138804
137890
137006
136152
135326
134528
133757
133012
132294
131600
130930
130283
129658
129054
128470
127904
127356
126824
126307
125804
125311
124829
124358
123895
123436
122978
122524
122074
121626
121171
120705
120230
119756
119280
118790
118271
117722
117162
116605
116037
115434
114775
114067
113347
112626
111884
111089
110215
109262
108273
107279
106262
105172
103965
102619
101152
99629.2
98104
96543.5
94861.1
92975.5
90838.4
88481
200000
200000
200000
200000
200000
200000
200000
200000
200000
199999
199997
199993
199983
199960
199911
199810
199614
199260
198672
197819
196691
195291
193652
191827
189870
187833
185754
183665
181584
179527
177501
175514
173569
171667
169812
168002
166238
164521
162849
161223
159641
158103
156607
155154
153743
152372
151041
149749
148495
147278
146099
144955
143846
142771
141730
140722
139745
138800
137886
137001
136146
135319
134521
133749
133005
132286
131591
130921
130274
129649
129045
128460
127895
127346
126814
126296
125793
125301
124819
124347
123883
123425
122968
122515
122066
121618
121163
120696
120222
119751
119277
118784
118261
117714
117158
116603
116036
115425
114763
114067
113357
112633
111888
111088
110207
109254
108274
107293
106280
105185
103967
102614
101146
99623.8
98090.7
96512.8
94807.8
92897.3
90735
88357.2
200000
200000
200000
200000
200000
200000
200000
200000
200000
199999
199997
199993
199983
199961
199912
199813
199620
199269
198687
197840
196718
195323
193689
191867
189913
187877
185800
183712
181632
179575
177551
175564
173619
171718
169863
168053
166290
164572
162901
161274
159692
158154
156658
155205
153793
152422
151091
149798
148544
147326
146146
145001
143891
142816
141774
140765
139788
138842
137927
137042
136186
135358
134559
133787
133042
132322
131627
130956
130308
129682
129077
128492
127926
127377
126845
126327
125823
125330
124848
124376
123911
123452
122996
122543
122092
121642
121187
120723
120252
119777
119298
118805
118287
117744
117193
116635
116058
115447
114787
114090
113387
112676
111923
111107
110218
109270
108302
107326
106311
105208
103983
102624
101154
99627.1
98080.7
96482.3
94753.6
92818.3
90630.9
88231.9
200000
200000
200000
200000
200000
200000
200000
200000
200000
199999
199997
199993
199984
199961
199914
199816
199625
199279
198701
197860
196744
195354
193724
191905
189952
187917
185840
183750
181669
179610
177584
175595
173647
171744
169886
168075
166309
164590
162916
161288
159704
158164
156667
155212
153799
152427
151094
149800
148545
147327
146145
145000
143890
142813
141771
140761
139783
138837
137921
137036
136179
135352
134552
133780
133034
132314
131618
130947
130299
129673
129068
128483
127916
127367
126834
126316
125812
125320
124837
124365
123900
123442
122987
122534
122084
121634
121178
120713
120244
119774
119296
118799
118276
117737
117190
116635
116059
115438
114772
114086
113395
112684
111929
111108
110212
109264
108303
107336
106324
105219
103989
102628
101158
99626.3
98064.9
96444.9
94692.9
92733.9
90522.6
88101.7
200000
200000
200000
200000
200000
200000
200000
200000
200000
199999
199997
199993
199984
199962
199915
199818
199630
199288
198716
197881
196771
195387
193761
191946
189997
187964
185888
183800
181720
179662
177636
175647
173700
171798
169940
168129
166363
164644
162970
161342
159758
158217
156720
155265
153852
152479
151145
149851
148595
147376
146194
145048
143936
142860
141816
140806
139827
138880
137964
137077
136220
135392
134591
133818
133072
132351
131655
130983
130334
129707
129101
128516
127949
127399
126865
126347
125842
125350
124867
124394
123928
123469
123014
122562
122110
121658
121203
120741
120274
119800
119317
118820
118302
117765
117223
116669
116084
115460
114797
114109
113421
112722
111967
111134
110228
109280
108327
107364
106351
105241
104008
102646
101175
99635.4
98055.3
96410.9
94633.8
92649.9
90413.1
87967.2
200000
200000
200000
200000
200000
200000
200000
200000
200000
199999
199997
199994
199984
199963
199917
199821
199636
199297
198731
197901
196797
195418
193797
191984
190036
188003
185927
183837
181755
179696
177667
175676
173727
171822
169962
168148
166381
164660
162984
161354
159768
158226
156728
155271
153856
152482
151148
149853
148596
147376
146193
145046
143934
142857
141813
140802
139823
138875
137958
137071
136214
135385
134584
133810
133063
132342
131646
130974
130325
129698
129092
128506
127939
127389
126855
126336
125832
125339
124857
124383
123918
123459
123005
122553
122103
121651
121194
120732
120266
119796
119316
118814
118291
117759
117220
116668
116084
115454
114784
114104
113425
112726
111972
111138
110227
109278
108328
107370
106359
105249
104015
102656
101187
99640.5
98042
96372.8
94570.4
92561.9
90299
87825.2
200000
200000
200000
200000
200000
200000
200000
200000
200000
199999
199998
199994
199984
199963
199918
199824
199641
199307
198746
197922
196824
195451
193835
192026
190081
188051
185977
183889
181808
179749
177722
175732
173783
171878
170019
168205
166437
164716
163040
161410
159824
158282
156783
155326
153910
152536
151201
149905
148647
147427
146243
145095
143982
142904
141859
140847
139867
138919
138001
137113
136255
135425
134624
133849
133102
132380
131683
131010
130360
129732
129125
128539
127971
127421
126886
126367
125862
125369
124886
124412
123946
123487
123032
122580
122128
121675
121220
120759
120294
119823
119338
118837
118318
117786
117250
116699
116112
115478
114810
114130
113451
112757
112006
111169
110253
109300
108351
107393
106381
105269
104034
102677
101210
99655.7
98037.1
96341.1
94511.2
92475.8
90183.5
87676.9
200000
200000
200000
200000
200000
200000
200000
200000
200000
199999
199998
199994
199985
199964
199919
199827
199646
199316
198760
197942
196850
195481
193869
192063
190119
188089
186014
183925
181842
179781
177751
175759
173808
171900
170039
168223
166453
164730
163053
161420
159833
158289
156789
155331
153914
152538
151202
149905
148647
147426
146241
145093
143979
142900
141855
140843
139862
138913
137995
137107
136248
135418
134616
133842
133094
132371
131674
131001
130351
129723
129116
128529
127961
127411
126876
126357
125852
125359
124876
124402
123936
123477
123024
122572
122121
121668
121211
120751
120288
119818
119335
118832
118310
117780
117247
116697
116111
115475
114803
114126
113452
112758
112007
111172
110257
109305
108356
107397
106384
105273
104041
102689
101225
99666.1
98029.3
96307.2
94449.8
92386.7
90063.1
87519.4
200000
200000
200000
200000
200000
200000
200000
200000
200000
199999
199998
199994
199985
199965
199921
199830
199651
199325
198775
197963
196876
195514
193907
192106
190166
188138
186065
183978
181896
179837
177808
175816
173865
171959
170097
168281
166512
164788
163110
161478
159890
158346
156845
155386
153969
152593
151256
149958
148699
147477
146291
145142
144028
142948
141901
140888
139907
138957
138038
137149
136290
135459
134656
133880
133132
132408
131710
131037
130386
129757
129149
128562
127993
127442
126907
126387
125881
125388
124905
124430
123964
123505
123050
122598
122146
121693
121237
120778
120314
119843
119359
118856
118336
117807
117274
116725
116138
115502
114830
114151
113479
112786
112035
111203
110291
109337
108381
107417
106401
105289
104060
102712
101252
99686.6
98031.3
96281.8
94394.6
92300.7
89941.5
87354.5
200000
200000
200000
200000
200000
200000
200000
200000
200000
199999
199998
199994
199985
199965
199922
199832
199656
199334
198789
197982
196901
195544
193941
192142
190202
188175
186101
184011
181928
179866
177835
175840
173888
171979
170115
168297
166525
164800
163121
161487
159897
158352
156850
155390
153972
152594
151257
149958
148698
147475
146289
145139
144024
142944
141897
140883
139902
138952
138032
137143
136283
135452
134649
133873
133124
132401
131702
131028
130377
129748
129141
128553
127984
127433
126898
126378
125872
125379
124895
124421
123955
123496
123042
122590
122138
121685
121229
120771
120308
119838
119354
118850
118330
117802
117271
116722
116137
115502
114829
114152
113479
112784
112031
111202
110297
109347
108391
107423
106402
105290
104064
102723
101268
99701.1
98030.5
96255.3
94338.4
92212.7
89814.9
87179.5
200000
200000
200000
200000
200000
200000
200000
200000
200000
199999
199998
199994
199986
199966
199923
199835
199662
199343
198803
198002
196928
195577
193979
192185
190249
188225
186153
184066
181984
179923
177893
175900
173947
172038
170175
168357
166585
164860
163180
161545
159955
158409
156907
155446
154027
152649
151310
150011
148750
147526
146339
145188
144073
142991
141944
140929
139946
138995
138075
137185
136324
135492
134688
133911
133161
132437
131738
131063
130411
129781
129173
128585
128015
127463
126927
126407
125901
125407
124923
124448
123982
123523
123068
122615
122163
121710
121255
120796
120332
119861
119378
118875
118356
117827
117294
116746
116161
115529
114858
114179
113504
112808
112055
111229
110334
109387
108423
107443
106416
105303
104082
102747
101296
99725.9
98040.1
96238.8
94290
92128.9
89687.6
86996.4
200000
200000
200000
200000
200000
200000
200000
200000
200000
199999
199998
199994
199986
199967
199925
199837
199666
199351
198817
198021
196952
195605
194011
192218
190284
188259
186186
184097
182013
179950
177917
175921
173966
172056
170190
168370
166597
164870
163188
161552
159961
158414
156910
155449
154029
152650
151311
150011
148749
147525
146337
145186
144069
142987
141939
140924
139941
138990
138069
137178
136317
135485
134681
133904
133154
132429
131730
131055
130403
129773
129165
128576
128007
127455
126919
126399
125892
125398
124914
124440
123974
123515
123060
122608
122155
121703
121248
120790
120328
119857
119373
118871
118352
117825
117292
116741
116158
115531
114862
114181
113504
112805
112049
111225
110339
109399
108438
107452
106417
105301
104083
102756
101313
99743.4
98046.3
96221.2
94241.3
92043.8
89555.6
86803
200000
200000
200000
200000
200000
200000
200000
200000
200000
199999
199998
199994
199986
199967
199926
199840
199671
199360
198831
198041
196978
195638
194050
192262
190331
188310
186240
184153
182071
180009
177977
175982
174027
172117
170251
168431
166657
164930
163248
161612
160020
158472
156967
155505
154084
152704
151364
150063
148800
147575
146387
145234
144117
143034
141985
140969
139985
139032
138111
137219
136357
135524
134719
133941
133190
132465
131765
131089
130436
129805
129196
128607
128037
127484
126947
126427
125920
125425
124940
124465
123999
123540
123085
122632
122179
121727
121272
120813
120349
119879
119396
118895
118378
117849
117313
116763
116179
115554
114892
114213
113529
112824
112069
111250
110373
109443
108474
107476
106431
105312
104099
102779
101341
99771.5
98063.2
96214.5
94201.8
91964.3
89423.9
86601.4
200000
200000
200000
200000
200000
200000
200000
200000
200000
199999
199998
199994
199986
199968
199927
199842
199676
199368
198843
198059
197001
195665
194079
192293
190363
188341
186269
184180
182096
180032
177998
176000
174044
172131
170264
168442
166667
164938
163255
161617
160024
158475
156970
155506
154085
152704
151363
150062
148799
147573
146384
145231
144113
143030
141980
140964
139980
139027
138105
137213
136351
135518
134712
133935
133183
132458
131758
131082
130429
129798
129189
128600
128029
127476
126940
126419
125912
125417
124933
124458
123992
123533
123078
122625
122173
121721
121267
120810
120346
119874
119390
118891
118375
117848
117312
116757
116173
115555
114898
114218
113531
112821
112062
111244
110377
109455
108492
107488
106432
105309
104099
102787
101357
99790.6
98075.3
96206.1
94162
91884.1
89288.2
86389.3
200000
200000
200000
200000
200000
200000
200000
200000
200000
199999
199998
199995
199987
199968
199928
199845
199681
199377
198857
198078
197027
195697
194118
192338
190412
188393
186325
184238
182155
180092
178059
176062
174106
172193
170326
168504
166728
164998
163315
161676
160082
158533
157026
155562
154140
152758
151416
150114
148849
147623
146433
145278
144160
143075
142025
141007
140022
139069
138146
137253
136390
135555
134749
133970
133218
132492
131791
131114
130460
129829
129219
128629
128057
127504
126967
126446
125938
125443
124958
124483
124016
123557
123101
122648
122195
121744
121290
120831
120366
119895
119412
118914
118401
117872
117332
116777
116194
115576
114926
114251
113557
112839
112079
111268
110406
109497
108532
107516
106448
105319
104114
102810
101386
99821
98098.5
96209.1
94132.6
91811.5
89154.4
86169.2
200000
200000
200000
200000
200000
200000
200000
200000
200000
199999
199998
199995
199987
199969
199929
199847
199685
199384
198869
198095
197048
195722
194145
192366
190440
188420
186350
184261
182177
180111
178076
176077
174119
172205
170336
168512
166735
165004
163319
161680
160085
158535
157028
155563
154140
152757
151415
150112
148847
147620
146430
145275
144156
143072
142021
141003
140018
139064
138141
137248
136384
135550
134743
133964
133212
132486
131785
131107
130454
129822
129212
128622
128051
127497
126960
126439
125932
125436
124951
124476
124011
123551
123095
122642
122190
121739
121286
120828
120363
119890
119408
118912
118400
117872
117332
116772
116188
115576
114933
114257
113561
112836
112071
111260
110410
109509
108549
107530
106451
105316
104113
102816
101401
99840.4
98114.5
96208.8
94102.5
91738.6
89017.7
85938.3
200000
200000
200000
200000
200000
200000
200000
200000
200000
199999
199998
199995
199987
199969
199931
199850
199689
199392
198883
198114
197074
195755
194185
192411
190490
188474
186407
184320
182237
180173
178139
176140
174182
172268
170398
168574
166796
165065
163379
161739
160143
158592
157083
155618
154194
152810
151467
150163
148897
147669
146477
145322
144201
143116
142064
141045
140059
139104
138180
137286
136421
135586
134779
133999
133245
132518
131816
131138
130484
129851
129240
128650
128078
127523
126986
126464
125956
125460
124974
124499
124033
123573
123117
122663
122211
121761
121307
120848
120382
119910
119428
118933
118424
117896
117351
116790
116208
115597
114958
114291
113588
112853
112086
111282
110436
109547
108591
107560
106468
105328
104128
102839
101430
99872.1
98142.3
96220.6
94084.4
91675.7
88885.2
85699.7
200000
200000
200000
200000
200000
200000
200000
200000
200000
199999
199998
199995
199987
199970
199932
199852
199693
199399
198894
198129
197092
195777
194208
192436
190514
188497
186428
184340
182255
180189
178152
176152
174193
172276
170405
168580
166802
165069
163383
161741
160145
158593
157084
155618
154193
152809
151465
150161
148895
147666
146474
145319
144198
143112
142060
141041
140054
139099
138175
137281
136417
135581
134774
133994
133240
132513
131811
131133
130478
129846
129235
128644
128072
127518
126980
126459
125951
125454
124969
124494
124029
123569
123112
122658
122207
121757
121304
120846
120379
119905
119424
118932
118424
117897
117351
116786
116202
115596
114965
114298
113594
112852
112079
111274
110439
109557
108606
107575
106473
105325
104127
102845
101442
99890.3
98160.2
96226.7
94064
91612.7
88751
85449.6
200000
200000
200000
200000
200000
200000
200000
200000
200000
199999
199998
199995
199988
199970
199933
199854
199698
199407
198907
198149
197119
195810
194249
192482
190566
188553
186487
184401
182317
180252
178216
176216
174256
172339
170468
168642
166862
165129
163441
161799
160202
158649
157139
155671
154246
152861
151516
150210
148943
147713
146520
145363
144242
143155
142101
141081
140094
139138
138212
137317
136452
135615
134807
134026
133272
132544
131841
131162
130506
129873
129262
128670
128097
127542
127004
126482
125973
125476
124991
124516
124050
123589
123132
122677
122227
121777
121324
120864
120397
119924
119443
118952
118446
117919
117369
116803
116220
115615
114988
114329
113621
112870
112094
111295
110463
109592
108647
107607
106493
105339
104144
102869
101472
99922.9
98191.4
96246.3
94057.7
91562.9
88624.7
85192.4
200000
200000
200000
200000
200000
200000
200000
200000
200000
199999
199998
199995
199988
199971
199934
199856
199701
199413
198917
198162
197135
195829
194269
192502
190585
188571
186504
184416
182330
180264
178226
176224
174263
172346
170473
168646
166866
165132
163444
161801
160203
158649
157139
155671
154245
152859
151514
150208
148941
147711
146517
145360
144239
143151
142098
141078
140090
139134
138209
137314
136448
135611
134803
134022
133267
132539
131836
131157
130502
129869
129257
128665
128093
127538
127000
126478
125969
125472
124986
124512
124046
123585
123128
122673
122223
121774
121322
120863
120394
119919
119440
118951
118446
117920
117369
116799
116215
115615
114993
114335
113626
112870
112089
111288
110465
109600
108658
107620
106498
105338
104144
102874
101483
99938.8
98209.1
96256.6
94046.6
91512
88497.5
84922.5
200000
200000
200000
200000
200000
200000
200000
200000
200000
199999
199998
199995
199988
199971
199935
199858
199706
199422
198930
198182
197162
195864
194311
192551
190639
188629
186564
184478
182394
180327
178290
176288
174327
172409
170535
168707
166926
165191
163501
161858
160258
158704
157192
155723
154296
152909
151563
150255
148987
147756
146561
145403
144280
143192
142138
141116
140127
139170
138244
137348
136481
135644
134834
134052
133297
132568
131864
131184
130528
129894
129282
128689
128116
127560
127022
126499
125990
125492
125006
124531
124065
123604
123146
122691
122241
121793
121341
120880
120411
119937
119457
118969
118467
117941
117388
116816
116232
115633
115015
114364
113653
112889
112105
111310
110488
109631
108698
107653
106519
105354
104164
102901
101514
99972.8
98243.3
96283.3
94052.8
91479.1
88383.7
84647.2
200000
200000
200000
200000
200000
200000
200000
200000
200000
199999
199998
199995
199988
199972
199936
199860
199709
199427
198938
198192
197175
195878
194327
192566
190654
188642
186576
184489
182403
180336
178297
176294
174332
172413
170539
168710
166928
165192
163503
161858
160259
158703
157192
155722
154295
152908
151561
150254
148985
147754
146559
145401
144278
143189
142135
141114
140125
139167
138241
137345
136478
135640
134831
134049
133294
132565
131861
131181
130524
129891
129278
128686
128113
127557
127019
126496
125987
125489
125003
124528
124063
123602
123143
122688
122239
121791
121339
120879
120409
119934
119455
118969
118467
117942
117388
116813
116228
115632
115019
114369
113657
112889
112101
111304
110489
109636
108706
107663
106524
105354
104164
102904
101522
99985.6
98259
96295.3
94049.4
91442.3
88269.4
84358.6
200000
200000
200000
200000
200000
200000
200000
200000
200000
199999
199998
199995
199988
199972
199937
199862
199713
199435
198953
198213
197204
195915
194371
192617
190709
188701
186638
184552
182467
180400
178361
176358
174395
172475
170600
168770
166987
165250
163559
161913
160313
158756
157243
155772
154343
152955
151608
150299
149029
147796
146601
145441
144317
143228
142172
141150
140160
139201
138274
137377
136509
135671
134860
134077
133321
132591
131886
131206
130549
129914
129301
128708
128134
127578
127039
126516
126006
125508
125021
124546
124080
123619
123160
122705
122255
121808
121356
120895
120425
119950
119472
118986
118485
117961
117406
116830
116244
115650
115040
114394
113682
112910
112119
111325
110512
109665
108742
107695
106548
105375
104189
102934
101556
100022
98296.5
96329.2
94069.4
91431.1
88178.2
84072
200000
200000
200000
200000
200000
200000
200000
200000
200000
199999
199998
199995
199989
199973
199937
199863
199716
199439
198958
198221
197213
195925
194381
192627
190719
188710
186646
184559
182473
180405
178365
176361
174398
172477
170601
168772
166988
165251
163559
161913
160313
158756
157242
155772
154343
152955
151607
150298
149028
147795
146599
145440
144316
143226
142170
141148
140158
139199
138272
137375
136507
135668
134858
134075
133319
132589
131884
131204
130546
129912
129299
128706
128132
127575
127037
126514
126004
125506
125019
124544
124079
123617
123158
122703
122254
121807
121355
120894
120424
119948
119470
118986
118486
117962
117407
116828
116242
115649
115043
114398
113685
112910
112117
111322
110512
109668
108748
107702
106552
105375
104189
102937
101561
100030
98308.4
96340.3
94071.4
91409.3
88084.9
83775.7
200000
200000
200000
200000
200000
200000
200000
200000
200000
199999
199998
199996
199989
199973
199939
199866
199721
199448
198974
198243
197244
195964
194427
192680
190776
188771
186709
184623
182537
180469
178429
176424
174460
172538
170661
168830
167045
165306
163614
161967
160364
158806
157292
155819
154389
153000
151651
150341
149069
147835
146639
145478
144353
143262
142205
141182
140191
139231
138303
137405
136536
135697
134885
134101
133344
132613
131908
131227
130569
129933
129320
128726
128151
127594
127055
126532
126021
125523
125035
124560
124094
123633
123173
122718
122269
121822
121370
120909
120438
119963
119486
119001
118502
117979
117424
116845
116257
115666
115063
114420
113707
112932
112138
111343
110536
109696
108779
107734
106579
105400
104217
102969
101597
100069
98350.4
96382.4
94107.5
91427.2
88033.7
83510.7
200000
200000
200000
200000
200000
200000
200000
200000
200000
199999
199998
199996
199989
199973
199939
199867
199722
199450
198977
198248
197249
195969
194433
192685
190781
188775
186712
184626
182540
180471
178431
176426
174461
172539
170662
168831
167045
165307
163614
161967
160364
158806
157291
155819
154389
152999
151650
150340
149069
147835
146638
145477
144352
143261
142204
141181
140190
139230
138302
137404
136535
135695
134884
134100
133343
132612
131907
131226
130567
129932
129318
128725
128150
127593
127054
126531
126020
125522
125034
124559
124094
123632
123172
122717
122268
121821
121370
120909
120438
119962
119485
119001
118502
117979
117425
116844
116256
115666
115065
114422
113709
112932
112137
111342
110535
109697
108782
107738
106580
105399
104217
102970
101600
100073
98356.6
96389.3
94111
91418.5
87969.8
83225.9
200000
200000
200000
200000
200000
200000
200000
200000
200000
199999
199998
199996
199989
199974
199941
199870
199728
199461
198994
198273
197282
196011
194482
192740
190840
188837
186776
184690
182604
180535
178494
176487
174521
172598
170720
168887
167100
165360
163666
162017
160414
158854
157338
155864
154433
153042
151692
150380
149108
147873
146675
145513
144386
143295
142237
141212
140220
139260
138330
137431
136562
135721
134909
134124
133366
132635
131928
131246
130588
129952
129337
128743
128168
127610
127070
126547
126036
125537
125049
124574
124108
123646
123186
122731
122282
121835
121384
120923
120452
119976
119499
119016
118518
117995
117441
116861
116272
115683
115083
114442
113730
112954
112158
111363
110558
109722
108811
107768
106611
105430
104250
103006
101638
100117
98404.2
96441.5
94166.8
91476.3
87989.1
83186.7
87758.4
86807.9
85516.4
84039.8
82517.7
81047.6
79682.6
78436.7
77298
76243.1
75246.2
74284.7
73340.3
72399.1
71450.7
70487.5
69504.3
68497.8
67466.6
66410.5
65330.6
64229
63108
61970.5
60819
59656
58483.2
57302.1
56113.4
54917.3
53713.7
52502.3
51282
50052.9
48815.8
47572.1
46324.2
45074.6
43826.6
42583.7
41349.6
40128.1
38922.6
37736.5
36572.7
35433.9
34322
33238.8
32185.6
31163.1
30171.5
29210.9
28281
27381.5
26512.4
25674
24867.8
24096.4
23364.1
22679.2
22053.1
21508.6
21233
21351.2
21750.2
22705.3
24713.9
28707.9
36318.4
49457.3
68318
87657.5
87324.5
86462.7
85632.2
85314.4
84422.6
88685.5
48338.8
188575
87761.1
86801.7
85499
84012.4
82481.9
81004.4
79631.9
78378.5
77232.5
76170.4
75166.7
74198.6
73247.9
72300.5
71346
70376.9
69388.1
68376.2
67339.8
66278.6
65193.8
64087.2
62961.2
61818.5
60661.7
59493.3
58315.2
57128.9
55935.3
54734.9
53527.8
52313.9
51091.7
49861.9
48625.5
47384.1
46139.8
44895
43652.8
42416.4
41189.5
39975.5
38777.8
37599.6
36444
35313.4
34209.9
33135.4
32091
31077.6
30095.4
29144.6
28224.8
27335.8
26477.6
25650.6
24856
24096.1
23374.4
22697
22068.7
21464.7
21370.9
21488.6
21888.2
22849.9
24873.2
28891.2
36530.1
49692.1
68571.1
87967.3
87775.5
87291.6
87425.1
89248.5
86639.6
114207
12221.3
170043
87764.9
86792.5
85473.1
83970.9
82426.4
80935.2
79548.9
78281.2
77121.1
76045.6
75028.9
74048.4
73085.5
72126.2
71160
70179.4
69179.2
68156.3
67109.2
66037.5
64942.2
63825.2
62688.8
61535.5
60368.1
59189.2
58000.8
56804.8
55602.5
54394.5
53181.1
51961.6
50736.2
49505.2
48269.6
47031
45791.3
44553.2
43319.3
42092.9
40877.1
39675.2
38490.4
37325.9
36184.5
35068.8
33980.7
32922.1
31894.2
30897.8
29933.3
29000.8
28100.1
27231
26393.5
25588
24815.3
24077.3
23377.1
22718.4
22108.4
21518.8
21534.6
21675.3
22102.1
23090.1
25135.9
29165.5
36784.9
49855.8
68533.5
87785.4
87497.6
86637.7
85704.6
84962.1
83510.4
84781.6
47742.2
167336
87750.6
86761.2
85419.4
83895.2
82330.3
80819.7
79413.6
78126
76946.4
75852.1
74817.5
73819.6
72839.8
71863.8
70881.2
69884.5
68868.5
67830.2
66767.8
65681.2
64571.2
63439.5
62288.4
61120.5
59938.6
58745.4
57543.3
56334.4
55120.2
53901.8
52679.7
51453.5
50224.3
48992.6
47759.4
46525.7
45293.4
44064.8
42842.5
41629.6
40429.1
39244.3
38078.2
36933.8
35813.8
34720.4
33655.9
32621.7
31619.1
30648.9
29711.4
28806.7
27934.7
27095.3
26288.6
25515
24775.6
24072.4
23408
22786.8
22220.3
21692.2
21723.9
21894.5
22364.1
23404.5
25508
29590.9
37232.4
50247.4
68759.5
87925.6
87687.7
86886.2
86002.6
85350.8
84287.2
89310.3
49768.7
198561
87714.1
86707.9
85343.3
83795.8
82208.4
80675.3
79246.3
77935.5
76732.7
75615.6
74558.9
73539.3
72538.1
71540.9
70537.2
69519.6
68483
67424.3
66341.8
65235.4
64105.9
62954.9
61784.8
60598.2
59398.1
58187.3
56968.8
55744.8
54517.3
53287.7
52056.7
50823.1
49588.5
48354.3
47121.8
45892.6
44668.5
43451.5
42244
41048.7
39868.5
38706.2
37564.8
36446.9
35355.3
34292
33259.1
32258
31289.8
30354.9
29453.8
28586.4
27752.5
26952.2
26185.6
25453.3
24756.9
24097.9
23479.3
22906.9
22395.6
21941.5
21985.7
22181.4
22690.4
23784.5
25952.8
30100.1
37769
50712.7
69016.1
88055.7
87864.4
87016.6
85896.7
84751.8
83045.7
87611.3
47651
208133
87645.6
86621.9
85233.5
83660.7
82047.9
80489.3
79034.4
77697.1
76467.6
75324
74240.9
73195.1
72167.8
71144.6
70115
69071.7
68009.6
66925.7
65818.4
64687.6
63534.1
62359.7
61166.8
59958.2
58737.1
57506.7
56269.9
55029.6
53788
52547
51307.6
50067.1
48828.4
47593.6
46364.5
45142.7
43929.8
42728
41539.2
40366
39211.1
38077
36966.6
35882.4
34826.8
33801.9
32809.4
31850.6
30926.1
30036.3
29181.3
28360.7
27574.5
26822.4
26104.8
25423.2
24778.2
24170
23603.1
23084.7
22633.1
22263.3
22321.4
22543.9
23092.5
24239.2
26471.9
30686.7
38395.8
51295.4
69435
88381.7
88272.1
87574
86698
86324.9
84269.5
102983
29448.6
208434
87549.6
86509.4
85098.6
83500.6
81861.5
80276
78793.2
77427.1
76168
74994.3
73880.8
72804.4
71746.3
70692.1
69631.5
68557.2
67464.4
66350.1
65213
64053
62871.2
61669.4
60450.3
59216.9
57972.7
56720.9
55465
54207.9
52951.8
51698.1
50445.7
49200.4
47962.7
46733.2
45512.8
44302.9
43105.5
41922.6
40756.6
39610
38485.4
37385.3
36312.4
35268.9
34257.2
33278.9
32335.5
31427.9
30556.4
29721
28921.4
28157.1
27427.5
26732.6
26073.7
25449.4
24858.4
24303.5
23789.5
23324
22926.4
22654.8
22727.1
22975.7
23562.1
24757.7
27049
31324.5
39070
51931.6
69930.8
88781
88720.7
88055.9
87155.5
86453.4
84807.1
99777.5
35404.3
198992
87429.6
86372.7
84938.9
83314.3
81646.7
80031.3
78517.5
77119.2
75826.9
74618.9
73470.3
72358.2
71264.1
70173.6
69076.6
67966
66837.3
65687.6
64515.9
63322.3
62108.1
60875.5
59627.4
58367.1
57098.3
55824.8
54550
53277.2
52009.1
50747.3
49489.7
48241.1
47004.1
45780.3
44571.1
43377.8
42201.8
41044.9
39909.1
38796.7
37710.1
36651.9
35624.4
34629.8
33670.2
32747.1
31861.4
31013.9
30204.3
29432.2
28696.8
27997.2
27332.8
26704.5
26108.3
25541.8
25006.5
24504.5
24039.6
23616.5
23229.1
23127.6
23207.3
23470.2
24080.4
25310
27645.6
31971.3
39753.3
52594.3
70487.9
89255.3
89213.3
88563.1
87638.4
86736.4
85600.6
90915.8
52010.6
206174
87293.8
86220.4
84763.5
83111.2
81413.1
79765.4
78217.5
76783.4
75453.6
74206.6
73017.9
71864.8
70729.1
69596.7
68457.7
67305.4
66135.5
64945.5
63734.6
62503.3
61253.4
59987.2
58708
57419.5
56125.7
54830.5
53537.6
52250.3
50970.6
49698.8
48438.5
47192.8
45963.8
44753
43561.8
42391.8
41244.2
40120.7
39023.2
37953.4
36913.6
35905.9
34932.6
33995.5
33096.5
32236.9
31417.2
30637.7
29897.9
29196.7
28533
27905.4
27314.4
26752.5
26216.8
25708
25226.5
24773.7
24351.3
23965.6
23600.5
23613.4
23710.3
23992.3
24622.1
25874.6
28241.3
32610
40438.4
53292
71130.4
89812.5
89806.3
89215.9
88381.7
87529.5
86135.1
89365.9
48981.9
197559
87149.2
86058.4
84576.3
82893.3
81161
79476.6
77890.1
76415.4
75042.9
73751.6
72517.1
71317.2
70134
68954
67767.5
66568.2
65352.1
64117.2
62863.2
61591
60302.6
59001
57689.7
56372.8
55054.5
53739
52430.3
51131.5
49845
48568.3
47309.2
46071
44855.7
43664.9
42499.7
41361.3
40251.1
39170.2
38120.2
37102.6
36119.2
35171.8
34262.1
33391.8
32562.2
31774.3
31028.4
30324.1
29660.5
29036.3
28450.2
27900.8
27376.9
26876.8
26400
25945.4
25512.7
25102.7
24717.8
24367.1
24043.7
24066.8
24180.9
24485.4
25141.4
26424.8
28830.4
33249.5
41133.7
54014.3
71812.7
90377.9
90417.6
89832.9
89011.3
88676.8
87312.5
101984
27057.2
203731
87000.7
85891.3
84381.7
82664.8
80894.6
79169.5
77539.8
76019.2
74598.6
73257
71970.6
70717.9
69481.3
68247.8
67008.2
65756.7
64489.8
63206
61905.6
60589.8
59261.3
57923.3
56579.9
55235.4
53894.3
52560.8
51238.7
49930.6
48637
47362.4
46112.2
44889.4
43696.2
42534
41404.1
40307.4
39244.9
38217.2
37225.6
36270.9
35354.4
34477.5
33641.2
32846.8
32095
31386.3
30720.4
30096.7
29513.7
28970.8
28462.8
27978.2
27516.2
27074.3
26650.2
26241.9
25848.5
25471.2
25112.8
24784.4
24483.6
24508.4
24628
24944.2
25620.8
26936.8
29391.7
33880.6
41849.5
54790.2
72584.9
91021.2
91118.2
90704.3
90670
91393.1
93148.9
107892
17511.2
187116
86852
85722
84181.1
82425.8
80612.7
78841.5
77162.8
75590.5
74115.5
72717.3
71372.9
70061.1
68765.1
67472.4
66174.6
64866.1
63544.4
62208.4
60859
59498.1
58128.8
56754.9
55380.6
54010.7
52649.8
51302.3
49972.2
48662
47367.9
46101
44866.3
43666.8
42504.6
41380.9
40296.8
39252.7
38249
37286
36364.1
35483.6
34645
33848.7
33095.3
32385
31718.1
31094.2
30512.6
29972
29472.5
29003.9
28557.6
28132.3
27724.8
27331.5
26949.1
26575.2
26209
25851.8
25507.9
25189.4
24897.5
24923.2
25046
25370.3
26063.9
27411.6
29919.7
34489.8
42560.1
55573.2
73351.7
91557.7
91509.5
90919.8
90163.5
89486.4
88442.6
87454.2
40290
168682
86702.8
85549.8
83974
82175.8
80314.9
78492.5
76759.4
75129.4
73593.7
72132.6
70723.7
69346.7
67985.4
66628.1
65266.9
63897.3
62517.1
61126.3
59726.3
58319.6
56909.9
55501.4
54098.8
52706.7
51329.9
49972.3
48636.6
47321.8
46038.1
44791.5
43585.2
42421.9
41303.2
40230.4
39204.1
38224.6
37291.7
36405
35564.2
34768.6
34017.8
33311.3
32648.4
32028.6
31451
30914.7
30419.2
29961.8
29529.3
29117.8
28725.6
28349.1
27983.8
27625.7
27271.3
26918.5
26567.1
26219.5
25881.1
25565.5
25277.1
25304.3
25431.4
25765.4
26478
27860.3
30427.5
35090
43280.5
56387.4
74164.6
92097.9
91981.3
91286
90364.3
89448
88150.7
89822.6
52037.6
194019
86553.4
85374.8
83759.3
81912.8
79998.5
78119
76325.2
74631.3
73028.6
71498.1
70018.4
68570
67137.8
65710.6
64281.6
62847
61405.7
59958.3
58507
57055.2
55606.8
54166.7
52739.7
51330.8
49944.8
48586.1
47258.2
45952.5
44685
43463.8
42293.5
41176.3
40113.2
39104.3
38149.4
37247.7
36398.3
35599.9
34851.1
34150.3
33495.7
32885.6
32318.1
31791.4
31303.8
30854.9
30437
30038.8
29659.7
29297.1
28947.2
28605.6
28268
27930.8
27591.3
27248.4
26902.9
26558.3
26221.2
25906.9
25622.5
25652.2
25785.5
26131.9
26866.9
28287.9
30919.9
35684
44010.5
57231.6
75033
92687.8
92498.5
91709.5
90692.6
89684.2
88078.6
89151
45490
201756
86400.4
85193.3
83533.9
81634.1
79661
77718.8
75858.6
74094.5
72418.3
70812
69255.2
67729.6
66220.8
64718.9
63218
61715.4
60210.9
58706.2
57204.1
55708.8
54224.9
52757.3
51311.2
49891.2
48501.4
47143.9
45814.2
44534.5
43307.8
42135.8
41021
39965.6
38971.1
38038.1
37166.1
36353.6
35598.7
34898.6
34250.6
33651.4
33097.8
32586.5
32114.2
31678
31276.1
30896.1
30531.8
30182.8
29846.4
29519
29196.6
28875.6
28552.4
28224.7
27891
27551.2
27207.2
26863.4
26527.6
26215.6
25938
25970.8
26111.7
26472.4
27232.5
28696.2
31399.5
36277.1
44759.4
58120.4
75976.4
93328.4
93053.7
92160.3
91061.8
90150.6
88705.5
101131
26148.3
206942
86243.2
85004.5
83296.3
81337.4
79299.3
77288.2
75355.1
73514.3
71758.1
70069.6
68429.5
66820.7
65230.1
63649.2
62073.1
60500.3
58931.7
57370
55819.1
54283.7
52769
51280.2
49822.5
48400.1
47016.5
45671.7
44370.9
43126.8
41945.6
40830.9
39784.3
38806.5
37897.3
37055.9
36280.7
35569.3
34918.4
34324
33781.6
33286.2
32832.8
32416.6
32033.6
31678.1
31335.5
31004.5
30683.8
30370.9
30062.7
29756.2
29448.3
29136.6
28819
28494.3
28162.1
27823.3
27480.3
27138
26804.5
26496.3
26227.5
26263.6
26412.5
26788.4
27575.5
29085.5
31867.5
36871.9
45532
59059.1
76998.2
94013
93651.7
92739
91943.4
92409.6
93825
106884
19308.4
184499
86078.1
84804.4
83042.7
81019.3
78910.4
76824.1
74811.7
72887.5
71044.8
69267.4
67537.7
65840
64162.9
62499
60845
59200.7
57568.4
55951.7
54355.6
52785.4
51246.7
49745
48285.5
46872.3
45508.7
44185.2
42923.5
41732.1
40615.7
39576.6
38615.4
37731.2
36922.5
36186.6
35520.3
34919.2
34378.4
33892.1
33453.9
33057.3
32695.7
32363.8
32051.1
31746.5
31449.4
31156.9
30866.5
30576
30283.3
29986.7
29684.7
29376.2
29060.4
28736.8
28405.7
28068.3
27727
27386.9
27056.4
26752.3
26492.4
26531.8
26689
27081
27897.1
29458.2
32327.6
37474.4
46333.9
60045.4
78072.9
94648.3
94133.7
92956.9
91697.3
90778.6
89608.1
88552.5
38696.8
177006
85904.5
84592.6
82772
80677.6
78491
76322.3
74223.5
72208.8
70272.4
68399.5
66573.9
64782
63013.9
61263.9
59530.6
57815.1
56121
54453.3
52817.7
51220.1
49666.4
48161.9
46710.8
45315.1
43969.4
42697.3
41503.9
40391.6
39362.2
38417.2
37556.6
36779.1
36081.7
35460.1
34908.7
34420.8
33989.3
33606.1
33263.1
32952.4
32667.3
32394.3
32126
31860.5
31595.1
31327
31054.4
30775.9
30490.8
30198.6
29899.2
29592.4
29277.9
28955.7
28626.2
28290.6
27951.2
27613.1
27285
26984.1
26732.9
26775.8
26941.9
27351.5
28199.7
29817.4
32784.1
38088.8
47168.8
61082.1
79206
95260
94588.9
93208.3
91762.1
90768.2
89670.8
90449.1
47661.3
200142
85719.2
84365.2
82480.4
80308.7
78037.3
75778.9
73585.9
71473.2
69435.7
67460.2
65532.6
63641.3
61778.4
59940.4
58127.5
56342.8
54591.2
52878.8
51212.1
49597.5
48040.9
46547.1
45119
43755.3
42463.1
41257.4
40144.5
39126.3
38202.3
37370.7
36628.5
35971.7
35395.3
34892.8
34456.2
34076.8
33745.1
33451.5
33186.9
32943
32705.6
32470.2
32233.9
31993.8
31747.6
31493.5
31230.7
30959
30678.6
30389.8
30093
29788.2
29475.5
29154.9
28826.9
28492.4
28154
27816.7
27489.9
27191.5
26949.3
26996.3
27172.5
27602.4
28487.3
30169.4
33246.1
38728.5
48054
62187.3
80402.9
95813
94974
93366.8
91688.5
90292
88761.9
89895.8
39416.9
207100
85522.4
84122.2
82167
79910.3
77545.7
75188.8
72893
70673.8
68527.2
66442
64406.4
62411
60450.6
58524.1
56633.7
54784.2
52982
51234.2
49548.1
47930.2
46386.4
44921.3
43538.6
42222.8
41002
39885.8
38876.8
37973.8
37173.5
36470.4
35858.4
35330.1
34877.2
34490.5
34159.8
33874.6
33624.5
33399.7
33190.2
32983.8
32777.4
32567.5
32351.2
32126.3
31891.4
31646.1
31390.2
31124.2
30848.5
30563.6
30269.8
29967.3
29656.1
29336.3
29008.4
28673.7
28334.9
27997.2
27670.9
27374.6
27143.1
27194.9
27383.3
27836.8
28763.5
30517.2
33714.7
39390.8
48981.8
63352.2
81646.9
96294.7
95306
93564.3
91936.1
92157.7
93328.5
104485
23967.3
184583
85310.9
83860.1
81827.9
79478.1
77011.4
74546.6
72138.5
69803.5
67539.4
65337.1
63187.6
61084.5
59025.5
57011.9
55048.4
53141.6
51299.1
49529
47838.5
46233.9
44719.4
43296.4
41954
40728.9
39621.7
38629.8
37750.8
36981.3
36316.2
35748.1
35267.7
34864.1
34525.8
34240.7
33997.1
33783.9
33591.4
33409.5
33229.2
33047.5
32861
32666.8
32462.9
32248.1
32021.9
31784.1
31535
31274.9
31004.2
30723.1
30431.8
30130.7
29819.8
29499.4
29170.4
28834.2
28493.8
28155
27828.6
27533.9
27317.1
27375.2
27578.7
28060.2
29034.9
30869.5
34202.5
40095.4
49979.6
64605.8
82951.4
96653.1
95497.6
93537.8
91665.8
90793.6
89835.6
89301.7
46231.8
182204
85085.5
83579
81461.8
79009.4
76429.7
73845.9
71314.5
68853.6
66462.8
64136.2
61867.7
59654.6
57497.8
55401.7
53373.1
51420.3
49552.2
47777.1
46102
44532.3
43070.1
41709.5
40467.8
39355.8
38374.6
37520.6
36786.7
36163.9
35642.1
35209.5
34853.5
34560.5
34316.9
34109.9
33927.9
33761.7
33602.4
33443.5
33282.3
33115.8
32941.8
32758.3
32564.1
32358.3
32140.6
31910.6
31668.3
31413.8
31147.2
30868.8
30578.8
30277.6
29965.6
29643.5
29312.4
28974
28631.6
28290.9
27963.5
27668.3
27476.2
27542.1
27763.3
28275.8
29301.6
31221
34696.6
40819.8
51016.6
65917.1
84295.2
96875.9
95577.6
93454.6
91438.8
90305.3
89062.9
89703.4
49548
198329
84843.4
83275.2
81064.6
78498.7
75794.4
73079.2
70412.4
67814.2
65287.4
62829.4
60438.1
58114.9
55864.4
53693.8
51612.5
49630
47755.9
45998.1
44362.8
42853.1
41466.3
40203.5
39085.4
38114.2
37285
36588.2
36011
35538.8
35156.2
34847.3
34596.5
34389.4
34213
34056.2
33910.7
33769.7
33628.3
33484.3
33335.3
33179.6
33015.6
32841.8
32657.1
32460.4
32251
32028.2
31791.7
31541.4
31277.4
31000
30709.8
30407.4
30093.6
29769.2
29435.7
29094.8
28749.9
28406.5
28075.8
27770.3
27637.4
27709
27944
28485
29564
31578.4
35217.4
41601.7
52143.7
67328.5
85688.6
96925.4
95534.9
93321.7
91245.3
90186.9
89014.2
89341.5
48532.4
209792
84585.4
82948.9
80634.1
77941.9
75098.6
72237.5
69421.4
66673.9
64001.5
61405.9
58890.2
56460
54123.9
51892.2
49776.1
47786.1
45931.5
44219.3
42654.1
41238.4
39949.5
38823.1
37862.1
37058.2
36398.1
35865.2
35441.2
35106.8
34842.7
34630.9
34455.7
34304.5
34167.8
34038.5
33912.1
33784.9
33655.5
33522.2
33383.6
33238.1
33084.2
32920.2
32744.7
32556.2
32353.8
32136.5
31904
31656.1
31393.1
31115.6
30824.3
30520.1
30204.1
29877.3
29541.2
29197.8
28849.9
28502.6
28163.7
27829.4
27809.9
27881.4
28121.2
28682.4
29809.8
31921.1
35735.6
42408.4
53310
68795.9
87124.9
96795.1
95381.7
93188.2
91192.2
90674.6
89949.2
89336.9
38973.3
217938
84308.5
82595.8
80165
77331.7
74333.2
71309.8
68329.1
65419.4
62592.2
59854.9
57216.2
54686.7
52279
50006.1
47880.1
45911.4
44107.7
42472.9
41006.4
39688.9
38564.5
37623.6
36850.4
36227.8
35736.7
35356.1
35064
34838.6
34660
34511.8
34381.8
34261.5
34145.7
34031.2
33916.3
33799.9
33681
33558.2
33430.1
33294.9
33150.8
32995.7
32827.9
32645.9
32448.4
32234.7
32004.4
31757.6
31494.7
31216.4
30923.7
30617.6
30299.3
29970.2
29631.7
29286
28936.1
28587.2
28247.7
27918
27929.8
28019.1
28283.5
28881
30071.8
32296.9
36314.5
43300.4
54584.3
70330.6
88528.3
96448.6
95102.5
93023.3
91155
90908.2
90564.4
93552.2
21250.3
229042
84013.6
82215.2
79653.6
76661.1
73488
70283
67120.6
64035.3
61045.5
58165.6
55410.5
52796
50338.3
48052.1
45949.4
44038.8
42324.6
40805.4
39466.9
38330.4
37396.2
36648.8
36065
35618.2
35281.2
35028
34835
34682.4
34554.7
34441.1
34334.4
34230.5
34127.3
34023.9
33919.8
33814.3
33706.2
33594
33476.1
33350.2
33214.2
33066.1
32903.9
32726.3
32532
32320.4
32091.3
31844.8
31581.5
31302.2
31007.9
30699.8
30379.2
30047.6
29706.8
29359.2
29008
28659.1
28322.4
28003.2
28022.5
28129.5
28423.7
29066.2
30326.9
32670.1
36884.1
44185.8
55855.9
71905.8
89950.3
95883.8
94731.1
92942.5
91759.5
92818.2
100496
87252
19622
189269
83697
81801.7
79092
75919.3
72548.7
69140.5
65777.8
62504.3
59347.1
56328.7
53471.1
50794.9
48318.8
46057.2
44020.4
42212.8
40632.8
39267
38116.8
37188.9
36465
35916.9
35512.1
35217
35000.2
34835.6
34703.6
34590.7
34488.3
34391.3
34297.1
34204.2
34111.9
34019.9
33927.2
33832.8
33735.3
33632.8
33523.3
33404.7
33274.8
33131.6
32973.3
32798.6
32606.4
32396.1
32167.6
31921.1
31657.1
31376.5
31080.4
30770.2
30447.3
30113.4
29770.6
29421.4
29069.6
28721.8
28389.2
28081.5
28107
28230.3
28556.3
29252.8
30601.5
33087.7
37533.9
45178.1
57209.4
73447.1
91132.6
95257.3
94281.9
92662.4
91256.3
91471.2
92072.8
94043.1
31440.7
163664
83359.1
81353
78473.5
75094.1
71498.8
67862
64279.7
60807.3
57482.9
54338.7
51403
48700.4
46249.4
44062.1
42143.3
40489.8
39089.1
37919.7
36998.8
36301.7
35790.5
35424.4
35164.4
34976.5
34833.7
34717
34614.8
34520.4
34430.5
34343.8
34259.7
34177.6
34097
34017
33935.9
33851.9
33763.4
33668.6
33565.5
33452.1
33326.5
33186.8
33031.4
32858.8
32668.1
32458.6
32230.2
31983.2
31718.2
31436
31137.9
30825.4
30500.1
30164
29819.1
29468.5
29116.2
28769.9
28442.3
28147.9
28179.4
28317.5
28671.6
29417.1
30848
33474
38151
46134.8
58540.2
75007.9
92211.4
94667.2
93824.4
92310.4
90774.4
90097.6
88830.1
85959.9
40019.2
172260
82994.9
80861
77785.3
74167.8
70315.5
66422.2
62601.4
58924
55441.8
52196.6
49222
46543.1
44175.4
42124
40385
38946.1
37757.2
36846.3
36177.6
35701.9
35369.7
35137.3
34969.2
34839.6
34731.7
34635.9
34547.1
34463.1
34383.2
34307.1
34234.5
34164.3
34095.2
34025.4
33953.4
33877.4
33795.7
33706.5
33608.1
33498.5
33376.1
33238.9
33085.5
32914.3
32724.4
32515.3
32286.6
32038.7
31772.3
31488.4
31188.3
30873.6
30546.2
30208
29861.5
29509.9
29157.9
28813.8
28491.9
28212.7
28251
28406.7
28795.6
29602.5
31136.1
33929.5
38858.3
47186.6
59920
76510.3
93012.7
94154.9
93371.4
91894.3
90269.2
89058.7
87527.1
85853.2
50289.9
182743
82603.8
80320.5
77014.5
73118.8
68970.6
64790.4
60715.2
56836
53219.6
49916
46960.7
44374.4
42162.5
40315.6
38811.1
37598.9
36705
36071.9
35633.3
35331
35118.4
34961.1
34836.5
34730.9
34637.1
34551.4
34472.3
34399.1
34331.2
34267.6
34207.2
34148.5
34089.7
34028.6
33963.7
33893.7
33817.1
33732.3
33637.7
33531.5
33411.8
33276.7
33124.8
32954.6
32765.1
32555.7
32326.3
32077.2
31809.2
31523.4
31221.2
30904.3
30574.6
30234.4
29886.1
29533.4
29181.4
28839.4
28523.4
28262.2
28307.3
28478.6
28896.8
29755.2
31380.3
34328.8
39513.9
48209.7
61294.2
78028.9
93693.1
93781.7
92943
91423.1
89732.8
88294.6
86611.3
86436.8
52585.6
191525
82178.1
79717.7
76138.6
71915.3
67426.1
62928.6
58591.5
54529.9
50824.7
47530.1
44676.2
42270.7
40302.5
38742.7
37529.7
36642.4
36027.1
35613.9
35335.5
35138.5
34987.7
34863.1
34754.6
34658
34571.6
34494.8
34426.7
34365.8
34310.1
34257.8
34206.8
34155.6
34102.6
34046.8
33986.8
33921.1
33848.2
33766.7
33674.8
33570.8
33452.7
33318.8
33167.5
32997.4
32807.5
32597.4
32366.9
32116.4
31846.7
31559
31254.8
30935.9
30604.3
30262.4
29912.9
29559.7
29208.3
28869
28559
28318.6
28372.3
28566.2
29027
29956.9
31696
34817.8
40264.2
49309.9
62694.5
79478.8
93961
93587.2
92449.6
90852.8
89200.3
87745.1
86075.3
86831.4
53838.3
197782
81715.4
79040.9
75131.2
70517
65634.7
60794
56204.2
52006.1
48289.8
45103.9
42459.3
40334.3
38681.3
37431
36548.8
35964.9
35581.3
35320.6
35130.8
34980.4
34852.8
34740.4
34640.6
34553.3
34478.4
34414.7
34360.4
34312.8
34269.2
34227.2
34184.7
34140.3
34093
34042.1
33986.6
33925.2
33856.3
33778.3
33689.4
33587.6
33471
33338.1
33187.1
33016.9
32826.6
32615.6
32383.9
32131.9
31860.5
31570.9
31264.7
30943.7
30610.1
30266.3
29915.3
29561.1
29209.6
28872.1
28566.6
28354.9
28416.9
28627.3
29117
30099.5
31936
35234.1
40975.2
50421.7
64145.9
80995.6
94203.8
93429.7
91959.2
90306.7
88755.8
87388.4
85815.8
87345.8
54094.2
201281
81202.7
78264.6
73948.8
68865.5
63535.1
58339.9
53538.4
49291.8
45685.3
42743.2
40443.6
38727.2
37507.5
36640
36055.6
35674
35415
35220.6
35059.9
34919.8
34796.1
34688.2
34596.4
34519.7
34456.2
34403.2
34357.7
34316.9
34278.5
34240.7
34201.8
34160.8
34116.6
34068.5
34015.3
33956
33889
33812.6
33724.7
33623.5
33507.2
33373.9
33222.3
33051.1
32859.6
32647.1
32413.8
32160
31886.8
31595.3
31287.2
30964.5
30629.3
30284.3
29932.5
29578
29226.7
28890.8
28584.6
28415.2
28487.7
28724.5
29261.4
30318.5
32265.3
35737.4
41753.2
51562.9
65580.7
82393.1
94018.3
93074.4
91453.9
89808.2
88382.5
87140.5
85675.8
87526
54075.5
202635
80631.6
77358.3
72533
66885.7
61058.9
55530.5
50611.2
46467
43144.1
40597.9
38730.1
37399.1
36502.4
35988.1
35661.5
35418
35216.5
35041.4
34887.8
34755.3
34644.2
34553.6
34480.7
34422.1
34373.9
34333.2
34297.3
34264.4
34232.7
34201.1
34168.2
34132.8
34094
34050.6
34001.5
33945.5
33881.3
33807.1
33721.1
33621.3
33505.8
33373
33221.4
33049.7
32857.3
32643.7
32409
32153.6
31878.6
31585.2
31275.3
30950.7
30613.7
30267.1
29913.8
29558.2
29205.9
28869.5
28552.8
28461.3
28534.1
28774.9
29331.7
30444.4
32509.9
36198.1
42554.7
52790.9
67140.3
83884.2
93871.1
92769.1
91060.8
89445.7
88135.5
87012.6
85652.9
87949.6
54018.5
202453
79970.4
76253.1
70775.6
64462.1
58130.1
52362
47499.4
43682.9
40886.8
38967.8
37721.6
36929.5
36367.3
35966.4
35666.5
35421.2
35208.7
35023.9
34867.9
34740.8
34639.9
34560.2
34496.5
34444.2
34399.9
34361.4
34326.9
34295
34264.4
34233.8
34202
34167.7
34129.7
34086.9
34038.1
33982.1
33917.6
33842.9
33756.1
33655.4
33538.9
33404.9
33251.9
33078.8
32884.8
32669.5
32432.9
32175.6
31898.7
31603.6
31292
30966
30627.9
30280.4
29926.6
29570.8
29218.7
28880.1
28551.2
28544.7
28621.5
28878.4
29473.2
30652.4
32828.7
36698.1
43336.4
53925.9
68551.2
85153.4
93228
92247.7
90655.7
89137.3
87932.8
86910.4
85645.5
88152.9
53766.1
200927
79195.4
74859.9
68515.4
61427.8
54679.4
48925.2
44419.3
41151.2
38942.9
37517.6
36645.3
36159.7
35868.7
35624
35389.5
35167.9
34972.7
34812.2
34685.4
34586.2
34507.9
34445.2
34394.1
34351.9
34316.2
34285.6
34258.3
34233.1
34208.8
34183.8
34157.1
34127.5
34093.6
34054.5
34009.1
33955.9
33893.7
33820.7
33735.3
33635.5
33519.5
33385.6
33232.3
33058.5
32863.3
32646.6
32408.4
32149.3
31870.5
31573.5
31260.1
30932.4
30592.7
30243.9
29889.1
29532.6
29181
28845.1
28530.2
28545
28640.3
28917.8
29546.6
30799.8
33120.3
37238.7
44256
55288
70230.7
86568.8
92866.7
91899.6
90421.1
88999.6
87855.5
86900
85705.4
88395.4
53170.9
198208
78281.7
73093.6
65590.2
57604.9
50641
45420.6
41921.9
39739.2
38399.1
37570.7
36989.8
36526.2
36118.9
35746.6
35430.3
35181.7
34992.8
34847.3
34731.9
34638.1
34561.1
34497.7
34445.4
34402
34365.5
34334.1
34306.3
34280.5
34255.3
34229.4
34201.6
34170.7
34135.6
34095.3
34048.6
33994.2
33930.5
33856
33768.8
33667.2
33549.3
33413.4
33258.3
33082.6
32885.7
32667.2
32427.3
32166.6
31886.3
31587.9
31273.2
30944.5
30604.1
30254.9
29900.1
29544.1
29194
28861.3
28555.2
28578.5
28696.3
29011.9
29689.3
31001.6
33411
37682.6
44949.2
56282.5
71466.7
87491.4
92005.7
91347.7
90139.4
88861.8
87767.7
86868.9
85752.7
88621.4
51388.5
195511
77148
70846.1
62046.2
53279.3
46261.3
41598.8
39003.5
37946
37383.1
36897.3
36420.1
35968.2
35592.1
35325.4
35130.1
34970.5
34830.9
34708.1
34603.5
34518
34450.1
34396.5
34353.5
34318.4
34289.1
34264.3
34242.3
34221.7
34201.1
34179.3
34155
34127.4
34095.2
34057.6
34013.2
33960.7
33898.6
33825.2
33738.6
33637.1
33518.9
33382.4
33226.2
33049.1
32850.6
32630.2
32388.3
32125.5
31843.1
31542.6
31226.1
30895.8
30554.1
30203.8
29848.5
29492.8
29144.6
28817.2
28528.9
28561.1
28698.9
29050.4
29791.3
31208.4
33791.2
38349.8
46048.5
57855.5
73371
88767.7
91791.1
91114.1
90030.1
88841.3
87763.9
86919.7
85941.1
88936.9
48133.4
191438
74154.8
66263.8
57270.8
49859.7
44669.4
41335
39464.5
38492.1
37835.5
37273.6
36729.9
36215.3
35775.4
35446.3
35213.8
35037.2
34890.2
34764.3
34658.2
34571.5
34502.1
34446.5
34401.6
34364.9
34334.3
34308.2
34284.7
34262.5
34240
34216.3
34190.2
34160.7
34126.9
34087.7
34041.7
33987.7
33924
33849
33760.8
33657.7
33538
33400
33242.4
33064.1
32864.3
32642.8
32399.8
32136.1
31852.8
31551.5
31234.4
30903.5
30561.5
30211.2
29856.1
29501.1
29154.4
28830.1
28549.7
28586.2
28735.3
29107.7
29878.7
31337.3
33982.8
38641.7
46494.3
58456.1
74142.3
89021.6
91137.3
90752.6
89896.4
88803.2
87744
86950.8
86095.6
89396
41847.6
189753
66114.5
55020
45863.4
41224.1
40858.3
40372
39538.4
38449
37368.9
36532.1
36045.7
35792.3
35571.8
35343.6
35118.8
34924.1
34775.1
34666.2
34581.5
34510.4
34449
34396.9
34354.7
34321.3
34294.7
34272.6
34252.6
34233
34212.7
34190.6
34165.9
34137.5
34104.7
34066.1
34020.6
33966.6
33902.5
33826.5
33736.9
33631.8
33509.7
33369.2
33208.9
33027.7
32824.9
32600.4
32354.5
32087.9
31802
31498.6
31179.5
30847.1
30503.9
30153
29797.9
29443.9
29100.2
28783.1
28527.1
28576.4
28756.5
29182.5
30036.1
31626.5
34491.7
39515.6
47893.2
60374.6
76450
90119.3
91155.4
90666.3
89797.9
88723.1
87684.7
86963
86529.7
91733.6
43192.7
183076
)
;

boundaryField
{
    inlet
    {
        type            fixedValue;
        value           uniform 200000;
    }
    outlet
    {
        type            fixedValue;
        value           uniform 9000;
    }
    axis
    {
        type            symmetryPlane;
    }
    wall
    {
        type            zeroGradient;
    }
    frontAndBack
    {
        type            empty;
    }
}


// ************************************************************************* //
