/*--------------------------------*- C++ -*----------------------------------*\
  =========                 |
  \\      /  F ield         | OpenFOAM: The Open Source CFD Toolbox
   \\    /   O peration     | Website:  https://openfoam.org
    \\  /    A nd           | Version:  13
     \\/     M anipulation  |
\*---------------------------------------------------------------------------*/
FoamFile
{
    format      ascii;
    class       volVectorField;
    location    "0.7";
    object      U;
}
// * * * * * * * * * * * * * * * * * * * * * * * * * * * * * * * * * * * * * //

dimensions      [0 1 -1 0 0 0 0];

internalField   nonuniform List<vector> 
400
(
(7.88284e-05 -7.88797e-05 0)
(7.24596e-05 2.39527e-05 0)
(-0.000159933 0.000126904 0)
(-0.00112452 0.000292943 0)
(-0.00276368 0.00043468 0)
(-0.00471788 0.000489779 0)
(-0.00673187 0.000470473 0)
(-0.00819221 0.000365782 0)
(-0.0104077 0.000311771 0)
(-0.0111567 0.000104955 0)
(-1.88656e-05 -7.72341e-05 0)
(-0.000734526 0.000741199 0)
(-0.00193798 0.00150326 0)
(-0.00529783 0.00268693 0)
(-0.0101462 0.00355039 0)
(-0.0159527 0.00395215 0)
(-0.0220412 0.00385184 0)
(-0.0277383 0.00332531 0)
(-0.0328382 0.00249688 0)
(-0.0363129 0.000901869 0)
(-0.000119196 0.000145874 0)
(-0.00150907 0.00194658 0)
(-0.00346692 0.00344225 0)
(-0.00849526 0.00574186 0)
(-0.0153136 0.00737266 0)
(-0.0233235 0.00811262 0)
(-0.0318507 0.00793327 0)
(-0.0397418 0.00684243 0)
(-0.0463846 0.00505044 0)
(-0.0515121 0.00185809 0)
(-0.000296052 0.0011164 0)
(-0.00285121 0.00542455 0)
(-0.0061174 0.00858725 0)
(-0.0138536 0.0132105 0)
(-0.0237383 0.0163499 0)
(-0.0350756 0.0177453 0)
(-0.0469484 0.0172332 0)
(-0.0580123 0.0149379 0)
(-0.0670229 0.0109007 0)
(-0.074078 0.00402337 0)
(-0.000488759 0.00290204 0)
(-0.00416833 0.0108561 0)
(-0.00869894 0.0161497 0)
(-0.0190215 0.0235707 0)
(-0.0319817 0.0285619 0)
(-0.0464746 0.0305899 0)
(-0.061249 0.0294264 0)
(-0.074799 0.0253118 0)
(-0.0861233 0.0186021 0)
(-0.0946591 0.00679032 0)
(-0.000644656 0.00532136 0)
(-0.00541818 0.0182488 0)
(-0.0111787 0.0262627 0)
(-0.0241325 0.037111 0)
(-0.0401132 0.0441384 0)
(-0.0576781 0.0466984 0)
(-0.0753133 0.044563 0)
(-0.0913149 0.0381318 0)
(-0.104679 0.0280226 0)
(-0.114752 0.0102519 0)
(-0.000775798 0.00834601 0)
(-0.00660607 0.0276218 0)
(-0.0136786 0.0392434 0)
(-0.0293232 0.0542264 0)
(-0.0482507 0.0633515 0)
(-0.0688402 0.0662987 0)
(-0.0894426 0.0628902 0)
(-0.108024 0.0536625 0)
(-0.123215 0.0390935 0)
(-0.13497 0.0145158 0)
(-0.000822988 0.0114369 0)
(-0.00781399 0.0390683 0)
(-0.0161301 0.0549299 0)
(-0.0346865 0.0748684 0)
(-0.0565363 0.086181 0)
(-0.0800759 0.0893099 0)
(-0.10359 0.0841684 0)
(-0.124584 0.0715944 0)
(-0.141476 0.0517653 0)
(-0.154762 0.0196828 0)
(-0.00111399 0.0169719 0)
(-0.00937242 0.05363 0)
(-0.0190399 0.0741971 0)
(-0.0403771 0.0996099 0)
(-0.06551 0.113317 0)
(-0.092036 0.116125 0)
(-0.117879 0.108768 0)
(-0.140746 0.0921596 0)
(-0.158647 0.0669871 0)
(-0.173817 0.0256302 0)
(-0.00125401 0.0233897 0)
(-0.0112492 0.0755469 0)
(-0.0230005 0.104107 0)
(-0.0482785 0.137494 0)
(-0.0770209 0.154291 0)
(-0.106639 0.156274 0)
(-0.134949 0.144571 0)
(-0.159253 0.121266 0)
(-0.178579 0.0876624 0)
(-0.194052 0.0346428 0)
(-0.0111757 -9.85246e-05 0)
(-0.0104426 -0.000312721 0)
(-0.00820801 -0.000372528 0)
(-0.00670926 -0.000481254 0)
(-0.00465445 -0.000498844 0)
(-0.00267847 -0.000436997 0)
(-0.00104874 -0.000287293 0)
(-0.000115589 -0.000116674 0)
(9.5231e-05 -1.44308e-05 0)
(8.02164e-05 7.98458e-05 0)
(-0.0363526 -0.000864255 0)
(-0.0329042 -0.00250746 0)
(-0.0277543 -0.0033771 0)
(-0.0219635 -0.00392342 0)
(-0.0157792 -0.00400945 0)
(-0.00992161 -0.0035636 0)
(-0.00509058 -0.00264796 0)
(-0.00180752 -0.00143372 0)
(-0.000661895 -0.000675945 0)
(-7.91223e-06 0.000100182 0)
(-0.0515619 -0.0017904 0)
(-0.0464672 -0.00507253 0)
(-0.0397616 -0.0069428 0)
(-0.0317529 -0.00807012 0)
(-0.0231038 -0.00822128 0)
(-0.0150258 -0.00739851 0)
(-0.00822359 -0.00566821 0)
(-0.00329155 -0.00330718 0)
(-0.00140994 -0.00181781 0)
(-0.00010434 -9.58535e-05 0)
(-0.0741634 -0.00388485 0)
(-0.0671881 -0.0109395 0)
(-0.0581161 -0.0151359 0)
(-0.0469067 -0.0175066 0)
(-0.0348665 -0.0179694 0)
(-0.0234176 -0.0164146 0)
(-0.0135243 -0.0130762 0)
(-0.00589115 -0.00831906 0)
(-0.00271916 -0.00515934 0)
(-0.000275145 -0.00100117 0)
(-0.0948372 -0.00650651 0)
(-0.0865271 -0.0186216 0)
(-0.0751842 -0.0256076 0)
(-0.0614717 -0.0298758 0)
(-0.046464 -0.0309916 0)
(-0.0317701 -0.0287246 0)
(-0.0187242 -0.0234086 0)
(-0.00846209 -0.0157471 0)
(-0.00402042 -0.0104333 0)
(-0.000461706 -0.00269814 0)
(-0.115119 -0.00964318 0)
(-0.10558 -0.0279124 0)
(-0.0923094 -0.0384991 0)
(-0.076147 -0.0452414 0)
(-0.0581793 -0.0473882 0)
(-0.040252 -0.0445271 0)
(-0.0240182 -0.0370235 0)
(-0.0110021 -0.0257738 0)
(-0.00528874 -0.0176854 0)
(-0.000616287 -0.00502353 0)
(-0.135667 -0.0132283 0)
(-0.124979 -0.0386197 0)
(-0.11012 -0.0540181 0)
(-0.0914082 -0.0638636 0)
(-0.07033 -0.0674579 0)
(-0.0491212 -0.0642046 0)
(-0.0296465 -0.0544394 0)
(-0.0136857 -0.0388157 0)
(-0.00655599 -0.0270074 0)
(-0.000753575 -0.00797022 0)
(-0.155962 -0.01715 0)
(-0.144547 -0.0505273 0)
(-0.12839 -0.0717719 0)
(-0.107364 -0.0854935 0)
(-0.0831987 -0.0912024 0)
(-0.0586729 -0.0878865 0)
(-0.0358142 -0.0757878 0)
(-0.0165014 -0.0548635 0)
(-0.0079355 -0.0386134 0)
(-0.000817032 -0.0110456 0)
(-0.175701 -0.020924 0)
(-0.163582 -0.0643997 0)
(-0.147021 -0.0917828 0)
(-0.124319 -0.110459 0)
(-0.097652 -0.119105 0)
(-0.0696643 -0.116486 0)
(-0.0428586 -0.101935 0)
(-0.0200733 -0.0750942 0)
(-0.00981779 -0.0537666 0)
(-0.00114431 -0.0166711 0)
(-0.197002 -0.0254416 0)
(-0.186447 -0.0818156 0)
(-0.169545 -0.1194 0)
(-0.145969 -0.146625 0)
(-0.116751 -0.161303 0)
(-0.0849609 -0.160551 0)
(-0.0533979 -0.143092 0)
(-0.0253812 -0.107562 0)
(-0.0123693 -0.0774723 0)
(-0.00135984 -0.0235556 0)
(-0.00157051 0.03254 0)
(-0.0137726 0.103145 0)
(-0.0278488 0.140752 0)
(-0.0571131 0.182441 0)
(-0.0887808 0.200793 0)
(-0.119793 0.199891 0)
(-0.147889 0.182168 0)
(-0.170957 0.15141 0)
(-0.188437 0.10891 0)
(-0.20265 0.0443182 0)
(-0.00222642 0.045769 0)
(-0.0173957 0.136797 0)
(-0.0338967 0.18213 0)
(-0.0664948 0.230092 0)
(-0.0993311 0.247688 0)
(-0.128039 0.240491 0)
(-0.150861 0.214355 0)
(-0.167583 0.175075 0)
(-0.17877 0.126445 0)
(-0.188342 0.0520726 0)
(-0.00244984 0.0529995 0)
(-0.0206489 0.164585 0)
(-0.0397849 0.218282 0)
(-0.0745541 0.268543 0)
(-0.104537 0.28007 0)
(-0.127003 0.265106 0)
(-0.141479 0.231123 0)
(-0.149657 0.186057 0)
(-0.152143 0.131313 0)
(-0.154451 0.0557487 0)
(-0.0036535 0.068986 0)
(-0.0260271 0.197834 0)
(-0.0479273 0.256067 0)
(-0.0819974 0.302381 0)
(-0.105113 0.303965 0)
(-0.115643 0.277771 0)
(-0.115747 0.235178 0)
(-0.109694 0.184676 0)
(-0.101583 0.12938 0)
(-0.0936914 0.0548229 0)
(-0.00550015 0.0871612 0)
(-0.0343905 0.236696 0)
(-0.0585755 0.295397 0)
(-0.087036 0.328893 0)
(-0.0947365 0.313112 0)
(-0.0851343 0.272961 0)
(-0.064537 0.222362 0)
(-0.040357 0.169569 0)
(-0.0197589 0.117201 0)
(0.000557901 0.0494219 0)
(-0.0091944 0.111531 0)
(-0.0467899 0.279601 0)
(-0.0704629 0.330763 0)
(-0.0812269 0.337414 0)
(-0.060565 0.298215 0)
(-0.0218564 0.244717 0)
(0.0237446 0.189989 0)
(0.066547 0.139893 0)
(0.100439 0.0943873 0)
(0.130547 0.0395103 0)
(-0.0167522 0.145777 0)
(-0.0621393 0.322 0)
(-0.0739844 0.348999 0)
(-0.0426303 0.312077 0)
(0.0230947 0.248811 0)
(0.096534 0.189041 0)
(0.165585 0.138502 0)
(0.221164 0.0981944 0)
(0.266197 0.0639256 0)
(0.299288 0.0265582 0)
(-0.0313161 0.212258 0)
(-0.0560428 0.337271 0)
(-0.0201325 0.311308 0)
(0.0907175 0.227576 0)
(0.20607 0.158275 0)
(0.304299 0.109308 0)
(0.382242 0.075075 0)
(0.44075 0.0505885 0)
(0.482098 0.0322521 0)
(0.512733 0.0129368 0)
(-0.0237904 0.2679 0)
(0.0166344 0.293893 0)
(0.111303 0.231569 0)
(0.271274 0.143541 0)
(0.395448 0.0905863 0)
(0.487805 0.0589234 0)
(0.556971 0.0387508 0)
(0.605754 0.0254312 0)
(0.634908 0.0162056 0)
(0.662129 0.00620838 0)
(0.264283 0.169879 0)
(0.45397 0.11214 0)
(0.610398 0.0614286 0)
(0.738825 0.0255697 0)
(0.795712 0.0135908 0)
(0.835081 0.00784091 0)
(0.862664 0.00476121 0)
(0.886491 0.00269688 0)
(0.889355 0.00190239 0)
(0.902418 0.000611031 0)
(-0.206519 -0.0283716 0)
(-0.198997 -0.0979334 0)
(-0.185284 -0.146576 0)
(-0.163855 -0.183952 0)
(-0.135208 -0.207402 0)
(-0.101588 -0.211662 0)
(-0.0659261 -0.193602 0)
(-0.032254 -0.149093 0)
(-0.015944 -0.108738 0)
(-0.00180946 -0.0338448 0)
(-0.192202 -0.0285476 0)
(-0.189844 -0.1091 0)
(-0.18319 -0.165802 0)
(-0.169392 -0.214456 0)
(-0.147245 -0.249776 0)
(-0.116479 -0.263756 0)
(-0.079089 -0.248584 0)
(-0.0406769 -0.197766 0)
(-0.0209405 -0.14841 0)
(-0.00269173 -0.049296 0)
(-0.157271 -0.0270348 0)
(-0.160579 -0.109004 0)
(-0.162729 -0.172474 0)
(-0.158199 -0.228638 0)
(-0.145894 -0.274518 0)
(-0.12289 -0.299434 0)
(-0.0892719 -0.293258 0)
(-0.0482361 -0.241024 0)
(-0.0251533 -0.182087 0)
(-0.00301264 -0.0584813 0)
(-0.0943324 -0.0234562 0)
(-0.10443 -0.103686 0)
(-0.11557 -0.16718 0)
(-0.125561 -0.228965 0)
(-0.129351 -0.285046 0)
(-0.120894 -0.324347 0)
(-0.0965063 -0.331842 0)
(-0.0573516 -0.285946 0)
(-0.0313569 -0.222114 0)
(-0.00445691 -0.0776678 0)
(0.00289938 -0.0189752 0)
(-0.014381 -0.0907632 0)
(-0.0349388 -0.14945 0)
(-0.0619107 -0.211937 0)
(-0.0874381 -0.275732 0)
(-0.102239 -0.330953 0)
(-0.0974803 -0.359947 0)
(-0.0673683 -0.331124 0)
(-0.0399763 -0.267659 0)
(-0.00649449 -0.0993275 0)
(0.135809 -0.0140174 0)
(0.114494 -0.0708312 0)
(0.0846516 -0.119977 0)
(0.0421014 -0.176554 0)
(-0.00739777 -0.241729 0)
(-0.0532858 -0.309582 0)
(-0.0819384 -0.364727 0)
(-0.0756817 -0.368438 0)
(-0.0513635 -0.315205 0)
(-0.0103416 -0.127196 0)
(0.306302 -0.00917348 0)
(0.285832 -0.0468809 0)
(0.248762 -0.0821067 0)
(0.197618 -0.125173 0)
(0.128509 -0.18148 0)
(0.0494114 -0.251367 0)
(-0.0271583 -0.329469 0)
(-0.07066 -0.381731 0)
(-0.0630943 -0.357402 0)
(-0.0179041 -0.164089 0)
(0.519103 -0.00470102 0)
(0.500643 -0.0236114 0)
(0.46835 -0.0416388 0)
(0.417248 -0.0661653 0)
(0.344251 -0.101647 0)
(0.24632 -0.154357 0)
(0.124318 -0.231853 0)
(-0.00152763 -0.329706 0)
(-0.0478904 -0.363431 0)
(-0.031349 -0.231698 0)
(0.666762 -0.00245088 0)
(0.648926 -0.0120423 0)
(0.626839 -0.0209611 0)
(0.585064 -0.0338746 0)
(0.522149 -0.0539365 0)
(0.433566 -0.0864633 0)
(0.308156 -0.142683 0)
(0.138276 -0.239313 0)
(0.0328849 -0.309334 0)
(-0.0205163 -0.284001 0)
(0.903569 -0.000345973 0)
(0.893137 -0.00153988 0)
(0.891934 -0.00232628 0)
(0.8709 -0.00422155 0)
(0.846191 -0.00711687 0)
(0.809801 -0.0125771 0)
(0.755297 -0.0241423 0)
(0.62839 -0.0602059 0)
(0.469628 -0.11268 0)
(0.270343 -0.17305 0)
)
;

boundaryField
{
    movingWall
    {
        type            fixedValue;
        value           uniform (1 0 0);
    }
    fixedWalls
    {
        type            noSlip;
    }
    frontAndBack
    {
        type            empty;
    }
}


// ************************************************************************* //
