/*--------------------------------*- C++ -*----------------------------------*\
  =========                 |
  \\      /  F ield         | OpenFOAM: The Open Source CFD Toolbox
   \\    /   O peration     | Website:  https://openfoam.org
    \\  /    A nd           | Version:  13
     \\/     M anipulation  |
\*---------------------------------------------------------------------------*/
FoamFile
{
    format      ascii;
    class       volScalarField;
    location    "0.7";
    object      Uy;
}
// * * * * * * * * * * * * * * * * * * * * * * * * * * * * * * * * * * * * * //

dimensions      [0 1 -1 0 0 0 0];

internalField   nonuniform List<scalar> 
400
(
-7.88797e-05
2.39527e-05
0.000126904
0.000292943
0.00043468
0.000489779
0.000470473
0.000365782
0.000311771
0.000104955
-7.72341e-05
0.000741199
0.00150326
0.00268693
0.00355039
0.00395215
0.00385184
0.00332531
0.00249688
0.000901869
0.000145874
0.00194658
0.00344225
0.00574186
0.00737266
0.00811262
0.00793327
0.00684243
0.00505044
0.00185809
0.0011164
0.00542455
0.00858725
0.0132105
0.0163499
0.0177453
0.0172332
0.0149379
0.0109007
0.00402337
0.00290204
0.0108561
0.0161497
0.0235707
0.0285619
0.0305899
0.0294264
0.0253118
0.0186021
0.00679032
0.00532136
0.0182488
0.0262627
0.037111
0.0441384
0.0466984
0.044563
0.0381318
0.0280226
0.0102519
0.00834601
0.0276218
0.0392434
0.0542264
0.0633515
0.0662987
0.0628902
0.0536625
0.0390935
0.0145158
0.0114369
0.0390683
0.0549299
0.0748684
0.086181
0.0893099
0.0841684
0.0715944
0.0517653
0.0196828
0.0169719
0.05363
0.0741971
0.0996099
0.113317
0.116125
0.108768
0.0921596
0.0669871
0.0256302
0.0233897
0.0755469
0.104107
0.137494
0.154291
0.156274
0.144571
0.121266
0.0876624
0.0346428
-9.85246e-05
-0.000312721
-0.000372528
-0.000481254
-0.000498844
-0.000436997
-0.000287293
-0.000116674
-1.44308e-05
7.98458e-05
-0.000864255
-0.00250746
-0.0033771
-0.00392342
-0.00400945
-0.0035636
-0.00264796
-0.00143372
-0.000675945
0.000100182
-0.0017904
-0.00507253
-0.0069428
-0.00807012
-0.00822128
-0.00739851
-0.00566821
-0.00330718
-0.00181781
-9.58535e-05
-0.00388485
-0.0109395
-0.0151359
-0.0175066
-0.0179694
-0.0164146
-0.0130762
-0.00831906
-0.00515934
-0.00100117
-0.00650651
-0.0186216
-0.0256076
-0.0298758
-0.0309916
-0.0287246
-0.0234086
-0.0157471
-0.0104333
-0.00269814
-0.00964318
-0.0279124
-0.0384991
-0.0452414
-0.0473882
-0.0445271
-0.0370235
-0.0257738
-0.0176854
-0.00502353
-0.0132283
-0.0386197
-0.0540181
-0.0638636
-0.0674579
-0.0642046
-0.0544394
-0.0388157
-0.0270074
-0.00797022
-0.01715
-0.0505273
-0.0717719
-0.0854935
-0.0912024
-0.0878865
-0.0757878
-0.0548635
-0.0386134
-0.0110456
-0.020924
-0.0643997
-0.0917828
-0.110459
-0.119105
-0.116486
-0.101935
-0.0750942
-0.0537666
-0.0166711
-0.0254416
-0.0818156
-0.1194
-0.146625
-0.161303
-0.160551
-0.143092
-0.107562
-0.0774723
-0.0235556
0.03254
0.103145
0.140752
0.182441
0.200793
0.199891
0.182168
0.15141
0.10891
0.0443182
0.045769
0.136797
0.18213
0.230092
0.247688
0.240491
0.214355
0.175075
0.126445
0.0520726
0.0529995
0.164585
0.218282
0.268543
0.28007
0.265106
0.231123
0.186057
0.131313
0.0557487
0.068986
0.197834
0.256067
0.302381
0.303965
0.277771
0.235178
0.184676
0.12938
0.0548229
0.0871612
0.236696
0.295397
0.328893
0.313112
0.272961
0.222362
0.169569
0.117201
0.0494219
0.111531
0.279601
0.330763
0.337414
0.298215
0.244717
0.189989
0.139893
0.0943873
0.0395103
0.145777
0.322
0.348999
0.312077
0.248811
0.189041
0.138502
0.0981944
0.0639256
0.0265582
0.212258
0.337271
0.311308
0.227576
0.158275
0.109308
0.075075
0.0505885
0.0322521
0.0129368
0.2679
0.293893
0.231569
0.143541
0.0905863
0.0589234
0.0387508
0.0254312
0.0162056
0.00620838
0.169879
0.11214
0.0614286
0.0255697
0.0135908
0.00784091
0.00476121
0.00269688
0.00190239
0.000611031
-0.0283716
-0.0979334
-0.146576
-0.183952
-0.207402
-0.211662
-0.193602
-0.149093
-0.108738
-0.0338448
-0.0285476
-0.1091
-0.165802
-0.214456
-0.249776
-0.263756
-0.248584
-0.197766
-0.14841
-0.049296
-0.0270348
-0.109004
-0.172474
-0.228638
-0.274518
-0.299434
-0.293258
-0.241024
-0.182087
-0.0584813
-0.0234562
-0.103686
-0.16718
-0.228965
-0.285046
-0.324347
-0.331842
-0.285946
-0.222114
-0.0776678
-0.0189752
-0.0907632
-0.14945
-0.211937
-0.275732
-0.330953
-0.359947
-0.331124
-0.267659
-0.0993275
-0.0140174
-0.0708312
-0.119977
-0.176554
-0.241729
-0.309582
-0.364727
-0.368438
-0.315205
-0.127196
-0.00917348
-0.0468809
-0.0821067
-0.125173
-0.18148
-0.251367
-0.329469
-0.381731
-0.357402
-0.164089
-0.00470102
-0.0236114
-0.0416388
-0.0661653
-0.101647
-0.154357
-0.231853
-0.329706
-0.363431
-0.231698
-0.00245088
-0.0120423
-0.0209611
-0.0338746
-0.0539365
-0.0864633
-0.142683
-0.239313
-0.309334
-0.284001
-0.000345973
-0.00153988
-0.00232628
-0.00422155
-0.00711687
-0.0125771
-0.0241423
-0.0602059
-0.11268
-0.17305
)
;

boundaryField
{
    movingWall
    {
        type            calculated;
        value           uniform 0;
    }
    fixedWalls
    {
        type            calculated;
        value           uniform 0;
    }
    frontAndBack
    {
        type            empty;
    }
}


// ************************************************************************* //
