/*--------------------------------*- C++ -*----------------------------------*\
  =========                 |
  \\      /  F ield         | OpenFOAM: The Open Source CFD Toolbox
   \\    /   O peration     | Website:  https://openfoam.org
    \\  /    A nd           | Version:  13
     \\/     M anipulation  |
\*---------------------------------------------------------------------------*/
FoamFile
{
    format      ascii;
    class       volScalarField;
    location    "18";
    object      epsilon;
}
// * * * * * * * * * * * * * * * * * * * * * * * * * * * * * * * * * * * * * //

dimensions      [0 2 -3 0 0 0 0];

internalField   nonuniform List<scalar> 
400
(
2.84272e-05
8.15886e-05
0.000317978
0.000647935
0.00087322
0.00104493
0.00118128
0.00131264
0.00142615
0.00154248
0.00165021
0.00176422
0.00187352
0.00193905
0.00196643
0.00195151
0.00178264
0.00135484
0.000825468
0.000576156
0.000123153
0.000320605
0.000809682
0.00108602
0.00114064
0.00116177
0.00116563
0.00120448
0.00124716
0.00133365
0.00144313
0.00159074
0.0017651
0.00196972
0.00218797
0.00238039
0.00246307
0.0024094
0.00187479
0.00121771
0.000395291
0.000935253
0.00114525
0.00116732
0.00112609
0.00110514
0.00108772
0.00110336
0.00116154
0.00123461
0.0013265
0.00143486
0.00156485
0.00172337
0.00191262
0.00212999
0.0022926
0.00234928
0.00212679
0.00160431
0.000841192
0.00121862
0.00122845
0.00112941
0.00104567
0.000992143
0.00097517
0.000974661
0.00100137
0.00103237
0.00108224
0.00115417
0.00126176
0.00141428
0.00162806
0.00190549
0.002189
0.00231333
0.00224343
0.00185356
0.00115089
0.00137421
0.00120122
0.00103544
0.000920047
0.000858037
0.000818304
0.000789713
0.000773728
0.000767327
0.000777882
0.000825615
0.000918204
0.00107465
0.00131968
0.00167218
0.00211422
0.00235969
0.00239002
0.00203878
0.00131987
0.00137087
0.00112839
0.000919367
0.000801729
0.000725033
0.000659349
0.000599431
0.000548104
0.000518725
0.000508853
0.000529735
0.000608721
0.000757612
0.00101673
0.00142888
0.00200935
0.00246928
0.00258449
0.00218842
0.00134686
0.00132566
0.00102465
0.000817381
0.000698047
0.000607141
0.000521587
0.000441478
0.000373728
0.000332055
0.000315387
0.000316682
0.000375104
0.000500334
0.000742988
0.00117872
0.00187679
0.00259167
0.00281534
0.0023083
0.0013277
0.00122711
0.000927848
0.000732287
0.000613649
0.000514099
0.000418118
0.000330735
0.000260759
0.000217663
0.000199035
0.000196321
0.00023288
0.000325012
0.000528006
0.000943554
0.00170375
0.00270236
0.00310813
0.0024082
0.00127829
0.00111255
0.000843391
0.000665574
0.000550087
0.000447634
0.00034937
0.000262988
0.000197175
0.000158401
0.000142119
0.000139971
0.000164495
0.000228968
0.000384471
0.000756236
0.00153786
0.00276942
0.00339893
0.00248272
0.00118597
0.00101117
0.000773898
0.000614409
0.000504783
0.000405012
0.00030937
0.000227202
0.000167444
0.000132831
0.000118562
0.000118161
0.000136256
0.000184477
0.000304061
0.000620294
0.00140138
0.00281346
0.00371168
0.00254379
0.00108578
0.000926809
0.000720145
0.000579005
0.000476224
0.000380584
0.000291272
0.000217493
0.000163508
0.00013011
0.00011388
0.000113738
0.00012819
0.000168164
0.000267496
0.000539565
0.00128292
0.00285676
0.00399868
0.00258241
0.000996708
0.000870899
0.000682639
0.000554359
0.000458808
0.000373275
0.000292675
0.000222491
0.000170589
0.000137905
0.000121668
0.000121823
0.000132375
0.000165879
0.000256224
0.000503914
0.00121286
0.00291357
0.0042612
0.00261015
0.000902275
0.000830737
0.000664794
0.000548034
0.000459644
0.000377663
0.000301711
0.000237061
0.00018882
0.00015736
0.000140438
0.000140893
0.000150864
0.000181895
0.000262833
0.000494031
0.0011849
0.00298614
0.00444695
0.00262361
0.000811815
0.000809029
0.000674122
0.000556324
0.000469647
0.000391875
0.000322523
0.000264508
0.000219543
0.00018908
0.000170477
0.00017085
0.000180764
0.000212359
0.000294235
0.000518205
0.0011837
0.00309224
0.00454224
0.0026314
0.000711944
0.000783855
0.000694132
0.000581121
0.000496098
0.000421624
0.000356029
0.000301618
0.000259261
0.000230442
0.000211235
0.000211932
0.000222923
0.000257663
0.000346303
0.000582416
0.00125538
0.00325294
0.00457648
0.00257
0.000604561
0.000773893
0.000736231
0.000642964
0.00055698
0.000482675
0.000416529
0.000361048
0.000316998
0.000287189
0.000266463
0.000267881
0.000281729
0.000324125
0.00042941
0.000699241
0.00140218
0.00345337
0.00442083
0.0024662
0.000491539
0.000731864
0.000755105
0.000722982
0.000657331
0.000586187
0.000517276
0.000456979
0.000408417
0.000374169
0.000354271
0.000358527
0.000380702
0.000443512
0.000590826
0.00094879
0.00173737
0.00370798
0.00411081
0.00232944
0.000332698
0.000640479
0.000830172
0.00089602
0.000879601
0.000824849
0.000747748
0.000676239
0.000621215
0.000580783
0.000578666
0.000598798
0.000656449
0.00079509
0.00108045
0.00171612
0.00268295
0.00408786
0.00396842
0.00216572
0.000347857
0.000638579
0.00103157
0.00124847
0.0013282
0.00132731
0.00130778
0.00128389
0.0012943
0.00133743
0.00143399
0.00163006
0.00190629
0.00236433
0.00295917
0.00389028
0.00472536
0.00465263
0.00406489
0.00192615
0.000252654
0.000385872
0.00067648
0.000961856
0.00117857
0.00132558
0.00140787
0.00145974
0.00148418
0.00150074
0.001507
0.00151723
0.00152583
0.00154781
0.00156306
0.00162
0.00169051
0.00177953
0.00176195
0.00156979
)
;

boundaryField
{
    movingWall
    {
        type            epsilonWallFunction;
        value           nonuniform List<scalar> 
20
(
0.000252654
0.000385872
0.00067648
0.000961856
0.00117857
0.00132558
0.00140787
0.00145974
0.00148418
0.00150074
0.001507
0.00151723
0.00152583
0.00154781
0.00156306
0.00162
0.00169051
0.00177953
0.00176195
0.00156979
)
;
    }
    fixedWalls
    {
        type            epsilonWallFunction;
        value           nonuniform List<scalar> 
60
(
2.84272e-05
0.000123153
0.000395291
0.000841192
0.00115089
0.00131987
0.00134686
0.0013277
0.00127829
0.00118597
0.00108578
0.000996708
0.000902275
0.000811815
0.000711944
0.000604561
0.000491539
0.000332698
0.000347857
0.000252654
0.000576156
0.00121771
0.00160431
0.00185356
0.00203878
0.00218842
0.0023083
0.0024082
0.00248272
0.00254379
0.00258241
0.00261015
0.00262361
0.0026314
0.00257
0.0024662
0.00232944
0.00216572
0.00192615
0.00156979
2.84272e-05
8.15886e-05
0.000317978
0.000647935
0.00087322
0.00104493
0.00118128
0.00131264
0.00142615
0.00154248
0.00165021
0.00176422
0.00187352
0.00193905
0.00196643
0.00195151
0.00178264
0.00135484
0.000825468
0.000576156
)
;
    }
    frontAndBack
    {
        type            empty;
    }
}


// ************************************************************************* //
