/*--------------------------------*- C++ -*----------------------------------*\
  =========                 |
  \\      /  F ield         | OpenFOAM: The Open Source CFD Toolbox
   \\    /   O peration     | Website:  https://openfoam.org
    \\  /    A nd           | Version:  13
     \\/     M anipulation  |
\*---------------------------------------------------------------------------*/
FoamFile
{
    format      ascii;
    class       volScalarField;
    location    "18";
    object      k;
}
// * * * * * * * * * * * * * * * * * * * * * * * * * * * * * * * * * * * * * //

dimensions      [0 2 -2 0 0 0 0];

internalField   nonuniform List<scalar> 
400
(
8.88566e-06
2.55045e-05
9.93898e-05
0.00020251
0.000272915
0.000326577
0.000369191
0.000410244
0.000445718
0.000482072
0.00051574
0.000551369
0.000585528
0.000606007
0.000614562
0.000609897
0.000557121
0.000423426
0.000257986
0.000180067
3.84938e-05
0.000126862
0.000264969
0.000424654
0.000491492
0.000571776
0.00061634
0.000683163
0.000737161
0.000802079
0.000863542
0.000928365
0.000985858
0.00104877
0.00109694
0.00111854
0.00111901
0.000972139
0.000636449
0.00038057
0.000123549
0.000394086
0.000548774
0.000627835
0.000681266
0.000729968
0.000765155
0.000814475
0.000856787
0.000907662
0.000954513
0.00100282
0.00104947
0.00110057
0.00114724
0.00117479
0.00118286
0.00110888
0.000787949
0.000501392
0.000262898
0.000606287
0.000686315
0.00072023
0.000746647
0.000766335
0.000789758
0.000820962
0.000850806
0.000883085
0.000912039
0.00094829
0.000994801
0.0010532
0.00112221
0.00118143
0.00120571
0.00119013
0.000932873
0.00057929
0.000359687
0.00072057
0.000744691
0.000743206
0.000746941
0.000759189
0.000771762
0.000778328
0.000778438
0.000775541
0.000781464
0.000808579
0.000857491
0.000933089
0.00103865
0.00116458
0.00123751
0.00125244
0.00105567
0.000637176
0.000412497
0.000758669
0.000755491
0.000739793
0.000735478
0.000731447
0.000712973
0.000679939
0.000647825
0.000630009
0.00062429
0.000639331
0.000688744
0.000775757
0.000911199
0.00109482
0.00126034
0.00131817
0.00118125
0.000683945
0.000420935
0.000752146
0.000749318
0.000726214
0.000705993
0.000675459
0.00063062
0.000576635
0.000528724
0.00049877
0.000486985
0.000490888
0.000534825
0.000621459
0.000769173
0.000993624
0.00126573
0.00139083
0.00129991
0.00072141
0.000414947
0.000733204
0.000732414
0.000698782
0.000667162
0.000620934
0.000559966
0.000494653
0.000439355
0.000403937
0.000389109
0.00038812
0.000422816
0.000499911
0.000641433
0.000880818
0.00122703
0.0014566
0.00142942
0.000752635
0.000399505
0.000694942
0.000701446
0.000669073
0.000631824
0.000577159
0.000508575
0.000439385
0.000382912
0.00034695
0.000331608
0.000330143
0.000356649
0.000419713
0.00054645
0.000780967
0.00116326
0.00151708
0.00154289
0.000775925
0.000370655
0.000659976
0.000670848
0.000642315
0.000603816
0.00054657
0.000476817
0.000408278
0.000354033
0.000319359
0.000304331
0.000304359
0.000326148
0.000378909
0.000487155
0.000704441
0.0010981
0.00156685
0.00165695
0.000795013
0.000339343
0.000616361
0.000637876
0.000617719
0.000581973
0.000527662
0.000460872
0.000398013
0.000347646
0.000313825
0.000296829
0.000297528
0.00031609
0.000362232
0.00045915
0.000658835
0.00104665
0.00160302
0.00175312
0.000807077
0.000311506
0.000578148
0.000612159
0.000600246
0.00056831
0.00051845
0.000460737
0.000401591
0.000353389
0.000320493
0.000303493
0.000304115
0.000318211
0.000359057
0.00044999
0.000638547
0.00101682
0.00163544
0.00183631
0.000815759
0.000281994
0.000530399
0.000584
0.000581806
0.000560833
0.000519162
0.000466075
0.000412989
0.000369142
0.000338293
0.000321747
0.000323022
0.000336351
0.000373991
0.000457067
0.000634056
0.00100402
0.0016654
0.00187746
0.000819951
0.000253723
0.000497575
0.000568192
0.000570908
0.000559427
0.00052591
0.000479651
0.00043461
0.000395906
0.000367528
0.000351272
0.000352925
0.000366271
0.000403463
0.000484861
0.000654425
0.00100275
0.00169719
0.00189237
0.000822376
0.000222511
0.000448872
0.000543964
0.000566846
0.000562363
0.000541607
0.000502719
0.000463764
0.000430129
0.00040502
0.00039018
0.000392392
0.000406302
0.000444099
0.000525702
0.000694958
0.00102883
0.00172551
0.00188794
0.000803186
0.00018895
0.000417352
0.000531274
0.000571509
0.000575113
0.000566046
0.000541364
0.000507644
0.00047688
0.000453262
0.00043833
0.000440811
0.000455444
0.000494906
0.000579258
0.000757329
0.00107494
0.00173856
0.00179874
0.000770747
0.00015363
0.000358534
0.000499583
0.00058088
0.000606292
0.000604165
0.000590869
0.000563212
0.000534705
0.00051187
0.000498151
0.000501965
0.000519563
0.00056506
0.000658699
0.000861367
0.00117582
0.00174049
0.00167171
0.000728145
0.000103985
0.000302442
0.000506845
0.000626378
0.000699992
0.000707742
0.000699698
0.000678236
0.000647191
0.000621686
0.000615337
0.000625095
0.000654803
0.000726255
0.000852419
0.00112277
0.00144139
0.00173668
0.00153003
0.000677194
0.000108716
0.000318823
0.000543019
0.00068295
0.000765053
0.000804172
0.000820307
0.000835527
0.000852303
0.000882776
0.000928479
0.00100766
0.0011117
0.00127815
0.00147066
0.00177419
0.00191026
0.00180876
0.00144197
0.000603096
7.89622e-05
0.000120595
0.000211417
0.000300606
0.000368334
0.000414281
0.000440003
0.000456213
0.000463857
0.000469048
0.000471004
0.000474187
0.000477324
0.000483195
0.000489882
0.000505664
0.00052814
0.000556176
0.000550637
0.000490576
)
;

boundaryField
{
    movingWall
    {
        type            kqRWallFunction;
        value           nonuniform List<scalar> 
20
(
7.89622e-05
0.000120595
0.000211417
0.000300606
0.000368334
0.000414281
0.000440003
0.000456213
0.000463857
0.000469048
0.000471004
0.000474187
0.000477324
0.000483195
0.000489882
0.000505664
0.00052814
0.000556176
0.000550637
0.000490576
)
;
    }
    fixedWalls
    {
        type            kqRWallFunction;
        value           nonuniform List<scalar> 
60
(
8.88566e-06
3.84938e-05
0.000123549
0.000262898
0.000359687
0.000412497
0.000420935
0.000414947
0.000399505
0.000370655
0.000339343
0.000311506
0.000281994
0.000253723
0.000222511
0.00018895
0.00015363
0.000103985
0.000108716
7.89622e-05
0.000180067
0.00038057
0.000501392
0.00057929
0.000637176
0.000683945
0.00072141
0.000752635
0.000775925
0.000795013
0.000807077
0.000815759
0.000819951
0.000822376
0.000803186
0.000770747
0.000728145
0.000677194
0.000603096
0.000490576
8.88566e-06
2.55045e-05
9.93898e-05
0.00020251
0.000272915
0.000326577
0.000369191
0.000410244
0.000445718
0.000482072
0.00051574
0.000551369
0.000585528
0.000606007
0.000614562
0.000609897
0.000557121
0.000423426
0.000257986
0.000180067
)
;
    }
    frontAndBack
    {
        type            empty;
    }
}


// ************************************************************************* //
