/*--------------------------------*- C++ -*----------------------------------*\
  =========                 |
  \\      /  F ield         | OpenFOAM: The Open Source CFD Toolbox
   \\    /   O peration     | Website:  https://openfoam.org
    \\  /    A nd           | Version:  13
     \\/     M anipulation  |
\*---------------------------------------------------------------------------*/
FoamFile
{
    format      ascii;
    class       volScalarField;
    location    "18";
    object      nut;
}
// * * * * * * * * * * * * * * * * * * * * * * * * * * * * * * * * * * * * * //

dimensions      [0 2 -1 0 0 0 0];

internalField   nonuniform List<scalar> 
400
(
2.4997e-07
7.17539e-07
2.79595e-06
5.69642e-06
7.67668e-06
9.18603e-06
1.03847e-05
1.15393e-05
1.25371e-05
1.35596e-05
1.45066e-05
1.55087e-05
1.64695e-05
1.70454e-05
1.72861e-05
1.71548e-05
1.56704e-05
1.191e-05
7.25664e-06
5.06493e-06
1.08287e-06
4.5179e-06
7.804e-06
1.49443e-05
1.90601e-05
2.53265e-05
2.93307e-05
3.48732e-05
3.92142e-05
4.34144e-05
4.65054e-05
4.87619e-05
4.95566e-05
5.02573e-05
4.9496e-05
4.73039e-05
4.57549e-05
3.53013e-05
1.94454e-05
1.07045e-05
3.47538e-06
1.4945e-05
2.36663e-05
3.03909e-05
3.70939e-05
4.33942e-05
4.84421e-05
5.41103e-05
5.68791e-05
6.00566e-05
6.1816e-05
6.30782e-05
6.33447e-05
6.32554e-05
6.19327e-05
5.83158e-05
5.4926e-05
4.7106e-05
2.62733e-05
1.41029e-05
7.39474e-06
2.71475e-05
3.45089e-05
4.13364e-05
4.7982e-05
5.32728e-05
5.75639e-05
6.22351e-05
6.50593e-05
6.79852e-05
6.91741e-05
7.01224e-05
7.05891e-05
7.0588e-05
6.96172e-05
6.59256e-05
5.97699e-05
5.51052e-05
3.4912e-05
1.6294e-05
1.01171e-05
3.40048e-05
4.15501e-05
4.80104e-05
5.45764e-05
6.04555e-05
6.55081e-05
6.90397e-05
7.04858e-05
7.05459e-05
7.06556e-05
7.12705e-05
7.20713e-05
7.29156e-05
7.35719e-05
7.29959e-05
6.51915e-05
5.98277e-05
4.19661e-05
1.79222e-05
1.16025e-05
3.77878e-05
4.55241e-05
5.35765e-05
6.07231e-05
6.64125e-05
6.93863e-05
6.94134e-05
6.89119e-05
6.88651e-05
6.89323e-05
6.9444e-05
7.01359e-05
7.14903e-05
7.34962e-05
7.54973e-05
7.11474e-05
6.33307e-05
4.85908e-05
1.92377e-05
1.18399e-05
3.84073e-05
4.93171e-05
5.80693e-05
6.42627e-05
6.76318e-05
6.86201e-05
6.77852e-05
6.73201e-05
6.74268e-05
6.76753e-05
6.84831e-05
6.863e-05
6.94717e-05
7.16654e-05
7.53834e-05
7.68263e-05
6.7175e-05
5.40182e-05
2.02916e-05
1.16715e-05
3.94284e-05
5.2033e-05
6.00129e-05
6.52808e-05
6.74974e-05
6.74943e-05
6.6583e-05
6.66246e-05
6.74662e-05
6.84628e-05
6.90569e-05
6.90899e-05
6.92037e-05
7.01304e-05
7.40027e-05
7.95325e-05
7.06607e-05
5.91648e-05
2.11699e-05
1.12372e-05
3.90679e-05
5.25052e-05
6.05332e-05
6.53136e-05
6.69745e-05
6.66296e-05
6.6069e-05
6.69252e-05
6.83941e-05
6.96372e-05
7.00822e-05
6.9594e-05
6.92427e-05
6.99005e-05
7.25856e-05
7.91912e-05
7.47944e-05
6.30337e-05
2.1825e-05
1.04257e-05
3.87679e-05
5.23368e-05
6.04339e-05
6.50049e-05
6.63845e-05
6.61406e-05
6.60303e-05
6.73692e-05
6.91039e-05
7.03054e-05
7.05571e-05
7.02614e-05
7.00437e-05
7.02453e-05
7.20003e-05
7.74412e-05
7.85336e-05
6.65715e-05
2.23619e-05
9.54507e-06
3.68912e-05
5.08505e-05
5.9312e-05
6.40085e-05
6.58422e-05
6.56303e-05
6.55529e-05
6.65238e-05
6.81251e-05
6.9632e-05
7.00472e-05
7.01475e-05
7.02233e-05
7.09309e-05
7.24024e-05
7.6851e-05
8.09553e-05
6.9175e-05
2.27011e-05
8.76209e-06
3.45424e-05
4.9406e-05
5.84939e-05
6.33551e-05
6.48077e-05
6.52775e-05
6.52375e-05
6.58868e-05
6.70347e-05
6.81337e-05
6.83264e-05
6.88442e-05
6.99482e-05
7.1126e-05
7.28236e-05
7.67215e-05
8.262e-05
7.12199e-05
2.29457e-05
7.93202e-06
3.04779e-05
4.61723e-05
5.55892e-05
6.1587e-05
6.42308e-05
6.47982e-05
6.47529e-05
6.49502e-05
6.54539e-05
6.63416e-05
6.66525e-05
6.74906e-05
6.92058e-05
7.15356e-05
7.32392e-05
7.65684e-05
8.35932e-05
7.13377e-05
2.30632e-05
7.1368e-06
2.7542e-05
4.31017e-05
5.27286e-05
5.99733e-05
6.3521e-05
6.41997e-05
6.42695e-05
6.42552e-05
6.42952e-05
6.51426e-05
6.56132e-05
6.67936e-05
6.89892e-05
7.19091e-05
7.43806e-05
7.64518e-05
8.38362e-05
7.0955e-05
2.31312e-05
6.25893e-06
2.31341e-05
3.83655e-05
4.97628e-05
5.73731e-05
6.26159e-05
6.38864e-05
6.41772e-05
6.42249e-05
6.40669e-05
6.48643e-05
6.53861e-05
6.66479e-05
6.8889e-05
7.18234e-05
7.46322e-05
7.58844e-05
8.23757e-05
7.0095e-05
2.25913e-05
5.31493e-06
2.02566e-05
3.45037e-05
4.57196e-05
5.34453e-05
5.97435e-05
6.33252e-05
6.42386e-05
6.45661e-05
6.43832e-05
6.48945e-05
6.52838e-05
6.62644e-05
6.80104e-05
7.03258e-05
7.38218e-05
7.41659e-05
7.87728e-05
6.58685e-05
2.16789e-05
4.32149e-06
1.58078e-05
2.97475e-05
4.20037e-05
5.03295e-05
5.60425e-05
6.07439e-05
6.24726e-05
6.30038e-05
6.30224e-05
6.30418e-05
6.32509e-05
6.38165e-05
6.47927e-05
6.60932e-05
7.03799e-05
7.162e-05
7.35271e-05
6.11839e-05
2.04846e-05
2.92504e-06
1.28535e-05
2.785e-05
3.94092e-05
5.01352e-05
5.46535e-05
5.89263e-05
6.12216e-05
6.06828e-05
5.98922e-05
5.88898e-05
5.87291e-05
5.87846e-05
5.97042e-05
6.05265e-05
6.6111e-05
6.96932e-05
6.64027e-05
5.30913e-05
1.90575e-05
3.05792e-06
1.43261e-05
2.57261e-05
3.36234e-05
3.96608e-05
4.38498e-05
4.63083e-05
4.89367e-05
5.05123e-05
5.24414e-05
5.41054e-05
5.60613e-05
5.8348e-05
6.21864e-05
6.57809e-05
7.2822e-05
6.95011e-05
6.32859e-05
4.60367e-05
1.69952e-05
2.22103e-06
3.39204e-06
5.94659e-06
8.45525e-06
1.03603e-05
1.16527e-05
1.23763e-05
1.28323e-05
1.30474e-05
1.31938e-05
1.32489e-05
1.3338e-05
1.34389e-05
1.35759e-05
1.38181e-05
1.42054e-05
1.48499e-05
1.56445e-05
1.54874e-05
1.37979e-05
)
;

boundaryField
{
    movingWall
    {
        type            nutkWallFunction;
        Cmu             0.09;
        kappa           0.41;
        E               9.8;
        value           uniform 0;
    }
    fixedWalls
    {
        type            nutkWallFunction;
        Cmu             0.09;
        kappa           0.41;
        E               9.8;
        value           uniform 0;
    }
    frontAndBack
    {
        type            empty;
    }
}


// ************************************************************************* //
