/*--------------------------------*- C++ -*----------------------------------*\
  =========                 |
  \\      /  F ield         | OpenFOAM: The Open Source CFD Toolbox
   \\    /   O peration     | Website:  https://openfoam.org
    \\  /    A nd           | Version:  13
     \\/     M anipulation  |
\*---------------------------------------------------------------------------*/
FoamFile
{
    format      ascii;
    class       volVectorField;
    location    "18";
    object      U;
}
// * * * * * * * * * * * * * * * * * * * * * * * * * * * * * * * * * * * * * //

dimensions      [0 1 -1 0 0 0 0];

internalField   nonuniform List<vector> 
400
(
(0.00263098 -0.00360423 0)
(0.00249075 -0.000898018 0)
(-0.00499969 0.00461943 0)
(-0.0255167 0.0105168 0)
(-0.0602775 0.0139706 0)
(-0.0867269 0.0121852 0)
(-0.110549 0.0104709 0)
(-0.128403 0.00804961 0)
(-0.142682 0.00590396 0)
(-0.152259 0.00349274 0)
(-0.157788 0.00147874 0)
(-0.159756 -0.000721698 0)
(-0.157447 -0.00417186 0)
(-0.15005 -0.00649215 0)
(-0.13763 -0.00988415 0)
(-0.119071 -0.0125597 0)
(-0.0951139 -0.0157099 0)
(-0.0664304 -0.0168867 0)
(-0.0359682 -0.0142329 0)
(-0.00898609 -0.00196502 0)
(-0.00224103 -0.00226019 0)
(-0.0125505 0.0122299 0)
(-0.0378966 0.030247 0)
(-0.0675121 0.0395692 0)
(-0.0923724 0.0387645 0)
(-0.11257 0.0349511 0)
(-0.129784 0.0295682 0)
(-0.142553 0.023766 0)
(-0.153105 0.0171684 0)
(-0.160281 0.0109758 0)
(-0.164338 0.00499373 0)
(-0.164777 -0.000981543 0)
(-0.161545 -0.00747513 0)
(-0.154558 -0.0145945 0)
(-0.143285 -0.023033 0)
(-0.127076 -0.032678 0)
(-0.10597 -0.0432728 0)
(-0.0801003 -0.0520842 0)
(-0.049685 -0.0525662 0)
(-0.017819 -0.0313352 0)
(-0.00896579 0.0143364 0)
(-0.0318333 0.0398266 0)
(-0.0580328 0.0555671 0)
(-0.0812159 0.0603026 0)
(-0.0993102 0.057031 0)
(-0.11424 0.0501768 0)
(-0.126242 0.0414301 0)
(-0.135358 0.0320347 0)
(-0.141977 0.0232267 0)
(-0.145276 0.0144987 0)
(-0.146573 0.00572012 0)
(-0.145482 -0.00314491 0)
(-0.142358 -0.0123249 0)
(-0.136141 -0.0222937 0)
(-0.126972 -0.0336515 0)
(-0.114096 -0.0467865 0)
(-0.0972089 -0.0619463 0)
(-0.0760767 -0.077843 0)
(-0.0496366 -0.0878173 0)
(-0.0208374 -0.0735868 0)
(-0.0132025 0.0377258 0)
(-0.0378981 0.0632064 0)
(-0.0608788 0.0758812 0)
(-0.0787888 0.0774678 0)
(-0.0922143 0.0716879 0)
(-0.102962 0.0623808 0)
(-0.110905 0.0511912 0)
(-0.116681 0.0394652 0)
(-0.120409 0.0279729 0)
(-0.122405 0.0167168 0)
(-0.122769 0.00581167 0)
(-0.121375 -0.00513396 0)
(-0.118168 -0.0164958 0)
(-0.112914 -0.0288336 0)
(-0.105575 -0.0427384 0)
(-0.0957432 -0.0587498 0)
(-0.0827317 -0.0770338 0)
(-0.0658174 -0.0967924 0)
(-0.0435282 -0.1132 0)
(-0.0192095 -0.108178 0)
(-0.013549 0.0598233 0)
(-0.0360647 0.0842933 0)
(-0.0547764 0.0933111 0)
(-0.06878 0.0915435 0)
(-0.0790358 0.0829013 0)
(-0.0868222 0.0709814 0)
(-0.0922487 0.0574769 0)
(-0.0961013 0.0437778 0)
(-0.0984764 0.0305173 0)
(-0.099535 0.017731 0)
(-0.0992511 0.00529415 0)
(-0.0976115 -0.0071658 0)
(-0.0945768 -0.0200523 0)
(-0.0901144 -0.0339807 0)
(-0.0842326 -0.049642 0)
(-0.0768051 -0.0677957 0)
(-0.0671721 -0.088962 0)
(-0.054136 -0.112737 0)
(-0.0357545 -0.13512 0)
(-0.0166904 -0.137395 0)
(-0.0116337 0.0803938 0)
(-0.0302446 0.102845 0)
(-0.0449676 0.108044 0)
(-0.0559569 0.102803 0)
(-0.0637654 0.091252 0)
(-0.0694884 0.0769265 0)
(-0.0734083 0.0615869 0)
(-0.0761741 0.0464775 0)
(-0.0777881 0.0319819 0)
(-0.0783522 0.0180108 0)
(-0.0778593 0.00435914 0)
(-0.0762918 -0.00930146 0)
(-0.0736221 -0.0233733 0)
(-0.0698724 -0.0384192 0)
(-0.0651234 -0.0551495 0)
(-0.0594098 -0.0744598 0)
(-0.0524125 -0.0972903 0)
(-0.0429952 -0.123995 0)
(-0.0303709 -0.152272 0)
(-0.0107427 -0.161307 0)
(-0.00956065 0.0978182 0)
(-0.0229995 0.117882 0)
(-0.0342626 0.119867 0)
(-0.0425272 0.111497 0)
(-0.0483076 0.097493 0)
(-0.0525375 0.0812776 0)
(-0.0554781 0.064581 0)
(-0.0575703 0.0484102 0)
(-0.0587963 0.032949 0)
(-0.0592363 0.0180447 0)
(-0.0588613 0.00343833 0)
(-0.0576283 -0.0112121 0)
(-0.0554918 -0.0262844 0)
(-0.0524848 -0.0422471 0)
(-0.0487287 -0.0597583 0)
(-0.044346 -0.079791 0)
(-0.0392847 -0.103568 0)
(-0.032513 -0.132388 0)
(-0.0248628 -0.16485 0)
(-0.00789171 -0.181451 0)
(-0.00666041 0.11116 0)
(-0.0155494 0.129296 0)
(-0.0237061 0.128706 0)
(-0.0294394 0.117944 0)
(-0.0334738 0.102153 0)
(-0.0364992 0.0845802 0)
(-0.0386934 0.0668946 0)
(-0.0403175 0.0499265 0)
(-0.0413429 0.0337518 0)
(-0.0418142 0.0181571 0)
(-0.0416866 0.00282174 0)
(-0.0408998 -0.0126092 0)
(-0.0394012 -0.0284834 0)
(-0.0372236 -0.0451747 0)
(-0.034506 -0.0632255 0)
(-0.0314285 -0.0836199 0)
(-0.0280979 -0.107854 0)
(-0.0236379 -0.138056 0)
(-0.02033 -0.173627 0)
(-0.0039761 -0.197335 0)
(-0.00424492 0.119472 0)
(-0.00857066 0.136616 0)
(-0.0136383 0.134412 0)
(-0.0169983 0.12227 0)
(-0.0194328 0.105375 0)
(-0.0213787 0.0869601 0)
(-0.022895 0.0686448 0)
(-0.0241012 0.0511482 0)
(-0.0249537 0.0344973 0)
(-0.0254642 0.0184298 0)
(-0.0255888 0.00258086 0)
(-0.025272 -0.0134165 0)
(-0.0244702 -0.0298821 0)
(-0.0232057 -0.0471078 0)
(-0.0216262 -0.065494 0)
(-0.0199456 -0.085978 0)
(-0.0183902 -0.110352 0)
(-0.0158559 -0.141424 0)
(-0.0166589 -0.179348 0)
(-0.0016313 -0.210116 0)
(-0.000927337 0.123348 0)
(-0.00193724 0.140662 0)
(-0.00414757 0.137443 0)
(-0.00517971 0.124625 0)
(-0.00607212 0.10727 0)
(-0.00694299 0.0884726 0)
(-0.00774464 0.0698506 0)
(-0.00849373 0.0520772 0)
(-0.00912618 0.0351684 0)
(-0.00963017 0.0188411 0)
(-0.00997477 0.00270668 0)
(-0.010127 -0.0136107 0)
(-0.010068 -0.0304128 0)
(-0.00981339 -0.047926 0)
(-0.00949676 -0.0664174 0)
(-0.00933855 -0.0867273 0)
(-0.00979232 -0.110907 0)
(-0.00886247 -0.142407 0)
(-0.0136688 -0.182118 0)
(0.00138783 -0.219606 0)
(0.00156675 0.122029 0)
(0.00411935 0.140781 0)
(0.00512089 0.137468 0)
(0.00624339 0.124901 0)
(0.00686518 0.107644 0)
(0.00712276 0.0889657 0)
(0.00711313 0.070405 0)
(0.0068986 0.0526339 0)
(0.00655673 0.0357033 0)
(0.00611239 0.0193456 0)
(0.0055808 0.00317602 0)
(0.0049666 -0.0131834 0)
(0.00425462 -0.0300241 0)
(0.0034289 -0.0475405 0)
(0.00235308 -0.0658905 0)
(0.000870241 -0.0857807 0)
(-0.00177482 -0.109433 0)
(-0.00232094 -0.140999 0)
(-0.0112824 -0.182716 0)
(0.00384361 -0.226447 0)
(0.00369446 0.117482 0)
(0.0101682 0.137721 0)
(0.0137453 0.135264 0)
(0.0171843 0.123748 0)
(0.0195154 0.106854 0)
(0.0210387 0.0885781 0)
(0.0219652 0.0703311 0)
(0.0224023 0.0527977 0)
(0.0224398 0.0360714 0)
(0.0221125 0.0199213 0)
(0.021422 0.00398413 0)
(0.0203492 -0.012114 0)
(0.0188377 -0.0286648 0)
(0.0168752 -0.0458564 0)
(0.0142856 -0.0637783 0)
(0.0110324 -0.0830158 0)
(0.00616721 -0.105817 0)
(0.00403214 -0.137131 0)
(-0.00916017 -0.181105 0)
(0.00735956 -0.230539 0)
(0.00608788 0.108313 0)
(0.0156855 0.131088 0)
(0.0223651 0.129865 0)
(0.0277474 0.120057 0)
(0.0319917 0.104241 0)
(0.0349443 0.0868197 0)
(0.0369827 0.0692856 0)
(0.0382306 0.0523391 0)
(0.038773 0.0361345 0)
(0.0386479 0.0204978 0)
(0.037843 0.00511159 0)
(0.0363267 -0.010378 0)
(0.0339905 -0.0262582 0)
(0.0308346 -0.0427418 0)
(0.0265924 -0.059897 0)
(0.0215002 -0.0782316 0)
(0.0143848 -0.0999208 0)
(0.0102392 -0.130983 0)
(-0.00701817 -0.17773 0)
(0.0113758 -0.232711 0)
(0.00799462 0.0954175 0)
(0.0207089 0.122155 0)
(0.0301036 0.12324 0)
(0.037758 0.114834 0)
(0.0440688 0.100438 0)
(0.0487623 0.0840749 0)
(0.0521945 0.0674694 0)
(0.0544886 0.0513518 0)
(0.0557163 0.0359282 0)
(0.0559214 0.0210878 0)
(0.0550744 0.00657165 0)
(0.0531423 -0.00794957 0)
(0.0499499 -0.0227571 0)
(0.0455601 -0.0381044 0)
(0.0395361 -0.0541087 0)
(0.0325249 -0.0712783 0)
(0.0228757 -0.0917417 0)
(0.0166829 -0.122961 0)
(-0.00447412 -0.172937 0)
(0.0164114 -0.233302 0)
(0.00991067 0.0788287 0)
(0.0249169 0.108995 0)
(0.0367879 0.112773 0)
(0.0468329 0.106198 0)
(0.055425 0.0937559 0)
(0.0622295 0.0790477 0)
(0.0673958 0.0639079 0)
(0.0710306 0.0491331 0)
(0.073179 0.0349768 0)
(0.0739008 0.02139 0)
(0.0731379 0.00819028 0)
(0.0708639 -0.00491465 0)
(0.0668123 -0.0181678 0)
(0.0611987 -0.0318852 0)
(0.0532888 -0.0462601 0)
(0.0442715 -0.0619838 0)
(0.0317812 -0.08114 0)
(0.0235667 -0.112753 0)
(-0.00201725 -0.166718 0)
(0.0221467 -0.233294 0)
(0.0100699 0.0593471 0)
(0.0273958 0.0949167 0)
(0.0413113 0.101648 0)
(0.0538399 0.0967 0)
(0.0651969 0.0860312 0)
(0.0746824 0.0730775 0)
(0.0820614 0.0595491 0)
(0.0874039 0.0463041 0)
(0.0907657 0.0336629 0)
(0.0922409 0.0216116 0)
(0.091747 0.0100673 0)
(0.0892967 -0.00131802 0)
(0.084475 -0.0125575 0)
(0.0777962 -0.0241486 0)
(0.0680119 -0.0363609 0)
(0.0570968 -0.0502754 0)
(0.041583 -0.0678722 0)
(0.0313234 -0.100056 0)
(0.000295016 -0.158828 0)
(0.0291309 -0.23005 0)
(0.00935477 0.0395269 0)
(0.0265431 0.075402 0)
(0.0426336 0.0840866 0)
(0.0581153 0.0812167 0)
(0.072645 0.0729731 0)
(0.0852952 0.0626374 0)
(0.095348 0.0516462 0)
(0.10278 0.0407749 0)
(0.107633 0.0304525 0)
(0.110134 0.020671 0)
(0.110035 0.011445 0)
(0.107769 0.00242612 0)
(0.102557 -0.00631124 0)
(0.0954041 -0.0153287 0)
(0.0841963 -0.0247864 0)
(0.0721018 -0.0364047 0)
(0.0537379 -0.0519227 0)
(0.0413456 -0.084691 0)
(0.00464162 -0.147109 0)
(0.038792 -0.218421 0)
(-0.00065947 0.0243022 0)
(0.0198406 0.0601349 0)
(0.0378681 0.0682898 0)
(0.056979 0.0665659 0)
(0.0754375 0.0603344 0)
(0.0915645 0.0523865 0)
(0.104716 0.0438534 0)
(0.114767 0.0353093 0)
(0.121643 0.0272581 0)
(0.125867 0.0197353 0)
(0.126946 0.0128561 0)
(0.125849 0.00633124 0)
(0.121238 0.000260459 0)
(0.115246 -0.00610016 0)
(0.104112 -0.0124776 0)
(0.0929525 -0.0212846 0)
(0.0727778 -0.0340359 0)
(0.0596614 -0.0655266 0)
(0.018637 -0.126751 0)
(0.0557842 -0.188748 0)
(-0.0138235 0.0286673 0)
(-0.000575147 0.0309867 0)
(0.0257631 0.0345087 0)
(0.0518986 0.0354353 0)
(0.0754521 0.0337007 0)
(0.096071 0.0299059 0)
(0.113173 0.0254855 0)
(0.126988 0.0210024 0)
(0.137145 0.0167454 0)
(0.144505 0.0126978 0)
(0.148413 0.00912357 0)
(0.150241 0.00551306 0)
(0.148463 0.00253207 0)
(0.145471 -0.00138001 0)
(0.137185 -0.00438684 0)
(0.129799 -0.0107303 0)
(0.111548 -0.0190548 0)
(0.102139 -0.045092 0)
(0.060813 -0.0910195 0)
(0.0894872 -0.13445 0)
(0.0435931 0.0376427 0)
(0.0490494 0.0298388 0)
(0.0703154 0.027389 0)
(0.100155 0.0271105 0)
(0.127148 0.0261905 0)
(0.152013 0.0242505 0)
(0.173882 0.0217463 0)
(0.193264 0.0192848 0)
(0.209161 0.0168798 0)
(0.222671 0.0147778 0)
(0.232849 0.0127798 0)
(0.241126 0.011114 0)
(0.24631 0.00928971 0)
(0.250099 0.00781498 0)
(0.250221 0.00565439 0)
(0.248843 0.00344503 0)
(0.23656 0.00253853 0)
(0.224196 -0.00771231 0)
(0.173864 -0.0122227 0)
(0.161544 -0.0571956 0)
)
;

boundaryField
{
    movingWall
    {
        type            fixedValue;
        value           uniform (1 0 0);
    }
    fixedWalls
    {
        type            noSlip;
    }
    frontAndBack
    {
        type            empty;
    }
}


// ************************************************************************* //
