/*--------------------------------*- C++ -*----------------------------------*\
  =========                 |
  \\      /  F ield         | OpenFOAM: The Open Source CFD Toolbox
   \\    /   O peration     | Website:  https://openfoam.org
    \\  /    A nd           | Version:  13
     \\/     M anipulation  |
\*---------------------------------------------------------------------------*/
FoamFile
{
    format      ascii;
    class       volScalarField;
    location    "0.9";
    object      p;
}
// * * * * * * * * * * * * * * * * * * * * * * * * * * * * * * * * * * * * * //

dimensions      [1 -1 -2 0 0 0 0];

internalField   nonuniform List<scalar> 
2016
(
1807.81
1695.23
1407.15
996.631
1997.02
1665.83
836.795
236.495
1552.95
946.471
244.769
69.5051
911.834
273.905
64.6098
35.6878
505.232
83.6373
32.3751
30.7584
311.849
63.0793
32.1972
30.885
222.362
58.0135
35.1399
32.3624
175.26
60.2762
42.642
37.7033
178.562
85.5257
62.8746
52.2285
222.355
123.101
98.4879
79.9666
307.439
215.573
164.369
118.685
408.73
317.421
258.965
223.14
527.71
454.332
310.051
291.394
644.663
555.935
386.113
295.158
740.179
615.882
440.901
305.134
804.168
663.475
482.74
330.759
851.495
709.188
540.325
373.726
902.589
774.371
621.286
442.266
967.532
865.852
723.593
543.68
1031.08
957.428
831.514
667.332
1082.19
1040.29
949.604
806.325
1108.19
1064.06
1048.12
973.588
1105.11
1070.06
1067.22
1034.06
723.258
671.051
627.765
648.868
672.104
597.614
563.552
529.356
697.593
654.042
582.334
459.355
703.716
620.107
519.833
384.454
684.711
589.719
478.591
341.511
678.224
572.823
447.517
321.87
635.668
532.528
414.83
318.141
550.798
464.949
364.27
281.179
442.321
371.337
241.326
118.365
342.825
269.682
92.4539
38.3231
273.252
151.187
36.8456
14.8135
247.034
73.081
20.4018
8.62088
221.316
42.1222
14.7938
7.09721
184.941
28.6577
12.0435
6.73658
185.011
26.4149
10.2986
6.53742
263.419
53.2629
17.707
8.89831
458.145
186.277
70.2836
25.0478
650.979
453.718
208.485
88.0161
589.165
478.919
327.666
243.456
591.438
304.632
132.349
58.8637
40.2713
33.5853
32.93
31.1639
30.5966
30.9282
32.1156
35.2633
36.3762
29.8472
27.4395
26.4345
22.3514
12.147
3.34459
1.12372
1.51704
2.06533
2.24794
2.14312
1.8294
1.42496
1.00754
0.725388
0.535962
0.360231
0.191722
0.0251747
-0.140182
-0.303657
-0.464341
-0.621484
-0.774841
-0.924859
-1.07243
-1.21782
-1.35975
-1.49679
47.2541
30.1607
30.3849
30.8195
31.1547
31.1041
30.1223
29.3113
28.6355
28.093
27.6898
27.27
26.8278
26.8264
26.6074
25.8153
22.5586
11.2116
0.593907
0.0680609
0.942776
1.74983
2.06075
1.92564
1.56765
1.26801
1.00628
0.764742
0.553293
0.361496
0.180416
0.00513221
-0.165577
-0.331562
-0.492516
-0.648376
-0.799551
-0.947026
-1.09197
-1.23445
-1.3738
-1.51256
32.9443
29.5139
29.8873
30.4934
30.7009
30.4917
30.0136
29.4637
28.8943
28.3713
27.9041
27.5104
27.1823
26.9753
26.7855
26.121
23.2329
14.8322
5.2621
1.34932
1.12169
1.5145
1.68623
1.59611
1.39442
1.17541
0.952476
0.736789
0.532874
0.339211
0.155611
-0.0196428
-0.187932
-0.350171
-0.507057
-0.659083
-0.806878
-0.951577
-1.09463
-1.23658
-1.37701
-1.51734
30.6853
29.7936
29.8967
30.5602
30.9172
30.7599
30.1501
29.4128
28.8341
28.3444
27.9226
27.5579
27.2488
26.9961
26.7691
26.3291
24.274
17.7226
9.41373
3.20469
1.70015
1.69797
1.61901
1.4843
1.30463
1.1093
0.903216
0.697567
0.498868
0.30798
0.125301
-0.0495881
-0.217203
-0.378082
-0.532787
-0.681811
-0.82594
-0.96674
-1.10623
-1.24551
-1.38474
-1.52587
29.5474
28.8803
29.332
30.5645
31.1709
31.1263
30.5056
29.6854
28.8961
28.3087
27.8758
27.518
27.2304
27.0002
26.798
26.5311
25.0386
20.0501
12.635
5.45215
2.5686
1.86575
1.65446
1.45632
1.25678
1.05701
0.854871
0.653909
0.458106
0.269023
0.0876021
-0.0859784
-0.251906
-0.410392
-0.561752
-0.706526
-0.845842
-0.981879
-1.11727
-1.25365
-1.39184
-1.53448
29.1577
27.9538
28.8341
30.5657
31.373
31.0953
30.4066
29.4766
28.7057
28.1271
27.6982
27.3679
27.1121
26.903
26.7301
26.5523
25.8831
22.6052
15.7376
8.2635
3.03597
1.8344
1.62535
1.41735
1.20928
1.00357
0.799534
0.599283
0.404941
0.217406
0.0374649
-0.134247
-0.297577
-0.452478
-0.59898
-0.737703
-0.870248
-0.999498
-1.12883
-1.26063
-1.39685
-1.5416
30.2075
28.2417
27.7887
28.3873
29.0098
28.6902
28.663
28.536
28.2247
27.7462
27.364
27.0979
26.9248
26.7989
26.6869
26.5596
26.1961
23.8931
17.6958
9.96185
3.2937
1.76033
1.56194
1.35469
1.14455
0.937363
0.732854
0.533042
0.339753
0.153815
-0.0243243
-0.193806
-0.353933
-0.504326
-0.644678
-0.77554
-0.899008
-1.01883
-1.13938
-1.26422
-1.39704
-1.54464
33.8453
30.1742
26.7762
20.8884
16.2415
18.5767
24.1606
26.7492
27.237
27.0554
26.8365
26.7008
26.6643
26.6743
26.6667
26.6134
26.4275
24.8621
19.394
11.7346
4.32388
1.85158
1.51071
1.28803
1.0693
0.858813
0.653957
0.454668
0.262272
0.0777046
-0.0986587
-0.266027
-0.423025
-0.568426
-0.701295
-0.821903
-0.932886
-1.03917
-1.14664
-1.26109
-1.38956
-1.5406
42.7461
34.2263
27.1959
25.7584
20.0497
19.3232
22.8529
25.2837
26.1249
26.2324
26.2216
26.2796
26.4248
26.5839
26.6864
26.704
26.621
25.6623
20.9955
13.7649
6.35867
2.25482
1.45232
1.2104
0.984158
0.76932
0.563348
0.36399
0.17191
-0.0119922
-0.187164
-0.352995
-0.507704
-0.64845
-0.772625
-0.87979
-0.973381
-1.06003
-1.14785
-1.24609
-1.3666
-1.52268
55.6716
40.0858
31.3296
25.7616
24.2185
23.6219
23.9269
24.9324
25.4555
25.6103
25.7119
25.9182
26.2273
26.5301
26.7501
26.8522
26.8184
26.3079
22.6075
15.5787
7.94255
2.48374
1.34646
1.1113
0.884428
0.667349
0.460483
0.260904
0.0685313
-0.115808
-0.291325
-0.457201
-0.611392
-0.749157
-0.864426
-0.954419
-1.02375
-1.08182
-1.14052
-1.21385
-1.32136
-1.48323
76.1708
42.8205
26.3493
25.8501
25.244
24.8592
24.9054
25.1632
25.2837
25.3388
25.457
25.715
26.0885
26.4697
26.7793
26.9412
26.9152
26.5951
23.2762
16.8115
9.15459
2.75215
1.25349
1.00231
0.770327
0.551424
0.344212
0.144514
-0.0488327
-0.235083
-0.41311
-0.582001
-0.739659
-0.878925
-0.987031
-1.05547
-1.09078
-1.10738
-1.12308
-1.15761
-1.24262
-1.41003
112.51
41.6853
26.6019
26.0105
25.6636
25.4634
25.41
25.4117
25.3319
25.3064
25.4024
25.6308
25.9762
26.3572
26.6722
26.8572
26.7403
26.2296
23.4064
17.7643
10.451
3.68583
1.26536
0.875527
0.638389
0.420513
0.214328
0.015091
-0.179283
-0.368842
-0.552703
-0.730388
-0.899753
-1.04992
-1.15771
-1.20208
-1.18718
-1.14292
-1.09455
-1.06885
-1.11501
-1.28537
113.731
35.3029
26.8777
26.4913
26.0783
25.8243
25.6765
25.5634
25.4111
25.3446
25.401
25.5835
25.8628
26.1642
26.3878
26.4575
26.1755
25.2518
23.556
18.1721
11.4493
5.00874
1.48309
0.734686
0.487492
0.272678
0.0707255
-0.126337
-0.322177
-0.517773
-0.712663
-0.906186
-1.0976
-1.27667
-1.40609
-1.42979
-1.33967
-1.1979
-1.05721
-0.942204
-0.922333
-1.08563
110.838
34.3804
27.3089
26.9542
26.4835
26.0991
25.8122
25.6004
25.4135
25.3301
25.3638
25.5029
25.7074
25.8628
25.8521
25.6114
25.0321
23.6891
21.7541
17.0788
11.6636
5.7827
1.94903
0.627847
0.322832
0.106878
-0.0877429
-0.279957
-0.476394
-0.67919
-0.889161
-1.10919
-1.34875
-1.60243
-1.80032
-1.81592
-1.61794
-1.3289
-1.046
-0.793953
-0.65546
-0.780592
121.913
36.2697
27.6964
27.2774
26.7208
26.2082
25.782
25.4852
25.2792
25.1982
25.2283
25.3504
25.5117
25.5032
25.094
24.1988
23.0439
21.424
18.7957
16.5373
11.0282
5.97201
2.15157
0.700054
0.155128
-0.063062
-0.254979
-0.437633
-0.632056
-0.840251
-1.06818
-1.33161
-1.65597
-2.03009
-2.35956
-2.45648
-2.18548
-1.61193
-1.08652
-0.632345
-0.296487
-0.31714
153.217
43.8582
27.8952
27.3346
26.7153
26.1061
25.6099
25.2605
25.0107
24.892
24.8894
25.076
25.3417
25.1575
24.156
22.3439
20.4432
18.5411
15.9423
12.6488
8.83317
4.87524
1.7487
0.340707
0.0522651
-0.219306
-0.430165
-0.59802
-0.789404
-1.003
-1.25884
-1.58566
-2.03302
-2.62091
-3.32202
-3.79979
-3.14127
-1.97569
-1.14887
-0.493534
0.0365619
0.201991
203.178
66.6156
28.2692
27.1955
26.512
25.8944
25.4183
25.0099
24.6331
24.3758
24.4168
24.6628
25.08
24.5159
22.5505
19.6207
17.1945
15.1652
12.6196
9.379
6.12705
2.33421
-0.0568574
-0.750459
-0.627672
-0.234211
-0.59045
-0.731558
-0.953158
-1.15796
-1.40746
-1.73302
-2.24594
-3.07978
-4.35589
-5.44043
-4.14604
-2.29421
-1.24653
-0.485099
0.0276091
0.296532
266.623
115.671
30.9918
26.612
26.1276
25.7313
25.3258
24.8632
24.4206
24.2561
24.1817
24.3025
23.5453
21.0035
17.2762
13.8894
12.5717
11.3185
9.34453
6.80518
3.94965
1.33882
-1.61536
-1.24456
-1.73195
-1.51504
-0.697343
-0.731304
-1.01582
-1.19107
-1.41859
-1.71133
-2.26862
-3.3188
-4.73439
-4.89272
-3.53281
-2.30109
-1.32925
-0.600133
-0.143867
0.15163
355.977
197.145
66.6786
27.1342
26.086
25.7872
25.4828
25.0327
24.5442
24.9505
21.4273
11.7397
3.24892
-0.35661
0.0857605
5.08163
7.26629
7.45366
6.52911
5.00967
2.82063
0.480397
-0.599647
-1.33024
-2.48459
-1.96567
-2.55734
-2.66315
-1.48017
-1.30388
-1.44978
-1.77516
-2.35794
-2.83243
-3.26767
-3.38223
-2.83388
-2.10738
-1.3194
-0.691127
-0.277117
0.0352781
473.041
293.705
125.728
29.9566
26.1126
25.9914
25.5423
25.391
22.8262
21.1509
11.2737
3.28249
2.88732
-1.20063
-1.98767
1.37066
3.95004
4.7993
4.68666
3.9776
2.61022
0.839258
-0.415624
-1.28301
-1.64524
-1.84978
-3.23714
-3.58386
-2.83636
-2.48429
-2.32869
-2.27775
-2.43992
-2.64017
-2.66362
-2.60122
-2.30228
-1.77952
-1.19283
-0.689755
-0.323299
-0.0177973
600.836
395.666
203.62
10.8109
25.8195
27.0256
25.0819
18.1365
5.10008
5.02277
5.09124
3.61512
2.31764
0.737203
-0.0133123
1.39197
2.84296
3.59057
3.80206
3.5132
2.68535
1.4579
0.249617
-0.749079
-1.39839
-1.9585
-2.49226
-2.64747
-2.4821
-2.36911
-2.35992
-2.30853
-2.2372
-2.20553
-2.14892
-2.04501
-1.81785
-1.4555
-1.0367
-0.636238
-0.320483
-0.0344968
733.914
494.403
276.245
56.9225
-39.4249
-8.76958
25.2221
9.73731
4.60177
4.64803
4.14154
3.32226
2.34687
1.51658
1.04316
1.58435
2.56884
3.21099
3.48663
3.37178
2.83793
1.98037
1.02555
0.120678
-0.658093
-1.27982
-1.71797
-1.94366
-1.98445
-1.94941
-1.89555
-1.80206
-1.70375
-1.65472
-1.624
-1.55422
-1.39843
-1.15425
-0.858866
-0.551114
-0.295814
-0.039495
789.465
615.009
425.925
211.145
59.638
29.9903
12.0958
6.69733
5.68053
5.15039
4.45987
3.52491
2.19561
1.08259
1.2326
1.77783
2.62336
3.19766
3.45148
3.38076
2.99334
2.36108
1.61921
0.877655
0.213985
-0.326613
-0.737716
-0.997799
-1.10635
-1.11046
-1.06396
-1.02684
-1.03597
-1.09421
-1.14854
-1.12893
-1.0247
-0.866931
-0.670903
-0.454481
-0.259336
-0.0414902
659.256
724.36
644.053
389.602
102.392
21.3953
7.1416
6.88208
6.17956
5.49089
4.67794
3.84524
2.92627
2.2277
2.05714
2.37213
2.94342
3.3676
3.53776
3.43892
3.10804
2.60333
2.00608
1.39808
0.848645
0.395378
0.0528311
-0.166628
-0.273146
-0.302367
-0.315108
-0.381033
-0.515832
-0.664892
-0.753925
-0.754001
-0.699451
-0.61664
-0.501389
-0.367475
-0.224933
-0.0628279
798.592
774.896
529.675
165.619
19.0442
6.81187
7.41979
6.98626
6.44832
5.85582
5.06125
4.25804
3.6643
3.24544
2.9893
3.11229
3.38191
3.58818
3.63109
3.4827
3.17347
2.7447
2.24488
1.73353
1.26752
0.881664
0.59312
0.40674
0.304666
0.246864
0.176778
0.0287312
-0.169529
-0.334716
-0.416281
-0.431794
-0.425973
-0.400565
-0.349897
-0.29651
-0.207239
-0.125236
589.009
451.625
201.896
27.6061
7.79308
7.93787
7.64105
7.14107
6.64727
6.12078
5.49661
4.77467
4.24515
3.92766
3.76897
3.77552
3.79352
3.78924
3.7015
3.50568
3.20947
2.8322
2.40252
1.96616
1.5709
1.2422
0.988692
0.810591
0.694661
0.591039
0.438269
0.239602
0.0710477
-0.049644
-0.0890796
-0.111774
-0.143833
-0.173606
-0.203441
-0.252329
-0.224312
-0.226743
431.206
248.597
44.169
10.3853
8.83381
8.33074
7.77346
7.20728
6.73157
6.29907
5.85554
5.3336
4.84225
4.52813
4.38
4.24476
4.09631
3.93797
3.75206
3.5163
3.22278
2.87486
2.49108
2.11046
1.77161
1.48402
1.24252
1.04118
0.863303
0.683462
0.478042
0.299366
0.200967
0.212966
0.236573
0.219829
0.165249
0.0711887
-0.0960007
-0.290752
-0.323696
-0.342653
307.361
114.288
16.7259
9.50554
8.95371
8.40527
7.78534
7.18772
6.73961
6.37254
6.04372
5.71389
5.34318
5.02122
4.78103
4.53817
4.27895
4.02644
3.77555
3.50636
3.20993
2.88285
2.5373
2.20127
1.90043
1.63161
1.37545
1.12647
0.884754
0.651963
0.448738
0.349506
0.3853
0.491036
0.563181
0.560818
0.489574
0.310132
-0.0280308
-0.355092
-0.451163
-0.422928
223.574
56.3161
11.6558
9.53775
9.16073
8.63867
7.77783
6.99803
6.61765
6.33886
6.08297
5.85229
5.58635
5.27834
4.97384
4.66104
4.34933
4.05195
3.76746
3.48129
3.18803
2.88487
2.57513
2.27379
1.99481
1.73287
1.46
1.16716
0.881764
0.638831
0.489602
0.487649
0.630235
0.806513
0.914167
0.924062
0.835816
0.577751
0.15753
-0.195476
-0.37019
-0.427683
187.142
44.1264
12.0196
10.01
9.63356
8.85906
7.53452
6.76433
6.48587
6.24649
6.01377
5.80796
5.58752
5.30815
4.98834
4.65362
4.32068
4.01645
3.7295
3.44473
3.16297
2.88363
2.60729
2.33958
2.08219
1.82517
1.54638
1.23816
0.94288
0.728374
0.657086
0.752862
0.965956
1.17406
1.28592
1.29714
1.19841
0.932557
0.55099
0.210679
-0.0460026
-0.243416
194.543
84.136
14.5767
8.40438
9.09507
7.14266
6.7763
6.61911
6.36393
6.11651
5.87707
5.64379
5.41449
5.16715
4.88444
4.57052
4.24935
3.94606
3.65822
3.38519
3.12017
2.86551
2.62146
2.38769
2.15977
1.92299
1.6627
1.38196
1.1265
0.968752
0.968367
1.12469
1.35467
1.53481
1.61269
1.60897
1.51711
1.30481
0.94352
0.593631
0.287501
-0.0229218
217.9
115.593
30.1657
-18.2256
-18.323
-3.174
5.23399
6.41866
6.13677
5.85324
5.63526
5.40337
5.15999
4.9255
4.69262
4.4351
4.15082
3.86125
3.57939
3.30857
3.05377
2.81895
2.60206
2.40143
2.20876
2.01117
1.79893
1.58245
1.40052
1.30595
1.3408
1.493
1.67798
1.79598
1.81874
1.78855
1.71119
1.53186
1.1688
0.784861
0.455882
0.113617
190.117
99.6254
42.947
-1.45428
-5.00012
-2.73333
4.14108
5.75449
5.52579
5.28853
5.19113
5.05837
4.85843
4.65248
4.46012
4.26237
4.03267
3.77273
3.49466
3.21966
2.96599
2.73586
2.53883
2.36711
2.21141
2.06232
1.91344
1.77083
1.6598
1.61238
1.65068
1.76243
1.88332
1.9294
1.88888
1.83845
1.77375
1.62548
1.24926
0.855838
0.5398
0.181695
49.3498
9.48484
1.87502
2.17404
2.18564
1.99841
2.93218
3.86456
4.25881
4.42768
4.55514
4.5952
4.51798
4.38726
4.24616
4.09689
3.92384
3.70079
3.41856
3.11743
2.83971
2.60648
2.42268
2.27782
2.1598
2.06053
1.97299
1.89813
1.84591
1.8294
1.8578
1.92364
1.98051
1.95415
1.86281
1.80235
1.75312
1.63115
1.3054
0.898366
0.598111
0.208436
16.2726
6.97394
4.32454
3.50121
2.06892
0.689393
0.437183
1.18402
2.34121
3.32994
3.84035
4.08786
4.16758
4.14931
4.08212
3.98331
3.84451
3.63395
3.34656
3.01278
2.68791
2.43217
2.2539
2.13366
2.05712
2.01149
1.98444
1.96977
1.96566
1.97283
1.99247
2.01941
2.01946
1.93244
1.80321
1.73006
1.70303
1.62847
1.37184
0.983705
0.61788
0.218551
8.11749
5.62368
4.49283
3.21415
1.40947
-0.0785393
-0.560106
-0.166826
1.02025
2.42468
3.26628
3.6834
3.88854
3.9723
3.97866
3.92584
3.80219
3.57874
3.25042
2.85695
2.47742
2.18572
2.00663
1.92327
1.9068
1.92979
1.97121
2.01726
2.05905
2.09074
2.10957
2.11021
2.06841
1.94328
1.7804
1.68064
1.66317
1.63089
1.44682
1.07774
0.662069
0.229221
5.83354
5.34555
4.76249
3.60195
1.8009
0.339945
-0.0990809
0.3925
1.2949
2.33
3.03884
3.45943
3.72689
3.86972
3.93259
3.91771
3.78986
3.52228
3.11638
2.62536
2.14786
1.79785
1.62877
1.61409
1.69141
1.81037
1.9389
2.05744
2.15406
2.22058
2.25219
2.24493
2.18305
2.04345
1.84488
1.69739
1.66119
1.64971
1.52255
1.17174
0.718841
0.221263
5.47296
5.50959
4.94532
4.12888
2.95631
1.95487
1.47818
1.54804
1.99991
2.55817
3.03883
3.39843
3.65206
3.82015
3.94974
3.99676
3.83379
3.4452
2.84737
2.19763
1.62183
1.23658
1.13217
1.24214
1.45311
1.69264
1.92216
2.12223
2.28145
2.39099
2.44711
2.4481
2.38232
2.23012
2.00051
1.79772
1.72479
1.71673
1.6091
1.26272
0.76987
0.170561
5.67314
5.44545
4.94111
4.3008
3.55618
2.90419
2.47555
2.39577
2.58083
2.83753
3.11145
3.34337
3.53623
3.72648
3.87696
3.982
3.9068
3.44498
2.40228
1.2019
0.418209
0.0309589
0.191317
0.62376
1.11148
1.5544
1.92877
2.23436
2.46765
2.62528
2.71336
2.73111
2.66628
2.50778
2.27314
2.04672
1.91673
1.84258
1.68717
1.33329
0.828213
0.16664
5.54965
5.18329
4.85839
4.3779
3.79075
3.22452
2.7729
2.57234
2.59906
2.78113
3.0232
3.25029
3.45073
3.78917
4.15513
4.16281
3.69005
3.43057
2.53403
1.10814
-0.650341
-0.984919
-0.700686
-0.0417965
0.770335
1.44602
1.9883
2.42526
2.74573
2.95038
3.07783
3.11894
3.05563
2.88738
2.63736
2.37061
2.14637
1.9551
1.72144
1.35693
0.864733
0.205875
5.52265
4.81562
4.67109
4.38119
3.98928
3.55657
3.07457
2.76674
2.76954
2.69453
2.80641
3.10812
3.12334
3.42774
3.26868
3.1942
3.20669
2.98865
2.61338
1.69521
0.350764
-0.567225
-0.899205
-0.35807
0.570974
1.39938
2.10244
2.70017
3.10433
3.35075
3.53226
3.58809
3.50324
3.29762
2.98828
2.63912
2.31572
2.02814
1.74049
1.38069
0.893794
0.275328
8.27194
4.25162
4.09205
4.4149
4.35771
4.20391
3.28218
2.01575
2.9034
3.10297
3.26736
3.99563
2.49224
2.38417
2.56437
2.8584
2.92216
2.79893
2.38889
1.62074
0.56012
-0.243904
-0.474226
-0.110906
0.666934
1.57781
2.40014
3.04351
3.45026
3.75894
4.01326
4.06836
3.94903
3.71035
3.3217
2.87546
2.46785
2.1464
1.8716
1.54448
1.03321
0.419547
21.7805
5.56854
3.53889
3.71142
3.62523
2.25482
1.26758
-0.938616
6.20065
2.25524
3.0928
2.7583
2.61756
2.5589
2.5774
2.56306
2.45635
2.27505
2.03138
1.67894
1.18047
0.642485
0.299674
0.412112
1.04097
1.86006
2.618
3.22789
3.68065
4.06811
4.35029
4.43231
4.32225
4.0728
3.68056
3.29036
2.89062
2.53766
2.22796
1.88159
1.30191
0.628321
173.873
116.167
53.0071
20.6413
9.32728
6.1289
3.49586
0.53226
1.58259
3.02949
6.5308
2.48187
2.5501
2.53983
2.53237
2.44679
2.25082
1.98945
1.73496
1.51669
1.33142
1.18036
1.11665
1.2231
1.53043
2.07025
2.71015
3.30749
3.82895
4.24568
4.49825
4.56426
4.48185
4.26557
3.94384
3.60188
3.27618
2.97616
2.65175
2.23772
1.55882
0.80022
)
;

boundaryField
{
    leftWall
    {
        type            calculated;
        value           nonuniform List<scalar> 
46
(
1807.81
1695.23
1407.15
996.631
591.438
304.632
132.349
58.8637
40.2713
33.5853
32.93
31.1639
30.5966
30.9282
32.1156
35.2633
36.3762
29.8472
27.4395
26.4345
22.3514
12.147
3.34459
1.12372
1.51704
2.06533
2.24794
2.14312
1.8294
1.42496
1.00754
0.725388
0.535962
0.360231
0.191722
0.0251747
-0.140182
-0.303657
-0.464341
-0.621484
-0.774841
-0.924859
-1.07243
-1.21782
-1.35975
-1.49679
)
;
    }
    rightWall
    {
        type            calculated;
        value           nonuniform List<scalar> 
46
(
589.165
478.919
327.666
243.456
173.873
116.167
53.0071
20.6413
9.32728
6.1289
3.49586
0.53226
1.58259
3.02949
6.5308
2.48187
2.5501
2.53983
2.53237
2.44679
2.25082
1.98945
1.73496
1.51669
1.33142
1.18036
1.11665
1.2231
1.53043
2.07025
2.71015
3.30749
3.82895
4.24568
4.49825
4.56426
4.48185
4.26557
3.94384
3.60188
3.27618
2.97616
2.65175
2.23772
1.55882
0.80022
)
;
    }
    lowerWall
    {
        type            calculated;
        value           nonuniform List<scalar> 
52
(
723.258
671.051
627.765
648.868
739.532
693.301
727.457
741.561
721.787
724.638
694.145
609.275
500.799
401.302
331.729
305.505
278.148
237.488
236.95
315.903
511.406
706.601
644.871
1105.11
1070.06
1067.22
1034.06
1865.38
2054.59
1610.14
968.265
561.233
366.202
273.917
226.099
230.109
276.797
365.865
467.245
586.228
703.181
798.697
862.686
910.012
961.107
1020.55
1076.28
1123.77
1145.75
1137.42
672.172
843.574
)
;
    }
    atmosphere
    {
        type            calculated;
        value           nonuniform List<scalar> 
44
(
-1.56032
-1.58341
-1.5871
-1.5972
-1.6082
-1.61884
-1.62694
-1.62948
-1.62171
-1.59642
-1.54297
-1.44563
-1.28345
-1.03225
-0.648156
-0.134921
0
0
0
0
0
0
0
0
0
0
0
-4.78766e-06
-0.253996
-0.357079
-0.200441
-0.0726257
-0.0159357
-0.000776666
0
0
0
0
0
0
0
0
0
0
)
;
    }
    frontAndBack
    {
        type            empty;
    }
}


// ************************************************************************* //
