/*--------------------------------*- C++ -*----------------------------------*\
  =========                 |
  \\      /  F ield         | OpenFOAM: The Open Source CFD Toolbox
   \\    /   O peration     | Website:  https://openfoam.org
    \\  /    A nd           | Version:  13
     \\/     M anipulation  |
\*---------------------------------------------------------------------------*/
FoamFile
{
    format      ascii;
    class       surfaceScalarField;
    location    "0.9";
    object      phi;
}
// * * * * * * * * * * * * * * * * * * * * * * * * * * * * * * * * * * * * * //

dimensions      [0 3 -1 0 0 0 0];

internalField   nonuniform List<scalar> 
3938
(
-1.92224e-05
1.92224e-05
-9.54924e-05
7.627e-05
-0.00023651
0.000141017
0.000118557
-0.000355066
-0.000112905
0.000132128
-0.000286501
0.000249866
-0.000471418
0.000325935
0.000207017
-0.000559879
-7.08245e-05
0.000202952
-0.000191738
0.000370779
-0.000361819
0.000496016
0.000255803
-0.000410604
-1.48873e-05
0.000217839
-6.19816e-05
0.000417873
-0.000150225
0.000584259
0.000254775
-0.000149197
5.43308e-06
0.000212406
-2.67472e-05
0.000450054
-6.27652e-05
0.000620278
0.000264038
-7.20289e-05
1.23775e-05
0.000200029
-6.969e-06
0.0004694
-9.0108e-06
0.000622319
0.00028006
-2.50327e-05
1.32769e-05
0.000186752
9.94519e-06
0.000472732
6.5169e-05
0.000567096
0.000202051
0.000143178
1.16217e-05
0.00017513
2.95052e-05
0.000454848
0.000156623
0.000439978
2.40616e-05
0.000334612
9.88177e-06
0.000165249
5.67574e-05
0.000407973
0.000250754
0.000245982
-0.000134728
0.000409544
1.36265e-05
0.000151622
9.57036e-05
0.000325896
0.000266282
7.54033e-05
-0.0001311
0.000262654
1.69856e-05
0.000134636
9.07132e-05
0.000252168
0.00014738
1.87361e-05
-2.65207e-05
4.28015e-05
1.63632e-05
0.000118273
6.81539e-05
0.000200377
3.18866e-05
5.50034e-05
4.27757e-05
-3.74097e-05
9.49071e-06
0.000108783
3.04255e-05
0.000179442
-7.06794e-06
9.24968e-05
7.74062e-05
-4.16985e-05
8.13201e-06
0.000100651
1.39853e-05
0.000173589
-1.58696e-05
0.000122352
9.49072e-05
-3.33707e-05
1.70852e-05
8.35653e-05
1.58828e-05
0.000174792
-1.02808e-05
0.000148515
0.000110744
-2.61176e-05
2.57213e-05
5.7844e-05
2.78319e-05
0.000172681
3.79869e-06
0.000172548
0.000130879
-1.63366e-05
2.47854e-05
3.30587e-05
3.96106e-05
0.000157856
2.59687e-05
0.00018619
0.000153922
2.92633e-06
1.8368e-05
1.46907e-05
4.5393e-05
0.000130831
4.84691e-05
0.000183114
0.000170987
3.14036e-05
1.30298e-05
1.66088e-06
4.36322e-05
0.000100228
6.28591e-05
0.000163887
0.000173632
6.02146e-05
7.00698e-06
-5.3461e-06
3.6562e-05
7.06734e-05
6.60659e-05
0.000134383
0.000160371
7.93269e-05
-7.52643e-08
-5.27084e-06
2.50099e-05
4.55882e-05
5.87817e-05
0.000100612
0.000134795
8.43575e-05
-1.53225e-06
-3.73858e-06
1.48978e-05
2.91581e-05
4.76304e-05
6.7879e-05
9.68473e-05
8.5578e-05
-3.73859e-06
2.54196e-05
9.32985e-05
0.000190146
-4.30201e-05
4.30201e-05
-6.374e-05
2.07199e-05
-2.55847e-05
-3.81553e-05
-6.81866e-05
4.2602e-05
1.4008e-05
2.90121e-05
1.83703e-05
1.63576e-05
4.28246e-05
-6.26097e-05
-9.92135e-05
7.38515e-05
8.46816e-06
2.0544e-05
4.11208e-05
-1.6295e-05
6.22007e-05
-8.36896e-05
-0.000110801
7.37887e-05
-1.65656e-06
2.22005e-05
3.16223e-05
-4.95739e-05
5.18819e-05
-0.000103949
-0.000112539
5.3619e-05
1.53789e-05
6.82156e-06
3.58591e-05
-7.0054e-05
3.92049e-05
-0.000107295
-0.000105682
3.2348e-05
1.87908e-05
-1.19693e-05
2.48426e-05
-7.61057e-05
2.124e-05
-0.000103693
-0.000101426
1.69839e-05
1.01164e-05
-2.20856e-05
1.416e-05
-8.01494e-05
2.00684e-05
-0.000109601
-0.00010951
2.81529e-05
2.28978e-06
-2.43754e-05
2.24045e-05
-0.000100264
5.20871e-05
-0.000139284
-0.000139245
8.18225e-05
4.92643e-06
-2.93019e-05
5.35622e-05
-0.0001489
0.000119992
-0.000205713
-0.000221095
0.000201842
2.23483e-05
-5.16502e-05
9.60871e-05
-0.000222639
0.000205149
-0.000314775
-0.000376192
0.000360246
4.60968e-05
-9.7747e-05
0.000131579
-0.000308121
0.000257141
-0.000440338
-0.000506915
0.000387865
5.15504e-05
-0.000149297
0.00012458
-0.000381151
0.000239991
-0.000555748
-0.000571017
0.000304093
3.14828e-05
-0.00018078
6.83247e-05
-0.000417992
0.000190634
-0.000678057
-0.000550408
0.000170025
9.49048e-06
-0.000190271
1.8658e-05
-0.00042716
0.000113225
-0.000772624
-0.00046931
3.21269e-05
-6.27308e-06
-0.000183997
-2.45547e-05
-0.000408878
-2.98728e-05
-0.000767306
-0.00041444
-8.47433e-05
-2.10727e-05
-0.000162925
-6.86533e-05
-0.000361298
-0.00017537
-0.000660589
-0.000385588
-0.000204222
-5.07937e-05
-0.000112131
-0.000154576
-0.000257516
-0.00038567
-0.000429495
-0.000283947
-0.000487311
-8.93166e-05
-2.28145e-05
-0.000261342
-8.54901e-05
-0.000540029
-0.000150808
-0.000143779
-0.000680197
-2.28145e-05
-0.000108305
-0.000259113
-0.000402891
-0.000432601
7.75344e-05
-0.000471304
3.87033e-05
-0.000487897
1.6593e-05
-0.000493669
5.77173e-06
-0.000493399
-2.70297e-07
-0.000491544
-1.8543e-06
-0.000489079
-2.46571e-06
-0.000483694
-5.38424e-06
-0.00047365
-1.0044e-05
-0.000457769
-1.58812e-05
-0.000434554
-2.32155e-05
-0.000401739
-3.28142e-05
-0.000353609
-4.81308e-05
-0.000277815
-7.57937e-05
-0.000173442
-0.000104373
-5.92782e-05
-0.000114164
6.51363e-05
-0.000124414
0.000176441
-0.000111304
0.000221302
-4.48618e-05
0.000182354
3.89486e-05
8.59085e-05
9.64452e-05
-6.38929e-06
9.22977e-05
-7.38021e-05
6.74127e-05
-0.000122715
4.89128e-05
-0.000157581
3.48658e-05
-0.000178101
2.05201e-05
-0.000186057
7.95656e-06
-0.000192216
6.15881e-06
-0.000204205
1.19884e-05
-0.000220209
1.6004e-05
-0.000237432
1.72238e-05
-0.000254242
1.68102e-05
-0.00026967
1.54279e-05
-0.000283203
1.35323e-05
-0.000294658
1.14553e-05
-0.000304064
9.40618e-06
-0.000311567
7.50304e-06
-0.000317368
5.80019e-06
-0.00032167
4.30203e-06
-0.000324649
2.97956e-06
-0.000326471
1.82209e-06
7.06575e-07
-0.000560604
7.82588e-05
-0.000530001
8.10111e-06
-0.000505639
-7.76887e-06
-0.00048351
-1.63581e-05
-0.000467235
-1.6545e-05
-0.000459947
-9.14238e-06
-0.000453382
-9.0308e-06
-0.000444404
-1.43623e-05
-0.00043166
-2.27883e-05
-0.000412931
-3.46098e-05
-0.000387336
-4.88105e-05
-0.000354076
-6.60742e-05
-0.000311605
-9.06014e-05
-0.000269691
-0.000117707
-0.000238723
-0.000135341
-0.000217248
-0.000135639
-0.000216936
-0.000124727
-0.000221358
-0.000106881
-0.000187232
-7.89878e-05
-0.00013792
-1.03635e-05
-0.00012333
8.18544e-05
-0.000162858
0.000131826
-0.000208711
0.000113267
-0.000241313
8.15144e-05
-0.000260534
5.40862e-05
-0.000273177
3.31637e-05
-0.000289584
2.43629e-05
-0.000306215
2.27901e-05
-0.000318122
2.38952e-05
-0.000325845
2.37275e-05
-0.000330767
2.21462e-05
-0.000333681
1.97236e-05
-0.000335102
1.68492e-05
-0.000335466
1.38959e-05
-0.000335123
1.11131e-05
-0.000334349
8.63168e-06
-0.000333348
6.50242e-06
-0.000332277
4.72819e-06
-0.000331261
3.2866e-06
-0.00033042
2.13892e-06
-0.000329812
1.21365e-06
3.9557e-07
-0.000384218
5.18724e-05
-0.000321617
-5.44997e-05
-0.000240197
-8.9189e-05
-0.000151655
-0.000104901
-8.0799e-05
-8.74008e-05
-3.54452e-05
-5.44961e-05
-2.61092e-05
-1.83668e-05
-4.41225e-05
3.65094e-06
-7.77391e-05
1.08284e-05
-0.000109785
-2.56413e-06
-0.000135674
-2.29213e-05
-0.000150353
-5.13953e-05
-0.000158977
-8.19771e-05
-0.000172779
-0.000103906
-0.00019776
-0.00011036
-0.000230332
-0.000103067
-0.000265957
-8.91021e-05
-0.000290033
-8.28054e-05
-0.000297118
-7.19022e-05
-0.000275606
-3.1876e-05
-0.000250392
5.66401e-05
-0.000241579
0.000123013
-0.000253237
0.000124925
-0.000263324
9.16008e-05
-0.000269913
6.06757e-05
-0.000279987
4.32373e-05
-0.000291529
3.59055e-05
-0.000301187
3.24475e-05
-0.000307348
3.0057e-05
-0.000311205
2.75844e-05
-0.000313992
2.49329e-05
-0.000316402
2.21335e-05
-0.000318756
1.92035e-05
-0.000321099
1.62381e-05
-0.000323324
1.3338e-05
-0.000325293
1.06008e-05
-0.000326906
8.1154e-06
-0.000328127
5.94931e-06
-0.000328979
4.13863e-06
-0.000329518
2.67796e-06
-0.000329817
1.5124e-06
4.99927e-07
-0.0001878
9.04749e-05
-0.000211946
-3.03528e-05
-0.000173152
-0.000127983
-0.000110586
-0.000167467
-7.71685e-05
-0.000120818
-6.895e-05
-6.27147e-05
-7.24882e-05
-1.48284e-05
-8.0673e-05
1.18358e-05
-9.77857e-05
2.79412e-05
-0.000127552
2.72019e-05
-0.000154553
4.07965e-06
-0.000176843
-2.91044e-05
-0.000198604
-6.0216e-05
-0.000219611
-8.28991e-05
-0.000237523
-9.2448e-05
-0.000254104
-8.6486e-05
-0.000273122
-7.00843e-05
-0.000294499
-6.14286e-05
-0.000312449
-5.39522e-05
-0.000310825
-3.35001e-05
-0.000281988
2.78039e-05
-0.000256804
9.78285e-05
-0.000251664
0.000119784
-0.000255266
9.52032e-05
-0.00026152
6.69302e-05
-0.00026976
5.14767e-05
-0.000278681
4.48263e-05
-0.000287138
4.09049e-05
-0.000294544
3.74632e-05
-0.000301089
3.41287e-05
-0.000307025
3.08693e-05
-0.000312429
2.75369e-05
-0.000317237
2.40121e-05
-0.000321336
2.03371e-05
-0.00032464
1.66417e-05
-0.000327131
1.30912e-05
-0.00032886
9.84499e-06
-0.000329943
7.03217e-06
-0.000330534
4.72962e-06
-0.000330805
2.94933e-06
-0.000330914
1.62095e-06
5.38971e-07
-0.000111108
0.000129554
-9.74864e-05
-4.39742e-05
-3.14839e-05
-0.000193986
3.60222e-05
-0.000234973
6.48707e-05
-0.000149667
2.71467e-05
-2.49907e-05
-3.65686e-05
4.88869e-05
-8.66807e-05
6.19479e-05
-0.000120164
6.14244e-05
-0.000143045
5.0083e-05
-0.000163079
2.4114e-05
-0.000183162
-9.02163e-06
-0.000204486
-3.88925e-05
-0.000227668
-5.9717e-05
-0.000250098
-7.00172e-05
-0.000268639
-6.79455e-05
-0.000278036
-6.06872e-05
-0.000288615
-5.08492e-05
-0.000300878
-4.16893e-05
-0.000305643
-2.8735e-05
-0.000283132
5.29215e-06
-0.000259403
7.41002e-05
-0.000246955
0.000107336
-0.000249091
9.73387e-05
-0.000257754
7.5594e-05
-0.000267727
6.14493e-05
-0.000277169
5.42683e-05
-0.000286173
4.99094e-05
-0.000294757
4.60472e-05
-0.000302671
4.20426e-05
-0.000309697
3.78947e-05
-0.000315782
3.36225e-05
-0.000320918
2.91474e-05
-0.000325067
2.44859e-05
-0.000328205
1.97797e-05
-0.000330367
1.52536e-05
-0.00033166
1.11384e-05
-0.000332258
7.62955e-06
-0.00033238
4.85227e-06
-0.000332266
2.83451e-06
-0.000332124
1.47935e-06
4.92241e-07
4.26073e-05
6.19139e-05
0.000159824
-0.000161191
0.000213422
-0.000247584
0.000217475
-0.000239026
0.00020401
-0.000136202
0.000175002
4.01787e-06
7.07984e-05
0.00015309
-4.53118e-05
0.000178058
-0.000111918
0.000128031
-0.000154737
9.29022e-05
-0.000180175
4.95515e-05
-0.000194889
5.69285e-06
-0.000205152
-2.86301e-05
-0.000215469
-4.94e-05
-0.000227551
-5.79352e-05
-0.000239137
-5.63594e-05
-0.000254176
-4.56476e-05
-0.000271817
-3.32083e-05
-0.00028716
-2.63467e-05
-0.000296694
-1.92008e-05
-0.000290372
-1.02992e-06
-0.000269676
5.34044e-05
-0.000254025
9.16846e-05
-0.00025317
9.64839e-05
-0.00026146
8.38837e-05
-0.000272042
7.20313e-05
-0.000281886
6.41127e-05
-0.000290855
5.88781e-05
-0.000299309
5.45014e-05
-0.000307204
4.99376e-05
-0.000314295
4.49861e-05
-0.000320453
3.97807e-05
-0.000325616
3.431e-05
-0.000329698
2.85682e-05
-0.00033262
2.27013e-05
-0.000334386
1.70193e-05
-0.000335118
1.18703e-05
-0.000335052
7.56376e-06
-0.000334507
4.30739e-06
-0.000333829
2.15632e-06
-0.000333317
9.67495e-07
3.21299e-07
0.000317204
-0.000112111
0.000428811
-0.000272798
0.000437672
-0.000256444
0.000367547
-0.000168901
0.000302344
-7.09986e-05
0.000272905
3.3457e-05
0.000172616
0.000253379
1.16344e-05
0.000339039
-9.7869e-05
0.000237534
-0.00016002
0.000155053
-0.000192097
8.16284e-05
-0.000205538
1.91338e-05
-0.00021034
-2.3828e-05
-0.000215823
-4.39173e-05
-0.00022672
-4.70377e-05
-0.000241337
-4.1742e-05
-0.000254553
-3.2432e-05
-0.00026752
-2.02419e-05
-0.000279743
-1.41233e-05
-0.000288995
-9.94873e-06
-0.000290413
3.87713e-07
-0.000275706
3.86978e-05
-0.000264264
8.02428e-05
-0.000262978
9.51972e-05
-0.000269448
9.03542e-05
-0.000278751
8.13342e-05
-0.000287913
7.32746e-05
-0.000296384
6.73496e-05
-0.00030449
6.26069e-05
-0.000312281
5.77288e-05
-0.000319495
5.22005e-05
-0.000325879
4.61637e-05
-0.000331238
3.96695e-05
-0.000335375
3.27051e-05
-0.00033811
2.54359e-05
-0.000339393
1.8303e-05
-0.000339371
1.18479e-05
-0.000338374
6.56651e-06
-0.000336868
2.80169e-06
-0.000335367
6.55681e-07
-0.000334302
-9.75792e-08
-3.51736e-08
0.000475585
-0.000253083
0.000429774
-0.000226987
0.000311357
-0.000138027
0.000201202
-5.8747e-05
0.000136628
-6.42417e-06
9.7766e-05
7.23187e-05
7.41954e-05
0.00027695
-2.25205e-05
0.000435755
-0.000103263
0.000318277
-0.000153661
0.000205451
-0.000180464
0.000108431
-0.000192254
3.09239e-05
-0.000196609
-1.94734e-05
-0.000202726
-3.78002e-05
-0.000214608
-3.51554e-05
-0.000231675
-2.46751e-05
-0.00024789
-1.6217e-05
-0.000260831
-7.30034e-06
-0.000273743
-1.2112e-06
-0.000284717
1.02482e-06
-0.000290412
6.08313e-06
-0.000281532
2.98171e-05
-0.000273368
7.20794e-05
-0.000272272
9.41006e-05
-0.000277254
9.53361e-05
-0.000285178
8.92585e-05
-0.00029364
8.17367e-05
-0.000301811
7.5521e-05
-0.00030984
7.06358e-05
-0.000317791
6.56796e-05
-0.000325377
5.97868e-05
-0.000332226
5.30127e-05
-0.000338003
4.5446e-05
-0.000342354
3.70557e-05
-0.000344943
2.80256e-05
-0.000345627
1.89869e-05
-0.000344575
1.07955e-05
-0.000342257
4.24843e-06
-0.000339352
-1.03146e-07
-0.000336618
-2.07881e-06
-0.000334761
-1.95405e-06
-6.56297e-07
0.000353084
-0.000196624
0.00019704
-7.09427e-05
6.19505e-05
-2.93753e-06
-2.64023e-06
5.84373e-06
1.70027e-05
-2.60671e-05
-1.87651e-05
0.000108086
-6.90003e-05
0.000327185
-9.33925e-05
0.000460147
-0.000120271
0.000345155
-0.000136557
0.000221737
-0.00014558
0.000117453
-0.000150429
3.5773e-05
-0.000153768
-1.61343e-05
-0.000163205
-2.83629e-05
-0.000183506
-1.48547e-05
-0.000211848
3.66701e-06
-0.000238251
1.01864e-05
-0.00025485
9.29849e-06
-0.000268795
1.27343e-05
-0.000281086
1.33153e-05
-0.000289262
1.4259e-05
-0.000285894
2.64499e-05
-0.000279813
6.59976e-05
-0.00027862
9.29073e-05
-0.000283052
9.97688e-05
-0.00029047
9.66763e-05
-0.000298815
9.00823e-05
-0.000307098
8.38039e-05
-0.000315368
7.89055e-05
-0.000323756
7.40675e-05
-0.000331997
6.80274e-05
-0.000339626
6.06416e-05
-0.000346149
5.19691e-05
-0.000350988
4.18953e-05
-0.000353549
3.05868e-05
-0.000353501
1.89381e-05
-0.000351026
8.32053e-06
-0.000346809
3.15022e-08
-0.000341855
-5.05634e-06
-0.000337319
-6.61487e-06
-0.000334251
-5.02216e-06
-1.69387e-06
0.000109359
-4.33293e-05
7.71193e-06
3.0704e-05
-5.48777e-05
5.96521e-05
-1.04894e-05
-3.85446e-05
-3.05621e-05
-5.99435e-06
-0.000109021
0.000186545
-0.00015273
0.000370894
-0.000138531
0.000445948
-0.00012124
0.000327865
-0.000108049
0.000208546
-9.95547e-05
0.00010896
-9.39247e-05
3.0143e-05
-9.42537e-05
-1.58053e-05
-0.000104326
-1.82902e-05
-0.000132246
1.30647e-05
-0.000176249
4.76702e-05
-0.00022314
5.70772e-05
-0.000248754
3.49127e-05
-0.00026556
2.95404e-05
-0.000278539
2.62942e-05
-0.000287807
2.35269e-05
-0.000290027
2.867e-05
-0.000284067
6.00373e-05
-0.000282547
9.13878e-05
-0.000287007
0.000104228
-0.000294635
0.000104304
-0.000303389
9.88372e-05
-0.000312145
9.25592e-05
-0.000320909
8.76699e-05
-0.000329991
8.31494e-05
-0.00033923
7.72667e-05
-0.000348089
6.95004e-05
-0.000355874
5.97541e-05
-0.000361693
4.77144e-05
-0.000364517
3.34106e-05
-0.000363626
1.80478e-05
-0.000359192
3.88644e-06
-0.000352225
-6.93603e-06
-0.000344257
-1.30244e-05
-0.000337001
-1.38701e-05
-0.000332063
-9.9608e-06
-3.37778e-06
-4.60809e-05
4.55531e-05
-7.67318e-05
6.13548e-05
3.49688e-06
-2.05766e-05
2.21646e-06
-3.72643e-05
-9.85499e-05
9.4772e-05
-0.000159282
0.000247277
-0.000174162
0.000385775
-0.000135354
0.00040714
-9.54871e-05
0.000287998
-6.62501e-05
0.000179308
-4.59969e-05
8.87063e-05
-3.48622e-05
1.90084e-05
-3.32396e-05
-1.74279e-05
-4.16952e-05
-9.8346e-06
-6.94002e-05
4.07696e-05
-0.000127218
0.000105488
-0.000200645
0.000130504
-0.000245069
7.9336e-05
-0.000265039
4.95112e-05
-0.000278273
3.9528e-05
-0.000287827
3.30805e-05
-0.000292389
3.32328e-05
-0.000286787
5.44348e-05
-0.000285243
8.98437e-05
-0.000289743
0.000108729
-0.000297778
0.000112339
-0.000307228
0.000108287
-0.00031677
0.000102102
-0.000326299
9.71981e-05
-0.000336338
9.31887e-05
-0.000346969
8.78982e-05
-0.000357658
8.01894e-05
-0.000367508
6.96037e-05
-0.000375185
5.5392e-05
-0.000378877
3.71019e-05
-0.000377038
1.62089e-05
-0.000369823
-3.32824e-06
-0.000358757
-1.80018e-05
-0.000346367
-2.54143e-05
-0.000335027
-2.52106e-05
-0.000327181
-1.78069e-05
-6.08748e-06
-7.01242e-05
7.82676e-05
-6.98551e-05
6.10857e-05
-3.69774e-05
-5.34542e-05
-9.38956e-05
1.96537e-05
-0.000149352
0.000150229
-0.000180921
0.000278846
-0.000162336
0.00036719
-0.000103383
0.000348187
-5.29784e-05
0.000237593
-1.71783e-05
0.000143508
8.26969e-06
6.32583e-05
2.34639e-05
3.81423e-06
2.86207e-05
-2.25846e-05
2.08727e-05
-2.08665e-06
-3.1892e-06
6.48315e-05
-6.01082e-05
0.000162407
-0.000155527
0.000225923
-0.000238268
0.000162077
-0.000264758
7.60009e-05
-0.000280037
5.48073e-05
-0.000290381
4.34245e-05
-0.000297036
3.98878e-05
-0.000293133
5.05314e-05
-0.000289105
8.58157e-05
-0.000292229
0.000111853
-0.000300119
0.000120229
-0.000310271
0.00011844
-0.000320822
0.000112652
-0.000331271
0.000107647
-0.000342382
0.0001043
-0.000354775
0.000100291
-0.000368129
9.35435e-05
-0.000381279
8.27533e-05
-0.000392175
6.62881e-05
-0.000397823
4.275e-05
-0.000395345
1.37316e-05
-0.000384168
-1.45059e-05
-0.000366991
-3.51787e-05
-0.000347916
-4.44888e-05
-0.00033039
-4.27376e-05
-0.00031796
-3.02364e-05
-1.0465e-05
-5.07628e-05
8.73319e-05
-5.47671e-05
6.509e-05
-8.9337e-05
-1.88843e-05
-0.000139386
6.97022e-05
-0.00017631
0.000187153
-0.000178237
0.000280773
-0.000132968
0.000321921
-6.4353e-05
0.000279572
-1.36334e-05
0.000186873
2.76489e-05
0.000102226
6.22508e-05
2.86564e-05
8.66177e-05
-2.05527e-05
9.328e-05
-2.92469e-05
8.4708e-05
6.48532e-06
6.54729e-05
8.40666e-05
2.42509e-05
0.000203629
-7.22981e-05
0.000322472
-0.00020729
0.000297069
-0.000261025
0.000129736
-0.000282808
7.65902e-05
-0.000294644
5.52602e-05
-0.000303647
4.8891e-05
-0.000304946
5.18307e-05
-0.000297027
7.78966e-05
-0.000295887
0.000110713
-0.000301823
0.000126165
-0.00031184
0.000128456
-0.000323446
0.000124259
-0.000335208
0.000119408
-0.000347715
0.000116807
-0.000362301
0.000114878
-0.00037923
0.000110472
-0.000397361
0.000100884
-0.000414131
8.30584e-05
-0.000425024
5.36423e-05
-0.000423879
1.25866e-05
-0.000407104
-3.12804e-05
-0.000379138
-6.31449e-05
-0.000349072
-7.45551e-05
-0.000321899
-6.99099e-05
-0.000302
-5.01358e-05
-1.78311e-05
-3.73968e-05
9.13581e-05
-4.91008e-05
7.6794e-05
-0.000102259
3.42744e-05
-0.000147336
0.000114778
-0.000165822
0.000205639
-0.000149459
0.00026441
-9.64501e-05
0.000268912
-3.28194e-05
0.000215941
1.78869e-05
0.000136167
6.38501e-05
5.6263e-05
0.000102863
-1.03567e-05
0.000131462
-4.91514e-05
0.00014805
-4.58344e-05
0.000148763
5.7722e-06
0.000137988
9.48413e-05
0.000113339
0.000228278
4.09185e-05
0.000394893
-0.000113962
0.000451949
-0.000243467
0.000259241
-0.000282268
0.000115391
-0.000298319
7.13108e-05
-0.00030976
6.03323e-05
-0.000318385
6.04551e-05
-0.000311814
7.13264e-05
-0.00030374
0.000102638
-0.000304076
0.000126501
-0.000311422
0.000135803
-0.00032286
0.000135697
-0.000335861
0.00013241
-0.000349969
0.000130915
-0.000367268
0.000132177
-0.000389931
0.000133136
-0.000417724
0.000128677
-0.000446111
0.000111446
-0.000465533
7.30647e-05
-0.000464589
1.16418e-05
-0.000437444
-5.84246e-05
-0.000394316
-0.000106273
-0.000349292
-0.00011958
-0.000308325
-0.000110877
-0.000276272
-8.2189e-05
-3.13514e-05
-2.87424e-05
9.39829e-05
-3.2765e-05
8.08166e-05
-6.92651e-05
7.07745e-05
-0.000117378
0.000162892
-0.000125317
0.000213577
-0.00010068
0.000239772
-5.62583e-05
0.000224491
-3.90284e-06
0.000163585
3.97007e-05
9.25635e-05
7.46723e-05
2.12913e-05
0.000103818
-3.95023e-05
0.00013895
-8.42837e-05
0.000181882
-8.87665e-05
0.000212557
-2.49022e-05
0.000215721
9.1677e-05
0.000199533
0.000244465
0.000163009
0.000431418
4.80275e-05
0.000566931
-0.000158204
0.000465473
-0.000266917
0.000224104
-0.000298607
0.000103001
-0.000313599
7.53244e-05
-0.00032511
7.19667e-05
-0.000330692
7.69076e-05
-0.000319949
9.18953e-05
-0.000313112
0.000119664
-0.000314418
0.000137108
-0.000322648
0.000143927
-0.000336258
0.00014602
-0.000353974
0.000148631
-0.000376398
0.000154601
-0.000404472
0.00016121
-0.000435762
0.000159966
-0.000461421
0.000137105
-0.000468829
8.04727e-05
-0.000453522
-3.66499e-06
-0.000420213
-9.17342e-05
-0.000370267
-0.000156219
-0.000317309
-0.000172537
-0.000268979
-0.000159207
-0.000228041
-0.000123127
-5.43905e-05
-2.37723e-05
0.000101419
-2.48617e-05
8.19059e-05
-2.02644e-05
6.61772e-05
-6.26007e-05
0.000205228
-7.21315e-05
0.000223108
-4.5756e-05
0.000213397
-1.05498e-05
0.000189285
2.08604e-05
0.000132175
4.41679e-05
6.92558e-05
7.27505e-05
-7.29135e-06
0.000112582
-7.93335e-05
0.000161199
-0.000132901
0.000223143
-0.000150711
0.000287438
-8.91974e-05
0.000313945
6.51708e-05
0.000291486
0.000266924
0.000264198
0.000458706
0.000204333
0.000626796
2.29052e-05
0.0006469
-0.000192422
0.000439431
-0.000284883
0.000195461
-0.000313236
0.000103677
-0.000326613
8.53444e-05
-0.000336467
8.67612e-05
-0.000340327
9.57553e-05
-0.000330975
0.000110313
-0.000327739
0.000133872
-0.000329936
0.000146125
-0.000338009
0.000154093
-0.000350819
0.00016144
-0.000366418
0.0001702
-0.000380656
0.000175448
-0.000386861
0.000166172
-0.000377233
0.000127477
-0.000350674
5.39131e-05
-0.00032006
-3.4279e-05
-0.000293412
-0.000118382
-0.000252403
-0.000197228
-0.000203605
-0.000221335
-0.00016002
-0.000202792
-0.000123419
-0.000159727
-9.042e-05
-1.39432e-05
0.000118288
-2.10479e-05
8.90106e-05
2.62308e-06
4.25062e-05
-9.35949e-06
0.00021721
-1.49193e-05
0.000228668
4.61115e-06
0.000193866
2.95198e-05
0.000164376
5.4792e-05
0.000106903
0.000106552
1.74961e-05
0.000179372
-8.0112e-05
0.000251725
-0.000151686
0.00030315
-0.000184326
0.000336214
-0.000183775
0.000370174
-0.000123157
0.000408133
2.72109e-05
0.000381023
0.000294035
0.000341137
0.000498592
0.000313011
0.000654921
0.000222906
0.000737006
8.64692e-06
0.00065369
-0.000200019
0.000404127
-0.000291761
0.00019542
-0.000319361
0.000112944
-0.000330562
9.79624e-05
-0.000337108
0.000102301
-0.000341752
0.000114956
-0.000339528
0.000131648
-0.000335008
0.000141604
-0.000332047
0.000151133
-0.00032515
0.000154543
-0.000312057
0.000157107
-0.000288924
0.000152315
-0.000254597
0.000131845
-0.000217474
9.03545e-05
-0.000192484
2.89228e-05
-0.000175172
-5.15912e-05
-0.000146285
-0.000147269
-9.92198e-05
-0.000244293
-5.15407e-05
-0.000269014
-1.00616e-05
-0.000244271
3.81684e-05
-0.000207957
-0.000140935
8.8655e-06
0.000140826
-7.13745e-06
0.000105014
-6.06776e-05
9.60464e-05
1.82282e-05
0.000138305
3.68512e-05
0.000210045
4.77706e-05
0.000182947
8.7228e-05
0.000124919
0.000165503
2.86277e-05
0.000265711
-8.27119e-05
0.000351805
-0.000166205
0.000402146
-0.000202027
0.000425724
-0.000207904
0.000425835
-0.000183887
0.000430049
-0.000127371
0.000448441
8.81856e-06
0.000418964
0.000323512
0.000375892
0.000541665
0.000360404
0.000670409
0.000335016
0.000762394
0.000233111
0.000755595
2.96117e-05
0.000607626
-0.000165812
0.000390843
-0.000272093
0.000219225
-0.000304036
0.000129906
-0.00031542
0.000113685
-0.000315797
0.000115333
-0.00030856
0.000124411
-0.000302327
0.000135371
-0.000294507
0.000143313
-0.000278927
0.000138963
-0.000250943
0.000129123
-0.000212971
0.000114342
-0.000169528
8.8402e-05
-0.000126249
4.70761e-05
-9.4095e-05
-3.23152e-06
-5.07313e-05
-9.49549e-05
9.96057e-06
-0.000207961
5.27397e-05
-0.000287072
7.90811e-05
-0.000295355
0.000105301
-0.000270491
0.000140607
-0.000243263
-0.000186914
4.27495e-05
0.000158291
2.4243e-05
0.00012352
9.65435e-06
0.000110635
4.79394e-05
0.00010002
6.84249e-05
0.000189559
9.438e-05
0.000156992
0.000186439
3.28602e-05
0.000296959
-8.1893e-05
0.000375748
-0.000161501
0.000413021
-0.000203478
0.00042469
-0.000213696
0.00042142
-0.000204634
0.000408253
-0.00017072
0.000385508
-0.000104625
0.000359432
3.4895e-05
0.000355823
0.00032712
0.000339769
0.000557719
0.00034353
0.000666647
0.000361246
0.000744678
0.000347193
0.000769648
0.000259075
0.000695744
0.000103818
0.000546101
-7.23946e-05
0.000395438
-0.000200568
0.000258079
-0.000256907
0.000170024
-0.000270115
0.000128541
-0.000264961
0.000119257
-0.000246672
0.000117082
-0.000217778
0.000114419
-0.000188187
0.000109372
-0.000160723
0.000101659
-0.000131237
8.48559e-05
-9.54577e-05
5.26231e-05
-4.47793e-05
-3.6023e-06
2.33636e-05
-7.13745e-05
9.64118e-05
-0.000168003
0.00014278
-0.000254329
0.000151624
-0.000295917
0.00015451
-0.000298241
0.000165628
-0.00028161
0.000185804
-0.000263438
-0.000216506
7.42598e-05
0.000163359
5.81975e-05
0.000139582
3.69408e-05
0.000131892
-4.96834e-06
0.000141929
5.44436e-05
0.000130147
0.000178854
3.25815e-05
0.000298987
-8.72725e-05
0.000369252
-0.000152158
0.000392258
-0.000184507
0.000380622
-0.000191843
0.00035677
-0.000189843
0.000339041
-0.000186906
0.00032793
-0.000159609
0.000307989
-8.46847e-05
0.000274512
6.83725e-05
0.000274271
0.000327361
0.000279749
0.000552242
0.000296099
0.000650297
0.000334104
0.000706673
0.000370598
0.000733154
0.000367128
0.000699214
0.000306152
0.000607076
0.00020723
0.000494361
8.5746e-05
0.000379563
-3.55908e-05
0.00029136
-0.000129809
0.000222759
-0.000174908
0.000164356
-0.000179268
0.000121442
-0.000161469
9.66195e-05
-0.000131182
7.9085e-05
-9.13914e-05
6.18685e-05
-3.94101e-05
3.28746e-05
3.01939e-05
-1.6981e-05
0.000110832
-8.42403e-05
0.00018318
-0.000143723
0.000212969
-0.000197791
0.000205339
-0.0002467
0.000189948
-0.000280526
0.000186239
-0.000294531
0.00019413
-0.000289501
0.00020789
-0.000277199
-0.000236729
9.22489e-05
0.000155467
8.33765e-05
0.000148455
7.05635e-05
0.000144705
8.87292e-05
0.000123763
0.000187518
3.13586e-05
0.000299291
-7.91919e-05
0.000356106
-0.000144087
0.000355488
-0.000151541
0.000312292
-0.000141311
0.000262074
-0.000141626
0.000231319
-0.000159088
0.000236412
-0.000191998
0.000261405
-0.000184601
0.000246886
-7.01659e-05
0.0002187
9.6558e-05
0.000207276
0.000338786
0.000215043
0.000544475
0.000238921
0.000626419
0.000284983
0.00066061
0.000343673
0.000674465
0.000388708
0.000654178
0.000399358
0.000596427
0.000374758
0.000518961
0.00031836
0.000435961
0.000250776
0.000358944
0.000184031
0.000289505
0.000123312
0.000225075
7.77467e-05
0.000167008
5.59411e-05
0.000118425
5.92507e-05
7.57754e-05
8.90843e-05
3.2035e-05
0.00013788
-1.59208e-05
0.000190869
-6.99702e-05
0.000220107
-0.000113478
0.000224161
-0.000147776
0.000213545
-0.000187176
0.000204415
-0.00023757
0.000205795
-0.000281906
0.000215062
-0.000303798
0.00022761
-0.000302049
0.000241371
-0.00029096
-0.0002546
0.000100836
0.000140209
0.000106282
0.000143008
0.000131085
0.000119902
0.000207053
4.77952e-05
0.000300656
-6.22435e-05
0.000339377
-0.000117913
0.000304061
-0.000108771
0.000229315
-7.67949e-05
0.000184837
-9.6832e-05
0.00020076
-0.000157549
0.00026925
-0.000227578
0.000309885
-0.000232634
0.000280487
-0.000155203
0.000224147
-1.38266e-05
0.000171804
0.000148902
0.000142501
0.000368089
0.000151735
0.00053524
0.000183611
0.000594543
0.000235288
0.000608933
0.000300977
0.000608775
0.000364703
0.000590453
0.00041038
0.00055075
0.000431979
0.000497361
0.000429949
0.000437991
0.000410899
0.000377995
0.000381208
0.000319195
0.000345682
0.000260601
0.000309821
0.000202869
0.000281131
0.000147115
0.000264689
9.22176e-05
0.000259876
3.6848e-05
0.000259038
-1.50832e-05
0.000249936
-6.08679e-05
0.000226354
-8.98966e-05
0.000207895
-0.000129317
0.000209213
-0.000188494
0.000223741
-0.000252098
0.000239544
-0.000297708
0.000252122
-0.000316376
0.000262392
-0.000312319
0.000273581
-0.000302149
-0.000270943
0.000161067
0.000169288
0.000182497
0.000121578
0.000251232
5.11674e-05
0.000319494
-2.04668e-05
0.000323006
-6.57562e-05
0.0002749
-6.98067e-05
0.000213389
-4.72602e-05
0.000195776
-5.91817e-05
0.000227214
-0.00012827
0.000290588
-0.000220923
0.000307524
-0.000244514
0.000276781
-0.000201892
0.000215324
-9.37456e-05
0.000152722
4.8776e-05
0.000105591
0.000196032
8.05202e-05
0.00039316
9.85119e-05
0.000517249
0.000140557
0.000552499
0.000197343
0.000552147
0.000262942
0.000543175
0.000327985
0.00052541
0.000382574
0.000496161
0.000422056
0.00045788
0.000445546
0.0004145
0.000454573
0.000368968
0.000451419
0.000322349
0.000437416
0.000274604
0.00041435
0.000225935
0.000385559
0.000175907
0.000354294
0.000123483
0.000321161
6.99808e-05
0.000283135
2.29423e-05
0.000236356
-1.40884e-05
0.000205062
-5.86029e-05
0.000206393
-0.000130648
0.000229136
-0.000211237
0.000252875
-0.000275837
0.00026757
-0.000312403
0.000276015
-0.000324821
0.000283719
-0.000320024
0.000295655
-0.000314085
-0.000287312
0.000130941
3.83474e-05
0.000203688
4.883e-05
0.000247086
7.77038e-06
0.000250344
-2.37248e-05
0.000217842
-3.32549e-05
0.000161999
-1.39638e-05
0.00015939
-4.46506e-05
0.000189377
-8.91689e-05
0.000233724
-0.000172617
0.000241692
-0.000228892
0.000190998
-0.00019382
0.000140733
-0.000151627
0.000104883
-5.78953e-05
7.66203e-05
7.70385e-05
3.9488e-05
0.000233164
3.31365e-05
0.000399512
6.24595e-05
0.000487925
0.000110201
0.000504757
0.000165979
0.00049637
0.000224117
0.000485037
0.000279855
0.000469673
0.00032851
0.000447506
0.000367471
0.000418919
0.000395687
0.000386284
0.000412967
0.000351688
0.000419206
0.000316111
0.000414089
0.000279722
0.000397716
0.000242307
0.000370814
0.000202809
0.000334002
0.000160295
0.000286954
0.000117029
0.000233381
7.65152e-05
0.000193813
2.54805e-05
0.000190268
-5.50581e-05
0.000212086
-0.000152467
0.000237906
-0.000237057
0.000254899
-0.000292831
0.000263321
-0.000320825
0.000270271
-0.000331771
0.000280398
-0.00033015
0.000295343
-0.000329031
-0.000299819
6.50785e-05
-2.67311e-05
0.000146703
-3.2794e-05
0.000189425
-3.49522e-05
0.000190744
-2.50435e-05
0.000147301
1.01884e-05
0.000161016
-2.76792e-05
0.000177683
-6.13174e-05
0.000209361
-0.000120847
0.000208154
-0.00017141
0.000171299
-0.000192037
0.000120643
-0.000143164
9.09184e-05
-0.000121902
7.04669e-05
-3.74438e-05
3.84618e-05
0.000109044
6.79777e-06
0.000264828
1.31185e-05
0.000393191
5.15329e-05
0.000449511
0.00010243
0.00045386
0.000156157
0.000442642
0.000208693
0.000432502
0.000257502
0.000420863
0.00030047
0.000404538
0.000335643
0.000383746
0.000361471
0.000360457
0.000377162
0.000335996
0.000382235
0.000311038
0.000375993
0.000285964
0.000357794
0.000260506
0.000326849
0.000233754
0.000282529
0.000204614
0.000230376
0.000169181
0.000189531
0.00011736
0.000181274
3.37379e-05
0.000201167
-7.49515e-05
0.000227855
-0.000179155
0.000246755
-0.000255956
0.000255635
-0.000301712
0.000262081
-0.00032727
0.000273273
-0.000342963
0.000288878
-0.000345756
0.0003028
-0.000342952
-0.000299918
9.79674e-05
-8.20966e-05
0.00014276
-7.7587e-05
0.000171893
-6.4085e-05
0.000151489
-4.63971e-06
0.000174657
-1.2979e-05
0.000194529
-4.75515e-05
0.000219552
-8.63398e-05
0.000216594
-0.00011789
0.000193227
-0.000148042
0.000153862
-0.000152672
0.000124749
-0.000114051
8.08808e-05
-7.8034e-05
3.80395e-05
5.39747e-06
8.68848e-06
0.000138395
-3.38308e-06
0.000276899
2.02794e-05
0.000369528
6.90526e-05
0.000400738
0.000125277
0.000397635
0.000180595
0.000387325
0.000233138
0.000379958
0.000281522
0.00037248
0.000323934
0.000362126
0.000357621
0.000350059
0.000380233
0.000337845
0.000390674
0.000325555
0.000388278
0.000313434
0.000372165
0.000302077
0.000341539
0.000291132
0.000296965
0.000278327
0.000245842
0.000255738
0.000206224
0.0002088
0.000197109
0.000126475
0.000219682
1.11651e-05
0.000251361
-0.00010663
0.000274526
-0.00020232
0.000284264
-0.000265695
0.000288333
-0.00030578
0.000299811
-0.000338749
0.000320126
-0.000363278
0.000337267
-0.000362897
0.000334621
-0.000340306
-0.000269321
9.46205e-05
-0.000102865
0.000109738
-9.27047e-05
0.00012559
-7.99371e-05
0.000152495
-3.15448e-05
0.000172003
-3.2487e-05
0.000193262
-6.88109e-05
0.000199382
-9.2459e-05
0.000191339
-0.000109847
0.000168538
-0.000125241
0.000136193
-0.000120327
0.000108522
-8.63801e-05
5.59862e-05
-2.5498e-05
1.59647e-05
4.54189e-05
2.65912e-06
0.0001517
1.6094e-05
0.000263465
5.26295e-05
0.000332993
9.85182e-05
0.000354849
0.000144187
0.000351966
0.000186731
0.000344781
0.000226547
0.000340142
0.000263571
0.000335456
0.000295731
0.000329966
0.000319541
0.000326248
0.000331937
0.00032545
0.00033151
0.000325981
0.000318071
0.000326873
0.000292879
0.000327269
0.000258708
0.000325303
0.000221417
0.000315619
0.000192103
0.000285052
0.000185342
0.00021556
0.000206453
0.000105364
0.000236888
-1.92701e-05
0.000259224
-0.000128967
0.000266121
-0.000209217
0.000263772
-0.000263345
0.000267556
-0.000309564
0.000285747
-0.000356939
0.000302944
-0.000380476
0.000296802
-0.000356754
0.00025027
-0.000293775
-0.000196781
7.78868e-05
-0.000106964
8.05542e-05
-9.53721e-05
8.00989e-05
-7.94818e-05
0.000108973
-6.0419e-05
0.000137743
-6.1257e-05
0.000171035
-0.000102103
0.000192626
-0.00011405
0.0001868
-0.000104021
0.000162254
-0.000100695
0.00013341
-9.14831e-05
0.000105711
-5.8681e-05
6.87523e-05
1.14606e-05
3.61631e-05
7.80079e-05
3.28495e-05
0.000155014
5.93858e-05
0.000236928
9.95209e-05
0.000292858
0.000138959
0.000315411
0.000172606
0.000318319
0.000201468
0.000315919
0.000227535
0.000314075
0.000251696
0.000311295
0.000272485
0.000309176
0.000286384
0.000312349
0.000289845
0.000321989
0.00028122
0.000334606
0.000261996
0.000346098
0.000236383
0.000352882
0.000210331
0.000351355
0.000191632
0.000334317
0.000189328
0.000287357
0.000206829
0.000198059
0.000233932
7.82616e-05
0.000253219
-3.85577e-05
0.000255734
-0.000131481
0.000244727
-0.00019821
0.000234282
-0.0002529
0.000240227
-0.000315509
0.000253945
-0.000370657
0.000242059
-0.00036859
0.000187833
-0.000302528
9.34782e-05
-0.00019942
-9.38574e-05
5.17822e-05
-0.000105127
5.66666e-05
-0.000100257
8.2646e-05
-0.000105461
8.98609e-05
-6.76339e-05
0.000105369
-7.67649e-05
0.000131771
-0.000128505
0.000149999
-0.000132278
0.000156634
-0.000110655
0.000148562
-9.2624e-05
0.000131271
-7.4192e-05
0.000112979
-4.03883e-05
9.87032e-05
2.57361e-05
8.18712e-05
9.484e-05
7.94012e-05
0.000157484
0.000101675
0.000214654
0.000136741
0.000257792
0.000170757
0.000281395
0.000197503
0.000291573
0.000218028
0.000295395
0.000234431
0.000297671
0.000247847
0.000297879
0.000258607
0.000298417
0.000265251
0.000305705
0.000265089
0.000322151
0.000256417
0.000343278
0.000240829
0.000361686
0.000223417
0.000370295
0.000211229
0.000363543
0.000211002
0.000334544
0.000226493
0.000271865
0.00025023
0.000174322
0.000265493
6.29984e-05
0.000264551
-3.76152e-05
0.000244875
-0.000111806
0.000218415
-0.00017175
0.000202232
-0.000236717
0.000201665
-0.000314942
0.000186007
-0.000355
0.000121506
-0.000304089
2.09275e-05
-0.000201949
-8.09005e-05
-9.75917e-05
-2.46074e-05
2.98115e-05
-0.00010259
3.8178e-05
-0.000108623
5.18903e-05
-0.000119174
4.02541e-05
-5.59978e-05
4.00936e-05
-7.66045e-05
6.66868e-05
-0.000155098
0.000101506
-0.000167097
0.000130868
-0.000140017
0.000143077
-0.000104833
0.000138973
-7.00877e-05
0.000131773
-3.31884e-05
0.00013384
2.36693e-05
0.000132463
9.62172e-05
0.000130022
0.000159925
0.00013706
0.000207616
0.000155371
0.000239481
0.000179477
0.000257288
0.000203515
0.000267536
0.000223901
0.000275008
0.000239145
0.000282428
0.000249383
0.000287641
0.000255833
0.000291966
0.000260142
0.000301396
0.000262337
0.000319956
0.000261324
0.000344291
0.000257526
0.000365483
0.000254172
0.000373649
0.000256332
0.000361382
0.000267986
0.000322891
0.000286447
0.000253404
0.000299608
0.00016116
0.000296811
6.5796e-05
0.00027282
-1.36241e-05
0.000232965
-7.19515e-05
0.00019453
-0.000133315
0.000169468
-0.000211655
0.000147581
-0.000293055
8.72299e-05
-0.000294649
-1.85266e-05
-0.000198332
-0.000113149
-0.000107327
-0.000161501
-4.9239e-05
-1.3347e-05
1.34392e-05
-9.90456e-05
5.64571e-06
-0.00010083
-1.83917e-05
-9.51362e-05
3.46211e-06
-7.78517e-05
5.16859e-05
-0.000124828
9.23509e-05
-0.000195763
0.000142309
-0.000217055
0.000176055
-0.000173763
0.000183291
-0.00011207
0.000172062
-5.88582e-05
0.00015757
-1.86967e-05
0.00015729
2.39493e-05
0.000167877
8.56301e-05
0.000174768
0.000153034
0.000177151
0.000205233
0.000180188
0.000236444
0.000186998
0.000250479
0.000199814
0.00025472
0.000217736
0.000257086
0.00023627
0.000263894
0.000250419
0.000273492
0.000259808
0.000282577
0.000267106
0.000294098
0.000275213
0.000311849
0.00028493
0.000334574
0.000295749
0.000354663
0.000307675
0.000361723
0.000321668
0.000347388
0.000337173
0.000307386
0.00034786
0.000242718
0.000344764
0.000164257
0.000322294
8.82659e-05
0.000278512
3.0158e-05
0.000224035
-1.7475e-05
0.000176732
-8.60124e-05
0.000138735
-0.000173657
9.17062e-05
-0.000246026
1.94912e-06
-0.000204891
-8.94367e-05
-0.000106947
-0.000130486
-6.62772e-05
-0.000133761
-4.59647e-05
-1.81551e-05
2.90839e-05
-9.99766e-05
1.91694e-05
-9.0915e-05
2.0629e-05
-9.65958e-05
6.83083e-05
-0.000125531
0.000129218
-0.000185738
0.000205952
-0.000272498
0.000269493
-0.000280596
0.000289634
-0.000193905
0.000272727
-9.5162e-05
0.000236036
-2.21673e-05
0.000198946
1.83933e-05
0.000177289
4.56058e-05
0.000179873
8.30461e-05
0.000195617
0.000137291
0.000208122
0.000192727
0.000212828
0.000231738
0.000213215
0.000250092
0.000214681
0.000253253
0.000221596
0.00025017
0.000235649
0.000249841
0.000252127
0.000257015
0.000266485
0.000268219
0.000279214
0.000281369
0.000293252
0.000297811
0.000310961
0.000316865
0.000332247
0.000333378
0.000354999
0.000338971
0.000375996
0.000326391
0.000390509
0.000292873
0.000391936
0.000241292
0.000375624
0.000180568
0.000339065
0.000124826
0.000283539
8.56838e-05
0.000222551
4.35124e-05
0.00016894
-3.24005e-05
0.000119124
-0.000123841
5.87685e-05
-0.00018567
-1.66092e-05
-0.000129514
-6.66133e-05
-5.69424e-05
-7.79262e-05
-5.49643e-05
-7.62522e-05
-4.76386e-05
-1.72027e-05
0.000103708
-0.000121862
0.000120668
-0.000107875
0.000158328
-0.000134257
0.000234573
-0.000201775
0.000339582
-0.000290747
0.000437853
-0.000370768
0.000457116
-0.000299859
0.00042074
-0.000157528
0.000364083
-3.85051e-05
0.000301075
4.08404e-05
0.000241983
7.74862e-05
0.000197967
8.96216e-05
0.000179261
0.000101752
0.000188041
0.00012851
0.000210303
0.000170465
0.000229646
0.000212395
0.000240202
0.000239536
0.00024455
0.000248905
0.000247509
0.000247211
0.000253965
0.000243385
0.000265942
0.000245038
0.000280253
0.000253908
0.000295009
0.000266613
0.000311319
0.000281501
0.000331214
0.00029697
0.000355122
0.000309469
0.000380535
0.000313559
0.000402503
0.000304423
0.000414903
0.000280472
0.000412057
0.000244138
0.000390644
0.000201981
0.000349421
0.000166049
0.000292502
0.000142602
0.000231718
0.000104297
0.000175518
2.38001e-05
0.000119791
-6.81145e-05
5.97782e-05
-0.000125658
1.05095e-05
-8.02451e-05
-1.61261e-05
-3.03068e-05
-2.79522e-05
-4.31382e-05
-3.13917e-05
-4.4199e-05
-1.31773e-05
0.000292696
-0.000212716
0.000412975
-0.000228154
0.000555409
-0.000276691
0.000666168
-0.000312534
0.000708993
-0.000333573
0.000644855
-0.000306631
0.000550366
-0.00020537
0.000458164
-6.53258e-05
0.000380509
3.91496e-05
0.00031469
0.00010666
0.00025305
0.000139126
0.000202872
0.0001398
0.000171516
0.000133108
0.000165992
0.000134035
0.000185178
0.000151279
0.000216439
0.000181134
0.000245757
0.000210218
0.000266525
0.000228137
0.000279319
0.000234417
0.000287879
0.000234825
0.000296506
0.000236411
0.00030665
0.000243764
0.000317898
0.000255365
0.000330926
0.000268473
0.000347042
0.000280855
0.000366647
0.000289865
0.000387799
0.000292406
0.00040606
0.000286162
0.000416059
0.000270473
0.000413148
0.00024705
0.00039389
0.000221239
0.000357224
0.000202714
0.0003076
0.000192226
0.000253222
0.000158674
0.000197067
7.99552e-05
0.000140593
-1.16404e-05
8.69938e-05
-7.20587e-05
5.408e-05
-4.73313e-05
2.87288e-05
-4.95563e-06
1.06507e-05
-2.50601e-05
-2.14725e-06
-3.1401e-05
-8.39943e-06
0.000523512
-0.000375982
0.000620717
-0.000325359
0.000645058
-0.000301032
0.000629617
-0.000297093
0.000570531
-0.000274487
0.000479778
-0.000215877
0.000386846
-0.000112439
0.000316373
5.14789e-06
0.000269303
8.62197e-05
0.00023962
0.000136343
0.000204739
0.000174007
0.000171586
0.000172953
0.00014821
0.000156484
0.000140005
0.000142239
0.000152138
0.000139147
0.000183176
0.000150095
0.000224132
0.000169262
0.000264073
0.000188197
0.000295522
0.000202967
0.000316508
0.000213839
0.000329321
0.000223598
0.000337802
0.000235283
0.00034451
0.000248658
0.000351619
0.000261363
0.00036096
0.000271514
0.000373122
0.000277702
0.000386848
0.00027868
0.000399254
0.000273757
0.000406666
0.000263061
0.000405438
0.000248278
0.000392226
0.000234451
0.000365853
0.000229087
0.000329424
0.000228655
0.000285788
0.000202311
0.000234835
0.000130908
0.000179231
4.39644e-05
0.00012757
-2.03979e-05
9.8493e-05
-1.82546e-05
7.108e-05
2.24574e-05
3.66509e-05
9.36904e-06
1.69454e-05
-1.16955e-05
-3.47602e-06
0.00044902
-0.000437137
0.00042256
-0.000298899
0.000371818
-0.00025029
0.000317004
-0.000242279
0.000250408
-0.000207891
0.000178931
-0.0001444
0.000132568
-6.60749e-05
0.000111963
2.5752e-05
0.000110014
8.81694e-05
0.000106714
0.000139642
0.00010533
0.000175391
0.000103916
0.000174367
0.0001048
0.000155599
0.000109044
0.000137996
0.000123131
0.00012506
0.000152461
0.000120765
0.000195609
0.000126114
0.000244782
0.000139024
0.000290673
0.000157076
0.000326122
0.00017839
0.000348496
0.000201224
0.00036021
0.000223569
0.000365629
0.000243239
0.000368674
0.000258318
0.000372176
0.000268012
0.000377504
0.000272374
0.000384446
0.000271738
0.00039161
0.000266594
0.000396904
0.000257766
0.000397753
0.000247429
0.000391513
0.000240691
0.000377219
0.000243382
0.000356328
0.000249546
0.00032635
0.000232289
0.000283721
0.000173537
0.000232649
9.50362e-05
0.000182553
2.96982e-05
0.000152409
1.18889e-05
0.000125185
4.96814e-05
7.4537e-05
6.00171e-05
3.32031e-05
2.96384e-05
8.01121e-06
0.000234471
-0.000367515
0.000123301
-0.000187729
5.52111e-05
-0.0001822
8.82828e-06
-0.000195896
-2.96873e-05
-0.000169375
-5.76243e-05
-0.000116463
-6.95309e-05
-5.41683e-05
-5.98158e-05
1.6037e-05
-5.3657e-05
8.20106e-05
-3.7431e-05
0.000123416
-7.65318e-06
0.000145614
2.54156e-05
0.000141298
5.03642e-05
0.000130651
7.1067e-05
0.000117293
9.57872e-05
0.00010034
0.000132137
8.44149e-05
0.00018119
7.7061e-05
0.000236476
8.37381e-05
0.000290196
0.000103357
0.000334123
0.000134462
0.000362527
0.000172821
0.000375619
0.000210477
0.000378458
0.000240399
0.000376867
0.000259909
0.000374781
0.000270098
0.000374281
0.000272874
0.00037593
0.000270089
0.000379258
0.000263266
0.000383255
0.000253769
0.000386454
0.000244231
0.000387266
0.000239878
0.000385208
0.00024544
0.000380111
0.000254643
0.00036608
0.00024632
0.000336425
0.000203192
0.000294723
0.000136738
0.000249894
7.45278e-05
0.000216489
4.52937e-05
0.000194901
7.1269e-05
0.00014792
0.000106998
8.0942e-05
9.66164e-05
5.381e-05
2.46689e-05
-0.00022216
-7.89173e-05
-8.41432e-05
-0.00012645
-0.000134667
-0.000171244
-0.000151103
-0.000206989
-0.00013363
-0.000231197
-9.22545e-05
-0.000238759
-4.6607e-05
-0.000225065
2.34388e-06
-0.000192188
4.91327e-05
-0.000145422
7.66505e-05
-9.12923e-05
9.14845e-05
-4.49613e-05
9.4967e-05
-7.30887e-06
9.2998e-05
2.48085e-05
8.51753e-05
5.96727e-05
6.54757e-05
0.000114258
2.98293e-05
0.000186757
4.56182e-06
0.000262668
7.8276e-06
0.000330604
3.54211e-05
0.000384218
8.08482e-05
0.00041878
0.000138259
0.000429995
0.000199262
0.000425672
0.000244723
0.000414768
0.000270813
0.000402333
0.000282533
0.00039156
0.000283647
0.000383824
0.000277825
0.000379381
0.00026771
0.00037791
0.000255239
0.000378817
0.000243325
0.000382001
0.000236694
0.000388259
0.000239181
0.000397001
0.000245901
0.00040233
0.000240991
0.000395067
0.000210455
0.000373667
0.000158138
0.000341684
0.000106511
0.000305652
8.1325e-05
0.000277941
9.89808e-05
0.00024382
0.000141119
0.000183863
0.000156574
0.000119144
-7.14239e-05
-0.000118609
-0.000124137
-3.14305e-05
-0.000185305
-7.3499e-05
-0.000245548
-9.08596e-05
-0.000287813
-9.13658e-05
-0.000306176
-7.38904e-05
-0.000306962
-4.58213e-05
-0.000286799
-1.78195e-05
-0.000240108
2.44224e-06
-0.00018421
2.07523e-05
-0.0001262
3.34742e-05
-7.39321e-05
4.26993e-05
-3.28104e-05
5.18763e-05
1.11869e-06
5.12462e-05
3.32891e-05
3.33052e-05
5.53507e-05
7.76764e-06
6.44888e-05
-4.57632e-06
8.21478e-05
-9.83139e-06
0.000129533
-1.19637e-05
0.00020817
2.21053e-06
0.000295426
5.10028e-05
0.000354442
0.000140247
0.000386987
0.000212177
0.000398507
0.000259294
0.000399626
0.000281413
0.000396626
0.000286648
0.000392029
0.000282421
0.00038797
0.000271769
0.000385578
0.000257631
0.000384897
0.000244005
0.000387707
0.000233885
0.00039729
0.000229599
0.000414773
0.000228418
0.00043565
0.000220115
0.000450273
0.000195832
0.000450685
0.000157726
0.000433575
0.000123621
0.000400631
0.000114269
0.000363784
0.000135828
0.000330241
0.000174662
0.000285038
0.000201777
0.00017546
-8.9989e-05
-0.000113363
-0.000150843
2.94232e-05
-0.000227705
3.36293e-06
-0.000282254
-3.63109e-05
-0.000309224
-6.43959e-05
-0.00031022
-7.28936e-05
-0.000299384
-5.66577e-05
-0.000282392
-3.48117e-05
-0.000257183
-2.27665e-05
-0.000225842
-1.05885e-05
-0.000195488
3.12023e-06
-0.000168931
1.61418e-05
-0.000154627
3.7573e-05
-0.000155301
5.19197e-05
-0.000187044
6.50488e-05
-0.000252086
7.28093e-05
-0.000298797
4.21351e-05
-0.000308251
-3.78219e-07
-0.000271881
-4.83333e-05
-0.000198625
-7.10454e-05
-8.88462e-05
-5.87759e-05
3.56214e-05
1.5779e-05
0.000143257
0.000104541
0.000215757
0.000186794
0.000265322
0.000231848
0.000300847
0.000251123
0.000325833
0.000257435
0.000345138
0.000252464
0.000361383
0.000241387
0.000374281
0.000231107
0.000388207
0.000219959
0.000407979
0.000209827
0.000435828
0.000200568
0.000468379
0.000187564
0.000495619
0.000168592
0.000505915
0.00014743
0.000494382
0.000135155
0.000464483
0.000144168
0.000426459
0.000173852
0.000394132
0.000206989
0.000363832
0.000232077
0.00021049
-0.000183674
-0.000133911
-0.000213693
5.94425e-05
-0.000285619
7.52888e-05
-0.000318644
-3.28556e-06
-0.000344244
-3.87965e-05
-0.000370712
-4.64256e-05
-0.000401932
-2.5438e-05
-0.000438082
1.33816e-06
-0.000467572
6.72411e-06
-0.000486231
8.07074e-06
-0.000491494
8.38282e-06
-0.000486425
1.10727e-05
-0.000473311
2.44586e-05
-0.00045353
3.21392e-05
-0.000425582
3.71002e-05
-0.000398609
4.58364e-05
-0.000380309
2.38356e-05
-0.000359604
-2.10833e-05
-0.000340658
-6.72797e-05
-0.000323796
-8.79066e-05
-0.00030192
-8.06519e-05
-0.000250086
-3.60556e-05
-0.000176347
3.08021e-05
-9.07511e-05
0.000101199
-1.08213e-05
0.000151918
6.13034e-05
0.000178998
0.000126624
0.000192114
0.000182773
0.000196316
0.000229989
0.000194171
0.000271162
0.000189934
0.000311743
0.000179377
0.00035293
0.00016864
0.000394229
0.000159269
0.000433854
0.000147939
0.000463411
0.000139035
0.000475094
0.000135746
0.000468927
0.000141322
0.000453113
0.000159982
0.000436534
0.000190431
0.00042691
0.000216613
0.000422776
0.000236211
0.000216889
-0.000477611
-0.000143611
-0.00040272
-1.54491e-05
-0.000370235
4.28042e-05
-0.000392713
1.91918e-05
-0.000440211
8.70251e-06
-0.000502115
1.54781e-05
-0.000542734
1.51809e-05
-0.000553928
1.25324e-05
-0.000555709
8.505e-06
-0.000554509
6.87082e-06
-0.000555558
9.43181e-06
-0.000568677
2.41914e-05
-0.000571649
2.74308e-05
-0.000562287
2.27768e-05
-0.000550165
2.49787e-05
-0.000528887
2.45585e-05
-0.000513815
8.76313e-06
-0.000513491
-2.14068e-05
-0.000523064
-5.77067e-05
-0.000520977
-8.99934e-05
-0.000502662
-9.89677e-05
-0.000466482
-7.22347e-05
-0.000414753
-2.09278e-05
-0.000349116
3.55624e-05
-0.000277617
8.04187e-05
-0.000205963
0.000107343
-0.000136225
0.000122376
-7.00728e-05
0.000130164
-9.44901e-06
0.000133547
4.48222e-05
0.000135663
9.22362e-05
0.000131963
0.000139657
0.00012122
0.000186424
0.000112502
0.000228863
0.0001055
0.000266304
0.000101594
0.000299893
0.000102157
0.000329284
0.000111931
0.000356632
0.000132634
0.000386511
0.000160552
0.000422681
0.000180443
0.00046326
0.000195633
0.00018433
-0.000736624
-8.7184e-05
-0.000708817
-4.32561e-05
-0.000651923
-1.40898e-05
-0.000632971
2.39634e-07
-0.000627407
3.13851e-06
-0.000615222
3.29307e-06
-0.000603807
3.76567e-06
-0.000595894
4.61962e-06
-0.00059361
6.22078e-06
-0.000593435
6.6961e-06
-0.000583211
-7.91842e-07
-0.000576482
1.74618e-05
-0.000570385
2.13336e-05
-0.00057178
2.41726e-05
-0.000575537
2.87351e-05
-0.000579225
2.82465e-05
-0.000587567
1.71056e-05
-0.000603893
-5.08111e-06
-0.000626663
-3.49362e-05
-0.000651625
-6.50316e-05
-0.000668203
-8.23893e-05
-0.00066177
-7.86677e-05
-0.000627285
-5.54131e-05
-0.000573767
-1.7956e-05
-0.000513845
2.04968e-05
-0.000451933
4.54319e-05
-0.000388957
5.93987e-05
-0.00032532
6.65275e-05
-0.000261486
6.9713e-05
-0.000197342
7.15188e-05
-0.000136561
7.11814e-05
-8.27339e-05
6.73928e-05
-3.38695e-05
6.36377e-05
1.23281e-05
5.93025e-05
5.81244e-05
5.57972e-05
0.000104612
5.56697e-05
0.000156006
6.05364e-05
0.000217541
7.10993e-05
0.000291232
8.68614e-05
0.000373243
9.84313e-05
0.000459676
0.000109199
0.00010893
-0.000490075
-0.000533331
-0.000547421
-0.000547182
-0.000544043
-0.00054075
-0.000536984
-0.000532365
-0.000526144
-0.000519448
-0.00052024
-0.000502778
-0.000481444
-0.000457272
-0.000428536
-0.00040029
-0.000383184
-0.000388266
-0.000423202
-0.000488233
-0.000570623
-0.00064929
-0.000704703
-0.00072266
-0.000702163
-0.000656731
-0.000597332
-0.000530805
-0.000461092
-0.000389573
-0.000318391
-0.000250999
-0.000187361
-0.000128058
-7.22613e-05
-1.65916e-05
4.39449e-05
0.000115044
0.000201906
0.000300337
0.000409536
)
;

boundaryField
{
    leftWall
    {
        type            calculated;
        value           uniform 0;
    }
    rightWall
    {
        type            calculated;
        value           uniform 0;
    }
    lowerWall
    {
        type            calculated;
        value           uniform 0;
    }
    atmosphere
    {
        type            calculated;
        value           nonuniform List<scalar> 
44
(
-0.000327178
-0.000329501
-0.000329921
-0.000330953
-0.000332077
-0.000333146
-0.000333946
-0.00033414
-0.000333214
-0.000330379
-0.000324471
-0.000313582
-0.000294634
-0.000262751
-0.000205002
-8.73898e-05
8.86831e-05
0.000186586
0.000215396
0.000228112
0.000259242
0.000289924
0.000312024
0.000307851
0.000302899
0.000304023
0.00017773
-9.44527e-06
-0.00015015
-0.000172762
-0.000128953
-7.72047e-05
-3.5417e-05
-6.92513e-06
1.2022e-05
2.17159e-05
3.51433e-05
0.000118528
0.000228722
0.000328802
0.000416377
0.000495819
0.000535076
0.000518467
)
;
    }
    frontAndBack
    {
        type            empty;
    }
}


// ************************************************************************* //
