/*--------------------------------*- C++ -*----------------------------------*\
  =========                 |
  \\      /  F ield         | OpenFOAM: The Open Source CFD Toolbox
   \\    /   O peration     | Website:  https://openfoam.org
    \\  /    A nd           | Version:  13
     \\/     M anipulation  |
\*---------------------------------------------------------------------------*/
FoamFile
{
    format      ascii;
    class       volScalarField;
    location    "1";
    object      Ux;
}
// * * * * * * * * * * * * * * * * * * * * * * * * * * * * * * * * * * * * * //

dimensions      [0 1 -1 0 0 0 0];

internalField   nonuniform List<scalar> 
400
(
-0.000104678
-0.000827638
-0.0022136
-0.00377217
-0.00537359
-0.00693132
-0.0083996
-0.00974686
-0.0109413
-0.0119419
-0.0127031
-0.0131087
-0.0131584
-0.012689
-0.0116585
-0.0100202
-0.00781316
-0.00521141
-0.002531
-0.00061862
-0.000506308
-0.00173
-0.00332282
-0.00504609
-0.00680478
-0.00853047
-0.0101722
-0.0116853
-0.0130256
-0.0141445
-0.0149857
-0.0154741
-0.0155382
-0.0150925
-0.0140648
-0.0124069
-0.0101236
-0.0073209
-0.00422889
-0.00133247
-0.000789053
-0.00226786
-0.00392408
-0.005657
-0.00741261
-0.00914649
-0.0108164
-0.0123783
-0.0137874
-0.0149956
-0.0159476
-0.0165764
-0.0168075
-0.0165545
-0.0157247
-0.0142297
-0.0120057
-0.0090712
-0.00556585
-0.00189886
-0.000909903
-0.00253517
-0.00426868
-0.00603958
-0.00781557
-0.00957172
-0.0112807
-0.0129083
-0.0144174
-0.0157663
-0.0169058
-0.0177742
-0.0182943
-0.0183641
-0.0178506
-0.0165918
-0.0144087
-0.0111975
-0.00700421
-0.00239976
-0.000950097
-0.0026616
-0.00447692
-0.00631421
-0.00814547
-0.00995747
-0.0117377
-0.0134665
-0.0151196
-0.0166682
-0.0180756
-0.0192889
-0.020229
-0.0207777
-0.0207521
-0.019884
-0.0178243
-0.014255
-0.00904136
-0.00306315
-0.000961822
-0.00273034
-0.00462475
-0.00654184
-0.00845118
-0.0103451
-0.012224
-0.0140842
-0.0159194
-0.0177204
-0.0194709
-0.0211357
-0.0226452
-0.0238769
-0.0246023
-0.0244241
-0.0227446
-0.0188564
-0.0121914
-0.00408812
-0.000968261
-0.00278414
-0.00475534
-0.00675696
-0.00875444
-0.0107427
-0.0127334
-0.0147402
-0.0167787
-0.0188659
-0.021016
-0.0232271
-0.0254617
-0.0276175
-0.0294486
-0.0304322
-0.0296287
-0.0256322
-0.0170388
-0.00575493
-0.000979184
-0.002844
-0.00489175
-0.00697731
-0.0090616
-0.011141
-0.0132378
-0.0153837
-0.0176188
-0.0199925
-0.0225602
-0.0253716
-0.0284487
-0.0317419
-0.0350564
-0.0377931
-0.038586
-0.0347316
-0.023886
-0.00877259
-0.000999605
-0.00292181
-0.00504743
-0.00721173
-0.00937044
-0.0115209
-0.0136955
-0.0159431
-0.0183293
-0.0209375
-0.0238699
-0.0272386
-0.0311489
-0.035661
-0.0406598
-0.0455321
-0.0485849
-0.0442858
-0.0312989
-0.0139071
-0.0010339
-0.0030277
-0.00523354
-0.00746622
-0.00967495
-0.0118579
-0.014056
-0.0163334
-0.0187767
-0.021498
-0.0246393
-0.0283653
-0.0328507
-0.0382431
-0.0445158
-0.0508872
-0.0542124
-0.049612
-0.0341851
-0.0195982
-0.0010889
-0.00317539
-0.00546377
-0.00774727
-0.00996717
-0.0121228
-0.0142628
-0.0164613
-0.0188165
-0.0214539
-0.0245299
-0.0282235
-0.0327151
-0.0381541
-0.0445007
-0.0505384
-0.0527133
-0.0468979
-0.0333311
-0.0173224
-0.00117617
-0.0033852
-0.00575584
-0.00805998
-0.0102319
-0.0122754
-0.0142467
-0.0162244
-0.0183045
-0.0206029
-0.0232532
-0.0263921
-0.0301187
-0.0344888
-0.0392774
-0.0431895
-0.0429912
-0.037346
-0.0293645
-0.0132747
-0.0013223
-0.00368825
-0.00612856
-0.00839652
-0.0104278
-0.0122402
-0.0139014
-0.0154898
-0.0170863
-0.0187734
-0.0206301
-0.0227152
-0.0249917
-0.0273687
-0.0295559
-0.0306583
-0.0291283
-0.0255102
-0.0240316
-0.00903767
-0.0015404
-0.00411295
-0.00658155
-0.00870311
-0.0104427
-0.011854
-0.0130274
-0.0140374
-0.0149408
-0.0157741
-0.0165506
-0.0172631
-0.0177079
-0.0178576
-0.0174282
-0.0162963
-0.0148706
-0.0129455
-0.0176003
-0.00409373
-0.00199424
-0.00473846
-0.0070765
-0.00881367
-0.0100052
-0.0107635
-0.0112387
-0.0114542
-0.0114528
-0.011229
-0.0107386
-0.00991036
-0.00862739
-0.00679296
-0.00444902
-0.00204492
-0.00176183
-0.000591127
-0.011565
0.000881326
-0.00245304
-0.0055131
-0.00736876
-0.00821443
-0.00847675
-0.00830271
-0.00777562
-0.00692804
-0.00575867
-0.00424881
-0.00233817
3.48046e-05
0.00291047
0.00625407
0.00967407
0.0122442
0.0113339
0.0118872
-0.00683004
0.00719012
-0.0042462
-0.00684146
-0.0067884
-0.00616052
-0.00484969
-0.00311908
-0.00103557
0.00136779
0.00413294
0.00726633
0.010803
0.0147536
0.0190358
0.0234644
0.0273606
0.0297412
0.0275734
0.0266091
-0.0015154
0.0168587
-0.00572912
-0.00583404
-0.00320073
0.000293541
0.00429596
0.00856787
0.0130658
0.0177478
0.0225885
0.0276869
0.0330299
0.0385853
0.0441446
0.0495027
0.0535637
0.0560938
0.0529189
0.0492753
0.0102383
0.0337362
-0.00378415
0.000311427
0.00900325
0.0179921
0.0267525
0.0351531
0.0432216
0.0510099
0.0585494
0.0658968
0.073067
0.0801999
0.0869468
0.0934698
0.0981856
0.100867
0.0975185
0.0912968
0.0459667
0.0692309
0.0484411
0.053491
0.0805613
0.100017
0.11461
0.126799
0.137521
0.14722
0.155933
0.164036
0.171391
0.178604
0.184899
0.191292
0.195758
0.199167
0.196773
0.187982
0.1478
0.144588
)
;

boundaryField
{
    movingWall
    {
        type            calculated;
        value           uniform 1;
    }
    fixedWalls
    {
        type            calculated;
        value           uniform 0;
    }
    frontAndBack
    {
        type            empty;
    }
}


// ************************************************************************* //
