/*--------------------------------*- C++ -*----------------------------------*\
  =========                 |
  \\      /  F ield         | OpenFOAM: The Open Source CFD Toolbox
   \\    /   O peration     | Website:  https://openfoam.org
    \\  /    A nd           | Version:  13
     \\/     M anipulation  |
\*---------------------------------------------------------------------------*/
FoamFile
{
    format      ascii;
    class       volScalarField;
    location    "1";
    object      Uy;
}
// * * * * * * * * * * * * * * * * * * * * * * * * * * * * * * * * * * * * * //

dimensions      [0 1 -1 0 0 0 0];

internalField   nonuniform List<scalar> 
400
(
0.000110312
0.000524708
0.000785376
0.000866665
0.000860166
0.000818023
0.000758963
0.000686422
0.000595747
0.00047726
0.000316553
0.000141302
-0.000118151
-0.000418353
-0.000754978
-0.00109518
-0.00137067
-0.00145544
-0.00117944
-0.000582972
0.000824814
0.0017716
0.00228815
0.00247565
0.00247598
0.00237547
0.00221291
0.00199844
0.00172519
0.00137601
0.000928453
0.000370657
-0.000315562
-0.00113156
-0.00203917
-0.00296023
-0.00374444
-0.00414302
-0.00383718
-0.00256904
0.00217991
0.00334976
0.00394172
0.00418145
0.00418761
0.00404079
0.00378315
0.00342748
0.00296579
0.00237623
0.00163042
0.000702925
-0.000429439
-0.00176496
-0.00325979
-0.00480917
-0.00621349
-0.00715797
-0.00724048
-0.00579516
0.00374128
0.00506691
0.00566928
0.00592298
0.0059272
0.00574521
0.00541306
0.00494163
0.00432036
0.00352219
0.00250977
0.00124392
-0.00031065
-0.00216536
-0.00429127
-0.00658383
-0.00881879
-0.0106082
-0.0113765
-0.00979299
0.00541514
0.00688434
0.00747436
0.0077192
0.00771336
0.00750438
0.00711926
0.00656446
0.00582568
0.00486977
0.00364835
0.00210389
0.000176598
-0.00217822
-0.00498099
-0.00817195
-0.0115433
-0.0146276
-0.0165313
-0.0148081
0.00713941
0.00877658
0.0093582
0.00958609
0.00956655
0.00933951
0.00892528
0.00832639
0.00752515
0.00648216
0.00513653
0.00340726
0.0011963
-0.00160525
-0.00510721
-0.00936959
-0.0142891
-0.0193746
-0.0231802
-0.0213067
0.0088919
0.0107346
0.0113238
0.0115377
0.0115069
0.011273
0.0108555
0.0102567
0.00945844
0.00841755
0.00706141
0.00528327
0.00293338
-0.000188865
-0.00432797
-0.00978587
-0.0167423
-0.024914
-0.032034
-0.029981
0.0106712
0.0127569
0.0133716
0.013578
0.0135401
0.0133109
0.0129161
0.0123638
0.0116414
0.010708
0.00948519
0.00784447
0.00558272
0.00239037
-0.00218799
-0.00880815
-0.0182947
-0.0311714
-0.0439907
-0.0419991
0.0124872
0.0148476
0.0155006
0.015702
0.0156576
0.0154399
0.0150888
0.0146261
0.0140521
0.0133382
0.0124122
0.0111369
0.00927028
0.00639898
0.00180553
-0.00577763
-0.0186095
-0.0388986
-0.0593675
-0.0602033
0.0143568
0.0170146
0.0177082
0.0178968
0.0178359
0.0176255
0.0173272
0.0169834
0.0166163
0.0162196
0.0157425
0.0150568
0.0139013
0.0117635
0.00756245
-0.00113804
-0.0189257
-0.048969
-0.078358
-0.0859743
0.0163047
0.0192699
0.0199896
0.0201401
0.0200354
0.0198101
0.0195531
0.0193324
0.0191966
0.0191691
0.0192295
0.0192683
0.0190051
0.0177824
0.0139313
0.00337645
-0.0204638
-0.0586256
-0.0982055
-0.1149
0.018372
0.0216308
0.0223358
0.0223969
0.0221971
0.0219108
0.0216562
0.0215267
0.0215953
0.0219115
0.0224788
0.023196
0.0237281
0.0231948
0.0191511
0.00606293
-0.0227044
-0.0655308
-0.111901
-0.140327
0.0206034
0.0241119
0.0247251
0.0246105
0.0242345
0.0238154
0.0234962
0.0233879
0.0235754
0.0241192
0.0250239
0.0261668
0.0271078
0.0266916
0.0218668
0.00665172
-0.0244854
-0.0690339
-0.119435
-0.160797
0.0231529
0.026743
0.0271114
0.0266834
0.026019
0.0253745
0.024904
0.0247181
0.0248945
0.025483
0.0264654
0.0276766
0.0284619
0.0276432
0.0219055
0.00574096
-0.0252476
-0.0699382
-0.122216
-0.176718
0.0259404
0.0294471
0.0293506
0.0284245
0.0273419
0.0263822
0.0256686
0.02531
0.02533
0.0257607
0.0265438
0.0274293
0.0277834
0.0262493
0.0199027
0.00405833
-0.0252182
-0.0683809
-0.121647
-0.188561
0.0298075
0.0322898
0.0312236
0.0295397
0.0279344
0.0265978
0.0255893
0.0249406
0.0246793
0.0247879
0.0251729
0.0255608
0.0253267
0.0232132
0.0168403
0.00246021
-0.0239648
-0.0642634
-0.118431
-0.195765
0.0332681
0.0344924
0.0320242
0.0294755
0.0273696
0.0256447
0.0242842
0.0232897
0.0226591
0.0223636
0.0222927
0.0221902
0.0215311
0.0192655
0.0136051
0.00142918
-0.0205115
-0.0565493
-0.11092
-0.193635
0.0431253
0.036742
0.0320264
0.0287436
0.0261041
0.0239318
0.0221733
0.0207841
0.0197261
0.0189495
0.0183962
0.0178902
0.017078
0.0151279
0.0109965
0.00213538
-0.0141454
-0.0442982
-0.0934757
-0.174119
0.0347146
0.0213965
0.017358
0.0147377
0.0126787
0.0109638
0.00964026
0.00868841
0.00802574
0.00758149
0.00731315
0.0070983
0.00679682
0.0057874
0.00381954
-0.00131514
-0.00985669
-0.0296696
-0.0645452
-0.133576
0.0660953
0.0421957
0.0303422
0.0245483
0.0209482
0.0182694
0.0161389
0.0144504
0.0130952
0.0120678
0.0112177
0.0104667
0.0101722
0.00883932
0.0084634
0.00455844
0.00106142
-0.00640335
-0.0220498
-0.12935
)
;

boundaryField
{
    movingWall
    {
        type            calculated;
        value           uniform 0;
    }
    fixedWalls
    {
        type            calculated;
        value           uniform 0;
    }
    frontAndBack
    {
        type            empty;
    }
}


// ************************************************************************* //
