/*--------------------------------*- C++ -*----------------------------------*\
  =========                 |
  \\      /  F ield         | OpenFOAM: The Open Source CFD Toolbox
   \\    /   O peration     | Website:  https://openfoam.org
    \\  /    A nd           | Version:  13
     \\/     M anipulation  |
\*---------------------------------------------------------------------------*/
FoamFile
{
    format      ascii;
    class       volScalarField;
    location    "1.3";
    object      Ux;
}
// * * * * * * * * * * * * * * * * * * * * * * * * * * * * * * * * * * * * * //

dimensions      [0 1 -1 0 0 0 0];

internalField   nonuniform List<scalar> 
400
(
0.000251738
7.36335e-05
-0.00133453
-0.00363264
-0.00644184
-0.00945469
-0.0124159
-0.0150895
-0.0172329
-0.0185962
-0.0189491
-0.0181341
-0.016128
-0.0130945
-0.00940563
-0.00560762
-0.00232486
-0.0001114
0.000736171
0.000401898
-0.000140186
-0.00192098
-0.00630225
-0.0124618
-0.0196345
-0.0271649
-0.0344425
-0.0408791
-0.0458944
-0.0489346
-0.0495373
-0.0474252
-0.0426144
-0.035502
-0.026885
-0.0178932
-0.00980401
-0.00375309
-0.000408749
0.000270841
-0.000676302
-0.00433516
-0.011769
-0.0214962
-0.0324206
-0.0436672
-0.0543942
-0.0637792
-0.0710222
-0.0753798
-0.0762475
-0.0732726
-0.0664772
-0.0563606
-0.0439385
-0.0306831
-0.0183157
-0.00844635
-0.00221451
-5.66695e-05
-0.0011716
-0.00663867
-0.0170145
-0.0300681
-0.0443668
-0.0588747
-0.072606
-0.0845968
-0.0939113
-0.0996765
-0.101165
-0.0979113
-0.0898436
-0.0774183
-0.0617098
-0.0444117
-0.0276588
-0.0136282
-0.00413686
-0.000362299
-0.00160104
-0.00869629
-0.0217575
-0.0378302
-0.0551661
-0.0726132
-0.0891071
-0.103615
-0.115125
-0.122666
-0.125375
-0.1226
-0.114052
-0.0999812
-0.0813556
-0.0599814
-0.0384198
-0.0195836
-0.00625868
-0.000654561
-0.00195694
-0.0104358
-0.0258102
-0.0445008
-0.0644945
-0.084568
-0.103636
-0.120658
-0.134597
-0.144409
-0.149077
-0.147697
-0.139637
-0.124764
-0.103741
-0.0783162
-0.0514304
-0.0268971
-0.00885722
-0.000997729
-0.00222721
-0.011785
-0.0289933
-0.049786
-0.0719521
-0.0942438
-0.115609
-0.135057
-0.151583
-0.164105
-0.171461
-0.172469
-0.166062
-0.151555
-0.129059
-0.0999889
-0.0674604
-0.0362419
-0.0122877
-0.00147563
-0.00239686
-0.0126712
-0.0311308
-0.0533762
-0.0770694
-0.100981
-0.124141
-0.145671
-0.164661
-0.180065
-0.190638
-0.194946
-0.19147
-0.178857
-0.156409
-0.12481
-0.0869123
-0.0482294
-0.0169472
-0.00219074
-0.00245508
-0.0130415
-0.0320846
-0.0549975
-0.079377
-0.104047
-0.128167
-0.151031
-0.171905
-0.189881
-0.20375
-0.211953
-0.212599
-0.203658
-0.183424
-0.15139
-0.109453
-0.0632288
-0.0232579
-0.00327711
-0.00240688
-0.0129022
-0.0318243
-0.0545094
-0.0785344
-0.102808
-0.12666
-0.14962
-0.171219
-0.190812
-0.207398
-0.21949
-0.22505
-0.221514
-0.206119
-0.176782
-0.133589
-0.081099
-0.0316359
-0.00492293
-0.002289
-0.0123715
-0.03052
-0.0520325
-0.0744975
-0.0969447
-0.118927
-0.140266
-0.160845
-0.180406
-0.198347
-0.213502
-0.224011
-0.227106
-0.219167
-0.1964
-0.156302
-0.100807
-0.042397
-0.0073955
-0.00219275
-0.0117471
-0.0286493
-0.0480829
-0.0676797
-0.086667
-0.104892
-0.122534
-0.139894
-0.15719
-0.174372
-0.190894
-0.205379
-0.21529
-0.216718
-0.204428
-0.172944
-0.120008
-0.0555319
-0.0110485
-0.00230328
-0.0116008
-0.0271112
-0.0436758
-0.0590469
-0.0728135
-0.0852437
-0.0969471
-0.108683
-0.121191
-0.135036
-0.150403
-0.166741
-0.182308
-0.193596
-0.194738
-0.177609
-0.134771
-0.0702863
-0.016261
-0.00297627
-0.0129249
-0.0273351
-0.0403401
-0.0500383
-0.0567068
-0.0612379
-0.06476
-0.0685019
-0.0736943
-0.081481
-0.0927813
-0.108017
-0.126649
-0.146393
-0.16199
-0.163889
-0.13962
-0.0845271
-0.0232051
-0.00488308
-0.0173531
-0.031307
-0.0398567
-0.0420566
-0.0394502
-0.0338365
-0.0269527
-0.0204771
-0.0160424
-0.0152469
-0.0196211
-0.0304958
-0.0486666
-0.0736908
-0.102304
-0.125604
-0.127755
-0.0939754
-0.0312629
-0.0092172
-0.0273216
-0.0410602
-0.0429872
-0.034647
-0.0197429
-0.00126964
0.0183891
0.0371817
0.053215
0.0646174
0.0694595
0.0657224
0.0514616
0.0251655
-0.0128855
-0.0569359
-0.0911134
-0.0915639
-0.0379245
-0.0176971
-0.0452169
-0.0555276
-0.0445
-0.0196367
0.0122577
0.0470187
0.0818451
0.114575
0.143318
0.166188
0.181127
0.185729
0.177325
0.152893
0.109717
0.0484633
-0.0198861
-0.0671999
-0.0371716
-0.0307464
-0.0669691
-0.0566576
-0.016818
0.0344471
0.0886548
0.141973
0.192194
0.237771
0.277348
0.309444
0.332238
0.343317
0.339843
0.317976
0.272899
0.200116
0.100035
-0.00536533
-0.0153669
-0.0282458
-0.0422008
0.0373439
0.127045
0.20845
0.280974
0.345396
0.40201
0.450911
0.491927
0.524439
0.547279
0.558531
0.555886
0.535534
0.491995
0.416941
0.297227
0.1329
0.0673954
0.261501
0.324077
0.455308
0.560431
0.633178
0.68705
0.729584
0.763832
0.791296
0.812758
0.828393
0.837873
0.840436
0.83477
0.81868
0.788861
0.737894
0.647966
0.474688
0.341588
)
;

boundaryField
{
    movingWall
    {
        type            calculated;
        value           uniform 1;
    }
    fixedWalls
    {
        type            calculated;
        value           uniform 0;
    }
    frontAndBack
    {
        type            empty;
    }
}


// ************************************************************************* //
