/*--------------------------------*- C++ -*----------------------------------*\
  =========                 |
  \\      /  F ield         | OpenFOAM: The Open Source CFD Toolbox
   \\    /   O peration     | Website:  https://openfoam.org
    \\  /    A nd           | Version:  13
     \\/     M anipulation  |
\*---------------------------------------------------------------------------*/
FoamFile
{
    format      ascii;
    class       volScalarField;
    location    "0.25";
    object      p;
}
// * * * * * * * * * * * * * * * * * * * * * * * * * * * * * * * * * * * * * //

dimensions      [1 -1 -2 0 0 0 0];

internalField   nonuniform List<scalar> 
2016
(
1578.08
1456.95
1332.63
1205.56
1584.39
1462.92
1338.02
1210.18
1586.4
1464.75
1339.4
1210.77
1583.25
1461.33
1335.49
1206.13
1575.22
1453.23
1327.27
1197.73
1564.53
1442.64
1316.79
1187.3
1552.95
1431.1
1305.23
1175.56
1541.21
1419.24
1293.05
1162.71
1529.72
1407.45
1280.57
1149.06
1519
1396.23
1268.3
1135.11
1509.77
1386.32
1256.98
1121.61
1503.1
1378.77
1247.65
1109.57
1500.49
1374.99
1241.67
1100.3
1504
1376.7
1240.69
1095.42
1516.32
1385.7
1246.58
1096.72
1540.81
1403.37
1261.37
1105.98
1578.57
1432.87
1286.42
1124.55
1628.07
1476.41
1322.24
1153.09
1684.71
1532.74
1368.03
1190.07
1739.11
1595.03
1421.58
1231.62
1778.38
1650.03
1480.58
1272.16
1796.47
1683.65
1539.16
1315.37
1802.28
1705.37
1596.34
1286.81
20.5158
20.414
20.3364
20.2441
20.4849
20.3811
20.2901
20.2068
20.4306
20.3284
20.2449
20.1854
20.355
20.2507
20.1635
20.1055
20.2601
20.1477
20.0398
19.9326
20.1577
20.038
19.9144
19.7813
20.0583
19.9344
19.8027
19.6592
19.9672
19.8417
19.7073
19.5617
19.8869
19.7612
19.6273
19.484
19.8175
19.6924
19.5602
19.4205
19.7578
19.6335
19.5032
19.3669
19.7066
19.583
19.4542
19.3202
19.663
19.5398
19.4118
19.279
19.6261
19.5032
19.3754
19.2428
19.5956
19.4727
19.3448
19.2118
19.5712
19.4483
19.32
19.1862
19.5529
19.4299
19.3012
19.1666
19.5407
19.4177
19.2885
19.1533
19.5346
19.4115
19.2822
19.1466
1072.12
932.58
791.558
649.483
506.979
364.763
224.012
95.8712
21.6686
1.87464
1.74702
1.59406
1.43927
1.28692
1.13569
0.988337
0.847613
0.715544
0.59379
0.482386
0.381355
0.290307
0.208892
0.136671
0.0730721
0.0174275
-0.0309547
-0.07274
-0.108544
-0.138963
-0.164592
-0.186008
-0.203785
-0.218505
-0.230807
-0.241234
-0.249759
-0.256347
-0.263389
-0.274499
-0.284146
-0.272778
1075.8
935.164
792.91
649.256
504.338
359.604
216.491
81.7833
7.99004
1.88864
1.7662
1.60824
1.43652
1.27607
1.12025
0.971857
0.83216
0.701449
0.581487
0.471085
0.370477
0.27978
0.198776
0.127023
0.0639296
0.0088247
-0.0389727
-0.0801306
-0.115275
-0.145011
-0.169943
-0.190668
-0.207767
-0.22183
-0.233507
-0.243358
-0.251364
-0.257492
-0.26414
-0.274923
-0.284359
-0.273222
1075.21
932.977
788.814
643.041
496.038
349.613
203.85
69.7488
6.84018
1.89171
1.75848
1.59879
1.42863
1.26464
1.10585
0.954717
0.812851
0.681509
0.55973
0.448887
0.348524
0.258384
0.178128
0.107272
0.0452001
-0.00877384
-0.0553457
-0.0951969
-0.128978
-0.157322
-0.18085
-0.200176
-0.215902
-0.228633
-0.239036
-0.247683
-0.254565
-0.259657
-0.265349
-0.275283
-0.284023
-0.272211
1069.63
926.263
780.817
633.681
485.511
338.017
190.888
61.3261
5.34022
1.8853
1.74724
1.58346
1.41181
1.24314
1.08019
0.925815
0.781624
0.648518
0.526443
0.415595
0.315716
0.226439
0.147317
0.0778019
0.017246
-0.0350503
-0.079803
-0.117719
-0.149477
-0.175748
-0.197189
-0.214438
-0.22812
-0.238867
-0.247375
-0.254235
-0.259448
-0.262987
-0.267237
-0.275853
-0.283428
-0.27045
1060.93
917.037
770.79
622.553
473.124
324.181
175.798
51.9537
3.06309
1.90016
1.74066
1.56682
1.38812
1.2129
1.0446
0.886045
0.738958
0.604237
0.481754
0.371247
0.272263
0.18429
0.106777
0.039106
-0.0194071
-0.0694779
-0.111839
-0.147226
-0.176354
-0.19993
-0.218651
-0.233195
-0.244221
-0.25238
-0.258393
-0.262877
-0.265871
-0.267342
-0.26965
-0.276476
-0.282448
-0.267894
1050.32
905.85
758.495
608.586
457.011
305.328
153.556
35.6385
2.27533
1.92224
1.73351
1.54278
1.35397
1.17089
0.996424
0.833484
0.683736
0.547769
0.425269
0.315646
0.21816
0.132086
0.0567567
-0.00850144
-0.0644034
-0.111679
-0.15107
-0.183336
-0.209231
-0.229514
-0.244921
-0.256171
-0.263962
-0.268976
-0.271956
-0.273536
-0.273791
-0.272698
-0.272576
-0.277138
-0.281056
-0.264538
1038.02
892.397
743.23
590.863
436.484
281.68
127.812
23.4819
2.08659
1.89085
1.70395
1.50124
1.30334
1.11294
0.932832
0.766452
0.61478
0.478033
0.356128
0.248168
0.153003
0.0696127
-0.00280491
-0.0649616
-0.117588
-0.161421
-0.197211
-0.22573
-0.247773
-0.264145
-0.275642
-0.283025
-0.287029
-0.288369
-0.28781
-0.286004
-0.28305
-0.278932
-0.275923
-0.277767
-0.279202
-0.260344
1024.01
876.52
724.735
569.119
411.401
252.946
100.192
13.3148
1.9722
1.83075
1.64506
1.43407
1.22715
1.03036
0.847894
0.68046
0.528515
0.392668
0.272767
0.167675
0.0759119
-0.00381234
-0.0724159
-0.13063
-0.179182
-0.218803
-0.250243
-0.274292
-0.291782
-0.30357
-0.310505
-0.313412
-0.313068
-0.310217
-0.30564
-0.300006
-0.293424
-0.285874
-0.279567
-0.278264
-0.276818
-0.255273
1008.54
858.408
703.097
543.322
381.443
218.286
71.1914
4.63698
1.93649
1.75071
1.54256
1.31288
1.09337
0.894833
0.719331
0.561879
0.417851
0.287679
0.172737
0.0725228
-0.0143718
-0.0892507
-0.152991
-0.206277
-0.249805
-0.284287
-0.310479
-0.329188
-0.341292
-0.347702
-0.34933
-0.347068
-0.341746
-0.334153
-0.325071
-0.315182
-0.304599
-0.29327
-0.283317
-0.278489
-0.273796
-0.249272
992.114
838.461
678.539
513.436
345.825
174.241
37.309
2.23655
1.84699
1.62382
1.37
1.11113
0.877356
0.685827
0.530938
0.399442
0.276092
0.159502
0.0539972
-0.0386448
-0.118909
-0.187688
-0.245497
-0.292821
-0.330282
-0.358574
-0.37847
-0.390819
-0.396548
-0.396643
-0.392081
-0.383835
-0.3728
-0.359828
-0.345708
-0.331118
-0.316176
-0.300771
-0.286892
-0.278244
-0.270002
-0.24228
975.442
817.287
651.52
479.825
304.405
127.5
17.2224
1.78049
1.66726
1.43397
1.12761
0.825247
0.579785
0.399312
0.278805
0.191141
0.102457
0.00851142
-0.0828865
-0.165508
-0.237654
-0.299332
-0.35036
-0.390841
-0.421261
-0.442297
-0.454778
-0.459633
-0.457873
-0.450575
-0.438814
-0.423652
-0.406057
-0.386953
-0.367171
-0.347386
-0.327715
-0.307962
-0.289934
-0.277259
-0.26528
-0.234253
959.47
795.675
622.669
442.509
255.128
75.6106
3.248
1.83159
1.52281
1.1939
0.7877
0.396589
0.137007
0.0157487
-0.0217563
-0.0448803
-0.0907278
-0.157825
-0.233434
-0.305175
-0.368845
-0.423154
-0.467066
-0.500215
-0.522874
-0.535723
-0.53971
-0.535917
-0.525491
-0.50964
-0.489571
-0.466458
-0.441374
-0.4153
-0.389129
-0.363566
-0.338747
-0.314386
-0.292042
-0.275203
-0.259419
-0.225142
945.428
774.793
593.125
401.522
197.538
37.1651
2.20845
1.77194
1.40087
0.910971
0.326885
-0.166398
-0.422872
-0.417304
-0.313256
-0.270821
-0.281775
-0.32735
-0.390422
-0.453013
-0.509552
-0.557289
-0.59445
-0.620267
-0.6348
-0.638763
-0.633296
-0.619726
-0.599433
-0.573813
-0.544261
-0.512096
-0.478526
-0.444604
-0.411277
-0.379293
-0.348831
-0.319558
-0.292768
-0.271723
-0.252191
-0.214888
934.865
756.265
564.127
354.899
130.437
11.5531
2.33099
1.79159
1.30078
0.669733
0.00887862
-0.497268
-0.777501
-0.719078
-0.531182
-0.457658
-0.451373
-0.489452
-0.547289
-0.605333
-0.657594
-0.700454
-0.731772
-0.750581
-0.756851
-0.751375
-0.735555
-0.71107
-0.67965
-0.642964
-0.602664
-0.560279
-0.517172
-0.474496
-0.433244
-0.3942
-0.357593
-0.323079
-0.291696
-0.266462
-0.243371
-0.203432
929.497
741.758
536.754
303.271
68.2545
3.93082
2.48354
1.87361
1.28779
0.608802
-0.00199295
-0.470114
-0.76179
-0.768953
-0.650988
-0.588835
-0.593106
-0.641385
-0.702784
-0.762043
-0.813392
-0.853353
-0.879847
-0.891958
-0.889752
-0.874178
-0.846956
-0.810239
-0.76624
-0.717012
-0.664524
-0.610604
-0.556829
-0.504468
-0.454537
-0.407822
-0.364602
-0.324553
-0.288465
-0.259102
-0.23272
-0.190683
931.052
733.06
512.548
249.841
34.8607
2.99091
2.44818
1.95613
1.37461
0.744232
0.195724
-0.261437
-0.564894
-0.675774
-0.698625
-0.680874
-0.722037
-0.790472
-0.861797
-0.926671
-0.980077
-1.01895
-1.04143
-1.04683
-1.03552
-1.00876
-0.968646
-0.917956
-0.859531
-0.795953
-0.729582
-0.662588
-0.596833
-0.53376
-0.474413
-0.419512
-0.369326
-0.323553
-0.282749
-0.249396
-0.220047
-0.17654
940.867
731.331
496.616
194.819
18.764
3.13279
2.52694
2.02861
1.50899
0.946621
0.353819
-0.149973
-0.523912
-0.678299
-0.724666
-0.774981
-0.857084
-0.946403
-1.03104
-1.10456
-1.16238
-1.2016
-1.22051
-1.21872
-1.1971
-1.15739
-1.10225
-1.0352
-0.959934
-0.879719
-0.797417
-0.71557
-0.636351
-0.56142
-0.491878
-0.428352
-0.371013
-0.31951
-0.274159
-0.237093
-0.205181
-0.160905
959.459
734.712
497.175
151.494
12.2313
3.25689
2.66308
2.08126
1.40419
0.740859
0.156439
-0.333864
-0.599724
-0.716368
-0.79213
-0.894171
-1.00655
-1.11681
-1.21724
-1.3016
-1.36537
-1.40578
-1.42114
-1.41127
-1.37756
-1.3225
-1.24951
-1.16305
-1.06784
-0.968105
-0.867371
-0.768604
-0.67427
-0.586239
-0.505686
-0.433148
-0.36863
-0.311631
-0.262157
-0.221884
-0.187957
-0.143727
985.738
746.359
498.929
131.031
8.64044
3.34856
2.63196
1.77565
0.870897
0.22694
-0.248139
-0.52299
-0.669458
-0.782705
-0.902357
-1.0377
-1.17679
-1.30978
-1.42751
-1.52382
-1.59429
-1.63617
-1.64767
-1.62848
-1.58048
-1.50702
-1.4126
-1.30287
-1.18386
-1.06101
-0.938761
-0.820615
-0.709319
-0.606879
-0.514501
-0.432613
-0.36101
-0.298968
-0.246069
-0.203374
-0.168214
-0.125054
1011.62
750.958
500.721
146.498
9.66577
3.18871
2.27131
1.16105
0.239946
-0.228748
-0.474018
-0.618319
-0.743282
-0.882848
-1.04387
-1.21221
-1.37814
-1.53279
-1.6688
-1.77814
-1.85598
-1.89952
-1.90658
-1.87646
-1.81131
-1.71545
-1.59481
-1.45674
-1.309
-1.15853
-1.01093
-0.870432
-0.740058
-0.621844
-0.516892
-0.425441
-0.346994
-0.280547
-0.225178
-0.181153
-0.145837
-0.105061
1012.69
728.303
500.224
194.311
14.5946
2.60468
1.6844
0.596844
-0.168215
-0.42219
-0.556504
-0.689836
-0.843917
-1.02395
-1.22188
-1.42309
-1.61752
-1.79554
-1.94981
-2.07386
-2.15984
-2.20523
-2.20698
-2.16368
-2.07751
-1.9538
-1.80036
-1.62708
-1.4441
-1.26028
-1.08265
-0.916277
-0.764484
-0.629155
-0.511081
-0.410126
-0.325372
-0.255417
-0.198793
-0.154851
-0.120813
-0.0840826
960.351
651.589
467.862
229.41
24.4489
1.89575
1.08441
0.19336
-0.289605
-0.467058
-0.616175
-0.791563
-0.99057
-1.21183
-1.4444
-1.67926
-1.90453
-2.10795
-2.28212
-2.42085
-2.51625
-2.564
-2.55987
-2.50092
-2.38892
-2.23018
-2.03499
-1.817
-1.58992
-1.36524
-1.15175
-0.955393
-0.779639
-0.625984
-0.494611
-0.384686
-0.29465
-0.222527
-0.166234
-0.124152
-0.0932158
-0.0625604
611.838
455.593
398.895
228.779
40.8517
1.61432
0.48772
-0.0656246
-0.384066
-0.555116
-0.746398
-0.963386
-1.19687
-1.45151
-1.72162
-1.99397
-2.25284
-2.48392
-2.67815
-2.83131
-2.93785
-2.98984
-2.98091
-2.90467
-2.76112
-2.55757
-2.30779
-2.03131
-1.74767
-1.47211
-1.21546
-0.984299
-0.781855
-0.608868
-0.464465
-0.346692
-0.253016
-0.180648
-0.126783
-0.0888109
-0.0632458
-0.0410349
-181.962
109.984
242.263
170.289
52.4541
4.55984
-0.0632457
-0.364428
-0.612358
-0.782397
-0.983516
-1.21544
-1.46764
-1.75299
-2.05807
-2.36519
-2.66587
-2.93154
-3.14453
-3.31167
-3.43127
-3.49179
-3.48106
-3.38624
-3.20383
-2.9425
-2.62081
-2.26815
-1.9131
-1.57553
-1.2684
-0.998294
-0.767404
-0.575069
-0.418785
-0.295072
-0.200103
-0.130005
-0.0810763
-0.0497811
-0.0321334
-0.0207907
-1.20272
10.6525
98.1737
89.7342
43.527
13.085
-0.380255
-0.678083
-0.91652
-1.08286
-1.28185
-1.51002
-1.77426
-2.10042
-2.46572
-2.83631
-3.18465
-3.4678
-3.69349
-3.87794
-4.01935
-4.09565
-4.08648
-3.96978
-3.73637
-3.39797
-2.98015
-2.52822
-2.08399
-1.67197
-1.30671
-0.993899
-0.733606
-0.522714
-0.356399
-0.22917
-0.13567
-0.0706847
-0.0294382
-0.00755746
-0.000559728
-0.00262292
20.0402
9.21568
11.8999
29.2073
31.4023
23.9253
-1.10682
-1.07991
-1.16715
-1.34662
-1.56204
-1.81702
-2.13652
-2.52855
-2.96995
-3.38741
-3.78152
-4.16692
-4.43122
-4.6181
-4.79451
-4.89664
-4.90641
-4.77523
-4.47453
-4.02202
-3.45514
-2.85295
-2.28138
-1.7681
-1.32766
-0.962604
-0.668894
-0.439193
-0.265041
-0.137672
-0.049624
0.00592558
0.0351178
0.0430927
0.0347235
0.0143193
20.1631
19.5612
-28.268
-6.68409
14.7462
17.3254
1.05938
-1.70222
-1.46621
-1.56176
-1.77342
-2.08796
-2.53009
-3.02359
-3.50757
-3.97142
-4.44814
-4.97912
-5.14593
-5.28678
-5.60648
-5.8442
-5.93473
-5.8687
-5.53221
-4.94165
-4.13464
-3.27869
-2.50928
-1.84983
-1.30969
-0.881804
-0.552586
-0.306896
-0.131257
-0.0103584
0.065666
0.105105
0.116016
0.104008
0.073903
0.0291048
20.1685
20.2396
16.4098
-3.42183
4.16261
-8.51881
-4.39932
-0.363809
-1.57892
-1.70467
-1.93819
-2.39405
-2.94256
-3.50498
-3.9083
-4.56745
-5.90803
-6.11711
-5.96889
-6.03554
-6.42672
-6.80647
-6.95918
-7.15676
-6.94785
-6.27474
-5.12269
-3.82809
-2.74501
-1.88313
-1.22289
-0.731051
-0.373649
-0.121187
0.0423306
0.148625
0.204801
0.222061
0.208993
0.171904
0.115704
0.0435162
20.1045
20.1316
20.035
10.4774
-5.6818
-8.2971
-20.1083
-26.4351
-7.98005
-0.715998
-0.802948
-2.66348
-3.67598
-4.41858
-5.84822
-7.497
-28.5362
-6.60343
-5.18336
-5.00001
-7.80153
-8.73355
-8.67206
-9.01978
-9.19117
-8.41499
-6.6576
-4.52407
-2.92562
-1.805
-1.01904
-0.480432
-0.116059
0.12218
0.266512
0.343695
0.369818
0.356913
0.313804
0.246868
0.16089
0.0587618
19.8142
19.6454
19.3638
18.611
7.46517
0.222843
-1.84651
-19.6808
-35.0651
-34.6022
-17.2409
-4.50498
-3.35292
-4.18986
-14.7346
-31.8505
-50.6734
-42.883
-36.0463
-32.0954
-11.1764
-8.04612
-8.41452
-12.2856
-13.6484
-11.9139
-8.78893
-5.12783
-2.81996
-1.4999
-0.635032
-0.0941697
0.240002
0.436774
0.538477
0.57314
0.558911
0.508094
0.429201
0.328135
0.209206
0.0748012
19.6253
19.4232
19.1304
18.6879
18.2974
13.3615
7.29819
-4.03306
-21.1972
-29.4821
-34.8569
-27.9369
-18.8726
-14.4785
-11.0386
-7.32562
-6.0062
1.38174
0.67079
-11.4256
-12.4921
-11.8005
-8.98217
-13.7544
-18.5853
-15.9195
-10.2326
-5.00181
-2.17931
-0.787446
-0.00352294
0.448577
0.697432
0.818431
0.854612
0.83219
0.767782
0.67222
0.552722
0.414102
0.259794
0.0913685
19.4925
19.2891
19.038
18.7336
18.4676
18.015
16.5933
16.6304
8.37532
3.11744
-7.4596
-10.9189
-9.14853
-4.87701
2.20231
7.15538
11.3134
12.0175
10.189
8.23969
8.46314
4.8801
-4.64659
-12.4555
-17.6789
-15.256
-8.16375
-3.44262
-0.807277
0.335977
0.863096
1.12675
1.23664
1.25072
1.20254
1.11144
0.989433
0.844246
0.68088
0.502526
0.311429
0.108083
19.3964
19.2052
18.99
18.7501
18.4994
18.2698
18.0048
17.9106
17.4352
17.4319
15.9614
14.8353
13.8229
13.2058
14.2657
14.6527
14.26
13.3074
12.4749
11.5581
10.6577
10.6905
8.48187
2.15028
-2.99295
-4.17244
-2.42643
-0.26654
1.15977
1.71048
1.85979
1.87321
1.81355
1.70474
1.56297
1.39772
1.21481
1.01797
0.80953
0.590803
0.362698
0.12452
19.3252
19.1487
18.9601
18.7633
18.5616
18.3628
18.2236
18.1359
18.2999
18.4228
18.1654
17.5945
16.9417
16.3379
15.7225
14.902
14.1263
13.3864
12.6358
11.7921
10.8571
10.3874
10.2254
9.77009
7.06227
3.6981
3.0272
3.13357
3.13154
3.018
2.81447
2.59546
2.37368
2.14668
1.91427
1.6768
1.43436
1.18697
0.934443
0.676301
0.412195
0.140273
19.2687
19.1046
18.9351
18.7648
18.6009
18.4498
18.3306
18.2426
18.2294
18.1989
17.9806
17.5373
16.9576
16.2998
15.577
14.8726
14.214
13.5326
12.7136
11.7096
10.6619
9.84966
9.98956
10.4809
9.37768
7.59433
6.17158
5.22321
4.56315
4.04953
3.60916
3.22241
2.87414
2.54908
2.23832
1.93645
1.63977
1.34562
1.05189
0.7567
0.458681
0.154994
19.2205
19.0649
18.907
18.7497
18.6006
18.4652
18.3507
18.2582
18.1563
17.9954
17.7142
17.296
16.7715
16.1813
15.5646
14.9181
14.2317
13.5124
12.7508
11.9429
11.0784
10.4111
10.2898
10.295
9.62111
8.50414
7.36143
6.28655
5.44402
4.77728
4.21623
3.72886
3.29457
2.89661
2.52375
2.1684
1.8251
1.48972
1.15902
0.830198
0.501194
0.16842
19.1773
19.0261
18.8729
18.7203
18.5714
18.4289
18.2934
18.1602
18.0093
17.7983
17.4968
17.1011
16.6251
16.0825
15.4842
14.8416
14.17
13.4838
12.7857
12.0866
11.4213
10.8795
10.5273
10.1729
9.53683
8.65321
7.69136
6.76134
5.95518
5.26343
4.65802
4.11953
3.63281
3.18493
2.76597
2.36858
1.98702
1.61674
1.25401
0.895611
0.539091
0.18038
19.1376
18.9877
18.835
18.6805
18.5251
18.3688
18.2087
18.0374
17.8417
17.598
17.2869
16.9019
16.4474
15.9289
15.358
14.7481
14.1122
13.4613
12.806
12.1618
11.5534
11.0124
10.5413
10.0424
9.40462
8.64076
7.82465
7.01775
6.26901
5.59024
4.97492
4.41366
3.89726
3.41702
2.96542
2.53629
2.12448
1.72562
1.336
0.952327
0.572031
0.190788
19.1014
18.9508
18.7958
18.6364
18.4722
18.3015
18.1204
17.922
17.6953
17.4266
17.1038
16.7211
16.2793
15.7829
15.2401
14.6607
14.0555
13.4356
12.8119
12.1964
11.6017
11.0385
10.5006
9.94194
9.31435
8.61959
7.89035
7.16231
6.46447
5.80984
5.19978
4.6312
4.09943
3.59922
3.12533
2.67301
2.23798
1.81639
1.40484
1.00018
0.599906
0.199617
19.0694
18.9169
18.7583
18.5931
18.4199
18.2364
18.0385
17.82
17.5727
17.2872
16.9554
16.5731
16.1401
15.6596
15.1376
14.5822
14.0024
13.4076
12.8066
12.2081
11.6192
11.0426
10.4718
9.88558
9.26347
8.60551
7.92788
7.25036
6.59042
5.95846
5.35819
4.78958
4.25075
3.73873
3.25007
2.78126
2.3289
1.88976
1.46086
1.03932
0.622781
0.20689
19.0425
18.8876
18.7252
18.5543
18.3732
18.1792
17.9684
17.7354
17.4739
17.1771
16.8391
16.4568
16.03
15.5609
15.0545
14.5172
13.9565
13.3797
12.7941
12.206
11.6196
11.0357
10.4498
9.85237
9.23511
8.59872
7.95199
7.30637
6.67271
6.05865
5.46813
4.90237
4.36093
3.84225
3.34407
2.86386
2.39896
1.94674
1.50463
1.07003
0.640796
0.212645
19.0215
18.8643
18.6987
18.5232
18.3359
18.134
17.9139
17.671
17.4
17.0958
16.7538
16.3717
15.9491
15.488
14.9924
14.4676
13.9199
13.3556
12.7802
12.1988
11.6141
11.0269
10.4347
9.83357
9.22043
8.5967
7.96842
7.34245
6.72595
6.1246
5.54194
4.97957
4.43766
3.91542
3.41134
2.92356
2.45002
1.98853
1.5369
1.09279
0.654186
0.216856
19.0071
18.8483
18.6803
18.5016
18.3101
18.1031
17.877
17.6279
17.3512
17.0425
16.6982
16.3162
15.8963
15.4402
14.9513
14.4344
13.8949
13.3383
12.7693
12.1919
11.6086
11.0202
10.4259
9.82396
9.21369
8.5954
7.97638
7.36156
6.75593
6.16341
5.58676
5.02747
4.48602
3.96207
3.45462
2.96228
2.48338
2.0161
1.55848
1.10837
0.663894
0.220218
18.9998
18.8402
18.6711
18.4908
18.2972
18.0876
17.8586
17.6064
17.327
17.0162
16.6707
16.2888
15.8703
15.4167
14.9311
14.4181
13.8826
13.3296
12.7636
12.1882
11.6056
11.0169
10.422
9.8207
9.21374
8.60474
7.99305
7.38328
6.78034
6.18887
5.61202
5.05151
4.50811
3.98172
3.47153
2.97628
2.49443
2.0242
1.56371
1.11093
0.664035
0.219859
)
;

boundaryField
{
    leftWall
    {
        type            calculated;
        value           nonuniform List<scalar> 
46
(
1578.08
1456.95
1332.63
1205.56
1072.12
932.58
791.558
649.483
506.979
364.763
224.012
95.8712
21.6686
1.87464
1.74702
1.59406
1.43927
1.28692
1.13569
0.988337
0.847613
0.715544
0.59379
0.482386
0.381355
0.290307
0.208892
0.136671
0.0730721
0.0174275
-0.0309547
-0.07274
-0.108544
-0.138963
-0.164592
-0.186008
-0.203785
-0.218505
-0.230807
-0.241234
-0.249759
-0.256347
-0.263389
-0.274499
-0.284146
-0.272778
)
;
    }
    rightWall
    {
        type            calculated;
        value           nonuniform List<scalar> 
46
(
19.5346
19.4115
19.2822
19.1466
18.9998
18.8402
18.6711
18.4908
18.2972
18.0876
17.8586
17.6064
17.327
17.0162
16.6707
16.2888
15.8703
15.4167
14.9311
14.4181
13.8826
13.3296
12.7636
12.1882
11.6056
11.0169
10.422
9.8207
9.21374
8.60474
7.99305
7.38328
6.78034
6.18887
5.61202
5.05151
4.50811
3.98172
3.47153
2.97628
2.49443
2.0242
1.56371
1.11093
0.664035
0.219859
)
;
    }
    lowerWall
    {
        type            calculated;
        value           nonuniform List<scalar> 
52
(
20.5158
20.414
20.3364
20.2441
20.5747
20.5437
20.4895
20.4139
20.3189
20.2166
20.1171
20.026
19.9457
19.8763
19.8166
19.7655
19.7218
19.685
19.6544
19.63
19.6117
19.5995
19.5934
1802.28
1705.37
1596.34
1286.81
1636.94
1643.25
1645.26
1642.11
1634.07
1623.39
1611.81
1600.07
1588.58
1577.86
1568.63
1561.96
1559.35
1562.86
1575.18
1599.67
1637.43
1686.93
1743.57
1797.97
1837.24
1855.15
1853.47
-119.372
22.6952
)
;
    }
    atmosphere
    {
        type            calculated;
        value           nonuniform List<scalar> 
44
(
-0.248053
-0.249166
-0.247688
-0.245292
-0.241931
-0.237605
-0.232295
-0.22598
-0.21864
-0.210276
-0.200904
-0.190569
-0.179324
-0.167212
-0.154246
-0.140399
-0.125636
-0.109971
-0.0935468
-0.076674
-0.0598488
-0.0437126
-0.0288708
-0.0163876
-0.0069676
-0.000943115
0
0
0
0
0
0
0
0
0
0
0
0
0
0
0
0
0
0
)
;
    }
    frontAndBack
    {
        type            empty;
    }
}


// ************************************************************************* //
