/*--------------------------------*- C++ -*----------------------------------*\
  =========                 |
  \\      /  F ield         | OpenFOAM: The Open Source CFD Toolbox
   \\    /   O peration     | Website:  https://openfoam.org
    \\  /    A nd           | Version:  13
     \\/     M anipulation  |
\*---------------------------------------------------------------------------*/
FoamFile
{
    format      ascii;
    class       surfaceScalarField;
    location    "0.25";
    object      phi;
}
// * * * * * * * * * * * * * * * * * * * * * * * * * * * * * * * * * * * * * //

dimensions      [0 3 -1 0 0 0 0];

internalField   nonuniform List<scalar> 
3938
(
-9.50027e-07
9.50027e-07
-2.33699e-06
1.38693e-06
-4.5282e-06
2.1912e-06
3.27178e-06
-7.79999e-06
-9.22536e-06
1.01754e-05
-1.86581e-05
1.08197e-05
-2.83853e-05
1.19184e-05
1.32942e-05
-3.84077e-05
-1.23447e-05
2.25201e-05
-2.45506e-05
2.30256e-05
-3.64196e-05
2.37874e-05
2.46296e-05
-4.7755e-05
-1.20138e-05
3.45339e-05
-2.3709e-05
3.47208e-05
-3.47923e-05
3.48707e-05
3.49163e-05
-4.5079e-05
-1.05782e-05
4.51121e-05
-2.08706e-05
4.50132e-05
-3.06698e-05
4.46699e-05
4.41572e-05
-3.99107e-05
-9.30977e-06
5.44219e-05
-1.84806e-05
5.4184e-05
-2.74519e-05
5.36412e-05
5.29744e-05
-3.62691e-05
-8.54848e-06
6.29703e-05
-1.71196e-05
6.27551e-05
-2.57709e-05
6.22925e-05
6.18035e-05
-3.45999e-05
-8.19456e-06
7.11649e-05
-1.65328e-05
7.10934e-05
-2.51397e-05
7.08994e-05
7.07847e-05
-3.41209e-05
-8.03356e-06
7.91985e-05
-1.62821e-05
7.93419e-05
-2.49036e-05
7.95209e-05
7.98813e-05
-3.40001e-05
-7.86968e-06
8.70682e-05
-1.59956e-05
8.74678e-05
-2.45568e-05
8.80821e-05
8.8988e-05
-3.36636e-05
-7.56139e-06
9.46295e-05
-1.54164e-05
9.53228e-05
-2.37725e-05
9.64382e-05
9.79859e-05
-3.27704e-05
-7.00454e-06
0.000101634
-1.43627e-05
0.000102681
-2.23244e-05
0.0001044
0.00010674
-3.10782e-05
-6.10187e-06
0.000107736
-1.26729e-05
0.000109252
-2.0013e-05
0.00011174
0.000115081
-2.83542e-05
-4.68153e-06
0.000112417
-1.01813e-05
0.000114752
-1.66255e-05
0.000118184
0.000122789
-2.43333e-05
-2.51466e-06
0.000114932
-6.68717e-06
0.000118924
-1.18649e-05
0.000123362
0.000129563
-1.86391e-05
7.25863e-07
0.000114206
-1.91914e-06
0.000121569
-5.37202e-06
0.000126815
0.000135009
-1.08184e-05
6.16083e-06
0.000108045
4.68265e-06
0.000123048
3.22165e-06
0.000128276
0.000138561
-3.30375e-07
1.2974e-05
9.50715e-05
1.37571e-05
0.000122264
1.43045e-05
0.000127728
0.000139669
1.31964e-05
2.06072e-05
7.44643e-05
2.61784e-05
0.000116693
2.86847e-05
0.000125222
0.000138006
3.03481e-05
2.71814e-05
4.72829e-05
4.10873e-05
0.000102787
4.7007e-05
0.000119302
0.000133204
5.18093e-05
2.93773e-05
1.79056e-05
5.45057e-05
7.76589e-05
6.98585e-05
0.00010395
0.000121255
8.18076e-05
2.16336e-05
-3.72795e-06
5.67813e-05
4.25112e-05
9.0907e-05
6.98239e-05
9.08238e-05
0.000121338
-3.72795e-06
3.87832e-05
0.000108607
0.000199431
-1.43223e-05
1.43224e-05
-2.51516e-05
1.08292e-05
-3.72932e-05
1.21415e-05
-3.08054e-06
-3.42128e-05
-6.78549e-06
2.11078e-05
-1.24484e-05
1.64919e-05
-1.90118e-05
1.87047e-05
1.759e-05
-3.96825e-05
-2.96935e-06
2.40771e-05
-6.42616e-06
1.99486e-05
-7.96667e-06
2.02451e-05
1.90018e-05
-9.37841e-06
-2.46466e-06
2.65417e-05
-7.03619e-06
2.45202e-05
-1.25179e-05
2.57267e-05
2.75117e-05
-2.10276e-05
-1.80338e-06
2.83452e-05
-4.89482e-06
2.76118e-05
-7.53036e-06
2.83624e-05
2.91281e-05
-9.14673e-06
-1.52283e-06
2.98681e-05
-3.7366e-06
2.98255e-05
-5.4829e-06
3.01086e-05
3.0337e-05
-6.69171e-06
-1.23604e-06
3.11041e-05
-2.91369e-06
3.15029e-05
-4.46539e-06
3.16602e-05
3.19104e-05
-6.03871e-06
-8.77994e-07
3.1982e-05
-2.07347e-06
3.26983e-05
-3.3568e-06
3.29436e-05
3.35588e-05
-5.00522e-06
-3.9704e-07
3.2379e-05
-1.06366e-06
3.33651e-05
-1.92451e-06
3.38046e-05
3.48603e-05
-3.22617e-06
2.06291e-07
3.21727e-05
1.77978e-07
3.33934e-05
-3.2449e-08
3.40149e-05
3.54243e-05
-5.96684e-07
9.64569e-07
3.12082e-05
1.66061e-06
3.26972e-05
2.28889e-06
3.33864e-05
3.50275e-05
2.68556e-06
1.75775e-06
2.94505e-05
3.28535e-06
3.11698e-05
4.82885e-06
3.18428e-05
3.35417e-05
6.31458e-06
2.54032e-06
2.69101e-05
4.95976e-06
2.87506e-05
7.45971e-06
2.93428e-05
3.0981e-05
1.00203e-05
3.25064e-06
2.36596e-05
6.54664e-06
2.54546e-05
9.93719e-06
2.59522e-05
2.74118e-05
1.35065e-05
3.91272e-06
1.97469e-05
7.98604e-06
2.13814e-05
1.21778e-05
2.17605e-05
2.29707e-05
1.66188e-05
4.4593e-06
1.52878e-05
9.20192e-06
1.6639e-05
1.4056e-05
1.69063e-05
1.78356e-05
1.91912e-05
4.86511e-06
1.04229e-05
1.01318e-05
1.13725e-05
1.54962e-05
1.15422e-05
1.21713e-05
2.11605e-05
5.10727e-06
5.31579e-06
1.06813e-05
5.79874e-06
1.63476e-05
5.87588e-06
6.17935e-06
2.23397e-05
5.31589e-06
1.11147e-05
1.69906e-05
2.31702e-05
-1.26322e-05
4.83223e-06
-1.89238e-05
6.29161e-06
-2.66365e-05
7.71263e-06
-3.56932e-05
9.05671e-06
-4.60798e-05
1.03866e-05
-5.7897e-05
1.18172e-05
-7.18829e-05
1.39859e-05
-9.03535e-05
1.84707e-05
-0.000114866
2.45127e-05
-0.000125521
1.06545e-05
-0.000127241
1.72038e-06
-0.00013237
5.12978e-06
-0.000140867
8.49655e-06
-0.000149093
8.22622e-06
-0.000155525
6.43252e-06
-0.00015983
4.30502e-06
-0.000162233
2.40231e-06
-0.000163197
9.65002e-07
-0.000163214
1.62524e-08
-0.000162583
-6.30669e-07
-0.000161514
-1.06913e-06
-0.000160133
-1.38097e-06
-0.000158521
-1.61209e-06
-0.000156738
-1.7829e-06
-0.000154834
-1.90435e-06
-0.00015285
-1.98376e-06
-0.000150822
-2.02799e-06
-0.000148779
-2.04321e-06
-0.000146744
-2.03448e-06
-0.000144739
-2.0053e-06
-0.000142782
-1.95698e-06
-0.000140893
-1.88913e-06
-0.000139094
-1.79909e-06
-0.00013741
-1.68321e-06
-0.000135876
-1.53417e-06
-0.000134531
-1.34457e-06
-0.000133417
-1.11381e-06
-0.000132562
-8.55157e-07
-0.000131969
-5.92461e-07
-0.00013162
-3.49155e-07
-0.000131478
-1.42244e-07
-1.225e-08
-4.93117e-05
1.57361e-05
-6.03132e-05
1.72931e-05
-7.12218e-05
1.86212e-05
-8.17943e-05
1.96292e-05
-9.16013e-05
2.01936e-05
-0.00010001
2.02263e-05
-0.00010644
2.04159e-05
-0.000110722
2.27519e-05
-0.000115069
2.88602e-05
-0.000133146
2.87317e-05
-0.000147438
1.60117e-05
-0.000159221
1.69133e-05
-0.000164931
1.42062e-05
-0.000167203
1.0498e-05
-0.000167945
7.17499e-06
-0.000168069
4.42914e-06
-0.000167959
2.29324e-06
-0.000167657
6.63085e-07
-0.000166967
-6.74638e-07
-0.000165955
-1.6426e-06
-0.000164632
-2.3922e-06
-0.000163056
-2.95699e-06
-0.000161289
-3.37922e-06
-0.00015938
-3.69159e-06
-0.000157369
-3.91479e-06
-0.00015529
-4.06274e-06
-0.000153172
-4.14636e-06
-0.00015104
-4.17462e-06
-0.000148921
-4.15442e-06
-0.000146836
-4.09032e-06
-0.000144808
-3.98468e-06
-0.000142859
-3.83823e-06
-0.00014101
-3.64818e-06
-0.00013928
-3.41247e-06
-0.000137689
-3.12499e-06
-0.000136254
-2.77931e-06
-0.000134992
-2.37591e-06
-0.000133914
-1.93246e-06
-0.00013303
-1.47679e-06
-0.000132357
-1.02181e-06
-0.000131921
-5.78435e-07
-1.85522e-07
-5.9034e-05
2.70151e-05
-6.93692e-05
2.76283e-05
-7.86879e-05
2.794e-05
-8.69525e-05
2.78938e-05
-9.40097e-05
2.72508e-05
-9.94419e-05
2.56586e-05
-0.00010246
2.34337e-05
-0.000103284
2.35767e-05
-0.000109222
3.47979e-05
-0.000125503
4.50123e-05
-0.000144016
3.45251e-05
-0.000154982
2.788e-05
-0.000161244
2.04677e-05
-0.000165181
1.44347e-05
-0.000167621
9.61555e-06
-0.000168856
5.66457e-06
-0.000169157
2.59424e-06
-0.000168747
2.52638e-07
-0.000167879
-1.5431e-06
-0.000166629
-2.89176e-06
-0.000165109
-3.91273e-06
-0.000163383
-4.68285e-06
-0.000161501
-5.26114e-06
-0.000159502
-5.69027e-06
-0.00015742
-5.99762e-06
-0.000155281
-6.20178e-06
-0.00015311
-6.31663e-06
-0.000150932
-6.35266e-06
-0.000148769
-6.31753e-06
-0.000146644
-6.21592e-06
-0.000144578
-6.05016e-06
-0.000142595
-5.82171e-06
-0.000140714
-5.52832e-06
-0.000138957
-5.16993e-06
-0.00013734
-4.74173e-06
-0.000135881
-4.23803e-06
-0.000134597
-3.65945e-06
-0.000133504
-3.02549e-06
-0.000132615
-2.36575e-06
-0.000131949
-1.68831e-06
-0.000131528
-9.98819e-07
-3.33375e-07
-5.50651e-05
3.70012e-05
-6.41136e-05
3.66769e-05
-7.2365e-05
3.61913e-05
-7.9992e-05
3.55208e-05
-8.70606e-05
3.43194e-05
-9.3447e-05
3.2045e-05
-9.92898e-05
2.92765e-05
-0.000106703
3.09899e-05
-0.000120963
4.90577e-05
-0.000133971
5.80204e-05
-0.000148566
4.91199e-05
-0.000158467
3.77816e-05
-0.000165202
2.72021e-05
-0.00016941
1.86425e-05
-0.000171441
1.16471e-05
-0.000171948
6.17181e-06
-0.000171535
2.18141e-06
-0.000170559
-7.2341e-07
-0.000169241
-2.86175e-06
-0.000167657
-4.47568e-06
-0.000165874
-5.69549e-06
-0.000163944
-6.61292e-06
-0.000161903
-7.30199e-06
-0.000159779
-7.8148e-06
-0.000157593
-8.18346e-06
-0.000155366
-8.42903e-06
-0.000153116
-8.56613e-06
-0.000150865
-8.60449e-06
-0.000148631
-8.55066e-06
-0.000146438
-8.40855e-06
-0.000144309
-8.17993e-06
-0.000142264
-7.86643e-06
-0.000140326
-7.46602e-06
-0.000138515
-6.9811e-06
-0.000136848
-6.40791e-06
-0.000135346
-5.74044e-06
-0.000134027
-4.97848e-06
-0.000132909
-4.14369e-06
-0.000132006
-3.2688e-06
-0.000131334
-2.35991e-06
-0.000130918
-1.41497e-06
-4.74695e-07
-4.91895e-05
4.628e-05
-5.80615e-05
4.55489e-05
-6.67177e-05
4.48475e-05
-7.52845e-05
4.40876e-05
-8.36658e-05
4.27007e-05
-9.15961e-05
3.99752e-05
-9.96573e-05
3.73377e-05
-0.000111382
4.27151e-05
-0.000132966
7.06411e-05
-0.000145926
7.09807e-05
-0.000158162
6.13559e-05
-0.000167322
4.69414e-05
-0.000173319
3.31993e-05
-0.000176212
2.1536e-05
-0.0001767
1.21343e-05
-0.000175883
5.35517e-06
-0.000174436
7.34172e-07
-0.000172736
-2.42321e-06
-0.000170878
-4.71995e-06
-0.000168884
-6.47008e-06
-0.000166785
-7.79426e-06
-0.000164615
-8.78248e-06
-0.000162391
-9.52676e-06
-0.000160119
-1.00869e-05
-0.00015781
-1.04927e-05
-0.000155476
-1.07632e-05
-0.000153129
-1.09122e-05
-0.000150787
-1.09472e-05
-0.000148466
-1.08714e-05
-0.000146188
-1.06865e-05
-0.000143975
-1.03927e-05
-0.00014185
-9.99145e-06
-0.000139835
-9.4804e-06
-0.000137952
-8.86402e-06
-0.00013622
-8.14011e-06
-0.000134657
-7.30294e-06
-0.000133285
-6.35092e-06
-0.000132122
-5.30636e-06
-0.000131186
-4.20473e-06
-0.000130495
-3.05151e-06
-0.000130071
-1.83836e-06
-6.17025e-07
-4.55947e-05
5.56056e-05
-5.49985e-05
5.49527e-05
-6.45664e-05
5.44154e-05
-7.42224e-05
5.37436e-05
-8.35691e-05
5.20474e-05
-9.22018e-05
4.86079e-05
-0.000101331
4.64672e-05
-0.000115736
5.71202e-05
-0.000138357
9.32615e-05
-0.00015677
8.93937e-05
-0.000169988
7.4574e-05
-0.000179039
5.59926e-05
-0.000183957
3.81168e-05
-0.000184894
2.24732e-05
-0.000183088
1.03289e-05
-0.000180279
2.54551e-06
-0.000177388
-2.15655e-06
-0.000174893
-4.91844e-06
-0.000172566
-7.04663e-06
-0.000170198
-8.83864e-06
-0.00016777
-1.02221e-05
-0.00016534
-1.12122e-05
-0.000162923
-1.19443e-05
-0.000160497
-1.25123e-05
-0.000158055
-1.29345e-05
-0.000155602
-1.32164e-05
-0.000153145
-1.33696e-05
-0.000150694
-1.33978e-05
-0.000148267
-1.32988e-05
-0.000145883
-1.30702e-05
-0.000143566
-1.271e-05
-0.000141338
-1.22184e-05
-0.000139226
-1.15927e-05
-0.000137251
-1.08391e-05
-0.000135434
-9.95715e-06
-0.000133794
-8.94225e-06
-0.000132353
-7.79209e-06
-0.000131131
-6.52844e-06
-0.000130147
-5.18865e-06
-0.000129422
-3.77722e-06
-0.000128979
-2.28069e-06
-7.64935e-07
-4.42774e-05
6.5283e-05
-5.42974e-05
6.49728e-05
-6.46144e-05
6.47324e-05
-7.49437e-05
6.40728e-05
-8.46481e-05
6.17519e-05
-9.35102e-05
5.747e-05
-0.000104033
5.69898e-05
-0.000123128
7.6215e-05
-0.000148352
0.000118486
-0.00016989
0.000110932
-0.000185264
8.99481e-05
-0.000195275
6.60033e-05
-0.000199427
4.22688e-05
-0.000197629
2.06758e-05
-0.000192132
4.8318e-06
-0.000185537
-4.04952e-06
-0.000180325
-7.36799e-06
-0.000176736
-8.50756e-06
-0.000174028
-9.7554e-06
-0.00017145
-1.14165e-05
-0.000168768
-1.2904e-05
-0.000166084
-1.38959e-05
-0.000163472
-1.45565e-05
-0.000160897
-1.50875e-05
-0.000158323
-1.55085e-05
-0.000155745
-1.57941e-05
-0.000153167
-1.59481e-05
-0.000150594
-1.59708e-05
-0.000148042
-1.58506e-05
-0.000145532
-1.55804e-05
-0.000143087
-1.51546e-05
-0.000140734
-1.45712e-05
-0.0001385
-1.38265e-05
-0.00013641
-1.29288e-05
-0.000134488
-1.18799e-05
-0.000132752
-1.06774e-05
-0.000131225
-9.31916e-06
-0.000129928
-7.82579e-06
-0.000128881
-6.23496e-06
-0.000128109
-4.54962e-06
-0.000127639
-2.75116e-06
-9.21286e-07
-4.41326e-05
7.52947e-05
-5.46025e-05
7.54427e-05
-6.54004e-05
7.55303e-05
-7.60775e-05
7.47499e-05
-8.5891e-05
7.15653e-05
-9.52488e-05
6.68279e-05
-0.000108772
7.05134e-05
-0.00013775
0.000105192
-0.000163863
0.000144599
-0.000188419
0.000135488
-0.000207261
0.000108791
-0.000219646
7.83881e-05
-0.000223237
4.58599e-05
-0.000217809
1.52477e-05
-0.000206655
-6.32237e-06
-0.000194559
-1.61455e-05
-0.000185001
-1.69256e-05
-0.000178972
-1.45364e-05
-0.000175357
-1.33709e-05
-0.00017254
-1.42336e-05
-0.000169697
-1.57465e-05
-0.000166811
-1.67825e-05
-0.000164015
-1.7352e-05
-0.000161297
-1.78061e-05
-0.000158599
-1.82062e-05
-0.000155898
-1.84951e-05
-0.000153191
-1.86553e-05
-0.000150482
-1.86795e-05
-0.000147787
-1.85458e-05
-0.000145128
-1.82395e-05
-0.000142531
-1.7751e-05
-0.000140027
-1.70756e-05
-0.000137645
-1.62079e-05
-0.000135415
-1.51585e-05
-0.000133363
-1.39319e-05
-0.000131511
-1.25292e-05
-0.00012988
-1.09501e-05
-0.000128491
-9.21428e-06
-0.000127368
-7.35798e-06
-0.000126537
-5.38083e-06
-0.00012603
-3.25856e-06
-1.08877e-06
-4.42274e-05
8.55219e-05
-5.50042e-05
8.62195e-05
-6.61594e-05
8.66855e-05
-7.70919e-05
8.56824e-05
-8.71151e-05
8.15885e-05
-9.79006e-05
7.76134e-05
-0.000117329
8.99417e-05
-0.000154802
0.000142666
-0.000184582
0.000174378
-0.000212511
0.000163418
-0.000236012
0.000132292
-0.000250335
9.27117e-05
-0.000251744
4.72688e-05
-0.000241657
5.16115e-06
-0.00022489
-2.30893e-05
-0.000206914
-3.41216e-05
-0.000192189
-3.165e-05
-0.000182658
-2.4068e-05
-0.000177203
-1.88252e-05
-0.000173629
-1.78079e-05
-0.000170518
-1.88573e-05
-0.000167481
-1.98202e-05
-0.000164542
-2.02909e-05
-0.000161696
-2.06516e-05
-0.000158889
-2.10135e-05
-0.000156071
-2.13133e-05
-0.00015323
-2.14963e-05
-0.000150372
-2.15373e-05
-0.000147513
-2.14042e-05
-0.00014468
-2.10725e-05
-0.000141904
-2.05271e-05
-0.000139218
-1.97611e-05
-0.000136659
-1.87669e-05
-0.00013426
-1.75573e-05
-0.000132052
-1.614e-05
-0.00013006
-1.45213e-05
-0.000128305
-1.27046e-05
-0.00012681
-1.07103e-05
-0.000125596
-8.57201e-06
-0.000124694
-6.28272e-06
-0.000124141
-3.81105e-06
-1.26991e-06
-4.40043e-05
9.58626e-05
-5.50423e-05
9.72576e-05
-6.65486e-05
9.81918e-05
-7.77466e-05
9.68803e-05
-8.82867e-05
9.21287e-05
-0.000101593
9.09195e-05
-0.000127388
0.000115737
-0.00016636
0.000181637
-0.000204922
0.00021294
-0.000236397
0.000194892
-0.000260511
0.000156406
-0.000271538
0.000103738
-0.000268868
4.45993e-05
-0.000256044
-7.66331e-06
-0.00023693
-4.22028e-05
-0.000216236
-5.48163e-05
-0.00019872
-4.91653e-05
-0.000186852
-3.59364e-05
-0.000179587
-2.60901e-05
-0.000174844
-2.25505e-05
-0.000171222
-2.24793e-05
-0.000168032
-2.30108e-05
-0.000165014
-2.3308e-05
-0.00016209
-2.35758e-05
-0.000159196
-2.39075e-05
-0.00015627
-2.4239e-05
-0.000153292
-2.44746e-05
-0.00015027
-2.45599e-05
-0.000147224
-2.44497e-05
-0.000144187
-2.41091e-05
-0.000141199
-2.35158e-05
-0.000138298
-2.26615e-05
-0.000135528
-2.15368e-05
-0.000132928
-2.01573e-05
-0.000130534
-1.85343e-05
-0.000128375
-1.668e-05
-0.000126475
-1.46043e-05
-0.000124854
-1.23306e-05
-0.000123536
-9.89083e-06
-0.000122552
-7.26722e-06
-0.000121946
-4.41681e-06
-1.46702e-06
-4.3164e-05
0.000106256
-5.44697e-05
0.000108563
-6.63275e-05
0.00011005
-7.79061e-05
0.000108459
-8.98521e-05
0.000104075
-0.00010855
0.000109617
-0.000152115
0.000159302
-0.000188346
0.000217868
-0.000221612
0.000246206
-0.00025197
0.000225251
-0.000271659
0.000176095
-0.000278201
0.000110281
-0.000270544
3.69419e-05
-0.000254045
-2.41618e-05
-0.000235163
-6.1085e-05
-0.000215978
-7.40011e-05
-0.000199791
-6.53522e-05
-0.000188535
-4.71925e-05
-0.000181022
-3.36032e-05
-0.000175697
-2.78752e-05
-0.000171697
-2.64792e-05
-0.000168423
-2.62844e-05
-0.000165425
-2.63064e-05
-0.000162505
-2.64952e-05
-0.000159562
-2.6851e-05
-0.000156538
-2.72629e-05
-0.000153415
-2.75976e-05
-0.000150206
-2.77693e-05
-0.000146942
-2.77136e-05
-0.000143665
-2.7386e-05
-0.000140424
-2.67569e-05
-0.000137268
-2.58173e-05
-0.000134248
-2.4557e-05
-0.000131409
-2.29958e-05
-0.000128794
-2.1149e-05
-0.000126439
-1.90358e-05
-0.000124369
-1.66741e-05
-0.000122605
-1.4094e-05
-0.000121168
-1.13281e-05
-0.00012009
-8.34591e-06
-0.000119422
-5.08496e-06
-1.68317e-06
-4.14456e-05
0.000116624
-5.29449e-05
0.000120063
-6.50654e-05
0.00012217
-7.73313e-05
0.000120725
-9.22895e-05
0.000119033
-0.000117915
0.000135243
-0.000161135
0.000202521
-0.000198644
0.000255378
-0.000227725
0.000275287
-0.000251749
0.000249274
-0.000265231
0.000189577
-0.000264769
0.000109819
-0.000253437
2.56091e-05
-0.000237137
-4.04612e-05
-0.000219453
-7.87692e-05
-0.000203688
-8.97666e-05
-0.000192853
-7.61869e-05
-0.000185539
-5.45064e-05
-0.000179889
-3.92534e-05
-0.000175298
-3.24653e-05
-0.00017163
-3.0148e-05
-0.000168597
-2.93173e-05
-0.000165797
-2.91061e-05
-0.000162988
-2.93044e-05
-0.000160043
-2.97959e-05
-0.000156928
-3.03781e-05
-0.000153643
-3.08825e-05
-0.000150215
-3.11977e-05
-0.000146689
-3.1239e-05
-0.000143124
-3.0951e-05
-0.00013958
-3.03003e-05
-0.00013612
-2.92775e-05
-0.000132803
-2.78743e-05
-0.000129683
-2.61158e-05
-0.000126809
-2.40227e-05
-0.000124222
-2.16223e-05
-0.000121955
-1.89421e-05
-0.000120028
-1.60216e-05
-0.000118457
-1.28985e-05
-0.000117273
-9.52958e-06
-0.000116534
-5.82422e-06
-1.9223e-06
-3.85664e-05
0.000126836
-5.01684e-05
0.000131665
-6.28018e-05
0.000134804
-7.70336e-05
0.000134956
-9.66429e-05
0.000138642
-0.000129539
0.000168139
-0.000167181
0.000240163
-0.000192735
0.000280931
-0.000213116
0.000295669
-0.000226624
0.000262783
-0.000229837
0.00019279
-0.000223049
0.000103031
-0.000214323
1.68834e-05
-0.000204712
-5.00726e-05
-0.000191626
-9.18549e-05
-0.000182366
-9.90268e-05
-0.000179997
-7.85564e-05
-0.000178628
-5.58751e-05
-0.000176177
-4.17041e-05
-0.000173394
-3.52489e-05
-0.000170879
-3.26623e-05
-0.000168572
-3.16248e-05
-0.000166216
-3.14614e-05
-0.000163622
-3.18992e-05
-0.000160716
-3.2702e-05
-0.000157504
-3.35893e-05
-0.000154024
-3.43631e-05
-0.000150327
-3.48938e-05
-0.000146483
-3.50836e-05
-0.000142567
-3.48668e-05
-0.000138658
-3.42087e-05
-0.000134834
-3.31022e-05
-0.000131164
-3.15436e-05
-0.000127714
-2.95664e-05
-0.000124538
-2.71988e-05
-0.000121683
-2.4477e-05
-0.000119186
-2.14386e-05
-0.000117072
-1.81357e-05
-0.000115354
-1.46171e-05
-0.000114054
-1.08289e-05
-0.000113235
-6.6429e-06
-2.18851e-06
-3.42341e-05
0.000136737
-4.60127e-05
0.000143443
-5.99214e-05
0.000148712
-7.78361e-05
0.000152871
-0.000104193
0.000164999
-0.000142111
0.000206058
-0.000162016
0.000260068
-0.000168743
0.000287658
-0.000174058
0.000300984
-0.000175434
0.000264159
-0.000168793
0.000186149
-0.000155615
8.98526e-05
-0.000154447
1.57157e-05
-0.000158805
-4.5715e-05
-0.00015697
-9.36897e-05
-0.000159306
-9.66906e-05
-0.000166056
-7.18068e-05
-0.000170265
-5.16659e-05
-0.000171247
-4.07221e-05
-0.000170801
-3.5695e-05
-0.000169942
-3.35209e-05
-0.000168701
-3.28663e-05
-0.000166948
-3.32135e-05
-0.000164621
-3.42263e-05
-0.000161754
-3.55688e-05
-0.000158413
-3.69307e-05
-0.000154678
-3.80981e-05
-0.000150641
-3.89304e-05
-0.000146399
-3.93255e-05
-0.000142054
-3.92123e-05
-0.000137703
-3.85589e-05
-0.000133442
-3.7364e-05
-0.000129354
-3.56312e-05
-0.000125514
-3.34059e-05
-0.000121986
-3.07273e-05
-0.000118821
-2.76423e-05
-0.000116061
-2.41992e-05
-0.000113733
-2.04631e-05
-0.00011185
-1.65004e-05
-0.000110424
-1.22546e-05
-0.000109517
-7.5501e-06
-2.48721e-06
-2.79978e-05
0.000146095
-3.99352e-05
0.000155381
-5.52195e-05
0.000163997
-7.46638e-05
0.000172316
-9.81166e-05
0.000188452
-0.000125094
0.000233035
-0.000133964
0.000268937
-0.000124738
0.000278431
-0.000110122
0.000286368
-9.57495e-05
0.000249787
-8.13736e-05
0.000171774
-8.07873e-05
8.92662e-05
-9.48782e-05
2.98065e-05
-0.000110854
-2.97394e-05
-0.000122125
-8.24182e-05
-0.0001393
-7.95161e-05
-0.000154071
-5.70359e-05
-0.000162496
-4.32409e-05
-0.000166607
-3.66116e-05
-0.000168661
-3.36405e-05
-0.000169558
-3.26234e-05
-0.00016941
-3.30142e-05
-0.000168242
-3.43818e-05
-0.000166148
-3.63202e-05
-0.000163264
-3.84537e-05
-0.000159716
-4.04786e-05
-0.000155636
-4.21783e-05
-0.000151158
-4.34077e-05
-0.000146418
-4.40656e-05
-0.000141545
-4.40848e-05
-0.000136663
-4.34417e-05
-0.000131881
-4.21454e-05
-0.000127302
-4.02109e-05
-0.000123009
-3.76989e-05
-0.000119074
-3.46623e-05
-0.000115554
-3.11629e-05
-0.000112493
-2.72603e-05
-0.000109924
-2.30321e-05
-0.000107858
-1.8566e-05
-0.000106297
-1.38153e-05
-0.000105295
-8.55242e-06
-2.82351e-06
-1.92808e-05
0.000154558
-3.11261e-05
0.000167226
-4.72849e-05
0.000180155
-6.81511e-05
0.000193182
-8.88862e-05
0.000209187
-0.000102766
0.000246915
-8.57291e-05
0.0002519
-6.52229e-05
0.000257925
-4.09862e-05
0.000262131
-2.5719e-05
0.00023452
-3.11093e-05
0.000177164
-5.20483e-05
0.000110205
-7.0893e-05
4.86512e-05
-7.91928e-05
-2.14395e-05
-9.85888e-05
-6.30222e-05
-0.000126834
-5.12704e-05
-0.000145883
-3.79871e-05
-0.000156877
-3.2247e-05
-0.000163597
-2.98921e-05
-0.000167931
-2.93057e-05
-0.000170371
-3.01834e-05
-0.000171131
-3.22548e-05
-0.000170414
-3.50994e-05
-0.000168444
-3.82895e-05
-0.000165426
-4.14716e-05
-0.000161545
-4.43595e-05
-0.000156984
-4.6739e-05
-0.000151928
-4.8464e-05
-0.000146556
-4.94374e-05
-0.000141034
-4.9607e-05
-0.00013551
-4.89659e-05
-0.000130115
-4.75402e-05
-0.000124963
-4.53622e-05
-0.00012015
-4.25122e-05
-0.000115752
-3.90603e-05
-0.000111831
-3.50846e-05
-0.000108432
-3.0659e-05
-0.000105592
-2.58721e-05
-0.000103324
-2.08336e-05
-0.000101619
-1.55201e-05
-0.000100516
-9.65527e-06
-3.20209e-06
-7.34364e-06
0.000161571
-1.87261e-05
0.000178608
-3.3725e-05
0.000195154
-5.41011e-05
0.000213558
-6.96626e-05
0.000224748
-6.99922e-05
0.000247245
-5.93681e-05
0.000241277
-5.24699e-05
0.000251027
-4.38466e-05
0.000253508
-3.8151e-05
0.000228824
-4.1941e-05
0.000180954
-5.19819e-05
0.000120246
-5.36723e-05
5.03416e-05
-5.95876e-05
-1.55241e-05
-9.3459e-05
-2.91508e-05
-0.000123168
-2.15617e-05
-0.000141754
-1.94013e-05
-0.000154209
-1.97916e-05
-0.000163155
-2.09458e-05
-0.00016928
-2.31814e-05
-0.000172875
-2.65879e-05
-0.000174283
-3.08465e-05
-0.000173837
-3.55454e-05
-0.000171825
-4.03019e-05
-0.000168499
-4.47973e-05
-0.000164103
-4.87553e-05
-0.000158879
-5.19634e-05
-0.000153064
-5.42787e-05
-0.000146887
-5.56134e-05
-0.000140555
-5.59389e-05
-0.000134251
-5.52699e-05
-0.000128128
-5.36635e-05
-0.000122314
-5.1177e-05
-0.000116908
-4.79177e-05
-0.000111991
-4.39773e-05
-0.000107624
-3.94519e-05
-0.000103852
-3.44311e-05
-0.000100712
-2.90125e-05
-9.82205e-05
-2.33248e-05
-9.63618e-05
-1.7379e-05
-9.51542e-05
-1.08626e-05
-3.6264e-06
8.53895e-06
0.000166228
-8.61052e-07
0.000188008
-1.50451e-05
0.000209338
-3.35643e-05
0.000232077
-4.69376e-05
0.000238121
-5.36168e-05
0.000253924
-7.31942e-05
0.000260854
-8.55404e-05
0.000263373
-7.9024e-05
0.000246991
-6.62986e-05
0.000216098
-5.66345e-05
0.00017129
-4.53077e-05
0.000108919
-3.84693e-05
4.35031e-05
-6.36715e-05
9.67815e-06
-9.87766e-05
5.9543e-06
-0.000123071
2.73246e-06
-0.000140989
-1.48281e-06
-0.000155199
-5.58168e-06
-0.000165854
-1.02902e-05
-0.00017312
-1.59157e-05
-0.000177426
-2.22819e-05
-0.000179199
-2.90737e-05
-0.000178789
-3.59554e-05
-0.000176504
-4.25868e-05
-0.000172639
-4.86625e-05
-0.000167492
-5.39014e-05
-0.00016137
-5.8086e-05
-0.000154573
-6.10757e-05
-0.000147381
-6.28054e-05
-0.000140051
-6.32687e-05
-0.000132802
-6.25197e-05
-0.000125812
-6.06535e-05
-0.000119225
-5.77632e-05
-0.000113149
-5.39944e-05
-0.000107658
-4.94676e-05
-0.000102809
-4.43012e-05
-9.86384e-05
-3.86019e-05
-9.51768e-05
-3.2474e-05
-9.24434e-05
-2.60581e-05
-9.04197e-05
-1.94027e-05
-8.91042e-05
-1.21782e-05
-4.09873e-06
2.83002e-05
0.000168276
2.01457e-05
0.000196163
7.78138e-06
0.000221703
-3.965e-06
0.000243824
-9.12812e-06
0.000243284
-2.89415e-05
0.000273737
-7.43769e-05
0.000306289
-9.4449e-05
0.000283445
-8.76001e-05
0.000240142
-6.95651e-05
0.000198063
-4.80857e-05
0.00014981
-3.32034e-05
9.4037e-05
-4.45163e-05
5.48158e-05
-7.57798e-05
4.09416e-05
-0.000102721
3.28955e-05
-0.000125516
2.55277e-05
-0.000145002
1.80028e-05
-0.000160494
9.91088e-06
-0.000171907
1.12327e-06
-0.00017973
-8.09309e-06
-0.000184394
-1.76183e-05
-0.000186242
-2.72256e-05
-0.000185592
-3.66059e-05
-0.000182754
-4.54245e-05
-0.00017806
-5.33569e-05
-0.000171871
-6.00904e-05
-0.000164563
-6.53944e-05
-0.000156502
-6.9136e-05
-0.000148042
-7.12651e-05
-0.00013949
-7.18215e-05
-0.000131106
-7.09028e-05
-0.000123096
-6.86635e-05
-0.000115617
-6.52424e-05
-0.000108778
-6.08341e-05
-0.000102651
-5.55941e-05
-9.72824e-05
-4.96701e-05
-9.26943e-05
-4.31899e-05
-8.89019e-05
-3.62667e-05
-8.59161e-05
-2.90438e-05
-8.3718e-05
-2.16008e-05
-8.22897e-05
-1.36067e-05
-4.62158e-06
5.2533e-05
0.000167553
4.64275e-05
0.000202268
3.78208e-05
0.000230309
3.0067e-05
0.000251577
2.19514e-05
0.0002514
1.59467e-05
0.000279742
-2.81415e-05
0.000350377
-6.06741e-05
0.000315978
-5.97289e-05
0.000239197
-4.15018e-05
0.000179836
-2.57584e-05
0.000134067
-3.08805e-05
9.9159e-05
-5.69228e-05
8.08582e-05
-8.61685e-05
7.01872e-05
-0.000112256
5.89832e-05
-0.000135031
4.83025e-05
-0.000154157
3.71286e-05
-0.000169544
2.52982e-05
-0.000181254
1.28331e-05
-0.000189378
3.05804e-08
-0.000194146
-1.28509e-05
-0.00019579
-2.55817e-05
-0.0001946
-3.7796e-05
-0.00019089
-4.91341e-05
-0.000185026
-5.9221e-05
-0.000177437
-6.76794e-05
-0.000168579
-7.42525e-05
-0.000158915
-7.88004e-05
-0.000148877
-8.13035e-05
-0.000138842
-8.18563e-05
-0.000129114
-8.06316e-05
-0.000119919
-7.78579e-05
-0.000111423
-7.3738e-05
-0.000103734
-6.85239e-05
-9.69093e-05
-6.24181e-05
-9.09801e-05
-5.55996e-05
-8.5951e-05
-4.82188e-05
-8.1819e-05
-4.0399e-05
-7.85771e-05
-3.22858e-05
-7.6198e-05
-2.39797e-05
-7.4654e-05
-1.51505e-05
-5.19177e-06
8.30541e-05
0.000166306
7.48634e-05
0.000210459
6.43985e-05
0.000240774
5.63282e-05
0.000259648
4.7873e-05
0.000259855
5.0974e-05
0.000276641
4.45203e-05
0.000356831
1.07615e-05
0.000349736
-2.80503e-06
0.000252763
-2.02667e-06
0.000179058
-1.27378e-05
0.000144778
-4.00018e-05
0.000126423
-7.2087e-05
0.000112943
-0.000100597
9.86971e-05
-0.000126123
8.45094e-05
-0.000148297
7.04766e-05
-0.00016711
5.59408e-05
-0.00018252
4.07088e-05
-0.000194284
2.45966e-05
-0.00020243
8.17595e-06
-0.000206974
-8.30643e-06
-0.000208109
-2.44472e-05
-0.000206065
-3.98406e-05
-0.000201133
-5.40657e-05
-0.000193692
-6.66615e-05
-0.000184261
-7.71104e-05
-0.000173413
-8.51009e-05
-0.000161724
-9.04894e-05
-0.000149742
-9.32855e-05
-0.000137919
-9.36789e-05
-0.000126611
-9.194e-05
-0.000116065
-8.84039e-05
-0.000106447
-8.3356e-05
-9.78381e-05
-7.71324e-05
-9.02797e-05
-6.99763e-05
-8.37744e-05
-6.21052e-05
-7.83013e-05
-5.36919e-05
-7.38327e-05
-4.48675e-05
-7.03417e-05
-3.57767e-05
-6.7794e-05
-2.65274e-05
-6.61318e-05
-1.68128e-05
-5.81938e-06
0.000116323
0.000171321
0.000100285
0.000226497
8.79139e-05
0.000253145
7.82594e-05
0.000269302
7.00402e-05
0.000268074
7.44497e-05
0.000272232
9.28275e-05
0.000338453
7.82326e-05
0.000364331
4.87811e-05
0.000282215
2.0086e-05
0.000207753
-1.549e-05
0.000180354
-5.35432e-05
0.000164476
-8.7739e-05
0.000147139
-0.00011812
0.000129079
-0.000144486
0.000110876
-0.000166848
9.28378e-05
-0.00018564
7.47332e-05
-0.000200755
5.58237e-05
-0.000212278
3.61193e-05
-0.000219827
1.57255e-05
-0.000223647
-4.48755e-06
-0.000223837
-2.42563e-05
-0.000220544
-4.31336e-05
-0.000213977
-6.06328e-05
-0.000204453
-7.61848e-05
-0.000192602
-8.89613e-05
-0.000179167
-9.85362e-05
-0.000164898
-0.000104758
-0.000150495
-0.000107688
-0.000136517
-0.000107658
-0.000123366
-0.000105091
-0.000111296
-0.000100474
-0.000100454
-9.41981e-05
-9.08891e-05
-8.66972e-05
-8.25967e-05
-7.82685e-05
-7.55384e-05
-6.91633e-05
-6.96527e-05
-5.95777e-05
-6.48815e-05
-4.96388e-05
-6.11753e-05
-3.9483e-05
-5.84893e-05
-2.92133e-05
-5.67299e-05
-1.85722e-05
-6.5207e-06
0.00017427
0.000196482
0.00014139
0.000259378
0.000114514
0.000280021
9.69637e-05
0.000286853
8.44833e-05
0.000280555
8.42116e-05
0.000272503
0.000108161
0.000314503
0.000110954
0.000361538
7.32506e-05
0.000319918
2.338e-05
0.000257623
-2.37227e-05
0.000227456
-6.46249e-05
0.000205379
-0.000100732
0.000183247
-0.000133963
0.00016231
-0.000164075
0.000140987
-0.000189747
0.00011851
-0.000210247
9.52336e-05
-0.000226051
7.16281e-05
-0.000237056
4.71237e-05
-0.000243611
2.22804e-05
-0.000246073
-2.02506e-06
-0.000244551
-2.57783e-05
-0.000239272
-4.84129e-05
-0.000230395
-6.95095e-05
-0.000218053
-8.85265e-05
-0.000202975
-0.00010404
-0.000186137
-0.000115374
-0.000168509
-0.000122386
-0.000151051
-0.000125147
-0.000134451
-0.000124257
-0.000119149
-0.000120393
-0.000105376
-0.000114247
-9.32288e-05
-0.000106346
-8.26926e-05
-9.7233e-05
-7.36951e-05
-8.72661e-05
-6.61347e-05
-7.67236e-05
-5.98977e-05
-6.58148e-05
-5.48823e-05
-5.4654e-05
-5.1006e-05
-4.33592e-05
-4.82176e-05
-3.20016e-05
-4.63927e-05
-2.03972e-05
-7.30262e-06
0.000133308
6.31738e-05
0.000150976
0.000241709
0.000128985
0.000302012
0.000105937
0.000309901
8.78403e-05
0.000298652
7.79386e-05
0.000282405
9.32911e-05
0.000299151
0.00010716
0.000347668
7.69209e-05
0.000350158
2.58338e-05
0.000308711
-1.93108e-05
0.000272601
-6.03516e-05
0.000246419
-0.000100268
0.000223163
-0.000137329
0.000199371
-0.000170523
0.00017418
-0.000197777
0.000145765
-0.000221172
0.000118629
-0.000240082
9.0538e-05
-0.000252403
5.94441e-05
-0.000258542
2.84192e-05
-0.000259962
-6.05029e-07
-0.000256671
-2.90692e-05
-0.000249051
-5.60332e-05
-0.000237462
-8.10982e-05
-0.000221988
-0.000104
-0.000203624
-0.000122404
-0.000183557
-0.000135441
-0.000162905
-0.000143038
-0.000142905
-0.000145147
-0.000124316
-0.000142846
-0.000107576
-0.000137133
-9.28451e-05
-0.000128978
-8.0124e-05
-0.000119067
-6.92848e-05
-0.000108072
-6.01842e-05
-9.63669e-05
-5.26531e-05
-8.42545e-05
-4.65132e-05
-7.19547e-05
-4.16131e-05
-5.95541e-05
-3.78463e-05
-4.71258e-05
-3.51449e-05
-3.47029e-05
-3.33803e-05
-2.21618e-05
-8.10218e-06
7.8908e-05
-1.57342e-05
0.000138089
0.000182528
0.000141117
0.000298983
0.000120462
0.000330556
9.80369e-05
0.000321077
8.32153e-05
0.000297227
8.77598e-05
0.000294606
0.000104582
0.000330847
9.20754e-05
0.000362664
5.29136e-05
0.000347872
1.39297e-05
0.000311585
-2.14717e-05
0.000281821
-6.43622e-05
0.000266053
-0.000115116
0.000250125
-0.000162254
0.000221318
-0.000200244
0.000183755
-0.000231665
0.000150049
-0.000255127
0.000114
-0.00027235
7.66675e-05
-0.000282529
3.85977e-05
-0.000287399
4.26447e-06
-0.000285796
-3.06719e-05
-0.000277275
-6.45551e-05
-0.000262514
-9.58584e-05
-0.000241863
-0.000124651
-0.000217684
-0.000146583
-0.000192028
-0.000161096
-0.000166323
-0.000168743
-0.000142124
-0.000169346
-0.00012027
-0.000164699
-0.000101104
-0.0001563
-8.46582e-05
-0.000145423
-7.07805e-05
-0.000132944
-5.92157e-05
-0.000119636
-4.96805e-05
-0.000105902
-4.19044e-05
-9.20306e-05
-3.5649e-05
-7.821e-05
-3.06771e-05
-6.4526e-05
-2.68679e-05
-5.09351e-05
-2.41065e-05
-3.74642e-05
-2.22744e-05
-2.39939e-05
-8.96882e-06
-3.77192e-05
-1.22279e-05
0.000115537
2.92722e-05
0.000165906
0.000248615
0.000160566
0.000335895
0.000133264
0.000348379
0.000101327
0.000329163
9.2047e-05
0.000303886
0.000113551
0.000309343
0.000133575
0.00034264
0.000121035
0.000360412
8.71434e-05
0.000345477
4.53754e-05
0.000323588
-4.81682e-06
0.000316245
-5.19038e-05
0.000297211
-0.000104011
0.000273426
-0.000164353
0.000244097
-0.000210873
0.000196568
-0.00025981
0.000162937
-0.000301594
0.000118451
-0.000325516
6.25201e-05
-0.000342488
2.12362e-05
-0.000355506
-1.76547e-05
-0.000355582
-6.44789e-05
-0.00034242
-0.00010902
-0.000314604
-0.000152468
-0.000277894
-0.000183294
-0.000237781
-0.000201209
-0.000198661
-0.000207863
-0.000163477
-0.00020453
-0.000132975
-0.000195202
-0.000107234
-0.00018204
-8.59109e-05
-0.000166746
-6.84307e-05
-0.000150424
-5.42639e-05
-0.000133803
-4.28562e-05
-0.00011731
-3.37317e-05
-0.000101155
-2.64711e-05
-8.54707e-05
-2.07803e-05
-7.02167e-05
-1.63811e-05
-5.53342e-05
-1.31419e-05
-4.07035e-05
-1.07999e-05
-2.6336e-05
-1.01414e-05
-3.16941e-05
-2.02164e-05
2.86671e-05
-3.1089e-05
0.000135692
0.00014159
0.000171774
0.000299813
0.000162388
0.000357765
0.0001298
0.000361751
8.8173e-05
0.000345513
7.6263e-05
0.000321253
0.000100755
0.000318148
0.000127401
0.000333766
0.000119392
0.000353486
7.58842e-05
0.000367097
1.38447e-05
0.000378284
-4.22222e-05
0.000353278
-8.63391e-05
0.000317543
-0.000115321
0.000273079
-0.000102749
0.000183996
-0.000145131
0.000205319
-0.000193664
0.000166984
-0.000219073
8.79289e-05
-0.00026535
6.75127e-05
-0.000314497
3.14926e-05
-0.000341934
-3.70419e-05
-0.000354163
-9.67915e-05
-0.000339317
-0.000167313
-0.000303196
-0.000219414
-0.000252171
-0.000252234
-0.000199952
-0.000260082
-0.000155246
-0.000249237
-0.000118787
-0.000231661
-8.95675e-05
-0.000211259
-6.64632e-05
-0.000189851
-4.83681e-05
-0.00016852
-3.42377e-05
-0.000147934
-2.32737e-05
-0.000128274
-1.45785e-05
-0.00010985
-7.7849e-06
-9.22645e-05
-2.49212e-06
-7.55096e-05
1.59778e-06
-5.94241e-05
4.72214e-06
-4.38279e-05
7.12917e-06
-2.8743e-05
-1.14885e-05
-3.84473e-05
8.85263e-06
-6.0065e-05
-9.4712e-06
7.7278e-05
4.24715e-06
0.000158242
0.000218849
0.000184136
0.000331871
0.000174483
0.000371405
0.000142849
0.000377147
9.31828e-05
0.000370918
5.23635e-05
0.000358967
4.53876e-05
0.000340742
6.3747e-05
0.000335127
5.70973e-05
0.000373746
2.74977e-05
0.000407884
-1.66237e-05
0.0003974
-5.42984e-05
0.000355217
-8.51096e-05
0.00030389
-0.000137288
0.000236174
-0.00015843
0.000226461
-0.000122939
0.000131493
-8.32024e-05
4.81922e-05
-0.000109292
9.36018e-05
-0.000169569
9.17695e-05
-0.000231176
2.4565e-05
-0.00028768
-4.02875e-05
-0.000315254
-0.000139739
-0.000306531
-0.000228137
-0.00025787
-0.000300896
-0.000193446
-0.000324506
-0.000137832
-0.00030485
-9.56301e-05
-0.000273863
-6.42274e-05
-0.000242662
-4.09576e-05
-0.000213121
-2.35849e-05
-0.000185892
-1.0496e-05
-0.000161023
-4.403e-07
-0.00013833
7.08938e-06
-0.00011738
1.2849e-05
-9.80241e-05
1.72883e-05
-7.99488e-05
2.07415e-05
-6.28772e-05
2.34507e-05
-4.65371e-05
2.56703e-05
-3.09625e-05
-1.28243e-05
-4.27251e-05
3.05502e-05
-6.89035e-05
1.67071e-05
-8.51187e-05
2.04623e-05
0.00010899
2.47409e-05
0.000176892
0.000263969
0.000200545
0.000347752
0.00020026
0.000377432
0.000186324
0.000384854
0.000160715
0.000384576
0.000120766
0.000380691
7.86736e-05
0.000377219
7.9169e-05
0.000373251
0.000124085
0.000362967
0.000180924
0.000340561
0.000227497
0.000308645
0.000250344
0.000281043
0.000231199
0.000255319
0.000216206
0.000241454
0.000135704
0.000211995
6.0936e-06
0.000177803
-4.74986e-05
0.000147194
-2.36149e-05
6.78857e-05
-4.75899e-05
4.85399e-05
-0.000109752
2.18747e-05
-0.00019487
-5.46217e-05
-0.000239473
-0.000183534
-0.000224002
-0.000316368
-0.000163507
-0.000385001
-0.000102237
-0.00036612
-5.83759e-05
-0.000317724
-2.81572e-05
-0.00027288
-7.17982e-06
-0.000234099
7.49313e-06
-0.000200565
1.79005e-05
-0.00017143
2.53762e-05
-0.000145805
3.09118e-05
-0.000122916
3.50769e-05
-0.000102189
3.82739e-05
-8.31457e-05
4.07925e-05
-6.53958e-05
4.28413e-05
-4.85859e-05
4.46394e-05
-3.27606e-05
-1.40228e-05
-9.82473e-06
3.12281e-05
-1.79454e-05
2.48275e-05
-1.22524e-05
1.4769e-05
-4.79733e-06
1.72859e-05
0.000132509
0.000126663
0.000190183
0.000290077
0.000218636
0.000348979
0.000232712
0.000370778
0.000241829
0.00037546
0.000250618
0.000371902
0.000264484
0.000363353
0.000287843
0.000349892
0.000319244
0.000331567
0.000350858
0.000308947
0.000373733
0.00028577
0.00039069
0.000264087
0.000405652
0.000240357
0.000422294
0.000224811
0.000419778
0.000214511
0.000388242
0.000209339
0.000336081
0.000199354
0.000230997
0.00017297
0.000148411
0.000131126
9.27705e-05
7.75149e-05
2.65406e-05
1.16082e-05
-5.97125e-05
-9.72805e-05
-0.000104874
-0.000271206
-8.41855e-05
-0.000405689
-3.81728e-05
-0.000412133
-1.63256e-06
-0.000354264
2.08216e-05
-0.000295334
3.47676e-05
-0.000248045
4.37388e-05
-0.000209536
4.96673e-05
-0.000177359
5.36769e-05
-0.000149815
5.64841e-05
-0.000125723
5.85306e-05
-0.000104236
6.0107e-05
-8.4722e-05
6.14137e-05
-6.67024e-05
6.2591e-05
-4.97631e-05
6.37983e-05
-3.39679e-05
-1.49841e-05
-7.47157e-06
3.2008e-05
-1.0925e-05
2.82807e-05
-1.35198e-05
1.73638e-05
-3.17041e-06
6.9366e-06
4.99119e-05
7.35806e-05
0.000146302
0.000193687
0.000198091
0.00029719
0.000230862
0.000338007
0.000255411
0.000350911
0.000277882
0.000349431
0.000300701
0.000340533
0.000324376
0.000326218
0.000347773
0.000308169
0.000369189
0.000287531
0.000388534
0.000266425
0.000407126
0.000245494
0.000427346
0.000220137
0.000456183
0.000195974
0.000493903
0.00017679
0.000523503
0.00017974
0.000525365
0.000197493
0.000494077
0.000204257
0.000432706
0.000192497
0.000350329
0.000159892
0.000268731
9.32058e-05
0.000183393
-1.1942e-05
9.97566e-05
-0.00018757
6.20869e-05
-0.00036802
6.44794e-05
-0.000414525
7.48373e-05
-0.000364622
8.09391e-05
-0.000301436
8.33966e-05
-0.000250502
8.41165e-05
-0.000210256
8.40276e-05
-0.00017727
8.35924e-05
-0.00014938
8.30703e-05
-0.000125201
8.26085e-05
-0.000103774
8.22977e-05
-8.44111e-05
8.22005e-05
-6.66051e-05
8.23615e-05
-4.9924e-05
8.28625e-05
-3.44689e-05
-1.56298e-05
-7.93402e-06
3.39033e-05
-1.21649e-05
3.25116e-05
-2.23483e-05
2.75473e-05
-3.50781e-05
1.96666e-05
4.61969e-06
3.38826e-05
8.12817e-05
0.000117025
0.000152515
0.000225956
0.000200778
0.000289745
0.000232909
0.00031878
0.000258925
0.000323415
0.000282775
0.000316683
0.000304621
0.000304372
0.000323914
0.000288875
0.000340192
0.000271253
0.000353449
0.000253168
0.000363425
0.000235519
0.00036953
0.000214033
0.000383479
0.000182025
0.000425534
0.000134736
0.000497639
0.000107634
0.000557908
0.000137224
0.000576601
0.000185565
0.000560731
0.000208366
0.00052382
0.000196804
0.000458305
0.000158721
0.000380052
6.63106e-05
0.000300488
-0.000108005
0.000227612
-0.000295144
0.000184654
-0.000371566
0.000161272
-0.00034124
0.000146003
-0.000286168
0.00013453
-0.000239029
0.000125728
-0.000201454
0.000118948
-0.00017049
0.000113693
-0.000144125
0.000109628
-0.000121135
0.000106526
-0.000100672
0.000104239
-8.21238e-05
0.00010267
-6.50354e-05
0.000101756
-4.901e-05
0.000101494
-3.42069e-05
-1.59074e-05
-7.52598e-06
3.64239e-05
-1.19532e-05
3.69387e-05
-2.12545e-05
3.68487e-05
-3.66799e-05
3.50921e-05
-3.97524e-05
3.6955e-05
8.93787e-06
6.83342e-05
8.40429e-05
0.000150851
0.000145664
0.000228123
0.000190473
0.000273971
0.000222661
0.000291227
0.000248849
0.000290496
0.000270743
0.000282478
0.00028798
0.000271638
0.000298159
0.000261073
0.000297639
0.000253688
0.000295669
0.000237489
0.000307963
0.000201739
0.000342066
0.000147922
0.000386727
9.00746e-05
0.000448667
4.56942e-05
0.000525409
6.04816e-05
0.000569988
0.000140986
0.000569972
0.000208382
0.000551685
0.00021509
0.000522237
0.000188169
0.000483472
0.000105076
0.000429254
-5.37877e-05
0.000358823
-0.000224713
0.000291442
-0.000304185
0.00024072
-0.000290519
0.000206066
-0.000251513
0.00018206
-0.000215024
0.000164755
-0.000184149
0.000151952
-0.000157687
0.000142314
-0.000134487
0.000134992
-0.000113813
0.000129439
-9.51189e-05
0.000125295
-7.79799e-05
0.000122324
-6.20648e-05
0.000120371
-4.70569e-05
0.000119354
-3.3189e-05
-1.57947e-05
-5.45684e-06
3.86543e-05
-9.27217e-06
4.07539e-05
-1.60304e-05
4.3607e-05
-2.82241e-05
4.72858e-05
-4.33957e-05
5.21266e-05
-3.94499e-05
6.43884e-05
7.04731e-06
0.000104354
6.71826e-05
0.000167988
0.000117699
0.000223455
0.000156183
0.000252743
0.000185049
0.00026163
0.000206845
0.000260683
0.000220949
0.000257534
0.000227982
0.00025404
0.000238981
0.000242689
0.000270338
0.000206132
0.000329204
0.000142873
0.000402291
7.48347e-05
0.000465933
2.64325e-05
0.000499849
1.17782e-05
0.0005198
4.05299e-05
0.000541304
0.000119483
0.000545645
0.000204041
0.000529366
0.000231369
0.000513592
0.000203943
0.000499691
0.000118978
0.000477141
-3.12384e-05
0.000426774
-0.000174345
0.000356604
-0.000234015
0.000295948
-0.000229862
0.000251896
-0.00020746
0.000220631
-0.000183759
0.000197869
-0.000161387
0.000180875
-0.000140692
0.000167985
-0.000121597
0.000158126
-0.000103954
0.000150586
-8.7579e-05
0.000144889
-7.22828e-05
0.000140713
-5.78886e-05
0.000137841
-4.4185e-05
0.000136132
-3.14801e-05
-1.53006e-05
-1.88669e-06
3.99442e-05
-4.2878e-06
4.31551e-05
-8.32314e-06
4.76424e-05
-1.51158e-05
5.40783e-05
-2.59469e-05
6.29574e-05
-3.69552e-05
7.53968e-05
-2.91794e-05
9.65783e-05
4.83857e-06
0.00013397
4.89991e-05
0.000179294
9.04549e-05
0.000211287
0.000124363
0.000227722
0.00015162
0.000233426
0.000175481
0.000233673
0.000203836
0.000225686
0.000245467
0.000201058
0.000296224
0.000155375
0.000340427
9.86703e-05
0.000367857
4.74048e-05
0.000382329
1.19608e-05
0.000391438
2.66907e-06
0.000407959
2.40087e-05
0.000432747
9.46948e-05
0.000450999
0.000185789
0.000453954
0.000228413
0.000465431
0.000192466
0.000490799
9.36102e-05
0.000491415
-3.18547e-05
0.000447198
-0.000130129
0.00038171
-0.000168527
0.000324308
-0.00017246
0.000280792
-0.000163944
0.000248235
-0.000151203
0.00022354
-0.000136692
0.000204553
-0.000121705
0.000189822
-0.000106867
0.00017835
-9.24817e-05
0.000169439
-7.86682e-05
0.000162602
-6.5445e-05
0.000157495
-5.27819e-05
0.000153883
-4.05728e-05
0.000151591
-2.91883e-05
-1.44605e-05
2.70562e-06
3.9924e-05
2.12738e-06
4.37334e-05
8.02438e-07
4.89673e-05
-1.27843e-06
5.61592e-05
-4.37623e-06
6.60552e-05
-8.38705e-06
7.94077e-05
-8.67774e-06
9.6869e-05
4.80804e-06
0.000120484
3.42932e-05
0.000149809
7.10804e-05
0.0001745
0.000108851
0.00018995
0.00014606
0.000196218
0.000185484
0.000194249
0.000229964
0.000181205
0.000275142
0.00015588
0.000308677
0.00012184
0.00032121
8.6137e-05
0.000313833
5.4782e-05
0.000294803
3.099e-05
0.000277133
2.03399e-05
0.000268085
3.30567e-05
0.000282774
8.00053e-05
0.000324679
0.000143884
0.000382697
0.000170395
0.000443587
0.000131577
0.000484242
5.29549e-05
0.000479134
-2.67467e-05
0.000434049
-8.50437e-05
0.000380377
-0.000114855
0.000333632
-0.000125715
0.000295956
-0.000126269
0.000265899
-0.000121145
0.000241933
-0.000112726
0.000222799
-0.000102571
0.000207512
-9.15806e-05
0.000195323
-8.02924e-05
0.000185667
-6.90121e-05
0.000178125
-5.79033e-05
0.00017239
-4.7047e-05
0.000168242
-3.64243e-05
0.000165499
-2.64453e-05
-1.33281e-05
7.77393e-06
3.84645e-05
9.11296e-06
4.23945e-05
1.0397e-05
4.76832e-05
1.18679e-05
5.46883e-05
1.40682e-05
6.38548e-05
1.77755e-05
7.57002e-05
2.43071e-05
9.03372e-05
3.73448e-05
0.000107446
6.09308e-05
0.000126223
9.27741e-05
0.000142656
0.000129216
0.000153509
0.000168045
0.000157388
0.000208269
0.000154024
0.0002468
0.000142674
0.000277995
0.000124686
0.000296944
0.000102891
0.000302455
8.06254e-05
0.00029633
6.09068e-05
0.000281025
4.62956e-05
0.000261461
3.99032e-05
0.000248142
4.63757e-05
0.000259064
6.90841e-05
0.000304998
9.79502e-05
0.000370334
0.000105059
0.000423942
7.79692e-05
0.000445439
3.14578e-05
0.000434426
-1.57335e-05
0.000403246
-5.38639e-05
0.000366794
-7.84026e-05
0.000332317
-9.1239e-05
0.000301982
-9.59334e-05
0.000276077
-9.524e-05
0.000254333
-9.09816e-05
0.000236262
-8.45e-05
0.000221356
-7.66748e-05
0.000209157
-6.80937e-05
0.000199283
-5.91373e-05
0.000191424
-5.00445e-05
0.00018534
-4.09635e-05
0.000180852
-3.19364e-05
0.000177792
-2.33849e-05
-1.19659e-05
1.28694e-05
3.56155e-05
1.5936e-05
3.9328e-05
1.94148e-05
4.42044e-05
2.36432e-05
5.04598e-05
2.91985e-05
5.82993e-05
3.69953e-05
6.79032e-05
4.81398e-05
7.91928e-05
6.38884e-05
9.16981e-05
8.58336e-05
0.000104278
0.000113492
0.000114998
0.000144978
0.000122023
0.000178128
0.000124239
0.000210786
0.000121366
0.00024002
0.00011344
0.000263224
0.000101481
0.000278997
8.71179e-05
0.000287227
7.2395e-05
0.000288706
5.94276e-05
0.000284932
5.00702e-05
0.000278887
4.59478e-05
0.000276933
4.83298e-05
0.000289064
5.69527e-05
0.000320602
6.6413e-05
0.000360307
6.53532e-05
0.000389986
4.82911e-05
0.000400936
2.05077e-05
0.000394407
-9.20476e-06
0.000375818
-3.52751e-05
0.000351726
-5.431e-05
0.000326634
-6.61471e-05
0.000302809
-7.21094e-05
0.000281228
-7.36582e-05
0.000262232
-7.19862e-05
0.000245825
-6.80926e-05
0.000231855
-6.27054e-05
0.000220119
-5.63578e-05
0.000210408
-4.94259e-05
0.000202531
-4.21678e-05
0.000196327
-3.47594e-05
0.000191668
-2.72774e-05
0.000188411
-2.01275e-05
-1.04361e-05
1.75925e-05
3.15298e-05
2.21247e-05
3.47958e-05
2.73317e-05
3.89974e-05
3.35487e-05
4.42427e-05
4.12447e-05
5.06034e-05
5.10738e-05
5.80742e-05
6.37955e-05
6.64711e-05
8.01073e-05
7.53858e-05
0.000100417
8.39672e-05
0.000124328
9.10875e-05
0.000150665
9.56859e-05
0.000177855
9.7049e-05
0.000204258
9.49634e-05
0.000228131
8.95669e-05
0.00024811
8.15027e-05
0.000263391
7.18368e-05
0.000273866
6.19204e-05
0.000280169
5.31249e-05
0.000283618
4.6621e-05
0.000286346
4.32203e-05
0.000291556
4.31195e-05
0.000303153
4.53555e-05
0.000322657
4.69095e-05
0.000344983
4.30267e-05
0.000362058
3.12161e-05
0.00036909
1.34757e-05
0.000365808
-5.92223e-06
0.000354345
-2.38126e-05
0.00033801
-3.79751e-05
0.000319625
-4.77617e-05
0.000301028
-5.35122e-05
0.00028329
-5.59202e-05
0.000266996
-5.56922e-05
0.000252411
-5.35075e-05
0.000239616
-4.99113e-05
0.000228595
-4.53364e-05
0.000219279
-4.01102e-05
0.000211584
-3.44726e-05
0.000205422
-2.85979e-05
0.00020072
-2.25749e-05
0.000197363
-1.67708e-05
-8.79412e-06
2.17338e-05
2.6415e-05
2.74286e-05
2.9101e-05
3.39261e-05
3.25001e-05
4.15151e-05
3.66537e-05
5.05568e-05
4.15617e-05
6.14735e-05
4.71573e-05
7.4696e-05
5.32485e-05
9.05941e-05
5.94875e-05
0.000109246
6.53156e-05
0.000130275
7.00582e-05
0.000152879
7.30815e-05
0.000175997
7.39311e-05
0.000198486
7.24746e-05
0.000219222
6.88313e-05
0.000237298
6.34273e-05
0.000252169
5.69653e-05
0.000263792
5.02973e-05
0.000272646
4.42715e-05
0.000279686
3.95807e-05
0.000286297
3.66093e-05
0.00029415
3.52664e-05
0.00030476
3.47456e-05
0.000318309
3.33605e-05
0.000332365
2.89711e-05
0.000343087
2.04934e-05
0.000347747
8.81642e-06
0.000345857
-4.03296e-06
0.000338278
-1.62334e-05
0.000326726
-2.64226e-05
0.00031293
-3.39662e-05
0.000298247
-3.88292e-05
0.000283623
-4.12963e-05
0.000269683
-4.17524e-05
0.000256806
-4.06298e-05
0.000245201
-3.8307e-05
0.000234973
-3.51084e-05
0.000226158
-3.12947e-05
0.000218752
-2.7067e-05
0.000212733
-2.25787e-05
0.000208073
-1.79151e-05
0.000204689
-1.33872e-05
-7.08611e-06
2.51215e-05
2.04848e-05
3.16934e-05
2.25293e-05
3.91145e-05
2.50789e-05
4.76209e-05
2.81473e-05
5.749e-05
3.16927e-05
6.89863e-05
3.56613e-05
8.2354e-05
3.98809e-05
9.77465e-05
4.40948e-05
0.000115114
4.79474e-05
0.000134144
5.10284e-05
0.000154259
5.29666e-05
0.000174702
5.34889e-05
0.00019466
5.25163e-05
0.00021336
5.01318e-05
0.000230166
4.66213e-05
0.000244714
4.24172e-05
0.000256973
3.80383e-05
0.000267253
3.39916e-05
0.000276166
3.06673e-05
0.000284539
2.82366e-05
0.000293242
2.65637e-05
0.000302867
2.51197e-05
0.00031323
2.29977e-05
0.000322998
1.92031e-05
0.000330226
1.3266e-05
0.000333415
5.62703e-06
0.000332106
-2.72433e-06
0.000326677
-1.08045e-05
0.000318054
-1.77995e-05
0.000307316
-2.32283e-05
0.000295433
-2.69464e-05
0.000283178
-2.90409e-05
0.000271129
-2.97034e-05
0.000259692
-2.91932e-05
0.000249142
-2.7757e-05
0.000239655
-2.56209e-05
0.000231336
-2.29757e-05
0.000224244
-1.99748e-05
0.000218405
-1.67398e-05
0.000213831
-1.33409e-05
0.000210466
-1.00222e-05
-5.34766e-06
2.7678e-05
1.39673e-05
3.48747e-05
1.53326e-05
4.2923e-05
1.70306e-05
5.20302e-05
1.90405e-05
6.23842e-05
2.13387e-05
7.41738e-05
2.38716e-05
8.75301e-05
2.65246e-05
0.000102495
2.91301e-05
0.000118963
3.14795e-05
0.000136659
3.3332e-05
0.00015514
3.44864e-05
0.000173842
3.47864e-05
0.00019217
3.41883e-05
0.000209551
3.27508e-05
0.000225529
3.06432e-05
0.000239835
2.81117e-05
0.000252425
2.54483e-05
0.00026348
2.29362e-05
0.000273365
2.07824e-05
0.000282544
1.9058e-05
0.00029145
1.76577e-05
0.000300291
1.62781e-05
0.000308829
1.44592e-05
0.000316287
1.17459e-05
0.000321596
7.95684e-06
0.000323919
3.30387e-06
0.000322944
-1.74961e-06
0.000318877
-6.73771e-06
0.000312224
-1.1146e-05
0.000303639
-1.46437e-05
0.000293794
-1.71018e-05
0.000283296
-1.85425e-05
0.000272658
-1.90659e-05
0.00026229
-1.88244e-05
0.000252502
-1.7969e-05
0.000243524
-1.66428e-05
0.000235517
-1.49691e-05
0.000228592
-1.30493e-05
0.000222818
-1.09655e-05
0.000218243
-8.76658e-06
0.000214839
-6.61777e-06
-3.53622e-06
2.92379e-05
7.06919e-06
3.68313e-05
7.73918e-06
4.52952e-05
8.56669e-06
5.47871e-05
9.54855e-06
6.54526e-05
1.06731e-05
7.74173e-05
1.19069e-05
9.0746e-05
1.3196e-05
0.000105425
1.4451e-05
0.000121334
1.55711e-05
0.000138226
1.64397e-05
0.000155733
1.6979e-05
0.000173401
1.71183e-05
0.000190755
1.68343e-05
0.00020735
1.61555e-05
0.000222831
1.51623e-05
0.000236974
1.39692e-05
0.000249715
1.27068e-05
0.000261151
1.15003e-05
0.000271496
1.04376e-05
0.000281011
9.54347e-06
0.000289905
8.76327e-06
0.000298224
7.95953e-06
0.000305755
6.92754e-06
0.000312037
5.46411e-06
0.000316584
3.41025e-06
0.000319026
8.61152e-07
0.000319409
-2.13261e-06
0.000317289
-4.6177e-06
0.0003127
-6.55738e-06
0.000305999
-7.94268e-06
0.000297706
-8.80828e-06
0.000288375
-9.21196e-06
0.000278532
-9.22301e-06
0.000268626
-8.91812e-06
0.000259023
-8.36565e-06
0.000250006
-7.62598e-06
0.000241787
-6.74955e-06
0.000234515
-5.77731e-06
0.000228292
-4.74308e-06
0.000223203
-3.67685e-06
0.000219236
-2.65105e-06
-1.39554e-06
3.02393e-05
3.79784e-05
4.65452e-05
5.60939e-05
6.67668e-05
7.86736e-05
9.18699e-05
0.000106321
0.000121892
0.000138332
0.000155311
0.000172429
0.000189264
0.000205419
0.000220582
0.000234551
0.000247258
0.000258758
0.000269196
0.000278739
0.000287502
0.000295462
0.000302389
0.000307853
0.000311264
0.000312125
0.000309992
0.000305374
0.000298817
0.000290874
0.000282066
0.000272854
0.000263631
0.000254713
0.000246347
0.000238721
0.000231972
0.000226195
0.000221452
0.000217775
0.000215124
)
;

boundaryField
{
    leftWall
    {
        type            calculated;
        value           uniform 0;
    }
    rightWall
    {
        type            calculated;
        value           uniform 0;
    }
    lowerWall
    {
        type            calculated;
        value           uniform 0;
    }
    atmosphere
    {
        type            calculated;
        value           nonuniform List<scalar> 
44
(
-0.000131465
-0.000131748
-0.00013138
-0.000130776
-0.000129929
-0.000128832
-0.000127482
-0.000125862
-0.000123961
-0.000121749
-0.000119205
-0.000116295
-0.000112969
-0.000109219
-0.000104959
-0.000100138
-9.47298e-05
-8.86316e-05
-8.17672e-05
-7.40838e-05
-6.55042e-05
-5.60285e-05
-4.56108e-05
-3.25807e-05
-2.14078e-05
-9.62729e-06
8.47623e-06
2.70061e-05
4.58379e-05
6.47596e-05
8.35083e-05
0.000101771
0.000119241
0.000135638
0.000150751
0.000164367
0.00017643
0.000186881
0.000195721
0.000202981
0.000208727
0.000213028
0.000217096
0.000213728
)
;
    }
    frontAndBack
    {
        type            empty;
    }
}


// ************************************************************************* //
