/*--------------------------------*- C++ -*----------------------------------*\
  =========                 |
  \\      /  F ield         | OpenFOAM: The Open Source CFD Toolbox
   \\    /   O peration     | Website:  https://openfoam.org
    \\  /    A nd           | Version:  13
     \\/     M anipulation  |
\*---------------------------------------------------------------------------*/
FoamFile
{
    format      ascii;
    class       volScalarField;
    location    "0.15";
    object      p_rgh;
}
// * * * * * * * * * * * * * * * * * * * * * * * * * * * * * * * * * * * * * //

dimensions      [1 -1 -2 0 0 0 0];

internalField   nonuniform List<scalar> 
2016
(
7.47447
7.46449
7.43876
7.39949
7.4812
7.47113
7.44488
7.40486
7.49478
7.48449
7.45719
7.41565
7.51542
7.50477
7.47583
7.43191
7.54353
7.53234
7.50109
7.45373
7.57972
7.56779
7.53335
7.48122
7.62483
7.6119
7.57308
7.51442
7.67997
7.66567
7.62082
7.55324
7.74661
7.7304
7.67716
7.59733
7.82673
7.80777
7.74267
7.64584
7.92301
7.8999
7.81773
7.69699
8.03913
8.00898
7.90137
7.74638
8.18176
8.13832
7.99066
7.78436
8.36411
8.29515
8.08305
7.79675
8.60028
8.47827
8.16439
7.75536
8.8976
8.65167
8.1612
7.5671
9.32866
8.85388
8.00167
7.08221
10.1676
9.52664
8.2549
6.45853
11.7178
11.1389
9.96418
8.91549
13.7577
13.3733
12.4248
14.4981
15.2782
15.0788
14.7505
15.6098
15.653
15.5077
15.3847
16.1729
15.2516
15.3479
15.0147
15.1773
13.8703
13.8689
13.533
13.9695
14.2415
14.0847
13.8847
14.421
13.6156
13.3448
12.8762
13.7355
11.7603
11.322
10.3271
11.17
9.76812
9.16553
8.00249
6.63775
8.53985
7.92234
6.84439
5.38732
8.01042
7.64296
6.99813
6.23547
7.76704
7.61706
7.25612
6.77904
7.58167
7.51864
7.29333
6.97623
7.42907
7.39433
7.24454
7.02732
7.31259
7.28922
7.18485
7.02935
7.22156
7.20322
7.12588
7.00879
7.14764
7.13171
7.07121
6.9792
7.08786
7.07344
7.0241
6.94908
7.0406
7.0273
6.98554
6.9221
7.00441
6.99199
6.95539
6.89979
6.97816
6.96641
6.93326
6.88284
6.96112
6.9498
6.91878
6.87153
6.9528
6.94167
6.91166
6.8659
7.34713
7.2817
7.20644
7.12326
7.03408
6.94074
6.84492
6.74816
6.65184
6.55715
6.46514
6.37674
6.29276
6.21394
6.14105
6.07433
6.01404
5.96058
5.91415
5.8748
5.8423
5.81622
5.79591
5.78062
5.76951
5.76172
5.75646
5.75301
5.75078
5.74927
5.7481
5.74698
5.74573
5.74429
5.74266
5.74088
5.73902
5.73713
5.73526
5.73342
5.73163
5.72987
7.35158
7.2851
7.20875
7.1245
7.03432
6.94005
6.84338
6.74586
6.64885
6.55353
6.46095
6.372
6.28745
6.20795
6.13394
6.06614
6.0051
5.95116
5.90458
5.86539
5.83339
5.80811
5.78884
5.7747
5.76477
5.75812
5.75389
5.7513
5.74975
5.74875
5.74792
5.74704
5.74596
5.74463
5.74309
5.74136
5.73953
5.73765
5.73576
5.73387
5.73202
5.73004
7.3605
7.29186
7.21331
7.1269
7.03469
6.93854
6.84016
6.7411
6.6427
6.54614
6.45241
6.36241
6.27686
6.1964
6.12159
6.053
5.99122
5.93669
5.88976
5.85055
5.81892
5.7944
5.77621
5.76342
5.75496
5.7498
5.74697
5.74565
5.74518
5.7451
5.74507
5.74488
5.7444
5.74359
5.74248
5.7411
5.7395
5.73775
5.73591
5.73402
5.7321
5.73008
7.3738
7.30182
7.21984
7.13012
7.03479
6.93579
6.83486
6.73351
6.63309
6.53473
6.43941
6.34793
6.26099
6.17916
6.10297
6.03301
5.96987
5.9142
5.86655
5.82724
5.79621
5.77296
5.75659
5.74596
5.73981
5.73694
5.73626
5.73687
5.73811
5.7395
5.74074
5.74164
5.74209
5.74207
5.74159
5.7407
5.73944
5.7379
5.73615
5.73426
5.73229
5.73018
7.39139
7.31465
7.22786
7.13354
7.03396
6.93114
6.8268
6.72249
6.6195
6.51893
6.42166
6.32843
6.23977
6.15616
6.07805
6.00601
5.94077
5.88324
5.83432
5.79465
5.76435
5.74291
5.7292
5.72174
5.71895
5.71939
5.72182
5.72525
5.72894
5.73242
5.73542
5.73778
5.7394
5.74033
5.74059
5.74025
5.73939
5.73808
5.73645
5.73457
5.73254
5.7303
7.41304
7.32983
7.23664
7.13631
7.03129
6.92366
6.81517
6.7073
6.60132
6.49825
6.39886
6.30371
6.21313
6.12736
6.04671
5.97169
5.90327
5.84279
5.79173
5.75128
5.72189
5.70297
5.69305
5.6901
5.69206
5.69711
5.70379
5.71098
5.71789
5.72407
5.72927
5.73339
5.7364
5.73839
5.73947
5.73974
5.73931
5.73828
5.73678
5.73493
5.73283
5.73044
7.43834
7.34657
7.24512
7.13725
7.02562
6.9123
6.79898
6.68708
6.5778
6.47208
6.37055
6.27351
6.18096
6.09275
6.00885
5.92966
5.85645
5.79133
5.73676
5.69487
5.66664
5.65133
5.64682
5.65024
5.65877
5.67007
5.68236
5.69435
5.70524
5.71466
5.72248
5.72865
5.73321
5.73636
5.73829
5.7392
5.73922
5.73848
5.73714
5.73533
5.73315
5.73061
7.46656
7.36365
7.25182
7.13487
7.01555
6.8958
6.77712
6.6608
6.54797
6.43952
6.33598
6.23736
6.14312
6.05243
5.96465
5.87969
5.79932
5.72687
5.66654
5.62216
5.59559
5.58561
5.58883
5.6011
5.61857
5.63817
5.65769
5.67567
5.69135
5.70453
5.71527
5.72369
5.72995
5.73432
5.73714
5.73868
5.73915
5.73871
5.73753
5.73575
5.7335
5.73078
7.49645
7.37921
7.25469
7.12719
6.99934
6.87267
6.74824
6.62711
6.51044
6.39921
6.29402
6.19468
6.09977
6.00719
5.91501
5.82231
5.73114
5.64686
5.57674
5.52806
5.50421
5.50256
5.51701
5.5415
5.57099
5.60144
5.63008
5.65531
5.67659
5.69403
5.708
5.71881
5.72679
5.73239
5.73608
5.73824
5.73913
5.73896
5.73793
5.73618
5.73385
5.73095
7.52591
7.3904
7.25076
7.1116
6.9749
6.84116
6.71069
6.58426
6.46322
6.34897
6.24287
6.14479
6.05184
5.9594
5.8629
5.75976
5.65159
5.54746
5.46041
5.40432
5.3852
5.39706
5.42831
5.46986
5.51548
5.56001
5.59993
5.63377
5.66144
5.68358
5.70099
5.71425
5.72395
5.73072
5.73522
5.73792
5.73918
5.73925
5.73834
5.73661
5.73419
5.73112
7.55134
7.39282
7.23592
7.08487
6.93985
6.79946
6.66274
6.5302
6.40378
6.28562
6.17948
6.0865
6.001
5.91372
5.81493
5.69822
5.56152
5.42138
5.30389
5.23707
5.22848
5.2627
5.31888
5.38444
5.45189
5.51445
5.56802
5.61177
5.64653
5.6737
5.69464
5.71031
5.7216
5.72942
5.73459
5.73774
5.73929
5.73954
5.73871
5.73698
5.73449
5.73125
7.5658
7.37901
7.20399
7.04285
6.89183
6.74605
6.60277
6.46274
6.32906
6.20419
6.09926
6.01842
5.94976
5.87688
5.78108
5.6452
5.46525
5.25612
5.07829
4.99694
5.01492
5.08881
5.18183
5.28177
5.38043
5.46681
5.53647
5.59091
5.63289
5.66508
5.68941
5.70724
5.71988
5.72854
5.73422
5.73769
5.73943
5.73979
5.739
5.73726
5.7347
5.73133
7.55558
7.3355
7.14499
6.97985
6.82854
6.68026
6.52972
6.37905
6.23472
6.09351
5.99611
5.94651
5.91136
5.86612
5.78298
5.6298
5.36776
5.03919
4.74895
4.65226
4.72603
4.86331
5.00694
5.15488
5.29713
5.41514
5.5049
5.57153
5.62113
5.65832
5.68571
5.70528
5.71891
5.72813
5.73406
5.7377
5.73952
5.7399
5.73911
5.73734
5.73475
5.73135
7.50005
7.24352
7.04716
6.89106
6.75002
6.60552
6.44822
6.2797
6.11416
5.92089
5.87828
5.95788
6.02206
6.05862
6.1303
6.04406
5.34369
4.56146
4.12655
4.11661
4.34159
4.58197
4.78972
5.00699
5.21105
5.36819
5.47934
5.55701
5.6132
5.65444
5.68396
5.70459
5.71869
5.72815
5.73398
5.73768
5.73947
5.7398
5.73896
5.73716
5.73457
5.73123
7.36852
7.08439
6.90715
6.78271
6.66676
6.53703
6.39252
6.20605
5.97034
5.6847
5.9708
6.305
6.84262
7.10599
7.25775
6.56337
5.97827
10.3686
6.59483
5.10555
4.35778
5.17801
4.99662
4.81479
5.11663
5.32872
5.46457
5.55042
5.6108
5.65401
5.68423
5.70499
5.719
5.72825
5.73409
5.73756
5.73921
5.73943
5.7385
5.73666
5.73405
5.73075
7.08995
6.83212
6.73475
6.6841
6.61172
6.52275
6.48863
6.54302
6.52735
6.73378
5.77077
6.1344
6.38196
6.72453
7.25021
8.73111
84.1147
110.925
60.4913
4.02068
4.65779
5.19675
5.61011
5.28385
5.01656
5.29825
5.45728
5.5468
5.61154
5.65572
5.68574
5.70603
5.71958
5.72844
5.734
5.73722
5.73868
5.73876
5.73773
5.73581
5.73317
5.72987
6.57239
6.46629
6.56284
6.66812
6.71698
7.15366
8.87635
7.24956
43.74
558.662
1211.93
1445.46
1538.54
1570.61
1304.33
615.458
134.944
22.1511
10.9385
5.55151
4.20002
4.33726
5.03588
5.44149
5.15707
5.26927
5.43657
5.5438
5.61212
5.65701
5.68689
5.70677
5.71991
5.72838
5.73361
5.73657
5.73782
5.73774
5.7366
5.7346
5.73193
5.72861
5.93702
6.10467
6.5258
6.99648
7.32101
9.79097
90.0708
774.054
1416.83
1630.28
1766.98
1893.34
2016.58
2123.79
2216.83
2233.77
1694.86
554.92
39.187
5.622
4.66367
4.14105
4.28885
4.9233
5.15822
5.24706
5.42821
5.53983
5.6108
5.65672
5.68688
5.70669
5.71961
5.7278
5.73278
5.73551
5.73658
5.73636
5.73513
5.73308
5.73038
5.72706
6.36138
5.99451
6.36304
7.30133
9.9773
160.844
900.488
1371.78
1519.55
1652.67
1781.5
1907.73
2031.89
2153.25
2271.12
2382.62
2463.13
1858.4
406.878
5.33789
4.78893
4.92847
4.38051
4.6612
5.01875
5.26277
5.43089
5.53886
5.60934
5.6555
5.68589
5.70578
5.7186
5.72664
5.73145
5.73402
5.73495
5.73465
5.73337
5.7313
5.72862
5.72534
19.6649
11.2083
7.13487
11.3978
157.343
837.688
1260.23
1397.28
1526.59
1654.11
1779.94
1905.39
2030.09
2153.68
2275.32
2390.59
2493.15
2372.6
907.63
18.9607
5.93779
5.66601
4.55661
4.7946
5.05566
5.28296
5.43673
5.53907
5.60806
5.65391
5.68429
5.70421
5.717
5.72495
5.72967
5.73215
5.73302
5.7327
5.73142
5.72939
5.72677
5.72356
35.2488
51.3119
31.9673
131.603
711.78
1131.3
1271.95
1399.64
1527.51
1654.98
1780.84
1905.61
2029.74
2153.2
2275.55
2393.7
2501.96
2577.02
1669.76
217.934
5.44396
5.47278
5.13463
4.89493
5.11216
5.30512
5.44388
5.53966
5.60684
5.65224
5.68239
5.7022
5.71495
5.72285
5.72753
5.72999
5.73087
5.73059
5.72939
5.72744
5.72496
5.72188
23.3406
50.6513
365.826
808.079
1013.9
1147.36
1276.66
1403.8
1529.15
1654.66
1779.96
1904.94
2029.36
2153.12
2276.12
2396.63
2509.4
2609.17
2300.26
632.055
6.43374
5.79153
5.88969
4.97361
5.15871
5.32805
5.45375
5.54187
5.60592
5.65064
5.68039
5.6999
5.71256
5.72044
5.72512
5.72763
5.72859
5.72842
5.72737
5.72559
5.7233
5.72043
28.2914
53.2694
355.942
858.881
1039.81
1158.87
1280.67
1405.56
1530.75
1655.67
1780.17
1904.57
2028.83
2152.56
2275.7
2397
2511.97
2615.27
2514.52
986.29
15.9248
6.55035
6.19391
5.01303
5.19711
5.35104
5.46484
5.5449
5.60519
5.64898
5.67826
5.6974
5.70987
5.71775
5.72251
5.72514
5.72626
5.7263
5.72546
5.72393
5.72191
5.71932
67.0204
65.9475
120.543
634.212
1040.75
1161.64
1281.66
1405.33
1530.51
1655.54
1780.11
1904.6
2028.92
2152.82
2276.33
2398.71
2516.63
2625.33
2700.63
1667.79
157.04
6.0299
6.03776
5.19499
5.22178
5.3647
5.47124
5.54669
5.60436
5.64703
5.67583
5.69462
5.70692
5.71487
5.71979
5.72263
5.72401
5.72432
5.7238
5.72259
5.7209
5.71865
71.5469
72.4796
149.081
668.944
1042.42
1161.8
1281.62
1405.26
1530.32
1655.3
1779.88
1904.38
2028.7
2152.56
2276
2398.3
2516.32
2625.38
2701
1667.94
155.504
5.96925
5.97963
5.16404
5.21005
5.35974
5.46962
5.54535
5.60237
5.64434
5.67266
5.69129
5.70363
5.71178
5.71697
5.72013
5.72185
5.72253
5.72238
5.72157
5.72029
5.71844
27.4359
82.2152
517.312
909.679
1036.75
1156.75
1278.65
1404.29
1529.85
1655.1
1779.87
1904.45
2028.82
2152.66
2275.89
2397.16
2512.11
2615.52
2489.64
978.456
24.8403
6.27053
6.07038
4.97738
5.16698
5.33637
5.45986
5.5408
5.59876
5.64015
5.66804
5.68677
5.69947
5.708
5.71366
5.71731
5.71952
5.7207
5.72107
5.72077
5.71999
5.71866
20.3881
39.1104
200.801
603.529
924.699
1121.44
1266.94
1400.69
1527.88
1654.08
1779.73
1904.67
2028.85
2152.34
2274.97
2394.01
2503.34
2585.4
1749.2
263.472
6.10978
6.30099
5.09237
4.8921
5.09725
5.29943
5.44281
5.53235
5.59193
5.63311
5.66126
5.68063
5.69405
5.70332
5.70973
5.7141
5.71701
5.71887
5.71989
5.72025
5.7201
5.71942
32.0712
44.9745
25.045
10.4856
110.789
779.589
1260.54
1396.77
1526.44
1653.73
1779.44
1904.33
2028.48
2151.54
2273.63
2390.34
2492.36
2368.24
913.096
19.1534
5.96091
5.69968
4.56476
4.76926
5.0739
5.35894
5.41798
5.51625
5.57894
5.62229
5.65212
5.67294
5.68761
5.69798
5.7054
5.71069
5.71445
5.71709
5.71888
5.71997
5.72054
5.72057
16.6383
11.7596
6.34888
5.85818
8.52297
251.015
1014.97
1375.78
1517.28
1648.48
1779.79
1906.65
2031.64
2148
2247.91
2346.74
2364.93
1647.05
360.016
5.5063
4.88211
4.91917
4.38903
4.65266
5.13933
5.4344
5.53353
5.49048
5.55992
5.60796
5.64093
5.6639
5.68028
5.69208
5.70071
5.70707
5.71179
5.71532
5.71793
5.71983
5.72116
5.72196
4.78575
4.61149
5.23578
5.52256
6.58571
6.41556
24.139
531.41
1331.91
1605.52
1748.44
1884.2
2011.04
2128.44
2141.57
1596.96
568.599
85.0856
24.8059
13.187
4.43476
4.1087
4.2404
4.5634
5.01132
5.39284
5.55509
5.46571
5.54192
5.5936
5.62954
5.6546
5.67267
5.68593
5.6958
5.70328
5.70902
5.71347
5.71696
5.7197
5.72182
5.7234
4.76762
4.91835
5.28797
5.6802
5.9574
6.26716
7.6016
9.2019
7.48185
161.039
786.879
1296.15
1503.47
1483.8
698.496
83.1844
19.4356
20.5287
23.3652
11.6089
4.25631
4.44991
4.69901
4.55082
4.84424
5.22855
5.33964
5.45649
5.53258
5.58357
5.62015
5.64629
5.66546
5.67988
5.69087
5.69941
5.70614
5.71152
5.71589
5.71946
5.72238
5.72475
5.7017
5.53493
5.60518
5.76165
5.90786
5.981
5.90886
5.8192
5.82585
5.86105
5.12194
5.78055
6.09558
6.7099
18.062
89.9445
93.0654
29.4073
3.49379
4.18233
5.87883
5.89209
6.16701
4.76499
4.91775
5.18855
5.35408
5.45944
5.52913
5.5771
5.61259
5.63897
5.65881
5.6741
5.68606
5.69555
5.70319
5.70945
5.71465
5.71903
5.72273
5.72586
6.3455
6.07768
5.97148
5.95534
5.96653
5.95604
5.89346
5.76115
5.61396
5.41816
5.42754
5.70762
6.38864
7.03304
6.70263
5.6844
4.9084
3.52479
3.80299
4.33108
4.92621
5.54332
4.95474
4.7825
5.03951
5.2392
5.37229
5.46111
5.52479
5.57066
5.60549
5.63214
5.65263
5.66866
5.68144
5.69176
5.70022
5.70727
5.71324
5.71837
5.7228
5.72664
6.65363
6.39811
6.23422
6.13613
6.07014
6.00744
5.92858
5.82583
5.71746
5.60133
5.51135
5.52886
5.59889
5.5819
5.38312
4.81209
4.33055
4.20433
4.27097
4.40422
4.54944
4.6569
4.78869
4.96182
5.13533
5.27706
5.38296
5.46109
5.52029
5.56523
5.59946
5.62612
5.64708
5.6636
5.67707
5.6881
5.69726
5.70501
5.71167
5.71746
5.72255
5.72703
6.79047
6.57472
6.40493
6.27608
6.1737
6.08275
5.99148
5.89461
5.79481
5.69295
5.59741
5.52519
5.45575
5.34848
5.17955
4.92593
4.68605
4.55924
4.57467
4.66185
4.76274
4.8579
4.96258
5.08397
5.20607
5.31294
5.3996
5.46753
5.52074
5.56263
5.5955
5.62151
5.64237
5.65923
5.67307
5.6846
5.69433
5.70267
5.70993
5.7163
5.72196
5.72702
6.85007
6.67082
6.51195
6.37639
6.25961
6.15448
6.05438
5.95502
5.85554
5.75659
5.66128
5.57259
5.48362
5.37864
5.24656
5.08968
4.94491
4.85756
4.83955
4.8742
4.9355
5.00828
5.09032
5.18044
5.27059
5.35224
5.42163
5.47865
5.52509
5.56294
5.59361
5.61845
5.63876
5.65553
5.66952
5.68135
5.69149
5.70031
5.70806
5.71497
5.72118
5.72674
6.86826
6.71858
6.57554
6.44426
6.32481
6.21452
6.11012
6.00896
5.90983
5.81268
5.71817
5.62638
5.5346
5.43732
5.33125
5.22163
5.12435
5.05841
5.03332
5.04477
5.08121
5.13208
5.19185
5.25743
5.32432
5.38734
5.44327
5.49117
5.53151
5.56528
5.5934
5.61674
5.63622
5.6526
5.66652
5.67847
5.68887
5.69803
5.7062
5.71357
5.72029
5.72641
6.86568
6.73927
6.61204
6.48924
6.37285
6.26266
6.15748
6.05602
5.95744
5.86142
5.76799
5.67703
5.58764
5.49851
5.41001
5.32475
5.25176
5.19971
5.17397
5.17378
5.19381
5.22778
5.27094
5.31975
5.37051
5.41964
5.46472
5.50465
5.53931
5.56911
5.59456
5.6162
5.63463
5.65043
5.66409
5.67601
5.68653
5.69594
5.70445
5.71222
5.71941
5.72608
6.85457
6.74584
6.63229
6.5186
6.40741
6.29977
6.19573
6.095
5.99728
5.90245
5.81061
5.72188
5.63634
5.55421
5.47657
5.40585
5.34645
5.30285
5.27797
5.27181
5.28175
5.30392
5.33465
5.37075
5.40935
5.44786
5.48433
5.51767
5.54744
5.57367
5.59659
5.6165
5.63382
5.64893
5.66221
5.674
5.68455
5.69411
5.70288
5.71099
5.7186
5.72577
6.8409
6.74528
6.6427
6.5372
6.43154
6.32732
6.22534
6.126
6.02953
5.93614
5.84618
5.76006
5.67832
5.60168
5.53135
5.46912
5.41748
5.37886
5.35475
5.34517
5.34859
5.3625
5.3842
5.41111
5.44092
5.47156
5.50144
5.52951
5.55522
5.57838
5.59904
5.61736
5.63358
5.64798
5.66084
5.67242
5.68294
5.69259
5.70154
5.70994
5.7179
5.72548
6.82783
6.74167
6.64745
6.54865
6.44792
6.3471
6.24743
6.14975
6.05469
5.96282
5.87469
5.79094
5.71232
5.63968
5.57414
5.51708
5.47003
5.43432
5.41069
5.399
5.39819
5.4065
5.42188
5.44226
5.46574
5.49063
5.51558
5.5396
5.56209
5.58276
5.60153
5.61847
5.63372
5.64746
5.65991
5.67126
5.6817
5.69139
5.70047
5.70907
5.71732
5.72525
6.81709
6.73748
6.64924
6.55542
6.45856
6.36058
6.26297
6.16684
6.07312
5.9826
5.89603
5.81419
5.73788
5.66799
5.60551
5.55158
5.50722
5.47318
5.44976
5.43671
5.43317
5.43779
5.44893
5.4649
5.48406
5.50497
5.52643
5.54751
5.56763
5.58642
5.60374
5.61959
5.63405
5.64724
5.65933
5.67047
5.68082
5.69051
5.69968
5.70843
5.71688
5.72507
6.80961
6.7341
6.64967
6.5591
6.46484
6.36886
6.27275
6.17782
6.08514
5.99566
5.91024
5.82975
5.75503
5.68681
5.626
5.57369
5.53069
5.49748
5.47418
5.46043
5.45542
5.45794
5.46657
5.4798
5.49618
5.51444
5.53352
5.55259
5.57106
5.58857
5.60492
5.62007
5.63404
5.64691
5.6588
5.66984
5.68016
5.68989
5.69914
5.70802
5.71664
5.72498
6.8058
6.73226
6.64968
6.5607
6.46773
6.37278
6.27747
6.18319
6.09108
6.00216
5.91737
5.83764
5.76394
5.69733
5.63857
5.58804
5.54621
5.5135
5.49001
5.47541
5.46896
5.46961
5.47611
5.48713
5.50141
5.51777
5.53524
5.55303
5.57058
5.58747
5.60347
5.61845
5.63239
5.64533
5.65735
5.66854
5.67902
5.68891
5.69832
5.70736
5.71615
5.72477
)
;

boundaryField
{
    leftWall
    {
        type            fixedFluxPressure;
        gradient        uniform 0;
        value           nonuniform List<scalar> 
46
(
7.47447
7.46449
7.43876
7.39949
7.34713
7.2817
7.20644
7.12326
7.03408
6.94074
6.84492
6.74816
6.65184
6.55715
6.46514
6.37674
6.29276
6.21394
6.14105
6.07433
6.01404
5.96058
5.91415
5.8748
5.8423
5.81622
5.79591
5.78062
5.76951
5.76172
5.75646
5.75301
5.75078
5.74927
5.7481
5.74698
5.74573
5.74429
5.74266
5.74088
5.73902
5.73713
5.73526
5.73342
5.73163
5.72987
)
;
    }
    rightWall
    {
        type            fixedFluxPressure;
        gradient        uniform 0;
        value           nonuniform List<scalar> 
46
(
6.9528
6.94167
6.91166
6.8659
6.8058
6.73226
6.64968
6.5607
6.46773
6.37278
6.27747
6.18319
6.09108
6.00216
5.91737
5.83764
5.76394
5.69733
5.63857
5.58804
5.54621
5.5135
5.49001
5.47541
5.46896
5.46961
5.47611
5.48713
5.50141
5.51777
5.53524
5.55303
5.57058
5.58747
5.60347
5.61845
5.63239
5.64533
5.65735
5.66854
5.67902
5.68891
5.69832
5.70736
5.71615
5.72477
)
;
    }
    lowerWall
    {
        type            fixedFluxPressure;
        gradient        uniform 0;
        value           nonuniform List<scalar> 
52
(
13.8703
13.8689
13.533
13.9695
13.8703
14.2415
13.6156
11.7603
9.76812
8.53985
8.01042
7.76704
7.58167
7.42907
7.31259
7.22156
7.14764
7.08786
7.0406
7.00441
6.97816
6.96112
6.9528
15.2516
15.3479
15.0147
15.1773
7.47447
7.4812
7.49478
7.51542
7.54353
7.57972
7.62483
7.67997
7.74661
7.82673
7.92301
8.03913
8.18176
8.36411
8.60028
8.8976
9.32866
10.1676
11.7178
13.7577
15.2782
15.653
15.2516
67.0204
71.5469
)
;
    }
    atmosphere
    {
        type            prghTotalPressure;
        rho             rho;
        psi             none;
        gamma           1;
        p0              uniform 0;
        value           nonuniform List<scalar> 
44
(
5.72904
5.72904
5.72904
5.72904
5.72904
5.72904
5.72904
5.72904
5.72904
5.72904
5.72904
5.72904
5.72904
5.72902
5.72862
5.72776
5.72651
5.72497
5.72326
5.72151
5.71989
5.71853
5.71756
5.71707
5.71707
5.71756
5.71867
5.7202
5.72198
5.72383
5.72558
5.72706
5.72818
5.72885
5.72904
5.72904
5.72904
5.72904
5.72904
5.72904
5.72904
5.72904
5.72904
5.72904
)
;
        rho             rho;
    }
    frontAndBack
    {
        type            empty;
    }
}


// ************************************************************************* //
