/*--------------------------------*- C++ -*----------------------------------*\
  =========                 |
  \\      /  F ield         | OpenFOAM: The Open Source CFD Toolbox
   \\    /   O peration     | Website:  https://openfoam.org
    \\  /    A nd           | Version:  13
     \\/     M anipulation  |
\*---------------------------------------------------------------------------*/
FoamFile
{
    format      ascii;
    class       surfaceScalarField;
    location    "0.15";
    object      phi;
}
// * * * * * * * * * * * * * * * * * * * * * * * * * * * * * * * * * * * * * //

dimensions      [0 3 -1 0 0 0 0];

internalField   nonuniform List<scalar> 
3938
(
1.00104e-05
-1.00104e-05
2.1874e-05
-1.18636e-05
3.30396e-05
-1.11656e-05
-1.05576e-05
4.35972e-05
1.01907e-05
-2.02011e-05
2.22729e-05
-2.39457e-05
3.36517e-05
-2.25444e-05
-2.13084e-05
4.44026e-05
1.03971e-05
-3.05982e-05
2.27494e-05
-3.62978e-05
3.43694e-05
-3.41643e-05
-3.2264e-05
4.53251e-05
1.07179e-05
-4.13161e-05
2.34959e-05
-4.90757e-05
3.54907e-05
-4.61591e-05
-4.35331e-05
4.67599e-05
1.11713e-05
-5.24873e-05
2.45429e-05
-6.24474e-05
3.7055e-05
-5.86711e-05
-5.52293e-05
4.87512e-05
1.17825e-05
-6.42698e-05
2.5941e-05
-7.6606e-05
3.91294e-05
-7.18596e-05
-6.74751e-05
5.13752e-05
1.25907e-05
-7.68605e-05
2.77693e-05
-9.17848e-05
4.1819e-05
-8.59094e-05
-8.0406e-05
5.475e-05
1.36536e-05
-9.05143e-05
3.01409e-05
-0.000108272
4.52717e-05
-0.00010104
-9.41735e-05
5.90393e-05
1.50597e-05
-0.000105574
3.32237e-05
-0.000126436
4.9706e-05
-0.000117522
-0.000108951
6.44838e-05
1.6937e-05
-0.000122511
3.72563e-05
-0.000146755
5.54328e-05
-0.000135699
-0.00012494
7.14219e-05
1.94805e-05
-0.000141991
4.25913e-05
-0.000169866
6.29165e-05
-0.000156024
-0.000142388
8.03642e-05
2.30028e-05
-0.000164994
4.97713e-05
-0.000196634
7.28954e-05
-0.000179148
-0.000161638
9.21451e-05
2.7981e-05
-0.000192975
5.96144e-05
-0.000228268
8.65818e-05
-0.000206115
-0.000183222
0.000108166
3.50345e-05
-0.00022801
7.30819e-05
-0.000266315
0.000105487
-0.00023852
-0.000207655
0.00012992
4.46525e-05
-0.000272662
9.00244e-05
-0.000311687
0.00012885
-0.000277346
-0.000233669
0.000154863
5.51295e-05
-0.000327792
0.000104964
-0.000361522
0.000146483
-0.000318864
-0.000254885
0.0001677
5.59819e-05
-0.000383774
9.85296e-05
-0.000404069
0.000130745
-0.00035108
-0.000261197
0.000137057
2.56928e-05
-0.000409467
3.50874e-05
-0.000413464
4.44837e-05
-0.000360476
-0.000252555
3.58416e-05
-3.96846e-05
-0.000369782
-8.44681e-05
-0.000368681
-0.000112378
-0.000332566
-0.00024473
-0.000120203
-0.000111947
-0.000257835
-0.000206072
-0.000274555
-0.000253932
-0.000284706
-0.000245592
-0.000253069
-0.000146724
-0.000111111
-0.000268857
-0.000152422
-0.00034685
-0.000206714
-0.00023405
-0.000358393
-0.00010718
-3.93173e-06
-0.000221124
-3.84763e-05
-0.000323293
-0.000104544
-0.000185883
-0.00037146
-3.93216e-06
-4.24087e-05
-0.000146953
-0.000332836
-2.01945e-05
2.01945e-05
-7.1937e-05
5.17422e-05
-0.000181307
0.00010937
0.00017832
-0.000359627
-0.000130022
0.000150216
-0.000255777
0.000177498
-0.000359438
0.00021303
0.000224827
-0.000405945
-0.000151898
0.000302114
-0.000278703
0.000304302
-0.000358663
0.000292991
0.000236269
-0.000370105
-9.74234e-05
0.000399538
-0.000185313
0.000392192
-0.000238511
0.000346189
0.00024448
-0.000246722
-1.28993e-05
0.000412437
-4.19131e-05
0.000421206
-6.70415e-05
0.000371317
0.00025976
-8.23215e-05
5.20312e-05
0.000360405
8.02471e-05
0.00039299
0.000106521
0.000345043
0.000262191
0.00010409
7.05949e-05
0.000289811
0.000127023
0.000336562
0.00017492
0.000297146
0.000240168
0.000196943
5.95723e-05
0.000230238
0.000118058
0.000278076
0.000168535
0.00024667
0.000206754
0.000201949
4.43439e-05
0.000185894
9.43489e-05
0.000228071
0.000137152
0.000203867
0.000175106
0.0001688
3.34125e-05
0.000152482
7.38429e-05
0.00018764
0.000108233
0.000169477
0.000148538
0.000134801
2.63696e-05
0.000126112
5.92608e-05
0.000154749
8.75483e-05
0.00014119
0.000125903
0.000110183
2.18063e-05
0.000104306
4.92474e-05
0.000127308
7.33189e-05
0.000117118
0.000105914
9.33087e-05
1.87799e-05
8.55263e-05
4.23001e-05
0.000103788
6.33251e-05
9.60928e-05
8.78511e-05
8.13875e-05
1.67011e-05
6.88253e-05
3.73881e-05
8.31011e-05
5.61715e-05
7.73094e-05
7.12606e-05
7.27621e-05
1.52424e-05
5.35827e-05
3.38922e-05
6.44514e-05
5.10349e-05
6.01668e-05
5.57939e-05
6.65018e-05
1.42201e-05
3.93626e-05
3.14368e-05
4.72349e-05
4.74045e-05
4.41991e-05
4.11614e-05
6.20371e-05
1.35127e-05
2.585e-05
2.97566e-05
3.09912e-05
4.49169e-05
2.9039e-05
2.71159e-05
5.89624e-05
1.30649e-05
1.27854e-05
2.8725e-05
1.53312e-05
4.33942e-05
1.43699e-05
1.34363e-05
5.70739e-05
1.27854e-05
2.81167e-05
4.24866e-05
5.59228e-05
5.42925e-05
-1.06953e-05
6.44046e-05
-1.0112e-05
7.3857e-05
-9.45235e-06
8.25878e-05
-8.7308e-06
9.05541e-05
-7.96625e-06
9.77277e-05
-7.17376e-06
0.000104092
-6.36394e-06
0.000109637
-5.54534e-06
0.000114362
-4.72488e-06
0.000118269
-3.90671e-06
0.000121363
-3.09426e-06
0.00012365
-2.28717e-06
0.000125134
-1.48359e-06
0.000125806
-6.72663e-07
0.000125634
1.72361e-07
0.000124568
1.06615e-06
0.000122604
1.96375e-06
0.000119764
2.83988e-06
0.000116095
3.66863e-06
0.000111672
4.42255e-06
0.000106602
5.07065e-06
0.000101018
5.58343e-06
9.50797e-05
5.93865e-06
8.89517e-05
6.12791e-06
8.27949e-05
6.15682e-06
7.67533e-05
6.04151e-06
7.09417e-05
5.81164e-06
6.54403e-05
5.50111e-06
6.03007e-05
5.13973e-06
5.55489e-05
4.75194e-06
5.11926e-05
4.35602e-06
4.72293e-05
3.96346e-06
4.36521e-05
3.57727e-06
4.04533e-05
3.19865e-06
3.76298e-05
2.82361e-06
3.51813e-05
2.44856e-06
3.31083e-05
2.073e-06
3.14085e-05
1.69976e-06
3.00747e-05
1.33403e-06
2.90912e-05
9.83455e-07
2.84232e-05
6.68065e-07
3.03743e-07
5.52812e-05
-2.15738e-05
6.55573e-05
-2.0388e-05
7.51561e-05
-1.90511e-05
8.40164e-05
-1.75912e-05
9.20968e-05
-1.60467e-05
9.93712e-05
-1.44483e-05
0.000105825
-1.28173e-05
0.00011145
-1.11708e-05
0.000116248
-9.52267e-06
0.000120223
-7.88143e-06
0.000123383
-6.25432e-06
0.000125737
-4.64166e-06
0.000127298
-3.04414e-06
0.000128082
-1.45766e-06
0.000128141
1.14112e-07
0.000127533
1.6736e-06
0.000126267
3.22937e-06
0.000124335
4.77198e-06
0.00012173
6.27327e-06
0.000118464
7.68896e-06
0.000114567
8.96753e-06
0.000110093
1.00574e-05
0.000105117
1.0915e-05
9.97281e-05
1.15163e-05
9.40282e-05
1.18565e-05
8.81264e-05
1.19431e-05
8.21394e-05
1.17989e-05
7.61811e-05
1.14594e-05
7.03552e-05
1.09653e-05
6.47516e-05
1.03557e-05
5.94438e-05
9.66374e-06
5.44904e-05
8.91679e-06
4.99376e-05
8.13032e-06
4.5816e-05
7.32025e-06
4.21454e-05
6.49415e-06
3.89356e-05
5.6585e-06
3.6187e-05
4.82173e-06
3.38911e-05
3.99573e-06
3.20314e-05
3.19402e-06
3.05881e-05
2.42682e-06
2.9524e-05
1.73219e-06
8.13022e-07
5.63842e-05
-3.26328e-05
6.68045e-05
-3.08082e-05
7.6513e-05
-2.87597e-05
8.54522e-05
-2.65305e-05
9.35853e-05
-2.41798e-05
0.000100891
-2.17542e-05
0.000107359
-1.92854e-05
0.000112987
-1.67984e-05
0.000117778
-1.43136e-05
0.00012174
-1.1844e-05
0.000124887
-9.4008e-06
0.00012723
-6.98508e-06
0.000128784
-4.59807e-06
0.000129557
-2.23131e-06
0.000129548
1.23601e-07
0.000128746
2.475e-06
0.00012715
4.82623e-06
0.00012476
7.1616e-06
0.000121594
9.439e-06
0.000117694
1.15887e-05
0.000113134
1.35273e-05
0.000108018
1.51732e-05
0.000102471
1.64628e-05
9.66201e-05
1.73668e-05
9.05887e-05
1.78878e-05
8.44885e-05
1.80431e-05
7.8422e-05
1.78652e-05
7.24825e-05
1.7399e-05
6.67524e-05
1.66953e-05
6.13018e-05
1.58061e-05
5.61881e-05
1.47777e-05
5.14569e-05
1.36482e-05
4.71449e-05
1.24425e-05
4.32755e-05
1.11897e-05
3.98612e-05
9.90844e-06
3.69044e-05
8.6154e-06
3.4399e-05
7.32703e-06
3.23331e-05
6.06174e-06
3.06888e-05
4.83832e-06
2.94463e-05
3.66942e-06
2.85717e-05
2.60695e-06
1.2185e-06
5.80933e-05
-4.39662e-05
6.87299e-05
-4.14448e-05
7.86012e-05
-3.86309e-05
8.76563e-05
-3.55856e-05
9.58668e-05
-3.23903e-05
0.00010322
-2.91073e-05
0.000109712
-2.57772e-05
0.000115345
-2.24316e-05
0.000120128
-1.90966e-05
0.000124073
-1.57893e-05
0.000127198
-1.25256e-05
0.000129521
-9.30784e-06
0.000131059
-6.13654e-06
0.000131823
-2.99522e-06
0.000131808
1.38663e-07
0.000130995
3.28769e-06
0.000129358
6.46313e-06
0.00012687
9.64993e-06
0.000123517
1.27914e-05
0.000119323
1.57829e-05
0.000114358
1.84919e-05
0.000108745
2.07866e-05
0.000102642
2.25653e-05
9.62254e-05
2.37836e-05
8.96615e-05
2.44514e-05
8.31003e-05
2.46044e-05
7.66685e-05
2.4297e-05
7.04699e-05
2.35977e-05
6.45861e-05
2.25794e-05
5.9077e-05
2.13152e-05
5.39838e-05
1.9871e-05
4.93329e-05
1.8299e-05
4.51425e-05
1.66328e-05
4.14188e-05
1.49133e-05
3.81587e-05
1.31683e-05
3.53521e-05
1.1422e-05
3.29842e-05
9.69495e-06
3.10382e-05
8.00799e-06
2.94947e-05
6.38153e-06
2.83343e-05
4.82992e-06
2.75261e-05
3.41538e-06
1.58393e-06
6.04517e-05
-5.56667e-05
7.13714e-05
-5.23644e-05
8.14495e-05
-4.8709e-05
9.06477e-05
-4.47837e-05
9.89511e-05
-4.06938e-05
0.000106359
-3.65156e-05
0.000112878
-3.22959e-05
0.000118516
-2.80696e-05
0.000123286
-2.38667e-05
0.000127206
-1.97086e-05
0.000130298
-1.56179e-05
0.00013259
-1.15999e-05
0.000134109
-7.65539e-06
0.000134871
-3.75681e-06
0.000134869
1.39965e-07
0.000134073
4.08414e-06
0.000132427
8.10844e-06
0.000129871
1.22058e-05
0.000126353
1.63094e-05
0.000121873
2.02637e-05
0.000116503
2.38612e-05
0.000110392
2.6898e-05
0.000103736
2.92213e-05
9.67515e-05
3.0768e-05
8.96442e-05
3.15587e-05
8.25924e-05
3.16563e-05
7.57421e-05
3.11473e-05
6.92066e-05
3.01329e-05
6.30701e-05
2.87157e-05
5.73891e-05
2.69963e-05
5.21962e-05
2.50642e-05
4.75053e-05
2.29902e-05
4.332e-05
2.08182e-05
3.96336e-05
1.86e-05
3.64308e-05
1.63711e-05
3.36911e-05
1.41618e-05
3.13917e-05
1.19942e-05
2.95109e-05
9.88864e-06
2.80277e-05
7.86476e-06
2.69215e-05
5.93603e-06
2.6165e-05
4.17187e-06
1.91365e-06
6.35364e-05
-6.78278e-05
7.47987e-05
-6.36266e-05
8.51164e-05
-5.90266e-05
9.44721e-05
-5.41395e-05
0.000102873
-4.9095e-05
0.000110337
-4.39797e-05
0.000116881
-3.88399e-05
0.00012252
-3.37082e-05
0.000127269
-2.86152e-05
0.000131147
-2.35872e-05
0.000134187
-1.86574e-05
0.000136428
-1.3841e-05
0.000137915
-9.14255e-06
0.00013868
-4.52185e-06
0.000138721
9.89737e-08
0.000137988
4.81751e-06
0.000136381
9.71525e-06
0.000133783
1.48038e-05
0.000130077
2.00152e-05
0.000125224
2.51168e-05
0.000119307
2.97779e-05
0.000112523
3.36819e-05
0.000105134
3.66106e-05
9.74132e-05
3.84884e-05
8.9618e-05
3.93539e-05
8.19631e-05
3.93111e-05
7.46124e-05
3.84981e-05
6.76814e-05
3.70639e-05
6.12484e-05
3.51488e-05
5.53611e-05
3.28836e-05
5.00414e-05
3.03836e-05
4.52899e-05
2.77414e-05
4.1095e-05
2.50129e-05
3.74364e-05
2.22587e-05
3.42876e-05
1.95199e-05
3.16176e-05
1.68318e-05
2.93947e-05
1.42174e-05
2.75904e-05
1.16929e-05
2.6181e-05
9.27424e-06
2.51447e-05
6.97237e-06
2.44578e-05
4.85882e-06
2.19269e-06
6.74652e-05
-8.05429e-05
7.91181e-05
-7.52794e-05
8.96896e-05
-6.95981e-05
9.91987e-05
-6.36486e-05
0.000107688
-5.7584e-05
0.000115199
-5.14912e-05
0.000121763
-4.54035e-05
0.000127396
-3.93409e-05
0.00013211
-3.33296e-05
0.000135924
-2.74015e-05
0.000138876
-2.16093e-05
0.000141027
-1.59916e-05
0.000142454
-1.05693e-05
0.000143223
-5.29162e-06
0.000143353
-3.08293e-08
0.000142771
5.39956e-06
0.000141311
1.11756e-05
0.000138748
1.73663e-05
0.000134861
2.39016e-05
0.000129541
3.04373e-05
0.000122888
3.64311e-05
0.000115191
4.13784e-05
0.000106817
4.49848e-05
9.81193e-05
4.71856e-05
8.94252e-05
4.80479e-05
8.10029e-05
4.77332e-05
7.30391e-05
4.64617e-05
6.56457e-05
4.4457e-05
5.8882e-05
4.19123e-05
5.2775e-05
3.89908e-05
4.73304e-05
3.58286e-05
4.2532e-05
3.25402e-05
3.83482e-05
2.91969e-05
3.47406e-05
2.58662e-05
3.16704e-05
2.259e-05
2.90955e-05
1.94068e-05
2.69739e-05
1.6339e-05
2.52699e-05
1.33968e-05
2.39555e-05
1.05885e-05
2.30085e-05
7.91959e-06
2.24102e-05
5.45725e-06
2.40754e-06
7.23973e-05
-9.39007e-05
8.4465e-05
-8.73471e-05
9.5272e-05
-8.04052e-05
0.000104899
-7.32759e-05
0.000113444
-6.61287e-05
0.000120983
-5.90305e-05
0.000127559
-5.19788e-05
0.000133181
-4.49634e-05
0.000137848
-3.79968e-05
0.000141565
-3.11181e-05
0.000144373
-2.44174e-05
0.000146366
-1.79848e-05
0.00014768
-1.18832e-05
0.000148449
-6.06074e-06
0.000148744
-3.25706e-07
0.000148482
5.66121e-06
0.000147375
1.22829e-05
0.000145014
1.97266e-05
0.000140985
2.79304e-05
0.000135069
3.63534e-05
0.00012742
4.40803e-05
0.000118491
5.03076e-05
0.000108808
5.46676e-05
9.88343e-05
5.7159e-05
8.89889e-05
5.78935e-05
7.96099e-05
5.71122e-05
7.09076e-05
5.5164e-05
6.29838e-05
5.23811e-05
5.58661e-05
4.90301e-05
4.95442e-05
4.53128e-05
4.39957e-05
4.13767e-05
3.9181e-05
3.73548e-05
3.50434e-05
3.33347e-05
3.15229e-05
2.93869e-05
2.85653e-05
2.55478e-05
2.61168e-05
2.18552e-05
2.41261e-05
1.83299e-05
2.25487e-05
1.49741e-05
2.13523e-05
1.17849e-05
2.05137e-05
8.75835e-06
2.00211e-05
5.94979e-06
2.54856e-06
7.856e-05
-0.000107977
9.10238e-05
-9.9811e-05
0.000101993
-9.13749e-05
0.000111655
-8.29377e-05
0.000120193
-7.46661e-05
0.000127729
-6.65675e-05
0.000134313
-5.85624e-05
0.000139933
-5.05833e-05
0.000144551
-4.26146e-05
0.000148131
-3.46982e-05
0.000150709
-2.69956e-05
0.000152431
-1.97075e-05
0.000153542
-1.2994e-05
0.000154307
-6.82477e-06
0.000154893
-9.123e-07
0.00015523
5.32374e-06
0.000154865
1.26477e-05
0.000153058
2.15341e-05
0.000148977
3.20113e-05
0.000142225
4.31059e-05
0.000133157
5.31481e-05
0.000122543
6.09219e-05
0.000111112
6.60985e-05
9.94588e-05
6.88121e-05
8.81442e-05
6.9208e-05
7.76107e-05
6.76456e-05
6.80756e-05
6.46987e-05
5.95872e-05
6.08689e-05
5.211e-05
5.65073e-05
4.55877e-05
5.18351e-05
3.997e-05
4.69946e-05
3.51855e-05
4.21394e-05
3.11447e-05
3.73756e-05
2.77604e-05
3.2771e-05
2.49598e-05
2.83485e-05
2.26768e-05
2.41383e-05
2.08501e-05
2.01567e-05
1.94279e-05
1.63964e-05
1.8373e-05
1.28399e-05
1.76616e-05
9.46988e-06
1.72901e-05
6.32134e-06
2.61174e-06
8.62601e-05
-0.000122815
9.90217e-05
-0.000112573
0.000109988
-0.000102341
0.000119527
-9.24765e-05
0.000127955
-8.30942e-05
0.000135454
-7.40668e-05
0.000142064
-6.5172e-05
0.000147731
-5.62506e-05
0.000152351
-4.72347e-05
0.000155778
-3.81255e-05
0.000158
-2.92171e-05
0.000159244
-2.0952e-05
0.000159957
-1.37068e-05
0.000160669
-7.53726e-06
0.000161742
-1.98518e-06
0.000163199
3.86708e-06
0.000164206
1.16404e-05
0.000163521
2.22189e-05
0.000159522
3.60102e-05
0.000151543
5.10852e-05
0.000140394
6.42965e-05
0.00012745
7.3866e-05
0.000113695
7.98533e-05
9.98576e-05
8.26496e-05
8.6693e-05
8.23726e-05
7.47483e-05
7.95902e-05
6.42373e-05
7.52099e-05
5.51589e-05
6.99474e-05
4.73771e-05
6.42893e-05
4.07401e-05
5.84722e-05
3.51416e-05
5.2593e-05
3.04702e-05
4.68108e-05
2.6603e-05
4.12429e-05
2.34249e-05
3.59492e-05
2.08411e-05
3.09324e-05
1.87727e-05
2.62069e-05
1.71493e-05
2.17801e-05
1.59128e-05
1.7633e-05
1.50224e-05
1.37306e-05
1.44548e-05
1.00377e-05
1.42155e-05
6.56076e-06
2.59925e-06
9.59538e-05
-0.000138404
0.000108782
-0.000125401
0.000119436
-0.000112995
0.000128599
-0.00010164
0.000136792
-9.1287e-05
0.000144258
-8.15333e-05
0.000151002
-7.19157e-05
0.00015691
-6.21591e-05
0.000161782
-5.2106e-05
0.000165167
-4.1511e-05
0.000166884
-3.0934e-05
0.000167296
-2.1364e-05
0.000167204
-1.36147e-05
0.000167626
-7.95933e-06
0.000169359
-3.71836e-06
0.000172722
5.03771e-07
0.000176425
7.93717e-06
0.000177717
2.09264e-05
0.000173509
4.02193e-05
0.000163311
6.12827e-05
0.000149147
7.84609e-05
0.000133104
8.99091e-05
0.000116251
9.67061e-05
9.95492e-05
9.93509e-05
8.41397e-05
9.7782e-05
7.07016e-05
9.30283e-05
5.92962e-05
8.66151e-05
4.96908e-05
7.95529e-05
4.162e-05
7.236e-05
3.49103e-05
6.51818e-05
2.94177e-05
5.80858e-05
2.49646e-05
5.1264e-05
2.13755e-05
4.48323e-05
1.84966e-05
3.88282e-05
1.62061e-05
3.32228e-05
1.44128e-05
2.80004e-05
1.30383e-05
2.31547e-05
1.20198e-05
1.86516e-05
1.13147e-05
1.44361e-05
1.09026e-05
1.04499e-05
1.07995e-05
6.66395e-06
2.51896e-06
0.000108381
-0.00015464
0.000120812
-0.000137832
0.000130609
-0.000122791
0.000139001
-0.000110032
0.000146829
-9.91147e-05
0.000154397
-8.91017e-05
0.000161596
-7.91145e-05
0.000168225
-6.87889e-05
0.000174038
-5.79188e-05
0.000177756
-4.52284e-05
0.000178819
-3.1998e-05
0.000177938
-2.04822e-05
0.000176459
-1.21363e-05
0.000176216
-7.71633e-06
0.000178959
-6.46153e-06
0.000185191
-5.72789e-06
0.000194464
-1.3354e-06
0.000199606
1.57847e-05
0.000194167
4.5658e-05
0.000179064
7.63858e-05
0.000159806
9.77181e-05
0.000139555
0.000110161
0.000118639
0.000117622
9.8138e-05
0.000119852
7.98562e-05
0.000116064
6.46395e-05
0.000108245
5.23633e-05
9.88911e-05
4.24715e-05
8.94448e-05
3.44063e-05
8.04252e-05
2.78726e-05
7.17155e-05
2.26736e-05
6.3285e-05
1.85965e-05
5.53414e-05
1.54252e-05
4.80035e-05
1.29658e-05
4.12876e-05
1.10616e-05
3.51269e-05
9.61498e-06
2.94471e-05
8.5415e-06
2.42283e-05
7.77536e-06
1.9418e-05
7.27406e-06
1.49376e-05
7.0214e-06
1.07026e-05
7.04472e-06
6.6406e-06
2.38455e-06
0.000124688
-0.000171162
0.000135711
-0.000148855
0.00014354
-0.00013062
0.000150331
-0.000116823
0.000157424
-0.000106208
0.000165153
-9.68308e-05
0.000172983
-8.69441e-05
0.000180526
-7.63323e-05
0.00018823
-6.56225e-05
0.000192165
-4.91639e-05
0.000191433
-3.12659e-05
0.000188511
-1.75608e-05
0.000185032
-8.65658e-06
0.000183621
-6.30523e-06
0.000187486
-1.03264e-05
0.000199949
-1.81913e-05
0.000220908
-2.22943e-05
0.00023413
2.56247e-06
0.000225833
5.39545e-05
0.000202504
9.97153e-05
0.000175394
0.000124828
0.000147689
0.000137865
0.000118827
0.000146483
9.19412e-05
0.000146739
7.02925e-05
0.000137712
5.41635e-05
0.000124374
4.22021e-05
0.000110853
3.28943e-05
9.87528e-05
2.53872e-05
8.79325e-05
1.94101e-05
7.76926e-05
1.47805e-05
6.79147e-05
1.13059e-05
5.8816e-05
8.73519e-06
5.05743e-05
6.84896e-06
4.31738e-05
5.43344e-06
3.65426e-05
4.41211e-06
3.04686e-05
3.6934e-06
2.49471e-05
3.21318e-06
1.98985e-05
2.93236e-06
1.52184e-05
2.8341e-06
1.08009e-05
2.93835e-06
6.53644e-06
2.21403e-06
0.000145428
-0.000186669
0.000152603
-0.00015603
0.0001559
-0.000133918
0.000158958
-0.000119881
0.000163805
-0.000111055
0.000170227
-0.000103253
0.000176291
-9.30078e-05
0.000181944
-8.19853e-05
0.000191353
-7.50316e-05
0.000191165
-4.89759e-05
0.000182592
-2.26937e-05
0.000174179
-9.1473e-06
0.000167068
-1.54597e-06
0.000161701
-9.38508e-07
0.000161941
-1.05661e-05
0.000186139
-4.23889e-05
0.000228655
-6.4811e-05
0.000246986
-1.57686e-05
0.000240432
6.05091e-05
0.000214641
0.000125506
0.00019009
0.000149379
0.000166223
0.000161732
0.000134804
0.000177902
9.97042e-05
0.000181839
6.89526e-05
0.000168464
4.68844e-05
0.000146442
3.23711e-05
0.000125366
2.22397e-05
0.000108884
1.48549e-05
9.53173e-05
9.50209e-06
8.30453e-05
5.68129e-06
7.17356e-05
3.06372e-06
6.14338e-05
1.28011e-06
5.2358e-05
6.31413e-08
4.43908e-05
-6.5427e-07
3.72601e-05
-1.10883e-06
3.09231e-05
-1.37037e-06
2.52087e-05
-1.48585e-06
2.00141e-05
-1.4944e-06
1.52269e-05
-1.42531e-06
1.07317e-05
-1.29018e-06
6.4014e-06
2.0967e-06
0.000165435
-0.000197241
0.000163777
-0.000154372
0.000157631
-0.000127772
0.000152827
-0.000115077
0.000151898
-0.000110126
0.000151194
-0.000102549
0.000145718
-8.75314e-05
0.000141421
-7.76885e-05
0.000148742
-8.23522e-05
0.000130265
-3.04987e-05
0.000108235
-6.63361e-07
9.30987e-05
5.98846e-06
7.68849e-05
1.4668e-05
6.14593e-05
1.44871e-05
5.48212e-05
-3.92801e-06
6.18337e-05
-4.94014e-05
3.57268e-05
-3.87039e-05
2.87547e-05
-8.79638e-06
7.57624e-05
1.35013e-05
0.000105232
9.60359e-05
0.000118202
0.000136409
0.000120771
0.000159163
0.000111112
0.000187561
8.87001e-05
0.000204251
6.06863e-05
0.000196477
3.69188e-05
0.00017021
2.00833e-05
0.000142202
8.9141e-06
0.000120053
2.03592e-06
0.000102196
-2.20913e-06
8.72902e-05
-4.65966e-06
7.41863e-05
-6.0075e-06
6.27819e-05
-6.65419e-06
5.30047e-05
-6.85839e-06
4.4595e-05
-6.83289e-06
3.72345e-05
-6.65053e-06
3.07407e-05
-6.38988e-06
2.49482e-05
-6.10113e-06
1.97255e-05
-5.82359e-06
1.49494e-05
-5.5908e-06
1.0499e-05
-5.41752e-06
6.2282e-06
2.01527e-06
0.000166126
-0.000195667
0.000149257
-0.000137503
0.000127947
-0.000106462
0.000110853
-9.79821e-05
9.94099e-05
-9.86826e-05
8.22559e-05
-8.53956e-05
5.00333e-05
-5.53087e-05
2.52775e-05
-5.29324e-05
5.39172e-06
-6.24666e-05
-3.16606e-05
6.55353e-06
-5.04037e-05
1.80799e-05
-6.09145e-05
1.64991e-05
-6.25853e-05
1.63389e-05
-6.74928e-05
1.93945e-05
-9.2913e-05
2.14921e-05
-0.000157447
1.51324e-05
-0.000203174
7.02301e-06
-0.000209184
-2.7867e-06
-0.000182229
-1.3453e-05
-9.4356e-05
8.16242e-06
-1.93363e-05
6.1389e-05
1.94786e-05
0.000120348
3.3894e-05
0.000173146
3.26984e-05
0.000205446
2.18109e-05
0.000207365
7.53914e-06
0.000184481
-4.05358e-06
0.000153795
-1.08801e-05
0.00012688
-1.44263e-05
0.000105742
-1.59682e-05
8.88321e-05
-1.62462e-05
7.44645e-05
-1.58173e-05
6.23532e-05
-1.50298e-05
5.22172e-05
-1.40886e-05
4.36538e-05
-1.3125e-05
3.62707e-05
-1.22054e-05
2.98211e-05
-1.13751e-05
2.41181e-05
-1.06632e-05
1.90137e-05
-1.00932e-05
1.43795e-05
-9.68178e-06
1.00877e-05
-9.42523e-06
5.97175e-06
1.9219e-06
0.0001187
-0.000177309
8.42806e-05
-0.000103084
4.69365e-05
-6.91183e-05
1.58838e-05
-6.69293e-05
-1.57198e-05
-6.70788e-05
-5.58235e-05
-4.52916e-05
-0.000102127
-9.00527e-06
-0.0001772
2.21412e-05
-0.00025676
1.70933e-05
-0.000262655
1.24482e-05
-0.00025486
1.02853e-05
-0.000248115
9.75382e-06
-0.000242564
1.07878e-05
-0.00023618
1.30102e-05
-0.000230357
1.56693e-05
-0.000232793
1.75685e-05
-0.000241953
1.61829e-05
-0.000247536
2.79653e-06
-0.000242779
-1.82102e-05
-0.000208514
-2.61021e-05
-0.00014859
1.46462e-06
-9.30608e-05
6.48188e-05
-6.24967e-05
0.000142582
-5.03301e-05
0.00019328
-4.40734e-05
0.000201108
-4.04472e-05
0.000180855
-3.84398e-05
0.000151787
-3.64762e-05
0.000124916
-3.41437e-05
0.000103409
-3.14361e-05
8.61245e-05
-2.86578e-05
7.16863e-05
-2.60077e-05
5.9703e-05
-2.35601e-05
4.97697e-05
-2.13483e-05
4.14421e-05
-1.93916e-05
3.4314e-05
-1.77011e-05
2.81309e-05
-1.62814e-05
2.26987e-05
-1.5131e-05
1.78633e-05
-1.42492e-05
1.34977e-05
-1.36302e-05
9.46869e-06
-1.32551e-05
5.59663e-06
1.79331e-06
9.79361e-06
-0.000151261
-2.91795e-05
-6.41108e-05
-7.60501e-05
-2.22478e-05
-0.000121375
-2.16047e-05
-0.000170139
-1.83142e-05
-0.000235764
2.03328e-05
-0.000279474
3.47053e-05
-0.000282018
2.46855e-05
-0.000279961
1.50354e-05
-0.000275778
8.26558e-06
-0.000271247
5.75393e-06
-0.00026778
6.28735e-06
-0.000264686
7.69319e-06
-0.000260507
8.83137e-06
-0.000254922
1.0085e-05
-0.000249341
1.19875e-05
-0.000246645
1.34867e-05
-0.000254244
1.03957e-05
-0.000267147
-5.30773e-06
-0.000270896
-2.23527e-05
-0.000248127
-2.13051e-05
-0.000199772
1.64642e-05
-0.000152737
9.5547e-05
-0.000126014
0.000166556
-0.000107922
0.000183017
-8.98087e-05
0.000162742
-7.40423e-05
0.000136021
-6.22677e-05
0.000113142
-5.37579e-05
9.48995e-05
-4.67455e-05
7.91122e-05
-4.08603e-05
6.58012e-05
-3.59946e-05
5.48373e-05
-3.18762e-05
4.56514e-05
-2.83855e-05
3.79515e-05
-2.54382e-05
3.13667e-05
-2.2981e-05
2.56739e-05
-2.0973e-05
2.06908e-05
-1.93807e-05
1.6271e-05
-1.81778e-05
1.22949e-05
-1.73369e-05
8.62771e-06
-1.68307e-05
5.09039e-06
1.62425e-06
-0.000130646
-0.000140819
-0.000160502
-3.42545e-05
-0.000198872
1.61226e-05
-0.000236851
1.6374e-05
-0.00028855
3.33847e-05
-0.000305882
3.76651e-05
-0.000296123
2.49457e-05
-0.000283639
1.22021e-05
-0.000272906
4.3017e-06
-0.000267225
2.58459e-06
-0.000265553
4.08267e-06
-0.000264771
5.50464e-06
-0.000262899
5.82165e-06
-0.000259928
5.86004e-06
-0.000256351
6.50834e-06
-0.000252314
7.95048e-06
-0.000248477
9.64935e-06
-0.000248093
1.00124e-05
-0.000258452
5.05098e-06
-0.000269162
-1.16428e-05
-0.000269453
-2.10145e-05
-0.000250566
-2.42275e-06
-0.000212125
5.71058e-05
-0.000176341
0.000130773
-0.000150876
0.000157552
-0.000125603
0.000137469
-0.000101668
0.000112086
-8.353e-05
9.50043e-05
-7.0554e-05
8.19236e-05
-6.03969e-05
6.89552e-05
-5.20029e-05
5.74072e-05
-4.51999e-05
4.80345e-05
-3.95898e-05
4.00415e-05
-3.49163e-05
3.3278e-05
-3.10442e-05
2.74947e-05
-2.78648e-05
2.24945e-05
-2.52987e-05
1.81246e-05
-2.32831e-05
1.42552e-05
-2.17679e-05
1.07797e-05
-2.07078e-05
7.56767e-06
-2.00735e-05
4.45606e-06
1.41653e-06
-0.000248378
-0.00014551
-0.000250284
-3.23493e-05
-0.000265651
3.14904e-05
-0.000292209
4.29311e-05
-0.000300348
4.15241e-05
-0.000290845
2.81619e-05
-0.000279572
1.36724e-05
-0.000271179
3.8091e-06
-0.000267528
6.51369e-07
-0.000266813
1.86957e-06
-0.000266378
3.6474e-06
-0.000265053
4.1797e-06
-0.000263157
3.9256e-06
-0.000261109
3.81216e-06
-0.00025872
4.11962e-06
-0.000255695
4.92463e-06
-0.000252478
6.43239e-06
-0.000250597
8.13166e-06
-0.000252945
7.39867e-06
-0.000261561
-3.02663e-06
-0.000268737
-1.38384e-05
-0.000264005
-7.15429e-06
-0.000237831
3.09315e-05
-0.0002007
9.36417e-05
-0.000170865
0.000127716
-0.000145662
0.000112266
-0.000120623
8.7048e-05
-9.97876e-05
7.41687e-05
-8.39076e-05
6.60436e-05
-7.17347e-05
5.67825e-05
-6.16263e-05
4.72988e-05
-5.32349e-05
3.96432e-05
-4.63889e-05
3.31956e-05
-4.06956e-05
2.75846e-05
-3.60152e-05
2.28144e-05
-3.21956e-05
1.86749e-05
-2.91298e-05
1.50587e-05
-2.67305e-05
1.18559e-05
-2.4928e-05
8.97721e-06
-2.3666e-05
6.30563e-06
-2.2916e-05
3.70603e-06
1.17464e-06
-0.000320851
-0.000183052
-0.000310472
-4.27279e-05
-0.000305205
2.62236e-05
-0.000302673
4.0399e-05
-0.000292302
3.11526e-05
-0.000280843
1.6703e-05
-0.000272122
4.95126e-06
-0.000267883
-4.2952e-07
-0.000266995
-2.36881e-07
-0.000266988
1.86243e-06
-0.000266306
2.96556e-06
-0.00026492
2.79447e-06
-0.000263415
2.42042e-06
-0.000261961
2.35759e-06
-0.000260332
2.49069e-06
-0.000258371
2.96408e-06
-0.000256124
4.18547e-06
-0.000254038
6.04495e-06
-0.00025361
6.97075e-06
-0.00025904
2.40412e-06
-0.000263853
-9.02562e-06
-0.000262067
-8.94005e-06
-0.000244546
1.34098e-05
-0.000211834
6.09299e-05
-0.000179685
9.55672e-05
-0.000155463
8.80448e-05
-0.000133006
6.45912e-05
-0.000112076
5.32385e-05
-9.44168e-05
4.83846e-05
-8.06555e-05
4.30212e-05
-6.94156e-05
3.6059e-05
-5.98537e-05
3.00814e-05
-5.20078e-05
2.53496e-05
-4.55125e-05
2.10893e-05
-4.01702e-05
1.74721e-05
-3.58229e-05
1.43276e-05
-3.23388e-05
1.15746e-05
-2.96141e-05
9.1313e-06
-2.75648e-05
6.92795e-06
-2.61295e-05
4.87033e-06
-2.52823e-05
2.85873e-06
9.04301e-07
-0.000348911
-0.0002056
-0.000331087
-6.05527e-05
-0.000315071
1.02084e-05
-0.000295394
2.07221e-05
-0.000280414
1.61717e-05
-0.000271493
7.78281e-06
-0.00026808
1.53773e-06
-0.00026787
-6.39e-07
-0.000268113
6.05174e-09
-0.000267494
1.24297e-06
-0.000266262
1.73353e-06
-0.000265041
1.57381e-06
-0.000264013
1.3921e-06
-0.000263011
1.35625e-06
-0.000261886
1.36508e-06
-0.000260488
1.56669e-06
-0.000258574
2.2712e-06
-0.000256069
3.53997e-06
-0.000253595
4.49606e-06
-0.000253678
2.4873e-06
-0.00025676
-5.94295e-06
-0.000257403
-8.2975e-06
-0.000247686
3.69335e-06
-0.00022117
3.44136e-05
-0.000187936
6.23336e-05
-0.000161751
6.18598e-05
-0.000140929
4.37694e-05
-0.000120773
3.30821e-05
-0.000102362
2.99743e-05
-8.73316e-05
2.79904e-05
-7.5243e-05
2.39705e-05
-6.49152e-05
1.97536e-05
-5.62882e-05
1.67227e-05
-4.92129e-05
1.4014e-05
-4.33739e-05
1.1633e-05
-3.863e-05
9.58361e-06
-3.48265e-05
7.77107e-06
-3.18494e-05
6.15425e-06
-2.96059e-05
4.68452e-06
-2.80345e-05
3.29886e-06
-2.71117e-05
1.9359e-06
6.11753e-07
-0.000311578
-0.000226858
-0.000315998
-5.61324e-05
-0.000298858
-6.93202e-06
-0.000283289
5.15333e-06
-0.000272488
5.3703e-06
-0.000267801
3.09577e-06
-0.00026727
1.00689e-06
-0.000268021
1.12024e-07
-0.000268101
8.62915e-08
-0.000267284
4.25985e-07
-0.000266152
6.01708e-07
-0.000265125
5.4707e-07
-0.000264172
4.38683e-07
-0.00026315
3.33864e-07
-0.000261997
2.12243e-07
-0.000260612
1.81468e-07
-0.000258809
4.68439e-07
-0.000256581
1.31219e-06
-0.000254646
2.561e-06
-0.000254942
2.7836e-06
-0.000259028
-1.85665e-06
-0.000264119
-3.20671e-06
-0.000259345
-1.08096e-06
-0.000235867
1.09356e-05
-0.000199467
2.5934e-05
-0.000167263
2.96553e-05
-0.000144721
2.12274e-05
-0.000125636
1.39975e-05
-0.000107857
1.21957e-05
-9.20797e-05
1.22128e-05
-7.90541e-05
1.09449e-05
-6.8248e-05
8.94745e-06
-5.91717e-05
7.64644e-06
-5.17033e-05
6.54558e-06
-4.55532e-05
5.48292e-06
-4.05492e-05
4.57952e-06
-3.65342e-05
3.75608e-06
-3.3386e-05
3.00598e-06
-3.10083e-05
2.30677e-06
-2.93419e-05
1.63247e-06
-2.83663e-05
9.60279e-07
3.03208e-07
-0.000217916
-8.94223e-06
-0.00027015
-3.8979e-06
-0.000274949
-2.13294e-06
-0.000267962
-1.83382e-06
-0.00026086
-1.73199e-06
-0.000256429
-1.33528e-06
-0.000254489
-9.33162e-07
-0.000253759
-6.1839e-07
-0.000253243
-4.29195e-07
-0.000252485
-3.32471e-07
-0.000251586
-2.96388e-07
-0.000250757
-2.8282e-07
-0.000250033
-2.84782e-07
-0.000249383
-3.16723e-07
-0.000248782
-3.88104e-07
-0.000248108
-4.92482e-07
-0.000247027
-6.13216e-07
-0.000244999
-7.14903e-07
-0.000241753
-6.85889e-07
-0.000238466
-5.03181e-07
-0.000240017
-3.05827e-07
-0.000242982
-2.41387e-07
-0.000242706
-1.35635e-06
-0.000228433
-3.33841e-06
-0.000197402
-5.09632e-06
-0.000162663
-5.0837e-06
-0.000137538
-3.89751e-06
-0.000120066
-3.47441e-06
-0.000104417
-3.45288e-06
-8.93478e-05
-2.85677e-06
-7.63471e-05
-2.05572e-06
-6.59177e-05
-1.48199e-06
-5.72099e-05
-1.06135e-06
-4.99593e-05
-7.05193e-07
-4.40329e-05
-4.43706e-07
-3.91985e-05
-2.54906e-07
-3.53177e-05
-1.24796e-07
-3.22686e-05
-4.32304e-08
-2.99605e-05
-1.30878e-09
-2.8341e-05
1.29375e-08
-2.73935e-05
1.28647e-08
3.37581e-09
-0.000219409
0.000210467
-0.000270942
4.76353e-05
-0.000275229
2.15345e-06
-0.000267749
-9.31333e-06
-0.00026025
-9.23141e-06
-0.000255793
-5.79239e-06
-0.000254056
-2.66972e-06
-0.000253549
-1.12617e-06
-0.000253163
-8.14715e-07
-0.000252459
-1.03619e-06
-0.000251559
-1.19653e-06
-0.00025071
-1.13196e-06
-0.000249983
-1.01224e-06
-0.00024935
-9.48903e-07
-0.000248787
-9.51604e-07
-0.000248164
-1.11572e-06
-0.000247112
-1.66485e-06
-0.000245036
-2.79118e-06
-0.000241688
-4.03318e-06
-0.000238495
-3.6962e-06
-0.000240201
1.3997e-06
-0.000244314
3.87207e-06
-0.000244523
-1.14745e-06
-0.000230065
-1.77962e-05
-0.00019846
-3.67013e-05
-0.000163344
-4.01998e-05
-0.000137764
-2.94773e-05
-0.000119801
-2.14379e-05
-0.00010385
-1.94036e-05
-8.87568e-05
-1.79501e-05
-7.58845e-05
-1.49281e-05
-6.55429e-05
-1.18237e-05
-5.69203e-05
-9.68414e-06
-4.97511e-05
-7.87458e-06
-4.38845e-05
-6.31042e-06
-3.90982e-05
-5.04133e-06
-3.52545e-05
-3.96846e-06
-3.22347e-05
-3.0631e-06
-2.99501e-05
-2.28582e-06
-2.83491e-05
-1.58801e-06
-2.74136e-05
-9.22572e-07
-2.92047e-07
-0.00034667
0.000197511
-0.000354789
5.57542e-05
-0.000336669
-1.59664e-05
-0.000316639
-2.93439e-05
-0.000302637
-2.32332e-05
-0.000296567
-1.18623e-05
-0.000295856
-3.38077e-06
-0.000297004
2.14048e-08
-0.000297494
-3.24055e-07
-0.000296823
-1.70789e-06
-0.000295659
-2.35992e-06
-0.000294599
-2.19179e-06
-0.000293671
-1.94088e-06
-0.00029267
-1.94933e-06
-0.000291456
-2.16642e-06
-0.000289845
-2.7264e-06
-0.000287551
-3.95894e-06
-0.000284454
-5.88779e-06
-0.000281185
-7.30255e-06
-0.000281106
-3.77527e-06
-0.000288096
8.39038e-06
-0.000294584
1.03597e-05
-0.000291852
-3.87918e-06
-0.000268316
-4.13319e-05
-0.00022865
-7.63673e-05
-0.000190608
-7.82418e-05
-0.000161219
-5.88667e-05
-0.000137556
-4.51015e-05
-0.00011735
-3.96095e-05
-0.000100049
-3.52508e-05
-8.60126e-05
-2.89647e-05
-7.43507e-05
-2.34858e-05
-6.46136e-05
-1.94215e-05
-5.66114e-05
-1.58769e-05
-5.0016e-05
-1.29059e-05
-4.4645e-05
-1.04123e-05
-4.03298e-05
-8.28363e-06
-3.6944e-05
-6.44876e-06
-3.43892e-05
-4.8405e-06
-3.26038e-05
-3.37334e-06
-3.15623e-05
-1.96404e-06
-6.20283e-07
-0.000381617
0.000173183
-0.000366229
4.03658e-05
-0.000350748
-3.14468e-05
-0.000329871
-5.02208e-05
-0.000314526
-3.85788e-05
-0.000304466
-2.19214e-05
-0.000299077
-8.77042e-06
-0.000297552
-1.50362e-06
-0.000297468
-4.07411e-07
-0.000296969
-2.20732e-06
-0.000295734
-3.59448e-06
-0.000294315
-3.61164e-06
-0.000293022
-3.23377e-06
-0.000291655
-3.31643e-06
-0.000289875
-3.94586e-06
-0.00028749
-5.11139e-06
-0.000284598
-6.85099e-06
-0.000281953
-8.53256e-06
-0.000281527
-7.72899e-06
-0.000288751
3.44841e-06
-0.000296639
1.62793e-05
-0.000300797
1.45173e-05
-0.000289941
-1.47353e-05
-0.00025904
-7.22329e-05
-0.000221172
-0.000114236
-0.000187028
-0.000112385
-0.000155126
-9.07694e-05
-0.000128498
-7.17298e-05
-0.00010838
-5.97271e-05
-9.25923e-05
-5.10388e-05
-7.98589e-05
-4.16982e-05
-6.91086e-05
-3.42362e-05
-6.02346e-05
-2.82956e-05
-5.29281e-05
-2.31834e-05
-4.69e-05
-1.89339e-05
-4.19871e-05
-1.53251e-05
-3.80374e-05
-1.22333e-05
-3.49399e-05
-9.5461e-06
-3.26074e-05
-7.17284e-06
-3.09801e-05
-5.00051e-06
-3.00301e-05
-2.91398e-06
-9.19707e-07
-0.000327645
0.000130723
-0.000314016
2.67365e-05
-0.000319988
-2.54747e-05
-0.000337928
-3.2281e-05
-0.000338649
-3.78582e-05
-0.000325496
-3.50736e-05
-0.000310845
-2.34222e-05
-0.000300474
-1.18743e-05
-0.000296199
-4.68193e-06
-0.000295655
-2.75169e-06
-0.000295582
-3.66728e-06
-0.000294542
-4.65185e-06
-0.00029286
-4.91622e-06
-0.000290907
-5.2694e-06
-0.000288256
-6.59673e-06
-0.000284535
-8.83217e-06
-0.000280521
-1.08652e-05
-0.000278482
-1.05717e-05
-0.00028272
-3.49036e-06
-0.000295085
1.58127e-05
-0.000304724
2.59184e-05
-0.000301147
1.09404e-05
-0.0002734
-4.24819e-05
-0.000231248
-0.000114385
-0.000195342
-0.000150142
-0.000165974
-0.000141753
-0.00013661
-0.000120133
-0.000112207
-9.6133e-05
-9.47654e-05
-7.71689e-05
-8.17325e-05
-6.40716e-05
-7.07987e-05
-5.2632e-05
-6.15675e-05
-4.34673e-05
-5.40013e-05
-3.58618e-05
-4.76878e-05
-2.94966e-05
-4.24728e-05
-2.41488e-05
-3.81992e-05
-1.95986e-05
-3.47523e-05
-1.568e-05
-3.20438e-05
-1.22544e-05
-3.00055e-05
-9.21096e-06
-2.85849e-05
-6.42107e-06
-2.77535e-05
-3.7454e-06
-1.18217e-06
-0.000250289
0.00013429
-0.000261286
3.77334e-05
-0.000281568
-5.19252e-06
-0.00030774
-6.10893e-06
-0.000341223
-4.37534e-06
-0.000335721
-4.05754e-05
-0.00032374
-3.54037e-05
-0.000312449
-2.31654e-05
-0.000302649
-1.44816e-05
-0.000296904
-8.49702e-06
-0.000294695
-5.8763e-06
-0.000293628
-5.71882e-06
-0.000291776
-6.76799e-06
-0.000288892
-8.15334e-06
-0.000285274
-1.02142e-05
-0.000280864
-1.3243e-05
-0.000276558
-1.51711e-05
-0.000276628
-1.05017e-05
-0.000289856
9.73754e-06
-0.000297133
2.30904e-05
-0.000291613
2.03983e-05
-0.000265961
-1.47122e-05
-0.000222062
-8.63802e-05
-0.000179532
-0.000156915
-0.000149264
-0.00018041
-0.00012576
-0.000165257
-0.000105959
-0.000139934
-9.00559e-05
-0.000112036
-7.72679e-05
-8.99567e-05
-6.75563e-05
-7.37832e-05
-5.92327e-05
-6.09555e-05
-5.21309e-05
-5.05689e-05
-4.61842e-05
-4.18083e-05
-4.11506e-05
-3.45301e-05
-3.69399e-05
-2.83594e-05
-3.34539e-05
-2.30845e-05
-3.06199e-05
-1.85139e-05
-2.83808e-05
-1.44933e-05
-2.6693e-05
-1.08987e-05
-2.55173e-05
-7.59683e-06
-2.4827e-05
-4.43571e-06
-1.40035e-06
-0.000103488
0.000155456
-0.000132881
6.71262e-05
-0.000159027
2.09533e-05
-0.00017207
6.9347e-06
-0.000181039
4.59377e-06
-0.000235155
1.35405e-05
-0.000307732
3.71734e-05
-0.000316897
-1.40004e-05
-0.000311286
-2.00931e-05
-0.000305751
-1.40315e-05
-0.000299724
-1.19031e-05
-0.00029393
-1.15128e-05
-0.000288552
-1.21459e-05
-0.000282937
-1.37683e-05
-0.000277193
-1.59587e-05
-0.000272366
-1.807e-05
-0.000274369
-1.3168e-05
-0.000282967
-1.90337e-06
-0.000284071
1.08407e-05
-0.000271266
1.0286e-05
-0.000235472
-1.53957e-05
-0.000187431
-6.27534e-05
-0.000146594
-0.000127217
-0.000118994
-0.000184515
-9.98438e-05
-0.00019956
-8.40184e-05
-0.000181083
-7.35026e-05
-0.00015045
-6.57555e-05
-0.000119783
-5.8375e-05
-9.73372e-05
-5.18954e-05
-8.02626e-05
-4.63369e-05
-6.65139e-05
-4.15216e-05
-5.53841e-05
-3.73036e-05
-4.60261e-05
-3.36743e-05
-3.81594e-05
-3.05724e-05
-3.14613e-05
-2.79624e-05
-2.56945e-05
-2.58113e-05
-2.06649e-05
-2.40941e-05
-1.62105e-05
-2.27924e-05
-1.22004e-05
-2.18852e-05
-8.50407e-06
-2.13511e-05
-4.96975e-06
-1.56861e-06
7.99559e-05
0.00017959
4.60757e-05
0.000101006
1.27529e-05
5.4276e-05
-1.34748e-05
3.31626e-05
-4.05939e-05
3.17129e-05
-7.39046e-05
4.68512e-05
-9.94328e-05
6.27016e-05
-0.000159839
4.64061e-05
-0.000244611
6.46782e-05
-0.000298208
3.95662e-05
-0.000290357
-1.97543e-05
-0.000274841
-2.70285e-05
-0.000262469
-2.4518e-05
-0.000256663
-1.95748e-05
-0.000263665
-8.95621e-06
-0.000273747
-7.98855e-06
-0.000280252
-6.66262e-06
-0.000271073
-1.10827e-05
-0.000229567
-3.06648e-05
-0.000170807
-4.84741e-05
-0.000110678
-7.55249e-05
-7.2256e-05
-0.000101176
-5.38788e-05
-0.000145595
-4.58849e-05
-0.000192508
-4.40916e-05
-0.000201354
-4.38683e-05
-0.000181306
-4.33092e-05
-0.000151009
-4.12061e-05
-0.000121886
-3.86151e-05
-9.9928e-05
-3.56541e-05
-8.32235e-05
-3.28205e-05
-6.93473e-05
-3.02449e-05
-5.79596e-05
-2.78267e-05
-4.84443e-05
-2.56333e-05
-4.03529e-05
-2.36791e-05
-3.34155e-05
-2.19776e-05
-2.73961e-05
-2.05372e-05
-2.21052e-05
-1.93629e-05
-1.73848e-05
-1.84597e-05
-1.31036e-05
-1.78267e-05
-9.13714e-06
-1.74522e-05
-5.34415e-06
-1.68479e-06
0.000191938
0.000184595
0.000169501
0.000123444
0.000141295
8.2482e-05
0.000114032
6.0425e-05
9.24341e-05
5.3311e-05
8.08042e-05
5.84811e-05
7.25136e-05
7.09923e-05
4.44167e-05
7.45032e-05
2.90382e-05
8.00569e-05
5.88772e-06
6.27166e-05
-2.92966e-05
1.54301e-05
-5.4556e-05
-1.76884e-06
-7.83644e-05
-7.09358e-07
-0.000123336
2.53968e-05
-0.000187399
5.51071e-05
-0.000220543
2.51557e-05
-0.000219673
-7.53331e-06
-0.000187941
-4.28146e-05
-9.80922e-05
-0.000120513
-2.85085e-05
-0.000118058
2.61493e-06
-0.000106648
2.60909e-05
-0.000124652
3.91844e-05
-0.000158688
3.51688e-05
-0.000188493
1.96486e-05
-0.000185833
2.43426e-06
-0.000164092
-9.2913e-06
-0.000139283
-1.47061e-05
-0.000116472
-1.73992e-05
-9.72349e-05
-1.86389e-05
-8.19837e-05
-1.89104e-05
-6.90758e-05
-1.86583e-05
-5.82116e-05
-1.80876e-05
-4.90151e-05
-1.73398e-05
-4.11008e-05
-1.65327e-05
-3.42226e-05
-1.57353e-05
-2.81934e-05
-1.50006e-05
-2.28399e-05
-1.43636e-05
-1.80219e-05
-1.385e-05
-1.36172e-05
-1.34778e-05
-9.50935e-06
-1.32491e-05
-5.57272e-06
-1.75518e-06
0.000213396
0.000173148
0.000206822
0.000130017
0.000191527
9.77777e-05
0.000174619
7.73322e-05
0.000160999
6.69321e-05
0.000154894
6.45856e-05
0.000157586
6.82997e-05
0.00016062
7.14699e-05
0.000167417
7.32599e-05
0.00016337
6.67633e-05
0.000134883
4.39165e-05
0.000104442
2.86717e-05
7.71717e-05
2.65609e-05
7.16193e-05
3.09491e-05
8.08801e-05
4.58463e-05
8.09326e-05
2.51032e-05
0.000100934
-2.75342e-05
0.000139287
-8.11674e-05
0.000131516
-0.000112743
0.000125855
-0.000112397
0.000127565
-0.000108358
0.000129772
-0.000126859
0.000123148
-0.000152065
9.78762e-05
-0.000163221
6.7639e-05
-0.000155596
4.1717e-05
-0.00013817
2.24238e-05
-0.00011999
9.86385e-06
-0.000103912
2.20498e-06
-8.9576e-05
-2.73853e-06
-7.70402e-05
-5.64156e-06
-6.61728e-05
-7.4123e-06
-5.64409e-05
-8.48061e-06
-4.79469e-05
-9.06595e-06
-4.05155e-05
-9.34927e-06
-3.39393e-05
-9.42804e-06
-2.81146e-05
-9.37951e-06
-2.28884e-05
-9.26316e-06
-1.81383e-05
-9.11989e-06
-1.37604e-05
-8.98062e-06
-9.64854e-06
-8.86081e-06
-5.69247e-06
-1.80795e-06
0.00018672
0.000155228
0.000191051
0.000125687
0.000187387
0.000101441
0.000180857
8.3862e-05
0.000175162
7.26275e-05
0.000173093
6.66545e-05
0.000176923
6.44699e-05
0.000184903
6.34897e-05
0.000196074
6.2089e-05
0.000205339
5.74988e-05
0.00020235
4.69051e-05
0.000194188
3.68345e-05
0.000190232
3.05165e-05
0.000196013
2.5168e-05
0.000221896
1.99633e-05
0.000244049
2.95027e-06
0.000246433
-2.99177e-05
0.00023098
-6.57141e-05
0.00020731
-8.90732e-05
0.000193071
-9.81579e-05
0.000187514
-0.000102801
0.000174268
-0.000113613
0.000147694
-0.000125491
0.00011348
-0.000129006
8.14511e-05
-0.000123568
5.67345e-05
-0.000113453
3.88258e-05
-0.000102081
2.60034e-05
-9.10892e-05
1.70919e-05
-8.06645e-05
1.07883e-05
-7.07366e-05
6.19184e-06
-6.15763e-05
2.94502e-06
-5.31941e-05
5.98543e-07
-4.56004e-05
-1.10467e-06
-3.88122e-05
-2.29801e-06
-3.27459e-05
-3.14171e-06
-2.72709e-05
-3.72523e-06
-2.23049e-05
-4.10537e-06
-1.77581e-05
-4.32822e-06
-1.35374e-05
-4.42041e-06
-9.55627e-06
-4.38249e-06
-5.73036e-06
-1.8995e-06
0.000153382
0.000136647
0.000163078
0.000115991
0.000166703
9.78161e-05
0.000167285
8.32806e-05
0.000167286
7.26264e-05
0.000168565
6.53757e-05
0.000172456
6.05784e-05
0.000179053
5.68935e-05
0.000188037
5.31046e-05
0.000197608
4.79277e-05
0.000203841
4.06725e-05
0.000207965
3.27102e-05
0.000213335
2.51469e-05
0.000221225
1.7278e-05
0.000233467
7.72071e-06
0.000243375
-6.95768e-06
0.000241516
-2.80587e-05
0.000226756
-5.0954e-05
0.000206555
-6.8872e-05
0.000188083
-7.96861e-05
0.000171851
-8.65687e-05
0.000151994
-9.37563e-05
0.000127086
-0.000100583
0.000101551
-0.00010347
7.94828e-05
-0.0001015
6.19236e-05
-9.58939e-05
4.81456e-05
-8.83031e-05
3.72196e-05
-8.01632e-05
2.85705e-05
-7.20153e-05
2.17671e-05
-6.39331e-05
1.63882e-05
-5.61975e-05
1.22057e-05
-4.90116e-05
8.98598e-06
-4.23807e-05
6.5016e-06
-3.63278e-05
4.57558e-06
-3.08199e-05
3.09725e-06
-2.57926e-05
1.97793e-06
-2.11855e-05
1.15584e-06
-1.69359e-05
5.97029e-07
-1.29785e-05
2.90679e-07
-9.24986e-06
2.51822e-07
-5.69149e-06
-2.00872e-06
0.000128031
0.000118799
0.000140069
0.000103952
0.000147675
9.02104e-05
0.000152553
7.84025e-05
0.000156283
6.88965e-05
0.000160116
6.1543e-05
0.000164882
5.58124e-05
0.000170836
5.09401e-05
0.000177825
4.61148e-05
0.000185095
4.06585e-05
0.000191514
3.42525e-05
0.000197075
2.71493e-05
0.000202533
1.96892e-05
0.000208241
1.15701e-05
0.000213953
2.0091e-06
0.000217061
-1.00657e-05
0.000213788
-2.47866e-05
0.000203339
-4.0505e-05
0.000188772
-5.43049e-05
0.000173504
-6.44179e-05
0.000158464
-7.15286e-05
0.000142083
-7.73752e-05
0.000123712
-8.22125e-05
0.000104832
-8.45897e-05
8.70982e-05
-8.37665e-05
7.15564e-05
-8.0352e-05
5.85228e-05
-7.52695e-05
4.76469e-05
-6.92872e-05
3.85739e-05
-6.29423e-05
3.11418e-05
-5.65011e-05
2.51249e-05
-5.01805e-05
2.02769e-05
-4.41635e-05
1.63944e-05
-3.84981e-05
1.32912e-05
-3.32247e-05
1.0816e-05
-2.83446e-05
8.85947e-06
-2.38361e-05
7.33884e-06
-1.96649e-05
6.19454e-06
-1.57915e-05
5.3899e-06
-1.21738e-05
4.90912e-06
-8.76906e-06
4.77215e-06
-5.55453e-06
-2.06696e-06
0.000110341
0.000101766
0.00012339
9.09031e-05
0.00013316
8.04405e-05
0.000140617
7.09462e-05
0.000146744
6.27693e-05
0.000152369
5.59181e-05
0.000158057
5.01247e-05
0.000164042
4.49548e-05
0.000170241
3.9916e-05
0.000176313
3.45866e-05
0.000181832
2.87331e-05
0.000186651
2.23307e-05
0.000190909
1.54306e-05
0.000194623
7.8561e-06
0.000197312
-6.79216e-07
0.000197809
-1.05637e-05
0.000194592
-2.15695e-05
0.00018708
-3.29927e-05
0.000176256
-4.34817e-05
0.000163834
-5.19953e-05
0.000150796
-5.84912e-05
0.000136943
-6.3522e-05
0.000121949
-6.72181e-05
0.000106423
-6.90636e-05
9.14357e-05
-6.87796e-05
7.77403e-05
-6.66565e-05
6.56314e-05
-6.31606e-05
5.51404e-05
-5.87961e-05
4.61905e-05
-5.39924e-05
3.86619e-05
-4.89725e-05
3.23784e-05
-4.38969e-05
2.71514e-05
-3.89365e-05
2.28297e-05
-3.41765e-05
1.92789e-05
-2.96739e-05
1.63808e-05
-2.54466e-05
1.40411e-05
-2.14964e-05
1.21865e-05
-1.78102e-05
1.07621e-05
-1.4367e-05
9.73054e-06
-1.11422e-05
9.07e-06
-8.1085e-06
8.78389e-06
-5.26841e-06
-2.05104e-06
9.76253e-05
8.55286e-05
0.000111022
7.75069e-05
0.000121933
6.95296e-05
0.000130895
6.19835e-05
0.000138508
5.51565e-05
0.000145308
4.9118e-05
0.000151686
4.37476e-05
0.000157836
3.88043e-05
0.000163754
3.39985e-05
0.00016928
2.90601e-05
0.000174204
2.3809e-05
0.000178385
1.81497e-05
0.00018177
1.20456e-05
0.000184216
5.40945e-06
0.0001854
-1.86274e-06
0.000184654
-9.8187e-06
0.000181374
-1.82891e-05
0.000175244
-2.68633e-05
0.000166633
-3.48705e-05
0.000156347
-4.17093e-05
0.000145018
-4.71616e-05
0.000132823
-5.13272e-05
0.000119868
-5.42636e-05
0.000106615
-5.58106e-05
9.36913e-05
-5.58556e-05
8.15831e-05
-5.45483e-05
7.05917e-05
-5.21691e-05
6.08207e-05
-4.90251e-05
5.22348e-05
-4.54065e-05
4.47769e-05
-4.15145e-05
3.83742e-05
-3.74942e-05
3.29211e-05
-3.34834e-05
2.8311e-05
-2.95664e-05
2.44442e-05
-2.58072e-05
2.12304e-05
-2.22329e-05
1.85926e-05
-1.88585e-05
1.6468e-05
-1.56855e-05
1.48074e-05
-1.27063e-05
1.35737e-05
-9.90842e-06
1.27408e-05
-7.27557e-06
1.22993e-05
-4.82685e-06
-1.9519e-06
8.82482e-05
7.00426e-05
0.000101632
6.41229e-05
0.00011308
5.8082e-05
0.000122878
5.21852e-05
0.00013138
4.66546e-05
0.000138924
4.15739e-05
0.000145773
3.68991e-05
0.000152076
3.2501e-05
0.000157864
2.82108e-05
0.000163068
2.3856e-05
0.000167571
1.93061e-05
0.000171251
1.44688e-05
0.000173997
9.29991e-06
0.00017565
3.75659e-06
0.000175971
-2.18469e-06
0.00017464
-8.48762e-06
0.000171364
-1.50134e-05
0.000166003
-2.15017e-05
0.00015872
-2.75878e-05
0.000149928
-3.29177e-05
0.000140053
-3.72858e-05
0.000129375
-4.06492e-05
0.000118114
-4.30026e-05
0.000106597
-4.42945e-05
9.52427e-05
-4.45007e-05
8.44069e-05
-4.37124e-05
7.43329e-05
-4.20951e-05
6.51524e-05
-3.98445e-05
5.69084e-05
-3.71625e-05
4.96009e-05
-3.4207e-05
4.32001e-05
-3.10934e-05
3.76448e-05
-2.79281e-05
3.28638e-05
-2.47855e-05
2.87864e-05
-2.17299e-05
2.53464e-05
-1.87929e-05
2.2484e-05
-1.59959e-05
2.01473e-05
-1.33487e-05
1.82933e-05
-1.08522e-05
1.68871e-05
-8.50216e-06
1.59008e-05
-6.28912e-06
1.53157e-05
-4.24171e-06
-1.769e-06
8.13264e-05
5.52181e-05
9.45338e-05
5.09155e-05
0.000106181
4.64349e-05
0.000116409
4.19568e-05
0.000125419
3.76449e-05
0.000133416
3.35766e-05
0.000140571
2.97439e-05
0.000146991
2.60811e-05
0.000152711
2.24911e-05
0.000157701
1.88656e-05
0.00016189
1.51165e-05
0.000165184
1.11745e-05
0.000167477
7.00663e-06
0.000168641
2.59263e-06
0.000168519
-2.06297e-06
0.000166936
-6.90406e-06
0.000163751
-1.18291e-05
0.000158915
-1.66656e-05
0.00015253
-2.12022e-05
0.000144832
-2.52202e-05
0.000136111
-2.85649e-05
0.000126627
-3.11655e-05
0.000116621
-3.29961e-05
0.000106366
-3.40392e-05
9.61661e-05
-3.43011e-05
8.62975e-05
-3.38438e-05
7.69732e-05
-3.27706e-05
6.8333e-05
-3.12043e-05
6.04453e-05
-2.92747e-05
5.33339e-05
-2.70955e-05
4.69976e-05
-2.47571e-05
4.14109e-05
-2.23415e-05
3.65342e-05
-1.99088e-05
3.23207e-05
-1.75164e-05
2.87237e-05
-1.51958e-05
2.56976e-05
-1.29697e-05
2.32005e-05
-1.08515e-05
2.11952e-05
-8.84684e-06
1.96494e-05
-6.95625e-06
1.85352e-05
-5.17483e-06
1.78276e-05
-3.53412e-06
-1.50943e-06
7.63233e-05
4.09319e-05
8.93087e-05
3.79302e-05
0.000100987
3.47565e-05
0.000111415
3.15291e-05
0.000120698
2.83619e-05
0.000128958
2.53168e-05
0.000136301
2.24009e-05
0.000142798
1.95832e-05
0.000148479
1.681e-05
0.000153329
1.40158e-05
0.000157301
1.11445e-05
0.000160326
8.14914e-06
0.000162323
5.00929e-06
0.000163198
1.71815e-06
0.000162847
-1.71239e-06
0.000161168
-5.2254e-06
0.000158097
-8.75768e-06
0.000153632
-1.22011e-05
0.000147855
-1.54247e-05
0.00014093
-1.82958e-05
0.000133077
-2.07112e-05
0.000124521
-2.26099e-05
0.000115489
-2.39644e-05
0.000106216
-2.47653e-05
9.6937e-05
-2.50225e-05
8.78672e-05
-2.47739e-05
7.91774e-05
-2.40807e-05
7.09925e-05
-2.30193e-05
6.33933e-05
-2.16755e-05
5.64289e-05
-2.01312e-05
5.01268e-05
-1.84551e-05
4.4493e-05
-1.67076e-05
3.95172e-05
-1.4933e-05
3.51758e-05
-1.3175e-05
3.14388e-05
-1.14587e-05
2.82721e-05
-9.80302e-06
2.56411e-05
-8.22034e-06
2.35119e-05
-6.71756e-06
2.18532e-05
-5.29754e-06
2.06367e-05
-3.95829e-06
1.98317e-05
-2.72904e-06
-1.18602e-06
7.28469e-05
2.70475e-05
8.56321e-05
2.5145e-05
9.72761e-05
2.31124e-05
0.000107785
2.10202e-05
0.000117207
1.89397e-05
0.000125611
1.69133e-05
0.00013306
1.49516e-05
0.000139601
1.3042e-05
0.000145254
1.11572e-05
0.000150009
9.26031e-06
0.000153835
7.31827e-06
0.000156682
5.30171e-06
0.000158493
3.19886e-06
0.000159197
1.01383e-06
0.000158735
-1.25014e-06
0.000157041
-3.5314e-06
0.000154111
-5.82837e-06
0.000149984
-8.07416e-06
0.000144746
-1.01864e-05
0.000138536
-1.20858e-05
0.000131528
-1.37033e-05
0.000123906
-1.49875e-05
0.000115848
-1.59063e-05
0.000107525
-1.64427e-05
9.90989e-05
-1.65961e-05
9.07155e-05
-1.63905e-05
8.25087e-05
-1.58738e-05
7.45988e-05
-1.51095e-05
6.70907e-05
-1.41674e-05
6.00713e-05
-1.31118e-05
5.36087e-05
-1.19925e-05
4.77485e-05
-1.08474e-05
4.25149e-05
-9.69938e-06
3.79101e-05
-8.57017e-06
3.39217e-05
-7.47026e-06
3.05265e-05
-6.40772e-06
2.76946e-05
-5.38836e-06
2.53934e-05
-4.4163e-06
2.35903e-05
-3.49437e-06
2.22548e-05
-2.62282e-06
2.135e-05
-1.8243e-06
-8.00842e-07
7.06989e-05
1.34226e-05
8.33462e-05
1.24977e-05
9.49545e-05
1.15042e-05
0.0001055
1.04744e-05
0.000114998
9.44239e-06
0.000123481
8.4299e-06
0.000130989
7.44386e-06
0.00013755
6.48031e-06
0.00014318
5.52776e-06
0.00014787
4.56957e-06
0.000151598
3.58991e-06
0.000154328
2.57244e-06
0.000156024
1.50265e-06
0.000156683
3.54106e-07
0.000156324
-8.90616e-07
0.000155006
-2.21349e-06
0.000152704
-3.52682e-06
0.000149408
-4.77812e-06
0.000145142
-5.91991e-06
0.000139963
-6.90698e-06
0.000133958
-7.69846e-06
0.000127234
-8.26333e-06
0.000119911
-8.58388e-06
0.000112125
-8.65598e-06
0.000104021
-8.49249e-06
9.57615e-05
-8.13103e-06
8.75163e-05
-7.62869e-06
7.94496e-05
-7.04284e-06
7.17062e-05
-6.42412e-06
6.44038e-05
-5.80938e-06
5.76303e-05
-5.21908e-06
5.14445e-05
-4.66158e-06
4.58808e-05
-4.13567e-06
4.095e-05
-3.63925e-06
3.66465e-05
-3.16678e-06
3.29528e-05
-2.71393e-06
2.98424e-05
-2.27796e-06
2.72839e-05
-1.85779e-06
2.52436e-05
-1.45407e-06
2.36904e-05
-1.06976e-06
2.2586e-05
-7.19976e-07
-3.0601e-07
6.93455e-05
8.18432e-05
9.33474e-05
0.000103822
0.000113264
0.000121694
0.000129138
0.000135618
0.000141146
0.000145715
0.000149305
0.000151877
0.00015338
0.000153734
0.000152844
0.00015063
0.000147103
0.000142325
0.000136405
0.000129498
0.0001218
0.000113536
0.000104952
9.62965e-05
8.7804e-05
7.96729e-05
7.20442e-05
6.50013e-05
5.85771e-05
5.27678e-05
4.75487e-05
4.28871e-05
3.87515e-05
3.51123e-05
3.19455e-05
2.92316e-05
2.69536e-05
2.50958e-05
2.36417e-05
2.25719e-05
2.18519e-05
)
;

boundaryField
{
    leftWall
    {
        type            calculated;
        value           uniform 0;
    }
    rightWall
    {
        type            calculated;
        value           uniform 0;
    }
    lowerWall
    {
        type            calculated;
        value           uniform 0;
    }
    atmosphere
    {
        type            calculated;
        value           nonuniform List<scalar> 
44
(
2.81197e-05
2.90147e-05
2.81661e-05
2.71607e-05
2.58352e-05
2.41787e-05
2.21953e-05
1.98801e-05
1.72269e-05
1.4228e-05
1.08798e-05
7.17917e-06
3.10899e-06
-1.17275e-06
-5.33606e-06
-9.33186e-06
-1.31265e-05
-1.66616e-05
-1.98658e-05
-2.26741e-05
-2.50119e-05
-2.68192e-05
-2.80577e-05
-2.70937e-05
-2.71182e-05
-3.1234e-05
-2.97307e-05
-2.74911e-05
-2.46088e-05
-2.11829e-05
-1.7336e-05
-1.31787e-05
-8.80801e-06
-4.29094e-06
3.6103e-07
4.83037e-06
8.76798e-06
1.22002e-05
1.51328e-05
1.7568e-05
1.95082e-05
2.09647e-05
2.20912e-05
2.15459e-05
)
;
    }
    frontAndBack
    {
        type            empty;
    }
}


// ************************************************************************* //
