/*--------------------------------*- C++ -*----------------------------------*\
  =========                 |
  \\      /  F ield         | OpenFOAM: The Open Source CFD Toolbox
   \\    /   O peration     | Website:  https://openfoam.org
    \\  /    A nd           | Version:  13
     \\/     M anipulation  |
\*---------------------------------------------------------------------------*/
FoamFile
{
    format      ascii;
    class       volScalarField;
    location    "0.011";
    object      mag(U);
}
// * * * * * * * * * * * * * * * * * * * * * * * * * * * * * * * * * * * * * //

dimensions      [0 1 -1 0 0 0 0];

internalField   nonuniform List<scalar> 
8000
(
151.862
154.093
155.382
156.739
158.052
159.373
160.701
162.044
163.408
164.798
166.219
167.677
169.177
170.722
172.315
173.961
175.66
177.416
179.227
181.094
183.011
184.975
186.978
189.014
191.075
193.155
195.249
197.352
199.462
201.576
203.696
205.82
207.95
210.086
212.23
214.382
216.543
218.713
220.895
223.088
225.294
227.515
229.751
232.004
234.277
236.573
238.893
241.241
243.62
246.034
248.485
250.976
253.511
256.09
258.717
261.391
264.112
266.88
269.694
272.552
275.455
278.4
281.387
284.418
287.492
290.611
293.777
296.994
300.264
303.592
306.981
310.435
313.958
317.553
321.224
324.974
328.806
332.722
336.725
340.817
345
349.278
353.652
358.127
362.703
367.388
372.183
377.094
382.126
387.285
392.577
398.01
403.589
409.326
415.225
421.301
427.558
434.015
440.676
447.564
454.683
462.063
469.707
477.657
485.912
494.53
503.511
512.931
522.79
533.2
544.154
555.823
568.19
581.524
595.783
611.408
628.285
647.156
667.722
691.018
152.017
154.239
155.517
156.868
158.176
159.492
160.816
162.156
163.517
164.905
166.325
167.782
169.282
170.827
172.423
174.07
175.771
177.527
179.339
181.204
183.119
185.078
187.076
189.105
191.159
193.232
195.318
197.414
199.516
201.625
203.739
205.859
207.985
210.118
212.26
214.41
216.57
218.741
220.922
223.116
225.323
227.544
229.781
232.035
234.309
236.605
238.926
241.275
243.655
246.069
248.52
251.011
253.546
256.125
258.751
261.424
264.145
266.913
269.726
272.585
275.487
278.433
281.421
284.452
287.528
290.648
293.817
297.036
300.309
303.639
307.03
310.485
314.01
317.607
321.279
325.031
328.864
332.782
336.787
340.88
345.066
349.346
353.722
358.199
362.779
367.467
372.265
377.18
382.215
387.379
392.674
398.112
403.695
409.436
415.339
421.419
427.68
434.14
440.805
447.696
454.819
462.202
469.85
477.803
486.063
494.685
503.669
513.094
522.958
533.372
544.333
556.007
568.383
581.723
595.993
611.625
628.52
647.396
667.989
691.265
152.019
154.252
155.534
156.895
158.211
159.535
160.865
162.21
163.574
164.964
166.385
167.843
169.343
170.89
172.487
174.136
175.838
177.596
179.408
181.272
183.183
185.137
187.127
189.146
191.188
193.247
195.319
197.4
199.489
201.584
203.685
205.794
207.911
210.037
212.173
214.32
216.477
218.646
220.826
223.02
225.226
227.448
229.685
231.94
234.215
236.512
238.834
241.184
243.564
245.979
248.431
250.924
253.459
256.039
258.665
261.339
264.059
266.826
269.639
272.496
275.397
278.341
281.329
284.359
287.433
290.554
293.722
296.941
300.215
303.545
306.937
310.395
313.921
317.519
321.193
324.946
328.781
332.701
336.707
340.802
344.989
349.27
353.648
358.126
362.706
367.395
372.194
377.11
382.147
387.311
392.608
398.046
403.631
409.372
415.276
421.357
427.619
434.08
440.745
447.637
454.76
462.143
469.791
477.742
486.001
494.621
503.605
513.027
522.89
533.301
544.261
555.933
568.311
581.651
595.936
611.58
628.525
647.455
668.191
691.653
151.841
154.087
155.378
156.757
158.088
159.425
160.766
162.12
163.492
164.887
166.312
167.773
169.276
170.825
172.424
174.075
175.78
177.539
179.351
181.213
183.12
185.067
187.049
189.057
191.086
193.131
195.188
197.253
199.326
201.407
203.496
205.593
207.701
209.82
211.95
214.093
216.248
218.415
220.595
222.789
224.997
227.219
229.458
231.715
233.991
236.29
238.614
240.966
243.349
245.766
248.22
250.714
253.251
255.832
258.459
261.132
263.853
266.62
269.432
272.289
275.19
278.134
281.121
284.153
287.228
290.35
293.52
296.741
300.017
303.35
306.745
310.205
313.734
317.335
321.011
324.767
328.604
332.526
336.534
340.631
344.82
349.103
353.483
357.964
362.547
367.238
372.04
376.959
381.999
387.166
392.465
397.906
403.493
409.238
415.144
421.227
427.491
433.953
440.62
447.512
454.635
462.018
469.666
477.617
485.875
494.493
503.476
512.896
522.757
533.165
544.126
555.794
568.177
581.518
595.822
611.48
628.488
647.482
668.392
692.054
151.521
153.776
155.069
156.46
157.803
159.152
160.503
161.866
163.243
164.644
166.073
167.538
169.045
170.598
172.2
173.854
175.561
177.321
179.133
180.993
182.897
184.839
186.812
188.811
190.83
192.863
194.907
196.961
199.022
201.092
203.171
205.261
207.362
209.475
211.602
213.742
215.895
218.062
220.242
222.436
224.645
226.869
229.11
231.369
233.649
235.951
238.279
240.635
243.021
245.442
247.9
250.397
252.937
255.521
258.15
260.825
263.547
266.314
269.127
271.985
274.886
277.831
280.82
283.852
286.93
290.055
293.228
296.453
299.733
303.071
306.47
309.935
313.469
317.075
320.756
324.517
328.358
332.284
336.296
340.398
344.59
348.878
353.262
357.746
362.334
367.029
371.835
376.759
381.803
386.974
392.279
397.724
403.315
409.064
414.975
421.061
427.329
433.795
440.464
447.359
454.485
461.869
469.519
477.47
485.73
494.348
503.331
512.75
522.613
533.019
543.983
555.65
568.042
581.386
595.717
611.397
628.486
647.564
668.697
692.621
151.04
153.306
154.601
156.006
157.36
158.721
160.082
161.452
162.838
164.244
165.68
167.15
168.662
170.219
171.825
173.483
175.193
176.956
178.768
180.627
182.528
184.466
186.433
188.424
190.434
192.459
194.494
196.538
198.591
200.652
202.724
204.807
206.902
209.011
211.134
213.271
215.423
217.589
219.77
221.965
224.175
226.402
228.646
230.909
233.193
235.5
237.832
240.193
242.585
245.011
247.474
249.976
252.52
255.108
257.74
260.418
263.141
265.91
268.725
271.583
274.486
277.433
280.424
283.46
286.541
289.67
292.848
296.078
299.364
302.708
306.114
309.586
313.126
316.739
320.427
324.193
328.041
331.972
335.99
340.096
344.294
348.586
352.975
357.465
362.058
366.758
371.57
376.498
381.547
386.725
392.034
397.485
403.081
408.834
414.75
420.84
427.112
433.581
440.254
447.152
454.28
461.666
469.318
477.27
485.531
494.148
503.132
512.549
522.413
532.818
543.784
555.45
567.851
581.199
595.559
611.265
628.446
647.626
669.021
693.268
150.4
152.677
153.975
155.393
156.761
158.134
159.507
160.888
162.283
163.699
165.142
166.62
168.139
169.702
171.314
172.977
174.692
176.458
178.272
180.131
182.03
183.965
185.927
187.913
189.916
191.933
193.961
195.997
198.042
200.096
202.161
204.237
206.327
208.432
210.551
212.686
214.837
217.003
219.184
221.381
223.593
225.823
228.071
230.338
232.627
234.94
237.278
239.646
242.045
244.477
246.946
249.455
252.004
254.597
257.233
259.914
262.641
265.413
268.229
271.09
273.995
276.945
279.939
282.979
286.065
289.199
292.384
295.621
298.914
302.266
305.681
309.161
312.709
316.33
320.026
323.8
327.655
331.593
335.617
339.73
343.934
348.232
352.627
357.123
361.721
366.428
371.246
376.18
381.235
386.418
391.734
397.19
402.793
408.551
414.472
420.567
426.844
433.317
439.994
446.894
454.026
461.414
469.068
477.02
485.283
493.9
502.885
512.301
522.166
532.568
543.537
555.202
567.613
580.966
595.359
611.094
628.376
647.672
669.366
693.99
149.595
151.885
153.189
154.623
156.006
157.395
158.782
160.177
161.585
163.012
164.467
165.955
167.483
169.055
170.675
172.345
174.065
175.835
177.652
179.513
181.412
183.344
185.304
187.285
189.283
191.294
193.315
195.344
197.382
199.43
201.488
203.559
205.644
207.744
209.861
211.993
214.143
216.308
218.49
220.689
222.904
225.137
227.39
229.662
231.957
234.277
236.623
238.998
241.404
243.845
246.322
248.837
251.393
253.992
256.633
259.319
262.049
264.824
267.644
270.508
273.417
276.371
279.369
282.414
285.506
288.647
291.839
295.085
298.387
301.749
305.173
308.663
312.221
315.851
319.557
323.34
327.203
331.149
335.181
339.302
343.513
347.818
352.22
356.722
361.328
366.041
370.865
375.806
380.868
386.058
391.38
396.843
402.452
408.217
414.144
420.244
426.526
433.004
439.685
446.589
453.724
461.115
468.771
476.725
484.989
493.606
502.593
512.007
521.873
532.274
543.246
554.91
567.331
580.69
595.115
610.883
628.274
647.7
669.724
694.774
148.637
150.941
152.251
153.703
155.103
156.51
157.915
159.326
160.75
162.193
163.662
165.163
166.703
168.286
169.916
171.595
173.323
175.099
176.92
178.783
180.683
182.615
184.572
186.55
188.544
190.549
192.564
194.587
196.618
198.659
200.712
202.777
204.857
206.953
209.067
211.198
213.346
215.511
217.694
219.895
222.113
224.351
226.608
228.887
231.189
233.516
235.871
238.254
240.67
243.119
245.605
248.128
250.692
253.297
255.945
258.636
261.371
264.151
266.975
269.843
272.756
275.715
278.719
281.77
284.869
288.018
291.219
294.475
297.788
301.16
304.595
308.096
311.666
315.308
319.023
322.816
326.689
330.645
334.686
338.815
343.034
347.348
351.757
356.267
360.88
365.601
370.433
375.381
380.451
385.648
390.978
396.448
402.063
407.835
413.768
419.875
426.163
432.646
439.332
446.24
453.379
460.772
468.431
476.387
484.653
493.27
502.258
511.672
521.54
531.938
542.914
554.577
567.009
580.374
594.833
610.635
628.139
647.708
670.086
695.618
147.528
149.849
151.168
152.641
154.06
155.487
156.912
158.343
159.786
161.248
162.734
164.252
165.808
167.404
169.046
170.736
172.473
174.256
176.083
177.95
179.852
181.784
183.74
185.715
187.705
189.705
191.714
193.731
195.756
197.791
199.837
201.897
203.973
206.066
208.176
210.305
212.452
214.618
216.802
219.005
221.227
223.469
225.732
228.018
230.328
232.664
235.027
237.421
239.846
242.305
244.801
247.334
249.906
252.519
255.174
257.872
260.613
263.397
266.226
269.1
272.018
274.983
277.994
281.052
284.16
287.318
290.53
293.797
297.121
300.506
303.953
307.467
311.049
314.703
318.431
322.235
326.119
330.085
334.136
338.274
342.503
346.825
351.243
355.761
360.382
365.111
369.951
374.908
379.986
385.191
390.529
396.007
401.63
407.409
413.349
419.463
425.757
432.245
438.937
445.849
452.993
460.389
468.052
476.009
484.278
492.896
501.886
511.298
521.168
531.565
542.545
554.207
566.649
580.02
594.513
610.353
627.968
647.687
670.442
696.508
146.297
148.633
149.961
151.454
152.893
154.342
155.789
157.243
158.708
160.191
161.698
163.236
164.809
166.422
168.078
169.78
171.527
173.32
175.154
177.026
178.93
180.863
182.818
184.79
186.776
188.771
190.774
192.785
194.804
196.833
198.873
200.928
202.999
205.088
207.196
209.322
211.469
213.635
215.82
218.026
220.252
222.499
224.769
227.062
229.381
231.726
234.1
236.504
238.94
241.41
243.916
246.459
249.041
251.663
254.326
257.031
259.779
262.57
265.405
268.285
271.21
274.181
277.2
280.267
283.384
286.553
289.776
293.056
296.393
299.791
303.253
306.78
310.376
314.043
317.784
321.601
325.496
329.474
333.535
337.684
341.923
346.254
350.682
355.209
359.839
364.577
369.426
374.392
379.479
384.692
390.039
395.525
401.157
406.943
412.891
419.012
425.313
431.807
438.505
445.422
452.571
459.971
467.637
475.596
483.868
492.487
501.479
510.891
520.763
531.159
542.141
553.803
566.254
579.633
594.158
610.036
627.762
647.641
670.791
697.433
144.95
147.302
148.644
150.158
151.618
153.09
154.561
156.039
157.529
159.036
160.566
162.125
163.718
165.349
167.021
168.737
170.497
172.299
174.141
176.018
177.926
179.86
181.814
183.783
185.764
187.754
189.751
191.756
193.768
195.791
197.826
199.876
201.942
204.028
206.133
208.258
210.404
212.57
214.758
216.966
219.196
221.449
223.726
226.027
228.355
230.71
233.095
235.511
237.959
240.441
242.958
245.512
248.105
250.736
253.408
256.121
258.877
261.675
264.517
267.404
270.337
273.316
276.344
279.421
282.549
285.73
288.966
292.258
295.61
299.023
302.499
306.041
309.652
313.333
317.088
320.918
324.827
328.817
332.89
337.05
341.299
345.641
350.079
354.616
359.256
364.003
368.862
373.837
378.933
384.155
389.511
395.006
400.646
406.441
412.397
418.525
424.834
431.335
438.039
444.961
452.115
459.519
467.19
475.152
483.427
492.046
501.041
510.453
520.327
530.722
541.707
553.369
565.829
579.216
593.77
609.688
627.528
647.573
671.133
698.395
143.523
145.889
147.241
148.776
150.258
151.753
153.249
154.752
156.267
157.8
159.355
160.937
162.551
164.202
165.892
167.624
169.396
171.209
173.059
174.942
176.853
178.787
180.739
182.705
184.681
186.664
188.655
190.652
192.658
194.675
196.704
198.749
200.812
202.894
204.996
207.12
209.265
211.433
213.622
215.834
218.069
220.328
222.612
224.922
227.259
229.626
232.022
234.449
236.91
239.404
241.934
244.5
247.103
249.746
252.427
255.15
257.914
260.72
263.57
266.466
269.407
272.395
275.433
278.521
281.661
284.855
288.104
291.411
294.778
298.206
301.699
305.257
308.883
312.58
316.349
320.194
324.116
328.119
332.205
336.376
340.637
344.99
349.438
353.986
358.636
363.393
368.262
373.247
378.352
383.585
388.95
394.454
400.104
405.907
411.872
418.008
424.324
430.832
437.543
444.471
451.631
459.039
466.714
474.679
482.958
491.579
500.576
509.988
519.864
530.258
541.247
552.909
565.377
578.77
593.353
609.31
627.258
647.473
671.454
699.387
142.019
144.399
145.767
147.323
148.826
150.346
151.867
153.396
154.938
156.497
158.077
159.684
161.321
162.993
164.701
166.449
168.235
170.059
171.916
173.804
175.717
177.651
179.6
181.562
183.531
185.508
187.491
189.481
191.48
193.491
195.515
197.555
199.614
201.693
203.794
205.917
208.062
210.23
212.422
214.638
216.878
219.143
221.435
223.754
226.102
228.479
230.888
233.328
235.801
238.309
240.851
243.43
246.045
248.699
251.391
254.123
256.897
259.712
262.572
265.476
268.427
271.426
274.474
277.574
280.727
283.935
287.199
290.521
293.904
297.349
300.858
304.433
308.075
311.788
315.573
319.433
323.37
327.386
331.485
335.669
339.942
344.306
348.766
353.324
357.985
362.753
367.632
372.627
377.743
382.985
388.36
393.874
399.533
405.346
411.32
417.464
423.788
430.303
437.021
443.955
451.121
458.533
466.214
474.182
482.464
491.087
500.087
509.499
519.378
529.771
540.763
552.425
564.901
578.301
592.909
608.905
626.954
647.342
671.749
700.406
140.471
142.865
144.243
145.82
147.345
148.888
150.434
151.99
153.558
155.144
156.751
158.383
160.044
161.736
163.464
165.228
167.027
168.861
170.726
172.618
174.532
176.464
178.409
180.364
182.326
184.295
186.27
188.252
190.244
192.248
194.267
196.303
198.359
200.435
202.534
204.656
206.802
208.972
211.166
213.386
215.631
217.904
220.204
222.533
224.891
227.28
229.701
232.155
234.641
237.162
239.718
242.31
244.938
247.603
250.307
253.05
255.834
258.66
261.529
264.443
267.405
270.415
273.475
276.588
279.755
282.977
286.257
289.595
292.995
296.457
299.983
303.575
307.235
310.965
314.766
318.641
322.593
326.623
330.736
334.933
339.218
343.594
348.066
352.635
357.307
362.086
366.976
371.981
377.108
382.361
387.746
393.269
398.939
404.76
410.743
416.896
423.229
429.751
436.477
443.417
450.589
458.006
465.692
473.663
481.95
490.574
499.577
508.99
518.871
529.264
540.258
551.92
564.403
577.81
592.441
608.475
626.62
647.181
672.02
701.432
138.874
141.28
142.677
144.275
145.821
147.388
148.959
150.542
152.138
153.751
155.384
157.041
158.726
160.44
162.187
163.966
165.779
167.622
169.494
171.388
173.302
175.23
177.169
179.116
181.069
183.028
184.994
186.967
188.952
190.95
192.964
194.997
197.05
199.125
201.223
203.345
205.492
207.664
209.862
212.086
214.337
216.617
218.926
221.265
223.634
226.036
228.469
230.936
233.437
235.972
238.542
241.147
243.788
246.467
249.182
251.937
254.732
257.568
260.449
263.374
266.347
269.369
272.443
275.569
278.75
281.988
285.284
288.64
292.057
295.537
299.081
302.691
306.368
310.115
313.932
317.824
321.791
325.836
329.962
334.173
338.471
342.86
347.343
351.924
356.607
361.397
366.298
371.314
376.452
381.715
387.111
392.644
398.323
404.155
410.147
416.309
422.65
429.18
435.913
442.86
450.038
457.461
465.152
473.127
481.417
490.045
499.051
508.464
518.347
528.74
539.737
551.399
563.887
577.3
591.952
608.022
626.255
646.989
672.264
702.463
137.257
139.675
141.084
142.703
144.27
145.861
147.457
149.066
150.689
152.329
153.989
155.672
157.38
159.116
160.881
162.676
164.5
166.352
168.227
170.122
172.033
173.955
175.886
177.823
179.765
181.714
183.669
185.635
187.612
189.605
191.614
193.644
195.695
197.769
199.867
201.99
204.138
206.313
208.514
210.744
213.002
215.29
217.608
219.957
222.338
224.752
227.199
229.68
232.196
234.745
237.329
239.949
242.604
245.295
248.023
250.79
253.597
256.446
259.338
262.275
265.26
268.296
271.383
274.524
277.72
280.974
284.287
287.66
291.095
294.593
298.156
301.784
305.479
309.243
313.078
316.985
320.968
325.028
329.169
333.393
337.704
342.106
346.601
351.194
355.889
360.69
365.602
370.63
375.778
381.052
386.458
392.002
397.691
403.532
409.534
415.705
422.054
428.593
435.333
442.287
449.471
456.9
464.596
472.575
480.87
489.5
498.509
507.924
517.809
528.202
539.201
550.863
563.356
576.774
591.444
607.547
625.86
646.772
672.475
703.516
135.603
138.032
139.46
141.1
142.69
144.304
145.926
147.562
149.213
150.881
152.568
154.276
156.007
157.764
159.547
161.356
163.191
165.049
166.927
168.82
170.725
172.639
174.559
176.484
178.414
180.351
182.296
184.253
186.223
188.21
190.217
192.244
194.295
196.369
198.468
200.592
202.743
204.922
207.128
209.364
211.629
213.925
216.253
218.614
221.007
223.434
225.896
228.391
230.921
233.485
236.085
238.719
241.388
244.093
246.835
249.615
252.435
255.296
258.201
261.151
264.15
267.199
270.301
273.457
276.669
279.94
283.27
286.661
290.115
293.632
297.213
300.859
304.573
308.354
312.206
316.13
320.129
324.204
328.36
332.598
336.922
341.336
345.844
350.449
355.156
359.968
364.892
369.93
375.09
380.375
385.791
391.346
397.045
402.896
408.907
415.087
421.445
427.992
434.74
441.7
448.892
456.326
464.028
472.011
480.31
488.943
497.955
507.371
517.259
527.651
538.652
550.314
562.811
576.234
590.919
607.054
625.442
646.51
672.622
704.571
133.936
136.375
137.817
139.478
141.09
142.729
144.376
146.039
147.717
149.413
151.126
152.86
154.614
156.391
158.19
160.012
161.856
163.718
165.595
167.484
169.381
171.283
173.191
175.102
177.018
178.942
180.877
182.825
184.789
186.772
188.776
190.802
192.853
194.928
197.029
199.157
201.311
203.494
205.707
207.949
210.223
212.528
214.867
217.239
219.646
222.086
224.562
227.073
229.618
232.198
234.813
237.462
240.146
242.866
245.623
248.417
251.25
254.125
257.043
260.007
263.02
266.084
269.2
272.373
275.602
278.89
282.238
285.648
289.12
292.655
296.255
299.921
303.652
307.452
311.321
315.262
319.277
323.367
327.537
331.79
336.127
340.555
345.075
349.692
354.411
359.235
364.17
369.219
374.39
379.685
385.113
390.678
396.388
402.248
408.269
414.458
420.825
427.38
434.136
441.103
448.301
455.741
463.448
471.436
479.74
488.375
497.391
506.808
516.698
527.091
538.093
549.755
562.255
575.682
590.379
606.543
624.998
646.217
672.748
705.602
132.232
134.679
136.142
137.826
139.46
141.123
142.798
144.488
146.195
147.919
149.659
151.418
153.195
154.991
156.806
158.639
160.489
162.352
164.226
166.108
167.993
169.883
171.774
173.67
175.572
177.483
179.406
181.346
183.305
185.285
187.287
189.314
191.367
193.445
195.549
197.681
199.841
202.03
204.249
206.5
208.783
211.099
213.449
215.834
218.254
220.709
223.2
225.726
228.288
230.884
233.515
236.181
238.881
241.616
244.388
247.196
250.044
252.934
255.866
258.845
261.873
264.953
268.086
271.275
274.521
277.827
281.193
284.622
288.113
291.668
295.287
298.971
302.721
306.539
310.426
314.383
318.414
322.52
326.705
330.971
335.323
339.763
344.296
348.925
353.656
358.492
363.438
368.499
373.681
378.987
384.426
390.001
395.721
401.591
407.622
413.82
420.196
426.758
433.523
440.497
447.702
455.148
462.86
470.853
479.161
487.799
496.818
506.237
516.129
526.522
537.526
549.188
561.69
575.12
589.827
606.016
624.524
645.917
672.853
706.661
130.51
132.967
134.445
136.15
137.807
139.496
141.197
142.915
144.651
146.402
148.17
149.953
151.751
153.565
155.394
157.237
159.09
160.953
162.82
164.691
166.563
168.436
170.311
172.189
174.076
175.973
177.886
179.818
181.773
183.75
185.754
187.782
189.838
191.92
194.029
196.167
198.333
200.529
202.757
205.017
207.31
209.638
212.001
214.4
216.834
219.305
221.812
224.355
226.933
229.546
232.194
234.876
237.593
240.345
243.133
245.957
248.821
251.726
254.674
257.669
260.713
263.808
266.958
270.165
273.429
276.753
280.138
283.586
287.097
290.671
294.309
298.012
301.781
305.617
309.521
313.495
317.542
321.664
325.864
330.144
334.51
338.963
343.509
348.15
352.893
357.741
362.699
367.771
372.964
378.282
383.731
389.317
395.047
400.928
406.968
413.175
419.56
426.13
432.902
439.884
447.096
454.547
462.266
470.263
478.575
487.217
496.239
505.66
515.554
525.947
536.952
548.613
561.116
574.549
589.263
605.475
624.032
645.568
672.891
707.666
128.742
131.207
132.707
134.435
136.117
137.831
139.56
141.308
143.073
144.853
146.647
148.455
150.275
152.106
153.948
155.797
157.652
159.511
161.37
163.227
165.082
166.937
168.792
170.653
172.523
174.407
176.31
178.236
180.186
182.164
184.169
186.201
188.261
190.349
192.465
194.61
196.785
198.99
201.228
203.498
205.804
208.144
210.521
212.934
215.385
217.872
220.396
222.956
225.552
228.183
230.849
233.55
236.284
239.054
241.858
244.7
247.58
250.502
253.467
256.478
259.539
262.652
265.82
269.044
272.327
275.67
279.075
282.542
286.072
289.666
293.324
297.046
300.833
304.687
308.609
312.601
316.664
320.801
325.016
329.311
333.69
338.157
342.716
347.37
352.125
356.985
361.954
367.038
372.242
377.571
383.031
388.627
394.368
400.258
406.309
412.524
418.918
425.497
432.277
439.266
446.484
453.942
461.666
469.668
477.985
486.63
495.655
505.078
514.973
525.367
536.373
548.034
560.538
573.972
588.691
604.922
623.518
645.195
672.862
708.748
126.948
129.421
130.939
132.689
134.395
136.136
137.893
139.67
141.464
143.273
145.095
146.927
148.767
150.614
152.467
154.321
156.175
158.027
159.874
161.715
163.552
165.385
167.221
169.062
170.915
172.787
174.681
176.601
178.549
180.528
182.536
184.573
186.64
188.735
190.859
193.013
195.197
197.413
199.662
201.945
204.264
206.619
209.01
211.44
213.907
216.412
218.954
221.533
224.147
226.798
229.483
232.202
234.955
237.743
240.567
243.426
246.324
249.264
252.246
255.276
258.355
261.486
264.672
267.915
271.217
274.579
278.004
281.491
285.041
288.654
292.332
296.073
299.88
303.752
307.692
311.7
315.78
319.934
324.164
328.473
332.867
337.347
341.919
346.586
351.353
356.225
361.206
366.302
371.517
376.857
382.328
387.935
393.686
399.586
405.646
411.871
418.274
424.861
431.649
438.645
445.87
453.334
461.064
469.07
477.392
486.04
495.069
504.493
514.391
524.785
535.791
547.451
559.955
573.39
588.113
604.359
622.987
644.791
672.814
709.718
125.099
127.58
129.121
130.895
132.626
134.395
136.182
137.99
139.815
141.653
143.502
145.358
147.219
149.082
150.944
152.802
154.654
156.496
158.329
160.152
161.968
163.78
165.593
167.415
169.252
171.111
172.996
174.911
176.859
178.84
180.853
182.897
184.971
187.075
189.209
191.374
193.57
195.797
198.059
200.356
202.689
205.06
207.468
209.915
212.4
214.924
217.485
220.083
222.718
225.389
228.094
230.834
233.607
236.415
239.258
242.137
245.054
248.012
251.014
254.062
257.16
260.31
263.516
266.778
270.1
273.482
276.927
280.434
284.004
287.638
291.335
295.096
298.922
302.813
306.771
310.797
314.893
319.063
323.309
327.633
332.041
336.535
341.12
345.8
350.58
355.464
360.457
365.565
370.792
376.143
381.624
387.242
393.003
398.913
404.983
411.217
417.629
424.224
431.02
438.023
445.256
452.725
460.461
468.473
476.799
485.451
494.483
503.909
513.809
524.203
535.21
546.869
559.373
572.807
587.531
603.789
622.441
644.367
672.679
710.815
123.219
125.708
127.267
129.064
130.821
132.618
134.436
136.274
138.13
139.998
141.875
143.756
145.637
147.515
149.386
151.246
153.093
154.925
156.742
158.546
160.339
162.128
163.919
165.721
167.542
169.388
171.266
173.178
175.126
177.109
179.128
181.179
183.263
185.377
187.523
189.699
191.907
194.148
196.424
198.736
201.086
203.473
205.9
208.365
210.87
213.413
215.995
218.614
221.27
223.962
226.688
229.449
232.244
235.072
237.936
240.835
243.772
246.75
249.772
252.84
255.958
259.128
262.354
265.637
268.979
272.381
275.846
279.374
282.965
286.619
290.337
294.118
297.963
301.872
305.849
309.892
314.006
318.192
322.454
326.793
331.216
335.724
340.323
345.016
349.808
354.704
359.71
364.829
370.068
375.43
380.923
386.551
392.323
398.243
404.322
410.566
416.986
423.59
430.394
437.405
444.645
452.12
459.862
467.879
476.21
484.865
493.9
503.329
513.23
523.625
534.632
546.29
558.792
572.226
586.949
603.216
621.886
643.914
672.535
711.756
121.281
123.778
125.362
127.183
128.968
130.795
132.643
134.515
136.403
138.303
140.21
142.116
144.019
145.912
147.792
149.655
151.497
153.318
155.119
156.902
158.672
160.438
162.207
163.989
165.794
167.628
169.498
171.407
173.355
175.343
177.367
179.427
181.521
183.646
185.804
187.993
190.215
192.471
194.763
197.091
199.458
201.863
204.309
206.794
209.319
211.883
214.486
217.127
219.806
222.52
225.269
228.052
230.869
233.719
236.604
239.525
242.484
245.483
248.525
251.614
254.753
257.944
261.19
264.494
267.857
271.28
274.766
278.315
281.927
285.602
289.34
293.141
297.005
300.934
304.929
308.991
313.122
317.325
321.602
325.957
330.394
334.917
339.529
344.235
349.041
353.95
358.967
364.098
369.348
374.722
380.226
385.865
391.648
397.578
403.668
409.921
416.351
422.963
429.775
436.794
444.04
451.522
459.27
467.292
475.627
484.286
493.325
502.755
512.658
523.054
534.061
545.718
558.218
571.65
586.371
602.644
621.324
643.449
672.298
712.872
119.317
121.823
123.426
125.272
127.085
128.942
130.823
132.728
134.65
136.583
138.52
140.455
142.38
144.29
146.179
148.045
149.883
151.694
153.478
155.241
156.988
158.731
160.478
162.241
164.03
165.853
167.716
169.621
171.57
173.561
175.592
177.66
179.763
181.9
184.07
186.273
188.509
190.781
193.088
195.434
197.819
200.244
202.709
205.215
207.761
210.347
212.972
215.636
218.337
221.075
223.847
226.653
229.493
232.366
235.274
238.217
241.197
244.218
247.282
250.392
253.552
256.765
260.032
263.358
266.742
270.186
273.693
277.263
280.896
284.592
288.35
292.172
296.056
300.005
304.018
308.098
312.246
316.466
320.759
325.13
329.581
334.118
338.744
343.464
348.282
353.204
358.234
363.377
368.639
374.024
379.539
385.19
390.983
396.924
403.024
409.286
415.725
422.347
429.167
436.193
443.446
450.934
458.688
466.714
475.054
483.717
492.759
502.192
512.097
522.492
533.5
545.155
557.654
571.083
585.801
602.076
620.762
642.957
672.075
713.822
117.309
119.825
121.454
123.325
125.168
127.057
128.973
130.915
132.875
134.844
136.815
138.779
140.73
142.659
144.561
146.432
148.268
150.069
151.839
153.583
155.31
157.03
158.756
160.501
162.274
164.085
165.94
167.841
169.789
171.783
173.819
175.895
178.008
180.156
182.338
184.555
186.806
189.093
191.417
193.781
196.184
198.628
201.114
203.64
206.208
208.817
211.465
214.152
216.876
219.637
222.433
225.263
228.126
231.022
233.953
236.919
239.922
242.965
246.051
249.183
252.364
255.598
258.888
262.235
265.64
269.105
272.633
276.225
279.879
283.596
287.375
291.217
295.122
299.089
303.121
307.219
311.384
315.62
319.929
324.315
328.782
333.333
337.973
342.705
347.537
352.471
357.514
362.669
367.943
373.34
378.867
384.529
390.333
396.285
402.394
408.666
415.114
421.743
428.572
435.605
442.865
450.359
458.118
466.15
474.494
483.161
492.206
501.641
511.548
521.944
532.951
544.605
557.101
570.528
585.241
601.516
620.199
642.473
671.707
715.017
115.301
117.827
119.477
121.375
123.249
125.172
127.126
129.106
131.105
133.113
135.121
137.119
139.097
141.049
142.967
144.845
146.682
148.477
150.235
151.963
153.67
155.37
157.077
158.803
160.561
162.36
164.206
166.102
168.049
170.043
172.084
174.166
176.287
178.445
180.638
182.867
185.132
187.434
189.775
192.156
194.578
197.041
199.547
202.094
204.684
207.315
209.986
212.696
215.443
218.228
221.047
223.9
226.787
229.706
232.66
235.648
238.674
241.739
244.847
248
251.203
254.459
257.77
261.137
264.564
268.05
271.6
275.212
278.888
282.626
286.426
290.287
294.211
298.197
302.246
306.361
310.543
314.795
319.12
323.521
328.002
332.567
337.22
341.966
346.811
351.758
356.813
361.981
367.267
372.676
378.215
383.887
389.702
395.663
401.782
408.062
414.518
421.156
427.991
435.031
442.297
449.797
457.562
465.598
473.947
482.617
491.665
501.103
511.011
521.407
532.414
544.066
556.559
569.981
584.688
600.959
619.638
641.962
671.311
716.077
113.287
115.825
117.502
119.427
121.335
123.297
125.292
127.316
129.359
131.41
133.459
135.495
137.506
139.485
141.422
143.313
145.155
146.948
148.697
150.411
152.103
153.785
155.474
157.183
158.925
160.711
162.547
164.436
166.379
168.372
170.414
172.501
174.628
176.794
178.997
181.238
183.515
185.832
188.188
190.585
193.025
195.506
198.031
200.599
203.21
205.862
208.555
211.287
214.057
216.864
219.706
222.582
225.492
228.434
231.409
234.42
237.467
240.554
243.683
246.858
250.082
253.359
256.69
260.079
263.525
267.032
270.602
274.235
277.931
281.689
285.509
289.389
293.33
297.334
301.4
305.532
309.73
313.997
318.337
322.753
327.248
331.827
336.494
341.253
346.11
351.07
356.137
361.317
366.615
372.036
377.585
383.267
389.09
395.06
401.187
407.475
413.939
420.583
427.425
434.471
441.743
449.248
457.017
465.058
473.41
482.083
491.133
500.571
510.478
520.873
531.877
543.526
556.013
569.43
584.128
600.394
619.062
641.416
670.901
717.388
111.325
113.875
115.578
117.533
119.478
121.481
123.521
125.591
127.681
129.779
131.872
133.949
135.997
138.006
139.967
141.874
143.724
145.519
147.264
148.97
150.648
152.316
153.988
155.681
157.408
159.18
161.005
162.885
164.821
166.812
168.852
170.94
173.071
175.242
177.453
179.703
181.992
184.321
186.691
189.103
191.558
194.057
196.6
199.187
201.816
204.489
207.202
209.955
212.746
215.574
218.438
221.335
224.265
227.229
230.225
233.257
236.325
239.432
242.581
245.776
249.02
252.316
255.667
259.075
262.541
266.068
269.658
273.31
277.025
280.802
284.638
288.535
292.493
296.512
300.595
304.741
308.954
313.237
317.591
322.021
326.53
331.122
335.801
340.573
345.443
350.414
355.494
360.685
365.993
371.422
376.979
382.669
388.5
394.476
400.61
406.904
413.374
420.024
426.872
433.922
441.199
448.708
456.48
464.522
472.875
481.547
490.594
500.03
509.934
520.325
531.324
542.967
555.448
568.857
583.545
599.801
618.454
640.831
670.375
718.371
109.423
111.988
113.723
115.71
117.698
119.747
121.836
123.957
126.099
128.247
130.389
132.51
134.598
136.641
138.63
140.557
142.421
144.222
145.968
147.668
149.338
150.993
152.651
154.329
156.042
157.8
159.612
161.481
163.408
165.392
167.429
169.515
171.647
173.821
176.038
178.294
180.592
182.931
185.312
187.737
190.206
192.72
195.278
197.882
200.529
203.218
205.95
208.721
211.532
214.379
217.261
220.178
223.128
226.11
229.126
232.176
235.263
238.388
241.556
244.769
248.031
251.345
254.714
258.14
261.624
265.168
268.776
272.446
276.177
279.969
283.821
287.732
291.705
295.739
299.836
303.997
308.225
312.521
316.889
321.332
325.854
330.459
335.15
339.934
344.814
349.796
354.884
360.083
365.398
370.833
376.396
382.091
387.928
393.91
400.049
406.349
412.824
419.478
426.33
433.384
440.663
448.172
455.942
463.98
472.327
480.994
490.036
499.467
509.366
519.752
530.744
542.381
554.852
568.25
582.923
599.162
617.79
640.169
669.718
719.309
107.652
110.233
112.001
114.026
116.06
118.158
120.298
122.471
124.664
126.864
129.055
131.222
133.351
135.43
137.448
139.399
141.279
143.09
144.84
146.539
148.203
149.849
151.496
153.16
154.859
156.603
158.401
160.258
162.175
164.15
166.18
168.262
170.392
172.567
174.785
177.046
179.35
181.696
184.086
186.521
189.001
191.527
194.099
196.716
199.377
202.082
204.828
207.616
210.442
213.305
216.204
219.137
222.103
225.102
228.134
231.201
234.304
237.446
240.629
243.858
247.135
250.465
253.851
257.292
260.792
264.353
267.976
271.66
275.404
279.207
283.071
286.996
290.982
295.029
299.14
303.314
307.555
311.864
316.244
320.699
325.232
329.848
334.55
339.343
344.232
349.221
354.315
359.517
364.834
370.272
375.839
381.538
387.379
393.365
399.509
405.813
412.292
418.95
425.804
432.859
440.135
447.637
455.398
463.426
471.766
480.427
489.466
498.893
508.789
519.17
530.157
541.786
554.247
567.634
582.29
598.512
617.113
639.479
669.044
719.706
106.026
108.626
110.435
112.502
114.585
116.735
118.928
121.154
123.401
125.652
127.892
130.105
132.275
134.391
136.439
138.415
140.313
142.138
143.895
145.596
147.258
148.898
150.535
152.188
153.874
155.604
157.389
159.232
161.137
163.101
165.123
167.199
169.324
171.497
173.715
175.978
178.285
180.636
183.032
185.474
187.962
190.496
193.078
195.705
198.378
201.094
203.853
206.652
209.491
212.367
215.279
218.226
221.205
224.218
227.264
230.344
233.46
236.615
239.812
243.054
246.345
249.688
253.086
256.542
260.055
263.626
267.259
270.952
274.705
278.519
282.393
286.33
290.328
294.388
298.511
302.697
306.95
311.27
315.662
320.128
324.672
329.297
334.008
338.807
343.698
348.686
353.779
358.98
364.298
369.739
375.309
381.013
386.859
392.852
399
405.309
411.792
418.452
425.307
432.358
439.625
447.115
454.866
462.89
471.231
479.896
488.939
498.371
508.27
518.655
529.645
541.278
553.742
567.131
581.788
598.01
616.596
638.987
668.51
720.116
104.618
107.24
109.094
111.206
113.34
115.54
117.782
120.057
122.352
124.65
126.935
129.189
131.398
133.546
135.624
137.623
139.541
141.379
143.145
144.851
146.513
148.15
149.78
151.424
153.098
154.816
156.587
158.418
160.31
162.264
164.276
166.343
168.463
170.632
172.848
175.11
177.418
179.771
182.17
184.616
187.108
189.649
192.237
194.872
197.552
200.276
203.043
205.851
208.699
211.585
214.507
217.463
220.453
223.476
226.532
229.622
232.749
235.914
239.121
242.373
245.674
249.027
252.437
255.903
259.426
263.006
266.644
270.341
274.101
277.923
281.808
285.755
289.765
293.836
297.97
302.167
306.43
310.76
315.16
319.634
324.186
328.818
333.532
338.332
343.222
348.208
353.298
358.499
363.82
369.265
374.841
380.551
386.403
392.401
398.555
404.868
411.354
418.016
424.87
431.918
439.181
446.672
454.432
462.468
470.818
479.487
488.531
497.959
507.852
518.228
529.207
540.824
553.269
566.635
581.262
597.445
615.977
638.316
667.752
719.984
103.431
106.076
107.98
110.135
112.317
114.563
116.853
119.174
121.514
123.855
126.18
128.471
130.714
132.892
134.996
137.017
138.953
140.806
142.582
144.294
145.958
147.593
149.218
150.855
152.519
154.226
155.986
157.805
159.685
161.628
163.63
165.689
167.802
169.966
172.178
174.438
176.744
179.097
181.497
183.944
186.439
188.983
191.574
194.212
196.896
199.625
202.397
205.211
208.065
210.957
213.886
216.849
219.846
222.876
225.939
229.036
232.17
235.343
238.557
241.816
245.124
248.485
251.903
255.377
258.904
262.481
266.118
269.818
273.585
277.416
281.312
285.271
289.291
293.372
297.515
301.721
305.992
310.33
314.738
319.219
323.777
328.415
333.131
337.925
342.806
347.784
352.874
358.08
363.41
368.865
374.451
380.171
386.034
392.043
398.208
404.535
411.037
417.719
424.603
431.697
439.031
446.601
454.422
462.497
470.87
479.555
488.611
498.051
507.954
518.339
529.324
540.949
553.398
566.767
581.393
597.574
616.089
638.434
667.812
720.613
102.518
105.193
107.145
109.34
111.563
113.849
116.178
118.537
120.912
123.287
125.643
127.963
130.231
132.433
134.558
136.597
138.548
140.412
142.197
143.915
145.582
147.216
148.839
150.471
152.128
153.826
155.577
157.385
159.256
161.189
163.183
165.235
167.341
169.499
171.707
173.963
176.267
178.619
181.018
183.466
185.96
188.504
191.096
193.735
196.421
199.152
201.926
204.743
207.6
210.496
213.428
216.395
219.396
222.43
225.498
228.6
231.738
234.914
238.133
241.396
244.708
248.074
251.496
254.973
258.501
262.079
265.714
269.419
273.195
277.039
280.946
284.915
288.944
293.033
297.183
301.395
305.672
310.015
314.428
318.912
323.473
328.11
332.824
337.62
342.512
347.508
352.618
357.843
363.187
368.652
374.246
379.973
385.839
391.85
398.017
404.343
410.842
417.521
424.398
431.481
438.796
446.347
454.157
462.228
470.6
479.284
488.337
497.771
507.667
518.042
529.016
540.626
553.057
566.403
581
597.143
615.602
637.888
667.058
720.196
101.842
104.54
106.536
108.756
111.014
113.336
115.7
118.094
120.501
122.905
125.287
127.63
129.919
132.14
134.281
136.334
138.297
140.171
141.963
143.685
145.354
146.989
148.61
150.238
151.89
153.582
155.325
157.126
158.989
160.915
162.902
164.948
167.048
169.201
171.405
173.657
175.958
178.308
180.706
183.152
185.646
188.189
190.779
193.416
196.101
198.831
201.605
204.423
207.281
210.178
213.112
216.081
219.084
222.12
225.19
228.294
231.433
234.612
237.832
241.097
244.411
247.778
251.201
254.679
258.197
261.758
265.396
269.115
272.905
276.759
280.673
284.646
288.679
292.772
296.926
301.144
305.426
309.777
314.198
318.694
323.27
327.933
332.694
337.555
342.512
347.561
352.707
357.96
363.325
368.809
374.418
380.157
386.034
392.055
398.23
404.565
411.072
417.758
424.641
431.728
439.042
446.589
454.396
462.469
470.847
479.54
488.602
498.047
507.953
518.34
529.325
540.947
553.389
566.75
581.359
597.518
615.99
638.297
667.367
721.461
101.423
104.171
106.189
108.438
110.729
113.085
115.484
117.908
120.34
122.764
125.163
127.52
129.82
132.049
134.198
136.257
138.225
140.103
141.897
143.621
145.29
146.924
148.544
150.17
151.82
153.509
155.249
157.047
158.907
160.829
162.813
164.855
166.952
169.102
171.303
173.553
175.852
178.2
180.597
183.043
185.538
188.08
190.668
193.303
195.985
198.713
201.487
204.304
207.162
210.059
212.992
215.961
218.963
221.998
225.067
228.169
231.308
234.484
237.702
240.966
244.278
247.642
251.056
254.516
258.022
261.619
265.298
269.039
272.835
276.687
280.597
284.566
288.595
292.684
296.834
301.046
305.323
309.667
314.082
318.571
323.139
327.793
332.541
337.393
342.35
347.409
352.569
357.833
363.208
368.699
374.313
380.056
385.936
391.958
398.134
404.469
410.975
417.66
424.54
431.622
438.93
446.469
454.272
462.342
470.719
479.411
488.474
497.919
507.826
518.213
529.199
540.82
553.264
566.624
581.234
597.392
615.858
638.156
667.085
721.555
101.175
103.89
105.926
108.166
110.462
112.827
115.236
117.672
120.117
122.554
124.964
127.332
129.642
131.882
134.04
136.108
138.083
139.967
141.766
143.493
145.165
146.8
148.42
150.044
151.691
153.377
155.113
156.907
158.762
160.68
162.659
164.697
166.791
168.938
171.136
173.384
175.681
178.027
180.423
182.869
185.362
187.901
190.485
193.118
195.798
198.525
201.298
204.115
206.974
209.872
212.806
215.776
218.78
221.817
224.888
227.992
231.133
234.312
237.534
240.801
244.116
247.479
250.894
254.392
258.029
261.757
265.507
269.275
273.081
276.938
280.851
284.823
288.855
292.947
297.1
301.316
305.596
309.943
314.361
318.852
323.422
328.077
332.825
337.676
342.637
347.705
352.877
358.153
363.54
369.042
374.666
380.418
386.307
392.338
398.522
404.865
411.38
418.072
424.961
432.05
439.364
446.911
454.72
462.8
471.188
479.892
488.966
498.424
508.343
518.744
529.742
541.379
553.836
567.213
581.839
598.017
616.499
638.788
667.69
723.087
705.837
710.5
715.288
720.279
725.469
730.87
736.496
742.347
748.446
754.768
761.279
767.904
774.839
781.998
789.46
797.376
805.524
813.871
822.445
831.266
840.341
849.663
859.227
869.02
879.031
889.247
899.656
910.241
920.992
931.888
942.92
954.064
965.312
976.637
988.033
999.473
1010.95
1022.44
1033.95
1045.43
1056.9
1068.32
1079.71
1091.02
1102.29
1113.45
1124.55
1135.53
1146.43
1157.21
1167.91
1178.5
1189.07
1199.58
1210.17
1220.77
1231.47
1242.11
1252.61
1262.54
1271.95
1280.59
1288.75
1296.04
1302.73
1308.4
1313.63
1317.43
1320.69
1322.96
1324.9
1327.05
1326.43
1325.85
1323.68
1319.72
1314.29
1306.09
1074.04
1643.11
706.074
710.738
715.523
720.51
725.693
731.087
736.692
742.534
748.6
754.948
761.573
768.358
775.372
782.578
790.131
797.96
806.041
814.353
822.897
831.672
840.68
849.914
859.37
869.033
878.897
888.946
899.171
909.552
920.083
930.739
941.515
952.385
963.346
974.367
985.449
996.561
1007.71
1018.85
1030.01
1041.14
1052.25
1063.31
1074.35
1085.3
1096.22
1107.03
1117.79
1128.44
1139.02
1149.5
1159.94
1170.29
1180.66
1190.96
1201.29
1211.54
1221.71
1231.63
1241.33
1250.51
1259.57
1268.47
1276.93
1285.29
1292.77
1300.19
1306.3
1312.6
1316.9
1320.47
1321.95
1322.33
1319.56
1319.55
1316.34
1315.6
1314.32
1309.26
1068.86
1650.34
706.608
711.342
716.2
721.269
726.542
732.033
737.747
743.695
749.877
756.3
762.946
769.9
777.013
784.339
792.108
800.077
808.317
816.821
825.573
834.56
843.78
853.225
862.894
872.769
882.848
893.109
903.547
914.136
924.872
935.726
946.696
957.75
968.89
980.079
991.324
1002.58
1013.87
1025.15
1036.43
1047.66
1058.87
1070.01
1081.12
1092.13
1103.08
1113.93
1124.71
1135.37
1146.01
1156.54
1167.11
1177.6
1188.14
1198.58
1208.85
1218.79
1228.26
1237.05
1245.25
1253.12
1260.51
1267.95
1274.52
1281.1
1286.38
1292.71
1295.97
1301.37
1302.5
1307.4
1306.03
1309.81
1306.18
1308.47
1306.2
1308.48
1307.81
1308.4
1082.77
1645.23
707.173
711.988
716.928
722.089
727.461
733.058
738.887
744.953
751.258
757.798
764.578
771.697
779.078
786.7
794.552
802.64
811.024
819.694
828.626
837.792
847.185
856.792
866.613
876.626
886.832
897.203
907.738
918.406
929.207
940.106
951.11
962.177
973.319
984.491
995.713
1006.93
1018.18
1029.4
1040.62
1051.78
1062.93
1074
1085.05
1096
1106.91
1117.72
1128.52
1139.23
1149.98
1160.69
1171.44
1182.14
1192.69
1202.95
1212.73
1221.97
1230.33
1238.25
1245.65
1253.26
1260.11
1266.48
1272.17
1277.8
1280.37
1285.78
1287.33
1289.71
1289.16
1294.01
1290.5
1295.54
1294.71
1298.02
1298.62
1301.54
1303.03
1305.16
1087.56
1640.46
707.959
712.882
717.931
723.214
728.721
734.462
740.449
746.68
753.166
759.898
766.893
774.228
781.809
789.721
797.831
806.176
814.804
823.712
832.887
842.295
851.93
861.766
871.806
882.02
892.414
902.951
913.638
924.434
935.348
946.335
957.411
968.524
979.7
990.882
1002.1
1013.3
1024.51
1035.68
1046.84
1057.93
1069.01
1079.99
1090.95
1101.82
1112.67
1123.43
1134.25
1145.01
1155.85
1166.66
1177.35
1187.79
1197.76
1207.01
1215.46
1223.2
1230.38
1237.34
1243.88
1249.97
1255.86
1260.99
1263.63
1269.71
1271.2
1272.99
1276.02
1276.76
1275.86
1281.16
1280.65
1284.58
1286.31
1290.17
1291.92
1295.41
1296.81
1299.58
1082.56
1641.84
708.874
713.93
719.113
724.547
730.219
736.137
742.322
748.758
755.476
762.445
769.708
777.271
785.129
793.331
801.751
810.406
819.325
828.514
837.968
847.658
857.571
867.675
877.966
888.414
899.02
909.746
920.601
931.537
942.572
953.651
964.801
975.96
987.167
998.352
1009.57
1020.73
1031.91
1043.01
1054.12
1065.13
1076.14
1087.04
1097.94
1108.76
1119.61
1130.41
1141.29
1152.11
1162.81
1173.31
1183.36
1192.58
1201.13
1208.83
1215.91
1222.42
1228.74
1234.57
1240.29
1244.92
1247.65
1253.42
1253.87
1256.88
1259.68
1258.61
1261.35
1265.03
1265.04
1269.86
1272.12
1276.58
1278.91
1283.76
1286.04
1290.81
1293.05
1296.75
1090.82
1643.21
709.914
715.129
720.467
726.084
731.945
738.086
744.491
751.192
758.163
765.44
772.98
780.824
789.053
797.585
806.372
815.385
824.66
834.179
843.964
853.97
864.201
874.599
885.178
895.878
906.723
917.647
928.684
939.762
950.921
962.085
973.305
984.499
995.726
1006.9
1018.09
1029.21
1040.33
1051.36
1062.39
1073.31
1084.24
1095.09
1105.95
1116.78
1127.7
1138.59
1149.43
1160.14
1170.37
1179.75
1188.55
1196.23
1203.1
1209.47
1215.24
1220.74
1226.29
1230.45
1233.54
1238.39
1238.19
1242.12
1243.27
1242.62
1246.41
1248.63
1249.35
1254.34
1256.75
1261.06
1263.65
1268.64
1271.48
1276.58
1279.45
1284.63
1287.66
1291.85
1086.22
1659.48
711.071
716.465
721.988
727.811
733.903
740.291
746.969
753.964
761.25
768.859
776.74
784.953
793.562
802.48
811.66
821.094
830.766
840.681
850.832
861.201
871.769
882.5
893.375
904.359
915.444
926.59
937.802
949.035
960.307
971.563
982.839
994.066
1005.3
1016.46
1027.62
1038.68
1049.74
1060.69
1071.65
1082.5
1093.38
1104.18
1115.04
1125.82
1136.59
1147.12
1157.1
1166.51
1175.3
1182.79
1189.36
1195.55
1201.07
1206.47
1212
1216.31
1219.57
1223.94
1223.96
1227.93
1227.31
1228.98
1231.88
1233.19
1234.86
1239.46
1241.7
1245.86
1248.6
1253.57
1256.54
1261.58
1264.8
1270.25
1273.77
1279.3
1282.93
1287.54
1093.75
1657.18
712.337
717.936
723.671
729.727
736.09
742.753
749.762
757.073
764.748
772.7
780.965
789.657
798.707
808.037
817.679
827.552
837.696
848.034
858.615
869.362
880.312
891.371
902.58
913.83
925.186
936.526
947.939
959.294
970.698
982.009
993.356
1004.58
1015.83
1026.95
1038.07
1049.08
1060.07
1070.97
1081.86
1092.69
1103.55
1114.39
1125.26
1136.01
1146.3
1156.07
1164.73
1172.38
1178.86
1184.73
1189.5
1194.22
1199.29
1202.9
1206.09
1210.14
1209.98
1213.63
1213.56
1214.99
1216.92
1219.32
1221.12
1225.18
1227.43
1231.3
1234.17
1238.92
1241.88
1246.7
1250.11
1255.42
1259.1
1264.57
1268.37
1274
1278
1282.69
1104.75
1646.09
713.698
719.535
725.502
731.835
738.49
745.491
752.848
760.557
768.626
777.007
785.748
794.95
804.455
814.291
824.399
834.8
845.413
856.257
867.271
878.458
889.78
901.212
912.722
924.279
935.859
947.432
958.99
970.505
981.977
993.387
1004.73
1016.01
1027.2
1038.32
1049.36
1060.34
1071.26
1082.09
1092.94
1103.65
1114.33
1124.75
1134.76
1144.18
1152.6
1160.12
1166.4
1171.95
1176.67
1181.49
1186.74
1190.23
1194.1
1196.85
1197.19
1200.88
1199.85
1200.98
1204.23
1205.54
1207.33
1211.54
1213.65
1217.4
1220.35
1224.78
1227.62
1232.28
1235.78
1240.88
1244.58
1249.92
1253.88
1259.54
1263.64
1269.41
1273.71
1278.53
1113.85
1633.69
715.153
721.255
727.485
734.13
741.118
748.499
756.256
764.411
772.923
781.767
791.124
800.822
810.902
821.234
831.932
842.824
854.023
865.331
876.875
888.466
900.229
911.983
923.849
935.643
947.496
959.229
970.977
982.574
994.169
1005.58
1017.01
1028.21
1039.46
1050.46
1061.55
1072.39
1083.34
1094.1
1104.93
1115.57
1125.97
1135.95
1144.69
1152.38
1158.75
1164.07
1168.51
1172.09
1175.87
1178.7
1182.69
1183.94
1185.42
1188.5
1186.17
1189.5
1191.51
1191.99
1194.91
1198.43
1200.44
1204.18
1207.04
1211.31
1214.19
1218.66
1222.14
1226.98
1230.63
1235.74
1239.75
1245.24
1249.44
1255.14
1259.47
1265.32
1269.92
1274.74
1118
1628.55
716.707
723.1
729.631
736.62
743.992
751.796
760.01
768.658
777.667
787.119
797.041
807.371
817.991
828.98
840.205
851.748
863.437
875.361
887.334
899.456
911.562
923.738
935.849
947.967
959.978
971.937
983.779
995.514
1007.14
1018.63
1030.02
1041.26
1052.41
1063.47
1074.35
1085.26
1095.81
1106.32
1116.18
1125.51
1133.86
1141.59
1147.72
1152.64
1156.94
1161.07
1165.13
1168.85
1172.18
1172.92
1175.15
1176.37
1174.52
1178.72
1178.67
1179.92
1183.32
1185.78
1187.81
1191.48
1194.28
1198.36
1201.11
1205.47
1209.01
1213.65
1217.19
1222.1
1226.08
1231.33
1235.5
1241
1245.42
1251.22
1255.77
1261.63
1266.41
1271.25
1120.22
1623.4
718.352
725.066
731.94
739.302
747.126
755.38
764.143
773.292
782.893
793.016
803.622
814.549
825.882
837.463
849.397
861.481
873.846
886.23
898.819
911.295
923.915
936.33
948.845
961.092
973.405
985.424
997.46
1009.21
1020.95
1032.39
1043.84
1055.01
1066.16
1077.13
1088.02
1098.63
1109.23
1118.89
1128.23
1135.91
1142.41
1147.57
1151.54
1154.33
1156.53
1159.47
1161.57
1162.92
1165.11
1164.34
1164.64
1167.99
1166.55
1169.46
1171.97
1173.78
1176.16
1179.65
1182.15
1185.9
1188.6
1192.8
1196.27
1200.72
1204.23
1209.03
1213
1218.04
1222.15
1227.44
1231.86
1237.47
1242.06
1247.85
1252.54
1258.43
1263.43
1268.27
1121.76
1621.74
720.072
727.162
734.394
742.211
750.5
759.312
768.625
778.392
788.685
799.542
810.825
822.496
834.514
846.836
859.418
872.192
885.117
898.126
911.144
924.17
937.066
949.942
962.582
975.207
987.53
999.825
1011.83
1023.74
1035.42
1046.96
1058.27
1069.47
1080.39
1091.02
1101.22
1110.49
1118.97
1126.31
1132.74
1137.66
1141.36
1144.22
1147.68
1151.56
1153.56
1154.78
1155.89
1153.99
1156.09
1157.5
1155.96
1159.83
1160.81
1162.57
1165.32
1168.27
1170.53
1174.07
1176.73
1180.67
1183.94
1188.13
1191.54
1196.21
1200.18
1205.06
1209.11
1214.25
1218.65
1224.08
1228.65
1234.26
1238.97
1244.79
1249.61
1255.5
1260.64
1265.46
1122.8
1618.69
721.88
729.38
737.023
745.341
754.164
763.595
773.524
783.98
795.096
806.698
818.781
831.209
844.026
857.09
870.399
883.85
897.384
910.958
924.472
937.909
951.216
964.322
977.325
989.982
1002.66
1014.84
1027.12
1038.89
1050.7
1062.09
1073.45
1084.35
1095.23
1105.17
1114.78
1122.94
1129.69
1134.98
1138.83
1141.53
1142.49
1144.24
1145.07
1146.94
1147.17
1145.74
1148
1147.41
1147.38
1150.61
1150.4
1152.96
1155.32
1157.54
1159.74
1163.01
1165.6
1169.25
1172.3
1176.25
1179.53
1183.96
1187.81
1192.47
1196.44
1201.45
1205.84
1211.13
1215.67
1221.11
1225.83
1231.48
1236.33
1242.14
1247.09
1252.99
1258.32
1263.16
1122.79
1619.38
723.782
731.725
739.844
748.703
758.154
768.247
778.898
790.19
802.099
814.615
827.463
840.833
854.397
868.334
882.333
896.508
910.649
924.744
938.775
952.538
966.265
979.565
992.841
1005.68
1018.37
1030.83
1042.87
1054.91
1066.36
1077.72
1088.45
1098.4
1107.32
1114.76
1121.36
1126.86
1130.7
1133.26
1135.62
1138.54
1140.99
1141.27
1139.86
1139.47
1140.64
1138.6
1140.46
1142.04
1141.2
1144.31
1145.73
1147.69
1150.01
1152.79
1155.1
1158.36
1161.18
1164.92
1168.08
1172.25
1175.88
1180.25
1184.08
1188.93
1193.26
1198.37
1202.83
1208.14
1212.87
1218.43
1223.31
1228.99
1233.94
1239.77
1244.86
1250.79
1256.29
1261.11
1124.22
1613.53
725.774
734.209
742.869
752.319
762.508
773.291
784.789
796.96
809.912
823.188
837.158
851.237
865.899
880.451
895.432
910.08
925.023
939.462
954.044
968.125
982.11
995.786
1009.04
1022.25
1034.85
1047.37
1059.5
1071.09
1082.81
1093.21
1103.65
1112.4
1119.56
1125.45
1129.47
1132.14
1133.3
1133.72
1134.41
1135.04
1133.96
1134.94
1133.15
1132.15
1134.17
1133.73
1133.99
1136.81
1137.02
1139.04
1141.17
1143.39
1145.62
1148.61
1151.13
1154.5
1157.45
1161.29
1164.7
1168.85
1172.54
1177.15
1181.3
1186.15
1190.48
1195.64
1200.35
1205.81
1210.67
1216.22
1221.17
1226.89
1232
1237.88
1243.09
1249
1254.58
1259.36
1124.63
1609.95
727.815
736.847
746.06
756.259
767.176
778.851
791.254
804.539
818.342
832.817
847.581
862.867
878.21
893.868
909.331
924.975
940.11
955.449
969.993
984.8
998.732
1012.79
1026.2
1039.29
1052.23
1064.27
1076.44
1087.19
1097.5
1105.85
1112.76
1118.64
1122.72
1126.3
1127.56
1129.7
1132.23
1131.32
1130.54
1129.79
1127.42
1127.89
1127.86
1126.52
1128.26
1129.61
1129.24
1131.85
1133.18
1134.79
1136.85
1139.38
1141.67
1144.78
1147.48
1150.91
1154.02
1157.88
1161.4
1165.73
1169.66
1174.24
1178.43
1183.42
1188.01
1193.27
1198.02
1203.45
1208.41
1214.09
1219.23
1225
1230.18
1236.03
1241.33
1247.28
1253.02
1257.84
1121.44
1611.91
729.965
739.642
749.521
760.517
772.321
784.914
798.503
812.764
827.812
843.221
859.247
875.38
891.835
908.2
924.562
940.65
956.586
971.978
987.374
1001.89
1016.65
1030.26
1044.23
1057.02
1069.82
1081.77
1092.94
1103.24
1111.71
1118.53
1123.53
1126.4
1128.33
1128.81
1128.18
1127.55
1127.44
1125.96
1124.48
1123.86
1122.11
1122.04
1123.66
1122.86
1123.18
1125.4
1125.61
1127.45
1129.42
1131.32
1133.28
1135.94
1138.41
1141.54
1144.43
1148
1151.25
1155.2
1158.89
1163.22
1167.25
1172
1176.43
1181.44
1186.06
1191.33
1196.25
1201.81
1206.9
1212.55
1217.71
1223.49
1228.82
1234.78
1240.23
1246.16
1251.94
1256.69
1124.6
1608.82
732.234
742.643
753.261
765.18
777.969
791.705
806.326
822.029
837.996
854.942
871.765
889.29
906.437
923.827
940.802
957.508
973.914
989.753
1005.33
1020.32
1034.87
1049.02
1062.29
1075.39
1086.88
1097.55
1105.93
1112.6
1118.03
1121.77
1124.22
1125.17
1127.08
1126.52
1125.78
1123.7
1122.38
1120.17
1119.2
1119.14
1118.56
1117.76
1119.47
1119.96
1119.44
1121.55
1122.44
1123.86
1125.79
1128.02
1130.09
1132.76
1135.29
1138.51
1141.51
1145.14
1148.55
1152.55
1156.31
1160.73
1164.91
1169.68
1174.16
1179.26
1184.06
1189.41
1194.38
1199.88
1205.02
1210.75
1216.1
1221.96
1227.37
1233.28
1238.75
1244.7
1250.61
1255.4
1124.39
1607.32
734.592
745.782
757.334
770.163
784.128
799.006
815.348
831.845
849.803
867.298
886.113
903.937
922.763
940.325
958.429
975.361
992.324
1008.52
1024.24
1039.54
1053.89
1068.03
1080.99
1092.86
1103.91
1111.93
1118.94
1123.22
1125.65
1126.38
1126.05
1125.27
1123.9
1122.37
1120.14
1118.06
1116.95
1115.48
1115.07
1114.6
1115.08
1114.47
1115.11
1116.73
1116.5
1118.07
1119.52
1121.02
1122.81
1125.18
1127.43
1130.25
1132.89
1136.11
1139.25
1142.99
1146.52
1150.61
1154.53
1159
1163.29
1168.14
1172.78
1177.94
1182.81
1188.17
1193.25
1198.85
1204.11
1209.85
1215.21
1221.07
1226.59
1232.59
1238.21
1244.18
1250.13
1254.87
1121.94
1609.6
737.019
749.238
761.673
775.792
790.87
807.628
824.787
843.566
862.001
881.962
900.794
920.98
939.407
958.988
976.467
994.948
1011.4
1028.53
1043.96
1059.34
1073.57
1086.49
1098.09
1106.58
1113.84
1118.46
1122.21
1124.02
1124.48
1124.89
1124.13
1122.4
1119.46
1118.02
1115.48
1114.04
1113.11
1112.19
1112.01
1111.21
1111.97
1112.1
1111.59
1113.46
1113.95
1115.02
1116.63
1118.33
1120.08
1122.42
1124.79
1127.68
1130.45
1133.73
1136.91
1140.64
1144.28
1148.44
1152.44
1156.94
1161.3
1166.17
1170.85
1176.03
1180.98
1186.39
1191.52
1197.08
1202.36
1208.11
1213.59
1219.5
1225.07
1231.03
1236.65
1242.58
1248.61
1253.37
1124.36
1606.68
739.596
752.858
766.537
781.882
798.771
816.567
836.106
855.584
876.651
896.772
918.227
937.971
958.791
977.429
997.07
1014.31
1032.68
1048.45
1064.9
1079.08
1092.91
1104.22
1113.21
1120.3
1124.38
1126.56
1126.54
1125.77
1124.27
1121.85
1119.68
1117.26
1114.68
1113.6
1111.25
1110.7
1109.63
1108.78
1108.75
1108.15
1108.63
1109.58
1108.9
1110.34
1111.48
1112.63
1114.16
1116.01
1117.88
1120.25
1122.7
1125.71
1128.62
1131.98
1135.28
1139.1
1142.85
1147.09
1151.24
1155.85
1160.33
1165.27
1170.06
1175.31
1180.36
1185.82
1191.06
1196.7
1202.12
1207.95
1213.51
1219.47
1225.15
1231.2
1236.98
1242.99
1249.15
1253.91
1125.93
1605.08
742.252
756.897
771.775
788.749
807.044
827.301
847.819
870.049
891.611
914.399
935.763
957.793
978.047
998.573
1017.3
1036.37
1053.16
1070.42
1084.57
1098.23
1107.94
1115.24
1120.13
1123.97
1125.07
1125.79
1125.28
1123.63
1121.11
1117.86
1116.14
1113.53
1111.64
1110.57
1108.46
1108.15
1107.22
1106.26
1106.15
1105.93
1105.8
1107.12
1106.86
1107.67
1109.04
1110.4
1111.9
1113.79
1115.69
1118.08
1120.56
1123.57
1126.57
1130
1133.34
1137.13
1140.92
1145.2
1149.4
1154.02
1158.52
1163.44
1168.24
1173.47
1178.55
1184
1189.25
1194.86
1200.27
1206.05
1211.6
1217.51
1223.15
1229.12
1234.84
1240.75
1246.86
1251.55
1121.43
1607.09
745.107
761.148
777.742
796.222
817.121
838.532
862.126
884.998
909.602
932.341
956.326
977.741
1000.02
1019.75
1040.01
1057.92
1075.86
1089.97
1105.41
1113.33
1122.27
1126.37
1128.88
1128.04
1127.01
1124.92
1122.15
1119.43
1116.77
1113.8
1112.64
1110.23
1108.74
1107.59
1105.71
1105.4
1104.72
1103.68
1103.58
1103.81
1103.37
1104.63
1105.08
1105.64
1106.93
1108.46
1110.09
1112.07
1114.08
1116.53
1119.08
1122.14
1125.26
1128.77
1132.25
1136.15
1140.07
1144.42
1148.75
1153.47
1158.11
1163.13
1168.04
1173.34
1178.52
1184.07
1189.47
1195.19
1200.74
1206.61
1212.3
1218.3
1224.06
1230.11
1235.94
1241.94
1248.14
1252.86
1125.93
1604.59
748.112
765.974
784.309
805.366
827.599
852.484
876.803
903.354
927.727
953.864
976.738
1000.96
1021.8
1043.57
1062.66
1080.77
1096.61
1107.76
1117.91
1121.62
1126.42
1127.59
1128.37
1127.46
1124.99
1121.88
1118.59
1116.42
1113.94
1111.59
1110.16
1107.8
1106.6
1105.58
1103.92
1103.4
1102.75
1101.76
1101.54
1102.01
1101.64
1102.41
1103.34
1104
1105.11
1106.65
1108.35
1110.41
1112.48
1114.93
1117.5
1120.54
1123.68
1127.23
1130.77
1134.68
1138.62
1142.97
1147.32
1152.02
1156.65
1161.61
1166.48
1171.7
1176.83
1182.28
1187.61
1193.24
1198.72
1204.48
1210.08
1215.96
1221.65
1227.61
1233.43
1239.42
1245.62
1250.37
1123.89
1603.54
751.407
771.087
791.928
814.836
840.643
866.754
894.998
921.73
949.789
974.898
1000.95
1023.37
1046.94
1066.46
1087.19
1100.62
1116
1123.25
1129.18
1132.28
1131.14
1129.95
1127.26
1124.29
1121.2
1118.38
1115.25
1113.73
1111.33
1109.26
1107.58
1105.29
1104.46
1103.43
1101.93
1101.3
1100.77
1100.02
1099.67
1100.32
1100.22
1100.61
1101.71
1102.62
1103.75
1105.29
1107.03
1109.18
1111.4
1113.95
1116.6
1119.68
1122.91
1126.56
1130.26
1134.3
1138.37
1142.8
1147.26
1152.06
1156.82
1161.88
1166.87
1172.18
1177.43
1182.99
1188.47
1194.22
1199.84
1205.71
1211.44
1217.44
1223.27
1229.37
1235.34
1241.42
1247.67
1252.43
1125.15
1605.51
754.921
777.004
800.252
826.728
854.433
884.572
913.765
944.211
971.753
1000.09
1024.34
1049.63
1070.89
1091.25
1107.49
1116.83
1125.33
1129.38
1130.67
1131.94
1131.05
1128.16
1124.63
1121.22
1118.61
1116.14
1113.57
1111.79
1109.39
1107.57
1105.91
1103.81
1102.96
1101.88
1100.44
1099.71
1099.23
1098.64
1098.18
1098.88
1098.96
1099.23
1100.28
1101.35
1102.58
1104.12
1105.85
1108
1110.28
1112.87
1115.55
1118.57
1121.72
1125.26
1128.88
1132.83
1136.81
1141.12
1145.48
1150.18
1154.87
1159.87
1164.83
1170.08
1175.3
1180.82
1186.28
1192.04
1197.71
1203.62
1209.39
1215.41
1221.31
1227.43
1233.4
1239.45
1245.74
1250.48
1125.41
1603.31
758.868
783.623
810.564
839.492
871.723
903.382
936.658
967.223
997.775
1024.88
1051.72
1074.16
1098.08
1110.29
1125.24
1130.82
1135.6
1135.54
1134.14
1130.94
1127.71
1124.37
1121.31
1118.19
1116.19
1113.8
1111.43
1109.35
1106.96
1105.49
1103.95
1102.12
1101.14
1100.08
1098.83
1098.17
1097.84
1097.39
1096.91
1097.58
1097.81
1098.12
1099.07
1100.19
1101.55
1103.2
1104.98
1107.16
1109.54
1112.26
1115.06
1118.18
1121.45
1125.12
1128.93
1133.05
1137.2
1141.63
1146.1
1150.88
1155.66
1160.71
1165.76
1171.09
1176.4
1181.98
1187.52
1193.3
1198.98
1204.84
1210.59
1216.59
1222.53
1228.6
1234.43
1240.34
1246.7
1251.53
1126.99
1602.5
763.497
791.467
821.577
855.78
889.998
926.712
960.295
994.317
1024.17
1052.56
1079.05
1099.36
1118.02
1124.72
1131.97
1134.35
1135.64
1135.13
1132.3
1128.72
1125.06
1122.21
1119.62
1116.93
1114.73
1112.2
1110.03
1107.87
1105.56
1104.21
1102.62
1100.92
1099.77
1098.59
1097.46
1096.83
1096.55
1096.12
1095.71
1096.32
1096.6
1097.03
1097.87
1098.98
1100.41
1102.06
1103.79
1105.82
1108.05
1110.63
1113.35
1116.39
1119.6
1123.19
1126.97
1131.07
1135.24
1139.66
1144.13
1148.89
1153.7
1158.77
1163.87
1169.23
1174.6
1180.22
1185.79
1191.56
1197.24
1203.14
1208.96
1214.97
1220.84
1226.84
1232.71
1238.69
1245.1
1249.88
1123.92
1604.31
769.107
800.201
836.089
873.02
913.622
950.524
989.545
1020.92
1055.1
1079.06
1107.9
1119.88
1133.04
1139.07
1140.28
1139.2
1135.86
1132.33
1128.86
1125.61
1122.32
1119.95
1117.51
1115.03
1112.59
1110.05
1108.08
1106.01
1103.95
1102.62
1101.02
1099.48
1098.29
1097.11
1096.1
1095.51
1095.22
1094.74
1094.4
1094.9
1095.15
1095.69
1096.53
1097.67
1099.12
1100.85
1102.7
1104.85
1107.24
1110
1112.93
1116.13
1119.49
1123.18
1127.05
1131.24
1135.52
1140.07
1144.67
1149.54
1154.45
1159.62
1164.81
1170.23
1175.65
1181.3
1186.91
1192.73
1198.51
1204.51
1210.43
1216.47
1222.32
1228.34
1234.33
1240.48
1247.03
1251.76
1126.9
1602.47
775.789
811.568
851.571
895.647
938.151
980.465
1018.54
1052.75
1083.99
1108.19
1126.9
1132.9
1138.93
1140.71
1141
1138.32
1134.58
1130.32
1127.13
1124.37
1121.54
1118.95
1116.33
1113.86
1111.24
1108.68
1106.76
1104.68
1102.67
1101.1
1099.37
1097.9
1096.68
1095.48
1094.48
1093.9
1093.57
1093.1
1092.82
1093.26
1093.5
1094.14
1094.98
1095.93
1097.2
1098.84
1100.71
1102.92
1105.36
1108.15
1111.12
1114.39
1117.84
1121.58
1125.49
1129.7
1134.04
1138.67
1143.32
1148.14
1153.02
1158.12
1163.25
1168.58
1173.91
1179.44
1184.96
1190.68
1196.36
1202.24
1208.06
1214.02
1219.91
1225.95
1231.89
1237.86
1244.21
1248.92
1124.81
1602.05
784.051
824.261
872.617
919.742
969.754
1010.74
1053.24
1082.81
1115.62
1131.16
1142.36
1147.89
1145.68
1142.71
1138.87
1135.03
1131.32
1127.56
1124.64
1122.07
1119.61
1116.91
1114.19
1111.78
1109.2
1106.81
1104.85
1102.77
1100.88
1099.17
1097.44
1096.11
1094.93
1093.76
1092.76
1092.15
1091.82
1091.5
1091.36
1091.65
1092.16
1092.94
1093.94
1095.06
1096.5
1098.35
1100.42
1102.79
1105.34
1108.21
1111.29
1114.68
1118.23
1122.05
1126.02
1130.29
1134.69
1139.3
1143.95
1148.82
1153.76
1158.96
1164.22
1169.68
1175.15
1180.8
1186.43
1192.26
1198.06
1204.02
1209.9
1215.92
1221.87
1228
1234.09
1240.15
1246.31
1251.02
1126.25
1603.79
794.558
842.483
895.785
952.259
1002.5
1047.61
1085.09
1113.25
1133.69
1142.06
1143.39
1144.99
1142.86
1138.62
1133.45
1129.39
1126.18
1123.39
1120.78
1118.4
1116.12
1113.43
1110.78
1108.52
1106.28
1104.28
1102.43
1100.57
1098.93
1097.35
1095.79
1094.58
1093.52
1092.36
1091.41
1090.81
1090.44
1090.2
1090.2
1090.4
1090.98
1091.76
1092.76
1094.07
1095.61
1097.45
1099.52
1101.84
1104.35
1107.15
1110.19
1113.51
1117
1120.71
1124.57
1128.72
1133.01
1137.54
1142.17
1147.03
1151.96
1157.12
1162.35
1167.79
1173.26
1178.9
1184.54
1190.35
1196.15
1202.08
1207.94
1213.91
1219.81
1225.88
1231.94
1237.93
1244.04
1248.64
1124.21
1602.13
808.718
862.765
928.665
984.956
1041.93
1078.76
1117.02
1135.2
1142.92
1146.79
1143.69
1138.27
1133.18
1129.23
1126.15
1123.54
1121.3
1119.09
1116.52
1114.07
1111.85
1109.33
1106.9
1104.83
1102.79
1100.93
1099.11
1097.39
1095.9
1094.42
1092.98
1091.86
1090.89
1089.85
1089.01
1088.54
1088.18
1088.05
1088.1
1088.32
1088.76
1089.53
1090.53
1091.81
1093.33
1095.16
1097.25
1099.59
1102.11
1104.9
1107.92
1111.21
1114.64
1118.28
1122.04
1126.08
1130.28
1134.76
1139.35
1144.17
1149.1
1154.26
1159.53
1165.02
1170.55
1176.27
1182
1187.93
1193.85
1199.93
1205.98
1212.19
1218.37
1224.68
1230.91
1237.11
1243.75
1248.72
1124.1
1601.69
826.822
893.559
961.873
1024.55
1069.73
1100.97
1125.13
1135.99
1135.83
1135.7
1132.9
1130.31
1126.83
1123.45
1121.04
1118.46
1116.27
1114
1111.27
1108.63
1106.52
1104.32
1102.16
1100.12
1098.09
1096.14
1094.19
1092.51
1091.04
1089.53
1088.18
1087.14
1086.24
1085.36
1084.61
1084.29
1084.03
1084.12
1084.3
1084.63
1085.19
1086.08
1087.19
1088.51
1090.03
1091.83
1093.87
1096.17
1098.65
1101.4
1104.37
1107.62
1111.05
1114.71
1118.54
1122.65
1126.96
1131.57
1136.31
1141.28
1146.35
1151.65
1157.03
1162.64
1168.28
1174.1
1179.93
1185.94
1191.94
1198.1
1204.22
1210.49
1216.7
1223.02
1229.25
1235.49
1242.19
1247.16
1120.45
1603.21
849.141
922.727
1001.51
1046.97
1092.19
1114.94
1128.1
1134.8
1132.54
1128.63
1123.08
1120.68
1120.1
1118.63
1116.47
1113.91
1111.62
1109.49
1107.03
1104.44
1102.12
1099.93
1097.83
1095.69
1093.77
1091.86
1089.95
1088.29
1086.74
1085.25
1083.89
1082.73
1081.86
1081.06
1080.34
1080
1079.79
1079.98
1080.25
1080.68
1081.38
1082.37
1083.59
1085.02
1086.62
1088.44
1090.49
1092.8
1095.31
1098.07
1101.05
1104.32
1107.8
1111.56
1115.53
1119.79
1124.26
1129.02
1133.92
1139.06
1144.28
1149.72
1155.21
1160.92
1166.67
1172.59
1178.5
1184.59
1190.64
1196.86
1203.01
1209.32
1215.54
1221.89
1228.13
1234.37
1241.01
1245.88
1119.22
1601.83
875.719
956.419
1028.32
1070.91
1105.09
1131.85
1136.49
1136.64
1133.36
1130.66
1127.37
1123.51
1120.86
1118.98
1116.73
1114.09
1111.57
1109.08
1106.38
1103.56
1100.79
1098.38
1096.06
1093.72
1091.7
1089.64
1087.68
1085.93
1084.21
1082.71
1081.34
1080.07
1079.18
1078.42
1077.74
1077.37
1077.22
1077.43
1077.71
1078.18
1078.9
1079.88
1081.09
1082.55
1084.22
1086.11
1088.24
1090.66
1093.32
1096.26
1099.44
1102.91
1106.63
1110.62
1114.81
1119.23
1123.82
1128.65
1133.6
1138.76
1143.99
1149.4
1154.86
1160.5
1166.16
1171.97
1177.76
1183.72
1189.65
1195.72
1201.75
1207.9
1213.97
1220.15
1226.27
1232.37
1238.87
1243.65
1115.95
1601.72
933.159
1039.19
1116.08
1153.11
1166.39
1163.89
1155.42
1145.96
1140.77
1136.08
1133.32
1130.17
1126.73
1123.5
1120.22
1116.79
1113.4
1110.11
1107.12
1104.25
1101.27
1098.7
1096.23
1093.82
1091.62
1089.4
1087.45
1085.55
1083.68
1082.29
1080.93
1079.52
1078.64
1077.96
1077.27
1076.8
1076.56
1076.64
1076.86
1077.29
1077.95
1078.89
1080.14
1081.72
1083.6
1085.76
1088.2
1090.97
1094.04
1097.38
1100.88
1104.6
1108.54
1112.71
1117.01
1121.52
1126.14
1130.97
1135.91
1141.07
1146.26
1151.62
1156.97
1162.5
1168.02
1173.73
1179.44
1185.31
1191.14
1197.13
1203.05
1209.11
1215.09
1221.16
1227.19
1233.23
1239.65
1244.42
1116.58
1603.21
1010.66
1116.66
1169.75
1177.79
1181.11
1168.04
1158.98
1154.54
1146.96
1142.41
1138.96
1135.14
1130.69
1125.91
1121.88
1118.21
1114.45
1110.72
1107.66
1104.74
1101.56
1098.94
1096.44
1094.06
1091.81
1089.5
1087.57
1085.59
1083.63
1082.36
1081.03
1079.53
1078.69
1078.03
1077.31
1076.78
1076.51
1076.64
1076.77
1077.12
1077.76
1078.68
1079.87
1081.42
1083.28
1085.43
1087.87
1090.72
1093.91
1097.42
1101.11
1105.02
1109.02
1113.23
1117.53
1122
1126.51
1131.23
1136.05
1141.09
1146.17
1151.41
1156.64
1162.01
1167.38
1172.92
1178.49
1184.21
1189.91
1195.74
1201.53
1207.43
1213.28
1219.19
1225.13
1231.07
1237.42
1242.11
1114.18
1601.58
)
;

boundaryField
{
    inlet
    {
        type            calculated;
        value           nonuniform List<scalar> 
40
(
151.862
152.017
152.019
151.841
151.521
151.04
150.4
149.595
148.637
147.528
146.297
144.95
143.523
142.019
140.471
138.874
137.257
135.603
133.936
132.232
130.51
128.742
126.948
125.099
123.219
121.281
119.317
117.309
115.301
113.287
111.325
109.423
107.652
106.026
104.618
103.431
102.518
101.842
101.423
101.175
)
;
    }
    outlet
    {
        type            calculated;
        value           nonuniform List<scalar> 
40
(
1643.11
1650.34
1645.23
1640.46
1641.84
1643.21
1659.48
1657.18
1646.09
1633.69
1628.55
1623.4
1621.74
1618.69
1619.38
1613.53
1609.95
1611.91
1608.82
1607.32
1609.6
1606.68
1605.08
1607.09
1604.59
1603.54
1605.51
1603.31
1602.5
1604.31
1602.47
1602.05
1603.79
1602.13
1601.69
1603.21
1601.83
1601.72
1603.21
1601.58
)
;
    }
    axis
    {
        type            symmetryPlane;
    }
    wall
    {
        type            calculated;
        value           nonuniform List<scalar> 
200
(
101.174
103.89
105.925
108.166
110.462
112.827
115.236
117.672
120.117
122.553
124.964
127.332
129.642
131.882
134.039
136.108
138.083
139.967
141.766
143.493
145.165
146.8
148.42
150.044
151.691
153.377
155.113
156.906
158.762
160.68
162.659
164.697
166.791
168.938
171.136
173.384
175.681
178.027
180.423
182.869
185.362
187.9
190.485
193.118
195.798
198.525
201.298
204.115
206.974
209.871
212.806
215.776
218.78
221.817
224.887
227.992
231.133
234.312
237.533
240.801
244.116
247.479
250.894
254.392
258.029
261.757
265.507
269.275
273.081
276.938
280.851
284.823
288.855
292.947
297.1
301.316
305.596
309.943
314.361
318.852
323.422
328.077
332.825
337.676
342.637
347.704
352.876
358.153
363.54
369.042
374.666
380.418
386.307
392.338
398.522
404.864
411.379
418.072
424.96
432.05
439.364
446.911
454.72
462.8
471.187
479.892
488.966
498.424
508.342
518.744
529.741
541.379
553.835
567.213
581.838
598.016
616.498
638.787
667.688
723.079
970.33
1089.21
1162.88
1177.02
1181.1
1167.98
1158.89
1154.5
1146.96
1142.41
1138.95
1135.14
1130.69
1125.91
1121.88
1118.21
1114.45
1110.72
1107.66
1104.74
1101.56
1098.94
1096.44
1094.06
1091.81
1089.5
1087.57
1085.59
1083.63
1082.36
1081.03
1079.53
1078.69
1078.03
1077.31
1076.78
1076.51
1076.64
1076.77
1077.12
1077.76
1078.67
1079.87
1081.42
1083.28
1085.42
1087.87
1090.72
1093.9
1097.42
1101.11
1105.02
1109.01
1113.23
1117.53
1121.99
1126.51
1131.23
1136.05
1141.08
1146.16
1151.4
1156.63
1162
1167.37
1172.91
1178.48
1184.21
1189.9
1195.73
1201.52
1207.42
1213.27
1219.19
1225.12
1231.06
1237.41
1242.1
1114.17
1601.58
)
;
    }
    frontAndBack
    {
        type            empty;
    }
}


// ************************************************************************* //
