/*--------------------------------*- C++ -*----------------------------------*\
  =========                 |
  \\      /  F ield         | OpenFOAM: The Open Source CFD Toolbox
   \\    /   O peration     | Website:  https://openfoam.org
    \\  /    A nd           | Version:  13
     \\/     M anipulation  |
\*---------------------------------------------------------------------------*/
FoamFile
{
    format      ascii;
    class       volScalarField;
    location    "0.011";
    object      rho;
}
// * * * * * * * * * * * * * * * * * * * * * * * * * * * * * * * * * * * * * //

dimensions      [1 -3 0 0 0 0 0];

internalField   nonuniform List<scalar> 
8000
(
0.386471
0.385722
0.38547
0.385169
0.384882
0.384596
0.384318
0.384048
0.383789
0.383539
0.383299
0.383065
0.382835
0.382607
0.382376
0.382139
0.381895
0.38164
0.381376
0.381101
0.380818
0.380529
0.380237
0.379943
0.379649
0.379357
0.379066
0.378775
0.378483
0.378187
0.377888
0.377582
0.377269
0.376949
0.376622
0.376289
0.375951
0.37561
0.375266
0.374921
0.374575
0.37423
0.373885
0.37354
0.373196
0.372852
0.372505
0.372156
0.371802
0.371443
0.371076
0.370699
0.370313
0.369916
0.369507
0.369086
0.368654
0.368211
0.367759
0.367298
0.366829
0.366354
0.365872
0.365383
0.364889
0.364388
0.363878
0.36336
0.36283
0.362288
0.361732
0.361159
0.360568
0.359958
0.359326
0.358673
0.357998
0.357298
0.356575
0.355828
0.355057
0.35426
0.353439
0.352592
0.35172
0.350819
0.349891
0.348933
0.347945
0.346922
0.345866
0.34477
0.343637
0.342458
0.341235
0.33996
0.338635
0.337248
0.335805
0.33429
0.332709
0.331044
0.329303
0.327462
0.325532
0.323482
0.321326
0.319023
0.31659
0.313971
0.311192
0.308167
0.304936
0.30137
0.297531
0.293212
0.288519
0.283121
0.277213
0.270281
0.386471
0.385722
0.385472
0.385171
0.384884
0.384599
0.384322
0.384052
0.383793
0.383543
0.383302
0.383067
0.382837
0.382607
0.382375
0.382138
0.381892
0.381637
0.381372
0.381097
0.380815
0.380526
0.380234
0.37994
0.379646
0.379354
0.379063
0.378772
0.378479
0.378184
0.377884
0.377578
0.377265
0.376946
0.376619
0.376287
0.37595
0.375609
0.375265
0.374921
0.374576
0.37423
0.373886
0.373542
0.373197
0.372853
0.372506
0.372157
0.371803
0.371443
0.371075
0.370699
0.370313
0.369915
0.369506
0.369086
0.368654
0.368212
0.367761
0.3673
0.366832
0.366357
0.365875
0.365387
0.364893
0.364391
0.363882
0.363363
0.362833
0.362291
0.361734
0.36116
0.360569
0.359959
0.359328
0.358674
0.357999
0.357299
0.356577
0.35583
0.355059
0.354263
0.353442
0.352596
0.351723
0.350823
0.349896
0.348938
0.347949
0.346927
0.34587
0.344775
0.343641
0.342462
0.341239
0.339964
0.338639
0.337253
0.335809
0.334294
0.332713
0.331048
0.329307
0.327467
0.325537
0.323488
0.321332
0.319029
0.316596
0.313978
0.311198
0.308174
0.304943
0.301378
0.297536
0.293216
0.288516
0.283109
0.277182
0.270225
0.386474
0.385725
0.385476
0.385174
0.384889
0.384605
0.384327
0.384058
0.383799
0.383549
0.383307
0.383071
0.382839
0.382608
0.382375
0.382136
0.381889
0.381633
0.381368
0.381093
0.38081
0.380522
0.38023
0.379936
0.379643
0.379351
0.379059
0.378768
0.378475
0.37818
0.37788
0.377574
0.377261
0.376942
0.376616
0.376285
0.375948
0.375608
0.375265
0.374921
0.374577
0.374232
0.373888
0.373544
0.3732
0.372855
0.372508
0.372158
0.371804
0.371443
0.371075
0.370699
0.370312
0.369915
0.369507
0.369087
0.368656
0.368215
0.367764
0.367304
0.366836
0.366362
0.365881
0.365393
0.364899
0.364397
0.363887
0.363368
0.362838
0.362295
0.361737
0.361164
0.360572
0.359961
0.35933
0.358677
0.358001
0.357302
0.35658
0.355834
0.355063
0.354268
0.353448
0.352602
0.35173
0.35083
0.349903
0.348945
0.347957
0.346935
0.345879
0.344783
0.343649
0.34247
0.341247
0.339972
0.338647
0.337261
0.335817
0.334302
0.332721
0.331057
0.329315
0.327476
0.325546
0.323497
0.321342
0.31904
0.316608
0.31399
0.31121
0.308188
0.304955
0.301391
0.297545
0.293222
0.28851
0.283089
0.277131
0.270131
0.386478
0.385727
0.385481
0.38518
0.384896
0.384613
0.384336
0.384068
0.383808
0.383557
0.383314
0.383077
0.382843
0.382609
0.382374
0.382133
0.381884
0.381627
0.381361
0.381086
0.380804
0.380516
0.380224
0.379931
0.379638
0.379345
0.379053
0.378762
0.378469
0.378173
0.377873
0.377567
0.377255
0.376936
0.376611
0.376281
0.375946
0.375607
0.375265
0.374922
0.374579
0.374235
0.373891
0.373547
0.373202
0.372857
0.37251
0.37216
0.371805
0.371444
0.371076
0.370699
0.370312
0.369915
0.369507
0.369088
0.368658
0.368218
0.367768
0.367309
0.366843
0.366369
0.365888
0.365401
0.364907
0.364405
0.363895
0.363375
0.362844
0.362301
0.361742
0.361168
0.360576
0.359965
0.359333
0.35868
0.358005
0.357306
0.356585
0.355839
0.355069
0.354275
0.353455
0.35261
0.351739
0.35084
0.349913
0.348956
0.347968
0.346946
0.34589
0.344794
0.34366
0.342481
0.341258
0.339983
0.338657
0.337271
0.335827
0.334312
0.332731
0.331067
0.329326
0.327487
0.325558
0.32351
0.321355
0.319054
0.316622
0.314007
0.311227
0.308206
0.304972
0.301408
0.297556
0.293231
0.288502
0.283061
0.277059
0.269998
0.386482
0.38573
0.385487
0.385187
0.384905
0.384623
0.384347
0.384079
0.383819
0.383568
0.383323
0.383084
0.382847
0.382611
0.382373
0.382129
0.381879
0.381621
0.381354
0.381078
0.380796
0.380508
0.380217
0.379924
0.379631
0.379339
0.379047
0.378754
0.378461
0.378165
0.377864
0.377559
0.377247
0.376929
0.376606
0.376276
0.375943
0.375605
0.375265
0.374923
0.374581
0.374238
0.373894
0.37355
0.373206
0.37286
0.372513
0.372162
0.371806
0.371444
0.371076
0.370699
0.370312
0.369915
0.369508
0.369089
0.36866
0.368221
0.367773
0.367316
0.36685
0.366378
0.365898
0.365411
0.364917
0.364415
0.363905
0.363384
0.362853
0.362308
0.361749
0.361174
0.360581
0.359969
0.359337
0.358684
0.358009
0.357311
0.35659
0.355845
0.355077
0.354283
0.353465
0.35262
0.35175
0.350852
0.349926
0.348969
0.347982
0.34696
0.345904
0.344808
0.343674
0.342495
0.341271
0.339996
0.33867
0.337284
0.33584
0.334326
0.332744
0.331081
0.32934
0.327502
0.325573
0.323527
0.321372
0.319073
0.316641
0.314028
0.311247
0.308229
0.304993
0.301431
0.297572
0.293242
0.288493
0.283025
0.276967
0.269827
0.386487
0.385734
0.385493
0.385195
0.384915
0.384635
0.384361
0.384093
0.383833
0.383581
0.383334
0.383092
0.382853
0.382614
0.382372
0.382126
0.381873
0.381613
0.381345
0.381069
0.380787
0.3805
0.380209
0.379917
0.379624
0.379331
0.379039
0.378746
0.378452
0.378155
0.377855
0.377549
0.377238
0.376921
0.376599
0.376271
0.375939
0.375603
0.375265
0.374925
0.374583
0.374241
0.373898
0.373555
0.37321
0.372864
0.372516
0.372164
0.371808
0.371445
0.371076
0.370698
0.370312
0.369915
0.369508
0.369091
0.368663
0.368226
0.367779
0.367323
0.36686
0.366388
0.365909
0.365423
0.364929
0.364427
0.363916
0.363395
0.362862
0.362317
0.361756
0.36118
0.360587
0.359974
0.359342
0.358689
0.358014
0.357317
0.356597
0.355853
0.355085
0.354293
0.353476
0.352633
0.351763
0.350866
0.349941
0.348985
0.347997
0.346976
0.34592
0.344825
0.34369
0.342511
0.341287
0.340012
0.338686
0.3373
0.335855
0.334341
0.33276
0.331098
0.329357
0.32752
0.325591
0.323546
0.321392
0.319095
0.316664
0.314053
0.311272
0.308257
0.305018
0.301458
0.297591
0.293256
0.288483
0.282985
0.27686
0.269624
0.386492
0.385738
0.385501
0.385205
0.384927
0.384649
0.384376
0.384109
0.383849
0.383595
0.383347
0.383102
0.38286
0.382617
0.382372
0.382122
0.381867
0.381605
0.381336
0.38106
0.380777
0.380491
0.380201
0.379909
0.379616
0.379323
0.37903
0.378737
0.378442
0.378145
0.377844
0.377539
0.377228
0.376912
0.376591
0.376265
0.375935
0.375602
0.375265
0.374926
0.374586
0.374245
0.373903
0.37356
0.373215
0.372869
0.37252
0.372167
0.37181
0.371447
0.371076
0.370699
0.370312
0.369916
0.369509
0.369093
0.368667
0.368231
0.367786
0.367332
0.36687
0.3664
0.365922
0.365436
0.364943
0.364441
0.363929
0.363407
0.362873
0.362326
0.361765
0.361188
0.360593
0.35998
0.359348
0.358694
0.35802
0.357323
0.356604
0.355861
0.355095
0.354304
0.353488
0.352646
0.351778
0.350882
0.349957
0.349002
0.348015
0.346994
0.345938
0.344843
0.343709
0.342529
0.341305
0.34003
0.338703
0.337317
0.335873
0.334359
0.332778
0.331116
0.329376
0.32754
0.325612
0.323569
0.321415
0.31912
0.316689
0.314082
0.3113
0.308288
0.305047
0.301488
0.297613
0.293273
0.288474
0.28294
0.276739
0.269391
0.386499
0.385743
0.38551
0.385215
0.384941
0.384664
0.384393
0.384127
0.383867
0.383612
0.383361
0.383114
0.382868
0.382621
0.382372
0.382119
0.381861
0.381597
0.381326
0.38105
0.380768
0.380481
0.380192
0.3799
0.379608
0.379315
0.379021
0.378727
0.378432
0.378134
0.377833
0.377527
0.377218
0.376903
0.376583
0.376259
0.375931
0.3756
0.375265
0.374928
0.37459
0.37425
0.373908
0.373565
0.373221
0.372874
0.372524
0.37217
0.371812
0.371448
0.371077
0.370699
0.370312
0.369916
0.369511
0.369095
0.368671
0.368237
0.367793
0.367341
0.366881
0.366412
0.365936
0.365451
0.364958
0.364455
0.363943
0.36342
0.362885
0.362337
0.361774
0.361196
0.3606
0.359987
0.359354
0.358701
0.358027
0.357331
0.356612
0.355871
0.355106
0.354316
0.353502
0.352662
0.351795
0.3509
0.349976
0.349021
0.348035
0.347014
0.345958
0.344863
0.343729
0.342549
0.341325
0.34005
0.338723
0.337337
0.335892
0.334379
0.332798
0.331137
0.329397
0.327562
0.325635
0.323594
0.32144
0.319148
0.316718
0.314113
0.311332
0.308323
0.305079
0.301523
0.297639
0.293293
0.288466
0.282894
0.276607
0.269133
0.386505
0.385747
0.385519
0.385226
0.384955
0.384681
0.384412
0.384147
0.383886
0.38363
0.383377
0.383127
0.382877
0.382626
0.382373
0.382117
0.381856
0.381589
0.381317
0.38104
0.380757
0.380471
0.380182
0.379891
0.379599
0.379306
0.379012
0.378717
0.378421
0.378122
0.377821
0.377516
0.377207
0.376893
0.376575
0.376253
0.375927
0.375598
0.375265
0.37493
0.374593
0.374255
0.373914
0.373571
0.373227
0.372879
0.372529
0.372174
0.371815
0.37145
0.371078
0.370699
0.370312
0.369917
0.369512
0.369098
0.368675
0.368243
0.367802
0.367351
0.366893
0.366426
0.36595
0.365466
0.364973
0.364471
0.363958
0.363434
0.362898
0.362349
0.361785
0.361205
0.360608
0.359994
0.359361
0.358708
0.358034
0.357339
0.356622
0.355881
0.355118
0.35433
0.353517
0.352678
0.351812
0.350918
0.349995
0.349042
0.348056
0.347036
0.34598
0.344885
0.34375
0.342571
0.341346
0.340071
0.338744
0.337358
0.335913
0.334401
0.332819
0.33116
0.32942
0.327587
0.32566
0.323621
0.321468
0.319179
0.316749
0.314148
0.311367
0.308361
0.305115
0.301561
0.297668
0.293317
0.288459
0.282847
0.276468
0.268852
0.386513
0.385752
0.385529
0.385239
0.384971
0.384699
0.384432
0.384167
0.383907
0.383649
0.383394
0.38314
0.382887
0.382632
0.382375
0.382115
0.381851
0.381582
0.381308
0.38103
0.380748
0.380462
0.380173
0.379882
0.37959
0.379297
0.379002
0.378707
0.37841
0.378111
0.377809
0.377504
0.377196
0.376883
0.376567
0.376247
0.375923
0.375596
0.375266
0.374933
0.374597
0.37426
0.37392
0.373578
0.373233
0.372885
0.372534
0.372178
0.371818
0.371452
0.37108
0.3707
0.370313
0.369918
0.369514
0.369101
0.36868
0.36825
0.36781
0.367362
0.366905
0.36644
0.365965
0.365482
0.36499
0.364487
0.363974
0.363449
0.362912
0.362361
0.361796
0.361215
0.360617
0.360002
0.359369
0.358716
0.358042
0.357348
0.356632
0.355893
0.35513
0.354344
0.353532
0.352695
0.351831
0.350938
0.350016
0.349063
0.348078
0.347059
0.346003
0.344908
0.343773
0.342594
0.341369
0.340094
0.338766
0.337381
0.335936
0.334424
0.332843
0.331184
0.329444
0.327613
0.325686
0.32365
0.321498
0.319211
0.316783
0.314184
0.311404
0.308402
0.305155
0.301602
0.297701
0.293343
0.288455
0.282801
0.276322
0.268551
0.38652
0.385756
0.385538
0.385252
0.384987
0.384718
0.384453
0.384189
0.383928
0.38367
0.383412
0.383155
0.382898
0.382639
0.382378
0.382114
0.381846
0.381575
0.3813
0.381021
0.380738
0.380452
0.380164
0.379874
0.379582
0.379288
0.378993
0.378697
0.378399
0.378099
0.377797
0.377492
0.377185
0.376874
0.376559
0.376241
0.375919
0.375594
0.375266
0.374935
0.374602
0.374265
0.373926
0.373584
0.373239
0.372891
0.372539
0.372183
0.371821
0.371454
0.371081
0.370701
0.370314
0.369919
0.369516
0.369105
0.368685
0.368257
0.367819
0.367373
0.366918
0.366454
0.365981
0.365499
0.365006
0.364504
0.36399
0.363464
0.362926
0.362374
0.361807
0.361225
0.360627
0.360011
0.359377
0.358724
0.358051
0.357357
0.356642
0.355904
0.355144
0.354359
0.353549
0.352713
0.35185
0.350959
0.350038
0.349086
0.348101
0.347082
0.346027
0.344932
0.343797
0.342618
0.341393
0.340118
0.33879
0.337405
0.335959
0.334448
0.332867
0.331209
0.32947
0.327641
0.325715
0.32368
0.32153
0.319246
0.316818
0.314223
0.311443
0.308445
0.305196
0.301647
0.297737
0.293374
0.288454
0.282757
0.276173
0.268233
0.386528
0.385761
0.385549
0.385265
0.385004
0.384738
0.384475
0.384212
0.383951
0.383691
0.383431
0.383171
0.382909
0.382646
0.382381
0.382114
0.381843
0.381569
0.381292
0.381012
0.380729
0.380444
0.380156
0.379866
0.379573
0.37928
0.378984
0.378687
0.378388
0.378088
0.377786
0.377481
0.377174
0.376864
0.376551
0.376235
0.375915
0.375593
0.375267
0.374938
0.374606
0.374271
0.373933
0.373591
0.373246
0.372898
0.372545
0.372187
0.371825
0.371457
0.371083
0.370703
0.370316
0.369921
0.369519
0.369109
0.368691
0.368264
0.367829
0.367385
0.366931
0.366469
0.365997
0.365516
0.365024
0.364521
0.364006
0.36348
0.36294
0.362387
0.361819
0.361236
0.360637
0.36002
0.359386
0.358733
0.35806
0.357367
0.356653
0.355917
0.355157
0.354374
0.353566
0.352731
0.35187
0.35098
0.35006
0.349109
0.348125
0.347107
0.346051
0.344957
0.343822
0.342643
0.341418
0.340142
0.338814
0.33743
0.335984
0.334473
0.332893
0.331236
0.329498
0.32767
0.325745
0.323712
0.321563
0.319282
0.316856
0.314264
0.311485
0.30849
0.305241
0.301693
0.297776
0.293407
0.288458
0.282716
0.276021
0.267901
0.386536
0.385765
0.385559
0.385278
0.385021
0.384758
0.384497
0.384235
0.383974
0.383713
0.38345
0.383187
0.382922
0.382655
0.382386
0.382114
0.38184
0.381564
0.381285
0.381004
0.380721
0.380435
0.380148
0.379858
0.379566
0.379271
0.378975
0.378678
0.378378
0.378077
0.377775
0.37747
0.377164
0.376855
0.376544
0.376229
0.375912
0.375592
0.375268
0.374941
0.374611
0.374277
0.37394
0.373599
0.373254
0.372904
0.372551
0.372193
0.371829
0.37146
0.371086
0.370705
0.370318
0.369924
0.369522
0.369113
0.368697
0.368272
0.367838
0.367396
0.366945
0.366484
0.366014
0.365533
0.365041
0.364538
0.364023
0.363496
0.362955
0.362401
0.361832
0.361247
0.360647
0.36003
0.359395
0.358742
0.35807
0.357378
0.356665
0.35593
0.355172
0.35439
0.353583
0.35275
0.35189
0.351001
0.350083
0.349133
0.34815
0.347132
0.346077
0.344983
0.343848
0.342669
0.341443
0.340168
0.33884
0.337455
0.33601
0.3345
0.33292
0.331264
0.329526
0.3277
0.325776
0.323746
0.321597
0.31932
0.316894
0.314306
0.311528
0.308537
0.305287
0.301742
0.297819
0.293444
0.288465
0.282679
0.275869
0.267558
0.386544
0.385769
0.385569
0.385292
0.385039
0.384779
0.384519
0.384259
0.383998
0.383735
0.38347
0.383203
0.382935
0.382664
0.38239
0.382115
0.381838
0.38156
0.381279
0.380997
0.380714
0.380428
0.38014
0.37985
0.379558
0.379264
0.378967
0.378669
0.378369
0.378067
0.377764
0.37746
0.377154
0.376847
0.376537
0.376224
0.375909
0.375591
0.375269
0.374944
0.374616
0.374283
0.373947
0.373606
0.373261
0.372912
0.372557
0.372198
0.371834
0.371464
0.371089
0.370707
0.37032
0.369926
0.369526
0.369118
0.368703
0.36828
0.367848
0.367408
0.366958
0.366499
0.36603
0.36555
0.365058
0.364555
0.36404
0.363512
0.36297
0.362415
0.361845
0.361259
0.360658
0.36004
0.359405
0.358752
0.35808
0.357389
0.356677
0.355943
0.355186
0.354406
0.353601
0.352769
0.351911
0.351023
0.350106
0.349157
0.348174
0.347157
0.346102
0.345009
0.343874
0.342695
0.341469
0.340194
0.338866
0.337482
0.336037
0.334527
0.332947
0.331293
0.329556
0.327731
0.325808
0.32378
0.321633
0.319358
0.316935
0.31435
0.311573
0.308586
0.305336
0.301793
0.297864
0.293484
0.288476
0.282646
0.275718
0.267204
0.386552
0.385773
0.385579
0.385306
0.385056
0.384799
0.384542
0.384282
0.384021
0.383757
0.38349
0.38322
0.382948
0.382673
0.382396
0.382117
0.381837
0.381556
0.381274
0.380991
0.380707
0.380421
0.380134
0.379844
0.379551
0.379257
0.37896
0.37866
0.37836
0.378058
0.377755
0.37745
0.377145
0.376839
0.37653
0.37622
0.375907
0.375591
0.375271
0.374948
0.374621
0.37429
0.373954
0.373614
0.373269
0.372919
0.372564
0.372204
0.371839
0.371468
0.371092
0.37071
0.370323
0.369929
0.36953
0.369123
0.368709
0.368288
0.367858
0.36742
0.366972
0.366514
0.366046
0.365567
0.365076
0.364573
0.364057
0.363528
0.362986
0.362429
0.361858
0.361271
0.360669
0.360051
0.359416
0.358763
0.358091
0.3574
0.356689
0.355956
0.355201
0.354422
0.353618
0.352789
0.351931
0.351045
0.350129
0.349181
0.348199
0.347182
0.346128
0.345035
0.3439
0.342721
0.341496
0.340221
0.338893
0.337509
0.336064
0.334555
0.332976
0.331322
0.329586
0.327763
0.325841
0.323815
0.32167
0.319398
0.316976
0.314395
0.31162
0.308636
0.305387
0.301847
0.297913
0.293527
0.288493
0.282619
0.27557
0.266844
0.38656
0.385777
0.38559
0.38532
0.385074
0.384819
0.384564
0.384306
0.384044
0.383779
0.38351
0.383237
0.382961
0.382683
0.382402
0.38212
0.381837
0.381554
0.38127
0.380986
0.380701
0.380415
0.380128
0.379838
0.379545
0.37925
0.378953
0.378653
0.378352
0.378049
0.377746
0.377442
0.377137
0.376831
0.376524
0.376216
0.375905
0.37559
0.375273
0.374952
0.374626
0.374296
0.373961
0.373621
0.373276
0.372926
0.372571
0.37221
0.371844
0.371472
0.371096
0.370714
0.370326
0.369933
0.369534
0.369128
0.368716
0.368296
0.367868
0.367432
0.366986
0.366529
0.366062
0.365584
0.365093
0.36459
0.364074
0.363544
0.363001
0.362443
0.361871
0.361284
0.360681
0.360062
0.359427
0.358774
0.358102
0.357412
0.356702
0.35597
0.355216
0.354439
0.353637
0.352808
0.351952
0.351067
0.350152
0.349205
0.348224
0.347208
0.346154
0.345061
0.343926
0.342748
0.341522
0.340248
0.33892
0.337536
0.336091
0.334583
0.333004
0.331352
0.329617
0.327795
0.325874
0.323851
0.321707
0.319438
0.317018
0.31444
0.311667
0.308687
0.305439
0.301901
0.297964
0.293574
0.288514
0.282598
0.275426
0.266478
0.386568
0.385781
0.3856
0.385333
0.385091
0.384839
0.384586
0.384329
0.384067
0.383801
0.38353
0.383254
0.382975
0.382693
0.382409
0.382123
0.381837
0.381552
0.381266
0.380981
0.380696
0.38041
0.380122
0.379832
0.37954
0.379244
0.378946
0.378646
0.378344
0.378041
0.377737
0.377434
0.377129
0.376825
0.376519
0.376212
0.375903
0.375591
0.375275
0.374956
0.374632
0.374303
0.373969
0.373629
0.373284
0.372934
0.372578
0.372216
0.371849
0.371477
0.3711
0.370717
0.37033
0.369937
0.369538
0.369134
0.368723
0.368305
0.367878
0.367444
0.366999
0.366544
0.366078
0.3656
0.36511
0.364607
0.364091
0.363561
0.363016
0.362458
0.361885
0.361296
0.360693
0.360073
0.359438
0.358785
0.358114
0.357424
0.356715
0.355984
0.355232
0.354456
0.353655
0.352828
0.351973
0.35109
0.350175
0.349229
0.348249
0.347233
0.34618
0.345088
0.343953
0.342775
0.341549
0.340275
0.338947
0.337564
0.336119
0.334612
0.333034
0.331382
0.329648
0.327828
0.325909
0.323888
0.321745
0.319479
0.317061
0.314487
0.311715
0.308739
0.305492
0.301957
0.298017
0.293623
0.288541
0.282583
0.275287
0.26611
0.386576
0.385784
0.385609
0.385347
0.385108
0.384859
0.384608
0.384351
0.38409
0.383822
0.383549
0.383271
0.382989
0.382703
0.382416
0.382127
0.381839
0.381551
0.381264
0.380978
0.380692
0.380405
0.380118
0.379828
0.379535
0.379239
0.378941
0.37864
0.378337
0.378034
0.37773
0.377426
0.377123
0.376819
0.376515
0.376209
0.375902
0.375591
0.375278
0.37496
0.374637
0.374309
0.373976
0.373637
0.373292
0.372941
0.372585
0.372222
0.371855
0.371482
0.371104
0.370721
0.370334
0.369941
0.369543
0.36914
0.36873
0.368313
0.367889
0.367455
0.367012
0.366559
0.366094
0.365617
0.365127
0.364624
0.364107
0.363577
0.363032
0.362472
0.361898
0.361309
0.360705
0.360085
0.359449
0.358796
0.358126
0.357437
0.356728
0.355999
0.355247
0.354472
0.353673
0.352847
0.351994
0.351112
0.350198
0.349253
0.348274
0.347259
0.346206
0.345114
0.343979
0.342802
0.341576
0.340302
0.338974
0.337592
0.336148
0.334641
0.333063
0.331413
0.32968
0.327861
0.325943
0.323924
0.321784
0.31952
0.317104
0.314533
0.311764
0.308792
0.305546
0.302015
0.298073
0.293676
0.288572
0.282575
0.275155
0.265741
0.386584
0.385787
0.385618
0.385359
0.385124
0.384878
0.384628
0.384373
0.384111
0.383843
0.383568
0.383288
0.383002
0.382714
0.382423
0.382131
0.38184
0.38155
0.381262
0.380975
0.380688
0.380402
0.380114
0.379824
0.379531
0.379235
0.378936
0.378634
0.378331
0.378028
0.377724
0.37742
0.377117
0.376814
0.376511
0.376207
0.375901
0.375592
0.37528
0.374964
0.374643
0.374316
0.373983
0.373645
0.3733
0.372949
0.372592
0.372229
0.371861
0.371487
0.371109
0.370726
0.370338
0.369946
0.369548
0.369146
0.368737
0.368322
0.367899
0.367467
0.367025
0.366573
0.366109
0.365633
0.365143
0.36464
0.364124
0.363592
0.363047
0.362487
0.361912
0.361322
0.360717
0.360097
0.359461
0.358808
0.358138
0.357449
0.356741
0.356013
0.355263
0.354489
0.353691
0.352866
0.352014
0.351133
0.350221
0.349277
0.348298
0.347284
0.346231
0.34514
0.344006
0.342828
0.341603
0.340329
0.339002
0.33762
0.336176
0.33467
0.333093
0.331444
0.329711
0.327895
0.325978
0.323962
0.321823
0.319562
0.317148
0.314581
0.311814
0.308845
0.305602
0.302073
0.29813
0.293731
0.288609
0.282574
0.275032
0.265373
0.386592
0.385791
0.385628
0.385372
0.38514
0.384896
0.384649
0.384394
0.384133
0.383863
0.383587
0.383304
0.383016
0.382724
0.38243
0.382136
0.381843
0.381551
0.381261
0.380972
0.380685
0.380398
0.38011
0.37982
0.379527
0.379231
0.378932
0.37863
0.378326
0.378022
0.377718
0.377414
0.377112
0.376809
0.376507
0.376205
0.3759
0.375593
0.375283
0.374968
0.374648
0.374322
0.373991
0.373652
0.373307
0.372956
0.372599
0.372236
0.371867
0.371493
0.371114
0.37073
0.370343
0.36995
0.369554
0.369152
0.368744
0.36833
0.367908
0.367478
0.367038
0.366587
0.366124
0.365648
0.365159
0.364657
0.364139
0.363608
0.363062
0.362501
0.361925
0.361335
0.360729
0.360109
0.359472
0.35882
0.35815
0.357462
0.356755
0.356027
0.355278
0.354506
0.353708
0.352885
0.352035
0.351155
0.350243
0.3493
0.348322
0.347309
0.346257
0.345166
0.344032
0.342855
0.34163
0.340356
0.339029
0.337647
0.336204
0.334699
0.333123
0.331475
0.329744
0.327929
0.326013
0.323999
0.321862
0.319604
0.317192
0.314628
0.311864
0.308899
0.305658
0.302132
0.29819
0.293788
0.28865
0.282581
0.274917
0.265007
0.386599
0.385793
0.385636
0.385384
0.385155
0.384914
0.384668
0.384414
0.384153
0.383883
0.383605
0.38332
0.383029
0.382734
0.382438
0.382141
0.381845
0.381551
0.38126
0.380971
0.380683
0.380396
0.380108
0.379817
0.379524
0.379228
0.378928
0.378626
0.378322
0.378017
0.377713
0.377409
0.377107
0.376806
0.376504
0.376203
0.3759
0.375595
0.375286
0.374972
0.374654
0.374329
0.373998
0.37366
0.373315
0.372964
0.372606
0.372242
0.371873
0.371498
0.371119
0.370735
0.370347
0.369955
0.369559
0.369158
0.368752
0.368339
0.367918
0.367489
0.36705
0.3666
0.366138
0.365663
0.365175
0.364672
0.364155
0.363623
0.363076
0.362515
0.361939
0.361348
0.360742
0.360121
0.359484
0.358832
0.358162
0.357475
0.356768
0.356042
0.355293
0.354522
0.353726
0.352904
0.352054
0.351176
0.350265
0.349323
0.348346
0.347333
0.346282
0.345191
0.344057
0.342881
0.341656
0.340383
0.339056
0.337675
0.336232
0.334728
0.333153
0.331506
0.329776
0.327963
0.326049
0.324036
0.321901
0.319646
0.317236
0.314675
0.311914
0.308953
0.305714
0.302192
0.298251
0.293848
0.288697
0.282594
0.274811
0.264647
0.386606
0.385796
0.385644
0.385396
0.385169
0.384931
0.384686
0.384434
0.384172
0.383901
0.383622
0.383335
0.383042
0.382745
0.382446
0.382146
0.381848
0.381553
0.38126
0.38097
0.380682
0.380394
0.380106
0.379815
0.379522
0.379225
0.378925
0.378622
0.378318
0.378013
0.377709
0.377405
0.377103
0.376802
0.376502
0.376202
0.3759
0.375596
0.375289
0.374977
0.374659
0.374335
0.374005
0.373667
0.373323
0.372971
0.372613
0.372249
0.371879
0.371504
0.371124
0.37074
0.370352
0.369961
0.369565
0.369164
0.368759
0.368347
0.367928
0.3675
0.367062
0.366613
0.366152
0.365678
0.36519
0.364687
0.36417
0.363638
0.363091
0.362529
0.361952
0.36136
0.360754
0.360133
0.359496
0.358844
0.358174
0.357487
0.356781
0.356056
0.355308
0.354538
0.353743
0.352923
0.352074
0.351196
0.350287
0.349346
0.348369
0.347357
0.346306
0.345216
0.344083
0.342907
0.341682
0.34041
0.339083
0.337703
0.336261
0.334757
0.333183
0.331537
0.329808
0.327997
0.326084
0.324074
0.321941
0.319688
0.317281
0.314723
0.311964
0.309006
0.305771
0.302253
0.298313
0.29391
0.288748
0.282615
0.274716
0.264292
0.386613
0.385799
0.385652
0.385406
0.385183
0.384946
0.384704
0.384452
0.38419
0.383919
0.383638
0.383349
0.383054
0.382755
0.382453
0.382151
0.381851
0.381554
0.38126
0.380969
0.380681
0.380393
0.380104
0.379813
0.37952
0.379223
0.378923
0.378619
0.378315
0.37801
0.377705
0.377402
0.3771
0.3768
0.3765
0.376201
0.375901
0.375598
0.375292
0.374981
0.374664
0.374341
0.374011
0.373674
0.37333
0.372978
0.37262
0.372255
0.371885
0.371509
0.371129
0.370745
0.370357
0.369966
0.36957
0.369171
0.368766
0.368355
0.367937
0.36751
0.367074
0.366626
0.366165
0.365692
0.365204
0.364702
0.364184
0.363652
0.363104
0.362542
0.361965
0.361373
0.360766
0.360145
0.359508
0.358855
0.358186
0.3575
0.356795
0.35607
0.355323
0.354554
0.35376
0.352941
0.352093
0.351216
0.350308
0.349367
0.348392
0.34738
0.34633
0.34524
0.344108
0.342932
0.341708
0.340436
0.33911
0.33773
0.336289
0.334786
0.333212
0.331569
0.32984
0.32803
0.326119
0.324111
0.32198
0.31973
0.317325
0.31477
0.312014
0.30906
0.305829
0.302313
0.298377
0.293973
0.288804
0.282643
0.274632
0.263944
0.386619
0.385801
0.38566
0.385417
0.385196
0.384962
0.38472
0.384469
0.384208
0.383936
0.383654
0.383363
0.383066
0.382764
0.382461
0.382157
0.381855
0.381556
0.381261
0.380969
0.38068
0.380392
0.380103
0.379812
0.379519
0.379221
0.378921
0.378617
0.378312
0.378007
0.377702
0.377399
0.377097
0.376798
0.376499
0.376201
0.375902
0.3756
0.375295
0.374985
0.374669
0.374347
0.374018
0.373681
0.373337
0.372985
0.372627
0.372262
0.371891
0.371515
0.371135
0.37075
0.370362
0.369971
0.369576
0.369177
0.368773
0.368363
0.367946
0.36752
0.367085
0.366638
0.366178
0.365705
0.365218
0.364716
0.364198
0.363666
0.363118
0.362555
0.361977
0.361385
0.360778
0.360156
0.359519
0.358867
0.358198
0.357512
0.356808
0.356083
0.355338
0.35457
0.353777
0.352958
0.352112
0.351236
0.350329
0.349389
0.348414
0.347403
0.346353
0.345265
0.344132
0.342957
0.341734
0.340462
0.339137
0.337758
0.336317
0.334815
0.333242
0.331599
0.329872
0.328064
0.326155
0.324149
0.322019
0.319771
0.317369
0.314818
0.312065
0.309114
0.305886
0.302374
0.298441
0.294038
0.288864
0.282677
0.274561
0.263606
0.386625
0.385804
0.385666
0.385427
0.385208
0.384975
0.384736
0.384485
0.384224
0.383951
0.383668
0.383376
0.383077
0.382773
0.382468
0.382162
0.381859
0.381559
0.381262
0.38097
0.38068
0.380391
0.380102
0.379812
0.379518
0.37922
0.37892
0.378616
0.378311
0.378005
0.3777
0.377397
0.377096
0.376796
0.376499
0.376201
0.375903
0.375602
0.375298
0.374989
0.374674
0.374353
0.374024
0.373688
0.373344
0.372992
0.372633
0.372268
0.371897
0.371521
0.37114
0.370755
0.370367
0.369976
0.369582
0.369183
0.36878
0.368371
0.367955
0.36753
0.367095
0.366649
0.36619
0.365718
0.365231
0.364729
0.364212
0.363679
0.363131
0.362568
0.36199
0.361397
0.36079
0.360168
0.359531
0.358879
0.35821
0.357524
0.35682
0.356097
0.355352
0.354585
0.353793
0.352976
0.35213
0.351255
0.350349
0.34941
0.348436
0.347426
0.346377
0.345288
0.344157
0.342982
0.341759
0.340488
0.339163
0.337785
0.336344
0.334844
0.333272
0.33163
0.329904
0.328097
0.32619
0.324185
0.322058
0.319813
0.317413
0.314865
0.312115
0.309168
0.305944
0.302436
0.298506
0.294105
0.288928
0.282719
0.274502
0.263277
0.386632
0.385807
0.385673
0.385437
0.38522
0.384989
0.38475
0.384501
0.384239
0.383966
0.383682
0.383388
0.383088
0.382783
0.382475
0.382168
0.381863
0.381562
0.381264
0.380971
0.380681
0.380392
0.380103
0.379812
0.379518
0.37922
0.378919
0.378615
0.378309
0.378004
0.377699
0.377395
0.377094
0.376796
0.376498
0.376202
0.375904
0.375605
0.375301
0.374993
0.374679
0.374359
0.37403
0.373694
0.37335
0.372999
0.37264
0.372274
0.371903
0.371526
0.371145
0.370761
0.370373
0.369981
0.369587
0.369189
0.368786
0.368378
0.367963
0.367539
0.367105
0.36666
0.366202
0.36573
0.365243
0.364742
0.364224
0.363692
0.363143
0.36258
0.362001
0.361409
0.360801
0.360179
0.359542
0.35889
0.358222
0.357537
0.356833
0.35611
0.355366
0.3546
0.353809
0.352993
0.352148
0.351274
0.350368
0.34943
0.348457
0.347448
0.346399
0.345312
0.34418
0.343006
0.341784
0.340513
0.339189
0.337811
0.336372
0.334872
0.333301
0.33166
0.329936
0.328131
0.326224
0.324222
0.322097
0.319854
0.317457
0.314911
0.312165
0.309221
0.306001
0.302497
0.298572
0.294172
0.288995
0.282767
0.274456
0.262961
0.386637
0.385809
0.385679
0.385445
0.38523
0.385001
0.384763
0.384514
0.384253
0.38398
0.383695
0.3834
0.383098
0.382791
0.382482
0.382174
0.381867
0.381565
0.381267
0.380973
0.380682
0.380393
0.380103
0.379812
0.379518
0.37922
0.378919
0.378615
0.378309
0.378003
0.377698
0.377395
0.377094
0.376795
0.376499
0.376202
0.375906
0.375607
0.375305
0.374998
0.374684
0.374364
0.374036
0.3737
0.373357
0.373005
0.372646
0.37228
0.371909
0.371532
0.37115
0.370766
0.370378
0.369987
0.369593
0.369195
0.368793
0.368385
0.367971
0.367548
0.367115
0.36667
0.366213
0.365741
0.365255
0.364754
0.364237
0.363704
0.363155
0.362592
0.362013
0.36142
0.360812
0.36019
0.359553
0.358901
0.358233
0.357549
0.356846
0.356124
0.35538
0.354615
0.353825
0.353009
0.352165
0.351292
0.350388
0.34945
0.348478
0.347469
0.346421
0.345334
0.344204
0.34303
0.341808
0.340538
0.339214
0.337837
0.336399
0.3349
0.333329
0.33169
0.329967
0.328163
0.326259
0.324258
0.322135
0.319895
0.3175
0.314958
0.312214
0.309274
0.306057
0.302557
0.298637
0.294241
0.289065
0.282821
0.274423
0.262655
0.386643
0.385813
0.385685
0.385454
0.38524
0.385012
0.384776
0.384527
0.384266
0.383992
0.383707
0.383411
0.383108
0.3828
0.382489
0.382179
0.381872
0.381568
0.381269
0.380975
0.380684
0.380394
0.380105
0.379814
0.379519
0.379221
0.37892
0.378615
0.378309
0.378003
0.377698
0.377395
0.377094
0.376796
0.3765
0.376204
0.375908
0.37561
0.375309
0.375002
0.374689
0.37437
0.374042
0.373707
0.373363
0.373011
0.372652
0.372286
0.371914
0.371537
0.371156
0.370771
0.370383
0.369992
0.369598
0.369201
0.368799
0.368392
0.367979
0.367556
0.367124
0.36668
0.366223
0.365753
0.365267
0.364766
0.364248
0.363715
0.363167
0.362603
0.362024
0.361431
0.360823
0.360201
0.359565
0.358913
0.358245
0.357561
0.356858
0.356137
0.355394
0.35463
0.35384
0.353025
0.352183
0.35131
0.350407
0.34947
0.348498
0.34749
0.346443
0.345357
0.344226
0.343053
0.341832
0.340563
0.339239
0.337863
0.336425
0.334927
0.333358
0.33172
0.329998
0.328196
0.326293
0.324294
0.322173
0.319935
0.317543
0.315003
0.312263
0.309326
0.306114
0.302618
0.298702
0.294309
0.289137
0.28288
0.274402
0.262367
0.386648
0.385816
0.38569
0.385461
0.385249
0.385022
0.384786
0.384539
0.384278
0.384004
0.383718
0.383422
0.383118
0.382808
0.382497
0.382185
0.381877
0.381572
0.381273
0.380978
0.380686
0.380396
0.380107
0.379815
0.379521
0.379223
0.378921
0.378617
0.37831
0.378004
0.377699
0.377396
0.377095
0.376797
0.376501
0.376206
0.375911
0.375614
0.375313
0.375007
0.374695
0.374375
0.374048
0.373713
0.373369
0.373017
0.372658
0.372292
0.37192
0.371542
0.371161
0.370776
0.370388
0.369997
0.369604
0.369207
0.368806
0.368399
0.367986
0.367565
0.367133
0.36669
0.366234
0.365763
0.365278
0.364777
0.36426
0.363727
0.363178
0.362614
0.362035
0.361442
0.360834
0.360212
0.359576
0.358924
0.358257
0.357573
0.356871
0.35615
0.355408
0.354644
0.353856
0.353042
0.352199
0.351328
0.350425
0.349489
0.348518
0.347511
0.346464
0.345378
0.344248
0.343076
0.341855
0.340587
0.339264
0.337888
0.336451
0.334954
0.333386
0.331749
0.330028
0.328228
0.326326
0.32433
0.32221
0.319975
0.317585
0.315048
0.31231
0.309378
0.306169
0.302677
0.298767
0.294378
0.289211
0.282945
0.2744
0.262094
0.386654
0.38582
0.385696
0.385469
0.385257
0.385032
0.384797
0.38455
0.384289
0.384015
0.383729
0.383432
0.383127
0.382817
0.382504
0.382192
0.381882
0.381577
0.381277
0.380981
0.380689
0.380399
0.38011
0.379818
0.379524
0.379226
0.378924
0.378619
0.378313
0.378006
0.377701
0.377397
0.377097
0.376799
0.376504
0.376209
0.375914
0.375617
0.375317
0.375012
0.3747
0.374381
0.374054
0.373719
0.373375
0.373023
0.372664
0.372298
0.371925
0.371548
0.371166
0.370781
0.370393
0.370003
0.369609
0.369213
0.368812
0.368406
0.367994
0.367573
0.367142
0.366699
0.366243
0.365773
0.365288
0.364787
0.36427
0.363738
0.363189
0.362625
0.362046
0.361453
0.360845
0.360224
0.359587
0.358936
0.358269
0.357585
0.356884
0.356163
0.355422
0.354659
0.353871
0.353058
0.352216
0.351346
0.350443
0.349508
0.348538
0.347531
0.346485
0.345399
0.34427
0.343098
0.341877
0.34061
0.339288
0.337913
0.336477
0.334981
0.333413
0.331778
0.330059
0.328259
0.32636
0.324365
0.322247
0.320014
0.317626
0.315092
0.312357
0.309428
0.306223
0.302735
0.298831
0.294446
0.289286
0.283013
0.27441
0.261851
0.386658
0.385823
0.3857
0.385474
0.385264
0.38504
0.384806
0.38456
0.3843
0.384026
0.383739
0.383442
0.383136
0.382825
0.382511
0.382198
0.381888
0.381582
0.381281
0.380985
0.380693
0.380403
0.380113
0.379821
0.379527
0.379229
0.378927
0.378622
0.378315
0.378009
0.377703
0.3774
0.377099
0.376802
0.376506
0.376212
0.375918
0.375622
0.375322
0.375017
0.374705
0.374386
0.37406
0.373724
0.373381
0.373029
0.372669
0.372303
0.371931
0.371553
0.371172
0.370787
0.370399
0.370008
0.369615
0.369219
0.368818
0.368413
0.368001
0.367581
0.36715
0.366708
0.366253
0.365783
0.365298
0.364798
0.364281
0.363748
0.3632
0.362636
0.362057
0.361464
0.360857
0.360235
0.359598
0.358947
0.35828
0.357597
0.356896
0.356176
0.355436
0.354673
0.353886
0.353073
0.352233
0.351363
0.350461
0.349527
0.348556
0.34755
0.346504
0.345419
0.344291
0.343119
0.341899
0.340633
0.339311
0.337937
0.336502
0.335007
0.333441
0.331807
0.330088
0.32829
0.326392
0.324399
0.322283
0.320051
0.317666
0.315134
0.312403
0.309476
0.306276
0.302792
0.298893
0.294513
0.289361
0.283085
0.274434
0.26164
0.386662
0.385827
0.385704
0.385481
0.385271
0.385048
0.384815
0.38457
0.38431
0.384036
0.38375
0.383452
0.383145
0.382833
0.382519
0.382205
0.381894
0.381587
0.381286
0.380989
0.380697
0.380407
0.380117
0.379825
0.379531
0.379233
0.378931
0.378626
0.378319
0.378012
0.377706
0.377403
0.377103
0.376805
0.37651
0.376216
0.375922
0.375626
0.375327
0.375022
0.374711
0.374392
0.374065
0.37373
0.373386
0.373035
0.372675
0.372309
0.371937
0.371559
0.371178
0.370792
0.370404
0.370014
0.369621
0.369225
0.368825
0.36842
0.368009
0.367589
0.367159
0.366717
0.366262
0.365793
0.365308
0.364808
0.364292
0.363759
0.363211
0.362648
0.362069
0.361476
0.360868
0.360246
0.35961
0.358959
0.358293
0.35761
0.356909
0.35619
0.355449
0.354687
0.353901
0.353089
0.352249
0.35138
0.350479
0.349544
0.348574
0.347568
0.346523
0.345439
0.344311
0.34314
0.341921
0.340655
0.339334
0.337961
0.336527
0.335033
0.333468
0.331835
0.330117
0.328321
0.326423
0.324432
0.322317
0.320088
0.317704
0.315175
0.312446
0.309523
0.306327
0.302847
0.298954
0.294579
0.289435
0.28316
0.27447
0.261469
0.386664
0.38583
0.385707
0.385486
0.385277
0.385055
0.384823
0.384578
0.384319
0.384046
0.383759
0.383461
0.383154
0.382841
0.382526
0.382211
0.3819
0.381592
0.38129
0.380994
0.380701
0.380411
0.380121
0.379829
0.379535
0.379237
0.378935
0.37863
0.378323
0.378016
0.37771
0.377407
0.377106
0.376809
0.376514
0.37622
0.375926
0.375631
0.375331
0.375027
0.374716
0.374398
0.374071
0.373736
0.373392
0.37304
0.372681
0.372315
0.371943
0.371565
0.371184
0.370798
0.37041
0.37002
0.369627
0.369232
0.368832
0.368427
0.368016
0.367597
0.367167
0.366726
0.366272
0.365803
0.365318
0.364818
0.364302
0.36377
0.363222
0.362659
0.36208
0.361487
0.36088
0.360258
0.359622
0.358971
0.358305
0.357622
0.356922
0.356203
0.355463
0.354701
0.353915
0.353104
0.352265
0.351396
0.350495
0.349561
0.348591
0.347586
0.346541
0.345458
0.344331
0.343161
0.341942
0.340677
0.339357
0.337985
0.336551
0.335059
0.333494
0.331862
0.330145
0.328349
0.326453
0.324463
0.32235
0.320123
0.317742
0.315215
0.31249
0.30957
0.306377
0.302902
0.299015
0.294646
0.289511
0.28324
0.274522
0.261358
0.386666
0.385835
0.385711
0.385493
0.385285
0.385064
0.384833
0.384588
0.384329
0.384056
0.383769
0.38347
0.383162
0.382849
0.382533
0.382218
0.381905
0.381598
0.381295
0.380998
0.380706
0.380415
0.380125
0.379834
0.379539
0.379241
0.378939
0.378634
0.378327
0.37802
0.377714
0.377411
0.37711
0.376813
0.376518
0.376224
0.375931
0.375635
0.375336
0.375032
0.374722
0.374403
0.374076
0.373741
0.373398
0.373047
0.372688
0.372322
0.371949
0.371572
0.37119
0.370805
0.370417
0.370027
0.369634
0.369239
0.368839
0.368435
0.368024
0.367605
0.367176
0.366735
0.366281
0.365812
0.365329
0.364829
0.364314
0.363782
0.363234
0.362671
0.362092
0.361499
0.360891
0.36027
0.359634
0.358983
0.358317
0.357634
0.356934
0.356216
0.355476
0.354715
0.35393
0.353119
0.35228
0.351412
0.350511
0.349577
0.348608
0.347604
0.34656
0.345477
0.344351
0.343182
0.341964
0.340699
0.33938
0.338009
0.336576
0.335084
0.33352
0.331889
0.330173
0.328379
0.326484
0.324496
0.322385
0.32016
0.317781
0.315257
0.312535
0.309618
0.306429
0.302958
0.299077
0.294712
0.289587
0.283323
0.274582
0.261322
0.386666
0.385837
0.385714
0.385497
0.385291
0.385071
0.38484
0.384596
0.384338
0.384064
0.383777
0.383478
0.38317
0.382856
0.38254
0.382224
0.381911
0.381603
0.3813
0.381003
0.38071
0.380419
0.380129
0.379838
0.379543
0.379245
0.378943
0.378638
0.378331
0.378024
0.377718
0.377415
0.377114
0.376816
0.376521
0.376228
0.375934
0.375639
0.37534
0.375037
0.374726
0.374408
0.374082
0.373747
0.373404
0.373053
0.372694
0.372328
0.371956
0.371579
0.371197
0.370812
0.370424
0.370034
0.369641
0.369246
0.368847
0.368443
0.368032
0.367614
0.367185
0.366745
0.366291
0.365822
0.365339
0.36484
0.364325
0.363793
0.363245
0.362682
0.362103
0.36151
0.360903
0.360281
0.359645
0.358994
0.358328
0.357646
0.356947
0.356228
0.355489
0.354729
0.353944
0.353133
0.352295
0.351427
0.350525
0.349592
0.348624
0.347621
0.346578
0.345496
0.344371
0.343202
0.341985
0.340721
0.339403
0.338032
0.3366
0.335109
0.333545
0.331912
0.330195
0.3284
0.326506
0.324518
0.322409
0.320184
0.317807
0.315285
0.312564
0.309649
0.306463
0.302994
0.299117
0.294757
0.289641
0.283385
0.27464
0.261367
0.386667
0.385843
0.385718
0.385505
0.385299
0.385079
0.384849
0.384605
0.384346
0.384072
0.383784
0.383485
0.383176
0.382862
0.382545
0.382229
0.381916
0.381607
0.381304
0.381007
0.380714
0.380423
0.380133
0.379842
0.379548
0.379249
0.378948
0.378642
0.378336
0.378028
0.377722
0.377418
0.377118
0.37682
0.376525
0.376231
0.375938
0.375643
0.375344
0.375041
0.374731
0.374413
0.374087
0.373752
0.37341
0.37306
0.372702
0.372336
0.371964
0.371586
0.371204
0.370819
0.370432
0.370041
0.369649
0.369254
0.368855
0.368451
0.368041
0.367623
0.367194
0.366754
0.366301
0.365833
0.36535
0.364852
0.364337
0.363805
0.363257
0.362693
0.362115
0.361522
0.360914
0.360293
0.359657
0.359006
0.35834
0.357658
0.356959
0.356241
0.355502
0.354742
0.353957
0.353147
0.352309
0.351442
0.350542
0.34961
0.348643
0.347641
0.346599
0.345518
0.344393
0.343225
0.342009
0.340746
0.339429
0.33806
0.336629
0.335138
0.333576
0.331946
0.330231
0.328438
0.326546
0.324561
0.322454
0.320232
0.317858
0.315339
0.312622
0.309711
0.30653
0.303067
0.299198
0.294846
0.289743
0.283506
0.274748
0.261525
0.386667
0.385846
0.385721
0.385509
0.385303
0.385085
0.384855
0.384611
0.384352
0.384078
0.38379
0.38349
0.383181
0.382867
0.382549
0.382233
0.381919
0.38161
0.381307
0.381009
0.380716
0.380426
0.380136
0.379844
0.37955
0.379252
0.37895
0.378645
0.378338
0.378031
0.377725
0.377421
0.37712
0.376822
0.376527
0.376233
0.37594
0.375645
0.375347
0.375043
0.374734
0.374417
0.374092
0.373758
0.373417
0.373067
0.372709
0.372343
0.371971
0.371594
0.371212
0.370827
0.370439
0.370049
0.369657
0.369262
0.368863
0.36846
0.36805
0.367632
0.367204
0.366764
0.366311
0.365843
0.36536
0.364862
0.364347
0.363815
0.363267
0.362703
0.362125
0.361531
0.360924
0.360303
0.359667
0.359016
0.358351
0.357669
0.35697
0.356252
0.355514
0.354754
0.353969
0.353158
0.352318
0.35145
0.350552
0.349621
0.348654
0.347651
0.346609
0.345528
0.344403
0.343235
0.342019
0.340755
0.339438
0.338068
0.336636
0.335145
0.333583
0.331955
0.330243
0.328454
0.326565
0.324582
0.322477
0.320257
0.317885
0.315368
0.312654
0.309746
0.306569
0.303109
0.299245
0.294898
0.289806
0.283588
0.274837
0.26166
0.386668
0.385856
0.385725
0.385515
0.385309
0.385091
0.384861
0.384616
0.384357
0.384082
0.383794
0.383494
0.383184
0.38287
0.382552
0.382235
0.381921
0.381612
0.381309
0.381011
0.380718
0.380427
0.380138
0.379846
0.379552
0.379254
0.378952
0.378647
0.37834
0.378033
0.377726
0.377422
0.377121
0.376824
0.376529
0.376235
0.375941
0.375646
0.375348
0.375045
0.374736
0.374421
0.374097
0.373765
0.373424
0.373074
0.372716
0.372351
0.371979
0.371602
0.37122
0.370835
0.370447
0.370057
0.369665
0.36927
0.368872
0.368469
0.368059
0.367641
0.367213
0.366774
0.366321
0.365854
0.365371
0.364872
0.364356
0.363824
0.363276
0.362713
0.362134
0.361541
0.360934
0.360313
0.359678
0.359028
0.358363
0.357681
0.356983
0.356265
0.355528
0.354768
0.353984
0.353174
0.352336
0.351469
0.350572
0.349643
0.348677
0.347675
0.346634
0.345553
0.344429
0.343262
0.342046
0.340784
0.339467
0.338099
0.336668
0.335179
0.33362
0.331994
0.330284
0.328496
0.326608
0.324627
0.322524
0.320307
0.317938
0.315424
0.312714
0.30981
0.306639
0.303185
0.29933
0.294994
0.289917
0.283713
0.274979
0.261843
0.386665
0.38586
0.385724
0.385514
0.385308
0.38509
0.38486
0.384616
0.384357
0.384082
0.383794
0.383493
0.383184
0.382869
0.382552
0.382235
0.381921
0.381611
0.381308
0.38101
0.380717
0.380427
0.380137
0.379846
0.379551
0.379253
0.378951
0.378646
0.378339
0.378032
0.377726
0.377422
0.377121
0.376823
0.376528
0.376234
0.375941
0.375646
0.375348
0.375045
0.374737
0.374422
0.3741
0.37377
0.37343
0.37308
0.372722
0.372357
0.371985
0.371608
0.371226
0.370842
0.370454
0.370064
0.369672
0.369277
0.368879
0.368476
0.368067
0.367649
0.367222
0.366783
0.36633
0.365864
0.365379
0.364873
0.364353
0.363819
0.36327
0.362705
0.362126
0.361532
0.360924
0.360302
0.359666
0.359015
0.358349
0.357666
0.356967
0.356248
0.355509
0.354749
0.353964
0.353154
0.352318
0.351453
0.350558
0.349629
0.348664
0.347663
0.346621
0.345541
0.344417
0.34325
0.342034
0.340771
0.339455
0.338086
0.336655
0.335165
0.333605
0.331978
0.330268
0.328479
0.326591
0.32461
0.322507
0.32029
0.317921
0.315408
0.312698
0.309795
0.306625
0.303173
0.29932
0.294987
0.289911
0.283701
0.274968
0.261775
0.386666
0.385879
0.38573
0.385521
0.385315
0.385098
0.384868
0.384624
0.384365
0.384091
0.383803
0.383503
0.383193
0.382878
0.382561
0.382243
0.381929
0.38162
0.381316
0.381018
0.380725
0.380434
0.380145
0.379853
0.379559
0.379261
0.378959
0.378654
0.378347
0.37804
0.377733
0.377429
0.377128
0.37683
0.376535
0.376242
0.375948
0.375653
0.375355
0.375052
0.374744
0.374431
0.374111
0.373782
0.373442
0.373092
0.372735
0.372369
0.371998
0.37162
0.371239
0.370854
0.370466
0.370077
0.369684
0.36929
0.368892
0.368489
0.368079
0.367662
0.367235
0.366796
0.366344
0.365877
0.365395
0.364895
0.364379
0.363847
0.3633
0.362736
0.362158
0.361566
0.360959
0.360338
0.359703
0.359053
0.358388
0.357707
0.357009
0.356292
0.355555
0.354796
0.354013
0.353206
0.35237
0.351506
0.35061
0.349683
0.348719
0.347719
0.34668
0.345601
0.344478
0.343313
0.3421
0.34084
0.339525
0.338159
0.336731
0.335245
0.333688
0.332064
0.330358
0.328574
0.32669
0.324713
0.322615
0.320403
0.31804
0.315532
0.31283
0.309935
0.306774
0.303332
0.299494
0.295177
0.290127
0.28396
0.275304
0.262412
0.265934
0.26454
0.263099
0.261592
0.260018
0.258377
0.256661
0.254873
0.253003
0.251061
0.24905
0.246995
0.244815
0.242545
0.240188
0.237683
0.235102
0.232453
0.229727
0.226915
0.224016
0.221031
0.217961
0.214812
0.211586
0.208289
0.204924
0.201498
0.198015
0.194483
0.190906
0.187292
0.183646
0.179978
0.17629
0.172593
0.168889
0.16519
0.161497
0.15782
0.15416
0.150528
0.146922
0.143355
0.139822
0.136336
0.132892
0.129503
0.12616
0.122879
0.119645
0.116472
0.113335
0.110249
0.107178
0.104138
0.101103
0.0981067
0.0951562
0.0923475
0.0896596
0.0871641
0.0848084
0.0826255
0.080646
0.0788451
0.0772242
0.0758315
0.0746862
0.0737051
0.0730193
0.0723255
0.0722389
0.072434
0.0730256
0.0740113
0.0753544
0.0777654
0.0475794
19.1777
0.265855
0.264451
0.263
0.26148
0.259894
0.258237
0.256506
0.254698
0.252806
0.250828
0.248745
0.246637
0.244455
0.24221
0.239815
0.237319
0.234731
0.232058
0.229301
0.226457
0.223527
0.220512
0.217415
0.21424
0.21099
0.207671
0.204286
0.200842
0.197344
0.193799
0.190211
0.18659
0.18294
0.179269
0.175581
0.171888
0.168189
0.164498
0.160814
0.157148
0.1535
0.149883
0.146291
0.14274
0.139223
0.135754
0.132327
0.128954
0.125623
0.12235
0.119112
0.115925
0.112762
0.109637
0.106536
0.103485
0.100492
0.0976232
0.0948596
0.0923063
0.0898043
0.0874714
0.085252
0.0832244
0.0812778
0.07966
0.0780975
0.0768018
0.0757559
0.0749984
0.0744398
0.0744949
0.0747474
0.0751558
0.0756466
0.0762244
0.0766079
0.0774652
0.0462104
19.532
0.265723
0.264301
0.262833
0.261293
0.259686
0.258006
0.256253
0.25442
0.252511
0.250517
0.248449
0.246275
0.244027
0.241714
0.239263
0.236737
0.234114
0.231395
0.228587
0.225694
0.222718
0.219661
0.216523
0.21331
0.210025
0.206673
0.203258
0.199788
0.196267
0.192703
0.189101
0.185469
0.181811
0.178137
0.17445
0.170759
0.167068
0.163385
0.159713
0.156061
0.152429
0.148828
0.145256
0.141724
0.138227
0.134778
0.131369
0.128011
0.124686
0.121408
0.118153
0.114932
0.111736
0.108584
0.105502
0.102531
0.0997037
0.0970911
0.094607
0.0922486
0.0900475
0.0878849
0.085938
0.0841694
0.0824458
0.0810292
0.0798587
0.0787672
0.0779894
0.077664
0.0773629
0.0774938
0.0775921
0.0777879
0.0777507
0.0778062
0.0776273
0.0776769
0.0468075
19.0921
0.265533
0.264086
0.262591
0.261022
0.259384
0.25767
0.255879
0.254008
0.252057
0.250023
0.247909
0.24567
0.243351
0.240939
0.238447
0.235873
0.233195
0.230415
0.227542
0.224584
0.221544
0.218426
0.21523
0.211963
0.208627
0.205228
0.201772
0.198265
0.194713
0.191123
0.187501
0.183855
0.180189
0.176511
0.172826
0.169142
0.165462
0.161795
0.158141
0.154511
0.150904
0.147331
0.143788
0.140286
0.136819
0.133398
0.130008
0.12666
0.123334
0.120035
0.11676
0.113523
0.11035
0.107299
0.104393
0.101717
0.0992262
0.0969022
0.0947246
0.0925274
0.0906262
0.0888061
0.0870695
0.0857042
0.0844152
0.08323
0.0826378
0.0820013
0.0815458
0.0815103
0.081193
0.0809136
0.0805725
0.0802134
0.0796781
0.0792301
0.0785914
0.078306
0.0471321
19.0165
0.265289
0.263807
0.262278
0.260672
0.258991
0.257232
0.255391
0.253467
0.251458
0.249361
0.247177
0.244873
0.242486
0.239986
0.237414
0.234757
0.232
0.229142
0.226189
0.22315
0.220029
0.216833
0.213565
0.210229
0.20683
0.203375
0.199868
0.196318
0.19273
0.189112
0.185468
0.181808
0.178134
0.174456
0.170776
0.167103
0.163439
0.159793
0.156165
0.152564
0.148989
0.145448
0.14194
0.13847
0.135032
0.13163
0.128248
0.124892
0.121557
0.118248
0.115002
0.111865
0.108882
0.106137
0.103599
0.101283
0.0991237
0.0969916
0.0951416
0.0933215
0.0916284
0.0903457
0.0889702
0.0879584
0.0873533
0.0864845
0.0862888
0.0860825
0.0854607
0.0851339
0.0846352
0.0838515
0.0830061
0.0821914
0.0813065
0.0805238
0.0796077
0.0791656
0.0476773
19.1108
0.264995
0.263472
0.261901
0.260247
0.258515
0.256699
0.254796
0.252805
0.250723
0.248549
0.246279
0.243899
0.241422
0.238825
0.236148
0.233387
0.230532
0.227579
0.224531
0.221396
0.218181
0.214894
0.211539
0.208123
0.204652
0.201132
0.19757
0.193972
0.190345
0.186697
0.183032
0.179358
0.17568
0.172004
0.168334
0.164677
0.161036
0.157416
0.15382
0.150253
0.146715
0.14321
0.139737
0.136295
0.132875
0.129477
0.126097
0.122735
0.119438
0.116229
0.113175
0.11037
0.107794
0.105468
0.103333
0.101262
0.0994276
0.097612
0.0960159
0.0947706
0.0933895
0.0925832
0.0918972
0.0911554
0.091076
0.0906291
0.090055
0.0897462
0.0890064
0.088105
0.0872391
0.0862451
0.0851586
0.0841006
0.0830411
0.0820818
0.0809734
0.0803794
0.0494569
18.6003
0.264656
0.263084
0.261464
0.259753
0.257959
0.256075
0.254098
0.252026
0.249857
0.247589
0.245222
0.242756
0.240158
0.237449
0.234652
0.231769
0.228795
0.225729
0.222571
0.219327
0.216005
0.212614
0.209163
0.205658
0.202107
0.198517
0.194895
0.191247
0.187581
0.183903
0.180218
0.176534
0.172854
0.169185
0.16553
0.161894
0.15828
0.154691
0.151131
0.147601
0.1441
0.140629
0.137183
0.133758
0.130351
0.126956
0.123633
0.12037
0.117275
0.114424
0.111795
0.109478
0.107366
0.105325
0.103541
0.101764
0.100224
0.0989683
0.09766
0.0969838
0.09622
0.0957213
0.0956302
0.0950499
0.0946289
0.0942526
0.0933767
0.0924986
0.0915943
0.0905173
0.0893858
0.0882683
0.0871396
0.0859977
0.0848262
0.0836982
0.0824099
0.0816436
0.0509333
18.3273
0.264275
0.262645
0.260968
0.259191
0.257326
0.255361
0.253299
0.251131
0.24886
0.246484
0.244004
0.241417
0.23869
0.235856
0.232925
0.229904
0.226793
0.223595
0.22031
0.216944
0.213504
0.210002
0.206446
0.202847
0.199212
0.195549
0.191865
0.188169
0.184464
0.18076
0.177059
0.173369
0.169692
0.166035
0.162399
0.158788
0.155206
0.151652
0.148129
0.144633
0.141166
0.13772
0.134296
0.130883
0.127525
0.124219
0.121099
0.118186
0.115523
0.113258
0.111202
0.109222
0.107523
0.105779
0.104279
0.103054
0.101821
0.101161
0.10043
0.100102
0.0998574
0.0993399
0.0990422
0.0985246
0.0976244
0.0968233
0.0958974
0.094798
0.0936712
0.0925484
0.0913964
0.0902142
0.0890019
0.0877768
0.0865118
0.0852593
0.0838364
0.0829549
0.0527783
17.8837
0.263855
0.26216
0.260417
0.258565
0.256616
0.25456
0.252396
0.25012
0.247731
0.245233
0.242637
0.239887
0.237019
0.234042
0.230961
0.227786
0.224522
0.221175
0.217748
0.214248
0.210682
0.207062
0.203398
0.199701
0.19598
0.192245
0.188502
0.184759
0.181021
0.177293
0.173582
0.16989
0.166223
0.162582
0.158971
0.155389
0.15184
0.148321
0.144833
0.141369
0.137935
0.134521
0.131152
0.127841
0.124693
0.121763
0.119091
0.116802
0.114709
0.112815
0.111228
0.10953
0.108162
0.106985
0.105782
0.105231
0.104547
0.104199
0.104028
0.103555
0.103125
0.102565
0.101763
0.100957
0.100009
0.0989541
0.097867
0.0967652
0.0956241
0.0944313
0.0932049
0.091957
0.0906678
0.0893474
0.0879893
0.0866501
0.0851442
0.0841976
0.0546782
17.4107
0.263398
0.26163
0.259812
0.257875
0.25583
0.25367
0.25139
0.24899
0.246468
0.243833
0.241076
0.238164
0.235136
0.231998
0.228752
0.225408
0.221975
0.218465
0.214882
0.211238
0.207539
0.203798
0.200024
0.19623
0.192426
0.188621
0.184823
0.181037
0.177271
0.173527
0.16981
0.166125
0.16247
0.158853
0.155267
0.151719
0.148203
0.144719
0.141265
0.137839
0.13446
0.131132
0.127941
0.124953
0.122272
0.120002
0.117988
0.116278
0.114737
0.113087
0.111829
0.110625
0.109576
0.109107
0.10839
0.108229
0.108068
0.107431
0.107141
0.106609
0.105707
0.104888
0.103992
0.102961
0.101894
0.100837
0.099725
0.0985488
0.0973431
0.0961051
0.0948129
0.0934768
0.0921082
0.0907208
0.0893093
0.0879171
0.086356
0.0853633
0.0565444
16.9721
0.262907
0.261056
0.259154
0.257119
0.254968
0.252688
0.250277
0.247735
0.245065
0.242281
0.239329
0.23624
0.233034
0.229715
0.226287
0.222759
0.219145
0.215458
0.211711
0.207914
0.204078
0.200212
0.196331
0.192444
0.188561
0.184693
0.180845
0.177025
0.173236
0.169484
0.165767
0.162094
0.158459
0.154865
0.151314
0.147794
0.144323
0.140883
0.137498
0.134193
0.131004
0.128007
0.125331
0.123004
0.120965
0.119259
0.117728
0.116339
0.115236
0.114037
0.113197
0.112647
0.112005
0.11205
0.111706
0.111215
0.111052
0.110337
0.10949
0.1088
0.107876
0.106832
0.105808
0.104777
0.103675
0.102522
0.101348
0.100134
0.0988602
0.0975391
0.0961833
0.0947961
0.0933823
0.0919436
0.0904843
0.0890453
0.0874413
0.0864114
0.0580577
16.6753
0.262383
0.260439
0.258444
0.256299
0.254026
0.25161
0.249053
0.246352
0.243516
0.24054
0.237387
0.234105
0.2307
0.22718
0.223551
0.219827
0.21602
0.21215
0.208229
0.204276
0.200298
0.196313
0.192326
0.188354
0.184399
0.180476
0.176587
0.17274
0.168937
0.165182
0.161475
0.157815
0.154209
0.15064
0.147129
0.143659
0.140242
0.136918
0.133678
0.130662
0.127886
0.125503
0.123617
0.122104
0.120683
0.11941
0.118264
0.117116
0.116474
0.115874
0.115543
0.115615
0.115095
0.114882
0.114657
0.113805
0.113209
0.112522
0.111545
0.110604
0.109639
0.108617
0.10753
0.106389
0.105227
0.10403
0.102776
0.101478
0.100148
0.0987838
0.0973863
0.0959532
0.0944983
0.0930203
0.0915251
0.0900469
0.0884042
0.087344
0.0593281
16.4597
0.261827
0.259781
0.25768
0.255413
0.253002
0.250434
0.247709
0.244831
0.241816
0.238607
0.235242
0.231744
0.228118
0.224378
0.220532
0.216598
0.21259
0.20853
0.204435
0.200323
0.196209
0.192104
0.188023
0.183969
0.179955
0.175985
0.172065
0.168199
0.164392
0.16064
0.156951
0.153315
0.149739
0.146228
0.142775
0.139438
0.136207
0.133185
0.130463
0.128055
0.12607
0.124403
0.122992
0.121925
0.120969
0.120066
0.119451
0.118775
0.118685
0.118652
0.11829
0.118324
0.117922
0.117173
0.11675
0.115955
0.115032
0.114225
0.11329
0.112305
0.111269
0.11016
0.109027
0.107845
0.106598
0.105312
0.104003
0.102661
0.101283
0.0998698
0.0984317
0.0969637
0.0954782
0.0939657
0.0924386
0.0909269
0.0892523
0.0881683
0.0604633
16.247
0.261242
0.259081
0.256862
0.254457
0.25189
0.24915
0.246239
0.243167
0.23992
0.236475
0.232876
0.229138
0.225273
0.221291
0.217215
0.213057
0.208844
0.20459
0.200324
0.196056
0.191812
0.187597
0.183425
0.179306
0.175238
0.171235
0.167294
0.16342
0.159617
0.155881
0.152217
0.148631
0.145104
0.141705
0.138407
0.135295
0.132479
0.129953
0.127978
0.12649
0.125357
0.124414
0.123371
0.122486
0.12189
0.121518
0.121631
0.12145
0.121296
0.121381
0.120814
0.120397
0.120027
0.119158
0.118414
0.117661
0.116728
0.115808
0.114833
0.113783
0.112703
0.111558
0.11034
0.109077
0.107786
0.106458
0.105092
0.103692
0.102268
0.100816
0.0993437
0.0978409
0.0963254
0.0947846
0.0932346
0.0916964
0.0899954
0.0888908
0.0614963
16.0504
0.260628
0.258337
0.255988
0.253426
0.250686
0.247751
0.244632
0.241342
0.237826
0.234127
0.230271
0.226269
0.222141
0.217904
0.213581
0.209196
0.204769
0.200329
0.19589
0.191484
0.18711
0.182804
0.178549
0.174374
0.170267
0.166237
0.162292
0.158418
0.154638
0.15094
0.147328
0.143852
0.1405
0.137375
0.134535
0.132048
0.130017
0.128328
0.126978
0.126022
0.125327
0.124766
0.124221
0.123832
0.123904
0.123841
0.124007
0.124041
0.123551
0.123372
0.122863
0.122091
0.121581
0.120834
0.119973
0.119143
0.118216
0.117228
0.1162
0.115103
0.11394
0.11273
0.111483
0.110185
0.108839
0.107452
0.106039
0.104598
0.103133
0.10164
0.100133
0.0985999
0.0970613
0.0954977
0.0939279
0.0923661
0.090644
0.0895195
0.0623233
15.9081
0.259984
0.25755
0.255055
0.252316
0.249379
0.246227
0.242875
0.239319
0.235521
0.231545
0.2274
0.223116
0.218702
0.214198
0.209615
0.205
0.200359
0.195739
0.191141
0.186601
0.182125
0.177721
0.173415
0.169179
0.165058
0.161011
0.157072
0.153237
0.149489
0.145893
0.142415
0.139134
0.136164
0.133484
0.131257
0.129653
0.128558
0.127817
0.12715
0.126473
0.125877
0.12588
0.126064
0.126106
0.12638
0.126232
0.126005
0.126009
0.125465
0.124929
0.124469
0.123681
0.122976
0.122245
0.121389
0.120492
0.119524
0.118482
0.117382
0.11623
0.115036
0.113785
0.112482
0.111134
0.109753
0.108331
0.106876
0.105387
0.103882
0.102354
0.10082
0.0992621
0.0977012
0.0961147
0.0945239
0.0929416
0.0911989
0.0900599
0.0629936
15.8212
0.259311
0.256718
0.254056
0.251121
0.24796
0.244564
0.24096
0.237082
0.232987
0.228698
0.224245
0.219647
0.214937
0.210146
0.20531
0.200452
0.195619
0.190812
0.186086
0.181414
0.176857
0.172376
0.168016
0.163761
0.15961
0.155599
0.151676
0.147937
0.14432
0.140944
0.137887
0.135134
0.132986
0.131195
0.129796
0.128796
0.128203
0.1279
0.127581
0.127477
0.127444
0.127746
0.128228
0.128264
0.128312
0.128193
0.127625
0.127408
0.126992
0.12631
0.125793
0.125091
0.124296
0.123497
0.122608
0.121657
0.120648
0.119566
0.118429
0.117232
0.115983
0.114689
0.113357
0.111974
0.110551
0.109084
0.107593
0.106073
0.10454
0.102982
0.101419
0.0998324
0.0982488
0.0966422
0.0950344
0.0934355
0.0916727
0.0905241
0.0635292
15.7846
0.25861
0.255837
0.252989
0.249829
0.246417
0.242752
0.238829
0.234621
0.23019
0.225563
0.220771
0.21584
0.210821
0.205736
0.200642
0.195558
0.190529
0.185574
0.180705
0.175954
0.171295
0.166788
0.162372
0.158124
0.15399
0.150027
0.14624
0.142648
0.139345
0.136373
0.133874
0.131929
0.130602
0.129875
0.129531
0.129083
0.128579
0.128646
0.128895
0.129401
0.129611
0.129821
0.130107
0.129993
0.129784
0.129704
0.129144
0.128644
0.128262
0.127609
0.126988
0.126305
0.12548
0.124603
0.123671
0.122675
0.121626
0.120514
0.11934
0.118105
0.116823
0.115487
0.114108
0.112687
0.111235
0.109743
0.108225
0.106672
0.105108
0.103521
0.101936
0.100329
0.0987248
0.0970949
0.0954665
0.0938485
0.0920715
0.0909128
0.0639028
15.8407
0.257882
0.254903
0.251847
0.248431
0.244734
0.24077
0.236475
0.231905
0.227107
0.222106
0.21695
0.211671
0.206325
0.200955
0.195601
0.190313
0.1851
0.180014
0.175028
0.170198
0.165487
0.160936
0.156544
0.152299
0.148288
0.144468
0.140985
0.137863
0.135254
0.133244
0.131656
0.130664
0.129843
0.129618
0.129584
0.129626
0.129777
0.130218
0.130677
0.131234
0.131493
0.131426
0.131442
0.131342
0.130957
0.130825
0.130462
0.129835
0.129362
0.128747
0.128053
0.127328
0.1265
0.125581
0.1246
0.123566
0.122481
0.121336
0.120133
0.118865
0.117544
0.116171
0.114762
0.113309
0.111826
0.110304
0.108761
0.107187
0.105604
0.103995
0.102385
0.100751
0.0991236
0.0974737
0.0958311
0.0941994
0.0924116
0.0912409
0.0644269
15.6376
0.257122
0.253911
0.250618
0.246912
0.242883
0.238568
0.233872
0.228912
0.223693
0.218303
0.212741
0.207116
0.201431
0.195786
0.190189
0.184706
0.179348
0.174124
0.169074
0.164152
0.159454
0.154879
0.150561
0.146459
0.142639
0.139207
0.136186
0.133713
0.131953
0.130934
0.130482
0.130354
0.130066
0.13006
0.13042
0.131027
0.131686
0.132088
0.132369
0.132692
0.13291
0.13275
0.132591
0.132514
0.132067
0.131811
0.131554
0.130958
0.130368
0.129728
0.128991
0.128217
0.12737
0.126434
0.125425
0.124349
0.123224
0.122046
0.120814
0.119517
0.118169
0.116764
0.115322
0.113838
0.11233
0.110787
0.109226
0.107631
0.106026
0.104395
0.102766
0.101112
0.0994664
0.0977964
0.0961353
0.0944879
0.0926868
0.0915118
0.064769
15.6046
0.256329
0.252856
0.24929
0.245254
0.240893
0.236115
0.231
0.225578
0.219931
0.214085
0.208138
0.202122
0.196141
0.190202
0.184417
0.178736
0.17327
0.16793
0.162824
0.15789
0.153194
0.14875
0.144577
0.140865
0.137581
0.134956
0.133005
0.131579
0.1307
0.130226
0.130273
0.130427
0.130774
0.131266
0.131943
0.132588
0.133265
0.133524
0.133691
0.13377
0.133887
0.133841
0.133587
0.133488
0.133127
0.132719
0.132432
0.13191
0.131268
0.130582
0.129814
0.128998
0.128126
0.127171
0.126139
0.125035
0.123875
0.122662
0.1214
0.120077
0.118703
0.117273
0.115806
0.114297
0.112765
0.111199
0.109619
0.108008
0.10639
0.104742
0.103092
0.101416
0.0997491
0.0980621
0.0963884
0.0947304
0.0929192
0.0917357
0.0649993
15.6563
0.255506
0.251729
0.247848
0.243441
0.238641
0.233396
0.22779
0.221887
0.215741
0.209451
0.203068
0.196709
0.190396
0.18425
0.178233
0.172461
0.16683
0.16148
0.15631
0.151472
0.146872
0.142703
0.13897
0.135777
0.133275
0.131528
0.130653
0.130595
0.130528
0.130429
0.130696
0.13138
0.132219
0.132991
0.133518
0.133901
0.134413
0.134637
0.134807
0.134754
0.134745
0.13479
0.13452
0.134335
0.134061
0.13357
0.13318
0.132691
0.132056
0.131338
0.130542
0.129684
0.128776
0.127802
0.126754
0.125625
0.124436
0.123191
0.121899
0.120551
0.119155
0.117704
0.116215
0.114684
0.113132
0.111548
0.109953
0.108326
0.106692
0.105026
0.10336
0.101667
0.0999864
0.0982849
0.096596
0.0949253
0.0931032
0.0919101
0.0653312
15.4691
0.254647
0.250518
0.246271
0.241424
0.23614
0.230363
0.224221
0.21776
0.211107
0.204325
0.197533
0.190821
0.184231
0.177876
0.171705
0.165805
0.160127
0.154748
0.149681
0.145032
0.140778
0.137257
0.134488
0.132418
0.131109
0.130284
0.130088
0.130245
0.13068
0.131283
0.131928
0.132797
0.13353
0.134281
0.134641
0.134911
0.135303
0.135487
0.135684
0.135661
0.135542
0.135579
0.13537
0.135078
0.134826
0.134359
0.133865
0.133347
0.132722
0.131996
0.131182
0.130293
0.129349
0.128346
0.127277
0.126133
0.124923
0.123649
0.122328
0.120955
0.11954
0.118072
0.116567
0.115019
0.113449
0.111847
0.110236
0.108595
0.106947
0.105267
0.103587
0.101879
0.100185
0.0984709
0.0967703
0.095092
0.0932578
0.0920641
0.0655976
15.4391
0.25375
0.249212
0.244532
0.239222
0.23333
0.226968
0.220206
0.213164
0.205954
0.198689
0.191497
0.184453
0.177643
0.17109
0.164821
0.158831
0.153147
0.147959
0.143077
0.138953
0.135319
0.132657
0.130836
0.129975
0.130085
0.130078
0.130189
0.130709
0.131636
0.132632
0.133386
0.134036
0.134535
0.135192
0.135534
0.135809
0.136109
0.13624
0.13642
0.136469
0.136294
0.136251
0.136095
0.135742
0.135464
0.135031
0.134488
0.13392
0.133282
0.132551
0.13173
0.130819
0.129843
0.128809
0.127717
0.126554
0.125325
0.124027
0.122682
0.121287
0.119853
0.11837
0.116852
0.115289
0.113707
0.11209
0.110463
0.108805
0.107142
0.105448
0.103756
0.102038
0.100333
0.0986082
0.0968946
0.0952073
0.0933576
0.0921666
0.0657338
15.4845
0.252808
0.247794
0.242612
0.236714
0.230173
0.223129
0.215706
0.208012
0.200263
0.19249
0.184961
0.177602
0.170634
0.163924
0.157583
0.151638
0.14608
0.141321
0.13708
0.133895
0.131742
0.130304
0.129472
0.129434
0.129663
0.130286
0.131086
0.131899
0.132878
0.133715
0.134452
0.134953
0.135335
0.135923
0.136272
0.136563
0.136825
0.136917
0.137047
0.137156
0.136998
0.136845
0.136706
0.136356
0.136015
0.135594
0.135044
0.134433
0.133766
0.133023
0.132196
0.131274
0.130275
0.129211
0.128093
0.12691
0.125664
0.124349
0.122984
0.121568
0.120117
0.11862
0.117092
0.115519
0.113925
0.112295
0.110654
0.108982
0.107307
0.105602
0.103903
0.102177
0.100466
0.098733
0.0970095
0.0953137
0.0934549
0.0922587
0.0659904
15.3239
0.25181
0.246242
0.24044
0.233878
0.226587
0.218799
0.210615
0.202287
0.193936
0.185755
0.177868
0.170321
0.163177
0.156433
0.150058
0.144438
0.139387
0.13521
0.132061
0.129878
0.129018
0.129127
0.129173
0.129458
0.130189
0.13125
0.132325
0.133078
0.133844
0.134489
0.135218
0.135714
0.136071
0.136579
0.136904
0.137196
0.137452
0.137522
0.137603
0.137711
0.137604
0.137371
0.13721
0.136887
0.136497
0.136063
0.135515
0.134877
0.134177
0.133414
0.132577
0.131647
0.130635
0.129547
0.128403
0.127198
0.125934
0.124604
0.123225
0.121792
0.120326
0.118814
0.117275
0.115693
0.114089
0.112446
0.110791
0.109103
0.107414
0.105699
0.103991
0.102258
0.10054
0.0987998
0.0970712
0.0953672
0.0935093
0.0923033
0.0660158
15.2994
0.250741
0.244526
0.238019
0.230626
0.222496
0.213855
0.204875
0.195874
0.186978
0.17841
0.170269
0.16257
0.155345
0.148698
0.142568
0.137591
0.133814
0.1308
0.12941
0.128404
0.128351
0.128622
0.129408
0.130366
0.131314
0.132324
0.133229
0.133937
0.13457
0.135119
0.135844
0.136346
0.136722
0.137157
0.137437
0.137725
0.137988
0.138078
0.138113
0.138175
0.138113
0.137851
0.137646
0.137336
0.136922
0.136465
0.135913
0.135259
0.134534
0.133747
0.132895
0.131957
0.130936
0.129832
0.128665
0.127438
0.126159
0.12482
0.123432
0.121987
0.120509
0.118987
0.117441
0.115853
0.114242
0.112589
0.110923
0.109221
0.10752
0.105794
0.104079
0.102339
0.100613
0.0988655
0.0971336
0.0954225
0.0935656
0.0923516
0.0660462
15.3447
0.249576
0.242618
0.235228
0.226883
0.217783
0.208206
0.198397
0.188739
0.179345
0.170497
0.162136
0.154472
0.14718
0.141063
0.135773
0.131748
0.129161
0.127663
0.127823
0.127929
0.128294
0.129147
0.13031
0.13146
0.132268
0.133093
0.133833
0.134581
0.135201
0.135706
0.13638
0.136868
0.137275
0.137666
0.137901
0.138173
0.138433
0.138559
0.138544
0.138555
0.138512
0.13826
0.138023
0.137709
0.137282
0.136799
0.136237
0.135576
0.134835
0.134025
0.133154
0.132207
0.131179
0.130061
0.128875
0.127627
0.126334
0.124985
0.123587
0.12213
0.120639
0.119104
0.117547
0.115948
0.114326
0.112661
0.110982
0.109268
0.107556
0.105819
0.104096
0.102347
0.100615
0.0988607
0.0971191
0.0954001
0.0935313
0.0923157
0.0661494
15.206
0.248266
0.240431
0.232002
0.222533
0.212345
0.201738
0.191109
0.180857
0.171025
0.162086
0.15352
0.146144
0.139203
0.134017
0.130733
0.128316
0.127161
0.126895
0.127175
0.128033
0.129115
0.130171
0.131222
0.132203
0.132936
0.133671
0.134333
0.135122
0.135747
0.136228
0.136834
0.137297
0.137724
0.138113
0.138325
0.138576
0.138824
0.138974
0.138928
0.138895
0.138845
0.138615
0.138358
0.138031
0.137593
0.137088
0.136513
0.135847
0.1351
0.134277
0.133392
0.13244
0.131413
0.130294
0.1291
0.127837
0.126532
0.12517
0.123759
0.122288
0.120782
0.119231
0.11766
0.116046
0.114412
0.112734
0.111043
0.109318
0.107595
0.105847
0.104114
0.102358
0.100623
0.0988667
0.0971214
0.0953943
0.0935102
0.0922943
0.0662261
15.1853
0.246742
0.237958
0.228214
0.217449
0.205985
0.194378
0.182889
0.172249
0.162056
0.153214
0.144721
0.137843
0.132376
0.128414
0.126577
0.126165
0.126418
0.126778
0.127647
0.12886
0.130112
0.131004
0.13185
0.132665
0.133444
0.134174
0.134802
0.135585
0.136195
0.13669
0.137226
0.137656
0.138095
0.138495
0.138699
0.138927
0.139159
0.139312
0.139256
0.139204
0.139137
0.138925
0.138654
0.138309
0.137858
0.137331
0.136741
0.136071
0.135315
0.134471
0.133563
0.132588
0.131543
0.130407
0.129196
0.127915
0.126594
0.125222
0.12381
0.122341
0.120835
0.119279
0.117697
0.116072
0.114428
0.112742
0.111046
0.10932
0.107601
0.105853
0.104116
0.102354
0.10061
0.0988506
0.0971135
0.0953965
0.0935065
0.0922931
0.0662482
15.2273
0.244933
0.234988
0.223707
0.211412
0.198591
0.185951
0.173796
0.16285
0.152661
0.143967
0.13634
0.130566
0.127875
0.125956
0.125255
0.125467
0.126325
0.127499
0.128617
0.12968
0.130747
0.13155
0.132321
0.133059
0.133897
0.134643
0.135251
0.135991
0.136579
0.137105
0.137597
0.137996
0.138438
0.138844
0.139057
0.139263
0.139471
0.139608
0.139556
0.139492
0.139402
0.139194
0.138917
0.138564
0.138114
0.137581
0.136985
0.13631
0.135545
0.134682
0.133748
0.132746
0.131677
0.130523
0.129298
0.128003
0.126666
0.125281
0.123867
0.122399
0.120893
0.119332
0.117744
0.11611
0.114461
0.112771
0.111074
0.10935
0.107639
0.1059
0.104165
0.102392
0.100632
0.098862
0.097141
0.0954575
0.0935742
0.0923573
0.0664963
15.1062
0.24269
0.231397
0.218266
0.204248
0.189975
0.176433
0.163824
0.152862
0.143036
0.134952
0.129253
0.125317
0.124494
0.124635
0.124949
0.125808
0.127044
0.128425
0.129436
0.130281
0.131141
0.131964
0.13275
0.133465
0.134323
0.135063
0.135674
0.13635
0.136912
0.137469
0.137944
0.138318
0.138753
0.139151
0.139378
0.139574
0.139751
0.139859
0.139817
0.13975
0.139642
0.139412
0.139118
0.138759
0.138308
0.137767
0.137151
0.13645
0.135667
0.134794
0.133848
0.132828
0.131744
0.130582
0.129354
0.128051
0.126698
0.12529
0.123856
0.122373
0.120858
0.119289
0.117694
0.116053
0.114398
0.112703
0.111006
0.109278
0.107553
0.105797
0.104053
0.102286
0.10054
0.0987769
0.0970351
0.0953112
0.0934264
0.0921913
0.066202
15.0878
0.239933
0.226921
0.211625
0.195676
0.180024
0.165813
0.153141
0.14259
0.133979
0.12739
0.125277
0.123634
0.123689
0.124386
0.125526
0.126732
0.127887
0.129055
0.129968
0.130744
0.131497
0.132347
0.133168
0.133883
0.134717
0.135424
0.136054
0.136673
0.137207
0.137779
0.138249
0.138606
0.139024
0.1394
0.139635
0.139824
0.139974
0.140054
0.140008
0.139922
0.139813
0.139584
0.139284
0.138938
0.138485
0.137925
0.137282
0.136555
0.135758
0.134883
0.133934
0.1329
0.131805
0.130639
0.129414
0.128106
0.126739
0.125307
0.123849
0.122349
0.120825
0.11925
0.117652
0.116004
0.114343
0.112645
0.110949
0.109218
0.107486
0.105721
0.103976
0.102218
0.100492
0.0987411
0.0969875
0.0952417
0.0933658
0.0921142
0.0660729
15.1273
0.236348
0.221241
0.203368
0.185506
0.168629
0.154382
0.142206
0.132608
0.126533
0.122329
0.122403
0.122869
0.123694
0.124882
0.126355
0.127549
0.1285
0.129427
0.130312
0.131102
0.131813
0.132676
0.133514
0.134234
0.135009
0.135671
0.136319
0.136894
0.137401
0.13797
0.138436
0.138787
0.139182
0.139534
0.139772
0.13996
0.140094
0.140142
0.140096
0.140011
0.139858
0.139623
0.139305
0.138899
0.138421
0.137855
0.137203
0.136465
0.135656
0.134765
0.133796
0.132742
0.131628
0.130451
0.129221
0.127916
0.126557
0.125137
0.123685
0.122184
0.120654
0.119067
0.117453
0.115792
0.114123
0.112418
0.110714
0.108973
0.107235
0.105466
0.103714
0.101941
0.100191
0.0984196
0.0966596
0.0949281
0.0930579
0.0918359
0.0659687
15.0191
0.231609
0.213792
0.193085
0.173439
0.15604
0.142537
0.132356
0.124655
0.122622
0.12129
0.121788
0.122838
0.124336
0.125741
0.12701
0.128024
0.128811
0.129565
0.130427
0.131266
0.132002
0.132866
0.133684
0.134405
0.135103
0.13573
0.13639
0.136937
0.137426
0.137987
0.138452
0.138808
0.139174
0.139481
0.139715
0.139895
0.140011
0.140038
0.139996
0.139908
0.139746
0.139504
0.13917
0.13876
0.138283
0.137711
0.137045
0.136295
0.135478
0.134578
0.133597
0.132531
0.131408
0.130222
0.128985
0.127675
0.126312
0.124885
0.123424
0.121912
0.120373
0.118778
0.117159
0.115494
0.113824
0.112119
0.110416
0.108674
0.106936
0.105168
0.103419
0.101647
0.0998995
0.0981287
0.0963733
0.0946453
0.0927778
0.0915714
0.065813
15.0027
0.225332
0.204112
0.180097
0.159849
0.143108
0.13083
0.124033
0.119662
0.120127
0.121
0.122239
0.123614
0.125009
0.1261
0.127014
0.1279
0.128652
0.129369
0.130241
0.131146
0.131931
0.132754
0.133504
0.134212
0.134859
0.13547
0.136134
0.136677
0.137169
0.137711
0.138157
0.138519
0.138869
0.139152
0.139395
0.139575
0.139688
0.139709
0.139668
0.139561
0.139385
0.139124
0.138793
0.138381
0.137883
0.137292
0.136616
0.135859
0.135034
0.134125
0.133136
0.132068
0.130947
0.129763
0.128531
0.127228
0.125874
0.124451
0.122991
0.121474
0.119932
0.118335
0.11672
0.115059
0.113393
0.111691
0.10999
0.108249
0.106516
0.104754
0.103011
0.101242
0.0994968
0.0977285
0.0959827
0.0942659
0.0924
0.0911972
0.065448
15.0371
0.216823
0.19128
0.16471
0.145109
0.132298
0.121805
0.119117
0.118303
0.118866
0.120338
0.122408
0.12379
0.124727
0.125527
0.126298
0.127166
0.128023
0.128805
0.129695
0.130598
0.131375
0.132108
0.132806
0.13354
0.134183
0.134808
0.135477
0.136025
0.136536
0.137065
0.137512
0.1379
0.138249
0.138523
0.138762
0.138951
0.139056
0.139088
0.139049
0.138948
0.138778
0.138537
0.138215
0.137805
0.137316
0.136736
0.136069
0.135317
0.13449
0.133574
0.132581
0.131508
0.130383
0.129192
0.12796
0.126664
0.125322
0.123909
0.122456
0.120942
0.119405
0.117815
0.116213
0.114565
0.112913
0.111221
0.10953
0.107798
0.106078
0.104327
0.102595
0.100834
0.0990978
0.0973388
0.0956059
0.0939001
0.0920378
0.090834
0.0651988
14.9425
0.204855
0.174534
0.147766
0.130267
0.121111
0.116068
0.11612
0.116974
0.119145
0.120762
0.121985
0.122981
0.123709
0.124458
0.125317
0.126279
0.127224
0.128065
0.128927
0.129773
0.130581
0.131313
0.132023
0.132781
0.133427
0.134064
0.134714
0.13527
0.13582
0.13633
0.136769
0.137192
0.137551
0.13782
0.138066
0.138263
0.138405
0.138444
0.138388
0.138278
0.138101
0.137843
0.137513
0.137101
0.136608
0.13603
0.135376
0.13464
0.133832
0.132942
0.131989
0.130961
0.129872
0.128708
0.127497
0.126217
0.124892
0.123491
0.122049
0.12054
0.11901
0.117431
0.115844
0.114211
0.112574
0.110892
0.109212
0.107492
0.105787
0.104048
0.102328
0.100578
0.0988519
0.0971049
0.0953821
0.0936857
0.0918309
0.0906271
0.0650082
14.9286
0.187791
0.155366
0.133542
0.120673
0.114259
0.113679
0.115168
0.117164
0.118518
0.119751
0.120638
0.121473
0.122344
0.123245
0.124185
0.125151
0.126125
0.127059
0.127935
0.128784
0.12967
0.130454
0.131195
0.131949
0.132633
0.133313
0.133959
0.134565
0.135166
0.135673
0.136126
0.136595
0.136973
0.137231
0.137485
0.137715
0.137864
0.137953
0.137917
0.137822
0.137668
0.137438
0.137126
0.136724
0.136241
0.13568
0.135044
0.13432
0.133522
0.13265
0.131718
0.130707
0.129633
0.128484
0.127289
0.126024
0.124715
0.123332
0.121903
0.120406
0.118887
0.117322
0.115751
0.114135
0.112512
0.110839
0.109164
0.107454
0.105754
0.104024
0.102309
0.100565
0.0988415
0.0971017
0.0953802
0.0936894
0.0918363
0.090632
0.0649333
14.9627
0.147828
0.110578
0.100695
0.102479
0.107575
0.112901
0.116192
0.11827
0.119028
0.119587
0.12018
0.121083
0.122175
0.123267
0.124192
0.125118
0.126113
0.127133
0.128
0.128807
0.129725
0.130508
0.131237
0.131972
0.132647
0.133342
0.133966
0.134571
0.135197
0.13566
0.136093
0.136584
0.136948
0.13719
0.137428
0.137642
0.137806
0.137816
0.137774
0.137663
0.137483
0.137241
0.136926
0.13651
0.13601
0.135442
0.134803
0.134066
0.133251
0.13236
0.131419
0.130392
0.129298
0.128115
0.126893
0.125607
0.124289
0.122888
0.121446
0.119928
0.118402
0.116825
0.115255
0.113629
0.112005
0.110322
0.108655
0.106942
0.105255
0.103524
0.10182
0.100076
0.0983653
0.0966274
0.0949181
0.0932269
0.0913814
0.090182
0.0646249
14.8646
)
;

boundaryField
{
    inlet
    {
        type            calculated;
        value           uniform 0.386208;
    }
    outlet
    {
        type            calculated;
        value           nonuniform List<scalar> 
40
(
0.0733414
0.0727772
0.0732156
0.0727775
0.0721331
0.0723441
0.0713404
0.0698389
0.068308
0.0670664
0.0660254
0.0651922
0.0645862
0.0641158
0.0636867
0.0632919
0.0629534
0.0626786
0.0628963
0.0627389
0.0624935
0.0626816
0.0625251
0.0622958
0.0624594
0.0623314
0.0621305
0.0622789
0.0621717
0.0619968
0.0621305
0.0620525
0.0619078
0.0620327
0.0619624
0.0618352
0.0619495
0.0619071
0.0618116
0.0619705
)
;
    }
    axis
    {
        type            symmetryPlane;
    }
    wall
    {
        type            calculated;
        value           nonuniform List<scalar> 
200
(
0.386666
0.385879
0.38573
0.385521
0.385315
0.385098
0.384868
0.384624
0.384365
0.384091
0.383803
0.383503
0.383193
0.382878
0.382561
0.382243
0.381929
0.38162
0.381316
0.381018
0.380725
0.380434
0.380145
0.379853
0.379559
0.379261
0.378959
0.378654
0.378347
0.37804
0.377733
0.377429
0.377128
0.37683
0.376535
0.376242
0.375948
0.375653
0.375355
0.375052
0.374744
0.374431
0.374111
0.373782
0.373442
0.373092
0.372735
0.372369
0.371998
0.37162
0.371239
0.370854
0.370466
0.370077
0.369684
0.36929
0.368892
0.368489
0.368079
0.367662
0.367235
0.366796
0.366344
0.365877
0.365395
0.364895
0.364379
0.363847
0.3633
0.362736
0.362158
0.361566
0.360959
0.360338
0.359703
0.359053
0.358388
0.357707
0.357009
0.356292
0.355555
0.354796
0.354013
0.353206
0.35237
0.351506
0.35061
0.349683
0.348719
0.347719
0.34668
0.345601
0.344478
0.343313
0.3421
0.34084
0.339525
0.338159
0.336731
0.335245
0.333688
0.332064
0.330358
0.328574
0.32669
0.324713
0.322615
0.320403
0.31804
0.315532
0.31283
0.309935
0.306774
0.303332
0.299494
0.295177
0.290127
0.28396
0.275304
0.262412
0.147828
0.110578
0.100695
0.102479
0.107575
0.112901
0.116192
0.11827
0.119028
0.119587
0.12018
0.121083
0.122175
0.123267
0.124192
0.125118
0.126113
0.127133
0.128
0.128807
0.129725
0.130508
0.131237
0.131972
0.132647
0.133342
0.133966
0.134571
0.135197
0.13566
0.136093
0.136584
0.136948
0.13719
0.137428
0.137642
0.137806
0.137816
0.137774
0.137663
0.137483
0.137241
0.136926
0.13651
0.13601
0.135442
0.134803
0.134066
0.133251
0.13236
0.131419
0.130392
0.129298
0.128115
0.126893
0.125607
0.124289
0.122888
0.121446
0.119928
0.118402
0.116825
0.115255
0.113629
0.112005
0.110322
0.108655
0.106942
0.105255
0.103524
0.10182
0.100076
0.0983653
0.0966274
0.0949181
0.0932269
0.0913814
0.090182
0.0646249
14.8646
)
;
    }
    frontAndBack
    {
        type            empty;
    }
}


// ************************************************************************* //
