/*--------------------------------*- C++ -*----------------------------------*\
  =========                 |
  \\      /  F ield         | OpenFOAM: The Open Source CFD Toolbox
   \\    /   O peration     | Website:  https://openfoam.org
    \\  /    A nd           | Version:  13
     \\/     M anipulation  |
\*---------------------------------------------------------------------------*/
FoamFile
{
    format      ascii;
    class       volScalarField;
    location    "0.1";
    object      p;
}
// * * * * * * * * * * * * * * * * * * * * * * * * * * * * * * * * * * * * * //

dimensions      [1 -1 -2 0 0 0 0];

internalField   nonuniform List<scalar> 
2016
(
1929.77
1812.7
1696.41
1581.12
1925.14
1807.96
1691.44
1575.82
1909.73
1792.44
1675.76
1559.97
1885.12
1767.82
1651.14
1535.36
1852.15
1734.81
1618.06
1502.2
1810.15
1692.69
1575.73
1459.64
1758.29
1640.61
1523.3
1406.78
1695.63
1577.62
1459.7
1342.45
1621.1
1502.56
1383.71
1265.33
1533.61
1414.29
1294.01
1173.82
1431.12
1310.49
1187.8
1064.44
1311.93
1189.22
1062.81
934.842
1175.26
1049.92
918.794
785.285
1018.05
889.227
750.289
602.888
834.57
698.709
538.222
354.583
627.29
476.884
280.269
102.505
420.415
248.507
76.2472
18.0017
248.723
84.4689
16.09
8.28595
132.78
26.6259
9.17015
7.44864
82.3829
15.1446
8.88627
7.55003
73.92
27.0774
10.5771
7.72359
77.5478
51.0574
19.0717
8.50858
86.058
67.2532
33.4131
11.3168
5.98341
5.83601
5.68427
5.47059
6.0396
5.91701
5.78364
5.62908
6.08519
5.96742
5.84985
5.73372
6.12723
6.01318
5.90409
5.80363
6.1628
6.05022
5.94372
5.84541
6.19084
6.0781
5.97092
5.8696
6.21177
6.09823
5.98945
5.88516
6.22664
6.11221
6.00139
5.89374
6.23668
6.12144
6.00876
5.89822
6.24308
6.12715
6.01293
5.9001
6.24683
6.13034
6.01491
5.90032
6.24872
6.13178
6.01543
5.8995
6.24936
6.13208
6.01502
5.8981
6.24921
6.13167
6.01409
5.89643
6.24864
6.1309
6.01295
5.89475
6.24792
6.13003
6.01181
5.89323
6.24723
6.12925
6.01084
5.892
6.24671
6.12868
6.01015
5.89115
6.24644
6.12838
6.0098
5.89072
1463.54
1344.25
1227.36
1113.35
1002.67
895.705
792.717
693.887
599.277
508.574
421.399
338.584
259.621
178.961
101.49
47.0609
13.4044
2.02741
1.93723
1.87385
1.81558
1.75266
1.69046
1.62714
1.56061
1.49063
1.41763
1.34173
1.2625
1.17963
1.09333
1.0042
0.912818
0.819586
0.724732
0.628345
0.530499
0.431354
0.330939
0.229091
0.12634
0.0239696
1457.8
1338.05
1220.72
1106.34
995.405
888.313
785.335
686.653
592.32
502
415.349
333.153
254.61
174.29
97.8148
45.141
12.8566
2.02427
1.93427
1.87128
1.81328
1.75166
1.69041
1.62745
1.56139
1.49204
1.41948
1.34373
1.26445
1.18149
1.09514
1.00596
0.914513
0.821206
0.726247
0.629723
0.531725
0.432421
0.33184
0.229816
0.126886
0.0242744
1441.82
1322.02
1204.77
1090.65
980.173
873.748
771.641
674.014
580.888
491.894
406.69
326.059
249.039
170.149
95.423
44.5401
12.2891
2.01274
1.92455
1.86472
1.80913
1.7493
1.68975
1.62837
1.56364
1.49523
1.42316
1.34762
1.26843
1.18551
1.09913
1.00985
0.91821
0.824631
0.729354
0.632497
0.534165
0.434528
0.333623
0.2313
0.128074
0.0251429
1417.28
1297.65
1180.74
1067.16
957.458
852.063
751.237
655.124
563.723
476.628
393.469
314.975
240.047
163.19
90.9732
42.9469
11.4024
1.99735
1.91082
1.85423
1.802
1.74555
1.68904
1.63018
1.56736
1.50026
1.42896
1.35382
1.27478
1.19187
1.10539
1.01585
0.923825
0.82978
0.733995
0.636619
0.537773
0.437635
0.336257
0.233499
0.129846
0.0264584
1384.1
1264.6
1148.03
1035.08
926.368
822.338
723.248
629.219
540.203
455.736
375.408
299.893
227.864
153.838
85.1425
40.9803
10.2745
1.97419
1.89079
1.83906
1.79178
1.74051
1.68859
1.63321
1.57286
1.50746
1.4372
1.36256
1.28366
1.20064
1.11384
1.02384
0.931238
0.836551
0.740083
0.642016
0.542494
0.441704
0.339708
0.236376
0.132163
0.0281748
1341.36
1221.89
1105.66
993.494
886.054
783.816
687.022
595.747
509.882
428.87
352.245
280.628
212.398
142.074
77.998
38.7598
8.97409
1.94052
1.86228
1.81801
1.77837
1.73453
1.68891
1.6381
1.58078
1.51731
1.44817
1.37401
1.29512
1.21179
1.12446
1.03379
0.94042
0.844895
0.74756
0.648633
0.54828
0.446684
0.343919
0.239873
0.134968
0.0302418
1288.15
1168.58
1052.7
941.458
835.613
735.655
641.788
554.021
472.16
395.529
323.585
256.875
193.415
127.817
69.7068
36.4799
7.57025
1.89041
1.82134
1.78959
1.76185
1.72806
1.69052
1.64535
1.59165
1.53035
1.46226
1.38838
1.30924
1.22532
1.13721
1.04563
0.951273
0.854716
0.756341
0.656395
0.555055
0.4525
0.348818
0.243924
0.138203
0.032605
1223.15
1103.24
987.627
877.449
773.563
676.465
586.288
502.94
426.103
354.95
288.836
228.201
170.611
110.922
60.3956
34.2777
6.07097
1.81521
1.76394
1.75211
1.74109
1.72073
1.69374
1.65553
1.60606
1.54698
1.47976
1.40585
1.32611
1.24126
1.15204
1.05928
0.963701
0.865917
0.766331
0.665205
0.562722
0.459061
0.354326
0.248458
0.1418
0.035204
1144.96
1024.43
909.043
800.185
698.809
605.368
519.854
442.022
371.389
306.939
247.892
194.543
143.961
91.4501
50.3644
32.5314
4.60963
1.70742
1.68725
1.70313
1.71556
1.71424
1.70073
1.67018
1.62489
1.56764
1.50084
1.42646
1.34569
1.25951
1.16886
1.07462
0.977595
0.878386
0.777413
0.674946
0.571172
0.46627
0.360356
0.253396
0.145683
0.0379719
1051.61
929.773
814.15
706.525
607.987
518.889
439.011
367.903
304.875
248.679
198.317
153.868
111.877
68.2541
39.0804
31.236
2.70827
1.57658
1.57624
1.63034
1.68348
1.71029
1.71244
1.68968
1.6482
1.59244
1.52554
1.45018
1.36788
1.27996
1.18751
1.09152
0.992807
0.891975
0.789444
0.685485
0.580285
0.47402
0.366811
0.258645
0.149769
0.0408372
938.905
814.556
698.25
592.512
498.552
416.216
344.646
282.978
230.143
184.615
145.01
110.853
78.274
44.168
28.1574
31.6082
1.66698
1.32292
1.34346
1.47464
1.61424
1.69603
1.72261
1.71164
1.67532
1.62119
1.55386
1.47692
1.39255
1.30242
1.20782
1.10979
1.00915
0.90651
0.802263
0.696675
0.58993
0.482193
0.373584
0.264107
0.153971
0.0437277
805.113
678.8
563.506
462.019
374.826
300.312
236.857
183.926
140.34
104.711
75.1681
50.6305
29.0205
10.4688
9.27954
17.6726
1.07755
0.926571
0.951807
1.14662
1.45283
1.65038
1.72705
1.73639
1.70764
1.65453
1.58596
1.50658
1.41949
1.32667
1.22954
1.1292
1.02642
0.921799
0.815697
0.708363
0.599968
0.490662
0.380561
0.269684
0.158204
0.0465739
650.142
519.376
398.695
292.931
205.364
136.402
84.2928
47.2218
23.5488
11.1523
6.19571
5.09251
4.52989
4.08519
-1.26423
7.12338
1.06401
0.535008
0.450488
0.704478
1.24317
1.60029
1.74507
1.77338
1.74917
1.69378
1.62191
1.53891
1.44833
1.35233
1.25236
1.14945
1.04437
0.937632
0.829562
0.720383
0.610251
0.499299
0.387632
0.275283
0.162389
0.0493115
444.724
290.297
159.462
66.4342
19.8841
9.45582
7.31768
5.84887
5.14539
5.01755
4.80698
4.59594
4.42969
4.4589
4.19358
3.50788
1.49896
-0.0120695
-0.0340244
0.484543
1.18844
1.64792
1.81206
1.83172
1.80094
1.73879
1.6611
1.57327
1.47854
1.37897
1.2759
1.17028
1.06276
0.953793
0.843668
0.732572
0.620639
0.507983
0.394696
0.280819
0.166457
0.0518845
171.12
48.5018
15.5881
8.95551
6.36414
5.93077
5.57775
5.01999
4.76843
4.68365
4.62696
4.51113
4.41206
4.33866
4.18503
3.82381
2.55109
0.195805
0.243883
0.891706
1.43496
1.81729
1.9254
1.90564
1.85855
1.78718
1.70221
1.60878
1.5095
1.40613
1.29981
1.19135
1.08132
0.970066
0.857832
0.744773
0.631
0.516605
0.401664
0.286218
0.170347
0.0542454
25.0205
10.3173
7.20007
6.24473
5.65405
5.48227
5.3587
5.15522
4.98716
4.82664
4.66029
4.49487
4.32883
4.15526
3.9065
3.46632
2.69441
1.85372
1.58387
1.66077
1.85755
2.015
2.03821
1.98636
1.91829
1.8365
1.74386
1.64457
1.5406
1.43334
1.32373
1.2124
1.09981
0.986245
0.871882
0.756843
0.641215
0.525066
0.408455
0.291417
0.174009
0.0563576
8.75078
6.88298
6.28356
5.99963
5.77898
5.59064
5.40854
5.19632
4.9925
4.81581
4.65234
4.4778
4.29093
4.07663
3.80892
3.44498
2.98802
2.51555
2.20181
2.10859
2.14157
2.16587
2.13342
2.06271
1.97839
1.88548
1.78526
1.68003
1.57135
1.46022
1.34733
1.23316
1.11802
1.00215
0.88567
0.768659
0.651181
0.533283
0.415001
0.296363
0.177404
0.0581967
6.99307
6.55712
6.29812
6.06929
5.8541
5.64613
5.44838
5.25089
5.05435
4.85918
4.66771
4.4731
4.26955
4.04813
3.79826
3.50668
3.17498
2.83864
2.57828
2.43066
2.35834
2.30027
2.22634
2.13586
2.03698
1.93336
1.82562
1.71463
1.60136
1.48645
1.37035
1.25339
1.13577
1.01764
0.89907
0.780116
0.660814
0.541189
0.421251
0.30102
0.18051
0.0597518
6.88516
6.56635
6.33426
6.11557
5.90293
5.69658
5.49338
5.28891
5.08399
4.88096
4.67962
4.47626
4.26673
4.04623
3.80962
3.55328
3.28301
3.02016
2.79713
2.63081
2.51036
2.4094
2.30847
2.20199
2.09155
1.97886
1.86422
1.74788
1.63027
1.51176
1.39258
1.27292
1.15289
1.03257
0.911977
0.791129
0.670042
0.548737
0.427171
0.305366
0.18332
0.061025
6.86891
6.51071
6.32028
6.14966
5.95347
5.74525
5.53483
5.32293
5.11141
4.9021
4.69455
4.48662
4.27579
4.05939
3.83539
3.60408
3.36928
3.14343
2.94032
2.76887
2.62628
2.50072
2.3809
2.2615
2.14155
2.02126
1.90058
1.7794
1.65781
1.53594
1.41387
1.29164
1.16931
1.04687
0.924321
0.80164
0.678803
0.555917
0.432746
0.309401
0.185845
0.0620318
6.6553
6.32283
6.28208
6.20202
6.01714
5.7974
5.57659
5.35556
5.13638
4.92131
4.70976
4.49994
4.29013
4.07876
3.86503
3.64966
3.43584
3.2299
3.03893
2.86746
2.71473
2.57532
2.4431
2.31409
2.18662
2.06014
1.93433
1.80891
1.68376
1.55882
1.43406
1.30944
1.18492
1.06048
0.936063
0.811634
0.68716
0.56263
0.437962
0.313138
0.188117
0.0628226
6.24546
6.07751
6.29071
6.28776
6.08948
5.85023
5.61556
5.38248
5.1552
4.93574
4.72222
4.51255
4.30516
4.0989
3.89334
3.68911
3.48834
3.29446
3.11117
2.94086
2.78339
2.63624
2.49603
2.36006
2.22677
2.09534
1.96528
1.83624
1.70795
1.58027
1.45306
1.32622
1.19967
1.07334
0.947163
0.821074
0.695025
0.56897
0.442848
0.316607
0.190189
0.063506
4.9829
5.90216
6.8104
6.6877
6.27262
5.92958
5.65169
5.39872
5.16377
4.94229
4.72916
4.52151
4.31769
4.11658
3.9178
3.72179
3.5298
3.34376
3.16567
2.99686
2.83737
2.68594
2.54069
2.39987
2.26221
2.1269
1.9934
1.86131
1.73032
1.6002
1.47079
1.34193
1.21351
1.08543
0.957596
0.829945
0.702408
0.574921
0.447417
0.319833
0.192102
0.0641342
1.35399
4.61491
6.3369
6.44016
6.15847
5.88292
5.62667
5.38242
5.15372
4.93704
4.7281
4.52471
4.32552
4.12961
3.93667
3.74698
3.56127
3.38069
3.20641
3.03919
2.8791
2.72548
2.57724
2.43321
2.29245
2.15424
2.01807
1.88353
1.75029
1.61812
1.4868
1.35615
1.22606
1.09641
0.967088
0.838019
0.709124
0.58033
0.451562
0.32275
0.193825
0.064698
3.79867
4.53916
5.66953
6.01804
5.95278
5.77276
5.5592
5.34083
5.12795
4.92118
4.71951
4.52216
4.32844
4.13783
3.95018
3.76572
3.585
3.40866
3.23745
3.07184
2.91191
2.75729
2.60731
2.46121
2.31827
2.17792
2.03967
1.90316
1.76808
1.63416
1.50119
1.36899
1.23742
1.10636
0.975701
0.845351
0.715224
0.58524
0.45532
0.325391
0.195383
0.0652058
4.74592
5.11684
5.57297
5.78835
5.77252
5.64321
5.47004
5.2814
5.08817
4.89481
4.70309
4.51364
4.3266
4.14197
3.95988
3.7806
3.60454
3.43211
3.26384
3.10004
2.94077
2.78584
2.63486
2.48733
2.34275
2.20066
2.06066
1.92241
1.78564
1.65009
1.51555
1.38185
1.24883
1.11639
0.984399
0.852765
0.721396
0.590209
0.459122
0.328062
0.196956
0.0657181
5.40056
5.51087
5.64494
5.69223
5.64103
5.52722
5.37998
5.21434
5.0392
4.85991
4.67928
4.49878
4.31922
4.14108
3.96475
3.79061
3.61912
3.45041
3.28506
3.12326
2.96509
2.81046
2.65913
2.5108
2.36512
2.22175
2.08036
1.94068
1.80245
1.66545
1.52949
1.39439
1.26001
1.12624
0.992965
0.860081
0.727496
0.595125
0.462887
0.330708
0.198516
0.066226
5.63462
5.63498
5.64728
5.62035
5.54677
5.43764
5.30342
5.15231
4.99078
4.82327
4.65257
4.48044
4.30802
4.13606
3.96514
3.79572
3.62818
3.46313
3.30059
3.14085
2.984
2.83005
2.67886
2.53024
2.38396
2.23976
2.09739
1.95663
1.81725
1.67908
1.54192
1.40563
1.27008
1.13515
1.00073
0.86673
0.73305
0.599608
0.466325
0.333126
0.199943
0.0666906
5.71911
5.66841
5.62396
5.56269
5.47691
5.36792
5.23997
5.09793
4.9461
4.78776
4.62532
4.46048
4.29448
4.12817
3.96223
3.79719
3.63352
3.47163
3.3117
3.15398
2.99858
2.84554
2.69479
2.54623
2.3997
2.25502
2.11199
1.97044
1.83018
1.69107
1.55293
1.41565
1.27909
1.14315
1.00774
0.872741
0.738082
0.603678
0.469451
0.335329
0.201244
0.0671145
5.7563
5.67935
5.60484
5.52238
5.4259
5.31411
5.18857
5.05183
4.90652
4.75497
4.59908
4.44032
4.27984
4.11851
3.95704
3.79597
3.63576
3.4768
3.31935
3.16359
3.00968
2.85767
2.70756
2.5593
2.41277
2.26785
2.12442
1.98231
1.8414
1.70155
1.56262
1.42451
1.2871
1.1503
1.01401
0.878144
0.742617
0.607354
0.472279
0.337324
0.202424
0.0674993
5.77481
5.68165
5.58971
5.49316
5.38797
5.27262
5.14738
5.01345
4.87235
4.72565
4.57477
4.4209
4.26504
4.10799
3.95042
3.79286
3.63577
3.47949
3.32433
3.17043
3.01799
2.86707
2.71771
2.56988
2.42353
2.27857
2.13491
1.99244
1.85106
1.71064
1.57109
1.4323
1.29418
1.15664
1.0196
0.882971
0.74668
0.610654
0.474823
0.339122
0.203489
0.0678467
5.78244
5.67949
5.57666
5.47064
5.35893
5.24024
5.11434
4.98172
4.84325
4.69995
4.55282
4.4028
4.25071
4.09726
3.94304
3.78855
3.63421
3.48036
3.32729
3.17512
3.02408
2.87426
2.72569
2.57838
2.43232
2.28746
2.14372
2.00104
1.85932
1.71848
1.57844
1.4391
1.30039
1.16223
1.02454
0.887255
0.750296
0.613598
0.477096
0.34073
0.204442
0.0681583
5.78549
5.67554
5.5653
5.45272
5.33616
5.2146
5.08768
4.95554
4.81867
4.6777
4.53335
4.38631
4.23727
4.0868
3.93541
3.78356
3.63161
3.47989
3.32864
3.17813
3.02842
2.87965
2.73188
2.58515
2.43945
2.29477
2.15106
2.00827
1.86634
1.7252
1.58478
1.445
1.3058
1.16712
1.02889
0.891031
0.75349
0.616204
0.479112
0.342158
0.205289
0.0684358
5.78586
5.67088
5.55542
5.43815
5.31794
5.19401
5.06601
4.93392
4.79799
4.65862
4.5163
4.37157
4.22495
4.07691
3.92789
3.77828
3.62841
3.47857
3.329
3.17991
3.03141
2.88362
2.73663
2.59048
2.44519
2.30074
2.15714
2.01433
1.87227
1.73091
1.59021
1.45008
1.31049
1.17137
1.03267
0.894331
0.75629
0.618493
0.480886
0.343418
0.206038
0.0686812
5.78467
5.66603
5.54682
5.42612
5.30315
5.17732
5.04831
4.91604
4.78065
4.64237
4.50155
4.35858
4.21387
4.0678
3.92074
3.77301
3.62491
3.4767
3.32859
3.18077
3.03337
2.88649
2.74024
2.59465
2.44977
2.30559
2.16213
2.01935
1.87724
1.73574
1.59482
1.45442
1.31451
1.17503
1.03595
0.897194
0.758724
0.620488
0.482436
0.34452
0.206694
0.0688968
5.7826
5.66127
5.53931
5.41608
5.29101
5.16367
5.03378
4.90127
4.76616
4.62863
4.48891
4.34729
4.20408
4.0596
3.91413
3.76797
3.62136
3.47454
3.32769
3.18099
3.03456
2.88851
2.74292
2.59787
2.45339
2.3095
2.16621
2.0235
1.88137
1.73978
1.5987
1.45809
1.31792
1.17816
1.03875
0.899655
0.760823
0.622212
0.483778
0.345476
0.207264
0.0690846
5.78007
5.65676
5.53278
5.40767
5.28101
5.15248
5.02187
4.88908
4.75413
4.61712
4.4782
4.3376
4.19557
4.05235
3.90818
3.76331
3.61795
3.47229
3.32652
3.18078
3.03519
2.88987
2.74489
2.60033
2.45623
2.31262
2.1695
2.02689
1.88477
1.74312
1.60194
1.46117
1.3208
1.18081
1.04113
0.90175
0.762615
0.623688
0.48493
0.346298
0.207755
0.0692465
5.7774
5.65263
5.52716
5.40064
5.27279
5.14334
5.01214
4.87911
4.74423
4.60757
4.46924
4.32943
4.18831
4.04608
3.90296
3.75913
3.61479
3.4701
3.32523
3.1803
3.03545
2.89076
2.74632
2.60219
2.45843
2.31507
2.17213
2.02962
1.88753
1.74587
1.60461
1.46372
1.3232
1.18302
1.04313
0.903512
0.764126
0.624936
0.485905
0.346996
0.208173
0.0693844
5.7748
5.64896
5.52238
5.39483
5.26608
5.13594
5.00428
4.87103
4.73618
4.59977
4.46188
4.32265
4.18223
4.04079
3.89849
3.7555
3.61198
3.46808
3.32395
3.1797
3.03545
2.8913
2.74732
2.60357
2.46011
2.31698
2.17421
2.03179
1.88975
1.74808
1.60678
1.46581
1.32516
1.18483
1.04478
0.904971
0.76538
0.625974
0.486718
0.347578
0.208521
0.0694996
5.77244
5.64581
5.51844
5.39013
5.26072
5.13005
4.99804
4.86462
4.72977
4.59353
4.45596
4.31717
4.17729
4.03645
3.89479
3.75245
3.60958
3.46631
3.32277
3.17907
3.03532
2.8916
2.748
2.60457
2.46137
2.31844
2.17581
2.03349
1.8915
1.74983
1.6085
1.46747
1.32673
1.18629
1.04611
0.906149
0.766396
0.626816
0.487379
0.348052
0.208805
0.0695936
5.77044
5.64325
5.5153
5.38645
5.25656
5.12552
4.99324
4.85968
4.72483
4.58872
4.45138
4.31291
4.17343
4.03303
3.89185
3.75
3.60763
3.46484
3.32176
3.17849
3.03513
2.89176
2.74845
2.60528
2.46229
2.31952
2.177
2.03477
1.89282
1.75117
1.60982
1.46875
1.32795
1.18742
1.04714
0.907068
0.767189
0.627474
0.487895
0.348423
0.209027
0.0696674
5.76888
5.64131
5.51297
5.38375
5.25353
5.12222
4.98976
4.8561
4.72125
4.58521
4.44803
4.30979
4.17058
4.0305
3.88966
3.74817
3.60615
3.46371
3.32097
3.17801
3.03493
2.89182
2.74874
2.60576
2.46292
2.32028
2.17785
2.03568
1.89377
1.75214
1.61078
1.46968
1.32884
1.18825
1.0479
0.907742
0.767772
0.627958
0.488276
0.348696
0.209192
0.069722
5.76782
5.64002
5.51144
5.38198
5.25155
5.12008
4.98749
4.85378
4.71892
4.58293
4.44585
4.30775
4.16871
4.02883
3.88821
3.74695
3.60516
3.46296
3.32043
3.17768
3.03478
2.89183
2.7489
2.60604
2.46331
2.32075
2.17839
2.03627
1.89439
1.75276
1.6114
1.47029
1.32942
1.1888
1.04839
0.908185
0.768154
0.628277
0.488527
0.348879
0.209304
0.0697609
5.7673
5.63938
5.51068
5.38111
5.25058
5.11902
4.98639
4.85264
4.71778
4.58181
4.44478
4.30674
4.16779
4.02801
3.88749
3.74634
3.60467
3.46258
3.32016
3.17751
3.03472
2.89187
2.74902
2.60623
2.46354
2.32102
2.17868
2.03657
1.8947
1.75307
1.6117
1.47058
1.32969
1.18904
1.04861
0.908375
0.768313
0.628402
0.488618
0.348936
0.209329
0.0697647
)
;

boundaryField
{
    leftWall
    {
        type            calculated;
        value           nonuniform List<scalar> 
46
(
1929.77
1812.7
1696.41
1581.12
1463.54
1344.25
1227.36
1113.35
1002.67
895.705
792.717
693.887
599.277
508.574
421.399
338.584
259.621
178.961
101.49
47.0609
13.4044
2.02741
1.93723
1.87385
1.81558
1.75266
1.69046
1.62714
1.56061
1.49063
1.41763
1.34173
1.2625
1.17963
1.09333
1.0042
0.912818
0.819586
0.724732
0.628345
0.530499
0.431354
0.330939
0.229091
0.12634
0.0239696
)
;
    }
    rightWall
    {
        type            calculated;
        value           nonuniform List<scalar> 
46
(
6.24644
6.12838
6.0098
5.89072
5.7673
5.63938
5.51068
5.38111
5.25058
5.11902
4.98639
4.85264
4.71778
4.58181
4.44478
4.30674
4.16779
4.02801
3.88749
3.74634
3.60467
3.46258
3.32016
3.17751
3.03472
2.89187
2.74902
2.60623
2.46354
2.32102
2.17868
2.03657
1.8947
1.75307
1.6117
1.47058
1.32969
1.18904
1.04861
0.908375
0.768313
0.628402
0.488618
0.348936
0.209329
0.0697647
)
;
    }
    lowerWall
    {
        type            calculated;
        value           nonuniform List<scalar> 
52
(
5.98341
5.83601
5.68427
5.47059
6.04227
6.09846
6.14405
6.18609
6.22166
6.2497
6.27063
6.2855
6.29554
6.30194
6.30569
6.30758
6.30822
6.30807
6.3075
6.30677
6.30609
6.30557
6.3053
86.058
67.2532
33.4131
11.3168
1988.63
1984
1968.59
1943.98
1911
1869.01
1817.14
1754.49
1679.96
1592.46
1489.98
1370.79
1234.12
1076.91
893.428
686.095
479.001
307.01
189.491
121.565
78.753
78.3977
86.7842
1.4401
3.86136
)
;
    }
    atmosphere
    {
        type            calculated;
        value           nonuniform List<scalar> 
44
(
-0.0262432
-0.0262121
-0.0255003
-0.0244455
-0.0230821
-0.0214516
-0.019602
-0.0175872
-0.0154659
-0.0132994
-0.0111495
-0.00907603
-0.00713423
-0.00537213
-0.00382874
-0.00253293
-0.00150225
-0.000743489
-0.000253886
-2.32318e-05
0
0
0
0
0
0
0
0
0
0
0
0
0
0
0
0
0
0
0
0
0
0
0
0
)
;
    }
    frontAndBack
    {
        type            empty;
    }
}


// ************************************************************************* //
