/*--------------------------------*- C++ -*----------------------------------*\
  =========                 |
  \\      /  F ield         | OpenFOAM: The Open Source CFD Toolbox
   \\    /   O peration     | Website:  https://openfoam.org
    \\  /    A nd           | Version:  13
     \\/     M anipulation  |
\*---------------------------------------------------------------------------*/
FoamFile
{
    format      ascii;
    class       volScalarField;
    location    "0.75";
    object      p_rgh;
}
// * * * * * * * * * * * * * * * * * * * * * * * * * * * * * * * * * * * * * //

dimensions      [1 -1 -2 0 0 0 0];

internalField   nonuniform List<scalar> 
2016
(
1246.56
1218.7
1161.33
1077.08
1287.78
1260.33
1226.68
1145.72
1246.31
1200.09
1175.06
1091.33
1143.52
1087.77
1048.33
958.146
1027.53
973.788
928.721
856.101
927.328
881.17
848.28
798.98
848.79
790.839
787.268
764.596
808.649
718.719
734.172
741.926
772.93
697.094
709.764
728.522
747.639
709.028
704.689
719.886
730.866
710.955
704.719
710.537
722.178
712.576
694.207
700.525
710.612
707.4
671.658
681.616
642.337
632.314
575.709
601.284
463.55
355.099
206.749
309.406
262.168
112.168
64.1526
243.2
165.559
70.2239
35.7732
244.818
155.645
106.332
56.4038
148.004
156.308
95.2489
34.0086
24.3355
136.84
61.5299
24.2172
21.4423
128.856
59.0568
24.776
22.7954
127.901
61.491
26.0809
23.8697
130.159
68.5609
26.5507
27.8098
147.426
78.0795
19.4072
21.2205
150.072
74.1881
19.3284
19.2486
158.359
73.7093
19.3932
19.1093
182.512
77.6455
19.2027
19.1176
254.754
124.641
22.7819
19.18
416.134
379.536
155.684
46.0528
559.892
562.547
478.559
355.321
635.19
642.561
613.01
584.094
666.484
676.46
660.907
642.626
702.947
698.482
669.998
655.593
759.133
712.592
661.419
648.496
825.113
739.8
686.095
681.119
897.099
828.227
788.688
772.607
989.093
942.146
906.686
872.912
1111.48
1039.87
929.64
652.142
1311.76
1226.91
1011.76
415.126
1562.4
1519.23
1319.18
686.882
1690.73
1676.92
1575.13
1282.54
1608.84
1589.66
1560.71
1524.68
1007.77
1030.69
1090.15
907.535
719.396
747.999
850.658
930.47
895.713
813.395
866.828
907.052
588.735
21.2077
20.3088
81.1444
319.48
334.876
323.046
160.393
549.662
1885.08
2134.07
2210.89
2286.91
2368.96
2452.53
1804.56
63.8757
3.9162
3.6636
3.6283
3.6603
3.74291
4.48308
5.25279
5.29899
4.13549
4.19017
4.22943
4.27404
4.35179
942.498
496.611
178.274
86.1522
44.6734
25.3073
20.9662
21.7927
22.5959
22.9077
29.4478
76.0944
92.5233
36.9898
19.9998
20.916
21.5551
22.3296
22.6208
23.5928
112.338
316.646
474.564
745.413
1683.5
2356.96
1580.55
4.19638
3.56372
3.64013
3.62814
4.77156
4.84989
4.97946
4.5766
3.85913
4.03589
4.0812
4.11536
4.15739
4.20925
4.28056
448.45
66.5641
27.3505
20.6117
20.6046
21.074
21.181
21.8825
22.1267
21.931
21.392
20.7988
20.7756
21.1877
21.3998
21.1106
21.3954
21.6586
22.5943
23.4846
22.6867
22.0226
22.8317
30.0014
123.465
751.515
1391.93
459.088
3.93003
3.66379
3.57804
4.44631
5.04775
4.01903
3.763
3.85825
3.95101
4.02529
4.08466
4.13551
4.18711
4.25402
304.619
31.6745
20.8948
20.4226
20.4804
20.7068
21.0477
21.7512
21.903
21.9138
21.6902
21.3791
21.2273
21.6404
22.0101
21.4711
21.2501
21.4416
21.7511
23.0161
22.6671
21.8434
21.9905
22.2379
23.5862
126.565
716.308
826.367
298.346
3.6288
3.58668
3.64339
3.74794
3.75862
3.80931
3.87748
3.94211
4.0002
4.0525
4.10019
4.14956
4.21206
432.948
25.1845
20.4516
20.3126
20.361
20.6568
20.7138
20.8926
21.1185
20.9387
20.8099
20.6849
20.6314
20.6401
20.7874
20.9271
21.1081
21.2612
21.3807
21.6221
21.8255
21.7079
21.865
22.0339
22.3775
25.875
364.359
838.125
525.465
15.7689
3.5871
3.65525
3.72625
3.77953
3.83239
3.88525
3.93503
3.98191
4.02587
4.06685
4.11022
4.1664
664
115.074
21.186
20.2786
20.5216
20.6958
20.6308
20.734
20.8046
20.8067
20.7521
20.6745
20.6352
20.6564
20.7445
20.8747
21.0173
21.1389
21.2419
21.3387
21.4517
21.5931
21.7461
21.9223
22.1227
22.9286
106.175
557.029
585.52
258.203
3.67288
3.71841
3.76988
3.82415
3.86259
3.89563
3.92833
3.96238
3.99674
4.03012
4.0668
4.11633
723.096
402.663
23.6639
20.2295
20.4694
20.6527
20.5624
20.665
20.7402
20.7581
20.7379
20.7048
20.6906
20.7132
20.7768
20.8708
20.9532
21.0364
21.1188
21.2109
21.3204
21.4508
21.6015
21.7712
21.9537
22.222
24.3943
248.679
590.533
406.493
25.0385
3.78495
3.83308
3.87425
3.89806
3.90937
3.92181
3.94002
3.96274
3.98772
4.01782
4.06109
725.795
498.245
19.9054
20.3917
20.5003
20.4639
20.535
20.6219
20.6897
20.7166
20.7166
20.7064
20.7032
20.7172
20.7499
20.7937
20.8482
20.8986
20.9535
21.0268
21.1287
21.2612
21.4213
21.598
21.7757
21.9302
22.3329
56.5729
367.2
420.555
211.275
3.98304
3.94622
3.93328
3.93574
3.92187
3.91005
3.91002
3.92022
3.93712
3.96172
3.99973
732.53
491.108
24.2978
20.6588
20.6689
20.468
20.5514
20.6046
20.6541
20.6807
20.6895
20.6896
20.6894
20.6936
20.7031
20.7184
20.724
20.7285
20.7409
20.7821
20.8709
21.0094
21.187
21.387
21.5872
21.7716
21.9191
22.8115
144.348
426.147
309.936
24.0346
4.06363
4.01114
3.97363
3.92731
3.88607
3.86578
3.86437
3.87547
3.89694
3.93141
744.798
529.053
50.0585
20.8505
20.709
20.5546
20.5804
20.5978
20.6265
20.648
20.6589
20.6621
20.6596
20.6515
20.6359
20.6087
20.5758
20.5288
20.4804
20.472
20.5423
20.6877
20.8895
21.1198
21.3475
21.5659
21.8021
21.9241
40.8628
270.965
314.613
139.045
4.40164
4.15231
4.00314
3.91299
3.84001
3.79958
3.78953
3.79953
3.82222
3.8561
760.768
643.522
115.628
21.1875
20.6343
20.6016
20.5902
20.5866
20.5997
20.6164
20.6267
20.6295
20.6219
20.6005
20.5612
20.4996
20.4143
20.3014
20.1917
20.3451
20.3936
20.3705
20.5287
20.7901
21.123
21.5891
21.7121
21.8712
22.171
136.541
318.868
221.406
4.75073
4.23175
3.99927
3.85379
3.75191
3.6979
3.6878
3.70549
3.73701
3.77563
759.352
765.851
230.074
21.7765
20.5735
20.5905
20.5627
20.5609
20.5679
20.5831
20.5943
20.5958
20.5821
20.5471
20.4838
20.3837
20.2408
20.1286
20.3719
20.2358
20.2266
20.3647
20.0676
20.3292
20.7749
21.2271
21.5154
21.7524
21.9716
49.0478
254.489
260.532
92.8392
4.50372
4.00829
3.72015
3.59076
3.54294
3.55112
3.59109
3.64276
3.69528
746.26
772.488
239.852
21.9365
20.4414
20.5205
20.5061
20.5291
20.5279
20.5488
20.5634
20.564
20.5441
20.4951
20.4044
20.2601
20.0675
20.2684
19.8686
19.4156
19.2336
19.5037
19.2771
19.5137
19.8265
20.1618
20.6824
21.1021
21.23
22.2324
141.625
263.162
253.857
6.73406
3.8505
3.43673
3.31954
3.32436
3.37983
3.45882
3.54491
3.62446
685.453
745.521
144.095
21.4878
20.3134
20.4067
20.4881
20.4769
20.479
20.5123
20.5347
20.5362
20.5103
20.4449
20.3206
20.1194
20.003
19.8786
19.1124
18.3542
17.9214
17.9211
18.2807
18.0309
18.2571
18.5501
18.8522
19.1418
19.2996
18.656
43.4961
248.875
257.942
204.214
3.74785
2.79805
2.85147
3.01476
3.17575
3.3118
3.45185
3.57401
637.103
656.338
23.4737
21.0166
20.2556
20.2946
20.3936
20.3978
20.4204
20.4735
20.5082
20.513
20.4809
20.395
20.2277
19.9499
19.7036
19.2233
18.0861
16.7262
15.7827
15.349
15.4038
15.6702
15.6393
15.6858
16.1251
16.4329
16.5194
15.9693
14.4379
101.909
251.87
256.358
222.909
27.8416
2.21931
2.53185
2.87023
3.14442
3.37363
3.55905
563.115
215.095
20.2007
20.3769
20.1322
20.187
20.2895
20.3223
20.3567
20.4335
20.4851
20.4958
20.4574
20.347
20.1216
19.7164
18.9752
17.8245
16.0984
14.091
12.2398
11.489
10.928
10.8333
11.249
11.9326
12.0835
12.48
12.6378
12.285
10.2725
9.75232
163.652
245.846
249.532
249.599
81.611
1.9949
2.56795
3.02184
3.36187
3.60374
436.291
19.6917
19.97
19.9518
20.0077
20.0936
20.2052
20.2824
20.3125
20.4042
20.4747
20.4923
20.4482
20.3059
20.001
19.4163
18.3179
16.48
14.016
11.0372
8.20467
6.14941
4.7924
4.45515
4.85317
5.74782
6.90726
7.78232
7.8225
7.71981
6.26131
3.26534
10.2143
155.709
243.845
251.012
259.797
64.9083
2.68296
3.06825
3.42374
3.70409
107.12
18.3959
19.4972
19.6336
19.8571
20.0115
20.1523
20.2467
20.3048
20.4102
20.4974
20.5223
20.4765
20.2947
19.8808
19.0144
17.473
15.028
11.7472
7.34578
3.41593
-0.0405821
-2.10354
-2.69438
-2.20458
-0.970087
0.44602
2.02877
3.17925
3.01295
2.23883
-0.240709
-3.62896
3.76963
97.8115
235.32
249.202
62.569
2.96228
3.19355
3.51488
3.84453
19.5915
19.7372
19.8038
19.5374
19.7738
19.9702
20.1288
20.2633
20.3437
20.4663
20.5754
20.6115
20.5758
20.3588
19.8147
18.816
16.9656
13.0174
7.96371
2.65717
-2.29889
-5.323
-7.26936
-8.23769
-8.27166
-7.3701
-5.5343
-3.33631
-1.59514
-0.520133
-0.760137
-2.0414
-4.54426
-6.01147
-1.67884
37.2101
98.106
16.5471
2.54567
3.13211
3.60418
4.01773
19.4983
19.4723
19.5472
19.6235
19.7906
19.9904
20.166
20.3164
20.4137
20.577
20.7186
20.7832
20.7551
20.5225
19.9623
18.9963
15.636
10.7264
4.57057
-1.26144
-5.61913
-8.85995
-11.0627
-12.2551
-12.421
-11.5841
-9.94302
-7.62478
-5.1288
-3.28062
-2.32571
-2.26905
-3.13086
-3.90516
-2.15943
2.27997
6.99233
7.31085
4.84118
3.28114
3.77728
4.24665
20.6941
19.6924
19.5128
19.6572
19.877
20.1005
20.2739
20.4072
20.527
20.704
20.8918
20.9935
21.0013
20.8504
20.7216
18.6004
14.7224
9.01603
2.40718
-3.00556
-7.5391
-10.8526
-13.1053
-14.3948
-14.6667
-13.9314
-12.3006
-10.0766
-7.29517
-4.7054
-2.73789
-1.74652
-1.16971
-0.759785
0.644193
2.99195
5.20209
5.97357
5.72925
4.86039
4.15341
4.53188
21.3957
20.1267
20.1093
20.4598
20.102
20.0341
20.2191
20.3788
20.5461
20.778
21.0065
21.1624
21.2142
21.426
20.757
18.3997
14.2295
7.92263
1.99106
-3.61207
-8.20752
-11.5254
-13.6956
-14.9151
-15.2354
-14.5582
-12.9393
-10.6671
-8.04261
-5.09467
-2.64239
-0.799483
0.740709
1.97492
3.38863
4.63517
5.5907
5.45222
4.71599
5.07881
5.04653
4.80445
26.177
21.2076
20.7219
19.941
19.5731
19.7904
20.0016
20.1966
20.4346
20.7209
20.9847
21.1763
21.286
21.6987
20.6423
18.2346
13.7608
8.41475
2.64134
-2.54127
-7.05778
-10.8917
-13.0711
-14.203
-14.4635
-13.781
-12.1691
-9.85135
-7.12955
-4.2577
-1.59864
0.878103
3.10759
4.3925
5.27639
5.95677
6.22296
5.74291
5.04246
4.83481
5.45822
5.13454
25.3948
19.6717
19.4787
19.4183
19.3075
19.5388
19.7456
19.9752
20.246
20.505
20.7655
20.9521
21.0679
21.3981
20.2704
17.8426
13.8802
9.20275
4.24777
-0.94551
-5.60001
-8.87122
-11.6035
-12.5581
-12.7014
-11.9414
-10.2685
-7.91696
-5.15868
-2.28895
0.31538
3.45815
5.27866
6.50299
7.41808
7.37552
7.26311
6.61815
5.84063
5.34213
5.39904
5.36837
25.3094
18.9453
18.9718
19.1262
19.2781
19.3999
19.6032
19.8722
20.0799
20.1126
20.3275
20.4593
20.4812
20.7556
19.651
17.2364
13.6132
9.46554
5.23214
0.211713
-4.02909
-7.02317
-9.53172
-10.482
-10.3806
-9.11608
-7.00655
-4.86247
-2.2982
0.795936
3.64379
5.95363
7.65259
8.82517
9.68887
9.78105
8.8575
8.01615
7.00199
6.13565
5.84516
5.5324
23.2548
18.8576
18.8863
18.9877
18.9996
19.1953
19.2764
19.398
19.4695
19.4854
19.6235
19.6737
19.5499
19.7088
18.4293
16.1436
12.2427
8.44292
4.74095
0.627213
-2.83663
-5.24797
-7.01342
-8.00107
-7.09913
-5.25545
-3.16322
-0.661396
2.09348
4.73904
7.07468
9.02652
10.504
11.6102
12.368
12.2107
10.8891
9.87032
8.59411
7.33235
6.53208
5.72102
19.585
19.1701
18.7317
18.6971
18.6221
18.5693
18.662
18.6876
18.6202
18.6678
18.688
18.6238
18.2457
18.0527
16.3045
13.5236
9.90268
5.72128
2.17437
-0.665538
-3.07596
-4.48287
-4.92527
-5.10256
-3.98947
-1.89226
0.992877
3.86408
6.56256
8.96711
11.0167
12.5903
13.7737
14.6495
15.0962
14.0589
13.0652
11.9131
10.4371
8.84384
7.47854
6.15201
18.9995
18.7384
18.5091
18.3318
18.1745
18.0464
17.9639
17.9146
17.8793
17.815
17.6871
17.5293
16.8227
15.9424
13.7687
10.3668
6.42732
2.32952
-1.43342
-3.45589
-4.57495
-5.0773
-4.60943
-3.25757
-1.12954
0.943111
3.70655
6.6737
9.47659
11.8269
13.603
14.9777
16.0881
16.55
16.2975
15.704
14.8932
13.6247
12.0635
10.3076
8.48468
6.78255
18.9189
18.5667
18.2345
17.9792
17.761
17.5692
17.4143
17.2831
17.1496
16.9752
16.7838
16.4691
15.5174
13.7063
11.4648
7.49645
3.28289
-0.933087
-3.91318
-5.72054
-6.40349
-5.90984
-4.92447
-3.07462
-0.372808
2.88037
6.35869
9.7614
12.0712
14.0825
15.6824
16.2796
16.7723
17.0451
17.0872
16.6796
15.9153
14.8033
13.2955
11.5577
9.43668
7.44535
18.7489
18.3526
17.883
17.5142
17.2324
16.9953
16.7935
16.6067
16.4063
16.1524
16.166
16.6262
14.2536
12.2242
9.49759
5.85683
1.7012
-1.91419
-5.03135
-6.58923
-7.29742
-7.03092
-5.69633
-2.99874
-0.0635016
3.43708
7.06695
10.586
13.7064
16.2272
17.3985
16.7962
17.0709
17.141
17.031
16.6807
15.9494
14.9144
13.5688
11.9608
9.53909
7.88356
18.8235
17.9584
17.1422
16.7556
16.4976
16.278
16.0809
15.8811
15.6417
15.3249
16.1726
15.6645
14.46
10.8379
8.18998
5.36603
1.51532
-1.8008
-4.26002
-5.77254
-6.53402
-6.52834
-5.15996
-2.59561
0.499947
3.92743
7.42932
10.7943
13.6631
15.9093
16.8445
16.5022
16.6631
16.662
16.4019
15.8582
15.0995
14.1281
12.9106
11.3872
9.42893
7.8155
173.227
25.4853
16.3075
15.7729
15.5036
15.397
15.304
15.1379
14.8783
14.5185
14.7378
14.7402
13.4695
10.8778
7.6626
5.07294
2.48623
-0.620006
-2.91609
-4.30658
-4.82555
-4.35975
-3.00784
-0.911274
1.81138
4.73694
7.90658
10.614
11.9013
13.7779
15.078
15.6623
15.6795
15.5665
15.2717
14.7187
14.0137
13.129
12.039
10.7622
9.6512
9.84026
568.439
271.462
18.9659
15.1006
14.3788
14.4334
14.5344
14.4417
14.2124
13.8994
13.7841
14.2257
12.8145
10.8718
7.89499
5.83163
3.56411
1.3736
-0.188665
-1.44763
-1.85315
-1.45513
-0.28897
1.46174
2.89485
4.54991
7.12394
9.17617
10.9779
12.4523
13.5391
14.2066
14.3873
14.2316
13.8931
13.4584
12.8363
12.0391
11.1134
10.4504
11.0889
9.433
653.014
619.859
108.01
31.6661
12.9404
13.5065
13.8712
13.8544
13.6851
13.4773
14.0111
13.8122
11.9678
9.88288
8.5645
7.23505
5.51126
3.68711
2.16252
1.17483
0.738011
0.784612
1.44895
2.49915
3.95444
5.61455
7.34646
8.96572
10.358
11.4867
12.3218
12.8224
12.9961
12.9127
12.6436
12.2387
11.6829
11.0094
10.3187
11.9493
10.5359
7.49614
676.13
735.28
361.644
89.5344
12.37
13.0706
13.4488
13.4396
13.2836
13.1359
13.8823
13.7064
12.6201
10.0421
9.21233
8.51017
7.48108
6.22918
5.00388
4.04222
3.49913
3.4087
3.76793
4.499
5.4754
6.59529
7.76572
8.87776
9.85157
10.6483
11.2428
11.6151
11.7586
11.6962
11.4697
11.1059
10.6377
10.1135
12.4551
11.5193
8.55809
6.06079
684.5
751.222
610.141
111.484
12.9743
13.87
14.1727
13.3204
12.9731
12.8609
12.984
13.7919
12.9364
10.8199
9.83537
9.54045
8.99582
8.18394
7.27964
6.48904
5.95955
5.74977
5.85752
6.2339
6.79985
7.47409
8.18016
8.85979
9.47384
9.98855
10.3727
10.605
10.6742
10.5902
10.375
10.0575
9.73811
11.9454
12.824
10.2099
6.61882
6.05556
707.379
763.974
714.778
92.0579
13.0738
14.2106
14.5039
13.3131
12.8113
12.7224
12.5119
13.5157
13.3734
12.8162
11.2005
10.3094
10.0256
9.52125
8.87311
8.24597
7.77627
7.51792
7.47694
7.61143
7.86235
8.17539
8.51371
8.85232
9.18115
9.48395
9.66257
9.72989
9.69912
9.58766
9.37663
9.10218
10.7713
14.7963
11.9061
7.076
6.40241
6.04607
766.363
783.056
655.627
34.479
13.0479
14.1091
14.4061
13.461
12.7942
12.732
12.5439
12.3355
12.9225
13.4617
13.2151
12.5867
11.645
10.7838
10.0322
9.37277
8.96144
8.73587
8.68854
8.82383
9.1565
9.04047
8.79075
8.93112
9.18918
9.19964
9.00593
8.97325
8.88307
8.75462
9.87459
11.9939
14.3361
13.5391
8.19864
6.48268
6.303
5.98805
809.865
691.612
309.224
11.9748
12.8158
13.4371
14.402
14.3576
13.1264
12.8098
12.7048
12.4928
12.259
12.1848
12.469
12.8723
12.6031
12.2084
11.7166
11.1645
10.0446
9.95725
10.4401
10.4637
10.417
10.2466
9.60858
9.51757
9.31427
8.78947
8.47479
8.40234
10.6761
14.126
28.726
28.0374
12.8856
7.55991
6.2883
6.30167
6.18064
5.92858
374.887
208.988
68.5755
11.2824
12.3541
13.0486
13.2139
13.7072
13.7474
13.4613
12.963
12.8497
12.6603
12.4582
12.3417
12.2313
12.0363
11.5475
11.0623
10.5708
10.0351
10.099
10.4212
11.0938
10.9907
10.8062
10.2648
9.45778
9.31796
9.64962
16.4979
29.0839
43.4745
43.8822
27.1713
5.6225
7.04511
5.9585
6.10257
6.12966
6.05075
5.86271
151.793
61.6841
19.2723
13.3912
13.8782
13.2879
13.0674
12.8148
13.1104
13.6572
13.7285
13.2565
13.1
12.9768
12.9227
12.8212
12.4487
11.7521
10.8702
10.2295
10.0773
10.5325
11.3257
11.9209
11.8351
10.3922
9.82486
10.0777
15.6037
37.5271
52.3681
52.9016
37.7015
5.28819
6.47814
5.64557
5.79726
5.88701
5.9596
5.98404
5.92688
5.77848
261.715
112.432
119.3
413.379
639.477
705.594
579.843
94.1871
12.6393
13.4852
13.8114
13.7773
13.5416
13.3561
13.6628
13.6164
13.2985
11.9271
10.1515
9.92342
10.6261
11.6095
12.8347
13.679
13.9373
29.4388
21.1512
25.009
46.397
46.7196
26.5442
6.13853
6.09201
5.52228
5.63686
5.79432
5.84437
5.7879
5.86697
5.93576
5.85058
5.69855
937.122
760.948
837.542
935.566
713.879
51.5158
14.251
26.8906
19.0817
14.1212
14.1293
14.1248
14.4974
13.5697
14.8149
15.1746
15.7117
28.4468
57.705
67.2002
44.4487
26.7437
22.8079
25.8231
141.855
465.205
381.362
7.74919
6.77566
6.80465
6.71852
6.54309
12.2705
47.2437
87.4053
107.259
93.8847
13.5203
5.73326
5.83493
5.77293
5.61755
1473.08
1359.59
1225.11
1130.93
852.792
107.46
14.467
14.834
14.7722
14.4483
14.5486
14.7188
17.0546
437.586
1241.32
1349.2
1418.25
1485.91
1554.31
1623.65
1692.32
1761.12
1810.06
916.504
406.886
450.99
672.298
420.888
8.23705
58.2403
942.705
1231.09
1266.74
1301.59
1333.15
1366.16
654.467
5.75365
5.79356
5.79913
5.72469
5.56862
)
;

boundaryField
{
    leftWall
    {
        type            fixedFluxPressure;
        gradient        uniform 0;
        value           nonuniform List<scalar> 
46
(
1246.56
1218.7
1161.33
1077.08
1007.77
1030.69
1090.15
907.535
719.396
747.999
850.658
930.47
895.713
813.395
866.828
907.052
588.735
21.2077
20.3088
81.1444
319.48
334.876
323.046
160.393
549.662
1885.08
2134.07
2210.89
2286.91
2368.96
2452.53
1804.56
63.8757
3.9162
3.6636
3.6283
3.6603
3.74291
4.48308
5.25279
5.29899
4.13549
4.19017
4.22943
4.27404
4.35179
)
;
    }
    rightWall
    {
        type            fixedFluxPressure;
        gradient        uniform 0;
        value           nonuniform List<scalar> 
46
(
1608.84
1589.66
1560.71
1524.68
1473.08
1359.59
1225.11
1130.93
852.792
107.46
14.467
14.834
14.7722
14.4483
14.5486
14.7188
17.0546
437.586
1241.32
1349.2
1418.25
1485.91
1554.31
1623.65
1692.32
1761.12
1810.06
916.504
406.886
450.99
672.298
420.888
8.23705
58.2403
942.705
1231.09
1266.74
1301.59
1333.15
1366.16
654.467
5.75365
5.79356
5.79913
5.72469
5.56862
)
;
    }
    lowerWall
    {
        type            fixedFluxPressure;
        gradient        uniform 0;
        value           nonuniform List<scalar> 
52
(
147.426
78.0795
19.4072
21.2205
147.426
150.072
158.359
182.512
254.754
416.134
559.892
635.19
666.484
702.947
759.133
825.113
897.099
989.093
1111.48
1311.76
1562.4
1690.73
1608.84
130.159
68.5609
26.5507
27.8098
1246.56
1287.78
1246.31
1143.52
1027.53
927.328
848.79
808.649
772.93
747.639
730.866
722.178
710.612
642.337
463.55
262.168
165.559
155.645
156.308
136.84
128.856
127.901
130.159
25.3948
25.3094
)
;
    }
    atmosphere
    {
        type            prghTotalPressure;
        rho             rho;
        psi             none;
        gamma           1;
        p0              uniform 0;
        value           nonuniform List<scalar> 
44
(
4.42447
4.32546
4.30273
4.25611
4.20635
4.15243
4.09344
4.02851
3.95692
3.87889
3.79695
3.71924
3.65844
3.62355
3.63096
3.72201
3.87206
4.03625
4.22782
4.46456
4.74756
5.07671
5.49488
5.91869
5.91866
5.87012
5.84954
5.85058
5.9156
6.04808
6.13196
8.514
8.73006
7.14622
5.77331
5.73238
5.72921
5.72904
5.72904
5.71792
5.66235
5.59787
5.4974
5.45007
)
;
        rho             rho;
    }
    frontAndBack
    {
        type            empty;
    }
}


// ************************************************************************* //
