/*--------------------------------*- C++ -*----------------------------------*\
  =========                 |
  \\      /  F ield         | OpenFOAM: The Open Source CFD Toolbox
   \\    /   O peration     | Website:  https://openfoam.org
    \\  /    A nd           | Version:  13
     \\/     M anipulation  |
\*---------------------------------------------------------------------------*/
FoamFile
{
    format      ascii;
    class       volVectorField;
    location    "0.75";
    object      U;
}
// * * * * * * * * * * * * * * * * * * * * * * * * * * * * * * * * * * * * * //

dimensions      [0 1 -1 0 0 0 0];

internalField   nonuniform List<vector> 
2016
(
(0.0168335 -0.0302049 0)
(0.0304858 -0.124014 0)
(-0.0386037 -0.169576 0)
(-0.0978339 -0.180767 0)
(0.168706 -0.117698 0)
(0.15116 -0.303443 0)
(0.106979 -0.456007 0)
(0.212168 -0.707318 0)
(0.395847 -0.136575 0)
(0.35939 -0.314328 0)
(0.372033 -0.453878 0)
(0.586775 -0.650557 0)
(0.608895 -0.125164 0)
(0.524385 -0.250457 0)
(0.521743 -0.324492 0)
(0.715467 -0.371016 0)
(0.779186 -0.108107 0)
(0.624819 -0.1907 0)
(0.563815 -0.222423 0)
(0.672454 -0.18567 0)
(0.911164 -0.0899788 0)
(0.690447 -0.151927 0)
(0.551138 -0.182308 0)
(0.606433 -0.13359 0)
(1.01923 -0.0550447 0)
(0.751594 -0.108197 0)
(0.537038 -0.170703 0)
(0.557721 -0.132019 0)
(1.07644 0.0146581 0)
(0.849675 -0.0246197 0)
(0.553069 -0.140522 0)
(0.5302 -0.133428 0)
(1.01427 0.0843524 0)
(0.973404 0.0841102 0)
(0.629062 -0.0448378 0)
(0.538396 -0.111847 0)
(0.864674 0.103489 0)
(1.02709 0.155226 0)
(0.747454 0.0773058 0)
(0.592748 -0.0497794 0)
(0.727376 0.06562 0)
(1.00177 0.156702 0)
(0.835346 0.155244 0)
(0.669541 0.0529236 0)
(0.644871 0.0354112 0)
(0.924462 0.139145 0)
(0.857539 0.210582 0)
(0.720191 0.196923 0)
(0.559028 0.0605557 0)
(0.812427 0.189878 0)
(0.798591 0.328155 0)
(0.719749 0.37769 0)
(0.364584 0.107089 0)
(0.559505 0.313379 0)
(0.633203 0.513995 0)
(0.750863 0.479682 0)
(0.0719141 0.0963347 0)
(0.247849 0.397226 0)
(0.630043 0.646776 0)
(0.987101 0.329211 0)
(-0.209148 0.0243824 0)
(-0.0735715 0.330119 0)
(0.982735 0.365124 0)
(1.36493 -0.106112 0)
(-0.337933 -0.0215507 0)
(-0.0517674 0.148957 0)
(1.52532 -0.206428 0)
(1.59682 -0.443014 0)
(-0.33847 -0.0377055 0)
(0.0729219 0.00415326 0)
(1.77504 -0.343918 0)
(1.66388 -0.577486 0)
(-0.29124 -0.029377 0)
(0.046238 -0.0518707 0)
(2.00887 0.0181407 0)
(1.627 -0.387944 0)
(-0.238005 -0.0276563 0)
(-0.036619 -0.0968763 0)
(2.30514 0.221019 0)
(1.69191 0.219559 0)
(-0.169862 -0.0297308 0)
(-0.118019 -0.125298 0)
(1.95365 0.223393 0)
(1.39462 0.977559 0)
(-0.0885292 -0.0231158 0)
(-0.168991 -0.135835 0)
(0.36103 0.136557 0)
(0.252561 1.29277 0)
(-0.0142175 -0.00288872 0)
(-0.0904911 -0.0914603 0)
(-0.193792 -0.1367 0)
(-0.118785 -0.116049 0)
(0.00558088 0.00408919 0)
(0.102012 -0.0676128 0)
(0.308441 -0.349952 0)
(0.265973 -0.451639 0)
(0.0658657 -0.00623206 0)
(0.18672 -0.103067 0)
(0.377057 -0.125907 0)
(-0.316711 0.237137 0)
(0.113273 0.00694878 0)
(0.223375 -0.0738628 0)
(0.0951931 0.0124979 0)
(-0.0636988 0.399341 0)
(0.120637 0.0388596 0)
(0.247678 0.00397451 0)
(-0.577965 0.119192 0)
(-0.449597 0.307388 0)
(0.0334742 0.0931639 0)
(0.11959 0.136531 0)
(-0.36815 0.459639 0)
(-0.597737 0.42064 0)
(-0.17623 0.132604 0)
(-0.135387 0.263993 0)
(-0.293915 0.517946 0)
(-0.531143 0.491119 0)
(-0.426393 0.082757 0)
(-0.457079 0.247795 0)
(-0.411847 0.450349 0)
(-0.453919 0.571582 0)
(-0.557959 0.00372639 0)
(-0.70647 0.137104 0)
(-0.652861 0.306764 0)
(-0.544386 0.452387 0)
(-0.597024 -0.0158031 0)
(-0.871105 0.119118 0)
(-0.821464 0.245124 0)
(-0.671039 0.334784 0)
(-0.666144 0.0517222 0)
(-1.02892 0.193469 0)
(-0.916791 0.262977 0)
(-0.710804 0.274561 0)
(-0.856907 0.12509 0)
(-1.14738 0.209484 0)
(-0.933786 0.205052 0)
(-0.678951 0.171729 0)
(-1.06648 0.101086 0)
(-1.14579 0.100796 0)
(-0.869771 0.0352218 0)
(-0.623097 0.00383013 0)
(-1.13122 0.0110134 0)
(-1.02658 -0.0492274 0)
(-0.790295 -0.119208 0)
(-0.574269 -0.125828 0)
(-1.04021 -0.0572821 0)
(-0.947396 -0.134063 0)
(-0.764818 -0.159629 0)
(-0.549763 -0.107528 0)
(-0.925753 -0.0779965 0)
(-0.918815 -0.155968 0)
(-0.867572 -0.120533 0)
(-0.760032 0.0473588 0)
(-0.765812 -0.106279 0)
(-0.867676 -0.220417 0)
(-1.06065 -0.216318 0)
(-1.33045 -0.122551 0)
(-0.503016 -0.148194 0)
(-0.680905 -0.360487 0)
(-1.00766 -0.593118 0)
(-1.29945 -1.0023 0)
(-0.168626 -0.134518 0)
(-0.311636 -0.386641 0)
(-0.514041 -0.787898 0)
(-0.65724 -1.3872 0)
(0.0528637 -0.00376394 0)
(0.0213742 -0.0734055 0)
(-0.0277859 -0.207886 0)
(-0.199651 -0.48708 0)
(-0.00869008 -0.274349 0)
(0.157415 -0.573161 0)
(0.162367 -1.06499 0)
(0.0811104 -1.50861 0)
(0.0340423 -1.77406 0)
(0.02744 -1.8576 0)
(0.0274043 -1.84429 0)
(0.026116 -1.80021 0)
(0.0229671 -1.74487 0)
(0.0161385 -1.67143 0)
(0.0111228 -1.59752 0)
(0.0235579 -1.54825 0)
(0.0586971 -1.58153 0)
(0.0834128 -1.88398 0)
(0.0501036 -1.76522 0)
(0.0447409 -1.52211 0)
(0.0409287 -1.41169 0)
(0.0432997 -1.32344 0)
(0.0465782 -1.26948 0)
(0.0502209 -1.28462 0)
(0.048775 -1.32122 0)
(0.0353305 -1.27872 0)
(0.0250075 -1.26795 0)
(0.0194533 -1.27974 0)
(0.0258247 -1.30678 0)
(0.0302391 -1.36034 0)
(-0.0107683 -1.40532 0)
(-0.121542 -1.36319 0)
(-0.348406 -1.19039 0)
(-0.36341 -0.960544 0)
(-0.26061 -0.664991 0)
(-0.190231 -0.533453 0)
(-0.126327 -0.494217 0)
(-0.050973 -0.527428 0)
(0.0356965 -0.650097 0)
(0.110227 -0.825372 0)
(0.15372 -1.04459 0)
(0.141956 -1.26503 0)
(0.0998019 -1.41878 0)
(0.0634747 -1.52137 0)
(0.0360664 -1.58842 0)
(0.0121492 -1.61615 0)
(0.455329 -1.18417 0)
(0.611797 -1.80315 0)
(0.569356 -2.34493 0)
(0.42067 -2.67407 0)
(0.216576 -2.69081 0)
(0.0029584 -2.23379 0)
(-0.142004 -1.13798 0)
(-0.0766048 -1.17137 0)
(-0.0548165 -1.05652 0)
(-0.0578436 -1.32405 0)
(-0.0689427 -2.00351 0)
(0.0290535 -2.26963 0)
(0.209498 -2.31294 0)
(0.0159792 -2.14502 0)
(-0.392651 -1.87879 0)
(-0.318929 -1.61156 0)
(-0.282972 -1.30469 0)
(-0.160802 -1.15359 0)
(-0.0611176 -1.169 0)
(-0.0223843 -1.50544 0)
(-0.0419964 -1.54998 0)
(-0.055429 -1.48652 0)
(-0.024599 -1.49762 0)
(0.0160509 -1.56115 0)
(0.0561475 -1.57244 0)
(0.0681643 -1.56607 0)
(0.0218485 -1.59371 0)
(-0.121178 -1.70607 0)
(-0.211404 -1.63533 0)
(-0.326511 -1.37767 0)
(-0.136004 -1.3838 0)
(0.0206513 -1.42128 0)
(0.114509 -1.50998 0)
(0.182869 -1.59274 0)
(0.242076 -1.65836 0)
(0.271351 -1.71992 0)
(0.251859 -1.75332 0)
(0.191819 -1.75322 0)
(0.129682 -1.73108 0)
(0.0842186 -1.70897 0)
(0.0480935 -1.69098 0)
(0.0160222 -1.67635 0)
(0.991703 -1.15045 0)
(1.21881 -1.78345 0)
(0.992498 -2.10236 0)
(0.451966 -2.04471 0)
(-0.400095 -1.04364 0)
(-1.17158 -0.78294 0)
(-0.733916 -0.821875 0)
(-0.28948 -0.639141 0)
(0.0808819 -0.430093 0)
(0.480429 -0.214651 0)
(0.648559 -0.0989782 0)
(0.320609 -0.11537 0)
(0.04406 0.0100678 0)
(-0.255531 0.0366006 0)
(-0.434043 0.0341777 0)
(-0.489702 -0.142376 0)
(-0.375611 -0.231843 0)
(-0.153987 -0.301707 0)
(0.140726 -0.309315 0)
(0.343967 -0.368948 0)
(0.23108 -0.580196 0)
(0.0176999 -0.945579 0)
(0.0707183 -1.2769 0)
(0.0648977 -1.44249 0)
(0.0315147 -1.43599 0)
(0.0934327 -1.41745 0)
(0.128876 -1.45186 0)
(-0.0409681 -1.58504 0)
(-0.459671 -1.85564 0)
(-0.425419 -1.86564 0)
(-0.193055 -1.791 0)
(-0.0109828 -1.80344 0)
(0.092222 -1.8502 0)
(0.171626 -1.88028 0)
(0.22002 -1.8695 0)
(0.225251 -1.8218 0)
(0.188549 -1.7607 0)
(0.134492 -1.71061 0)
(0.0900993 -1.68857 0)
(0.0591776 -1.68685 0)
(0.0340341 -1.68995 0)
(0.0111147 -1.68966 0)
(1.22999 -0.564406 0)
(2.10933 -0.548763 0)
(1.26593 -0.469654 0)
(-0.254656 -0.755102 0)
(-0.859256 -0.831616 0)
(-0.773292 -0.903156 0)
(-0.581991 -0.883745 0)
(-0.434358 -0.728323 0)
(-0.257081 -0.600832 0)
(-0.0664306 -0.356762 0)
(0.0820382 -0.0490129 0)
(0.0580211 0.210357 0)
(-0.0319314 0.354879 0)
(-0.0783405 0.411121 0)
(-0.129589 0.376153 0)
(-0.162843 0.200654 0)
(-0.1023 -0.0193754 0)
(0.0286143 -0.194789 0)
(0.175182 -0.335236 0)
(0.293265 -0.246105 0)
(0.437281 -0.291209 0)
(0.486052 -0.500227 0)
(0.399749 -0.729307 0)
(0.241434 -0.996391 0)
(0.0417752 -1.21037 0)
(0.103714 -1.34342 0)
(0.222013 -1.36693 0)
(0.191691 -1.4294 0)
(-0.045956 -1.61575 0)
(-0.433098 -1.99156 0)
(-0.22046 -1.87096 0)
(0.0514475 -1.78141 0)
(0.129679 -1.81703 0)
(0.140483 -1.82071 0)
(0.154928 -1.78346 0)
(0.160117 -1.74101 0)
(0.146659 -1.71374 0)
(0.122377 -1.70511 0)
(0.0958284 -1.70773 0)
(0.0686261 -1.71326 0)
(0.041004 -1.71738 0)
(0.0137785 -1.71671 0)
(0.972489 -0.203035 0)
(2.13068 0.199107 0)
(1.81917 0.535727 0)
(0.230767 -0.407411 0)
(-0.684219 -0.665302 0)
(-0.922 -0.682233 0)
(-0.711135 -0.806391 0)
(-0.511224 -0.700557 0)
(-0.352115 -0.649018 0)
(-0.179347 -0.51937 0)
(-0.0885829 -0.353797 0)
(-0.0986391 -0.19195 0)
(-0.145631 -0.0856635 0)
(-0.192886 -0.0616469 0)
(-0.216665 -0.076439 0)
(-0.16091 -0.169831 0)
(-0.0279204 -0.275772 0)
(0.0986852 -0.355409 0)
(0.185642 -0.414337 0)
(0.321899 -0.428302 0)
(0.491871 -0.404761 0)
(0.605811 -0.416941 0)
(0.608193 -0.4667 0)
(0.532819 -0.642281 0)
(0.328315 -0.947625 0)
(0.161213 -1.28823 0)
(0.280023 -1.34827 0)
(0.279987 -1.3684 0)
(0.106165 -1.48396 0)
(-0.294667 -1.75957 0)
(-0.342169 -1.90611 0)
(-0.0220668 -1.718 0)
(0.147885 -1.68634 0)
(0.152374 -1.72785 0)
(0.141404 -1.7351 0)
(0.147409 -1.72462 0)
(0.144225 -1.72251 0)
(0.12504 -1.72843 0)
(0.0989596 -1.73527 0)
(0.0715241 -1.74139 0)
(0.0434377 -1.74566 0)
(0.014778 -1.74509 0)
(0.762324 -0.0868463 0)
(1.47597 0.0820979 0)
(1.90758 0.688253 0)
(0.803278 0.0971337 0)
(-0.450058 -0.40472 0)
(-0.822041 -0.427699 0)
(-0.665309 -0.644864 0)
(-0.546015 -0.562137 0)
(-0.425492 -0.541647 0)
(-0.309926 -0.470714 0)
(-0.231571 -0.390426 0)
(-0.197897 -0.317946 0)
(-0.179786 -0.271831 0)
(-0.145251 -0.260511 0)
(-0.0775385 -0.283652 0)
(-0.00138047 -0.331021 0)
(0.076346 -0.381054 0)
(0.154837 -0.414043 0)
(0.228005 -0.440288 0)
(0.324644 -0.469165 0)
(0.455891 -0.466264 0)
(0.560806 -0.44059 0)
(0.641654 -0.424267 0)
(0.710669 -0.475366 0)
(0.661288 -0.662803 0)
(0.45071 -1.06665 0)
(0.328252 -1.29886 0)
(0.352533 -1.30626 0)
(0.278649 -1.36651 0)
(0.0319407 -1.52807 0)
(-0.351755 -1.86944 0)
(-0.126452 -1.76697 0)
(0.140709 -1.63359 0)
(0.19323 -1.66858 0)
(0.16105 -1.72118 0)
(0.151988 -1.73693 0)
(0.150981 -1.74245 0)
(0.133629 -1.75225 0)
(0.105682 -1.76241 0)
(0.0762097 -1.77048 0)
(0.0465269 -1.77551 0)
(0.0159031 -1.77548 0)
(0.69318 -0.0887156 0)
(1.10229 -0.0605996 0)
(1.70448 0.364573 0)
(1.22153 0.211549 0)
(-0.110612 -0.116998 0)
(-0.710812 -0.178223 0)
(-0.630867 -0.413438 0)
(-0.572265 -0.357898 0)
(-0.482727 -0.350499 0)
(-0.375156 -0.306454 0)
(-0.287259 -0.25966 0)
(-0.224686 -0.224236 0)
(-0.175022 -0.209694 0)
(-0.129512 -0.212018 0)
(-0.0794386 -0.227049 0)
(-0.0147488 -0.24293 0)
(0.0650409 -0.259711 0)
(0.156207 -0.283534 0)
(0.24596 -0.31088 0)
(0.341053 -0.341497 0)
(0.446638 -0.361622 0)
(0.547376 -0.367502 0)
(0.646068 -0.378237 0)
(0.774769 -0.400715 0)
(0.883202 -0.461562 0)
(0.813097 -0.707788 0)
(0.496316 -1.14596 0)
(0.401711 -1.24463 0)
(0.372382 -1.28528 0)
(0.195289 -1.41708 0)
(-0.161006 -1.68591 0)
(-0.246538 -1.85777 0)
(0.0772845 -1.65785 0)
(0.239932 -1.63155 0)
(0.209309 -1.70777 0)
(0.170017 -1.75022 0)
(0.161397 -1.76449 0)
(0.145771 -1.77782 0)
(0.115877 -1.79162 0)
(0.0827626 -1.80195 0)
(0.0502854 -1.80785 0)
(0.017176 -1.80843 0)
(0.670185 -0.101916 0)
(0.988778 -0.121469 0)
(1.70463 0.130785 0)
(1.31851 0.165656 0)
(0.0288033 0.14753 0)
(-0.55472 0.00973905 0)
(-0.547052 -0.205315 0)
(-0.557041 -0.194626 0)
(-0.498109 -0.205911 0)
(-0.403761 -0.189455 0)
(-0.315937 -0.164975 0)
(-0.245685 -0.139787 0)
(-0.187568 -0.119431 0)
(-0.130761 -0.107405 0)
(-0.0656195 -0.103659 0)
(0.0121661 -0.107639 0)
(0.0935909 -0.119033 0)
(0.181059 -0.135589 0)
(0.272999 -0.156094 0)
(0.368452 -0.178744 0)
(0.469729 -0.198472 0)
(0.573199 -0.216028 0)
(0.6815 -0.244576 0)
(0.813514 -0.285053 0)
(0.979957 -0.324686 0)
(1.09037 -0.411454 0)
(0.898559 -0.751032 0)
(0.49208 -1.13906 0)
(0.465474 -1.19818 0)
(0.379541 -1.29096 0)
(0.138984 -1.46994 0)
(-0.252594 -1.79336 0)
(-0.0246773 -1.72261 0)
(0.259359 -1.62106 0)
(0.277681 -1.6904 0)
(0.208758 -1.7629 0)
(0.180113 -1.79237 0)
(0.161396 -1.8094 0)
(0.128646 -1.82517 0)
(0.0907965 -1.83692 0)
(0.0545248 -1.84332 0)
(0.0185363 -1.84435 0)
(0.653305 -0.0811433 0)
(0.953451 -0.132039 0)
(1.45936 0.0335667 0)
(1.19998 0.229094 0)
(0.153457 0.348567 0)
(-0.383211 0.136937 0)
(-0.450177 -0.0483085 0)
(-0.524388 -0.0829835 0)
(-0.496083 -0.104873 0)
(-0.417545 -0.104968 0)
(-0.338226 -0.089308 0)
(-0.269556 -0.0642445 0)
(-0.206501 -0.0372753 0)
(-0.142115 -0.0132314 0)
(-0.0714696 0.00483897 0)
(0.00920284 0.0135612 0)
(0.0980233 0.0109034 0)
(0.193755 -0.00280059 0)
(0.290579 -0.0290403 0)
(0.381245 -0.054562 0)
(0.477676 -0.0685033 0)
(0.585795 -0.0744093 0)
(0.710005 -0.0833091 0)
(0.852444 -0.108002 0)
(1.01983 -0.150133 0)
(1.21307 -0.200447 0)
(1.2575 -0.359936 0)
(0.85736 -0.866337 0)
(0.563823 -1.11974 0)
(0.507222 -1.2054 0)
(0.31561 -1.36933 0)
(-0.0319246 -1.63814 0)
(-0.119436 -1.80145 0)
(0.239652 -1.64485 0)
(0.352982 -1.67631 0)
(0.271046 -1.77481 0)
(0.209968 -1.82726 0)
(0.179643 -1.84989 0)
(0.142489 -1.86538 0)
(0.0994733 -1.8765 0)
(0.0586946 -1.88231 0)
(0.0197625 -1.88329 0)
(0.64549 -0.0205423 0)
(0.923739 -0.100117 0)
(1.24328 0.0386678 0)
(0.99937 0.289929 0)
(0.192613 0.436086 0)
(-0.22067 0.173405 0)
(-0.351339 0.0329093 0)
(-0.482562 -0.0193929 0)
(-0.484783 -0.0395688 0)
(-0.424617 -0.0433389 0)
(-0.359321 -0.0263213 0)
(-0.298186 0.00537519 0)
(-0.237062 0.0434046 0)
(-0.16987 0.0812983 0)
(-0.091747 0.112658 0)
(0.000480004 0.129917 0)
(0.104428 0.127295 0)
(0.216718 0.0995881 0)
(0.327832 0.0457066 0)
(0.421398 0.00112176 0)
(0.501571 -0.00597601 0)
(0.591118 0.0132192 0)
(0.715356 0.0326986 0)
(0.882408 0.0387823 0)
(1.08368 0.0242291 0)
(1.30315 -0.0133928 0)
(1.50263 -0.0697146 0)
(1.34993 -0.396539 0)
(0.750383 -0.988621 0)
(0.654591 -1.12961 0)
(0.52602 -1.26585 0)
(0.251301 -1.48168 0)
(-0.103786 -1.76054 0)
(0.206143 -1.71314 0)
(0.4221 -1.69566 0)
(0.356421 -1.79581 0)
(0.257957 -1.87078 0)
(0.202738 -1.9007 0)
(0.15565 -1.91424 0)
(0.106662 -1.92184 0)
(0.0615684 -1.92485 0)
(0.0204444 -1.92472 0)
(0.664554 0.0693998 0)
(0.905017 -0.0334701 0)
(1.0894 0.0718276 0)
(0.76113 0.200391 0)
(0.278185 0.395828 0)
(-0.0417581 0.125998 0)
(-0.273731 0.0582802 0)
(-0.446651 0.00436825 0)
(-0.476242 -0.00505252 0)
(-0.4355 -0.00055259 0)
(-0.38858 0.0265395 0)
(-0.339218 0.0707566 0)
(-0.28229 0.122751 0)
(-0.211685 0.175572 0)
(-0.121325 0.220364 0)
(-0.00893431 0.244936 0)
(0.126625 0.240678 0)
(0.28276 0.19795 0)
(0.422968 0.13366 0)
(0.459294 0.106702 0)
(0.499891 0.13332 0)
(0.586716 0.190151 0)
(0.723829 0.247788 0)
(0.898008 0.268204 0)
(1.08782 0.264155 0)
(1.32414 0.240694 0)
(1.6326 0.192418 0)
(1.80655 0.060519 0)
(1.30585 -0.636785 0)
(0.822147 -1.07883 0)
(0.704187 -1.21511 0)
(0.454274 -1.44126 0)
(0.0327012 -1.80509 0)
(0.161056 -1.88962 0)
(0.454306 -1.80623 0)
(0.439527 -1.85415 0)
(0.313983 -1.93336 0)
(0.225287 -1.96522 0)
(0.163662 -1.97336 0)
(0.108511 -1.97366 0)
(0.0604917 -1.97029 0)
(0.019693 -1.9671 0)
(0.697643 0.195697 0)
(0.916665 0.05638 0)
(1.05532 0.100738 0)
(0.58024 0.0307444 0)
(0.338561 0.26479 0)
(0.060284 0.0586083 0)
(-0.219179 0.0408092 0)
(-0.422638 -0.00453841 0)
(-0.479715 0.00119137 0)
(-0.458903 0.0245796 0)
(-0.43098 0.0673609 0)
(-0.394487 0.127538 0)
(-0.342881 0.196797 0)
(-0.267787 0.269063 0)
(-0.163048 0.332999 0)
(-0.0263873 0.380636 0)
(0.156179 0.406932 0)
(0.32248 0.39659 0)
(0.410514 0.397603 0)
(0.425092 0.461771 0)
(0.401746 0.572908 0)
(0.454841 0.689579 0)
(0.638634 0.780144 0)
(0.890505 0.833006 0)
(1.146 0.819771 0)
(1.39037 0.720217 0)
(1.70448 0.574252 0)
(2.09851 0.436473 0)
(2.04975 0.0116607 0)
(1.11864 -0.947213 0)
(0.912766 -1.16711 0)
(0.738124 -1.3726 0)
(0.454089 -1.68309 0)
(0.157005 -2.11339 0)
(0.429477 -2.04173 0)
(0.492949 -1.98843 0)
(0.365484 -2.02271 0)
(0.244211 -2.03469 0)
(0.164588 -2.03122 0)
(0.102578 -2.02482 0)
(0.052977 -2.01442 0)
(0.0162893 -2.00623 0)
(0.758004 0.311591 0)
(0.986276 0.113036 0)
(1.12911 0.102085 0)
(0.527688 -0.0870056 0)
(0.358905 0.129247 0)
(0.112261 0.00253306 0)
(-0.184419 0.00442876 0)
(-0.412258 -0.036752 0)
(-0.502085 -0.0187628 0)
(-0.501878 0.0306671 0)
(-0.490899 0.0936884 0)
(-0.467621 0.1725 0)
(-0.423699 0.263576 0)
(-0.347472 0.362901 0)
(-0.237436 0.460567 0)
(-0.0798247 0.571184 0)
(0.10236 0.663288 0)
(0.246457 0.749904 0)
(0.333771 0.901765 0)
(0.329672 1.09968 0)
(0.28798 1.32223 0)
(0.344428 1.52637 0)
(0.556945 1.67686 0)
(0.858741 1.77103 0)
(1.22535 1.74425 0)
(1.58761 1.56146 0)
(1.92009 1.28347 0)
(2.3217 0.960861 0)
(2.70229 0.739794 0)
(1.99722 -0.422116 0)
(1.16422 -1.11276 0)
(0.98638 -1.33011 0)
(0.821529 -1.60894 0)
(0.43066 -2.13221 0)
(0.342327 -2.39751 0)
(0.4406 -2.29384 0)
(0.362092 -2.20458 0)
(0.242458 -2.13493 0)
(0.159685 -2.08485 0)
(0.0948071 -2.06319 0)
(0.0403616 -2.04918 0)
(0.00991543 -2.03595 0)
(0.917359 0.271038 0)
(1.12255 0.0441331 0)
(1.22231 0.040224 0)
(0.528293 -0.0266859 0)
(0.362209 0.0300632 0)
(0.143901 -0.0166431 0)
(-0.157913 -0.0364819 0)
(-0.410473 -0.0742327 0)
(-0.544029 -0.0552247 0)
(-0.569225 0.0185292 0)
(-0.571678 0.104524 0)
(-0.562 0.203407 0)
(-0.530765 0.31958 0)
(-0.465401 0.450872 0)
(-0.365908 0.608515 0)
(-0.224164 0.800682 0)
(-0.0659577 0.984763 0)
(0.0588668 1.22497 0)
(0.108064 1.54102 0)
(0.0779782 1.89009 0)
(0.0336641 2.22627 0)
(0.0841185 2.50914 0)
(0.349108 2.72656 0)
(0.816601 2.85268 0)
(1.34159 2.85571 0)
(1.8539 2.66979 0)
(2.30531 2.29017 0)
(2.70608 1.77303 0)
(3.21887 1.38065 0)
(3.14736 0.602245 0)
(1.659 -0.868166 0)
(1.24592 -1.23133 0)
(1.13764 -1.47509 0)
(1.01915 -1.76246 0)
(0.59049 -2.38072 0)
(0.282562 -2.66414 0)
(0.199251 -2.54214 0)
(0.123077 -2.34467 0)
(0.0976001 -2.17835 0)
(0.0698503 -2.09934 0)
(0.0228749 -2.07114 0)
(0.00040047 -2.05268 0)
(1.17028 0.0292715 0)
(1.24125 -0.158414 0)
(1.1724 -0.0644997 0)
(0.516924 0.0174036 0)
(0.376529 -0.00773037 0)
(0.157541 -0.0181508 0)
(-0.120969 -0.0416235 0)
(-0.401634 -0.0926542 0)
(-0.593795 -0.0876785 0)
(-0.659443 -0.00600315 0)
(-0.674704 0.0995745 0)
(-0.678568 0.216263 0)
(-0.667823 0.355165 0)
(-0.634043 0.519171 0)
(-0.563753 0.748829 0)
(-0.459641 1.01232 0)
(-0.36039 1.32054 0)
(-0.314852 1.74477 0)
(-0.320249 2.26982 0)
(-0.339927 2.80245 0)
(-0.319032 3.25527 0)
(-0.169755 3.5625 0)
(0.144333 3.72635 0)
(0.65888 3.80537 0)
(1.37252 3.78931 0)
(2.12742 3.64252 0)
(2.77912 3.32256 0)
(3.27485 2.79799 0)
(3.77297 2.18595 0)
(4.13706 1.68766 0)
(3.0163 0.191616 0)
(1.57641 -1.02538 0)
(1.34378 -1.28983 0)
(1.28987 -1.48139 0)
(1.14058 -1.69199 0)
(0.694844 -2.14497 0)
(0.0583276 -2.69844 0)
(-0.140404 -2.58262 0)
(-0.118906 -2.31274 0)
(-0.020501 -2.13483 0)
(-0.00838218 -2.07627 0)
(-0.0120395 -2.04886 0)
(1.37023 -0.249327 0)
(1.27336 -0.322976 0)
(0.94694 -0.173422 0)
(0.522025 -0.102556 0)
(0.334242 0.00984409 0)
(0.16286 0.0284459 0)
(-0.0654924 -0.00274734 0)
(-0.371677 -0.0678844 0)
(-0.631017 -0.0927795 0)
(-0.757753 -0.0291105 0)
(-0.79425 0.0814047 0)
(-0.812768 0.205976 0)
(-0.831967 0.3559 0)
(-0.851311 0.548583 0)
(-0.847011 0.826978 0)
(-0.819649 1.20082 0)
(-0.823137 1.71347 0)
(-0.890663 2.35898 0)
(-0.928974 3.07141 0)
(-0.857719 3.73255 0)
(-0.688193 4.21298 0)
(-0.389757 4.48694 0)
(0.0960364 4.58282 0)
(0.719779 4.53587 0)
(1.45961 4.41801 0)
(2.28448 4.27067 0)
(3.11525 4.04942 0)
(3.82328 3.69028 0)
(4.38332 3.1231 0)
(4.91112 2.64495 0)
(4.50667 1.68918 0)
(2.69084 -0.0903245 0)
(1.59681 -1.00836 0)
(1.41341 -1.21078 0)
(1.31559 -1.31316 0)
(1.12782 -1.43327 0)
(0.632484 -1.77189 0)
(-0.28236 -2.4987 0)
(-0.393405 -2.40999 0)
(-0.171734 -2.11341 0)
(-0.0518393 -2.04276 0)
(-0.0257859 -2.00384 0)
(1.4314 -0.475618 0)
(1.17557 -0.47935 0)
(0.787877 -0.254353 0)
(0.460996 -0.0904887 0)
(0.245255 0.0821399 0)
(0.165407 0.10966 0)
(-0.00344407 0.0734763 0)
(-0.31466 0.00681255 0)
(-0.634898 -0.0519089 0)
(-0.837158 -0.0303588 0)
(-0.910683 0.0573008 0)
(-0.948541 0.168502 0)
(-1.00717 0.308384 0)
(-1.09536 0.506374 0)
(-1.19695 0.803984 0)
(-1.34215 1.27115 0)
(-1.53003 1.9195 0)
(-1.68477 2.66424 0)
(-1.69079 3.38423 0)
(-1.46691 4.00569 0)
(-1.08191 4.46499 0)
(-0.580866 4.72765 0)
(0.0455612 4.81873 0)
(0.775791 4.77377 0)
(1.58717 4.65347 0)
(2.44125 4.50404 0)
(3.3083 4.34017 0)
(4.14512 4.15328 0)
(4.86216 3.82932 0)
(5.47166 3.43681 0)
(5.6262 2.96434 0)
(4.41415 1.65212 0)
(2.3878 -0.148135 0)
(1.60874 -0.859034 0)
(1.37387 -1.0365 0)
(1.24295 -1.10725 0)
(1.06459 -1.19321 0)
(0.519097 -1.51564 0)
(-0.440706 -2.26544 0)
(-0.263762 -2.00888 0)
(-0.113581 -1.9732 0)
(-0.0365765 -1.92752 0)
(1.42111 -0.563187 0)
(0.830307 -0.616239 0)
(0.505813 -0.349152 0)
(0.221961 -0.0308973 0)
(0.123426 0.137725 0)
(0.152826 0.188855 0)
(0.0544161 0.17658 0)
(-0.234377 0.118239 0)
(-0.592443 0.0350562 0)
(-0.868553 0.000481349 0)
(-0.99171 0.0333611 0)
(-1.05634 0.100393 0)
(-1.16285 0.201952 0)
(-1.33633 0.369424 0)
(-1.59356 0.676049 0)
(-1.94564 1.18575 0)
(-2.2572 1.7607 0)
(-2.40271 2.34878 0)
(-2.33934 2.87273 0)
(-2.02762 3.37469 0)
(-1.48509 3.81136 0)
(-0.763841 4.12174 0)
(0.0547464 4.313 0)
(0.879161 4.39804 0)
(1.72337 4.40647 0)
(2.59673 4.35377 0)
(3.46062 4.26034 0)
(4.30284 4.17107 0)
(5.09448 4.07933 0)
(5.76861 3.90816 0)
(6.20368 3.76285 0)
(5.76207 3.19187 0)
(4.14543 1.77798 0)
(2.36449 0.176184 0)
(1.58427 -0.628236 0)
(1.31828 -0.902946 0)
(1.20865 -1.01276 0)
(0.798126 -1.2562 0)
(-0.177282 -1.81644 0)
(-0.268194 -1.91279 0)
(-0.172026 -1.88723 0)
(-0.0521184 -1.84043 0)
(1.51863 -0.141288 0)
(0.789327 0.173694 0)
(0.319204 0.198998 0)
(0.0757775 0.228007 0)
(0.0475109 0.247664 0)
(0.126271 0.283789 0)
(0.0976392 0.302183 0)
(-0.136317 0.248507 0)
(-0.504228 0.140922 0)
(-0.834221 0.0512421 0)
(-1.00511 0.00475863 0)
(-1.10135 -0.00409661 0)
(-1.26205 0.0256798 0)
(-1.5472 0.130685 0)
(-1.98141 0.419624 0)
(-2.45577 0.778662 0)
(-2.7716 1.13638 0)
(-2.88859 1.55545 0)
(-2.78742 1.93437 0)
(-2.41205 2.39274 0)
(-1.77108 2.74131 0)
(-1.02363 2.991 0)
(-0.198283 3.21633 0)
(0.715116 3.43974 0)
(1.67002 3.62616 0)
(2.62657 3.75399 0)
(3.52769 3.82149 0)
(4.34576 3.85314 0)
(5.12645 3.91608 0)
(5.80802 3.96712 0)
(6.31564 4.03907 0)
(6.36393 4.02637 0)
(5.4895 3.39378 0)
(3.96924 2.10859 0)
(2.60481 0.854348 0)
(1.67227 -0.323244 0)
(1.36192 -0.854638 0)
(0.977021 -1.26916 0)
(0.139145 -1.60855 0)
(-0.237026 -1.78852 0)
(-0.226881 -1.79364 0)
(-0.0759362 -1.73319 0)
(1.20467 0.745449 0)
(0.670515 0.944309 0)
(0.361587 0.967992 0)
(0.182949 0.831915 0)
(0.0723833 0.607153 0)
(0.0735478 0.470938 0)
(0.0985978 0.435336 0)
(-0.0460911 0.363898 0)
(-0.379158 0.233609 0)
(-0.730179 0.0943019 0)
(-0.928168 -0.0426913 0)
(-1.05164 -0.150424 0)
(-1.27555 -0.222168 0)
(-1.68558 -0.19724 0)
(-2.22751 -0.0621391 0)
(-2.70231 0.0195777 0)
(-3.06472 0.219937 0)
(-3.24304 0.476665 0)
(-3.15015 0.804434 0)
(-2.67856 1.14967 0)
(-1.98943 1.31747 0)
(-1.2212 1.47802 0)
(-0.402615 1.69612 0)
(0.476909 1.98198 0)
(1.42365 2.31594 0)
(2.40994 2.65012 0)
(3.37122 2.94834 0)
(4.22739 3.19163 0)
(4.99173 3.41831 0)
(5.6577 3.64953 0)
(6.14545 3.87924 0)
(6.36591 4.13164 0)
(6.05578 4.13246 0)
(5.10538 3.51691 0)
(3.95116 2.53154 0)
(2.90134 1.37837 0)
(2.17635 0.369995 0)
(1.48571 -0.486929 0)
(0.571548 -0.952473 0)
(-0.0406257 -1.38912 0)
(-0.222012 -1.60425 0)
(-0.102778 -1.59047 0)
(0.822773 1.62887 0)
(0.490952 1.8535 0)
(0.406071 1.82586 0)
(0.433407 1.62385 0)
(0.408845 1.29716 0)
(0.315852 0.936483 0)
(0.248752 0.666222 0)
(0.108425 0.476521 0)
(-0.207982 0.302096 0)
(-0.558013 0.112377 0)
(-0.750587 -0.117848 0)
(-0.890496 -0.335266 0)
(-1.17678 -0.520109 0)
(-1.67087 -0.631998 0)
(-2.22063 -0.76654 0)
(-2.74744 -0.8633 0)
(-3.24193 -0.821125 0)
(-3.5031 -0.744996 0)
(-3.35336 -0.486951 0)
(-2.80846 -0.397689 0)
(-2.0854 -0.315949 0)
(-1.34994 -0.160497 0)
(-0.599225 0.0567872 0)
(0.207107 0.382664 0)
(1.08698 0.797745 0)
(2.033 1.25694 0)
(2.99706 1.73653 0)
(3.89008 2.18466 0)
(4.67922 2.60211 0)
(5.34772 3.00339 0)
(5.81848 3.36731 0)
(6.07735 3.73822 0)
(6.04733 4.04223 0)
(5.59537 3.97612 0)
(4.83761 3.46069 0)
(3.97195 2.61104 0)
(3.16577 1.6339 0)
(2.25091 0.654444 0)
(1.17094 -0.127896 0)
(0.439251 -0.693082 0)
(-0.0232284 -1.22558 0)
(-0.084006 -1.4008 0)
(0.416217 1.91732 0)
(0.581373 1.93154 0)
(0.597303 1.69483 0)
(0.639942 1.52381 0)
(0.674614 1.33156 0)
(0.627042 1.01688 0)
(0.530086 0.716557 0)
(0.337988 0.487053 0)
(-0.00711584 0.312945 0)
(-0.329355 0.0987625 0)
(-0.479136 -0.215937 0)
(-0.618884 -0.531581 0)
(-0.932537 -0.834018 0)
(-1.4445 -1.14714 0)
(-2.01357 -1.48365 0)
(-2.66163 -1.71665 0)
(-3.25804 -1.89541 0)
(-3.56472 -1.9674 0)
(-3.39875 -1.98627 0)
(-2.85201 -2.01622 0)
(-2.18782 -1.94255 0)
(-1.53714 -1.80458 0)
(-0.892498 -1.57428 0)
(-0.178785 -1.21553 0)
(0.639135 -0.751823 0)
(1.53499 -0.239616 0)
(2.47059 0.343451 0)
(3.36877 0.94015 0)
(4.18582 1.51516 0)
(4.88879 2.08561 0)
(5.38334 2.58304 0)
(5.67497 3.05573 0)
(5.77998 3.4738 0)
(5.66107 3.70153 0)
(5.28359 3.59734 0)
(4.69815 3.12923 0)
(4.00311 2.42534 0)
(3.08131 1.60867 0)
(1.94296 0.774181 0)
(1.05919 0.0662329 0)
(0.44187 -0.582304 0)
(0.0749581 -1.14141 0)
(0.0913531 0.0419833 0)
(0.444642 0.516148 0)
(0.606395 0.752702 0)
(0.727671 0.824988 0)
(0.839912 0.808422 0)
(0.859719 0.689527 0)
(0.759167 0.536154 0)
(0.519997 0.409986 0)
(0.183663 0.30419 0)
(-0.0573826 0.0711959 0)
(-0.136734 -0.312031 0)
(-0.248378 -0.700188 0)
(-0.543765 -1.12299 0)
(-1.04454 -1.59581 0)
(-1.6668 -2.06229 0)
(-2.39185 -2.47354 0)
(-3.04474 -2.86126 0)
(-3.38676 -3.20318 0)
(-3.26312 -3.49168 0)
(-2.81361 -3.64603 0)
(-2.26238 -3.61418 0)
(-1.72897 -3.44916 0)
(-1.21709 -3.19304 0)
(-0.612479 -2.82007 0)
(0.13403 -2.31908 0)
(0.975106 -1.74737 0)
(1.85769 -1.11774 0)
(2.73422 -0.434885 0)
(3.55643 0.259862 0)
(4.28436 0.959542 0)
(4.82456 1.59551 0)
(5.18754 2.20211 0)
(5.38805 2.70112 0)
(5.48103 3.09407 0)
(5.39781 3.27362 0)
(5.10097 3.14788 0)
(4.59756 2.7907 0)
(3.80188 2.26466 0)
(2.74846 1.60089 0)
(1.79223 0.865274 0)
(1.07532 0.281559 0)
(0.533285 -0.683046 0)
(-0.0806531 0.0172508 0)
(0.269437 -0.0936816 0)
(0.476854 0.0555287 0)
(0.664852 0.115956 0)
(0.869425 0.249953 0)
(0.927496 0.322541 0)
(0.827271 0.35655 0)
(0.591267 0.384219 0)
(0.35156 0.324818 0)
(0.250995 0.0437968 0)
(0.25142 -0.372739 0)
(0.190086 -0.797245 0)
(-0.0616391 -1.30969 0)
(-0.547689 -1.87649 0)
(-1.18868 -2.4499 0)
(-1.9113 -3.02859 0)
(-2.56893 -3.65952 0)
(-2.93789 -4.30689 0)
(-2.95952 -4.81449 0)
(-2.7213 -5.07421 0)
(-2.34824 -5.06682 0)
(-1.93517 -4.88989 0)
(-1.52885 -4.62816 0)
(-1.05828 -4.2839 0)
(-0.419804 -3.80545 0)
(0.353431 -3.20699 0)
(1.18554 -2.53693 0)
(2.02385 -1.80466 0)
(2.83255 -1.02821 0)
(3.5715 -0.227048 0)
(4.16266 0.533551 0)
(4.60457 1.25707 0)
(4.8993 1.84912 0)
(5.14066 2.36319 0)
(5.26623 2.73173 0)
(5.18456 2.88746 0)
(4.87178 2.85584 0)
(4.2544 2.64923 0)
(3.3634 2.25658 0)
(2.4696 1.6676 0)
(1.74679 1.17745 0)
(1.18192 0.133933 0)
(0.18834 -0.0479494 0)
(0.371252 -0.360688 0)
(0.425538 -0.207768 0)
(0.521746 -0.15227 0)
(0.680136 0.0424748 0)
(0.754576 0.206507 0)
(0.698794 0.353329 0)
(0.574331 0.425992 0)
(0.509304 0.322963 0)
(0.580403 -0.0092333 0)
(0.643593 -0.397093 0)
(0.649898 -0.809192 0)
(0.472683 -1.34662 0)
(0.0141997 -1.96592 0)
(-0.590874 -2.62979 0)
(-1.24664 -3.35817 0)
(-1.8553 -4.19149 0)
(-2.30593 -5.02635 0)
(-2.55204 -5.6888 0)
(-2.57396 -6.06799 0)
(-2.41658 -6.166 0)
(-2.13946 -6.05877 0)
(-1.80995 -5.81645 0)
(-1.42947 -5.49744 0)
(-0.911531 -5.06885 0)
(-0.245928 -4.50623 0)
(0.513157 -3.8265 0)
(1.29066 -3.06186 0)
(2.05324 -2.2324 0)
(2.78244 -1.37616 0)
(3.42464 -0.517516 0)
(3.93073 0.277564 0)
(4.32852 0.968702 0)
(4.68078 1.57987 0)
(4.9404 2.08178 0)
(5.00221 2.45621 0)
(4.83866 2.71953 0)
(4.40208 2.82078 0)
(3.71289 2.73344 0)
(2.96094 2.39584 0)
(2.33009 2.07347 0)
(1.7665 1.17528 0)
(0.27919 -0.321784 0)
(0.24423 -0.399535 0)
(0.217493 -0.00497574 0)
(0.325354 0.103657 0)
(0.483234 0.252172 0)
(0.565109 0.382859 0)
(0.59473 0.449473 0)
(0.632494 0.407013 0)
(0.760145 0.220933 0)
(0.92366 -0.0700116 0)
(1.03182 -0.363095 0)
(1.13275 -0.704398 0)
(1.07596 -1.21799 0)
(0.688673 -1.87356 0)
(0.162348 -2.61031 0)
(-0.403112 -3.44284 0)
(-0.965738 -4.35096 0)
(-1.50253 -5.23541 0)
(-1.96115 -5.99293 0)
(-2.24713 -6.52937 0)
(-2.3365 -6.82415 0)
(-2.26381 -6.89811 0)
(-2.07497 -6.78095 0)
(-1.78991 -6.51762 0)
(-1.36668 -6.11882 0)
(-0.823619 -5.58945 0)
(-0.209238 -4.92864 0)
(0.469575 -4.17285 0)
(1.18813 -3.34792 0)
(1.89831 -2.47164 0)
(2.56284 -1.58879 0)
(3.14018 -0.759177 0)
(3.64133 0.0115768 0)
(4.08659 0.703553 0)
(4.41398 1.32683 0)
(4.54511 1.90764 0)
(4.49534 2.43127 0)
(4.23173 2.81378 0)
(3.7647 3.03569 0)
(3.20991 3.0129 0)
(2.75018 2.9442 0)
(2.27675 2.36617 0)
(0.099453 0.0827923 0)
(0.0397066 0.369868 0)
(0.012283 0.507658 0)
(0.151964 0.52486 0)
(0.377535 0.527525 0)
(0.573971 0.517936 0)
(0.699827 0.447543 0)
(0.83383 0.311788 0)
(1.02197 0.134464 0)
(1.19936 -0.0480918 0)
(1.34623 -0.226598 0)
(1.56264 -0.441914 0)
(1.70549 -0.860262 0)
(1.46156 -1.50908 0)
(1.0311 -2.26144 0)
(0.548355 -3.10714 0)
(0.000867891 -3.97112 0)
(-0.594214 -4.7828 0)
(-1.21301 -5.53334 0)
(-1.71926 -6.16781 0)
(-2.03958 -6.6295 0)
(-2.19703 -6.91199 0)
(-2.219 -7.02065 0)
(-2.11934 -6.95975 0)
(-1.88606 -6.72864 0)
(-1.49299 -6.31744 0)
(-0.96836 -5.72981 0)
(-0.365495 -5.00785 0)
(0.290462 -4.20675 0)
(0.968123 -3.36885 0)
(1.63752 -2.51236 0)
(2.26763 -1.66872 0)
(2.83908 -0.862855 0)
(3.32352 -0.0949354 0)
(3.65361 0.649874 0)
(3.82388 1.38731 0)
(3.86623 2.07512 0)
(3.74666 2.6606 0)
(3.47948 3.13155 0)
(3.1278 3.41226 0)
(2.85603 3.60719 0)
(2.56982 3.50282 0)
(-0.0388965 0.446925 0)
(-0.0802789 0.543533 0)
(0.0212493 0.544185 0)
(0.258858 0.481654 0)
(0.494699 0.447956 0)
(0.688263 0.422859 0)
(0.84169 0.363474 0)
(0.992998 0.268126 0)
(1.16709 0.169633 0)
(1.33747 0.0803055 0)
(1.5109 0.00693277 0)
(1.8553 -0.0173239 0)
(2.24558 -0.235086 0)
(2.20651 -0.818164 0)
(1.86146 -1.50789 0)
(1.43735 -2.21273 0)
(0.841048 -2.98669 0)
(0.167249 -3.7104 0)
(-0.496398 -4.32952 0)
(-1.0984 -4.89759 0)
(-1.55963 -5.39781 0)
(-1.87872 -5.77475 0)
(-2.07534 -6.03244 0)
(-2.15731 -6.16269 0)
(-2.12539 -6.14791 0)
(-1.97053 -5.97417 0)
(-1.67547 -5.64605 0)
(-1.24097 -5.15037 0)
(-0.680205 -4.50374 0)
(-0.0304731 -3.75342 0)
(0.640364 -2.95956 0)
(1.29647 -2.15877 0)
(1.90178 -1.36268 0)
(2.39222 -0.565797 0)
(2.7311 0.220432 0)
(2.9676 0.99828 0)
(3.08164 1.73943 0)
(3.05987 2.42275 0)
(2.93174 3.03672 0)
(2.73481 3.54741 0)
(2.59208 3.92342 0)
(2.50149 4.34548 0)
(-0.198223 0.489045 0)
(-0.0439025 0.634187 0)
(0.107511 0.646983 0)
(0.300081 0.574417 0)
(0.51078 0.504374 0)
(0.71151 0.453712 0)
(0.890095 0.404856 0)
(1.05673 0.349436 0)
(1.22598 0.294282 0)
(1.39608 0.228771 0)
(1.52442 0.256709 0)
(1.85873 0.413132 0)
(2.57214 0.540288 0)
(2.88236 0.174214 0)
(2.56531 -0.51549 0)
(2.17378 -1.04743 0)
(1.62353 -1.61107 0)
(0.932724 -2.14364 0)
(0.20008 -2.63482 0)
(-0.493806 -3.179 0)
(-1.05576 -3.65298 0)
(-1.489 -4.0431 0)
(-1.80935 -4.33072 0)
(-2.01346 -4.51376 0)
(-2.11481 -4.59997 0)
(-2.09635 -4.57623 0)
(-1.95527 -4.43434 0)
(-1.69886 -4.16812 0)
(-1.31978 -3.77037 0)
(-0.809562 -3.27214 0)
(-0.197971 -2.70372 0)
(0.441679 -2.07576 0)
(1.01463 -1.41461 0)
(1.48332 -0.713643 0)
(1.83873 0.00182305 0)
(2.1115 0.716785 0)
(2.25321 1.41632 0)
(2.28131 2.10189 0)
(2.22592 2.7449 0)
(2.12289 3.38952 0)
(2.02925 3.83215 0)
(2.05694 4.71681 0)
(-0.487668 0.508962 0)
(-0.148814 0.808421 0)
(0.165878 0.959729 0)
(0.400987 0.876013 0)
(0.595556 0.720469 0)
(0.773096 0.611289 0)
(0.941477 0.542521 0)
(1.1087 0.488931 0)
(1.28263 0.429757 0)
(1.43663 0.344943 0)
(1.31023 0.371303 0)
(1.48345 0.573231 0)
(2.42952 0.999437 0)
(3.29551 1.12425 0)
(3.22893 0.622859 0)
(2.71864 0.0648221 0)
(2.14072 -0.336548 0)
(1.44875 -0.751046 0)
(0.730619 -1.10917 0)
(0.0492399 -1.5089 0)
(-0.585944 -1.91043 0)
(-1.13644 -2.23432 0)
(-1.55503 -2.5031 0)
(-1.85025 -2.70204 0)
(-2.05918 -2.80807 0)
(-2.14869 -2.83982 0)
(-2.10821 -2.80476 0)
(-1.95728 -2.69142 0)
(-1.67421 -2.50871 0)
(-1.27182 -2.23143 0)
(-0.763957 -1.89896 0)
(-0.14475 -1.56875 0)
(0.372834 -1.12117 0)
(0.795914 -0.5995 0)
(1.14381 -0.0302945 0)
(1.39591 0.56617 0)
(1.52192 1.17546 0)
(1.55249 1.804 0)
(1.50542 2.39846 0)
(1.43234 3.08374 0)
(1.31682 3.52098 0)
(1.30094 4.66721 0)
(-0.92007 0.415635 0)
(-0.692397 0.71457 0)
(0.0282904 1.11889 0)
(0.561719 1.21589 0)
(0.806235 1.0337 0)
(0.912326 0.819018 0)
(1.02363 0.692393 0)
(1.17431 0.630369 0)
(1.35458 0.573701 0)
(1.50668 0.53478 0)
(1.13498 0.486862 0)
(1.21096 0.660394 0)
(1.96292 1.0184 0)
(3.18609 1.56825 0)
(3.68755 1.59323 0)
(3.26337 1.12763 0)
(2.55278 0.737665 0)
(1.80308 0.40804 0)
(1.07608 0.115773 0)
(0.396641 -0.159046 0)
(-0.233407 -0.427474 0)
(-0.850752 -0.624521 0)
(-1.31097 -0.820013 0)
(-1.67718 -0.98101 0)
(-1.96276 -1.06729 0)
(-2.12745 -1.11083 0)
(-2.12893 -1.12854 0)
(-2.03698 -1.09573 0)
(-1.81808 -1.08078 0)
(-1.4788 -0.975798 0)
(-1.02596 -0.804812 0)
(-0.412543 -0.766599 0)
(0.00132503 -0.457591 0)
(0.312522 -0.128173 0)
(0.568128 0.264778 0)
(0.765728 0.7289 0)
(0.883179 1.23878 0)
(0.913161 1.78794 0)
(0.842719 2.33171 0)
(0.726539 2.95776 0)
(0.560163 3.44663 0)
(0.446552 4.39999 0)
(-0.570736 0.482018 0)
(-0.927756 0.184492 0)
(-0.45101 0.557087 0)
(0.424946 1.15043 0)
(0.983618 1.23635 0)
(1.13371 1.02363 0)
(1.14497 0.832736 0)
(1.23171 0.756925 0)
(1.39626 0.716166 0)
(1.54697 0.75039 0)
(1.15515 0.704806 0)
(1.0048 0.783803 0)
(1.48242 0.975722 0)
(2.68115 1.53475 0)
(3.64309 2.01587 0)
(3.61619 1.99696 0)
(2.97125 1.73308 0)
(2.16437 1.46264 0)
(1.36902 1.22469 0)
(0.632489 1.02548 0)
(-0.0491728 0.854174 0)
(-0.643279 0.712261 0)
(-1.12835 0.590733 0)
(-1.52079 0.49131 0)
(-1.84696 0.439889 0)
(-2.06118 0.382296 0)
(-2.07278 0.334958 0)
(-1.98422 0.296203 0)
(-1.79808 0.18016 0)
(-1.51691 0.148166 0)
(-1.1207 0.2361 0)
(-0.633262 0.24303 0)
(-0.281241 0.445872 0)
(-0.00699347 0.671787 0)
(0.202228 0.933075 0)
(0.321314 1.25738 0)
(0.366668 1.63617 0)
(0.346052 2.06448 0)
(0.246366 2.52472 0)
(0.123168 2.98716 0)
(-0.0280922 3.30265 0)
(0.0198511 3.61072 0)
(-0.489115 0.499954 0)
(-0.598025 0.356462 0)
(-0.874482 -0.150904 0)
(-0.0950045 0.621867 0)
(0.990803 1.16791 0)
(1.33587 1.10897 0)
(1.29738 0.927718 0)
(1.29918 0.855741 0)
(1.41122 0.814505 0)
(1.52631 0.859176 0)
(1.1472 0.84147 0)
(0.880511 0.845756 0)
(1.14887 1.00218 0)
(2.13418 1.43449 0)
(3.18229 2.02795 0)
(3.53125 2.40646 0)
(3.15677 2.49767 0)
(2.44323 2.42132 0)
(1.65804 2.29417 0)
(0.897735 2.16253 0)
(0.209896 2.05503 0)
(-0.398001 1.96219 0)
(-0.928673 1.87584 0)
(-1.36648 1.78691 0)
(-1.73981 1.67827 0)
(-1.97024 1.52461 0)
(-1.97995 1.40188 0)
(-1.86435 1.28067 0)
(-1.67946 1.1392 0)
(-1.44566 1.04985 0)
(-1.12212 1.01104 0)
(-0.76393 1.05784 0)
(-0.447421 1.18261 0)
(-0.211562 1.35215 0)
(-0.0594029 1.55098 0)
(0.0037154 1.78642 0)
(0.00203834 2.06178 0)
(-0.0561085 2.3768 0)
(-0.156525 2.69745 0)
(-0.214959 2.90715 0)
(-0.143005 3.01356 0)
(0.0527737 2.96084 0)
(-0.507338 0.399857 0)
(-0.472477 0.36692 0)
(-0.684216 0.166774 0)
(-0.934254 -0.0277017 0)
(0.546282 0.766022 0)
(1.30968 0.911261 0)
(1.37324 0.862942 0)
(1.35844 0.887472 0)
(1.44093 0.858967 0)
(1.52696 0.874575 0)
(1.08997 0.776016 0)
(0.765851 0.759477 0)
(0.895377 0.997532 0)
(1.6209 1.33266 0)
(2.52966 1.81962 0)
(3.05258 2.358 0)
(2.95387 2.75908 0)
(2.40655 2.96834 0)
(1.67127 3.04203 0)
(0.907842 3.03631 0)
(0.192444 2.99504 0)
(-0.451209 2.92674 0)
(-0.956351 2.824 0)
(-1.32967 2.69189 0)
(-1.60934 2.51665 0)
(-1.78196 2.30142 0)
(-1.81665 2.08097 0)
(-1.72624 1.90125 0)
(-1.5634 1.77185 0)
(-1.35608 1.66885 0)
(-1.10455 1.59369 0)
(-0.821468 1.58018 0)
(-0.560345 1.64342 0)
(-0.366761 1.76667 0)
(-0.257807 1.93575 0)
(-0.231657 2.12946 0)
(-0.261291 2.33563 0)
(-0.320263 2.55407 0)
(-0.368397 2.67393 0)
(-0.268931 2.65848 0)
(-0.0493983 2.60767 0)
(0.149026 2.44809 0)
(-0.513513 0.271315 0)
(-0.392112 0.266835 0)
(-0.556306 0.113627 0)
(-0.898146 -0.0668009 0)
(0.423196 0.00577968 0)
(1.09925 0.432243 0)
(1.24283 0.65602 0)
(1.32675 0.830241 0)
(1.47238 0.844703 0)
(1.59066 0.850365 0)
(1.14956 0.681265 0)
(0.658647 0.590028 0)
(0.675406 0.685365 0)
(1.18633 1.03667 0)
(1.92967 1.4732 0)
(2.42619 2.01921 0)
(2.46312 2.54913 0)
(2.10376 2.95085 0)
(1.52452 3.20433 0)
(0.875643 3.33257 0)
(0.253248 3.36246 0)
(-0.291911 3.31247 0)
(-0.745109 3.1946 0)
(-1.10003 3.03176 0)
(-1.35252 2.84334 0)
(-1.50565 2.63425 0)
(-1.56308 2.41617 0)
(-1.52905 2.21833 0)
(-1.41463 2.05756 0)
(-1.24147 1.93435 0)
(-1.03463 1.85651 0)
(-0.820492 1.83936 0)
(-0.632295 1.8891 0)
(-0.503723 2.00358 0)
(-0.443749 2.16304 0)
(-0.431479 2.31519 0)
(-0.4304 2.44143 0)
(-0.422411 2.50463 0)
(-0.348481 2.35566 0)
(-0.108356 2.1995 0)
(0.158998 2.06871 0)
(0.283039 1.80908 0)
(-0.472089 0.126151 0)
(-0.316296 0.108522 0)
(-0.480041 0.00452662 0)
(-0.744058 -0.0641784 0)
(0.168668 -0.291261 0)
(0.678951 0.168527 0)
(0.888891 0.414988 0)
(1.20403 0.687494 0)
(1.47738 0.774022 0)
(1.6582 0.807154 0)
(1.33374 0.707576 0)
(0.707959 0.48238 0)
(0.482037 0.37193 0)
(0.816941 0.672547 0)
(1.39981 1.09783 0)
(1.81575 1.60493 0)
(1.89387 2.14235 0)
(1.66346 2.60804 0)
(1.23837 2.94634 0)
(0.730848 3.14887 0)
(0.221028 3.23014 0)
(-0.243505 3.21335 0)
(-0.633583 3.12634 0)
(-0.937459 2.98937 0)
(-1.15744 2.81675 0)
(-1.29586 2.62203 0)
(-1.34965 2.42266 0)
(-1.32404 2.23428 0)
(-1.23957 2.07165 0)
(-1.12177 1.96134 0)
(-0.988474 1.92977 0)
(-0.852272 1.97333 0)
(-0.735978 2.06823 0)
(-0.664322 2.19407 0)
(-0.610207 2.30607 0)
(-0.520781 2.35222 0)
(-0.400378 2.32247 0)
(-0.316819 2.0913 0)
(-0.0964427 1.8237 0)
(0.19629 1.59005 0)
(0.432554 1.34068 0)
(0.367107 1.20804 0)
(-0.42508 -0.0361919 0)
(-0.268703 -0.0508874 0)
(-0.44719 -0.0612473 0)
(-0.562392 -0.133843 0)
(-0.054383 -0.3655 0)
(0.379462 0.0353622 0)
(0.553158 0.172156 0)
(0.994884 0.501132 0)
(1.39302 0.66887 0)
(1.64369 0.757569 0)
(1.50824 0.780009 0)
(0.954684 0.561585 0)
(0.492738 0.285154 0)
(0.510847 0.274239 0)
(0.866638 0.626095 0)
(1.19846 1.14153 0)
(1.32084 1.68213 0)
(1.20884 2.16377 0)
(0.931773 2.53725 0)
(0.570477 2.78303 0)
(0.186338 2.90825 0)
(-0.176791 2.93289 0)
(-0.496966 2.87753 0)
(-0.757824 2.76067 0)
(-0.949907 2.59812 0)
(-1.07431 2.41275 0)
(-1.13448 2.23122 0)
(-1.13788 2.07743 0)
(-1.10975 1.9789 0)
(-1.08161 1.9693 0)
(-1.04517 2.04704 0)
(-0.979529 2.15519 0)
(-0.885149 2.24262 0)
(-0.782467 2.27669 0)
(-0.625028 2.22036 0)
(-0.359589 2.11926 0)
(-0.18802 1.85254 0)
(-0.00257002 1.48852 0)
(0.300276 1.22589 0)
(0.55434 0.927915 0)
(0.588789 0.719331 0)
(0.312379 0.798416 0)
(-0.385261 -0.14012 0)
(-0.2698 -0.125465 0)
(-0.418139 -0.0970798 0)
(-0.362445 -0.260076 0)
(-0.122317 -0.397732 0)
(0.155402 0.0584498 0)
(0.224644 -0.0604993 0)
(0.747178 0.337288 0)
(1.21909 0.578717 0)
(1.5188 0.739619 0)
(1.55116 0.868871 0)
(1.22708 0.815506 0)
(0.764139 0.563626 0)
(0.495473 0.351787 0)
(0.489961 0.360392 0)
(0.62064 0.648929 0)
(0.708407 1.07356 0)
(0.673086 1.51799 0)
(0.530173 1.90097 0)
(0.314178 2.17743 0)
(0.0606785 2.33849 0)
(-0.203572 2.39326 0)
(-0.445937 2.35459 0)
(-0.639236 2.25566 0)
(-0.787984 2.13189 0)
(-0.910263 2.02646 0)
(-0.994252 1.95798 0)
(-1.05448 1.93751 0)
(-1.13161 1.99255 0)
(-1.21474 2.11578 0)
(-1.2074 2.21851 0)
(-1.07387 2.23093 0)
(-0.855932 2.12011 0)
(-0.611743 1.93531 0)
(-0.341361 1.61954 0)
(-0.0796691 1.44141 0)
(0.119877 1.18374 0)
(0.35889 0.808229 0)
(0.694197 0.521286 0)
(0.742556 0.293038 0)
(0.538924 0.33892 0)
(0.209277 0.465082 0)
(-0.358909 -0.0495008 0)
(-0.273404 -0.0158688 0)
(-0.324242 0.0090536 0)
(-0.265741 -0.107484 0)
(-0.507902 0.0952641 0)
(0.185633 0.228483 0)
(0.220998 0.039977 0)
(0.417475 0.127134 0)
(0.907737 0.373365 0)
(1.28283 0.648234 0)
(1.42765 0.890083 0)
(1.3214 1.01828 0)
(1.02495 0.96966 0)
(0.702342 0.819522 0)
(0.501305 0.692166 0)
(0.414678 0.703032 0)
(0.360531 0.846644 0)
(0.287794 1.08188 0)
(0.191669 1.32971 0)
(0.0775512 1.52862 0)
(-0.0675075 1.65127 0)
(-0.223792 1.69259 0)
(-0.387466 1.69646 0)
(-0.563447 1.69723 0)
(-0.749141 1.73132 0)
(-0.919384 1.82361 0)
(-1.05506 1.9477 0)
(-1.18828 2.05502 0)
(-1.3327 2.15209 0)
(-1.35985 2.16688 0)
(-1.16079 1.97034 0)
(-0.809383 1.70943 0)
(-0.443311 1.24053 0)
(-0.24091 0.970882 0)
(-0.207578 0.68955 0)
(-0.0427383 0.484526 0)
(0.505427 0.112855 0)
(0.797388 -0.00180336 0)
(0.866778 -0.160974 0)
(0.673918 -0.0747006 0)
(0.40712 0.0564606 0)
(0.141951 0.133731 0)
(-0.579684 0.353752 0)
(-0.416168 0.462546 0)
(-0.274468 0.63935 0)
(-0.433481 0.825954 0)
(-0.591801 0.586928 0)
(-0.108706 0.517701 0)
(0.363404 0.374229 0)
(0.44193 0.226275 0)
(0.675271 0.217152 0)
(0.951759 0.402468 0)
(1.12696 0.676363 0)
(1.1456 0.925279 0)
(1.02026 1.07229 0)
(0.810779 1.11435 0)
(0.596843 1.11065 0)
(0.406773 1.13909 0)
(0.238151 1.23429 0)
(0.110998 1.40811 0)
(0.0369266 1.61008 0)
(-0.0166192 1.7834 0)
(-0.0792847 1.87903 0)
(-0.201732 1.88195 0)
(-0.399308 1.85522 0)
(-0.643332 1.86751 0)
(-0.934175 1.98617 0)
(-1.14298 2.16511 0)
(-1.17814 2.22958 0)
(-1.22307 2.16101 0)
(-1.21619 1.8795 0)
(-0.964759 1.39656 0)
(-0.591152 0.743671 0)
(-0.381592 0.417538 0)
(-0.261716 0.186522 0)
(-0.13097 -0.0909888 0)
(0.199076 -0.396306 0)
(0.58125 -0.534706 0)
(0.757414 -0.658079 0)
(0.824828 -0.580707 0)
(0.72051 -0.457081 0)
(0.524161 -0.287776 0)
(0.314422 -0.194039 0)
(0.102838 -0.14749 0)
(-1.30038 0.499697 0)
(-0.784805 1.03801 0)
(-0.508492 1.04313 0)
(0.123874 1.14659 0)
(0.209236 0.29935 0)
(0.416079 0.172852 0)
(0.571946 0.321561 0)
(0.323506 0.532146 0)
(0.645633 0.580295 0)
(0.752837 0.582387 0)
(0.845612 0.709752 0)
(0.887165 0.89551 0)
(0.849818 1.06896 0)
(0.737109 1.18192 0)
(0.545192 1.26765 0)
(0.326403 1.38714 0)
(0.0887859 1.59082 0)
(-0.102443 1.90113 0)
(-0.162087 2.20354 0)
(-0.133755 2.40935 0)
(-0.133335 2.47594 0)
(-0.232753 2.40169 0)
(-0.43476 2.24655 0)
(-0.717899 2.08902 0)
(-1.12337 2.09097 0)
(-1.23441 1.87012 0)
(-0.946155 1.63455 0)
(-0.688876 1.18052 0)
(-0.433161 0.331639 0)
(-0.32278 -0.15164 0)
(-0.206561 -0.458703 0)
(-0.0833913 -0.7317 0)
(0.115153 -0.961879 0)
(0.370389 -1.17097 0)
(0.372221 -1.15945 0)
(0.487354 -1.1319 0)
(0.523251 -0.891993 0)
(0.548928 -0.690856 0)
(0.512257 -0.538301 0)
(0.392523 -0.452041 0)
(0.236706 -0.397811 0)
(0.076012 -0.363579 0)
(-0.938147 -1.35709 0)
(-0.400869 -1.57984 0)
(-0.142776 -1.7676 0)
(-0.157855 -1.79614 0)
(-0.179413 -1.68487 0)
(-0.148805 -1.51466 0)
(-0.00387299 -1.29902 0)
(0.363877 -1.0927 0)
(0.635221 -1.14625 0)
(0.589914 -0.598238 0)
(0.629521 -0.0564912 0)
(0.67364 0.370729 0)
(0.666546 0.678376 0)
(0.596213 0.883011 0)
(0.328008 1.02738 0)
(-0.0114717 1.20083 0)
(-0.459111 1.48436 0)
(-0.828614 1.70715 0)
(-0.584919 1.72679 0)
(-0.198359 1.69388 0)
(0.120989 1.59838 0)
(0.284152 1.40581 0)
(0.166516 1.12783 0)
(-0.318298 0.821568 0)
(-0.798406 0.566629 0)
(-0.42025 -0.682541 0)
(-0.339381 -0.654304 0)
(-0.0696321 -0.830568 0)
(0.0082381 -1.17379 0)
(0.0175367 -1.32232 0)
(0.125124 -1.41245 0)
(0.294165 -1.5817 0)
(0.284221 -1.57684 0)
(0.237463 -1.54046 0)
(0.207319 -1.34715 0)
(0.171954 -1.09553 0)
(0.241568 -0.794195 0)
(0.442424 -0.568903 0)
(0.516858 -0.504078 0)
(0.408363 -0.539486 0)
(0.23148 -0.533416 0)
(0.068322 -0.510497 0)
(-0.561862 -1.8346 0)
(-0.313071 -1.94337 0)
(-0.131432 -1.88605 0)
(-0.0551254 -1.8824 0)
(-0.0313587 -1.92303 0)
(0.0130147 -1.95932 0)
(0.0849269 -1.82232 0)
(0.200544 -1.60211 0)
(0.119604 -1.37449 0)
(-0.0967961 -1.14766 0)
(-0.0439252 -0.899955 0)
(0.127949 -0.521516 0)
(0.23818 -0.21929 0)
(0.70992 0.250434 0)
(0.340724 0.198571 0)
(0.0800966 0.154529 0)
(-0.109731 0.229717 0)
(-0.0530506 -0.859423 0)
(-0.0355191 -1.10953 0)
(-0.0505323 -1.17616 0)
(-0.0532787 -1.12836 0)
(-0.0316246 -1.00261 0)
(-0.0350998 -0.757858 0)
(-0.0627148 -0.807372 0)
(-0.0236177 -1.31461 0)
(-0.092664 -1.57096 0)
(-0.177632 -1.73203 0)
(-0.162493 -1.98066 0)
(-0.0635764 -1.78087 0)
(-0.0968979 -1.82183 0)
(0.126754 -1.81979 0)
(0.0786534 -1.8306 0)
(-0.0209101 -1.74229 0)
(-0.0652164 -1.66129 0)
(-0.0922318 -1.63614 0)
(-0.176283 -1.64006 0)
(-0.202916 -1.60125 0)
(0.144231 -1.36601 0)
(0.457533 -1.05238 0)
(0.337812 -0.856524 0)
(0.154605 -0.73482 0)
(0.0403166 -0.679031 0)
(-0.312193 -0.943331 0)
(-0.266049 -1.37221 0)
(-0.160306 -1.60236 0)
(-0.080136 -1.70118 0)
(-0.0864281 -1.74621 0)
(-0.228479 -1.81991 0)
(-0.36579 -1.98457 0)
(-0.112311 -2.04823 0)
(-0.0338153 -1.96253 0)
(-0.0742359 -1.97318 0)
(-0.0957374 -2.05053 0)
(-0.0838153 -2.24012 0)
(-0.107183 -2.2892 0)
(-0.0898686 -1.64929 0)
(-0.0920978 -1.50509 0)
(-0.0750097 -1.44713 0)
(-0.0406996 -1.4429 0)
(-0.00444175 -1.45482 0)
(0.0242006 -1.4689 0)
(0.049873 -1.48153 0)
(0.0770597 -1.48602 0)
(0.0987495 -1.47367 0)
(0.107718 -1.44227 0)
(0.103707 -1.40569 0)
(0.0905278 -1.37579 0)
(0.0650768 -1.35485 0)
(0.032933 -1.34894 0)
(0.0288552 -1.41697 0)
(0.136507 -1.63389 0)
(0.14857 -1.50042 0)
(0.1634 -1.39635 0)
(0.163694 -1.30554 0)
(0.163292 -1.2421 0)
(0.166706 -1.19971 0)
(0.163398 -1.16244 0)
(0.123612 -1.12806 0)
(0.0243104 -1.14378 0)
(-0.10251 -1.35922 0)
(0.0222793 -1.19952 0)
(0.0958782 -0.940592 0)
(0.0562416 -0.796212 0)
(0.0145426 -0.745466 0)
)
;

boundaryField
{
    leftWall
    {
        type            noSlip;
    }
    rightWall
    {
        type            noSlip;
    }
    lowerWall
    {
        type            noSlip;
    }
    atmosphere
    {
        type            pressureInletOutletVelocity;
        value           nonuniform List<vector> 
44
(
(0 -1.61615 0)
(0 -1.67635 0)
(0 -1.68966 0)
(0 -1.71671 0)
(0 -1.74509 0)
(0 -1.77548 0)
(0 -1.80843 0)
(0 -1.84435 0)
(0 -1.88329 0)
(0 -1.92472 0)
(0 -1.9671 0)
(0 -2.00623 0)
(0 -2.03595 0)
(0 -2.05268 0)
(0 -2.04886 0)
(0 -2.00384 0)
(0 -1.92752 0)
(0 -1.84043 0)
(0 -1.73319 0)
(0 -1.59047 0)
(0 -1.4008 0)
(0 -1.14141 0)
(0 -0.683046 0)
(1.18192 0.133933 0)
(1.7665 1.17528 0)
(2.27675 2.36617 0)
(2.56982 3.50282 0)
(2.50149 4.34548 0)
(2.05694 4.71681 0)
(1.30094 4.66721 0)
(0.446552 4.39999 0)
(0.0198511 3.61072 0)
(0.0527737 2.96084 0)
(0.149026 2.44809 0)
(0.283039 1.80908 0)
(0.367107 1.20804 0)
(0.312379 0.798416 0)
(0.209277 0.465082 0)
(0.141951 0.133731 0)
(0 -0.14749 0)
(0 -0.363579 0)
(0 -0.510497 0)
(0 -0.679031 0)
(0 -0.745466 0)
)
;
    }
    frontAndBack
    {
        type            empty;
    }
}


// ************************************************************************* //
