/*--------------------------------*- C++ -*----------------------------------*\
  =========                 |
  \\      /  F ield         | OpenFOAM: The Open Source CFD Toolbox
   \\    /   O peration     | Website:  https://openfoam.org
    \\  /    A nd           | Version:  13
     \\/     M anipulation  |
\*---------------------------------------------------------------------------*/
FoamFile
{
    format      ascii;
    class       volScalarField;
    location    "0.007";
    object      p;
}
// * * * * * * * * * * * * * * * * * * * * * * * * * * * * * * * * * * * * * //

dimensions      [1 -1 -2 0 0 0 0];

internalField   nonuniform List<scalar> 
8000
(
200339
199821
199755
199651
199542
199418
199281
199132
198976
198817
198659
198505
198357
198214
198077
197943
197811
197679
197548
197416
197284
197151
197015
196877
196733
196585
196429
196268
196101
195928
195752
195574
195395
195216
195039
194864
194693
194527
194364
194204
194047
193890
193733
193572
193407
193236
193059
192874
192682
192482
192274
192061
191841
191617
191389
191159
190927
190696
190466
190238
190012
189788
189565
189341
189116
188887
188651
188407
188151
187882
187598
187298
186979
186643
186288
185914
185523
185113
184686
184243
183784
183309
182818
182312
181790
181251
180694
180118
179521
178901
178256
177582
176879
176141
175368
174554
173700
172798
171850
170848
169795
168679
167506
166261
164951
163556
162087
160515
158856
157069
155175
153116
150922
148505
145911
143002
139855
136251
132332
127760
200338
199818
199751
199646
199536
199412
199276
199128
198974
198816
198660
198506
198358
198216
198078
197944
197811
197680
197548
197416
197283
197149
197014
196875
196732
196583
196428
196267
196100
195928
195753
195575
195396
195218
195041
194866
194696
194529
194366
194206
194048
193891
193733
193572
193407
193236
193058
192873
192681
192481
192274
192061
191842
191618
191390
191161
190930
190700
190470
190242
190016
189791
189568
189344
189118
188888
188651
188406
188150
187881
187596
187296
186977
186641
186286
185913
185522
185114
184688
184245
183787
183312
182822
182316
181794
181255
180699
180122
179525
178905
178260
177585
176881
176143
175369
174555
173700
172798
171850
170848
169795
168679
167506
166262
164952
163558
162089
160518
158859
157073
155179
153122
150927
148511
145915
143006
139854
136244
132313
127725
200337
199815
199746
199639
199529
199405
199270
199124
198972
198816
198661
198509
198361
198219
198081
197946
197813
197681
197549
197416
197283
197148
197012
196873
196730
196581
196427
196266
196100
195929
195754
195576
195398
195220
195043
194869
194699
194532
194369
194209
194051
193893
193734
193573
193407
193236
193058
192873
192680
192481
192274
192061
191843
191620
191393
191165
190935
190705
190476
190248
190022
189797
189573
189348
189121
188890
188652
188406
188149
187879
187594
187293
186975
186639
186285
185913
185523
185115
184690
184249
183791
183317
182828
182323
181802
181263
180706
180130
179533
178911
178265
177590
176886
176146
175372
174557
173701
172799
171851
170849
169796
168681
167508
166264
164955
163562
162094
160524
158865
157081
155187
153131
150936
148521
145922
143011
139852
136233
132281
127666
200337
199811
199739
199630
199519
199396
199262
199119
198969
198816
198663
198512
198365
198223
198084
197949
197815
197682
197549
197416
197282
197147
197010
196870
196727
196578
196424
196265
196100
195929
195755
195579
195401
195223
195047
194874
194703
194537
194374
194213
194054
193896
193736
193573
193407
193235
193057
192872
192680
192480
192274
192062
191845
191623
191398
191170
190942
190713
190484
190257
190030
189805
189580
189353
189125
188892
188653
188405
188147
187876
187591
187290
186972
186637
186284
185913
185524
185117
184694
184254
183798
183325
182837
182333
181812
181273
180717
180140
179542
178920
178273
177597
176891
176151
175375
174559
173703
172800
171852
170850
169797
168682
167510
166267
164959
163567
162100
160532
158874
157091
155198
153144
150948
148534
145932
143019
139849
136217
132236
127581
200337
199805
199730
199618
199506
199384
199252
199112
198966
198816
198665
198516
198370
198228
198089
197952
197818
197684
197550
197416
197281
197145
197007
196867
196723
196575
196422
196263
196099
195930
195757
195581
195404
195228
195052
194879
194709
194543
194379
194218
194058
193899
193738
193574
193407
193234
193056
192871
192679
192480
192274
192063
191847
191627
191403
191177
190950
190722
190494
190267
190041
189815
189588
189360
189130
188895
188654
188404
188144
187872
187587
187286
186968
186634
186282
185912
185525
185120
184699
184260
183806
183335
182848
182344
181824
181286
180730
180153
179554
178931
178283
177605
176898
176156
175379
174562
173705
172802
171853
170851
169798
168684
167513
166271
164964
163574
162107
160542
158885
157104
155212
153160
150963
148551
145945
143030
139846
136197
132179
127472
200337
199799
199721
199606
199493
199370
199241
199104
198962
198815
198667
198520
198375
198233
198094
197957
197821
197687
197552
197417
197281
197144
197005
196863
196719
196571
196418
196261
196098
195930
195759
195584
195408
195233
195058
194886
194716
194550
194386
194224
194063
193902
193740
193575
193407
193234
193055
192869
192677
192479
192275
192065
191850
191631
191410
191185
190960
190733
190506
190280
190053
189826
189598
189368
189136
188899
188655
188403
188142
187869
187582
187281
186964
186630
186280
185911
185526
185123
184704
184268
183815
183346
182861
182358
181839
181302
180745
180168
179568
178944
178294
177615
176906
176163
175384
174566
173708
172804
171854
170853
169800
168687
167516
166276
164970
163582
162117
160553
158898
157120
155228
153179
150981
148571
145960
143042
139844
136174
132112
127343
200337
199792
199711
199592
199478
199356
199229
199096
198957
198814
198669
198525
198381
198239
198100
197962
197825
197690
197554
197418
197280
197142
197002
196860
196715
196567
196415
196258
196097
195930
195760
195587
195413
195238
195065
194893
194724
194558
194393
194231
194069
193906
193743
193577
193407
193233
193053
192868
192676
192479
192275
192067
191854
191637
191417
191194
190970
190745
190519
190293
190066
189838
189609
189377
189142
188903
188657
188403
188139
187865
187577
187276
186959
186626
186277
185911
185527
185127
184710
184276
183826
183359
182875
182374
181856
181319
180762
180184
179584
178959
178307
177626
176915
176170
175390
174571
173711
172806
171857
170855
169802
168690
167520
166282
164977
163591
162127
160567
158913
157138
155247
153201
151003
148594
145978
143058
139841
136149
132037
127195
200338
199786
199701
199579
199463
199342
199217
199086
198951
198812
198671
198529
198387
198246
198106
197967
197830
197693
197556
197419
197280
197141
196999
196856
196711
196562
196411
196255
196095
195930
195762
195591
195418
195244
195072
194901
194732
194566
194401
194238
194075
193911
193746
193578
193407
193232
193052
192866
192675
192478
192276
192069
191858
191643
191425
191204
190982
190758
190533
190307
190080
189852
189621
189387
189150
188907
188659
188402
188137
187860
187572
187270
186954
186622
186275
185910
185529
185131
184716
184285
183837
183372
182890
182391
181874
181337
180781
180202
179601
178974
178321
177639
176926
176179
175397
174576
173715
172810
171859
170858
169805
168694
167525
166288
164985
163601
162140
160582
158929
157158
155268
153225
151026
148620
145999
143075
139840
136123
131955
127030
200338
199779
199691
199565
199448
199327
199204
199076
198945
198810
198672
198532
198392
198252
198112
197973
197835
197697
197559
197420
197281
197140
196997
196853
196706
196558
196406
196251
196093
195930
195763
195594
195423
195251
195080
194910
194742
194575
194410
194246
194081
193916
193749
193580
193408
193232
193051
192865
192674
192478
192277
192072
191862
191649
191433
191215
190994
190772
190548
190323
190095
189866
189633
189397
189158
188912
188661
188402
188134
187857
187567
187265
186949
186618
186272
185910
185531
185135
184723
184295
183849
183387
182907
182409
181893
181357
180800
180221
179619
178991
178336
177652
176937
176188
175404
174582
173720
172814
171863
170862
169809
168699
167531
166296
164994
163613
162153
160598
158948
157180
155291
153251
151052
148648
146022
143095
139840
136097
131868
126851
200340
199773
199683
199553
199435
199313
199191
199066
198938
198807
198673
198536
198397
198258
198119
197979
197840
197702
197562
197423
197282
197139
196995
196850
196702
196553
196402
196248
196090
195929
195764
195597
195428
195258
195088
194919
194751
194585
194419
194254
194088
193921
193753
193582
193409
193231
193050
192864
192673
192478
192278
192074
191867
191656
191442
191226
191007
190786
190563
190338
190110
189880
189646
189408
189166
188918
188664
188402
188133
187853
187563
187260
186944
186614
186270
185909
185533
185140
184731
184305
183862
183402
182924
182428
181913
181377
180821
180241
179638
179009
178352
177666
176949
176198
175413
174589
173726
172819
171867
170866
169814
168705
167538
166305
165004
163626
162168
160616
158967
157203
155315
153279
151080
148678
146047
143117
139843
136071
131777
126659
200341
199766
199674
199540
199421
199299
199178
199056
198931
198803
198672
198538
198402
198264
198125
197986
197846
197706
197566
197425
197283
197139
196994
196847
196699
196549
196397
196244
196087
195928
195765
195600
195433
195265
195096
194928
194761
194595
194428
194262
194095
193927
193757
193585
193409
193231
193049
192863
192673
192478
192280
192078
191872
191663
191451
191237
191020
190801
190579
190354
190126
189894
189659
189419
189174
188924
188667
188403
188131
187850
187558
187255
186940
186611
186267
185909
185535
185145
184738
184315
183875
183417
182942
182447
181933
181398
180842
180262
179658
179027
178369
177681
176962
176209
175422
174597
173732
172825
171872
170871
169820
168712
167546
166314
165015
163640
162184
160635
158988
157228
155342
153309
151110
148711
146075
143141
139847
136047
131684
126456
200343
199760
199666
199530
199409
199286
199166
199045
198924
198799
198671
198540
198406
198269
198131
197992
197852
197712
197570
197428
197285
197139
196993
196844
196695
196545
196393
196240
196084
195927
195766
195603
195438
195272
195105
194938
194771
194604
194438
194271
194102
193933
193761
193587
193411
193231
193048
192862
192672
192479
192282
192081
191877
191671
191461
191249
191033
190815
190594
190370
190141
189909
189672
189430
189183
188930
188671
188404
188130
187847
187554
187251
186935
186607
186265
185909
185537
185150
184746
184326
183888
183433
182960
182467
181954
181420
180863
180283
179678
179046
178386
177696
176975
176221
175432
174605
173739
172831
171878
170878
169826
168719
167554
166325
165028
163655
162200
160655
159011
157253
155369
153340
151142
148745
146105
143168
139854
136025
131590
126244
200344
199754
199659
199519
199397
199273
199154
199035
198916
198794
198670
198541
198409
198274
198137
197998
197858
197717
197575
197431
197287
197140
196992
196842
196692
196541
196389
196236
196081
195925
195766
195606
195443
195279
195113
194947
194781
194615
194448
194280
194110
193939
193766
193590
193412
193231
193048
192861
192672
192479
192284
192085
191883
191678
191471
191260
191047
190830
190610
190385
190157
189924
189685
189442
189192
188937
188675
188406
188130
187845
187551
187247
186932
186604
186264
185909
185540
185155
184754
184337
183902
183449
182978
182487
181975
181441
180885
180304
179698
179065
178403
177712
176989
176233
175442
174614
173747
172838
171885
170885
169833
168728
167564
166337
165041
163671
162218
160677
159034
157280
155398
153373
151175
148781
146137
143197
139863
136006
131495
126025
200346
199749
199653
199510
199386
199262
199143
199025
198908
198789
198668
198542
198412
198279
198143
198004
197864
197722
197580
197435
197289
197141
196991
196841
196689
196537
196384
196232
196078
195923
195767
195608
195448
195285
195122
194957
194792
194625
194457
194288
194118
193945
193770
193593
193414
193232
193048
192861
192672
192480
192286
192089
191889
191686
191480
191272
191060
190844
190625
190401
190172
189938
189698
189453
189201
188944
188679
188408
188130
187843
187548
187243
186928
186602
186262
185910
185543
185161
184763
184348
183916
183465
182996
182506
181996
181463
180906
180325
179718
179084
178421
177728
177004
176246
175454
174624
173756
172847
171893
170893
169842
168737
167574
166349
165055
163687
162237
160699
159058
157308
155428
153407
151209
148818
146171
143228
139876
135990
131401
125799
200348
199744
199647
199502
199376
199251
199132
199016
198900
198784
198665
198542
198415
198283
198148
198010
197870
197728
197584
197439
197292
197142
196991
196839
196687
196533
196381
196228
196075
195921
195767
195610
195452
195292
195130
194967
194802
194635
194467
194297
194125
193951
193775
193596
193416
193233
193048
192861
192673
192482
192288
192093
191895
191694
191490
191283
191073
190858
190639
190416
190187
189952
189711
189464
189211
188951
188684
188411
188130
187842
187546
187241
186925
186599
186262
185911
185546
185166
184771
184359
183929
183481
183014
182526
182016
181484
180928
180346
179738
179103
178439
177744
177018
176259
175465
174635
173766
172856
171901
170901
169851
168747
167585
166362
165070
163705
162257
160721
159083
157337
155459
153441
151245
148856
146207
143261
139891
135977
131309
125568
200350
199740
199643
199495
199368
199242
199123
199007
198893
198778
198662
198541
198416
198287
198153
198016
197876
197734
197589
197443
197295
197144
196992
196838
196684
196530
196377
196224
196072
195920
195766
195612
195456
195298
195138
194976
194812
194645
194477
194306
194133
193957
193780
193600
193418
193234
193048
192862
192673
192483
192291
192097
191901
191702
191500
191294
191085
190872
190654
190430
190201
189965
189724
189475
189220
188958
188689
188414
188131
187842
187544
187238
186923
186598
186261
185912
185549
185172
184779
184370
183943
183497
183032
182545
182037
181505
180949
180367
179759
179122
178457
177761
177033
176273
175478
174646
173776
172865
171911
170911
169861
168758
167597
166376
165085
163723
162277
160745
159109
157366
155491
153476
151282
148895
146244
143296
139910
135967
131219
125334
200352
199735
199638
199488
199360
199233
199113
198998
198885
198773
198658
198540
198417
198290
198158
198021
197882
197739
197594
197447
197298
197146
196992
196838
196682
196528
196374
196221
196069
195918
195766
195614
195460
195304
195146
194985
194821
194655
194486
194315
194140
193964
193784
193603
193420
193235
193049
192862
192674
192485
192294
192102
191907
191710
191509
191305
191097
190885
190667
190444
190215
189979
189736
189486
189229
188965
188694
188417
188133
187842
187543
187237
186921
186597
186261
185913
185553
185178
184788
184381
183956
183513
183049
182564
182057
181526
180970
180388
179778
179141
178474
177777
177048
176287
175490
174658
173787
172876
171921
170921
169871
168770
167610
166391
165102
163742
162298
160769
159136
157396
155523
153512
151319
148935
146283
143333
139932
135962
131132
125098
200355
199732
199635
199483
199354
199226
199106
198990
198878
198767
198655
198539
198418
198293
198162
198026
197887
197745
197599
197451
197301
197148
196993
196837
196681
196525
196371
196218
196066
195916
195766
195615
195464
195310
195153
194994
194831
194665
194496
194323
194148
193970
193789
193607
193422
193237
193050
192863
192676
192487
192298
192106
191913
191717
191518
191316
191109
190898
190681
190458
190228
189991
189748
189496
189238
188972
188700
188421
188135
187842
187543
187236
186920
186596
186261
185915
185556
185184
184796
184392
183969
183528
183066
182583
182076
181546
180990
180408
179798
179160
178492
177794
177064
176301
175503
174670
173798
172887
171932
170932
169883
168783
167624
166406
165119
163761
162320
160794
159163
157427
155556
153548
151357
148976
146323
143371
139957
135962
131050
124862
200356
199728
199632
199478
199348
199219
199098
198983
198872
198762
198651
198537
198419
198295
198166
198031
197893
197750
197604
197456
197304
197150
196994
196837
196680
196523
196368
196215
196064
195914
195765
195617
195467
195315
195160
195002
194840
194674
194505
194332
194155
193976
193794
193610
193425
193238
193052
192865
192677
192489
192301
192111
191919
191725
191527
191326
191121
190910
190694
190471
190241
190004
189759
189507
189247
188980
188705
188425
188137
187843
187543
187235
186920
186596
186262
185917
185560
185190
184804
184402
183982
183543
183083
182601
182095
181566
181010
180428
179817
179179
178510
177811
177079
176316
175517
174683
173810
172899
171943
170944
169895
168796
167638
166422
165136
163781
162342
160819
159190
157457
155589
153585
151396
149018
146365
143412
139985
135965
130974
124625
200359
199725
199631
199475
199343
199213
199092
198976
198865
198757
198648
198536
198419
198297
198169
198036
197898
197755
197609
197460
197307
197152
196995
196837
196679
196522
196366
196212
196062
195913
195765
195618
195470
195320
195167
195010
194849
194683
194513
194340
194162
193982
193799
193614
193428
193241
193053
192866
192679
192492
192304
192115
191925
191732
191536
191336
191131
190922
190706
190483
190253
190016
189770
189517
189255
188987
188711
188429
188140
187845
187544
187236
186920
186596
186263
185920
185564
185196
184812
184413
183995
183557
183099
182618
182114
181585
181029
180447
179836
179197
178527
177827
177095
176330
175531
174696
173823
172911
171955
170957
169908
168810
167653
166439
165155
163802
162364
160844
159218
157488
155622
153621
151435
149059
146407
143453
140016
135973
130902
124391
200361
199722
199629
199471
199339
199208
199086
198970
198860
198752
198644
198534
198419
198299
198172
198040
197903
197760
197614
197464
197311
197155
196997
196837
196678
196520
196364
196210
196059
195911
195765
195619
195473
195325
195173
195017
194857
194692
194522
194348
194169
193988
193804
193618
193430
193243
193055
192868
192681
192495
192308
192120
191931
191739
191544
191345
191142
190933
190717
190495
190265
190027
189781
189526
189264
188994
188717
188433
188143
187847
187545
187236
186920
186597
186265
185922
185569
185202
184820
184423
184007
183571
183115
182635
182132
181603
181048
180466
179855
179215
178544
177843
177110
176345
175544
174709
173835
172923
171968
170970
169922
168824
167669
166456
165173
163823
162387
160869
159246
157519
155656
153658
151474
149102
146450
143496
140051
135986
130836
124159
200363
199720
199628
199469
199336
199204
199081
198965
198855
198748
198641
198533
198419
198301
198176
198044
197907
197765
197619
197468
197314
197157
196998
196838
196678
196519
196362
196208
196058
195910
195765
195621
195476
195329
195179
195024
194865
194700
194530
194355
194176
193994
193809
193622
193433
193245
193057
192870
192684
192497
192311
192125
191936
191746
191552
191354
191152
190943
190728
190506
190276
190038
189791
189536
189272
189001
188723
188438
188147
187850
187546
187237
186921
186598
186267
185925
185573
185208
184828
184433
184019
183585
183130
182652
182149
181621
181066
180484
179872
179232
178561
177860
177126
176360
175559
174723
173849
172937
171981
170983
169936
168839
167685
166473
165192
163844
162411
160895
159274
157550
155690
153695
151514
149144
146494
143540
140088
136003
130777
123931
200365
199718
199628
199468
199334
199201
199077
198960
198850
198744
198638
198531
198419
198302
198178
198048
197912
197770
197623
197472
197317
197159
197000
196839
196678
196518
196361
196207
196056
195909
195765
195622
195478
195333
195185
195031
194872
194708
194538
194363
194183
193999
193813
193625
193436
193248
193059
192872
192686
192500
192315
192129
191942
191752
191560
191363
191161
190953
190739
190517
190286
190048
189800
189544
189280
189008
188729
188443
188151
187852
187548
187239
186923
186600
186269
185929
185578
185214
184836
184442
184030
183598
183144
182667
182166
181638
181084
180501
179890
179249
178577
177876
177141
176374
175573
174737
173862
172950
171995
170997
169950
168855
167701
166491
165212
163865
162434
160921
159302
157581
155723
153732
151553
149186
146539
143585
140128
136025
130725
123708
200367
199716
199628
199467
199332
199198
199073
198956
198846
198740
198636
198530
198419
198304
198181
198052
197916
197774
197627
197476
197320
197162
197001
196840
196678
196518
196360
196206
196055
195909
195765
195623
195481
195337
195190
195037
194879
194715
194545
194370
194189
194005
193818
193629
193440
193250
193062
192875
192689
192503
192319
192133
191947
191759
191567
191371
191170
190963
190749
190527
190296
190057
189810
189553
189288
189015
188735
188448
188155
187855
187551
187241
186925
186602
186271
185932
185582
185220
184844
184452
184041
183611
183158
182682
182182
181655
181100
180518
179907
179266
178594
177891
177156
176389
175587
174751
173876
172964
172009
171012
169965
168871
167718
166510
165232
163887
162458
160947
159330
157612
155757
153768
151593
149229
146584
143631
140170
136051
130681
123490
200369
199715
199628
199466
199331
199196
199071
198953
198843
198737
198634
198529
198420
198305
198183
198055
197920
197778
197632
197480
197324
197164
197003
196841
196679
196518
196360
196205
196055
195908
195765
195624
195483
195341
195195
195043
194886
194722
194552
194376
194195
194010
193822
193633
193443
193253
193064
192877
192691
192506
192322
192138
191952
191765
191574
191379
191178
190972
190758
190536
190306
190067
189818
189561
189296
189022
188741
188453
188159
187859
187554
187243
186927
186604
186274
185936
185587
185226
184852
184461
184052
183623
183172
182697
182197
181671
181117
180535
179923
179282
178609
177907
177171
176404
175601
174765
173890
172978
172023
171026
169980
168887
167735
166528
165252
163909
162481
160973
159359
157643
155790
153805
151632
149271
146629
143677
140215
136081
130644
123278
200371
199713
199629
199466
199330
199195
199069
198951
198840
198735
198632
198528
198420
198306
198186
198058
197924
197782
197635
197483
197327
197167
197005
196842
196679
196518
196360
196205
196054
195908
195766
195625
195486
195344
195199
195049
194893
194729
194559
194383
194201
194016
193827
193637
193446
193256
193067
192880
192694
192510
192326
192142
191957
191770
191580
191386
191186
190980
190767
190545
190315
190075
189827
189569
189303
189029
188747
188458
188163
187862
187557
187246
186929
186607
186277
185940
185592
185232
184859
184470
184062
183635
183184
182711
182211
181686
181132
180550
179938
179297
178625
177922
177186
176418
175616
174779
173904
172992
172037
171041
169996
168903
167753
166547
165272
163931
162505
160999
159387
157674
155824
153841
151671
149313
146674
143724
140261
136115
130616
123074
200372
199713
199630
199467
199330
199194
199067
198949
198838
198733
198630
198527
198420
198307
198188
198061
197927
197786
197639
197487
197330
197170
197007
196843
196680
196519
196360
196205
196054
195908
195766
195627
195488
195347
195204
195054
194898
194736
194566
194389
194207
194021
193831
193641
193450
193259
193070
192883
192697
192513
192329
192146
191962
191776
191586
191393
191194
190988
190775
190553
190323
190083
189835
189577
189310
189035
188753
188463
188168
187866
187560
187249
186932
186610
186281
185944
185597
185239
184866
184478
184072
183646
183197
182724
182225
181700
181147
180565
179954
179312
178640
177937
177201
176433
175630
174793
173918
173006
172052
171056
170011
168920
167770
166566
165292
163953
162529
161025
159415
157704
155857
153877
151710
149355
146719
143771
140310
136153
130597
122877
200374
199713
199631
199468
199331
199194
199066
198947
198836
198731
198629
198526
198420
198309
198190
198064
197931
197790
197643
197490
197333
197172
197009
196845
196681
196519
196360
196205
196055
195909
195767
195628
195490
195351
195208
195059
194904
194742
194572
194395
194213
194026
193836
193645
193453
193262
193073
192886
192700
192516
192333
192150
191967
191781
191592
191399
191201
190995
190782
190561
190331
190091
189842
189584
189317
189042
188758
188468
188172
187870
187564
187252
186935
186613
186284
185948
185602
185245
184874
184487
184082
183656
183209
182737
182239
181714
181161
180580
179968
179327
178654
177951
177215
176447
175644
174807
173932
173021
172067
171072
170027
168937
167788
166585
165312
163975
162552
161051
159443
157735
155889
153912
151748
149396
146764
143819
140360
136195
130586
122691
200375
199713
199632
199469
199331
199194
199066
198946
198835
198730
198628
198526
198421
198310
198193
198067
197934
197793
197646
197493
197336
197175
197011
196847
196683
196520
196361
196206
196055
195910
195768
195630
195492
195354
195212
195064
194909
194747
194577
194400
194218
194030
193840
193648
193456
193265
193076
192888
192703
192519
192336
192154
191971
191786
191598
191405
191207
191002
190789
190568
190338
190098
189849
189591
189323
189048
188764
188474
188177
187875
187567
187256
186939
186617
186288
185952
185607
185251
184881
184495
184091
183667
183220
182749
182252
181728
181175
180594
179982
179341
178669
177965
177229
176461
175658
174822
173947
173036
172082
171087
170044
168953
167806
166604
165333
163997
162576
161076
159470
157764
155922
153947
151787
149438
146809
143867
140411
136239
130586
122516
200377
199714
199634
199470
199332
199194
199066
198946
198834
198729
198627
198526
198421
198312
198195
198070
197937
197797
197650
197497
197339
197177
197014
196849
196684
196522
196362
196207
196056
195910
195769
195631
195494
195357
195215
195068
194914
194753
194583
194406
194223
194035
193844
193652
193460
193269
193079
192892
192706
192523
192340
192158
191975
191791
191603
191411
191213
191009
190796
190575
190345
190106
189856
189598
189330
189054
188770
188479
188182
187879
187571
187260
186943
186621
186292
185957
185612
185257
184888
184503
184100
183677
183231
182760
182264
181740
181188
180607
179996
179355
178682
177979
177243
176475
175672
174836
173961
173050
172097
171103
170060
168971
167824
166623
165353
164019
162599
161101
159497
157794
155954
153982
151824
149478
146854
143914
140463
136287
130595
122360
200378
199715
199635
199472
199334
199195
199066
198945
198833
198728
198627
198526
198422
198313
198197
198073
197940
197800
197653
197500
197342
197180
197016
196851
196686
196523
196363
196208
196057
195912
195771
195633
195497
195359
195219
195072
194919
194757
194588
194411
194227
194039
193848
193656
193463
193272
193082
192894
192709
192526
192343
192162
191979
191795
191608
191416
191219
191015
190803
190582
190352
190112
189863
189604
189336
189059
188775
188484
188186
187883
187576
187263
186946
186624
186297
185962
185618
185263
184894
184510
184108
183686
183241
182771
182275
181753
181201
180620
180009
179368
178696
177993
177257
176489
175686
174850
173975
173065
172112
171118
170076
168987
167842
166642
165373
164040
162623
161126
159524
157823
155985
154016
151861
149518
146898
143961
140515
136338
130613
122226
200379
199717
199637
199474
199335
199196
199066
198945
198833
198728
198627
198526
198423
198315
198199
198075
197943
197803
197656
197503
197344
197183
197018
196853
196688
196525
196365
196209
196058
195913
195772
195635
195499
195362
195222
195076
194923
194762
194593
194416
194232
194044
193853
193660
193467
193275
193085
192898
192712
192529
192347
192166
191983
191800
191613
191422
191225
191021
190809
190588
190358
190118
189869
189610
189342
189065
188781
188489
188191
187888
187580
187268
186951
186629
186301
185966
185623
185269
184901
184518
184117
183695
183251
182782
182287
181764
181213
180633
180022
179381
178709
178006
177270
176502
175700
174864
173990
173079
172127
171134
170092
169004
167859
166661
165393
164061
162645
161151
159551
157851
156016
154049
151897
149557
146941
144008
140568
136391
130640
122120
200379
199718
199638
199476
199336
199197
199067
198946
198834
198728
198627
198527
198424
198316
198201
198078
197946
197806
197659
197505
197347
197185
197021
196855
196690
196527
196366
196210
196060
195914
195774
195637
195501
195365
195225
195080
194927
194766
194597
194420
194236
194048
193856
193663
193470
193278
193088
192901
192715
192532
192350
192169
191987
191804
191617
191426
191230
191026
190814
190594
190364
190124
189875
189616
189348
189071
188786
188494
188196
187893
187584
187272
186955
186633
186305
185971
185628
185274
184907
184525
184125
183704
183260
182792
182297
181775
181224
180644
180034
179394
178722
178019
177283
176516
175713
174877
174003
173093
172141
171149
170108
169021
167877
166679
165413
164082
162668
161175
159576
157878
156045
154080
151931
149594
146983
144054
140621
136448
130677
122054
200380
199722
199640
199479
199339
199199
199069
198947
198834
198729
198628
198528
198426
198318
198203
198080
197948
197809
197662
197508
197350
197188
197023
196858
196692
196528
196368
196212
196061
195916
195775
195638
195503
195367
195228
195083
194931
194771
194602
194425
194241
194052
193860
193667
193474
193282
193092
192904
192719
192535
192354
192172
191991
191808
191622
191431
191235
191031
190820
190599
190369
190130
189880
189621
189353
189076
188791
188499
188201
187897
187589
187277
186959
186638
186310
185976
185633
185280
184914
184532
184132
183712
183269
182802
182307
181786
181235
180656
180046
179406
178734
178031
177296
176529
175727
174891
174017
173108
172156
171164
170124
169037
167894
166697
165432
164103
162689
161198
159601
157905
156074
154112
151966
149633
147026
144101
140674
136506
130719
122036
200380
199724
199641
199480
199340
199200
199069
198947
198835
198729
198629
198529
198427
198320
198205
198082
197951
197811
197664
197511
197353
197190
197026
196860
196694
196531
196370
196214
196063
195918
195777
195640
195505
195370
195231
195086
194934
194774
194605
194428
194245
194056
193863
193670
193477
193285
193095
192907
192722
192538
192357
192176
191994
191811
191625
191435
191239
191036
190824
190604
190374
190135
189886
189627
189358
189081
188796
188504
188206
187902
187594
187281
186964
186642
186314
185981
185638
185286
184920
184539
184139
183720
183277
182811
182317
181796
181246
180667
180057
179417
178746
178044
177308
176541
175739
174903
174030
173120
172169
171178
170138
169053
167911
166715
165451
164123
162711
161219
159622
157925
156093
154132
151988
149657
147052
144131
140709
136545
130754
122064
200380
199729
199644
199484
199343
199203
199072
198949
198836
198731
198630
198530
198428
198321
198207
198084
197953
197814
197667
197514
197355
197193
197028
196862
196697
196533
196372
196216
196065
195919
195779
195642
195507
195372
195234
195090
194938
194778
194609
194432
194249
194060
193867
193674
193480
193288
193098
192910
192725
192542
192360
192179
191998
191815
191629
191439
191243
191040
190829
190609
190379
190140
189891
189632
189364
189086
188801
188509
188211
187907
187598
187286
186968
186647
186319
185986
185644
185292
184926
184546
184147
183728
183286
182820
182326
181806
181256
180678
180068
179429
178757
178055
177320
176553
175751
174916
174043
173135
172184
171193
170155
169070
167929
166735
165472
164146
162735
161245
159651
157957
156129
154171
152030
149701
147101
144184
140770
136616
130816
122163
200379
199732
199644
199485
199344
199204
199072
198950
198837
198731
198631
198531
198430
198323
198209
198087
197956
197816
197670
197516
197358
197195
197031
196865
196699
196535
196374
196218
196066
195921
195781
195644
195509
195374
195236
195092
194941
194781
194613
194436
194252
194063
193870
193677
193483
193291
193101
192913
192728
192544
192363
192182
192001
191818
191633
191443
191247
191044
190833
190613
190384
190144
189895
189636
189368
189091
188806
188514
188215
187911
187602
187289
186972
186651
186324
185990
185649
185297
184932
184552
184153
183735
183293
182827
182334
181814
181265
180687
180078
179439
178768
178066
177331
176562
175759
174922
174049
173140
172190
171200
170161
169077
167936
166740
165476
164147
162736
161246
159654
157964
156141
154186
152048
149721
147123
144208
140797
136650
130851
122238
200378
199740
199647
199489
199347
199207
199075
198953
198839
198733
198633
198533
198432
198325
198211
198088
197958
197819
197672
197518
197360
197197
197032
196866
196701
196537
196376
196219
196068
195923
195782
195646
195511
195376
195238
195095
194944
194784
194616
194439
194255
194066
193874
193680
193487
193294
193104
192916
192731
192548
192366
192186
192005
191822
191637
191447
191251
191048
190837
190618
190388
190149
189900
189641
189373
189096
188811
188519
188220
187916
187607
187294
186977
186655
186329
185996
185654
185303
184938
184558
184161
183742
183301
182836
182344
181824
181276
180698
180089
179451
178781
178079
177345
176577
175775
174940
174067
173158
172208
171218
170180
169097
167956
166763
165501
164176
162767
161281
159691
158002
156179
154225
152089
149766
147174
144265
140866
136732
130942
122371
200376
199741
199648
199489
199348
199207
199076
198953
198840
198734
198633
198534
198433
198328
198213
198089
197957
197817
197671
197518
197359
197197
197032
196866
196701
196536
196375
196219
196067
195922
195781
195645
195511
195376
195238
195095
194947
194787
194618
194441
194258
194069
193876
193682
193489
193296
193106
192918
192733
192550
192368
192188
192007
191824
191639
191449
191254
191051
190841
190621
190392
190153
189904
189645
189377
189100
188815
188523
188224
187920
187608
187290
186969
186646
186318
185984
185642
185290
184925
184545
184146
183728
183286
182821
182328
181808
181258
180680
180070
179431
178759
178057
177321
176555
175755
174922
174051
173143
172194
171204
170166
169082
167942
166749
165487
164162
162753
161266
159676
157986
156163
154210
152075
149753
147164
144257
140863
136734
130940
122381
200375
199755
199652
199495
199353
199213
199080
198957
198844
198738
198637
198537
198436
198329
198216
198094
197964
197825
197679
197526
197367
197205
197040
196874
196708
196544
196383
196226
196075
195929
195788
195652
195517
195383
195245
195101
194951
194792
194624
194447
194263
194074
193882
193688
193495
193302
193112
192924
192738
192555
192373
192193
192012
191830
191644
191455
191259
191057
190846
190627
190398
190159
189910
189652
189384
189107
188822
188530
188232
187928
187619
187307
186990
186669
186342
186009
185668
185316
184952
184573
184176
183759
183319
182854
182363
181845
181297
180720
180112
179475
178805
178105
177372
176607
175808
174975
174104
173198
172249
171261
170225
169144
168006
166815
165556
164234
162829
161346
159760
158075
156257
154309
152181
149866
147285
144389
141010
136909
131163
122835
124921
124010
123072
122091
121070
120005
118897
117742
116539
115290
114001
112689
111309
109863
108382
106812
105190
103531
101831
100087
98298.9
96467.3
94594.4
92683.6
90737.6
88760.8
86756
84728.3
82680.7
80618.7
78545.3
76466.6
74385.2
72307.6
70235.9
68176.6
66131.1
64106.1
62102.1
60125.5
58176
56259.9
54376
52530.3
50720.7
48953
47224.6
45540.9
43898.3
42302.2
40746.8
39236.4
37762.9
36326.4
34918.7
33539.1
32178.8
30853.3
29554.8
28328.7
27175.5
26099.7
25107.3
24201.1
23357.1
22619.4
21955.4
21373.1
20884
20486
20186.5
19921.9
19768.4
19808.2
19977.6
20279.5
20743.5
21539.2
14598.2
2.26565e+06
124870
123953
123008
122020
120990
119917
118797
117632
116413
115146
113812
112464
111078
109649
108146
106577
104954
103283
101566
99804.6
97998.6
96150.6
94262.4
92337.8
90379.2
88391.2
86376.7
84340.8
82286.5
80219.7
78143.2
76063.1
73982.1
71906.5
69838.3
67783.9
65744.8
63727.2
61731.6
59764.3
57824.9
55919.4
54046.6
52212.3
50414.3
48658.4
46941.3
45269
43635.5
42046.5
40493.9
38980.6
37498.1
36050
34627.4
33247.6
31902.1
30623.4
29411.9
28285.9
27218.2
26224.7
25268
24428.5
23626.2
22915.7
22291.6
21763.5
21280.6
20962.3
20694.1
20668
20705.2
20832.1
21000.6
21210.7
21350.7
21599.1
14226.5
2.32013e+06
124785
123858
122901
121900
120857
119769
118635
117453
116223
114943
113618
112235
110805
109350
107799
106209
104566
102870
101124
99335
97502.9
95631
93720.9
91776.3
89799.5
87795.5
85767
83719.6
81656.3
79582.9
77502.4
75420.8
73340.7
71268.2
69205.3
67158.1
65128
63120.7
61136.9
59182.4
57256.8
55365.7
53508
51689
49906.7
48166.3
46463.7
44803.7
43179.6
41593.9
40039.5
38517.8
37022.6
35570.5
34154
32808.7
31540.7
30357.9
29281
28250.6
27276.6
26392.5
25534.8
24756.9
24102.7
23446.1
22917.7
22523.1
22145.2
21931.3
21796.8
21822.8
21823.1
21900.5
21885.7
21899.4
21833.6
21808.8
14453.1
2.25485e+06
124663
123719
122746
121727
120663
119553
118396
117189
115934
114628
113275
111852
110379
108859
107284
105664
103990
102259
100478
98651.3
96783.8
94878.4
92937.1
90964
88961.6
86935.1
84887.4
82824.4
80749
78667.3
76582.2
74499.5
72421.9
70355
68300.8
66265
64248.9
62257.7
60292.2
58357.3
56453
54583.9
52749.3
50953.3
49193.9
47474.7
45790.7
44143.2
42527.1
40941.2
39382.5
37863.3
36380.1
34972.5
33642.8
32407.4
31304
30258.1
29284.7
28375
27486.4
26710.3
26030.6
25319.6
24821.6
24372.2
23918.7
23749.9
23560.5
23416.7
23326.7
23233.3
23047.4
22910.9
22718.2
22526.6
22287.5
22109.4
14672.9
2.24003e+06
124507
123541
122546
121502
120411
119273
118083
116843
115551
114207
112811
111347
109837
108257
106634
104964
103242
101467
99640.1
97768.7
95856.9
93909.5
91929.3
89921
87887.5
85834.2
83764.3
81683.7
79595.5
77505.7
75417
73335.3
71262.8
69205.1
67163.8
65144
63147
61177.2
59235.5
57325.8
55448.4
53606.3
51799.4
50029.8
48295
46595
44926.1
43285.2
41673.6
40093.9
38553.1
37082.4
35692.6
34406.4
33261.1
32187.6
31213.5
30309.6
29411.4
28656
27948.9
27244.8
26781.2
26269.4
25862
25719.6
25411.7
25280.3
25197
24950.8
24705.2
24458
24116.1
23765.7
23411.5
23087.5
22732.4
22475.4
15010.6
2.23707e+06
124319
123327
122305
121230
120106
118931
117703
116420
115082
113690
112242
110732
109165
107524
105838
104107
102327
100496
98616.5
96692.5
94729.2
92733.1
90707.8
88659.3
86590.6
84507.8
82414
80315.2
78214.6
76118
74028
71950.1
69886.4
67841.7
65817.8
63818.8
61846
59902.7
57990
56110.3
54264.1
52452.7
50675.8
48931.8
47219.5
45532.9
43876.3
42247
40657
39130.3
37685.9
36355
35166.9
34067.6
33098.8
32186.8
31285.2
30544
29809.4
29152.1
28702.1
28152.1
27851.9
27683.2
27344.2
27290.4
27125.3
26814.7
26589.7
26274.7
25853.8
25448.7
25026.9
24588.2
24145.6
23739.6
23306.1
22985.9
15539.2
2.22917e+06
124103
123078
122024
120913
119750
118532
117256
115923
114530
113080
111573
110012
108367
106658
104900
103098
101248
99352.2
97409.9
95426
93405.3
91355.2
89280.7
87188.2
85082.1
82968.2
80850.3
78734
76622.7
74521.5
72433.4
70362.7
68311.8
66284.4
64282.4
62308.6
60364.5
58452
56572.1
54725.6
52912.5
51132.4
49383.7
47661.4
45969.4
44300.9
42676
41106.9
39615.4
38249.9
37020
35902.5
34932.2
34001.3
33126.8
32391.1
31629.9
31021.2
30551.4
30005.6
29806.2
29563.9
29293
29282.2
29025.9
28737
28510.9
28128.3
27685.2
27267.2
26809.6
26330.5
25849.5
25373.5
24891.7
24423.7
23916.4
23526.4
16094.6
2.22019e+06
123859
122798
121707
120553
119345
118075
116745
115351
113896
112378
110803
109168
107443
105658
103821
101937
100008
98036.8
96023.5
93973.1
91890.5
89783.1
87656.9
85519.2
83375
81230.7
79089.9
76958.6
74839.4
72737.7
70655.1
68596.4
66562.7
64557.4
62581.7
60637.4
58725.7
56847
55001.9
53189.3
51408.8
49656.9
47934.5
46234.6
44575.7
42967.3
41439.4
40033.8
38765.4
37652.7
36698.8
35774.1
34944
34201.6
33430.2
32871
32354.9
31862.6
31699.2
31381.4
31235.5
31195.8
30860.6
30647.4
30398.6
29971
29545
29120.4
28641.3
28144.5
27647.5
27151.8
26645
26130.6
25603.1
25082.5
24520.2
24078.5
16712.6
2.20874e+06
123591
122487
121354
120152
118890
117562
116168
114707
113178
111586
109939
108203
106392
104522
102597
100624
98607.4
96551.2
94459.3
92337
90188.6
88022.5
85844
83661.9
81481.1
79308.8
77148.4
75005.7
72883.3
70785.2
68713.9
66671.4
64660.3
62681.1
60736
58824.4
56947.6
55104
53294.2
51514.6
49768
48047.7
46365.4
44736.3
43178.5
41756
40455.3
39321
38350.9
37426.6
36648.8
35918.3
35186.5
34670.1
34110.8
33718.2
33529.3
33199.4
33150.8
33014
32675.9
32518.7
32206.8
31771.2
31379.1
30947.6
30463
29966.5
29468.9
28963.9
28439.5
27902.4
27355
26802.5
26237.9
25676.1
25073.6
24597.4
17293.1
2.19993e+06
123298
122147
120966
119710
118387
116993
115526
113986
112375
110700
108955
107117
105212
103247
101225
99155.6
97042.6
94895.7
92719
90520.4
88304.3
86078.9
83850
81626.1
79412.6
77216.2
75041.4
72892.1
70772.1
68683
66627.7
64607.2
62622
60674.2
58761
56885.6
55043.8
53236.7
51462.7
49720
48015.9
46356.6
44767
43308.9
41977.5
40847.6
39903.3
39040.1
38306.4
37564.5
36871.5
36366
35811
35518.8
35270.6
35017.8
35012.2
34771.7
34508.1
34346.8
33958.9
33549.8
33169.5
32724.1
32244.1
31758.1
31269.9
30766.6
30235.9
29691.2
29135.2
28567
27985.2
27396
26800.7
26211.2
25584.4
25084.1
17847.5
2.19271e+06
122984
121779
120545
119226
117835
116365
114816
113189
111486
109720
107854
105908
103898
101827
99700.5
97525.7
95312.3
93068.8
90804.5
88526.5
86242.5
83958.8
81683.4
79421.7
77181.5
74967
72783.5
70634.8
68521.7
66448.8
64413.4
62420
60464.8
58549.6
56673.7
54833.3
53032.9
51268.1
49546.3
47878.9
46280.4
44798.1
43462.6
42314
41327
40444.2
39738.1
39066.1
38472.3
37979.9
37447.2
37206.7
36922.2
36781.9
36755.8
36473.8
36313.7
36109
35684.6
35322.9
34929.7
34469.9
33996.8
33517.9
33036.1
32533.5
32002.2
31460.9
30906.8
30334.4
29744.9
29144
28536.5
27923.3
27306
26692.5
26042.8
25523.2
18336.4
2.18625e+06
122649
121384
120089
118700
117232
115677
114036
112310
110507
108623
106633
104570
102443
100256
98015.5
95730.7
93411.6
91070.2
88715.8
86359.7
84008.1
81671.2
79351.9
77061.1
74799.1
72575.6
70389.9
68248.2
66149.4
64096.1
62088
60122.5
58203.8
56322.2
54487.6
52692.2
50939.3
49249.4
47615.9
46101.5
44713.5
43536.1
42588.4
41810.6
41163.9
40504.6
39933.6
39424.6
38982.3
38785.5
38519.9
38465.3
38389.8
38131.4
38028
37766.6
37368.9
37053.4
36647.5
36194.5
35736.6
35262
34780.7
34273.4
33740.4
33202.4
32650.2
32077.2
31486.3
30884.6
30274.6
29654.2
29026.7
28391
27752.8
27119.3
26451.4
25916
18780.9
2.17924e+06
122293
120962
119600
118133
116578
114927
113181
111347
109433
107406
105287
103096
100840
98527.6
96164.4
93765.2
91337.2
88898.2
86455.1
84023.4
81609.4
79222.6
76869.3
74553
72281.2
70053.3
67875.6
65746
63668.9
61639.7
59663
57732.1
55850
54020.4
52235.8
50525.9
48884.7
47358.9
45983.3
44784
43784.8
42953.3
42265.7
41684.3
41251.6
40802.4
40423.4
40197.5
39960.2
39980.9
39897.4
39713.7
39650.9
39354.8
39002.1
38703
38287.4
37861.7
37431.6
36974.7
36503
35997
35467.1
34930.4
34376
33799.1
33206.5
32605.6
31995.9
31374
30742.3
30100.1
29454.3
28801.4
28148.2
27497.7
26813
26263.9
19166.5
2.17207e+06
121918
120514
119076
117521
115868
114109
112248
110293
108239
106066
103807
101476
99081.4
96632.3
94142.9
91622.1
89089
86550
84026.6
81522
79054.6
76625.1
74244.5
71914.2
69637
67416.9
65251.3
63143.4
61091.5
59095.3
57152.5
55271
53436.6
51681.9
49996.2
48415
46992.4
45720.4
44713.1
43966.9
43399.4
42909.6
42429.4
41950.9
41650.5
41463.6
41359.3
41433.9
41272.6
41169.2
41126.8
40797.7
40554.8
40287.4
39870.4
39477.6
39065
38621.4
38165.9
37678.8
37168.1
36641.1
36089.4
35511.4
34918.4
34316.9
33705.1
33079.2
32442.9
31797.5
31147.6
30489.5
29829.1
29160.4
28493
27827.8
27130.2
26568.9
19514.7
2.16365e+06
121524
120037
118516
116862
115099
113219
111229
109143
106921
104595
102185
99700.3
97156.4
94564.5
91941.6
89302
86659.6
84032.7
81428.3
78867.7
76348.6
73892.9
71489.4
69156.6
66882.6
64675.7
62533
60450.8
58435.5
56480.4
54592.3
52783.9
51063.6
49462.5
48017.6
46762.4
45729.4
44879.6
44198.5
43709.1
43358.4
43051.3
42811.7
42553.6
42554.9
42561.9
42489.1
42581.8
42450
42148.8
42021.1
41707.9
41322.2
41015.3
40630.1
40209.2
39772.6
39299.4
38807.7
38299.1
37763.6
37199.4
36617.5
36021.3
35409.8
34780.3
34139.7
33490.1
32835.1
32171.2
31503.4
30827.7
30153
29472
28794.4
28117.3
27407.7
26835.6
19802.5
2.15822e+06
121112
119533
117919
116153
114266
112251
110118
107868
105475
102984
100405
97759
95053.4
92317.3
89555.7
86800.2
84053.2
81343.8
78672.5
76060.6
73510.6
71028
68625
66286.1
64034.2
61842.8
59732.9
57692.5
55721.6
53840.9
52043.8
50357.7
48838.5
47482.2
46346.5
45529.2
44967
44587.1
44262.1
43916.5
43614
43535.3
43649.7
43620
43725.3
43704
43495.7
43485.8
43349.1
42979.8
42746.5
42450
42049.6
41688.5
41298.3
40860
40398.6
39905.6
39383
38836.5
38274.1
37694.6
37094.6
36471.5
35834.3
35184.2
34525.2
33854.4
33178.1
32494.4
31811.2
31122.3
30436.3
29743.1
29053.7
28365.1
27645
27064.3
20047.6
2.15693e+06
120681
119000
117280
115389
113363
111197
108909
106463
103889
101215
98457.9
95635
92768.5
89877.2
86986.8
84111
81276.9
78485.9
75769.3
73111.4
70546.8
68051.6
65650.7
63331.3
61090.9
58948.3
56869.8
54908.2
53024.1
51283.4
49714.8
48311
47207.5
46304.2
45595.8
45078.2
44771.2
44612.6
44446.7
44362.1
44330.1
44448.6
44677.4
44646.6
44690.8
44625.1
44320.1
44210.6
44036
43687.2
43398.8
43092.8
42702.2
42300
41884.2
41430.5
40943.8
40425
39882.5
39317.9
38732.1
38125
37502.6
36863.5
36209.9
35538.9
34858.9
34169
33477.4
32779.1
32082
31378.5
30679.6
29974.8
29275.8
28578.2
27848.7
27259.1
20251.3
2.1606e+06
120232
118436
116597
114565
112383
110048
107569
104919
102149
99275.8
96327.3
93319.8
90286.8
87243.1
84226.8
81242.8
78327.1
75478.1
72714.6
70044.5
67456.8
64982.1
62581
60298.2
58094.3
56003.6
54020.5
52157.6
50456.8
48939.4
47664.6
46673.2
45987.9
45612
45433.1
45208.3
44953.2
44944.9
45042.9
45278.3
45352.7
45475.5
45586.7
45462.7
45420.1
45365.5
45051.2
44851.6
44646.5
44316.8
43995
43665.3
43276.4
42850
42399.9
41922.4
41420.2
40888
40326.2
39736.9
39130.2
38505.4
37864.3
37203.9
36531.1
35844.5
35151.3
34446.9
33740.1
33025.8
32314.9
31599.3
30889.9
30174.1
29464.8
28757.1
28019.8
27423.5
20405.8
2.17532e+06
119766
117838
115867
113674
111315
108801
106089
103224
100236
97151.1
93997.1
90802.7
87597.7
84415.1
81271
78205.7
75209.7
72327.7
69530.1
66854.3
64276.4
61808.4
59457.4
57201.5
55092.8
53100.3
51297.7
49697.6
48362
47337.2
46517.5
46016.9
45605
45470.4
45443.3
45445.7
45519.3
45683.7
45894.8
46188.2
46248.6
46257.3
46282.3
46108.1
45987.2
45950.8
45694.2
45431.6
45197.6
44872.1
44525.7
44169.2
43768.1
43325.8
42856.6
42359.2
41835.3
41284.4
40708.8
40105.7
39480.5
38833.8
38173.4
37497.8
36811.8
36111
35403.3
34684.8
33965.8
33240
32518
31789.9
31068.4
30340.9
29622.8
28907.7
28164.4
27564.6
20577.8
2.14088e+06
119279
117202
115082
112708
110146
107412
104461
101359
98132.1
94824.4
91450.5
88074.1
84696.3
81385.8
78134.5
74991.3
71953.4
69030.3
66239.8
63553.1
61014.1
58576.2
56286.6
54141.7
52149.5
50383.2
48835.5
47576.4
46686.2
46147.1
45907.4
45833.7
45709.1
45663.3
45822.9
46101.5
46438.3
46583.7
46730.5
46901.9
46936.8
46877.6
46864.6
46717.8
46507.9
46447.5
46249.4
45961.3
45695.5
45364.6
44995.1
44613.1
44200.6
43747
43259.1
42741.1
42199.5
41632.4
41040.3
40420.9
39781.2
39120
38444.5
37752.2
37051.1
36337.6
35619.8
34891.3
34161.9
33423.9
32690
31950.5
31219.2
30482.6
29756.3
29033.4
28283.1
27679.3
20704.5
2.14097e+06
118772
116527
114234
111656
108886
105874
102665
99299
95824.1
92265.3
88690.2
85107.1
81597
78146.4
74829.1
71614.8
68555.8
65619.3
62832
60188.4
57677.4
55349.4
53157.9
51242.6
49550
48206.9
47215.9
46481.1
46036.9
45784.6
45801.4
45867.7
46021
46252.4
46543.8
46864.4
47199.4
47316.2
47377.3
47423.1
47467.3
47387.4
47333.7
47258.1
47012
46878.3
46704.7
46423
46132.3
45796
45414.1
45008.6
44576.5
44110.2
43610.5
43076.1
42514.9
41929.4
41323.6
40692.9
40040.7
39364.9
38675.2
37970
37257.9
36533.5
35805.1
35066
34327.1
33579.9
32837
32087.3
31345.8
30599.7
29865.9
29137.5
28382.3
27773.3
20799.3
2.1556e+06
118244
115805
113314
110507
107469
104171
100674
97024.7
93277.5
89474.3
85676.7
81926.8
78266.7
74735.5
71336.8
68110.7
65017.3
62115.7
59342.1
56779.8
54366.3
52194.2
50267.4
48628.7
47355.7
46471.2
46018.2
45972.9
45929.6
45877.3
45996.5
46317.1
46704.3
47100.9
47307.2
47520
47750.8
47874.5
47912.5
47893
47934.1
47852.7
47751.1
47708.4
47489.4
47274.9
47088.6
46819.3
46516.1
46174
45782.2
45356.7
44906.4
44425.5
43912
43364.1
42789.6
42189.2
41568
40923
40259
39573
38873.3
38156.7
37433.1
36697.8
35960.2
35212.8
34466.1
33709.9
32957.7
32198.6
31449.7
30697.4
29957.7
29223.7
28462.3
27850.9
20901.8
2.1246e+06
117696
115031
112311
109236
105895
102282
98460.9
94512.6
90471.3
86424.4
82418.8
78506.9
74740.4
71129.9
67704.7
64455
61395.3
58514
55852.6
53398
51229
49383.1
47984.3
46924.4
46250.8
45837.5
45723.2
45793
46000.4
46276.5
46598.1
46995.2
47353.2
47730.5
47870.3
48037.6
48177.1
48282.7
48361.8
48321.1
48335.3
48278
48131.5
48073
47901.9
47650.7
47428
47158.6
46848.1
46499.5
46102.7
45662.8
45193.8
44697.1
44172.3
43614
43027.1
42411.9
41776.5
41119.2
40444.9
39749.4
39040.8
38315.2
37583
36838.8
36092.6
35336.5
34581.8
33818.3
33059.6
32293.8
31538.7
30780.1
30034.6
29296.4
28529.8
27914.7
20986.8
2.12517e+06
117121
114197
111206
107844
104139
100169
96003.1
91722
87391.3
83102.5
78904.2
74864.2
71013.6
67358.4
63932.3
60689.7
57693.2
54928
52424.7
50257.3
48422.4
47041.2
46132.5
45691.1
45741.2
45726.4
45771.8
46011.4
46463.9
46917.8
47320.4
47592.4
47855.4
48169.8
48313.7
48485.5
48567.8
48644
48752.3
48711.4
48689.5
48652.2
48478.9
48384.7
48239.9
47991
47735.9
47452.2
47131.1
46774.8
46374.1
45926.3
45443.7
44930.8
44392.2
43823.9
43228
42601.8
41953.7
41283.4
40598.4
39894.5
39178.9
38445.9
37705.7
36952.6
36198.4
35434.7
34673.1
33902.6
33137.7
32366.2
31606.8
30843.9
30093.8
29351.3
28578.4
27958.9
21045.4
2.13837e+06
116519
113292
109988
106264
102170
97803.2
93255.7
88637.6
84011.1
79499.8
75142.9
71003
67107.7
63443.4
60035.7
56881.9
53991.4
51483.3
49333.3
47706.7
46589.1
45869.9
45452.3
45414.7
45523.6
45828.5
46201.1
46592.1
47062.2
47448.7
47847.3
48042.4
48260.1
48520.9
48676.8
48858.9
48922
48973
49081.5
49056.4
48999.4
48969.9
48806.6
48664.4
48519
48285.4
48014.2
47712.3
47376.4
47009.7
46605
46152.4
45659.2
45132.2
44581.2
44002.9
43397.8
42761.4
42102.9
41422.1
40728.2
40016.5
39294.3
38554.9
37808.9
37049.5
36289.2
35518.8
34751.3
33975.5
33207
32432.4
31670.1
30903.3
30149
29402.4
28624.6
28002
21124.2
2.11113e+06
115878
112306
108629
104479
99948.2
95138.1
90195.2
85220.3
80320.7
75621.9
71131.6
66960
63027.2
59430.6
56069.1
53123.1
50523.6
48374.3
46755.9
45661.2
45229.9
45291
45305.6
45430.7
45771.6
46298.3
46791.7
47180.6
47524
47839.1
48213.7
48412.1
48630.4
48835.7
48987.4
49170.4
49241.4
49274.4
49360.8
49351
49269.6
49231.8
49094.4
48917
48754.3
48529
48252.6
47936.7
47587
47208.4
46796.6
46339.5
45839.7
45302.1
44739
44149.7
43535.9
42892.1
42226.3
41536.7
40834
40114.2
39385.4
38640.1
37888.4
37122.7
36356
35579.1
34805.7
34024.4
33252
32474.1
31708.6
30938.3
30182
29432.7
28656.3
28033.2
21143.6
2.11147e+06
115193
111218
107096
102447
97426.7
92134.4
86771.6
81458.8
76312.4
71468.9
66910.9
62733.8
58832.7
55367.6
52184.4
49606.3
47637.8
46189.6
45423.8
44907.9
44908.2
45036
45420.1
45872.4
46317.9
46818.2
47230.2
47610.9
47880.5
48159.8
48508.8
48724.2
48957.1
49117.7
49255.2
49430.2
49523.3
49550.3
49607.5
49604.8
49511.2
49457.6
49341
49151.8
48963.1
48732.9
48453.7
48131
47771.7
47380.7
46958.4
46495
45990.5
45446
44873.4
44273.5
43651.4
43001.9
42331.1
41635.8
40927.2
40201.1
39467
38716.9
37961.2
37191
36419.8
35637.3
34858.8
34072.1
33295.8
32514.2
31745.8
30972.3
30215.1
29464.3
28693.2
28069
21166
2.12336e+06
114444
110009
105336
100130
94548.8
88733
82972.4
77313.3
72010.4
67054.3
62500.8
58384.3
54587.4
51409.4
48686
46636.7
45275.2
44587.8
44674.2
44727
44889
45283.9
45860.5
46397.8
46797.9
47183.6
47533
47929.1
48190.7
48457.2
48765.8
48989.9
49230.6
49375.9
49493.7
49654.3
49762.1
49787.8
49819.5
49814.4
49715.8
49651.1
49545.2
49356.6
49145.8
48903.6
48620.5
48295.1
47929.7
47526.8
47091.8
46620.8
46113.2
45564.7
44984.4
44374.6
43744.2
43088.6
42412.5
41710.8
40994.7
40260.3
39518.5
38761.3
37999
37222.3
36444.6
35655.4
34871.4
34080.5
33300.5
32515
31742.7
30966.1
30203.4
29448.6
28668.6
28041.9
21180.9
2.09916e+06
113602
108641
103315
97449.7
91254.4
84894.1
78744.2
72820.8
67397.6
62449
57937.6
54000.2
50525.5
47832.7
46067.5
44974
44319.4
44212.4
44351.1
44773.6
45290.7
45785.2
46309.5
46761.2
47141.9
47465.3
47790.3
48193
48459.9
48727.3
48990.6
49211.6
49455.8
49605.7
49711.4
49858.3
49966.6
49994.3
50008
49997.5
49898.1
49821.9
49715.9
49530
49306.7
49052.7
48763.5
48435.3
48065.3
47653.3
47209
46733.7
46226.8
45679
45095.8
44478.7
43840.8
43178.1
42495.4
41785.8
41062
40318.8
39569.5
38805
38036.2
37253
36469.5
35674.9
34886.9
34093
33310.5
32522
31746.6
30966.8
30200
29442.7
28658.4
28030.9
21194.5
2.09927e+06
112625
107078
100947
94365.8
87434.6
80605.2
74047.7
68006.3
62528.2
57688.8
53365.4
49776.3
47037.5
44999.6
43971.3
43934
44033.4
44186.1
44582
45177.9
45776.2
46205.7
46612
46993.4
47397
47715
48033.4
48412.6
48688.4
48964.7
49189.9
49398.2
49641.7
49798.5
49901.2
50035.7
50132.2
50161.3
50165.6
50150.6
50057.3
49971.2
49855.8
49669.1
49441.6
49179.6
48882.4
48547.3
48170.5
47749.1
47293.6
46806.9
46289.8
45733
45141.5
44515.9
43869.8
43200
42513.5
41802.1
41075.8
40329.2
39576.2
38808.5
38037.9
37253.3
36469
35674
34886.3
34092.4
33310.1
32521.7
31747.4
30968.4
30202.8
29444.9
28657.3
28032.7
21211.2
2.10973e+06
111474
105212
98172.5
90729.2
83067.3
75765
68954.3
62863.4
57530.4
52890.7
49048.4
46192.5
44744.8
43800.4
43412.8
43536.1
43987.2
44550.5
45065.7
45583.1
46082.2
46484.9
46835.9
47187.8
47614.2
47940.3
48257.6
48595.9
48876.1
49163.3
49369.6
49565.2
49802.3
49963.9
50071.8
50195.9
50274.3
50301.7
50303.2
50284.7
50196.6
50097.4
49972.3
49791.5
49572.1
49309.3
49006.5
48664.4
48280.5
47848.8
47380.9
46880.5
46352.4
45787.7
45190.9
44559.7
43907.4
43230.7
42540.6
41827.2
41099.1
40349.6
39593.5
38822.6
38050.9
37265.9
36482.1
35687.2
34900.2
34106.2
33325.2
32538.2
31768.4
30994
30232.5
29471.5
28676.7
28056.5
21314.8
2.08828e+06
110052
102961
94846.2
86469.9
78053
70421.6
63464.2
57577.1
52468
48397.9
45442.7
43509.6
43085.7
43182
43318.4
43705.7
44315.8
44984.8
45459.6
45857.3
46258.1
46675.9
47028.3
47376.3
47799.6
48132.1
48454
48751.2
49026.7
49322.3
49524.2
49710.7
49937.9
50099.8
50215.5
50332.5
50395.8
50418.3
50418.2
50399
50314.1
50204.2
50061
49880.2
49651.7
49375.6
49062.8
48713
48325.5
47894.1
47425
46918.4
46382
45811.4
45212.2
44579.1
43922.9
43240
42543.6
41824.9
41093.1
40340.8
39581.6
38805.7
38028.5
37238.7
36452.6
35657.5
34870.6
34075
33289.8
32498.4
31722.1
30942.1
30178.6
29422.3
28640.2
28012
21201.5
2.08794e+06
108304
100170
90837.6
81440.1
72384.8
64579.5
57732.3
52270.3
47804.9
44645.2
43475
42635.6
42674.9
43062
43603.5
44148
44697.4
45252
45698.1
46054.2
46409.1
46837.3
47208.1
47564.7
47960.7
48291.4
48620.7
48891.9
49158.7
49456
49660.2
49844.7
50058.8
50214.8
50335.7
50447
50500.5
50518.2
50514.4
50487.4
50416
50286
50148.5
49975.1
49734.7
49447.1
49126.2
48768.3
48376.7
47946.5
47479.6
46968.8
46424.9
45847.5
45245.4
44609.7
43949.4
43260.1
42555.9
41831.7
41098.8
40345.2
39583.9
38803.9
38023.1
37230.1
36443.6
35649.1
34863.5
34067.8
33281.7
32489.5
31712.3
30931.5
30169.9
29418.5
28648
28011.2
21176.7
2.0971e+06
106053
96659.1
85932.2
75564.7
66077.1
58434.5
52022.1
47227.1
44058.2
42049.7
42076.9
42302.6
42690.3
43281.3
43987
44532.8
44975
45410.7
45858.5
46219.9
46559.8
46986.2
47372
47739.2
48096
48422.2
48757.8
49015
49273.5
49564.7
49773.3
49962.4
50163.2
50310.7
50435.6
50543.9
50593.2
50607.2
50596.6
50563.4
50480.8
50359.3
50200.5
49995.3
49760.3
49482.6
49158.8
48790.5
48387.4
47945.8
47466
46943.9
46392.8
45813.2
45212
44577.7
43918.3
43228.6
42523
41797.6
41063.6
40307.4
39542
38758.6
37975.6
37180.9
36392.5
35594.5
34803.1
34002
33211.5
32416.3
31636.5
30854.8
30089.6
29332
28547.6
27912.3
21131.1
2.07782e+06
103100
92123.5
79959.3
68771.4
59324.8
52269.4
46985
43270.9
42161.8
41532.5
41790.3
42317.4
43008.1
43694
44330.8
44819.1
45177
45527.1
45959.4
46353.1
46714
47134.2
47522.8
47892.6
48209.5
48525.7
48861.9
49117.9
49373.4
49649.6
49869.4
50067.7
50247.4
50380.8
50505.4
50606.2
50653.6
50665.5
50651.7
50614
50530.8
50410
50235.4
50031.4
49802.4
49523.2
49191.7
48816.7
48410.6
47966.6
47483.7
46957.1
46402
45818.1
45213.2
44575.2
43912.8
43219
42509.9
41779.1
41040.8
40280.7
39513
38727.5
37943.6
37147.7
36359.4
35560.6
34768.5
33966.6
33176.6
32381.3
31601.8
30820
30055
29297.3
28512.8
27877.4
21113.9
2.07767e+06
99238.9
86354.2
72623.2
61397.7
52590.9
46431.5
42899.2
40871.8
41129.3
41557.1
42137.9
42814.4
43474
44003.6
44474.6
44925.6
45270.8
45605.7
46036.2
46471.1
46869.2
47264.1
47631.6
47990.9
48290.6
48603.6
48934.5
49195.9
49454.1
49712.3
49933.3
50134.3
50299.2
50429.5
50562.2
50661.1
50710.6
50720
50704.9
50657.9
50569.5
50439.2
50268.5
50054.8
49807.3
49517.8
49184
48807.6
48397.8
47948.6
47462
46934.9
46381.8
45799.2
45194.6
44556.6
43894.5
43199.7
42489.5
41755.3
41013.6
40250.1
39481.2
38694.6
37910
37112.8
36323.3
35521.9
34728.3
33925.7
33136.4
32341.2
31562.1
30780.7
30015.1
29256.6
28469.4
27838.4
21066.7
2.08569e+06
94115.7
79002.1
64281.7
53857.4
47192.6
42302.6
40810.3
40545.6
40834.7
41564.6
42553.3
43233.7
43716.8
44092.7
44469.7
44917.5
45327.2
45705.7
46144.1
46588.5
46984
47324.5
47673.1
48038.2
48345.8
48667.1
48989.3
49258.6
49520.6
49763.7
49988.3
50193.2
50351.2
50481.5
50607.5
50699.4
50740.3
50748.5
50732
50683.2
50594.6
50468.3
50299.2
50083.7
49833.2
49543.5
49211.1
48833.4
48418.8
47962.2
47469.2
46936
46376.6
45785.5
45174.2
44531.5
43867.9
43171.5
42460.1
41722.8
40978.6
40213.1
39444.7
38658.5
37874.9
37077.6
36287.9
35484.9
34691
33888.4
33099.9
32304.8
31526.2
30744.2
29977.5
29218.5
28430.2
27801.2
21042.2
2.06887e+06
87204.2
69932
55703.8
46845.2
42222.1
40032.6
40030.9
40440.2
41506.4
42309.7
42915.4
43406.6
43789.6
44144.6
44561.5
45038.2
45488
45892.8
46300.4
46713.5
47109.8
47440.1
47790.1
48150.5
48460.2
48777.7
49074.4
49346.8
49615.4
49840.8
50056.8
50266
50417.9
50541.3
50660
50743
50796.7
50799.8
50765.8
50703.9
50605.8
50466.5
50286.4
50061.1
49796.7
49495.6
49160.4
48784.8
48373
47921.2
47437.9
46917
46367.1
45780.6
45170.5
44527.4
43863.6
43166.8
42454.3
41714.1
40967.1
40199.7
39432.1
38646.5
37863.5
37065.6
36274.2
35469.4
34675.6
33873.1
33085.1
32289.9
31511.3
30728.3
29960.9
29201.9
28414.2
27786.9
21021.6
2.06831e+06
77823.8
60255.1
49182.9
42929.4
39868.7
39617.9
40316.9
41280.1
41919.6
42497.8
42899.6
43269.7
43681.4
44093.8
44523.4
44965.6
45417.8
45856.1
46246.2
46641.1
47051
47407.9
47760.9
48102.7
48426.7
48746.3
49031.6
49322.5
49601.4
49823
50037
50250
50402.2
50529.9
50642.2
50735.6
50781.7
50805.4
50777.1
50715.8
50621.9
50488.8
50312.3
50087.9
49820.9
49517.2
49181.9
48805.9
48391.7
47936.3
47451.7
46929.8
46379.5
45793.7
45185.5
44544.2
43882.8
43189.8
42480.1
41742
40995.8
40230.6
39465.6
38683.7
37903
37106.7
36312.3
35506.2
34711.1
33908.6
33119.1
32323.5
31543.2
30759.1
29989.4
29229.5
28442.3
27816.6
21023.4
2.07543e+06
56121.2
38011.6
33992.7
34869.2
37284.7
39762.2
41328.7
42311.8
42554.9
42765
43002.2
43364.8
43849.3
44342.1
44740.2
45135.4
45597.4
46078.8
46442.5
46808.6
47219
47576.7
47924.1
48242.5
48565.7
48886.9
49148.5
49441.4
49727
49918.6
50127.2
50342.1
50488.6
50605.2
50703.9
50779.6
50833.1
50821.6
50786.8
50715.8
50608.1
50465.4
50283.5
50051.4
49773.8
49460.4
49119.6
48735.3
48310.2
47839.5
47342.1
46808.2
46247
45644.1
45021.4
44367.1
43700.1
42998.2
42283.2
41535
40784.6
40012.7
39247.9
38461.1
37680.6
36877.7
36085.9
35278.8
34489.8
33687.7
32904.6
32109.6
31335.3
30551.7
29788.6
29031.4
28247.9
27622.9
20881.4
2.05721e+06
)
;

boundaryField
{
    inlet
    {
        type            fixedValue;
        value           uniform 200000;
    }
    outlet
    {
        type            fixedValue;
        value           uniform 9000;
    }
    axis
    {
        type            symmetryPlane;
    }
    wall
    {
        type            zeroGradient;
    }
    frontAndBack
    {
        type            empty;
    }
}


// ************************************************************************* //
