/*--------------------------------*- C++ -*----------------------------------*\
  =========                 |
  \\      /  F ield         | OpenFOAM: The Open Source CFD Toolbox
   \\    /   O peration     | Website:  https://openfoam.org
    \\  /    A nd           | Version:  13
     \\/     M anipulation  |
\*---------------------------------------------------------------------------*/
FoamFile
{
    format      ascii;
    class       volScalarField;
    location    "0.00149996";
    object      p;
}
// * * * * * * * * * * * * * * * * * * * * * * * * * * * * * * * * * * * * * //

dimensions      [1 -1 -2 0 0 0 0];

internalField   nonuniform List<scalar> 
8000
(
198302
194910
191567
188306
185156
182162
179370
176807
174484
172396
170525
168848
167361
166041
164790
163555
162354
161207
160107
159042
158007
157003
156031
155093
154187
153312
152468
151654
150871
150118
149393
148694
148024
147383
146770
146185
145625
145091
144581
144097
143638
143201
142785
142393
142023
141672
141338
141024
140731
140457
140193
139936
139698
139487
139290
139084
138875
138699
138555
138406
138207
138021
137891
137787
137679
137416
137234
137113
136979
136893
136719
136236
135977
135795
135662
135622
135359
134677
134430
134239
134003
133789
133124
132583
132303
131956
131614
131432
131009
130127
129719
129409
128932
128375
127823
126707
126083
125767
125421
124877
124169
122657
121107
120181
119411
118810
118120
116594
115466
114721
113780
112510
110681
108118
106594
105431
104085
102492
100801
98666.9
198303
194911
191568
188308
185158
182164
179372
176810
174488
172400
170530
168854
167368
166048
164797
163562
162361
161214
160114
159049
158013
157009
156037
155099
154193
153318
152474
151660
150877
150123
149397
148698
148028
147387
146774
146188
145628
145094
144585
144101
143641
143204
142790
142398
142028
141676
141342
141028
140736
140461
140193
139937
139704
139493
139289
139081
138878
138709
138560
138401
138205
138027
137893
137785
137662
137415
137247
137115
136978
136890
136725
136270
135980
135781
135649
135603
135384
134737
134442
134203
133916
133687
133144
132577
132313
132041
131718
131445
130843
130138
129793
129445
128781
128202
127819
126982
126048
125626
125223
124709
124057
122697
121452
120607
119712
118899
118020
116544
115508
114755
113819
112657
110753
108088
106642
105500
104098
102341
100490
98286.6
198303
194912
191570
188310
185160
182167
179376
176813
174491
172404
170533
168857
167371
166050
164798
163562
162360
161213
160113
159048
158013
157008
156036
155098
154192
153317
152472
151658
150875
150122
149396
148698
148028
147386
146774
146188
145628
145093
144584
144099
143639
143202
142787
142392
142021
141673
141342
141025
140727
140451
140194
139946
139702
139478
139280
139089
138898
138710
138540
138381
138212
138052
137903
137773
137611
137402
137269
137138
136994
136887
136677
136291
136022
135800
135647
135579
135342
134793
134498
134137
133767
133560
133215
132613
132322
132087
131840
131452
130625
130188
129924
129476
128616
128102
127802
127277
126101
125457
124993
124535
123836
122487
121743
121216
120361
119162
117823
116456
115550
114761
113818
112754
110813
108138
106732
105589
104148
102180
99979.7
97811.3
198304
194914
191573
188314
185166
182174
179383
176822
174501
172415
170546
168872
167388
166069
164817
163581
162380
161232
160132
159065
158029
157025
156053
155114
154208
153333
152488
151673
150889
150135
149408
148710
148039
147396
146782
146197
145637
145102
144592
144108
143649
143213
142797
142404
142033
141683
141351
141035
140740
140463
140198
139945
139710
139495
139284
139085
138899
138722
138547
138368
138209
138067
137925
137762
137548
137393
137293
137177
137033
136865
136555
136304
136120
135892
135688
135553
135193
134777
134573
134121
133676
133495
133232
132658
132332
132112
131967
131404
130528
130229
130014
129437
128573
128123
127823
127426
126217
125379
124901
124448
123437
122303
121829
121486
120974
119569
117657
116436
115538
114661
113689
112631
110789
108298
106872
105697
104206
101949
99446.7
97589.4
198305
194916
191577
188319
185171
182180
179389
176828
174508
172422
170552
168878
167394
166073
164818
163580
162378
161231
160131
159065
158028
157023
156051
155112
154205
153330
152484
151670
150887
150133
149408
148709
148038
147396
146783
146196
145636
145101
144591
144105
143643
143207
142793
142398
142023
141673
141346
141033
140732
140449
140192
139952
139718
139485
139271
139081
138909
138734
138539
138353
138203
138075
137944
137734
137507
137393
137301
137198
137072
136764
136472
136321
136193
136007
135791
135482
135009
134762
134613
134181
133673
133466
133171
132671
132341
132136
132046
131386
130517
130248
129999
129321
128596
128189
127861
127497
126355
125406
124951
124392
123061
122262
121871
121537
121125
119651
117635
116518
115539
114504
113467
112344
110636
108505
107040
105798
104219
101707
99200.6
97560.2
198306
194920
191582
188326
185180
182190
179401
176841
174523
172439
170572
168901
167420
166101
164846
163608
162407
161260
160158
159090
158053
157048
156076
155137
154230
153354
152508
151693
150908
150153
149426
148726
148054
147411
146797
146210
145649
145114
144604
144119
143660
143223
142808
142414
142042
141692
141361
141045
140745
140465
140204
139958
139722
139493
139279
139089
138915
138737
138539
138352
138205
138078
137956
137714
137502
137399
137299
137216
137076
136683
136468
136342
136207
136062
135879
135353
134978
134793
134634
134280
133754
133415
133026
132682
132411
132178
132058
131426
130544
130215
129829
129179
128629
128224
127870
127528
126529
125492
125035
124279
122891
122248
121855
121495
121075
119461
117610
116645
115587
114332
113200
112019
110427
108681
107214
105816
104049
101589
99293.8
97599.1
198307
194923
191587
188334
185189
182200
179411
176851
174532
172449
170581
168908
167427
166106
164847
163607
162405
161258
160157
159089
158052
157046
156073
155133
154225
153349
152504
151689
150905
150150
149424
148724
148053
147411
146797
146209
145647
145112
144602
144115
143652
143214
142800
142407
142033
141679
141349
141038
140742
140460
140197
139954
139721
139496
139284
139090
138913
138731
138532
138354
138212
138083
137949
137691
137508
137402
137294
137229
137028
136642
136480
136340
136190
136115
135882
135266
135012
134857
134673
134345
133844
133299
132954
132726
132514
132256
132037
131386
130496
130076
129641
129140
128654
128193
127837
127550
126708
125523
124952
124206
122973
122224
121767
121373
120878
119149
117575
116735
115642
114172
112956
111777
110345
108843
107302
105594
103642
101596
99640.9
97682.5
198309
194928
191595
188344
185202
182214
179427
176869
174552
172471
170606
168937
167461
166141
164882
163643
162442
161294
160191
159122
158084
157078
156104
155164
154257
153380
152533
151717
150932
150175
149447
148746
148073
147430
146815
146226
145665
145130
144620
144134
143672
143234
142820
142427
142054
141701
141368
141054
140757
140475
140211
139962
139725
139502
139296
139103
138917
138728
138534
138366
138225
138091
137933
137684
137522
137413
137310
137243
136977
136650
136494
136331
136206
136163
135806
135260
135073
134931
134694
134395
133880
133256
132974
132776
132587
132311
132027
131256
130362
129946
129556
129165
128688
128107
127766
127549
126788
125412
124768
124208
123280
122250
121640
121202
120598
118857
117550
116783
115648
114023
112813
111709
110447
109027
107266
105140
103243
101630
99975.4
97762
198311
194934
191603
188355
185214
182228
179440
176882
174564
172482
170617
168947
167470
166147
164884
163641
162439
161292
160189
159121
158082
157075
156101
155160
154251
153374
152528
151713
150928
150172
149444
148744
148072
147428
146814
146226
145663
145126
144614
144128
143665
143226
142810
142416
142043
141690
141358
141046
140750
140468
140206
139961
139728
139504
139293
139101
138913
138722
138540
138376
138230
138088
137905
137681
137535
137421
137321
137221
136924
136662
136497
136330
136231
136174
135707
135290
135131
134976
134676
134419
133892
133293
133042
132838
132634
132323
131996
131066
130240
129869
129531
129203
128735
127995
127653
127485
126738
125230
124579
124119
123544
122435
121525
120994
120244
118628
117551
116812
115583
113873
112743
111760
110612
109178
107005
104712
103076
101661
100104
97727.3
198313
194940
191614
188369
185232
182247
179461
176904
174588
172508
170646
168981
167508
166187
164924
163683
162482
161334
160230
159159
158119
157112
156137
155196
154288
153410
152562
151745
150958
150201
149472
148770
148096
147451
146835
146246
145684
145148
144636
144150
143688
143250
142835
142440
142066
141712
141380
141066
140767
140482
140217
139970
139738
139515
139303
139106
138917
138728
138550
138389
138239
138081
137890
137698
137556
137439
137333
137176
136902
136699
136516
136351
136261
136133
135641
135349
135193
134982
134635
134418
133915
133371
133140
132928
132682
132302
131896
130912
130183
129853
129546
129252
128804
127899
127501
127324
126613
125105
124470
124044
123607
122690
121493
120753
119820
118476
117591
116870
115538
113778
112740
111829
110752
109196
106592
104498
103066
101685
100078
97539.5
198316
194948
191625
188384
185248
182264
179478
176920
174603
172522
170658
168992
167518
166194
164926
163681
162479
161331
160227
159157
158117
157108
156133
155191
154281
153403
152556
151740
150954
150197
149468
148767
148094
147450
146833
146244
145681
145143
144630
144143
143680
143240
142823
142428
142055
141702
141369
141056
140758
140478
140216
139971
139736
139510
139298
139104
138919
138736
138553
138387
138233
138067
137887
137720
137568
137433
137305
137113
136909
136745
136541
136369
136267
136028
135608
135411
135258
134961
134586
134374
133897
133439
133235
133040
132760
132248
131702
130864
130189
129856
129562
129297
128897
127850
127335
127086
126447
125046
124420
123993
123548
122846
121549
120439
119405
118417
117664
116959
115545
113763
112762
111874
110836
109036
106230
104439
103103
101671
99944.7
97227.2
198319
194957
191639
188402
185270
182288
179503
176947
174631
172552
170691
169029
167561
166239
164971
163727
162526
161377
160272
159199
158158
157149
156173
155231
154321
153442
152594
151776
150988
150229
149499
148796
148121
147475
146858
146268
145705
145167
144654
144167
143705
143266
142849
142454
142079
141725
141393
141077
140777
140492
140227
139983
139750
139521
139304
139108
138927
138750
138569
138391
138225
138065
137905
137755
137593
137422
137259
137084
136935
136809
136600
136386
136223
135922
135637
135480
135324
134944
134556
134314
133874
133498
133309
133141
132877
132142
131486
130931
130283
129878
129579
129342
129017
127848
127169
126840
126284
125084
124425
123970
123483
122858
121509
120105
119181
118429
117751
117063
115616
113793
112791
111908
110865
108759
106025
104461
103139
101601
99702.9
96835.7
198323
194966
191654
188421
185291
182310
179524
176966
174649
172568
170705
169041
167572
166246
164973
163725
162523
161374
160269
159196
158155
157145
156169
155225
154314
153435
152587
151770
150983
150225
149495
148792
148118
147473
146856
146265
145701
145162
144648
144159
143696
143255
142837
142441
142067
141715
141382
141067
140769
140487
140225
139980
139746
139518
139301
139107
138930
138752
138565
138381
138213
138061
137923
137774
137581
137386
137222
137076
136958
136851
136645
136370
136133
135865
135662
135526
135365
134926
134541
134268
133836
133503
133319
133192
132973
132023
131359
130988
130422
129905
129590
129374
129129
127911
127022
126620
126109
125130
124452
123958
123438
122854
121365
119864
119096
118462
117825
117155
115704
113839
112819
111932
110835
108460
105964
104532
103169
101484
99378
96430.3
198327
194978
191671
188444
185318
182339
179554
176996
174681
172602
170741
169082
167617
166294
165021
163774
162573
161423
160316
159242
158199
157189
156212
155268
154357
153477
152627
151808
151019
150260
149527
148823
148147
147500
146882
146291
145726
145187
144674
144186
143723
143283
142864
142468
142093
141740
141406
141089
140786
140503
140240
139995
139758
139527
139310
139116
138940
138763
138572
138381
138216
138072
137940
137800
137582
137368
137218
137086
136977
136888
136665
136334
136095
135882
135698
135559
135381
134895
134532
134271
133854
133492
133290
133190
133018
132017
131349
131028
130533
129953
129611
129394
129205
128054
126932
126457
125959
125146
124476
123956
123430
122862
121230
119765
119090
118500
117887
117263
115791
113887
112850
111954
110751
108220
106017
104646
103203
101352
99017.5
96065
198331
194990
191689
188466
185343
182365
179578
177018
174701
172620
170756
169094
167628
166300
165022
163772
162570
161420
160313
159239
158196
157185
156207
155262
154350
153470
152621
151802
151014
150254
149523
148819
148144
147498
146880
146288
145722
145182
144667
144178
143713
143272
142853
142456
142082
141728
141395
141079
140780
140499
140236
139989
139754
139525
139311
139117
138936
138757
138564
138376
138219
138077
137938
137783
137558
137365
137227
137096
136981
136891
136629
136298
136094
135913
135726
135572
135349
134835
134510
134273
133901
133497
133271
133127
132945
132093
131414
131073
130583
130008
129642
129383
129195
128229
126943
126375
125846
125089
124461
123950
123442
122876
121174
119773
119130
118560
117961
117320
115794
113923
112884
111966
110608
108060
106151
104804
103261
101237
98669.9
95765.3
198337
195004
191711
188493
185375
182398
179612
177053
174736
172656
170796
169138
167675
166350
165073
163824
162622
161471
160362
159287
158242
157230
156251
155306
154394
153513
152662
151842
151052
150290
149557
148852
148175
147527
146907
146315
145749
145209
144694
144206
143741
143300
142880
142483
142108
141754
141419
141100
140798
140517
140254
140005
139764
139533
139320
139130
138949
138762
138565
138384
138232
138093
137951
137776
137546
137384
137260
137114
136982
136869
136578
136300
136140
135971
135762
135587
135283
134768
134491
134286
133972
133530
133263
133063
132825
132180
131535
131130
130604
130083
129701
129369
129114
128377
127069
126388
125788
125019
124424
123946
123472
122916
121257
119880
119206
118610
118005
117327
115744
113967
112933
111972
110413
107987
106340
105002
103353
101168
98369.7
95527.2
198342
195019
191732
188520
185404
182428
179640
177078
174758
172675
170812
169151
167685
166356
165074
163822
162619
161468
160358
159283
158238
157226
156246
155300
154387
153505
152655
151836
151046
150285
149552
148848
148172
147524
146904
146311
145744
145203
144687
144197
143731
143289
142870
142472
142097
141743
141408
141091
140792
140511
140248
139997
139760
139533
139323
139127
138941
138753
138560
138391
138240
138094
137939
137738
137537
137403
137286
137131
136980
136811
136507
136314
136179
136016
135796
135594
135194
134710
134469
134285
134016
133570
133257
133008
132709
132195
131642
131174
130627
130149
129765
129385
129016
128385
127241
126482
125777
124988
124401
123921
123466
122908
121388
120053
119312
118654
118019
117270
115633
114015
113000
111970
110173
107976
106556
105225
103476
101157
98132.2
95332.9
198349
195036
191758
188551
185440
182466
179678
177116
174796
172715
170854
169196
167734
166406
165126
163876
162672
161520
160409
159332
158286
157273
156292
155345
154431
153549
152698
151876
151085
150322
149588
148881
148203
147553
146933
146339
145772
145230
144715
144225
143759
143317
142897
142500
142124
141768
141432
141113
140812
140531
140266
140013
139769
139541
139334
139143
138953
138755
138563
138401
138261
138110
137932
137714
137540
137432
137324
137163
136976
136739
136477
136333
136225
136068
135839
135592
135120
134695
134467
134288
134035
133612
133276
132987
132637
132173
131689
131197
130674
130228
129840
129426
128963
128271
127378
126642
125825
125019
124425
123914
123450
122865
121503
120288
119468
118707
118011
117146
115492
114073
113102
111963
109922
108028
106780
105453
103619
101200
97956.2
95159.2
198356
195054
191783
188581
185473
182499
179709
177142
174820
172735
170870
169210
167744
166411
165126
163873
162669
161517
160405
159327
158282
157268
156287
155339
154425
153542
152691
151870
151079
150317
149583
148877
148200
147551
146930
146335
145767
145224
144708
144216
143750
143307
142887
142489
142113
141757
141422
141104
140805
140524
140259
140007
139767
139542
139335
139138
138944
138747
138562
138406
138262
138109
137910
137693
137548
137446
137340
137182
136957
136666
136474
136352
136242
136081
135858
135565
135073
134710
134476
134276
134008
133624
133300
132988
132602
132145
131660
131170
130724
130313
129900
129476
128954
128128
127366
126789
125944
125104
124503
123948
123442
122756
121522
120532
119681
118779
117972
116946
115338
114129
113217
111934
109700
108104
106983
105661
103763
101280
97830.7
94986.9
198364
195075
191812
188617
185514
182542
179751
177184
174861
172777
170915
169257
167794
166462
165179
163928
162723
161569
160456
159377
158330
157315
156333
155385
154469
153586
152733
151911
151119
150354
149618
148910
148231
147581
146959
146364
145795
145252
144736
144245
143778
143334
142914
142515
142139
141783
141445
141126
140825
140543
140276
140020
139777
139552
139346
139152
138955
138752
138569
138420
138277
138114
137897
137692
137571
137468
137354
137200
136919
136643
136492
136379
136255
136085
135859
135522
135080
134763
134513
134273
133963
133625
133337
133021
132619
132140
131593
131125
130767
130395
129969
129543
128978
128023
127327
126830
126072
125247
124639
124046
123444
122580
121491
120757
119940
118881
117905
116700
115222
114192
113349
111893
109571
108198
107154
105834
103892
101369
97741.2
94801
198372
195096
191840
188650
185550
182577
179783
177213
174885
172797
170931
169270
167804
166467
165178
163925
162720
161566
160452
159373
158326
157310
156328
155379
154463
153579
152726
151905
151113
150349
149613
148906
148228
147578
146955
146360
145790
145247
144729
144236
143769
143325
142904
142505
142129
141772
141435
141117
140818
140536
140270
140017
139776
139552
139345
139147
138948
138749
138572
138419
138274
138106
137875
137693
137583
137480
137358
137196
136872
136642
136516
136401
136257
136067
135818
135450
135106
134841
134556
134238
133905
133619
133360
133049
132656
132132
131508
131089
130792
130449
130001
129585
129000
127958
127297
126832
126138
125379
124802
124197
123435
122370
121480
120920
120170
118977
117801
116472
115144
114233
113453
111859
109514
108277
107281
105961
103989
101438
97670.9
94594.3
198383
195120
191874
188689
185594
182624
179830
177258
174930
172842
170978
169319
167854
166519
165232
163979
162774
161618
160503
159422
158373
157357
156374
155424
154507
153622
152768
151945
151152
150386
149649
148939
148259
147608
146985
146388
145818
145274
144757
144264
143796
143352
142930
142531
142154
141797
141458
141139
140838
140555
140286
140029
139787
139563
139356
139158
138956
138757
138584
138433
138281
138101
137871
137712
137605
137493
137365
137174
136845
136669
136556
136433
136264
136041
135751
135398
135143
134932
134617
134213
133877
133623
133378
133075
132728
132139
131447
131078
130813
130483
130012
129613
129030
127955
127301
126831
126164
125493
124971
124381
123396
122219
121529
121049
120327
119012
117690
116337
115115
114280
113540
111882
109530
108342
107362
106038
104048
101466
97604.5
94367.8
198393
195144
191905
188724
185632
182661
179864
177287
174954
172862
170994
169331
167863
166522
165231
163976
162771
161615
160499
159418
158369
157353
156369
155419
154501
153616
152762
151940
151147
150382
149644
148935
148256
147605
146981
146384
145813
145269
144750
144257
143788
143343
142921
142522
142145
141788
141449
141130
140830
140548
140281
140026
139785
139561
139353
139153
138953
138758
138584
138430
138277
138087
137861
137717
137617
137501
137367
137136
136824
136687
136585
136461
136271
136000
135658
135367
135179
135002
134651
134192
133861
133618
133375
133092
132793
132112
131417
131086
130828
130496
130002
129594
129007
127991
127332
126828
126168
125566
125098
124550
123340
122169
121588
121139
120380
118944
117611
116310
115120
114289
113565
111947
109593
108384
107392
106058
104057
101437
97526.4
94127.9
198405
195172
191943
188768
185680
182711
179913
177336
175001
172909
171042
169382
167914
166574
165284
164030
162824
161667
160549
159467
158416
157399
156415
155464
154545
153658
152803
151979
151185
150418
149679
148968
148287
147635
147010
146412
145841
145296
144777
144284
143815
143369
142947
142547
142169
141811
141472
141151
140850
140566
140296
140039
139797
139573
139364
139162
138960
138766
138598
138443
138281
138082
137869
137734
137631
137511
137372
137094
136834
136717
136617
136491
136288
135940
135587
135365
135219
135055
134670
134207
133876
133617
133365
133113
132862
132094
131430
131119
130854
130505
130002
129568
128954
128060
127405
126839
126169
125612
125204
124690
123325
122202
121663
121208
120325
118821
117614
116415
115163
114286
113553
112048
109707
108412
107380
106027
104018
101353
97427.3
93884.4
198418
195199
191976
188804
185719
182749
179948
177365
175026
172929
171057
169393
167921
166576
165282
164027
162822
161664
160546
159463
158412
157395
156410
155459
154539
153652
152797
151974
151180
150413
149674
148964
148284
147631
147006
146408
145836
145291
144771
144277
143807
143361
142938
142538
142160
141803
141464
141144
140843
140560
140292
140037
139796
139570
139361
139159
138957
138766
138595
138439
138277
138074
137866
137740
137638
137517
137369
137056
136838
136735
136636
136511
136299
135868
135537
135369
135252
135081
134649
134241
133905
133598
133340
133134
132910
132063
131462
131163
130886
130500
129977
129497
128866
128134
127507
126843
126162
125648
125256
124770
123357
122275
121745
121244
120171
118675
117651
116585
115238
114266
113498
112132
109860
108426
107325
105942
103928
101213
97299.1
93644.2
198433
195232
192018
188852
185771
182803
180001
177416
175075
172977
171107
169444
167973
166629
165335
164080
162874
161714
160595
159511
158459
157440
156455
155502
154581
153693
152838
152013
151217
150449
149708
148997
148315
147661
147035
146436
145863
145317
144797
144303
143833
143386
142963
142562
142183
141825
141485
141164
140861
140576
140306
140049
139807
139582
139372
139168
138966
138775
138607
138449
138282
138075
137876
137751
137647
137527
137366
137037
136852
136756
136653
136529
136312
135813
135520
135378
135284
135094
134621
134290
133972
133583
133320
133166
132950
132048
131510
131234
130940
130505
129945
129408
128782
128206
127634
126854
126163
125685
125288
124829
123453
122382
121841
121251
119964
118575
117723
116802
115358
114244
113428
112195
110051
108443
107243
105818
103799
101037
97146.5
93413.3
198448
195261
192053
188889
185809
182840
180035
177445
175099
172996
171121
169454
167979
166629
165333
164078
162871
161712
160592
159507
158455
157436
156450
155497
154576
153688
152832
152008
151212
150444
149704
148993
148311
147658
147031
146432
145859
145313
144792
144297
143826
143379
142956
142555
142176
141817
141478
141157
140855
140571
140302
140047
139806
139580
139369
139165
138964
138772
138602
138445
138279
138073
137880
137755
137649
137530
137358
137026
136859
136766
136659
136533
136313
135776
135510
135383
135305
135064
134585
134338
134035
133551
133303
133193
132957
132031
131566
131302
130995
130508
129889
129288
128714
128267
127757
126854
126164
125715
125310
124842
123536
122486
121932
121222
119750
118526
117804
117001
115500
114218
113345
112207
110241
108467
107138
105658
103631
100832
96972.9
93190.8
198468
195298
192099
188941
185865
182898
180092
177500
175151
173047
171172
169506
168031
166682
165386
164129
162921
161761
160640
159553
158500
157480
156493
155539
154617
153728
152871
152045
151248
150479
149737
149024
148341
147686
147059
146459
145885
145338
144817
144321
143850
143403
142979
142577
142197
141838
141497
141176
140873
140587
140316
140059
139817
139591
139379
139174
138973
138783
138611
138452
138286
138084
137890
137760
137652
137535
137356
137035
136871
136775
136665
136534
136318
135778
135518
135399
135324
135022
134570
134386
134115
133539
133299
133223
132952
132031
131627
131385
131064
130516
129815
129183
128679
128327
127872
126861
126176
125747
125340
124859
123634
122596
122021
121175
119604
118537
117893
117195
115667
114202
113272
112200
110420
108512
107027
105479
103445
100621
96793.1
92977.2
198485
195329
192134
188977
185901
182933
180124
177527
175173
173064
171184
169514
168035
166682
165384
164127
162919
161759
160637
159550
158497
157477
156490
155535
154613
153723
152866
152041
151244
150475
149734
149021
148338
147683
147056
146455
145881
145334
144812
144316
143845
143397
142972
142571
142191
141832
141492
141170
140867
140582
140312
140057
139815
139588
139376
139173
138972
138780
138607
138448
138282
138088
137896
137761
137650
137533
137351
137048
136877
136775
136660
136520
136311
135796
135526
135405
135319
134957
134566
134430
134181
133528
133298
133237
132913
132036
131687
131447
131125
130508
129717
129097
128665
128381
127960
126858
126189
125772
125358
124868
123675
122661
122073
121122
119511
118573
117977
117335
115824
114189
113200
112163
110547
108565
106912
105285
103239
100403
96609.8
92765.8
198509
195371
192186
189034
185962
182995
180184
177584
175227
173116
171236
169567
168087
166733
165435
164177
162968
161806
160683
159595
158540
157519
156531
155575
154652
153762
152903
152076
151278
150508
149765
149051
148367
147711
147083
146481
145907
145358
144836
144339
143868
143419
142994
142591
142211
141850
141510
141188
140884
140597
140326
140069
139826
139599
139386
139181
138982
138790
138614
138452
138290
138103
137909
137763
137650
137531
137357
137079
136887
136772
136653
136510
136306
135852
135549
135417
135300
134902
134577
134475
134259
133546
133307
133248
132872
132056
131747
131518
131196
130482
129631
129055
128673
128436
128034
126866
126213
125805
125385
124893
123696
122690
122111
121127
119509
118633
118069
117463
115981
114192
113147
112132
110645
108632
106810
105098
103038
100198
96436.1
92556.1
198528
195401
192219
189067
185995
183028
180213
177609
175247
173132
171247
169573
168089
166733
165433
164175
162966
161804
160680
159592
158537
157516
156528
155572
154648
153758
152900
152073
151275
150505
149762
149048
148364
147708
147080
146478
145903
145354
144832
144335
143863
143414
142989
142586
142205
141845
141505
141183
140879
140593
140322
140066
139824
139596
139384
139181
138981
138789
138612
138448
138285
138109
137918
137762
137644
137523
137353
137108
136897
136763
136637
136486
136290
135909
135576
135421
135254
134849
134595
134513
134324
133568
133310
133234
132807
132077
131795
131567
131253
130426
129547
129037
128687
128480
128078
126867
126234
125835
125415
124922
123679
122684
122099
121132
119560
118698
118133
117530
116108
114198
113095
112088
110691
108687
106714
104914
102832
99993.5
96265.3
92340.4
198558
195450
192277
189130
186060
183094
180278
177670
175304
173186
171300
169626
168142
166784
165482
164223
163013
161849
160725
159635
158579
157556
156567
155610
154686
153794
152935
152107
151307
150536
149792
149077
148392
147735
147105
146503
145927
145378
144854
144357
143884
143435
143009
142605
142224
141863
141521
141199
140894
140607
140335
140078
139835
139607
139392
139188
138991
138798
138616
138450
138292
138124
137932
137764
137641
137517
137361
137151
136915
136754
136617
136466
136280
135980
135624
135424
135198
134821
134619
134551
134401
133618
133317
133208
132753
132105
131844
131627
131315
130355
129504
129048
128715
128523
128116
126882
126267
125870
125478
124968
123665
122666
122079
121183
119670
118792
118200
117591
116231
114225
113063
112060
110730
108750
106648
104759
102651
99813.4
96110.3
92120.7
198578
195478
192307
189160
186089
183122
180303
177691
175321
173199
171309
169630
168143
166783
165481
164221
163011
161847
160723
159633
158577
157554
156564
155607
154683
153791
152932
152104
151305
150533
149790
149075
148389
147732
147103
146500
145924
145375
144851
144353
143880
143431
143005
142601
142220
141859
141517
141195
140891
140604
140332
140075
139833
139605
139390
139187
138990
138798
138615
138448
138289
138129
137942
137763
137634
137508
137358
137181
136936
136740
136592
136436
136266
136039
135674
135415
135123
134806
134645
134582
134462
133670
133313
133162
132692
132127
131875
131669
131353
130262
129476
129068
128743
128552
128126
126888
126296
125906
125518
124990
123591
122617
122038
121244
119809
118850
118233
117611
116313
114249
113030
112023
110734
108793
106591
104615
102472
99636.3
95957.3
91887.4
198616
195534
192372
189229
186160
183193
180372
177755
175381
173255
171363
169683
168194
166832
165528
164267
163056
161891
160765
159674
158616
157592
156602
155644
154718
153825
152965
152136
151335
150563
149818
149102
148415
147757
147127
146524
145947
145396
144872
144374
143900
143450
143023
142619
142236
141875
141532
141209
140904
140617
140344
140086
139843
139614
139399
139194
139000
138806
138620
138450
138295
138141
137956
137764
137630
137503
137368
137218
136964
136730
136565
136413
136262
136090
135740
135392
135067
134808
134673
134615
134529
133745
133307
133107
132653
132150
131904
131726
131389
130193
129475
129101
128781
128583
128142
126910
126333
125960
125585
125022
123534
122571
122010
121320
119980
118929
118274
117635
116398
114296
113018
112008
110753
108851
106569
104506
102328
99494.9
95825.7
91646.8
198635
195559
192397
189253
186183
183215
180392
177772
175394
173265
171369
169686
168194
166831
165527
164266
163055
161889
160763
159672
158614
157591
156600
155642
154716
153823
152963
152133
151333
150561
149816
149100
148414
147756
147125
146522
145945
145394
144870
144371
143897
143447
143020
142616
142234
141872
141529
141206
140902
140615
140342
140084
139842
139613
139397
139194
138999
138806
138619
138448
138293
138145
137965
137763
137623
137496
137366
137240
136988
136719
136539
136384
136256
136134
135791
135355
135024
134814
134695
134643
134580
133813
133290
133038
132615
132162
131921
131764
131401
130113
129476
129130
128814
128597
128133
126922
126365
125984
125624
125033
123435
122514
121979
121381
120136
118981
118290
117629
116438
114330
113001
111983
110746
108883
106545
104404
102188
99356.7
95693.9
91386.5
198683
195625
192470
189330
186260
183292
180465
177840
175457
173323
171424
169739
168244
166878
165572
164310
163097
161931
160803
159711
158652
157627
156635
155676
154749
153855
152994
152163
151362
150589
149843
149126
148438
147779
147148
146544
145966
145414
144889
144390
143915
143464
143036
142632
142249
141886
141543
141219
140914
140626
140353
140094
139851
139621
139405
139201
139007
138815
138624
138451
138298
138154
137977
137766
137620
137494
137375
137268
137015
136712
136517
136364
136255
136175
135837
135319
135008
134824
134716
134671
134640
133893
133267
132977
132599
132177
131936
131819
131414
130067
129489
129164
128851
128620
128142
126949
126402
126033
125684
125055
123375
122475
121966
121442
120294
119054
118318
117638
116496
114389
113008
111984
110766
108938
106554
104341
102093
99267.7
95593.2
91122.4
198698
195642
192488
189347
186276
183307
180479
177852
175466
173330
171428
169740
168244
166878
165571
164309
163096
161930
160802
159710
158651
157626
156634
155675
154748
153854
152992
152162
151361
150588
149842
149125
148437
147778
147147
146542
145964
145413
144888
144388
143913
143462
143035
142630
142247
141885
141541
141217
140913
140625
140352
140093
139850
139621
139404
139200
139006
138815
138624
138450
138298
138156
137983
137764
137615
137490
137375
137282
137034
136705
136499
136342
136252
136211
135862
135279
135000
134832
134731
134696
134677
133953
133239
132913
132584
132182
131946
131849
131410
130024
129497
129187
128879
128625
128128
126964
126416
126043
125716
125059
123291
122435
121951
121480
120414
119097
118326
117624
116509
114422
113003
111971
110761
108959
106549
104277
102000
99176.6
95487.8
90837.8
198760
195720
192571
189432
186361
183390
180557
177924
175532
173391
171484
169792
168292
166923
165615
164351
163137
161969
160840
159746
158687
157660
156667
155707
154779
153884
153021
152190
151388
150614
149867
149149
148460
147800
147168
146563
145984
145432
144906
144406
143930
143478
143049
142644
142261
141897
141553
141228
140923
140636
140362
140102
139858
139628
139411
139207
139014
138822
138629
138453
138302
138163
137993
137768
137615
137492
137382
137302
137053
136704
136487
136328
136252
136246
135882
135259
135002
134841
134745
134718
134728
134013
133212
132877
132584
132191
131954
131893
131420
130010
129511
129212
128905
128645
128140
126991
126448
126077
125766
125079
123263
122418
121952
121519
120521
119160
118348
117632
116555
114482
113023
111986
110788
109013
106579
104259
101964
99150.7
95432.6
90579.8
198768
195729
192580
189441
186368
183398
180564
177930
175537
173394
171486
169793
168292
166923
165614
164351
163136
161968
160839
159746
158686
157660
156667
155706
154778
153883
153021
152189
151387
150613
149866
149148
148459
147800
147168
146562
145983
145431
144905
144405
143929
143477
143049
142643
142260
141897
141552
141227
140923
140635
140361
140101
139858
139628
139410
139206
139013
138822
138629
138453
138302
138164
137996
137767
137613
137490
137381
137308
137063
136701
136479
136316
136249
136267
135888
135238
135003
134845
134752
134731
134746
134046
133191
132842
132580
132193
131958
131908
131415
129993
129516
129224
128919
128646
128132
127002
126448
126076
125782
125079
123219
122399
121947
121535
120582
119185
118350
117623
116555
114502
113024
111982
110786
109024
106582
104231
101920
99108
95360.3
90286.7
198844
195819
192673
189534
186460
183485
180647
178006
175606
173456
171542
169843
168338
166965
165655
164390
163174
162005
160875
159780
158719
157692
156698
155736
154808
153911
153048
152215
151412
150637
149890
149171
148481
147820
147187
146581
146001
145448
144922
144420
143944
143491
143062
142656
142272
141908
141563
141238
140932
140644
140370
140109
139865
139635
139417
139213
139020
138828
138635
138457
138306
138169
138004
137772
137615
137492
137385
137319
137076
136705
136479
136313
136250
136287
135901
135240
135007
134850
134758
134739
134774
134083
133186
132839
132586
132201
131960
131932
131436
130008
129527
129237
128931
128662
128151
127028
126466
126092
125814
125107
123238
122404
121956
121559
120634
119229
118371
117642
116598
114558
113053
112008
110822
109081
106634
104260
101948
99152.3
95378.3
90248.6
96719.7
95428
93675.4
91749.5
89829.4
88010.6
86336.1
84818.6
83449.5
82207.7
81067.9
80005.5
78996.7
78017.6
77043.7
76051.9
75024.3
73951.3
72833.5
71679.1
70498.2
69297.5
68079.2
66844
65594.6
64336.8
63077.9
61821.9
60567
59304.5
58022
56706.6
55349.7
53953.7
52534.6
51120.2
49741.4
48418.3
47153.2
45932.5
44735.9
43543.2
42339.1
41115.1
39870
38611.5
37355.4
36124.2
34940
33815.2
32747.4
31723.6
30729.1
29755.2
28803
27883.2
27012.4
26209.7
25492.8
24865.1
24922.3
25169.2
25816.7
27237.4
30123.7
35745.4
46089.9
62610.6
84837.4
99950.7
98254.9
95993.3
94294.6
94495.7
94948
95458
94557.9
98882.3
54805.2
202853
96410
95228
93611.7
91789.2
89929.4
88138.6
86472.3
84947.8
83556.3
82277
81088.4
79971.4
78908.2
77880
76866.7
75849.4
74813.5
73751.2
72661.9
71548.9
70414.7
69258
68074.4
66859.9
65614.4
64343.8
63058
61766.4
60473
59174.8
57863.5
56530.4
55168.5
53780
52377.1
50981.2
49615.9
48297.8
47029.8
45801.6
44596.1
43394.9
42183.4
40953.3
39704.1
38444.1
37190
35963.9
34786
33666.9
32604.6
31588.8
30608.5
29657.1
28735.4
27850.4
27013.3
26239.8
25547
24944.8
25006.3
25262.9
25926.9
27372.7
30295.4
35964.7
46354.7
62885.1
85061.2
100068
98415.5
96263
95049.3
95558.3
96756.4
100246
95592.7
128577
11671.7
183318
96108.1
95053.8
93557.2
91802
89972.4
88200.4
86551.7
85035.8
83632.2
82313.1
81055.9
79849.1
78690.1
77577.2
76503.6
75457.4
74424.7
73393.5
72354.6
71301.1
70225.6
69119.3
67973
66779.7
65537.9
64252.9
62936.9
61604.8
60267.9
58930.2
57588.9
56237.9
54870.2
53487.2
52097.6
50716
49358.9
48038.4
46757.8
45510.5
44283.7
43062.9
41836.5
40598.4
39350
38100.5
36865.5
35663
34507.5
33406
32357.8
31358.1
30401.7
29485.9
28610.8
27779
26994.9
26269.9
25620.5
25068
25138.1
25413.3
26108.3
27600.2
30586.4
36331.8
46777.9
63278.6
85281
100093
98419.3
96163.5
94421.1
94559.1
94872.8
95187.5
94157
97027.8
54373.9
191450
96105.2
95093.9
93596.6
91812.4
89953.7
88167.6
86515.9
84993.1
83562.1
82183.2
80833.8
79517
78254
77064.2
75950.2
74897.8
73885.5
72891.2
71896.5
70886.3
69848
68770.3
67642.6
66457.7
65213.8
63917.4
62582.7
61228.4
59870.2
58515.6
57163.4
55807.4
54441.9
53065.9
51684
50306.8
48947.1
47614.9
46314.3
45041.7
43788.6
42545.4
41304.9
40065.8
38832.5
37614.7
36423.9
35270.5
34160.5
33096.3
32077.7
31105.1
30180.1
29304.5
28478.9
27703
26977
26309.8
25717.5
25240
25324.1
25629.5
26373.7
27937
31018.5
36874.7
47403.1
63874
85671
100277
98629.1
96423.1
94800.2
94999.7
95436
95861.8
94780.2
98886.7
53887.5
215876
96180.5
95167.2
93645.6
91830.9
89944.7
88133.9
86453.4
84887.7
83392.2
81926.3
80476.5
79063.1
77725.3
76490.7
75358.1
74305.4
73302.8
72321.5
71337.9
70333.7
69295.2
68211.5
67073.8
65876.9
64621.4
63315.5
61974.7
60618.2
59261.7
57912.4
56568.3
55220.6
53863.5
52493.1
51112.9
49732.7
48365
47020.4
45703.6
44413.1
43143.3
41888.6
40646.9
39421.5
38220.3
37052.4
35924.2
34837.6
33790.6
32780.7
31807.5
30874.3
29987.5
29152.9
28373.4
27648.3
26976.7
26366.7
25835.2
25479.5
25581.9
25923
26722.6
28364.6
31550.3
37524.4
48129.9
64543.4
86079
100510
98885.8
96654.6
94860.6
94944.9
95192.3
95757.6
93210.2
116021
27695.3
215932
96174.2
95144.8
93610.9
91784.8
89880.4
88038.1
86309.5
84681.5
83115.4
81579.1
80068.3
78609.8
77241.7
75984.5
74831
73755.9
72728.1
71718.5
70703.3
69664.8
68590.1
67470
66297.8
65071.2
63793.5
62474.6
61130.4
59778.2
58431
57093.1
55760.5
54422
53071.9
51707
50330.7
48953
47587.4
46245.4
44932.2
43646.7
42384.5
41142.4
39922
38730.1
37576.6
36469.4
35410.6
34396.2
33419.1
32473.4
31557.3
30674.5
29833.4
29042.7
28307.4
27628.1
26999
26416.1
25855
25863.3
25978.5
26339.5
27176.4
28882.4
32161.7
38246.6
48927.8
65294.6
86599
100892
99314.3
97160.5
95616.2
95956.1
96866.2
99214.3
96542.1
126371
18441.2
202670
96064.8
94989.9
93442.6
91621.3
89713.6
87845.5
86070.8
84389.1
82776
81210
79689.7
78233.4
76863.8
75589.5
74400.4
73274.4
72186.1
71111.9
70032.3
68932.3
67800.5
66628.2
65410.2
64145.8
62839.7
61502.8
60150.2
58796.9
57453
56120.1
54791.2
53455.9
52107.8
50744.7
49372.4
48003
46651.8
45330.4
44043.7
42789.7
41563.3
40361.9
39187.5
38048.3
36954.1
35911.8
34921.7
33977.3
33069.5
32190.7
31337.9
30514.1
29728
28989.9
28308.4
27679.7
27102.2
26578.6
26106.8
26148.9
26321.3
26757.7
27681.8
29485.3
32872.2
39062.5
49798.1
66093.1
87141.8
101325
99747.5
97499.6
95570.8
95502
95563.6
95519.6
94349.4
96189.1
46156.7
201916
95896.7
94732.6
93134.3
91300.9
89388.9
87503.8
85700.3
83991.3
82366
80809.1
79313.8
77883.5
76523
75230.3
73994.7
72800.3
71630.7
70471.5
69310.2
68136.1
66939.5
65712
64448.2
63146.9
61812.5
60455.1
59087.8
57722.9
56367.8
55022.4
53679.3
52334.9
50984.3
49626.8
48268.3
46921.1
45600.2
44317
43076
41874.5
40707
39569.3
38462.6
37392.7
36368.1
35394.5
34471.7
33593.9
32752.5
31940.3
31154.2
30396.5
29675.5
29001.4
28375.6
27802.2
27284.1
26829.1
26454.2
26510
26714.8
27205.8
28207.4
30109.7
33611.9
39916.8
50715.8
66954.5
87776.5
101864
100298
98017.1
96007
96036.5
96200.6
96480.6
95972.3
102386
56974.5
227795
95665.8
94406.5
92733.4
90865.3
88940.1
87045.7
85232.9
83521.6
81907.6
80376.4
78913.5
77508.4
76152.2
74835.2
73546.9
72277.7
71020.6
69770.3
68522.2
67270.9
66009
64728.6
63423.6
62091
60733.5
59358.8
57977.4
56599.6
55231.4
53873.2
52515.6
51158
49800.2
48445.5
47101.9
45782.1
44499.5
43264.1
42079.3
40942.1
39846.5
38787.1
37762.1
36774
35827.9
34927.5
34073.2
33260.9
32484.7
31739.3
31022.8
30337.9
29690.1
29079.5
28512.7
27994.6
27531.4
27135
26874.1
26944
27174.4
27704.4
28762
30742.6
34347.6
40769.5
51655.1
67879.3
88525.4
102456
100892
98563.4
96443.4
96120.8
96167
96125.7
95136
99328.2
50578.1
233522
95321.8
93995.8
92269.3
90373.8
88437.6
86538.5
84725.2
83019.8
81419
79905.6
78458.3
77058
75688.5
74336.2
72991.1
71647.6
70304.7
68964.9
67630.7
66302.3
64976
63645.3
62303.3
60945.4
59571.5
58185.9
56795.9
55408
54025.6
52646.9
51278.5
49919
48568.5
47231.2
45915.8
44634.1
43398
42216.3
41092.4
40023.8
39004.9
38029.3
37092.8
36193.9
35333.7
34513.3
33732.5
32989.2
32280.4
31604.4
30961.7
30353.1
29774
29228.1
28717.7
28245.7
27815.3
27408
27394.6
27466.3
27702.6
28248.3
29336.7
31371.4
35063
41604.4
52608.6
68875.6
89409.5
103054
101484
99107.1
96902.9
96695.6
96857.9
97438.3
95460.4
119522
28565.4
234071
94896.6
93551.3
91819
89919.9
87976.1
86066.7
84244.7
82534
80930.5
79412.8
77954.9
76533.2
75128.4
73726
72316.5
70896.3
69468.2
68039.6
66619.2
65213
63821.8
62441.4
61065.2
59687.1
58304.2
56917.5
55530.7
54147.8
52770.9
51395.3
50027.7
48672.4
47334.8
46022.1
44743.3
43508.3
42326.6
41205
40146.4
39149
38208.2
37317.6
36471.4
35665
34895.8
34161.8
33461.3
32793.1
32157
31555.5
30986.8
30445.4
29933
29448.4
28990.7
28561.8
28169.6
27810.1
27832.2
27936.1
28209.1
28792.4
29922.8
32012.2
35785.4
42448.4
53597.5
69957.9
90425.9
103623
102041
99640.1
97414.7
97454.9
97873.6
99391.8
98347.5
126316
22898.3
207310
94463.8
93145.8
91444.2
89552.1
87593.2
85658.6
83810.7
82076
80447.7
78900.8
77406.2
75938.5
74477.7
73009.4
71524.9
70021.7
68504.7
66984.8
65476
63990.4
62533.8
61105.2
59698.1
58304.9
56919.6
55539.4
54163.7
52792.6
51423.8
50065.4
48721.1
47395
46093.4
44824.4
43597.3
42421.1
41303.5
40250
39262.8
38340.8
37480.2
36675.1
35919.1
35205.9
34529.9
33886.5
33271.9
32684.9
32127.9
31597
31090.9
30612.7
30160.2
29729
29315.7
28922.4
28561.7
28238.4
28265
28381.9
28679.1
29298.7
30479.3
32638.9
36514.7
43326.5
54653.7
71142.2
91556.2
104100
102494
100028
97688.3
97411.2
97502.1
97648.1
97115.5
100110
47930.4
216172
94094.5
92828.4
91164.3
89270.3
87281
85305
83414.5
81636.8
79962.8
78364.8
76812.2
75279
73745.4
72197.4
70626.9
69032.3
67420.3
65805.4
64206.8
62642.8
61124.2
59652.3
58220.2
56818
55436.7
54070.6
52716.6
51373.6
50031.4
48701
47389.8
46104.6
44852.9
43642.7
42482.2
41378.9
40338.6
39365
38459.2
37620.1
36844.2
36126.4
35460.4
34839.2
34255.6
33702.9
33175.7
32672.6
32184.4
31713.5
31265.3
30841.4
30437.8
30047.7
29666.4
29296.1
28953.5
28649.1
28678.5
28803.8
29119.1
29771.5
31005.9
33249.7
37254.3
44252.3
55799.2
72450.9
92810.9
104473
102862
100385
98026.9
97821.5
97972.8
98299.4
98059.7
103144
57738.9
230914
93815.3
92598.9
90955.8
89040.7
87004.3
84972.2
83023.8
81186.6
79449.1
77782.1
76154.6
74540.9
72921.5
71282.7
69617.2
67924.7
66214.4
64504.9
62821.1
61186.5
59615.2
58108.9
56659.3
55254
53881
52531
51196.9
49868.5
48562.7
47281.1
46026.3
44803.5
43619.9
42484.5
41405.8
40390.3
39442.3
38563
37751.6
37005.4
36320.8
35692.8
35115.9
34583.2
34087
33620.3
33175.3
32737.4
32307.5
31890.1
31490
31108.1
30739.8
30377.6
30016.3
29658.8
29324.4
29028.9
29061.6
29196.2
29531.2
30219.6
31514.4
33855.5
38011.4
45229
57033.8
73879.9
94179.7
104698
103112
100678
98360.6
98204.1
98342.4
98577.7
98068.6
100785
47442.3
234914
93615.1
92431.8
90787.5
88832.5
86734.6
84633.5
82614
80702.7
78886.5
77135.5
75419.1
73712.1
71995.6
70257.1
68490.5
66698.1
64892.4
63096.7
61340
59648.7
58037.4
56506.8
55046.9
53643.3
52282
50951.7
49641.5
48354.2
47095.1
45867.8
44676.4
43525.9
42423
41375.9
40392.1
39477.4
38634.3
37861.7
37156
36512.1
35924.6
35388.3
34897.7
34446.9
34029.8
33633.7
33243.9
32858.3
32476.5
32101.4
31736.8
31383.8
31038.2
30693.6
30345.4
29996.9
29669.4
29382.5
29419.3
29565.2
29923.2
30652.5
32015.4
34465.6
38792
46258
58353.1
75419.1
95646.2
104728
103221
100902
98695.4
98610.9
98790.4
99392.1
98866.6
113789
22022.8
238821
93459.7
92290.9
90626.1
88616.5
86445.8
84264.9
82162.6
80164.5
78256.3
76408.1
74589.9
72777.9
70954.9
69110.6
67241.8
65354.1
63463.9
61597.5
59785.4
58053.6
56415.3
54869.7
53405.8
52008.8
50664
49358.5
48079
46835
45631
44470.5
43356.5
42293
41285.5
40340.4
39464.4
38662.2
37934.4
37277.7
36685.2
36148.9
35660.7
35214.2
34804.7
34426.2
34064.7
33711.2
33362.3
33014.5
32666.4
32319.8
31978.1
31642.8
31311.7
30979.5
30642.8
30305.2
29989.2
29718
29760
29919.2
30303
31077.1
32513.7
35082.2
39593.4
47329.3
59735.2
77031.4
97153.6
104576
103220
101133
99194.3
99335.7
100090
102080
106067
117725
17517.6
211837
93316.8
92146.3
90446.9
88372.8
86120.7
83851.2
81655.5
79559
77546.5
75588.5
73657
71730.4
69794.7
67843.1
65876.3
63903.8
61944.8
60026
58176.4
56419
54764.9
53212.1
51749.9
50363.1
49036.3
47750
46516.9
45336.8
44209
43133.7
42112.6
41149.2
40248.2
39415.3
38655.8
37972.8
37365.1
36826.8
36347.7
35916.6
35523.1
35160.1
34817.7
34483.8
34156.1
33832.2
33509
33183.6
32854.9
32524.8
32196.6
31872.6
31552.1
31231.5
30907.8
30584.3
30284.5
30039.3
30087.9
30262.1
30673.5
31494.5
33008.5
35702.1
40410.6
48435
61165
78687.1
98638.6
104251
103098
101253
99458.3
99353.9
99550
100035
99943.4
99206.6
39162.8
196713
93156.5
91970.6
90226.1
88079.8
85739.7
83373.3
81074.8
78869.2
76741.7
74664.1
72611
70564.4
68514.6
66459.3
64403.6
62360
60348.6
58394.3
56522.4
54752.1
53092.1
51540.9
50088.4
48720.2
47417.1
46181.9
45013.5
43909.8
42869.7
41892.5
40978.3
40128.1
39344.7
38631.7
37992.7
37429.3
36938.6
36512
36136.7
35798.8
35486.4
35185.1
34885.1
34584.7
34282
33975.8
33665.1
33349.6
33029.8
32708.3
32388.7
32073.9
31763.7
31455.1
31145.1
30835.2
30548.8
30348.9
30405.6
30595.7
31034.1
31901.1
33493.4
36316.9
41231.7
49555.1
62606.2
80328.2
100005
103866
102940
101397
99847.3
99486.3
99698.5
100192
100117
100558
48705.1
225903
92958.7
91746.3
89947.9
87722.9
85287.7
82816.6
80406.3
78082.7
75831.9
73628.2
71449.4
69282.2
67121.6
64970.2
62836.6
60735.4
58685.7
56709.4
54827.2
53054.7
51399.5
49860.4
48428.9
47090.3
45834.1
44664
43577.3
42569.7
41637.3
40776.7
39984.9
39260.2
38602.1
38011.6
37490.4
37038.7
36652.1
36320.5
36029.6
35764.3
35508.3
35250.3
34985.2
34709.9
34423.3
34125.9
33819.6
33506.7
33190.3
32874
32561.5
32255.3
31955.2
31657.6
31358.3
31054.4
30755.2
30664.8
30724.4
30922.2
31380.3
32290.2
33962.4
36922.2
42056.4
50694.7
64066.4
81963.9
101244
103542
102797
101499
100125
99323.5
99398.9
99398.5
99041.7
100020
37996.3
233039
92710.6
91461.2
89600.4
87289.7
84752.5
82169
79639
77190.3
74810.8
72478
70173.7
67889.2
65624.4
63386.2
61185.8
59038.6
56961.9
54974.1
53092.1
51328.8
49691.3
48179.9
46789.1
45493.2
44307.7
43228.8
42249.3
41361
40556
39827.1
39168.2
38573.7
38039.8
37564.6
37147.9
36789.4
36484.8
36224
35992.4
35775.1
35558.6
35334.9
35097.5
34842.2
34567.9
34276.2
33971.3
33658.4
33343.1
33030.1
32723.1
32424.2
32132.4
31843.7
31553.2
31257.1
30954
30956.5
31019.7
31225.9
31704.2
32657.2
34410.5
37511.7
42875.6
51838.6
65525.1
83578.4
102342
103355
102704
101550
100292
99652.6
100073
101472
104543
114123
22035.1
205510
92410.9
91114.2
89182.5
86778.8
84132.5
81428.9
78771.8
76191.6
73679.6
71216.9
68789.4
66393.1
64032
61716.4
59459.5
57276.2
55182.3
53193.1
51322.3
49581
47975.1
46503.9
45152.4
43944.7
42871.3
41919.1
41074.6
40325.8
39661.8
39072.3
38547.1
38077.2
37655.3
37277
36941.7
36650.8
36401.8
36185.8
35991.5
35805.6
35619
35422.7
35209.1
34972.8
34711.4
34426.6
34123.4
33809.7
33493.6
33181.5
32877.7
32583.6
32297.9
32016.6
31735.3
31452.8
31173.7
31187.6
31269.4
31500.2
32010.4
33010.6
34845.9
38094.5
43703.5
53008.3
67011.5
85211.5
103313
103357
102667
101493
100234
99451.1
99625.3
99985.1
99791.5
98887.5
46058.4
199746
92068.9
90714.5
88701.8
86196.5
83432.6
80600.3
77807.9
75089.9
72441.8
69848.7
67301.1
64798.7
62349.6
59966.2
57662.8
55454.2
53354.2
51376
49531.2
47829.4
46275.8
44865.6
43610.6
42516
41572.6
40764.5
40072.8
39479
38965.6
38516.8
38118.1
37757
37424.2
37115.3
36832.3
36580.8
36362.8
36173.6
36003.2
35841.9
35679.8
35507.4
35316.4
35099.7
34853.3
34577.2
34276.5
33961
33641.6
33327.6
33024.2
32732.4
32450.2
32173.8
31899.7
31629.2
31372.4
31392.5
31489.3
31745.3
32293
33350
35277.7
38681.1
44538.2
54183.1
68488.3
86810.1
104013
103641
102621
101297
100034
99372.2
99498.5
99660.5
99097.1
98386.5
49663.3
221543
91700.8
90278.3
88172.7
85554.5
82662.4
79691.1
76753.5
73889.8
71100.5
68375.6
65710
63107.4
60578.6
58137.8
55800.2
53579.7
51488.9
49539
47740.1
46099.7
44620.8
43304.8
42173.6
41223.7
40438.9
39796.5
39270.8
38836
38468.3
38146.6
37853.2
37574.2
37301
37031.5
36773.6
36540.6
36340
36169.6
36020
35880.4
35740.6
35590.7
35421.5
35224.6
34993.5
34726.3
34427.4
34107.9
33782.9
33464.9
33160.1
32869.1
32588.7
32315.1
32045.5
31783.4
31544.7
31571.1
31682.4
31964.4
32554.3
33678.3
35713.7
39292.1
45421.6
55427.8
70036.7
88471.3
104656
103947
102542
101019
99751.7
99413.2
99514.5
99522.2
98798.6
97560.9
48114.8
236242
91325.8
89823.9
87610.3
84864.4
81830
78706
75611
72591.1
69653.5
66793.9
64012
61315.2
58716.6
56232
53876.5
51663.3
49603.5
47706.8
45981.5
44434.8
43051.9
41873
40902.1
40125.6
39518.5
39049.2
38684.6
38392.7
38145.8
37920.9
37700.4
37472.3
37230.4
36977.5
36729.8
36507.4
36321.8
36170.6
36041.7
35923.2
35804.4
35675.2
35525.9
35346.7
35129.1
34868.9
34569.4
34243.8
33911.7
33589.2
33283.2
32992.7
32713.5
32441.1
32173.9
31917
31692.3
31724.5
31849.9
32158.3
32792.4
33988.3
36140.2
39905.8
46323.4
56710.8
71615
90084.7
105124
104130
102399
100699
99522.3
99599.6
99877.7
100423
99396.2
96514.5
39053
247993
90957.8
89364.6
87025.1
84132.7
80938
77644.5
74376.4
71187.5
68092.7
65094.7
62198.6
59415.6
56761
54251.3
51901
49721.9
47722.7
45909.2
44284.1
42838.5
41619.8
40629.9
39853.6
39266.5
38836.4
38525.5
38295.5
38112.1
37948.2
37784
37605.1
37402.4
37173.5
36927.6
36687.9
36478.2
36312
36181.9
36073.5
35974.5
35874.2
35762.5
35629.4
35464.1
35256.5
35000.2
34697.8
34364.7
34025.6
33700
33394.2
33104.8
32826.2
32554
32287.6
32033.6
31819.5
31857.3
31997
32333
33015.6
34292.6
36578.2
40561.1
47315.3
58120.7
73350
91837
105356
104160
102213
100380
99422.1
99592
99999.6
100872
98586.8
100868
21130.1
261321
90604.8
88907.3
86420.5
83358.3
79980.9
76497.1
73037.7
69665.2
66403.9
63264.9
60259.7
57403.3
54712.9
52204.8
49892
47783.3
45883.2
44192.3
42704
41440.7
40417.6
39627.5
39047.6
38643.1
38371.6
38188
38053
37937.2
37820.3
37687.4
37527.9
37335.8
37112.9
36873.7
36646.9
36456.9
36313.7
36205.2
36115.7
36033.2
35947.5
35848.7
35727
35571
35369.7
35114.7
34807.7
34467
34122.3
33796
33491.9
33204.1
32925.5
32652.4
32385.1
32132.2
31927.2
31970.7
32125
32489.4
33221
34579.5
36998.9
41199.1
48287.7
59491.8
75004.1
93383.3
105326
104035
101992
100089
99371.9
99762.2
101021
105401
109974
85235.7
21018.2
212485
90264.2
88448.4
85790.8
82531.7
78945
75246.7
71575.5
68004.4
64569.1
61290.7
58187.6
55278.8
52582.4
50113.2
47880.9
45889.4
44137.3
42617.2
41322.1
40275.9
39471.6
38888
38492.6
38242.7
38088.9
37986
37903.2
37821.1
37725.7
37606
37454.3
37268
37051.9
36825
36617.9
36452.1
36331.5
36242.5
36168.8
36099.1
36023.6
35933.3
35818.2
35667.5
35469.1
35213.5
34901.3
34553.4
34205.2
33880.6
33579.7
33293.5
33014.4
32739.1
32470.1
32217.5
32022.7
32072.9
32244
32640.3
33427.1
34877.9
37449.6
41896.7
49342.5
60939.1
76731.3
94986.5
105153
103820
101754
99838.1
99158.1
99488.3
100392
102513
99527.4
100880
35511.2
187158
89929.9
87980
85125
81637.5
77810
73869.2
69964.4
66181.5
62569.6
59161.2
55982
53054
50394.6
48014.4
45916.5
44096.7
42549.2
41231.6
40180.2
39379.2
38798.8
38403.8
38154.9
38007.8
37916.5
37849.1
37787.2
37718.1
37631.4
37518.1
37372.8
37194.6
36990.2
36780.7
36596.8
36456.2
36357.5
36284.9
36223.3
36162.7
36094
36008.4
35896.5
35747.5
35549.3
35291.2
34973.5
34619.6
34270.3
33949.4
33652.7
33368
33087.3
32808.3
32536.5
32285
32108.2
32164.7
32350.1
32774
33610.5
35147.4
37865.3
42560
50365.1
62378.8
78468.9
96551.9
104739
103472
101493
99635.5
98832
99070.3
99613.3
100309
97073.4
91225.4
42009.1
196267
89589.7
87488.1
84405.7
80653.5
76548.9
72334.5
68174.6
64171.3
60389.5
56873.6
53655.6
50758.3
48194.8
45967.8
44069.9
42481.8
41156.9
40128.3
39355.9
38793.3
38399.2
38138.2
37975.2
37872.9
37802
37744.5
37688.7
37624.8
37543.8
37438.1
37302.4
37135.1
36945.7
36754.2
36593.6
36475.9
36396.1
36336.4
36283.9
36229.7
36165.3
36082
35970.7
35820.6
35619.7
35357.2
35033.5
34674.9
34326.7
34011
33718.9
33435.9
33153.2
32868.8
32590.1
32336.1
32203
32263.3
32459.9
32911.5
33805.2
35446.4
38341.1
43308
51484.8
63886.8
80220.2
98026
104131
103027
101220
99452.7
98468.7
98629.9
98943.3
98932.5
96968.7
93639.7
52813
206417
89235
86959.8
83613.6
79553.1
75128.5
70606.6
66173
61950.4
58020.7
54439
51240.8
48444.5
46052.4
44050.9
42412.8
41095.1
40091.1
39357.6
38828.8
38446.2
38170
37975.4
37841.4
37748.7
37680.8
37625.9
37574.1
37516.5
37444.4
37349.8
37226.1
37071.3
36896.8
36722.5
36586.5
36491.2
36427.7
36378.6
36333.5
36284.2
36222.8
36140.5
36027.8
35874.2
35667.8
35398.6
35068.4
34707.1
34362.6
34053.4
33766.2
33485.1
33200.8
32910.9
32618.1
32330.4
32300.4
32358.9
32558.4
33026.2
33964.2
35696.8
38761.9
44004.5
52580.1
65393.8
81980.7
99404.8
103450
102548
100950
99275.1
98129.6
98224.6
98365.8
98163.5
96594.2
94509.7
54555.1
214899
88852.5
86375.8
82721
78299.4
73505.8
68642.5
63925
59501
55468.8
51890.3
48797.2
46195.8
44071.2
42389.3
41090.5
40117.7
39420.2
38924.2
38560.5
38279.5
38056
37880.8
37749.4
37655.6
37589.2
37538.9
37494.1
37445.3
37383.3
37299
37184.2
37038.6
36874.2
36716.3
36601.1
36524.4
36473.6
36432.6
36392.9
36347.2
36287.5
36204.8
36089.3
35930
35715.9
35438.1
35101
34738.3
34399
34096.8
33814.5
33535.4
33250.7
32958.1
32657.9
32356.2
32363.7
32435.7
32658.3
33167.3
34176.5
36027.4
39283.5
44803.1
53752.3
66924.8
83696.4
100539
102775
102038
100626
99043
97823.9
97875.7
97911.4
97643.6
96205.5
95596.4
56647.7
221218
88434.4
85718.8
81696.2
76846.8
71627.8
66393.2
61399
56819.3
52764.9
49294.5
46421.5
44120.9
42338.5
40999.6
40044.2
39406.4
38966.9
38635.9
38361
38119.3
37908.8
37736.4
37607.5
37520.1
37463.9
37425
37391.4
37353.3
37301.2
37225.4
37117.9
36980.7
36826.4
36689.5
36594.6
36534.6
36494.9
36461.5
36427.3
36385.1
36327.1
36243.5
36124
35957.6
35734.2
35446.6
35102.7
34741
34409.2
34114.3
33836.4
33558.9
33274
32980.2
32677.4
32374.5
32388.4
32473.9
32719.2
33265.3
34336.1
36295.1
39733.3
45557.1
54926.8
68484.3
85441.6
101456
102240
101582
100288
98796
97590.6
97608.1
97581.7
97280.8
95946.9
96355.5
57153.4
224801
87963.6
84958.5
80490.2
75130.6
69426.3
63805.6
58574.4
53929.3
49980.1
46764.9
44265.2
42416
41120
40205.2
39578.5
39149.5
38828.9
38554.8
38297.9
38054.6
37838.2
37665.8
37544.9
37469.7
37425.3
37395.3
37367.8
37334
37284.7
37210.5
37104.4
36970.8
36824.1
36705.9
36625.3
36576.5
36543.4
36514.5
36483.3
36442.9
36385.1
36299.6
36175.2
36001
35767.4
35469.2
35118.3
34758.1
34434
34145.9
33871.9
33595.6
33310.6
33016.4
32712.6
32409.5
32427.2
32527
32804.3
33407.8
34569.8
36663
40288.6
46385.6
56119.7
69998.6
87068.3
101966
101841
101069
99815.7
98470.2
97402.3
97396.4
97334.3
97012.5
95797.5
97043.1
57373.1
226248
87427.7
84060
79039
73068.6
66824.7
60836.1
55463.5
50911.8
47252.8
44454.8
42419.6
40995.3
40041.2
39504.8
39162.1
38885.3
38624.4
38362.8
38102.8
37859.9
37655.1
37503.9
37407.5
37353
37323.6
37303.7
37282.9
37254.1
37208.4
37137.1
37034.9
36908
36774.5
36677.5
36611.6
36573.1
36546.8
36522.9
36495.6
36457.8
36400.8
36313.1
36183.4
36001.2
35757.8
35450.2
35094.5
34738.4
34422.6
34140.7
33869.4
33593.4
33307.3
33012.5
32709.2
32411.6
32434.3
32545.2
32844
33487.4
34721.9
36947.2
40795.4
47232.7
57399.1
71637.2
88785.5
102279
101714
100641
99391.9
98225.1
97332.9
97269.9
97157
96823.7
95704.8
97586.5
57353.5
226176
86790.4
82948.4
77226.7
70536.8
63738.1
57471.4
52137.6
47927.5
44842.9
42741.6
41395.6
40569.5
40001.7
39577
39231.1
38920.9
38624.2
38336.3
38065.1
37825.6
37634
37498.8
37414.6
37366.2
37339.1
37319.8
37298.2
37268.2
37220.8
37148.1
37045.2
36920.1
36796.6
36712.4
36655.4
36621.1
36596.9
36574.4
36547.9
36510.2
36451.7
36360.6
36225.1
36035.1
35782.2
35464.8
35103.8
34751.2
34442.6
34165.7
33896.5
33620.3
33332.9
33037.9
32736.6
32443.7
32471.9
32600.3
32935.1
33638.2
34960.4
37307.9
41336.5
48049.3
58573.3
73112.3
90258.7
102142
101355
100102
98915.2
97964.1
97276.2
97157.6
97000.6
96660.7
95624.4
97943.4
57196.8
224598
86023.4
81525.7
74879.6
67356.6
60091.9
53801.4
48806.3
45159.8
42715.5
41189.5
40288
39787.3
39460.7
39186
38915.7
38638.1
38360.4
38096.5
37857.2
37651.1
37487.8
37372.5
37301.6
37262.3
37241.9
37228.1
37211.4
37185.8
37142.1
37072.6
36973.5
36854.8
36746.6
36676.3
36629.5
36601.5
36581.7
36562.5
36538.5
36502.4
36443.5
36349.5
36208.7
36011.1
35749
35423.2
35059.7
34713.4
34412.8
34140.4
33872.3
33594.8
33305
33010.2
32716.2
32436.7
32470.4
32610.4
32967.5
33715.7
35126.5
37632.8
41923
49019.6
59995.5
74883.6
91949.9
102106
101215
99864.3
98676.5
97850.2
97284.1
97095.2
96904.8
96579.6
95622.4
98234.3
56619.4
221760
85099.2
79697.9
71813.5
63318.5
55803.5
50072.7
46162.9
43709.6
42208.9
41303.3
40705.4
40227.5
39797.9
39379.2
38985.4
38641.7
38352.6
38104.3
37883.1
37688.4
37530
37415.9
37344.8
37304.7
37283
37267.3
37249
37221.1
37174.9
37102.2
37000.5
36882.4
36783.1
36719
36676.2
36649.4
36629.6
36610.1
36585.5
36547.7
36486.1
36388
36241.8
36037.6
35767.4
35433.1
35066
34724.1
34429.5
34160.5
33893.3
33614.8
33322.3
33026.1
32742.1
32475.8
32514.4
32669.9
33055
33845.1
35320.8
37927.2
42385.3
49741.2
61028
76178.2
93128.1
101474
100659
99491.2
98433.7
97717.6
97240.4
97013.4
96809.1
96504.9
95621
98494.7
54702.2
218852
83947.3
77372.9
68084.7
58673.4
50991.2
45811.9
42889.1
41864.9
41275.2
40729.5
40163.8
39624.4
39171.9
38846
38605.2
38391.3
38177.2
37958.9
37746.2
37556.8
37408.7
37307.8
37248.1
37217
37201.2
37190
37175.2
37150.4
37106.4
37035.5
36936.3
36823.9
36737.2
36681.8
36644.8
36621.8
36604.6
36587.1
36563.5
36525.7
36462
36359.8
36207.7
35996
35717.7
35376.9
35010.1
34675.2
34386.8
34120.3
33852.8
33572
33274.9
32971.6
32700.8
32473.7
32519.2
32687
33098
33947.8
35540.3
38344.5
43111
50903.6
62671.2
78196.1
94801.4
101367
100578
99409.8
98360.4
97684.1
97239
96981.9
96776.7
96521.5
95784.4
98834.5
50926.8
214619
80870.4
72671.5
63176
55131
49317.3
45520
43427.3
42427.4
41726.8
41096.1
40483.3
39895.1
39386.9
38995.8
38704.8
38463.4
38235.4
38009
37791.2
37599.6
37451.1
37350.8
37290.9
37260.8
37244.3
37231.1
37213.8
37185.5
37137.4
37061.5
36959.1
36847
36764.8
36713
36677.1
36654.8
36637.8
36620
36595.5
36555.8
36489.5
36384
36228.1
36012.1
35728.4
35381.9
35013.1
34682
34397.6
34133.2
33866.3
33585
33285.4
32971.6
32684.7
32519.2
32568.8
32740.6
33158.1
34024.8
35650.5
38524.3
43407.8
51365.8
63296.6
78999.3
95330.4
100714
100166
99235.3
98290.9
97631.3
97201.6
96938.8
96744.7
96538
95906.9
99385.3
43756
212713
72336.3
60651.6
50834
45561.5
45231.7
44708.5
43740.7
42460.1
41195.6
40227.5
39674.2
39406.3
39168.6
38906.6
38624.9
38347.4
38098.6
37882.4
37691.9
37525
37389.6
37295.9
37239.6
37216.6
37203.2
37192.3
37176.2
37147.7
37099.6
37025.5
36924.3
36815.6
36740.1
36693.9
36660.2
36639.2
36622.8
36604.5
36578.6
36536.1
36464.9
36352.3
36187.9
35962.8
35670.9
35320.2
34954.9
34630.5
34350.1
34086.6
33818.6
33535.2
33232.3
32911.2
32602.7
32532.8
32586.9
32781.5
33248
34200.3
35972
39084.9
44341.8
52818.5
65270.3
81469.8
96883.2
100827
100112
99138.8
98222
97597.4
97175.3
96914.3
96734.8
96603.6
96343
101954
45181.7
205605
)
;

boundaryField
{
    inlet
    {
        type            fixedValue;
        value           uniform 200000;
    }
    outlet
    {
        type            fixedValue;
        value           uniform 9000;
    }
    axis
    {
        type            symmetryPlane;
    }
    wall
    {
        type            zeroGradient;
    }
    frontAndBack
    {
        type            empty;
    }
}


// ************************************************************************* //
