/*--------------------------------*- C++ -*----------------------------------*\
  =========                 |
  \\      /  F ield         | OpenFOAM: The Open Source CFD Toolbox
   \\    /   O peration     | Website:  https://openfoam.org
    \\  /    A nd           | Version:  13
     \\/     M anipulation  |
\*---------------------------------------------------------------------------*/
FoamFile
{
    format      ascii;
    class       volScalarField;
    location    "0.1";
    object      p;
}
// * * * * * * * * * * * * * * * * * * * * * * * * * * * * * * * * * * * * * //

dimensions      [1 -1 -2 0 0 0 0];

internalField   nonuniform List<scalar> 
2016
(
7.37116
7.24759
7.11748
6.98153
7.37678
7.25315
7.12293
6.98684
7.38847
7.26474
7.13431
6.99789
7.40653
7.28266
7.15191
7.01492
7.43124
7.30717
7.17592
7.03808
7.46284
7.33848
7.20655
7.06757
7.50157
7.3768
7.24399
7.10356
7.54765
7.42236
7.28846
7.14627
7.60138
7.47543
7.34026
7.19603
7.66314
7.5364
7.39979
7.2533
7.73347
7.6058
7.46766
7.31875
7.81309
7.68441
7.54473
7.39336
7.90291
7.77323
7.63215
7.4784
8.00396
7.87348
7.73133
7.57557
8.11721
7.98646
7.84391
7.68687
8.24319
8.11326
7.97146
7.81457
8.38191
8.25409
8.11508
7.96094
8.53172
8.40752
8.27463
8.12806
8.68768
8.56906
8.44683
8.3154
8.84072
8.72991
8.62367
8.51801
8.97654
8.87508
8.78899
8.71802
9.07473
8.98092
8.9087
8.86435
9.1177
9.02449
8.94225
8.8912
9.12248
9.03337
8.96218
8.93148
9.06232
8.97098
8.90463
8.8676
8.93005
8.82776
8.74042
8.66597
8.75442
8.63977
8.52598
8.40734
8.56545
8.44134
8.3082
8.1592
8.38254
8.25261
8.10911
7.94656
8.21561
8.08296
7.93588
7.7705
8.06794
7.93483
7.78771
7.62406
7.93973
7.8075
7.66197
7.50171
7.82988
7.69908
7.55575
7.39928
7.73682
7.60747
7.46639
7.31346
7.65878
7.53067
7.39161
7.24176
7.59401
7.46689
7.32957
7.1823
7.54093
7.41461
7.27874
7.13359
7.49832
7.37263
7.23789
7.09441
7.46533
7.3401
7.20616
7.06386
7.44134
7.31638
7.18296
7.04142
7.42574
7.30094
7.1678
7.02671
7.4181
7.29333
7.1603
7.0194
6.83568
6.67947
6.51776
6.35089
6.1792
6.00303
5.82272
5.63866
5.45128
5.26108
5.06864
4.87459
4.67961
4.48439
4.28962
4.09599
3.90417
3.71479
3.5284
3.34535
3.16593
2.99042
2.81892
2.65136
2.48763
2.32758
2.17089
2.01698
1.86522
1.71532
1.56741
1.42176
1.27856
1.13777
0.999213
0.862634
0.727747
0.594203
0.461609
0.329572
0.197776
0.0659368
6.84077
6.68424
6.52211
6.35472
6.1824
6.0055
5.82438
5.63945
5.45119
5.26014
5.0669
4.87215
4.67659
4.48089
4.28573
4.09177
3.89962
3.70985
3.52297
3.33945
3.15967
2.98395
2.81242
2.64499
2.48145
2.32163
2.1653
2.012
1.86111
1.71215
1.56508
1.42011
1.27745
1.13708
0.998816
0.862401
0.727573
0.594034
0.461442
0.329433
0.197701
0.0659136
6.85129
6.69402
6.53091
6.3623
6.18854
6.01
5.82709
5.64031
5.45022
5.25746
5.06269
4.86666
4.67006
4.47356
4.27777
4.08327
3.89061
3.70034
3.51297
3.32893
3.14857
2.9723
2.80042
2.63287
2.46934
2.30969
2.15391
2.00176
1.85254
1.70544
1.56007
1.41648
1.27488
1.13531
0.997583
0.861449
0.726708
0.593168
0.460593
0.328687
0.197162
0.0656961
6.86744
6.70892
6.54419
6.37361
6.19754
6.01642
5.83077
5.64123
5.44848
5.2533
5.05647
4.85875
4.66085
4.46335
4.26676
4.07151
3.87806
3.6869
3.49858
3.31353
3.1321
2.95482
2.78231
2.61473
2.45162
2.29263
2.13787
1.98735
1.84038
1.69582
1.5528
1.4111
1.27095
1.13248
0.995519
0.859847
0.725314
0.591852
0.459357
0.327637
0.196435
0.0654205
6.88933
6.72902
6.56202
6.3887
6.20949
6.02495
5.83576
5.64273
5.44672
5.24866
5.04942
4.84978
4.65039
4.45171
4.25406
4.05772
3.86298
3.67032
3.48035
3.29363
3.11059
2.93183
2.75836
2.59086
2.42882
2.27135
2.11823
1.96965
1.82515
1.68341
1.54308
1.40362
1.2652
1.12808
0.992198
0.85731
0.723275
0.590113
0.457856
0.326429
0.195632
0.0651294
6.91711
6.75445
6.58452
6.40772
6.22462
6.03594
5.84255
5.64547
5.44576
5.24447
5.04253
4.8407
4.63953
4.43932
4.24019
4.04218
3.84543
3.65037
3.4578
3.26854
3.08328
2.90261
2.72776
2.56024
2.39989
2.24509
2.09475
1.9488
1.80704
1.66829
1.53089
1.39391
1.25743
1.1219
0.98738
0.853642
0.720483
0.587938
0.456146
0.325149
0.194829
0.0648594
6.95096
6.7854
6.6119
6.43097
6.2433
6.04985
5.85172
5.65012
5.44629
5.24134
5.03622
4.83167
4.62814
4.42579
4.22455
4.02419
3.8246
3.62617
3.4299
3.23702
3.0488
2.8659
2.68936
2.52149
2.36308
2.21211
2.06614
1.92413
1.78587
1.65049
1.5163
1.38208
1.24778
1.11401
0.981076
0.848789
0.716864
0.585282
0.454224
0.323828
0.194064
0.0646323
6.99112
6.82215
6.6445
6.45881
6.26598
6.06719
5.86377
5.65711
5.44851
5.23914
5.02995
4.8217
4.61486
4.40959
4.2057
4.00261
3.79974
3.59719
3.39616
3.19853
3.00638
2.82086
2.64254
2.4741
2.31756
2.17118
2.03112
1.89471
1.76114
1.62984
1.49935
1.36827
1.23644
1.10464
0.973457
0.842827
0.712413
0.582094
0.452037
0.322438
0.193328
0.0644437
7.03796
6.86511
6.68277
6.49172
6.29311
6.08834
5.87892
5.66632
5.45188
5.23677
5.0221
4.80883
4.59765
4.38891
4.18241
3.97708
3.77129
3.56437
3.35756
3.1536
2.95584
2.76641
2.58588
2.4171
2.26296
2.12209
1.98939
1.86013
1.73247
1.60611
1.47993
1.3525
1.22355
1.094
0.964733
0.835907
0.707185
0.578356
0.449531
0.320917
0.192578
0.0642696
7.09199
6.91483
6.72725
6.5302
6.32504
6.11339
5.89691
5.67705
5.45509
5.23233
5.01037
4.79081
4.57469
4.36259
4.15437
3.94818
3.74058
3.52937
3.31526
3.10213
2.89547
2.69865
2.51357
2.34484
2.19552
2.06316
1.94051
1.82039
1.6999
1.57927
1.458
1.33473
1.20913
1.08217
0.955049
0.828167
0.701266
0.574077
0.446655
0.319189
0.191742
0.0640745
7.15396
6.97207
6.77862
6.57469
6.36189
6.14208
5.91707
5.68824
5.45663
5.22379
4.99238
4.76553
4.54475
4.33051
4.12224
3.91681
3.70758
3.49105
3.26791
3.04249
2.82184
2.61057
2.415
2.24662
2.1085
1.9921
1.88442
1.7758
1.66373
1.54961
1.4337
1.31501
1.19319
1.06921
0.944486
0.819706
0.694731
0.569284
0.44338
0.317185
0.190747
0.0638202
7.2249
7.03783
6.83769
6.62564
6.40354
6.17368
5.93827
5.69868
5.45539
5.20983
4.96648
4.73184
4.50786
4.29363
4.08905
3.88797
3.67732
3.44865
3.21121
2.9742
2.73598
2.49658
2.2758
2.10472
1.98738
1.90088
1.81799
1.72529
1.6238
1.51747
1.40749
1.29368
1.17594
1.05524
0.933154
0.810616
0.687647
0.564003
0.439684
0.314848
0.189531
0.0634791
7.30621
7.11347
6.90558
6.6836
6.44971
6.207
5.95877
5.7068
5.45004
5.18853
4.92972
4.68703
4.46205
4.25337
4.06068
3.87635
3.6765
3.42783
3.15725
2.90209
2.6398
2.34746
2.08321
1.9056
1.82359
1.78821
1.74223
1.66993
1.58108
1.48366
1.38004
1.27128
1.15778
1.04053
0.921226
0.801013
0.680085
0.558264
0.435559
0.312139
0.188045
0.0630414
7.39974
7.20087
6.98385
6.7495
6.50039
6.24109
5.97728
5.71142
5.43751
5.15057
4.86501
4.61374
4.39859
4.1977
4.03624
3.88641
3.70675
3.44896
3.15779
2.88977
2.54746
2.09318
1.74477
1.59314
1.59089
1.64307
1.65404
1.6086
1.53516
1.44817
1.35169
1.24829
1.13913
1.02543
0.908938
0.791025
0.672111
0.552087
0.430996
0.309026
0.18625
0.0624677
7.5079
7.30254
7.07461
6.82431
6.55499
6.2747
5.99502
5.71947
5.42586
5.08265
4.73089
4.48844
4.26912
4.08824
4.02497
3.94296
3.73333
3.40627
3.13879
3.05239
2.62431
1.67412
1.16307
1.03916
1.21551
1.43608
1.53916
1.53516
1.48414
1.41086
1.3228
1.22508
1.12031
1.01012
0.896431
0.780797
0.663834
0.545571
0.426081
0.305563
0.184149
0.0616856
7.6337
7.42195
7.1807
6.90813
6.608
6.29745
6.00802
5.75311
5.46432
5.02346
4.50778
4.3213
4.17025
3.95267
4.00647
4.02837
3.96129
3.45111
3.00695
3.08561
2.75155
1.03078
0.769857
0.778724
0.970546
1.25427
1.43979
1.46432
1.43447
1.37436
1.29445
1.20209
1.10155
0.994832
0.883918
0.770524
0.655448
0.538872
0.42092
0.301808
0.181718
0.0605458
7.78093
7.56434
7.30729
7.00175
6.64557
6.27234
5.97509
5.81969
5.63088
5.1492
4.37358
4.03666
4.34888
3.90264
4.74309
4.20811
3.4996
1.62964
-2.84889
-1.59844
2.02075
0.432987
1.01686
0.860541
0.929644
1.17927
1.37692
1.41439
1.39353
1.34191
1.26803
1.1802
1.08344
0.979931
0.871675
0.760446
0.647167
0.532164
0.415637
0.297839
0.178994
0.05904
7.95447
7.73763
7.46524
7.11375
6.65901
6.1548
5.81951
5.8298
5.85317
5.37679
4.79304
-2.82032
-10.7374
-6.19475
-3.42162
-5.01136
-6.53117
-7.99269
-11.1287
-13.3852
-12.8434
-4.33941
2.70639
0.997481
1.072
1.19886
1.35583
1.39021
1.36521
1.31572
1.24517
1.16066
1.06685
0.965991
0.860065
0.750806
0.639186
0.52562
0.410385
0.293779
0.176071
0.057248
8.1596
7.95556
7.6756
7.26797
6.687
5.99587
5.44256
5.5006
5.87263
4.99551
-7.25445
-20.7788
-10.2338
-3.59313
-5.74655
-7.48528
-9.03535
-11.7152
-14.6338
-18.3341
-24.7983
-24.2681
-3.17159
2.46375
1.21909
1.23363
1.33997
1.37957
1.34603
1.29493
1.22659
1.14428
1.05257
0.953643
0.84955
0.741932
0.631742
0.519432
0.405337
0.289787
0.173093
0.0552976
8.39771
8.2308
7.96921
7.5067
6.78131
5.89129
5.01215
4.55207
3.61012
-10.6157
-21.8147
-13.9279
-9.1438
-9.66515
-10.009
-10.5977
-12.4408
-15.41
-18.5439
-21.8202
-28.2464
-33.2186
-13.8419
3.75548
1.34077
1.2612
1.32393
1.37109
1.3356
1.27967
1.21231
1.13128
1.04095
0.943345
0.840551
0.734176
0.625111
0.513822
0.400684
0.286036
0.170223
0.0533399
8.64938
8.54803
8.35551
7.92146
7.11056
5.94889
4.78609
3.6128
-8.36723
-31.9553
-24.1401
-9.54813
-7.74687
-10.9344
-11.9608
-12.7418
-14.6296
-17.8247
-21.6366
-25.1056
-30.666
-37.1884
-28.3522
-1.18902
2.15337
1.28582
1.30998
1.3573
1.33017
1.26946
1.20194
1.12175
1.03201
0.935269
0.83332
0.727808
0.619546
0.509021
0.396631
0.282713
0.167634
0.051533
8.86825
8.86437
8.80723
8.61177
8.09392
6.88619
5.34449
0.103143
-18.3893
-28.786
-17.829
-11.2228
-12.4863
-12.899
-13.1193
-14.2409
-16.0159
-19.0381
-23.2443
-26.9044
-30.9726
-37.2379
-36.9664
-9.5561
4.51519
1.32552
1.303
1.34305
1.32615
1.26339
1.19511
1.11537
1.02576
0.929419
0.827967
0.722987
0.615235
0.505224
0.393368
0.28
0.165496
0.0500276
9.07212
9.15072
9.16667
9.12845
9.00649
8.47233
7.07948
-3.01737
-27.025
-29.2943
-13.0721
-9.33499
-12.5533
-13.7836
-14.1017
-15.3264
-17.0607
-19.8978
-24.2403
-28.5078
-32.1814
-38.2094
-41.5162
-17.7971
4.65806
1.36123
1.31018
1.33598
1.32342
1.26187
1.19165
1.11194
1.02215
0.925736
0.82452
0.719788
0.612296
0.502572
0.391049
0.278053
0.163957
0.0489519
9.41418
9.36656
9.34442
9.29283
9.16324
8.7221
7.12296
-1.31599
-33.2337
-36.0883
-15.1068
-9.04503
-12.903
-14.052
-14.3439
-15.7024
-17.4655
-20.1261
-24.1903
-28.4548
-31.6831
-36.4197
-39.9642
-24.3577
2.4005
1.68486
1.34086
1.33686
1.32074
1.26322
1.19136
1.11112
1.02092
0.924228
0.823017
0.718298
0.610846
0.501207
0.389829
0.277026
0.163156
0.0484161
9.43807
9.38945
9.37091
9.32188
9.17203
8.70893
7.23638
-1.42383
-32.6982
-34.9548
-14.477
-9.02198
-12.9452
-14.0106
-14.2899
-15.6667
-17.495
-20.158
-24.0696
-28.4285
-31.9143
-36.0829
-38.8481
-23.6998
2.31399
1.68035
1.34576
1.33633
1.31958
1.26411
1.19266
1.11207
1.02149
0.924552
0.823173
0.71831
0.610741
0.501037
0.389654
0.27689
0.16308
0.048412
9.10769
9.19963
9.233
9.19348
8.96556
8.15384
7.21033
-5.41543
-25.38
-25.2967
-11.2845
-8.8516
-12.2265
-13.3511
-13.7764
-15.1043
-16.9149
-19.5319
-23.1512
-27.116
-31.1234
-36.2248
-37.6209
-14.899
4.45567
1.37596
1.32428
1.33429
1.32032
1.26499
1.19581
1.1148
1.02386
0.926686
0.824971
0.719818
0.61198
0.502063
0.390523
0.277648
0.163738
0.04896
8.87361
8.87459
8.80485
8.56078
7.83363
6.07464
5.3716
-2.99051
-11.715
-22.1944
-15.139
-11.2133
-11.9978
-12.156
-12.5368
-13.7977
-15.6083
-18.3394
-21.8329
-25.374
-30.2216
-36.3825
-29.7651
-2.47665
2.45084
1.31579
1.31098
1.34188
1.32094
1.2688
1.20163
1.12
1.02863
0.931047
0.828823
0.723175
0.614869
0.504537
0.392641
0.279462
0.165261
0.0501654
8.58924
8.46744
8.20135
7.54353
5.93306
4.01269
3.76798
3.97527
4.34413
-10.7326
-24.8701
-14.3362
-6.84304
-9.52101
-10.6551
-11.5034
-13.5344
-16.3202
-19.265
-22.078
-27.3199
-32.9078
-14.8625
3.84191
1.33946
1.2593
1.2868
1.33415
1.31957
1.27517
1.20924
1.12725
1.03559
0.937308
0.83439
0.728038
0.619077
0.508152
0.395725
0.282072
0.16741
0.0518261
8.26409
8.05418
7.70007
6.99665
5.81816
4.94019
5.09697
5.72754
6.16877
5.09025
-7.77025
-19.7035
-8.69808
-3.94568
-6.49728
-8.75663
-10.3367
-13.1428
-16.1492
-18.5361
-20.7251
-19.2548
-2.21864
2.49351
1.13991
1.09588
1.19622
1.3087
1.32214
1.28584
1.22045
1.13732
1.04462
0.945279
0.841393
0.734129
0.624335
0.512655
0.399537
0.28525
0.169972
0.0537471
7.97496
7.72188
7.36604
6.80682
6.11538
5.66431
5.65867
5.91855
5.90588
5.29346
5.06985
1.08536
-4.57078
-7.18567
-4.03508
-5.63301
-7.69521
-10.8108
-12.9322
-9.3129
-1.67647
0.888266
0.670661
0.994317
0.987574
0.96376
1.166
1.32692
1.34539
1.30315
1.23438
1.14927
1.05497
0.954431
0.849414
0.741098
0.630336
0.517764
0.403818
0.288755
0.172718
0.0557209
7.75089
7.50094
7.1864
6.78789
6.351
6.0147
5.86037
5.82751
5.66793
5.25429
4.78313
4.40957
4.97186
3.4211
3.60225
2.87997
1.7571
-3.70813
-2.0178
1.69539
0.811614
1.18916
1.61395
1.25425
1.1401
1.13819
1.27898
1.37251
1.37335
1.32058
1.24816
1.16182
1.06619
0.964409
0.858148
0.748652
0.636799
0.523217
0.408323
0.292356
0.175436
0.0575546
7.57612
7.34268
7.07083
6.76024
6.43142
6.13462
5.90554
5.72614
5.50997
5.17352
4.80067
4.57007
4.45434
3.93255
3.69081
4.00216
3.56867
2.30184
2.84014
2.6413
0.898807
1.12024
1.33419
1.35423
1.28907
1.32681
1.37293
1.40836
1.39761
1.33922
1.26427
1.1761
1.07876
0.975284
0.867486
0.756608
0.643515
0.5288
0.412843
0.295862
0.177952
0.0590942
7.43566
7.21692
6.97202
6.70319
6.42157
6.14953
5.90375
5.6779
5.44279
5.16743
4.87695
4.61162
4.37342
4.04462
3.80312
3.71408
3.32812
2.83685
2.77983
2.51322
1.66949
1.35191
1.4569
1.45064
1.46703
1.48594
1.48924
1.47712
1.43745
1.36984
1.28654
1.19345
1.09294
0.987043
0.87731
0.764812
0.650313
0.534339
0.417219
0.299133
0.180152
0.0602445
7.3199
7.11308
6.88662
6.64318
6.38987
6.13766
5.89474
5.65987
5.423
5.17384
4.91603
4.6597
4.41028
4.14283
3.89256
3.65877
3.36713
3.04775
2.77585
2.49812
2.13401
1.8837
1.79829
1.73219
1.70015
1.66766
1.6153
1.55417
1.48583
1.40443
1.31219
1.2129
1.10827
0.999414
0.887399
0.773058
0.657008
0.539681
0.421333
0.302091
0.181996
0.0609914
7.2237
7.02682
6.81443
6.58881
6.35451
6.1174
5.88178
5.64805
5.41299
5.1728
4.92757
4.6808
4.43527
4.18546
3.93747
3.69251
3.44139
3.17598
2.91782
2.66891
2.41171
2.18918
2.03398
1.93357
1.85776
1.78359
1.70294
1.61876
1.53162
1.43833
1.33829
1.23315
1.12415
1.01204
0.897522
0.781189
0.663498
0.544756
0.425138
0.304727
0.183536
0.061484
7.14329
6.95441
6.75273
6.53997
6.31895
6.09313
5.86525
5.6362
5.40518
5.171
4.93377
4.69453
4.4545
4.21348
3.97345
3.73533
3.49684
3.25554
3.01604
2.78522
2.5653
2.36765
2.2073
2.08146
1.97513
1.87644
1.77734
1.67663
1.57513
1.47131
1.36391
1.25325
1.13999
1.0246
0.907511
0.789118
0.669719
0.549514
0.428614
0.307058
0.18484
0.0618652
7.07602
6.89334
6.69964
6.49631
6.2852
6.06843
5.8479
5.62468
5.39896
5.17073
4.94029
4.70816
4.47505
4.24171
4.00934
3.77841
3.54879
3.3213
3.0983
2.88387
2.68202
2.49705
2.33414
2.19314
2.06782
1.95126
1.83799
1.72574
1.61401
1.50176
1.38794
1.27232
1.15513
1.03663
0.91707
0.796664
0.675589
0.553954
0.431812
0.309167
0.185997
0.0622068
7.02013
6.84223
6.65446
6.45803
6.25437
6.04493
5.83102
5.61361
5.39326
5.17047
4.94576
4.71964
4.49278
4.26609
4.04051
3.81667
3.59524
3.37761
3.16579
2.9621
2.76925
2.58968
2.42545
2.27645
2.13986
2.01178
1.88848
1.76759
1.64807
1.52907
1.40978
1.2898
1.16911
1.04779
0.925942
0.803658
0.681008
0.558031
0.434726
0.311072
0.187033
0.0625094
6.97433
6.80021
6.61695
6.42564
6.2275
6.02368
5.81523
5.60296
5.38752
5.16955
4.94971
4.72865
4.50711
4.28598
4.06624
3.84869
3.63417
3.42394
3.21963
3.02286
2.83536
2.65867
2.49375
2.34037
2.19691
2.06101
1.93022
1.80263
1.67707
1.55273
1.42893
1.30526
1.18156
1.05778
0.93391
0.809945
0.685877
0.561684
0.437329
0.312766
0.187951
0.0627745
6.93748
6.7664
6.58671
6.39934
6.20534
6.00574
5.80149
5.59336
5.38204
5.16818
4.95249
4.7357
4.51858
4.30204
4.08706
3.87454
3.66534
3.46054
3.26145
3.06932
2.88534
2.71044
2.54511
2.38906
2.24123
2.10006
1.96389
1.83124
1.70102
1.5725
1.44511
1.31843
1.19223
1.06639
0.940801
0.815393
0.690096
0.564847
0.439578
0.314227
0.18874
0.0630006
6.90865
6.7399
6.56298
6.37866
6.18784
5.99144
5.79036
5.5854
5.37728
5.16668
4.95434
4.74099
4.52741
4.31448
4.10319
3.89448
3.68924
3.48842
3.29308
3.10419
2.92262
2.74894
2.58337
2.42562
2.27491
2.13014
1.99011
1.85369
1.71998
1.58831
1.45815
1.32912
1.20096
1.07346
0.946481
0.81989
0.69358
0.567455
0.441431
0.315428
0.189387
0.0631843
6.88734
6.72016
6.54516
6.36303
6.17454
5.98052
5.78181
5.57922
5.3735
5.16536
4.95553
4.74478
4.53388
4.32368
4.11513
3.9092
3.70679
3.50875
3.31598
3.12929
2.9493
2.77639
2.61063
2.45174
2.29912
2.15193
2.00927
1.87023
1.73406
1.60015
1.46802
1.33728
1.20765
1.07891
0.950869
0.823366
0.69627
0.569466
0.442855
0.316349
0.189881
0.0633231
6.87327
6.707
6.53313
6.35236
6.16539
5.973
5.77595
5.57503
5.37097
5.1645
4.95637
4.74735
4.53824
4.32987
4.12316
3.91905
3.71846
3.52215
3.3309
3.14545
2.96635
2.79385
2.62796
2.4684
2.31464
2.166
2.02172
1.88104
1.74331
1.60796
1.47456
1.3427
1.21212
1.08256
0.953805
0.825691
0.698066
0.570805
0.443802
0.316964
0.190219
0.0634228
6.86627
6.70042
6.52709
6.34698
6.1608
5.96926
5.77309
5.57304
5.36983
5.16419
4.95688
4.74869
4.54045
4.33299
4.12719
3.92402
3.7244
3.52924
3.33922
3.15475
2.9762
2.80381
2.63761
2.47738
2.32269
2.17297
2.02758
1.88586
1.7472
1.61107
1.47702
1.34465
1.21365
1.08375
0.954729
0.826386
0.698566
0.571137
0.443989
0.317029
0.190191
0.0633844
)
;

boundaryField
{
    leftWall
    {
        type            calculated;
        value           nonuniform List<scalar> 
46
(
7.37116
7.24759
7.11748
6.98153
6.83568
6.67947
6.51776
6.35089
6.1792
6.00303
5.82272
5.63866
5.45128
5.26108
5.06864
4.87459
4.67961
4.48439
4.28962
4.09599
3.90417
3.71479
3.5284
3.34535
3.16593
2.99042
2.81892
2.65136
2.48763
2.32758
2.17089
2.01698
1.86522
1.71532
1.56741
1.42176
1.27856
1.13777
0.999213
0.862634
0.727747
0.594203
0.461609
0.329572
0.197776
0.0659368
)
;
    }
    rightWall
    {
        type            calculated;
        value           nonuniform List<scalar> 
46
(
7.4181
7.29333
7.1603
7.0194
6.86627
6.70042
6.52709
6.34698
6.1608
5.96926
5.77309
5.57304
5.36983
5.16419
4.95688
4.74869
4.54045
4.33299
4.12719
3.92402
3.7244
3.52924
3.33922
3.15475
2.9762
2.80381
2.63761
2.47738
2.32269
2.17297
2.02758
1.88586
1.7472
1.61107
1.47702
1.34465
1.21365
1.08375
0.954729
0.826386
0.698566
0.571137
0.443989
0.317029
0.190191
0.0633844
)
;
    }
    lowerWall
    {
        type            calculated;
        value           nonuniform List<scalar> 
52
(
9.12248
9.03337
8.96218
8.93148
9.18134
9.12118
8.98891
8.81328
8.62431
8.4414
8.27447
8.1268
7.99858
7.88874
7.79568
7.71764
7.65287
7.59979
7.55717
7.52419
7.5002
7.4846
7.47696
9.1177
9.02449
8.94225
8.8912
7.43002
7.43564
7.44733
7.46539
7.4901
7.5217
7.56042
7.60651
7.66024
7.722
7.79232
7.87194
7.96177
8.06282
8.17607
8.30205
8.44077
8.59058
8.74654
8.89958
9.0354
9.13359
9.17656
9.48005
9.50432
)
;
    }
    atmosphere
    {
        type            calculated;
        value           nonuniform List<scalar> 
44
(
0
0
0
0
0
0
0
0
0
0
0
0
0
0
-5.06339e-05
-0.000507399
-0.00137719
-0.00256354
-0.00394416
-0.00537989
-0.0067277
-0.00785355
-0.00864567
-0.00901724
-0.0089861
-0.008526
-0.00753286
-0.00618107
-0.00464494
-0.00311341
-0.00176407
-0.000740817
-0.000140856
0
0
0
0
0
0
0
0
0
0
0
)
;
    }
    frontAndBack
    {
        type            empty;
    }
}


// ************************************************************************* //
