/*--------------------------------*- C++ -*----------------------------------*\
  =========                 |
  \\      /  F ield         | OpenFOAM: The Open Source CFD Toolbox
   \\    /   O peration     | Website:  https://openfoam.org
    \\  /    A nd           | Version:  13
     \\/     M anipulation  |
\*---------------------------------------------------------------------------*/
FoamFile
{
    format      ascii;
    class       volScalarField;
    location    "0.7";
    object      p_rgh;
}
// * * * * * * * * * * * * * * * * * * * * * * * * * * * * * * * * * * * * * //

dimensions      [1 -1 -2 0 0 0 0];

internalField   nonuniform List<scalar> 
2016
(
1139.34
1097.64
1054.75
1021.15
1138.06
1064.04
1009.91
998.177
1006.48
915.8
875.433
891.575
831.239
758.076
738.333
771.674
697.715
631.161
628.276
668.925
620.39
563.256
556.298
620.715
563.382
538.377
518.11
541.503
513.535
511.493
474.427
368.36
463.641
455.359
357.27
103.308
405.036
378.499
153.896
20.6032
329.885
242.899
42.3823
19.2587
235.375
90.5989
20.2681
18.9463
171.188
51.8249
19.1157
18.7104
142.692
44.6433
18.6587
18.4863
134.631
45.2142
18.3964
18.2543
135.201
52.8646
18.1362
18.0073
140.72
63.8853
17.9053
17.781
148.116
79.1883
17.773
17.6669
155.781
93.0636
17.7769
17.6498
162.556
101.573
17.764
17.655
168.722
107.446
17.6239
17.7787
173.67
125.889
17.8818
17.8999
180.058
167.65
16.4638
15.4369
133.554
72.6469
17.4548
17.5938
126.785
59.5234
17.3976
17.5106
117.691
46.1718
17.1046
17.3176
107.694
34.1075
16.8896
17.1677
108.085
28.6601
16.7676
16.813
109.978
25.2606
16.7588
16.5572
112.946
23.8149
16.532
16.3872
136.753
27.7723
15.9033
16.2102
218.35
65.0777
20.3366
21.6162
395.967
275.137
203.954
250.669
569.964
549.682
512.755
545
663.046
642.537
597.756
609.441
717.65
667.823
630.41
646.796
767.174
695.55
673.831
691.107
841.996
776.685
755.921
740.235
964.39
907.393
875.066
806.505
1101.17
1047.06
1005.1
917.325
1175.87
1135.08
1090.7
1036.99
1141.87
1110.54
1062.92
1010.72
989.402
956.207
964.139
1024.49
1099.46
1189.24
1295.7
1408.63
1131.17
811.532
1158.7
1782.35
1938.02
2054.31
2165.52
1819.92
273.351
21.9483
21.5385
22.3778
48.3161
1157.71
2327.72
2550.81
2644.26
2738.37
2826.59
2835.38
2697.6
2881.07
3039.59
3124.63
2104.43
23.9583
19.5225
18.7273
22.3559
22.6513
12.5966
5.13213
5.18222
5.25096
974.22
762.503
609.605
797.635
1047.81
1174.62
1286.76
1300.46
534.906
77.2048
88.8389
122.232
228.831
205.125
99.8184
108.274
94.2897
27.9334
21.5149
24.1167
24.8997
22.7331
24.3521
43.7523
167.562
453.834
971.57
1284.31
407.163
190.925
381.829
1493.39
2146.9
1558.65
200.576
5.8287
5.84398
6.34858
5.85191
5.07973
5.11652
5.16764
869.73
505.112
39.2983
44.5443
144.612
288.933
344.96
290.509
189.645
130.322
77.8261
58.9063
47.7153
18.6686
18.879
19.0133
19.3081
20.349
21.186
21.7932
22.7884
22.9074
23.8851
24.2134
24.4933
24.4991
24.8598
29.5958
27.5415
29.7523
31.7385
42.8932
328.531
1066.7
1077.81
555.579
5.091
5.19986
5.03701
5.04321
5.07482
5.12012
727.43
360.316
19.2176
17.6406
17.5018
17.3199
17.1484
17.1407
17.3125
17.5644
17.7327
19.8861
22.7441
18.6887
18.8649
18.9857
19.8883
20.8916
22.1157
22.5798
23.0104
23.4531
23.8735
24.0989
24.4733
24.5037
24.8616
26.069
27.4664
28.7781
31.1099
32.2436
31.8351
215.347
990.485
1002.03
334.905
5.12384
4.9171
4.95948
5.02348
5.05806
463.729
303.195
17.7566
17.6068
17.4016
17.0332
16.7097
16.6919
16.9806
17.4362
17.9075
18.3378
18.5582
18.6303
19.3297
20.5005
20.8228
21.4698
22.2438
22.8367
22.2068
21.9454
22.6106
23.2424
23.7631
24.1866
24.6136
26.0048
27.1993
28.1336
28.982
29.5694
30.1695
31.3164
387.389
991.519
909.594
35.4969
4.67317
4.88212
4.9787
4.99145
550.522
150.624
18.4559
17.9974
17.3088
16.7671
16.3032
16.2316
16.5676
17.1964
17.907
18.4233
18.623
18.6087
20.2132
20.4613
20.7716
21.305
21.7222
20.508
21.0474
21.6094
22.2052
22.7975
23.343
23.841
24.3518
24.978
25.8362
26.7863
27.6806
28.4739
29.1895
29.3881
37.6923
607.943
925.918
614.483
4.90722
5.26297
5.00148
4.91047
438.671
67.7196
19.3513
18.4605
17.3884
16.6005
15.9648
15.8855
16.5451
17.3265
17.8952
18.4003
18.5696
18.9987
20.1661
20.3763
20.6978
21.1728
20.0011
20.2092
20.6968
21.199
21.7207
22.2501
22.7717
23.2874
23.8301
24.4518
25.1951
26.0534
26.9086
27.6116
28.0683
28.0924
27.0504
67.1983
717.7
809.403
422.261
4.82454
4.95001
4.72015
109.942
26.1632
19.7051
18.1862
17.124
16.5649
16.0869
16.0643
16.6223
17.5816
18.0471
18.3337
18.4882
18.6535
20.0644
20.3386
20.6419
19.6311
19.4734
19.8843
20.2992
20.7284
21.1772
21.6441
22.1249
22.6198
23.1425
23.71
24.3353
25.0945
25.82
26.4096
26.7205
26.6166
25.6809
24.3242
93.3686
690.13
691.347
268.416
4.7988
4.42802
19.9489
19.9418
20.2325
18.5652
17.1234
16.5651
16.3067
16.3559
16.9233
17.6854
18.0834
18.2893
18.3936
18.4214
18.9159
20.0446
19.1603
18.9473
19.2342
19.5491
19.8791
20.2261
20.5935
20.9831
21.3964
21.8346
22.309
22.8154
23.4723
24.2891
24.8272
24.9782
25.0945
24.8507
23.9905
22.3556
20.7367
79.4062
529.331
533.619
105.654
5.16254
19.5283
19.1441
18.7806
18.2154
17.4492
16.9502
16.7958
16.9443
17.344
17.7994
18.1292
18.2785
18.3441
18.4738
18.5226
18.493
18.61
18.7699
18.9677
19.1915
19.4325
19.688
19.9573
20.2475
20.5685
20.9024
21.3818
21.8146
23.3487
24.2417
24.5956
24.9045
24.7958
23.0242
21.6628
20.2079
18.047
16.0199
48.8623
380.957
321.654
4.50319
19.0788
18.7214
18.2655
17.7851
17.3688
17.1768
17.2945
17.3463
17.6003
17.9469
18.1578
18.2402
18.5226
18.6332
18.6038
18.5558
18.5382
18.54
18.6639
18.807
18.9588
19.1113
19.2631
19.4343
19.6248
20.0109
21.5557
21.5505
21.3753
21.2492
21.316
21.3944
21.3935
21.1655
20.2365
17.2718
15.3892
13.0566
10.9367
34.1332
274.951
71.2552
18.9312
18.5996
18.2229
17.8008
17.4521
17.261
17.3388
17.4758
17.6108
17.9142
18.1311
18.4097
18.4201
18.4567
18.5096
18.5655
18.4334
18.2697
18.3368
18.4036
18.4631
18.5012
18.5215
18.555
19.0177
20.0118
19.513
18.9002
18.3038
17.7757
17.4222
16.9895
16.802
16.384
15.8322
14.9669
12.3267
10.1431
7.97172
5.76816
29.5687
83.0841
18.6441
18.3598
17.857
17.6039
17.4963
17.3338
17.3673
17.3432
17.5785
17.9532
18.1194
18.1235
18.1127
18.2603
18.3072
18.1769
17.972
17.9926
18.0024
17.9935
17.9569
17.8726
17.7529
17.7294
18.8661
18.1944
17.2197
16.1799
14.6409
12.8455
12.0759
11.4112
10.7347
9.93996
10.5055
9.78511
8.88642
6.8618
4.97968
2.89972
3.17462
52.9104
18.4137
18.1093
17.8078
17.5986
17.4622
17.3396
17.2461
17.3725
17.6767
17.8526
17.8538
17.7346
17.7465
17.7808
17.7761
17.7541
17.7484
17.7253
17.6747
17.5912
17.4579
17.2466
16.975
17.4509
17.5016
16.3252
14.9482
12.2591
10.9715
9.92968
8.80052
7.98631
6.43759
5.18971
4.14032
4.0649
4.15381
3.47546
2.9812
2.70609
4.77763
5.63569
18.1292
17.9666
17.7614
17.6199
17.4674
17.3749
17.3602
17.4237
17.5107
17.5609
17.5947
17.6262
17.632
17.6232
17.6072
17.583
17.5385
17.4691
17.3633
17.2104
16.9875
16.6536
16.2317
16.2864
16.2301
14.5457
11.5572
9.90616
8.43894
7.08577
5.87874
4.11027
2.42232
0.911003
-0.562538
-1.83581
-1.82764
-0.517413
0.602989
1.93037
3.2276
3.54625
17.9104
17.9287
17.7059
17.5491
17.464
17.3992
17.3732
17.3817
17.4121
17.4654
17.5005
17.5144
17.5115
17.55
17.5092
17.4149
17.3321
17.2259
17.0742
16.8619
16.5618
16.1245
15.5878
15.243
15.136
12.4239
9.56699
7.70392
5.80476
4.22667
2.37429
0.259408
-1.69819
-3.74617
-5.3534
-5.89239
-5.75927
-4.8701
-1.94343
-0.0353478
1.81217
3.83269
17.6568
17.6939
17.7652
17.5043
17.3932
17.3557
17.3355
17.3447
17.3757
17.3951
17.4055
17.3913
17.5045
17.5414
17.434
17.2228
17.1309
16.9973
16.8103
16.5509
16.1875
15.67
15.0572
15.4138
14.1253
11.4717
7.81637
5.51871
3.26525
1.20366
-0.740146
-3.52598
-5.91522
-7.67961
-8.89323
-9.32439
-8.8957
-7.69012
-5.18332
-2.67894
0.555497
3.94832
17.4443
17.4251
17.927
17.9302
17.6996
17.6248
17.4102
17.3302
17.3264
17.2974
17.2673
17.303
17.4021
17.3688
17.1733
17.0406
16.9369
16.7848
16.5735
16.2797
15.8692
15.2911
14.6265
15.2225
13.2574
10.5088
6.48289
3.54062
1.1241
-0.668666
-3.67265
-6.27663
-8.62002
-10.6162
-11.8792
-12.1369
-11.3648
-9.678
-7.09483
-3.85538
-0.0840116
3.94693
17.3939
17.4151
17.8586
17.8978
17.9215
17.9463
17.9721
17.9627
17.7717
17.1552
17.0656
17.2072
17.2166
17.1169
16.9334
16.8651
16.7526
16.59
16.3645
16.0499
15.6098
14.9925
14.3348
14.7498
12.5866
9.50709
5.04596
2.09397
-0.35245
-2.17547
-5.14098
-8.0813
-10.6987
-12.8173
-13.9817
-14.0009
-12.8822
-10.767
-7.78923
-4.19637
-0.241969
3.97494
17.4578
17.5319
17.8603
17.844
17.7723
17.7336
17.6879
17.7019
17.7806
16.9961
16.8418
17.0404
17.0391
16.8478
16.7694
16.6961
16.5786
16.4115
16.181
15.86
15.4078
14.7788
14.0324
14.2055
12.2354
8.8962
4.06798
1.32349
-0.808972
-2.9857
-6.09173
-9.17383
-11.9077
-13.9604
-14.9039
-14.6332
-13.1707
-10.709
-7.46375
-3.73948
0.122111
4.22202
18.2641
17.5029
17.5707
17.865
17.75
17.5987
17.5023
17.466
17.3471
16.6213
16.675
16.8841
16.8557
16.6604
16.6123
16.5332
16.4123
16.2447
16.0168
15.7017
15.2575
14.6477
13.9282
13.4803
12.2183
8.51266
3.90201
1.17645
-0.713387
-3.15079
-6.58255
-9.51373
-12.1934
-13.9585
-14.6078
-13.9865
-12.1902
-9.45452
-6.06287
-2.35228
1.22587
5.33249
18.7326
17.559
17.2871
17.2542
17.0227
17.0639
17.4351
17.363
16.775
16.4721
16.5674
16.763
16.6722
16.5118
16.4582
16.372
16.2478
16.0813
15.8615
15.5607
15.1431
14.5874
13.9001
13.7249
12.4672
9.08591
4.4883
1.68809
-0.2469
-2.91607
-6.12481
-9.02163
-11.5102
-12.9521
-13.1698
-12.1469
-10.0312
-7.02329
-3.1968
0.453147
3.54401
6.92479
17.8018
17.9187
16.9875
17.0147
16.8269
16.6134
16.5145
16.4318
16.3534
16.4076
16.5905
16.6285
16.4645
16.361
16.2985
16.2048
16.0773
15.9126
15.7002
15.4189
15.0398
14.5469
13.937
13.9437
12.9537
10.0907
6.8435
2.84003
0.695239
-1.94934
-4.82456
-7.50152
-9.67188
-10.7575
-10.5206
-8.78111
-6.02643
-2.86488
0.578608
3.44442
5.59744
8.63792
16.686
17.1142
16.681
16.6789
16.5704
16.3975
16.2679
16.216
16.2328
16.281
16.5529
16.4344
16.2442
16.1986
16.1293
16.0291
15.8977
15.7327
15.5263
15.2633
14.9217
14.488
13.9596
13.55
13.5306
11.1866
8.1859
4.48977
2.25218
0.450978
-2.45342
-5.026
-6.44204
-6.4769
-5.83835
-4.16441
-1.78864
0.859079
2.84166
4.5614
5.94849
8.23025
15.5131
16.3474
16.3392
16.36
16.2673
16.1267
16.0366
16.0196
16.0542
16.1031
16.3814
16.1504
16.0679
16.0208
15.9479
15.842
15.7055
15.5377
15.3336
15.0832
14.7711
14.3859
13.93
13.4118
13.7896
12.2479
9.52563
6.40159
4.36975
2.68431
0.601792
-1.16687
-2.13796
-2.25424
-1.68963
-1.1771
0.276791
1.94956
3.40291
4.6251
5.83373
7.05757
16.2129
16.3158
16.2333
16.1288
16.0213
15.8374
15.7541
15.7689
15.8293
16.0686
16.1572
15.9197
15.8535
15.808
15.7315
15.6199
15.4759
15.3012
15.0936
14.8477
14.5542
14.2055
13.8057
13.3503
13.5971
13.042
10.8684
8.10364
6.08281
4.74512
2.91253
1.41832
-0.101849
-0.225263
0.184083
0.758993
1.65171
2.66867
3.56432
4.35203
5.09296
5.35451
17.1766
16.5438
16.1421
16.1876
16.0777
15.9002
15.6819
15.6003
15.7364
16.007
15.7991
15.6137
15.6028
15.5611
15.4803
15.3596
15.2038
15.0162
14.7969
14.5436
14.2512
13.9135
13.5314
13.097
12.7656
13.0328
11.7033
9.23755
7.09702
5.88535
3.85429
1.69486
1.0127
0.987462
1.27165
1.71342
2.35406
2.97839
3.57735
4.10626
4.4962
4.46459
17.2249
16.4498
16.291
16.1835
16.01
15.8936
15.8658
15.902
15.8996
15.5127
15.4066
15.3912
15.3651
15.3135
15.2204
15.0851
14.9131
14.7086
14.473
14.2055
13.9029
13.5589
13.1668
12.7191
12.1758
11.9535
11.6334
9.83963
7.46055
5.99633
4.81872
3.53176
2.58412
1.98381
2.22914
2.52801
2.89025
3.27095
3.64194
3.96313
4.1518
4.07279
17.0785
16.3696
16.419
16.2323
16.0744
15.955
15.8882
15.8264
15.3729
15.262
15.2213
15.1808
15.1366
15.0674
14.9549
14.8002
14.6093
14.3868
14.1351
13.854
13.5407
13.1882
12.7844
12.3106
11.7378
11.0466
10.3871
9.36752
7.62093
6.04735
5.31188
4.59797
4.07746
3.32808
3.04284
3.16082
3.32241
3.52552
3.74247
3.92544
4.011
3.93179
16.5258
16.4075
16.4552
16.2884
16.1291
15.986
15.7841
15.3013
15.1955
15.1126
15.0329
14.9693
14.9067
14.816
14.6809
14.5046
14.2944
14.0562
13.7934
13.5062
13.1912
12.8403
12.44
11.9706
11.4042
10.7064
9.85296
8.83527
7.69822
6.52227
5.51052
4.75872
4.22782
3.88665
3.72091
3.64402
3.65162
3.73457
3.8567
3.96678
4.00741
3.92846
16.5157
16.442
16.4015
16.2976
16.1054
15.8583
15.3303
15.183
15.051
14.9336
14.8223
14.7426
14.6646
14.5515
14.3919
14.194
13.9662
13.7169
13.4515
13.1704
12.8687
12.5355
12.1557
11.7102
11.1769
10.5329
9.76764
8.89339
7.95175
7.00771
6.14701
5.43812
4.89533
4.48499
4.17736
3.97186
3.87911
3.89028
3.9704
4.06368
4.10026
4.0197
16.4468
16.5052
16.2407
16.2537
16.0173
15.4478
15.2328
15.0551
14.8803
14.7448
14.617
14.507
14.4047
14.2676
14.0827
13.8622
13.6184
13.362
13.1049
12.8466
12.5779
12.2825
11.9413
11.5353
11.047
10.4632
9.78226
9.01807
8.20537
7.39395
6.63339
5.95466
5.36448
4.85489
4.43707
4.1385
3.98174
3.96541
4.05801
4.1951
4.27754
4.20475
16.39
16.4224
16.1801
15.9781
15.7323
15.3486
15.1572
14.9577
14.8948
14.8173
14.631
14.254
14.1375
13.9678
13.75
13.499
13.2339
12.9755
12.7366
12.5245
12.3166
12.0836
11.7993
11.4446
11.0067
10.4795
9.86664
9.18188
8.45026
7.70507
6.97755
6.28429
5.62803
5.01806
4.49237
4.10666
3.914
3.92055
4.08893
4.34251
4.54623
4.51607
18.1693
16.6609
16.0057
15.617
15.4875
15.4341
15.2577
15.0555
14.9286
14.725
14.4725
14.0721
13.8929
13.6639
13.3881
13.079
12.7674
12.4983
12.3017
12.1762
12.0741
11.937
11.7279
11.432
11.0451
10.5687
10.0102
9.38172
8.70021
7.98417
7.24859
6.49925
5.73742
4.98281
4.30433
3.81586
3.60346
3.68311
4.00859
4.48411
4.93686
5.04424
230.07
87.7796
15.5764
15.2774
15.4029
15.4153
15.2773
15.104
14.871
14.7021
14.2262
13.9577
13.6845
13.3594
12.9777
12.5477
12.1236
11.8077
11.6724
11.7029
11.796
11.8215
11.7191
11.4893
11.1484
10.7119
10.1946
9.6068
8.95659
8.24756
7.47675
6.63267
5.70262
4.7063
3.75378
3.06375
2.81148
3.02772
3.60167
4.45452
5.34355
5.86799
596.823
388.907
19.0291
15.2956
15.3889
15.3735
15.2617
15.0652
14.7982
14.5889
14.1998
13.8865
13.5019
13.0312
12.4533
11.7699
11.087
10.6271
10.5501
10.8594
11.3515
11.703
11.7783
11.6276
11.3189
10.9021
10.4102
9.85244
9.22337
8.50624
7.67246
6.68262
5.4945
4.11826
2.74138
1.81184
1.7836
2.1909
3.09746
4.25373
5.40383
6.16389
661.344
549.18
46.0477
15.0755
15.199
15.2932
15.2173
14.9135
14.7496
14.5444
14.2612
13.8837
13.4167
12.733
11.7996
10.7376
9.64126
8.9184
9.04352
9.82908
10.7306
11.6431
11.9534
11.8394
11.5362
11.1217
10.6497
10.1196
9.51236
8.78775
7.88757
6.75876
5.37416
3.67347
2.07258
1.05535
0.889644
1.50083
2.77611
4.27447
5.67769
6.71876
675.587
463.292
39.4623
15.0186
15.0218
15.1161
15.0841
14.9044
14.7838
14.6148
14.3505
13.9231
13.2969
12.4326
11.3066
9.88296
8.79203
8.07202
7.93885
9.21723
10.753
11.6973
12.2862
12.0795
11.6832
11.297
10.8583
10.3745
9.81259
9.11495
8.20778
7.03971
5.73204
4.1452
2.50214
1.38537
1.1134
1.56944
2.88639
4.22747
5.34978
7.71227
606.657
147.904
15.9061
15.9055
15.1198
15.0808
15.0215
14.94
14.8292
14.7057
14.5396
14.0888
13.2764
12.2506
10.8872
9.36076
7.88706
7.20028
7.41557
8.73037
11.087
11.5041
12.096
12.0601
11.7044
11.2965
10.9455
10.5589
10.0891
9.48214
8.67438
7.6101
6.30588
4.849
3.3839
2.28852
2.01166
2.5838
3.6691
4.69361
5.53938
8.17854
428.974
30.3318
16.0841
16.1678
15.2664
15.1352
15.0851
15.0365
14.8966
14.7688
14.9151
14.4822
13.5896
12.6025
11.2091
9.8254
8.6259
8.8204
8.73108
9.59217
10.2069
10.7379
11.2319
11.4424
11.453
11.2631
10.9216
10.6736
10.3266
9.86927
9.27084
8.48526
7.46379
6.20983
4.83905
3.52973
3.07598
3.46204
4.03238
6.96496
10.154
7.90953
327.462
17.9456
14.5737
15.6762
15.1596
15.0755
15.1643
15.2235
15.1731
14.9089
14.6066
14.344
13.9437
13.3248
12.4621
11.4248
10.4657
9.85278
9.60518
9.76171
10.0531
10.0737
10.2812
10.6247
10.8576
11.053
11.0133
10.8532
10.572
10.2777
9.95214
9.51143
8.89167
8.10777
6.68767
4.53697
4.23526
9.09813
33.5953
20.9442
13.8449
5.22969
436.759
30.6129
14.1666
14.7732
15.3522
15.1546
15.241
15.1034
14.9021
14.391
13.9477
14.014
14.1977
14.1231
13.6345
12.8235
11.9288
11.4822
11.6461
11.5534
10.5657
9.92426
10.1389
10.4165
10.4716
10.8119
11.0011
10.8629
10.6359
10.6184
10.6292
10.5022
10.4609
10.8346
24.6052
251.732
657.955
691.347
84.4911
4.37532
4.66998
4.9525
868.701
363.445
113.974
64.4589
27.0323
15.5079
15.6241
15.9931
17.0159
28.6327
37.3615
30.5316
19.7592
14.3237
14.2045
13.7917
13.6545
13.9156
14.3908
15.6066
70.7709
249.526
344.341
206.485
10.3002
10.8795
11.6451
58.7488
143.094
95.2388
24.8837
73.9279
297.012
694.645
1811.94
2791.34
2707.42
1087.71
5.39067
5.37322
12.2146
7.07213
968.255
948.297
956.523
963.332
511.922
93.7656
458.39
1114.75
1211.95
1308.7
1405.51
1487.46
1520.58
1590.25
1677.02
1462.36
509.028
227.059
868.063
1161.89
1206.22
1251.55
1311.56
434.746
11.1295
351.181
1860.79
2092.31
2159.22
2224.01
1940.33
1899.07
2559.85
2746.15
2803.85
2868.11
1413.48
6.53398
6.34226
6.43101
5.57394
5.00608
)
;

boundaryField
{
    leftWall
    {
        type            fixedFluxPressure;
        gradient        uniform 0;
        value           nonuniform List<scalar> 
46
(
1139.34
1097.64
1054.75
1021.15
989.402
956.207
964.139
1024.49
1099.46
1189.24
1295.7
1408.63
1131.17
811.532
1158.7
1782.35
1938.02
2054.31
2165.52
1819.92
273.351
21.9483
21.5385
22.3778
48.3161
1157.71
2327.72
2550.81
2644.26
2738.37
2826.59
2835.38
2697.6
2881.07
3039.59
3124.63
2104.43
23.9583
19.5225
18.7273
22.3559
22.6513
12.5966
5.13213
5.18222
5.25096
)
;
    }
    rightWall
    {
        type            fixedFluxPressure;
        gradient        uniform 0;
        value           nonuniform List<scalar> 
46
(
1141.87
1110.54
1062.92
1010.72
968.255
948.297
956.523
963.332
511.922
93.7656
458.39
1114.75
1211.95
1308.7
1405.51
1487.46
1520.58
1590.25
1677.02
1462.36
509.028
227.059
868.063
1161.89
1206.22
1251.55
1311.56
434.746
11.1295
351.181
1860.79
2092.31
2159.22
2224.01
1940.33
1899.07
2559.85
2746.15
2803.85
2868.11
1413.48
6.53398
6.34226
6.43101
5.57394
5.00608
)
;
    }
    lowerWall
    {
        type            fixedFluxPressure;
        gradient        uniform 0;
        value           nonuniform List<scalar> 
52
(
133.554
72.6469
17.4548
17.5938
133.554
126.785
117.691
107.694
108.085
109.978
112.946
136.753
218.35
395.967
569.964
663.046
717.65
767.174
841.996
964.39
1101.17
1175.87
1141.87
180.058
167.65
16.4638
15.4369
1139.34
1138.06
1006.48
831.239
697.715
620.39
563.382
513.535
463.641
405.036
329.885
235.375
171.188
142.692
134.631
135.201
140.72
148.116
155.781
162.556
168.722
173.67
180.058
16.686
15.5131
)
;
    }
    atmosphere
    {
        type            prghTotalPressure;
        rho             rho;
        psi             none;
        gamma           1;
        p0              uniform 0;
        value           nonuniform List<scalar> 
44
(
5.30365
5.19399
5.15209
5.07412
4.96507
4.84658
4.61863
4.26517
3.99459
4.45114
5.37783
93.7516
60.7124
9.98203
6.79586
6.25495
6.05335
5.98971
5.96738
5.96336
6.40927
6.54704
6.53216
5.80341
5.35369
4.51191
4.07265
3.8635
3.80083
3.82216
3.90925
4.06552
4.31752
4.73406
5.40897
5.73053
6.53777
7.8339
8.45079
8.32945
5.3367
4.93472
5.26582
5.07413
)
;
        rho             rho;
    }
    frontAndBack
    {
        type            empty;
    }
}


// ************************************************************************* //
