/*--------------------------------*- C++ -*----------------------------------*\
  =========                 |
  \\      /  F ield         | OpenFOAM: The Open Source CFD Toolbox
   \\    /   O peration     | Website:  https://openfoam.org
    \\  /    A nd           | Version:  13
     \\/     M anipulation  |
\*---------------------------------------------------------------------------*/
FoamFile
{
    format      ascii;
    class       volScalarField;
    location    "0.00149996";
    object      rho;
}
// * * * * * * * * * * * * * * * * * * * * * * * * * * * * * * * * * * * * * //

dimensions      [1 -3 0 0 0 0 0];

internalField   nonuniform List<scalar> 
8000
(
0.383859
0.379158
0.374504
0.369946
0.36552
0.361293
0.357333
0.353681
0.350357
0.347358
0.344661
0.342237
0.340082
0.338162
0.33634
0.334538
0.332782
0.331101
0.329487
0.327921
0.326395
0.324913
0.323476
0.322086
0.320742
0.319442
0.318185
0.316971
0.315803
0.314676
0.31359
0.312542
0.311535
0.310571
0.309649
0.308766
0.307921
0.307113
0.306343
0.30561
0.304914
0.30425
0.30362
0.303024
0.302461
0.301927
0.301418
0.300939
0.300492
0.300073
0.299669
0.299277
0.298913
0.298591
0.298289
0.297973
0.297654
0.297385
0.297163
0.296933
0.296628
0.296344
0.296145
0.295986
0.295816
0.295413
0.295138
0.29495
0.294744
0.294612
0.294334
0.2936
0.29321
0.292931
0.29273
0.292669
0.292247
0.291218
0.290843
0.290545
0.290183
0.289844
0.288808
0.287987
0.287546
0.286999
0.28647
0.286181
0.285498
0.284151
0.283521
0.283031
0.282282
0.281427
0.280553
0.278815
0.277853
0.277349
0.27679
0.275928
0.274797
0.272398
0.269989
0.268509
0.267268
0.266302
0.265167
0.262739
0.26097
0.259753
0.25821
0.256156
0.25316
0.249048
0.246563
0.244599
0.242328
0.239675
0.236843
0.233492
0.38386
0.379159
0.374505
0.369948
0.365522
0.361297
0.357336
0.353685
0.350362
0.347364
0.344668
0.342245
0.340091
0.338172
0.33635
0.334549
0.332793
0.331112
0.329497
0.32793
0.326405
0.324923
0.323486
0.322096
0.320752
0.319451
0.318194
0.31698
0.31581
0.314683
0.313596
0.312548
0.311541
0.310576
0.309653
0.30877
0.307926
0.307118
0.306349
0.305616
0.304919
0.304256
0.303627
0.303031
0.302468
0.301932
0.301423
0.300945
0.3005
0.300079
0.299671
0.299279
0.298923
0.2986
0.298287
0.297968
0.297658
0.2974
0.297171
0.296926
0.296626
0.296355
0.296149
0.295982
0.29579
0.295413
0.295157
0.294954
0.294743
0.294607
0.294345
0.293651
0.293213
0.292908
0.292707
0.292637
0.292285
0.291306
0.29086
0.290487
0.290047
0.289691
0.28884
0.287979
0.287567
0.287137
0.286635
0.286206
0.285257
0.284182
0.283643
0.283088
0.28205
0.28116
0.280551
0.279219
0.277784
0.277117
0.276471
0.275658
0.274618
0.272472
0.270541
0.26919
0.267756
0.266459
0.265034
0.262695
0.261059
0.25983
0.2583
0.256415
0.253282
0.249023
0.246659
0.244726
0.242361
0.239439
0.236344
0.232894
0.38386
0.379161
0.374508
0.369951
0.365526
0.361301
0.357341
0.35369
0.350367
0.347369
0.344673
0.342249
0.340095
0.338176
0.336351
0.334548
0.332792
0.331111
0.329497
0.32793
0.326404
0.324921
0.323484
0.322094
0.32075
0.319449
0.318191
0.316977
0.315808
0.314682
0.313595
0.312547
0.311541
0.310576
0.309653
0.30877
0.307925
0.307117
0.306346
0.305612
0.304915
0.304253
0.303622
0.303022
0.302457
0.301927
0.301423
0.30094
0.300485
0.300064
0.299672
0.299292
0.29892
0.298576
0.298274
0.297981
0.297689
0.2974
0.29714
0.296895
0.296637
0.296392
0.296163
0.295963
0.295713
0.295393
0.29519
0.294988
0.294766
0.294601
0.294272
0.293685
0.293275
0.292933
0.292701
0.292597
0.292222
0.291392
0.290944
0.290384
0.28982
0.289499
0.288953
0.288035
0.287586
0.287218
0.286831
0.286213
0.28494
0.284268
0.283848
0.283125
0.281793
0.280996
0.280517
0.279663
0.277847
0.276851
0.276115
0.275387
0.274259
0.272159
0.270998
0.270147
0.26877
0.266876
0.264749
0.262586
0.261133
0.259845
0.258312
0.256579
0.253376
0.249111
0.246809
0.244881
0.242452
0.239174
0.23549
0.232183
0.383861
0.379163
0.374512
0.369957
0.365534
0.36131
0.357351
0.353702
0.350381
0.347386
0.344692
0.342271
0.340121
0.338203
0.336379
0.334576
0.33282
0.331139
0.329523
0.327955
0.326429
0.324946
0.323509
0.322118
0.320774
0.319473
0.318215
0.317
0.31583
0.314701
0.313613
0.312565
0.311558
0.310592
0.309667
0.308784
0.30794
0.307132
0.30636
0.305626
0.304931
0.304269
0.303638
0.30304
0.302476
0.301944
0.301437
0.300956
0.300505
0.300083
0.299678
0.299291
0.298932
0.298603
0.29828
0.297976
0.29769
0.297419
0.29715
0.296876
0.296633
0.296415
0.296196
0.295946
0.295617
0.295382
0.295227
0.295048
0.294827
0.294565
0.294089
0.293708
0.293424
0.293075
0.292766
0.292558
0.291998
0.291373
0.291057
0.290354
0.289681
0.2894
0.288982
0.288104
0.287605
0.287261
0.287029
0.286129
0.284799
0.284333
0.283984
0.283063
0.281735
0.281034
0.280558
0.279909
0.278021
0.276737
0.275979
0.275249
0.273633
0.271883
0.271129
0.270576
0.269741
0.267494
0.264505
0.262565
0.261108
0.259683
0.258109
0.256385
0.253355
0.249376
0.247046
0.24507
0.242554
0.238786
0.234599
0.231874
0.383862
0.379166
0.374517
0.369964
0.365541
0.361319
0.357361
0.353711
0.350391
0.347395
0.3447
0.342279
0.340128
0.338208
0.33638
0.334574
0.332817
0.331137
0.329521
0.327954
0.326427
0.324943
0.323505
0.322114
0.320769
0.319468
0.31821
0.316996
0.315826
0.314699
0.313611
0.312563
0.311555
0.310591
0.309667
0.308783
0.307937
0.307129
0.306357
0.305621
0.304922
0.30426
0.303631
0.30303
0.30246
0.301928
0.301429
0.300952
0.300492
0.300061
0.299668
0.299302
0.298944
0.298587
0.29826
0.297969
0.297704
0.297436
0.297137
0.296852
0.296623
0.296426
0.296224
0.2959
0.295556
0.29538
0.295238
0.295079
0.294883
0.294408
0.293965
0.293734
0.293535
0.29325
0.292923
0.292445
0.291725
0.291348
0.291113
0.290436
0.289669
0.289348
0.288884
0.288121
0.287615
0.287297
0.287148
0.286096
0.284784
0.284363
0.283961
0.282893
0.281783
0.281145
0.280627
0.280036
0.278239
0.276787
0.276062
0.275147
0.273057
0.27182
0.271193
0.270657
0.26998
0.267603
0.264473
0.262694
0.261106
0.259435
0.25776
0.25593
0.253134
0.249712
0.247321
0.245243
0.242583
0.238396
0.234204
0.23183
0.383864
0.379171
0.374525
0.369974
0.365554
0.361333
0.357377
0.35373
0.350413
0.34742
0.344729
0.342313
0.340167
0.338249
0.336421
0.334616
0.33286
0.331179
0.329562
0.327992
0.326464
0.32498
0.323542
0.322151
0.320806
0.319504
0.318245
0.31703
0.315858
0.314729
0.313639
0.312589
0.311581
0.310614
0.309689
0.308804
0.307959
0.30715
0.306378
0.305644
0.304947
0.304285
0.303654
0.303055
0.302489
0.301957
0.301453
0.300971
0.300514
0.300086
0.299688
0.299312
0.298951
0.2986
0.298273
0.297982
0.297715
0.297442
0.297138
0.296852
0.296627
0.296432
0.296242
0.295869
0.295549
0.29539
0.295236
0.295108
0.294886
0.294287
0.293961
0.293767
0.293558
0.293338
0.293052
0.292246
0.29168
0.291395
0.291146
0.290591
0.289791
0.289272
0.28867
0.288141
0.287721
0.287361
0.287168
0.28616
0.284827
0.284313
0.283699
0.282687
0.281838
0.281205
0.280649
0.280098
0.278511
0.276923
0.276196
0.274963
0.272803
0.271796
0.271167
0.270592
0.269898
0.267302
0.264441
0.262893
0.261172
0.259159
0.257333
0.255403
0.252806
0.249987
0.247588
0.245268
0.242311
0.238222
0.234361
0.231882
0.383866
0.379176
0.374532
0.369984
0.365566
0.361347
0.357391
0.353744
0.350426
0.347433
0.344741
0.342324
0.340177
0.338257
0.336423
0.334614
0.332857
0.331176
0.329559
0.32799
0.326462
0.324977
0.323538
0.322146
0.320799
0.319497
0.318238
0.317024
0.315853
0.314724
0.313635
0.312586
0.311578
0.310612
0.309688
0.308802
0.307954
0.307145
0.306373
0.305637
0.304935
0.30427
0.303642
0.303045
0.302475
0.301937
0.301433
0.30096
0.300508
0.300077
0.299676
0.299304
0.298948
0.298604
0.29828
0.297983
0.29771
0.297432
0.297127
0.296855
0.296637
0.296438
0.29623
0.295836
0.295558
0.295395
0.295227
0.295127
0.294809
0.294225
0.293977
0.293761
0.293532
0.293417
0.293045
0.292113
0.29173
0.291492
0.291206
0.2907
0.289931
0.289099
0.288567
0.288211
0.287878
0.287478
0.287134
0.286103
0.284753
0.284098
0.28341
0.282627
0.281866
0.281146
0.280586
0.280124
0.278774
0.276959
0.27606
0.274855
0.272925
0.271754
0.271023
0.270393
0.269575
0.266816
0.264382
0.263027
0.261241
0.258892
0.256935
0.255005
0.252671
0.250229
0.247706
0.244896
0.241667
0.238258
0.234933
0.232005
0.383868
0.379183
0.374543
0.369999
0.365584
0.361367
0.357414
0.353769
0.350454
0.347465
0.344778
0.342366
0.340225
0.338307
0.336474
0.334666
0.33291
0.331229
0.329611
0.328039
0.326509
0.325024
0.323585
0.322193
0.320846
0.319543
0.318283
0.317066
0.315893
0.314762
0.313671
0.31262
0.31161
0.310643
0.309716
0.308829
0.307981
0.307173
0.306401
0.305666
0.304966
0.304302
0.303673
0.303076
0.302507
0.30197
0.301464
0.300986
0.300531
0.300102
0.299698
0.299317
0.298955
0.298614
0.298298
0.298003
0.297718
0.297428
0.297131
0.296873
0.296657
0.296451
0.296206
0.295826
0.295581
0.295412
0.295254
0.295149
0.294733
0.294239
0.293999
0.293747
0.293556
0.293487
0.292926
0.292108
0.291824
0.291607
0.291243
0.290787
0.289988
0.289043
0.288607
0.288297
0.287999
0.287569
0.287121
0.285906
0.284546
0.283894
0.283278
0.282662
0.281909
0.281009
0.280474
0.280119
0.278883
0.276772
0.275766
0.274866
0.273389
0.271785
0.27082
0.270117
0.269117
0.266358
0.264329
0.263085
0.26123
0.258645
0.256702
0.254895
0.252835
0.250517
0.24763
0.244159
0.24103
0.238316
0.235481
0.232113
0.383871
0.37919
0.374555
0.370014
0.365602
0.361386
0.357433
0.353788
0.350472
0.347481
0.344793
0.342379
0.340238
0.338317
0.336476
0.334663
0.332906
0.331226
0.329607
0.328036
0.326506
0.32502
0.323579
0.322185
0.320837
0.319534
0.318274
0.317058
0.315886
0.314756
0.313666
0.312617
0.311607
0.310639
0.309713
0.308826
0.307977
0.307165
0.306392
0.305656
0.304955
0.304288
0.303656
0.303058
0.302491
0.301953
0.301447
0.300971
0.300519
0.30009
0.299689
0.299315
0.298958
0.298616
0.298293
0.297998
0.29771
0.297418
0.297138
0.296888
0.296664
0.296444
0.296162
0.295822
0.295598
0.295423
0.295268
0.295111
0.294653
0.294256
0.294002
0.293746
0.293595
0.293501
0.292777
0.292155
0.291911
0.291672
0.291214
0.290823
0.29
0.289094
0.288705
0.288386
0.288066
0.287582
0.287068
0.285614
0.284358
0.283775
0.283242
0.282724
0.281977
0.280833
0.280297
0.280019
0.278799
0.276489
0.275476
0.27474
0.273812
0.272065
0.270646
0.269793
0.268559
0.266009
0.264321
0.263118
0.261109
0.2584
0.256585
0.254974
0.253092
0.250741
0.247187
0.24347
0.240752
0.238354
0.235693
0.232016
0.383874
0.3792
0.37457
0.370034
0.365626
0.361413
0.357462
0.353819
0.350506
0.347519
0.344835
0.342429
0.340294
0.338375
0.336536
0.334724
0.332969
0.331288
0.329667
0.328092
0.326561
0.325074
0.323634
0.32224
0.320892
0.319587
0.318326
0.317108
0.315932
0.3148
0.313708
0.312655
0.311643
0.310674
0.309746
0.308859
0.30801
0.3072
0.306426
0.30569
0.304989
0.304325
0.303695
0.303096
0.302526
0.301987
0.301481
0.301003
0.300546
0.300112
0.299706
0.299329
0.298974
0.298634
0.298309
0.298008
0.297717
0.297429
0.297156
0.296909
0.296678
0.296435
0.296142
0.295848
0.29563
0.295451
0.295287
0.295042
0.294624
0.294314
0.294033
0.29378
0.293642
0.293437
0.292686
0.292249
0.292011
0.291682
0.291155
0.29082
0.290033
0.289211
0.28885
0.288518
0.288132
0.287545
0.28691
0.28538
0.284268
0.283749
0.283264
0.282803
0.282081
0.280685
0.280067
0.279777
0.278613
0.276298
0.275312
0.274632
0.273929
0.272464
0.270602
0.269427
0.267911
0.26579
0.264384
0.263208
0.261035
0.258258
0.256586
0.255085
0.253316
0.250746
0.246518
0.243122
0.240721
0.238382
0.235647
0.231709
0.383878
0.37921
0.374585
0.370054
0.36565
0.361438
0.357486
0.353842
0.350528
0.347539
0.344853
0.342444
0.340309
0.338385
0.336538
0.334721
0.332965
0.331283
0.329663
0.328089
0.326557
0.325069
0.323627
0.322232
0.320882
0.319577
0.318316
0.317099
0.315926
0.314793
0.313702
0.312651
0.31164
0.310671
0.309743
0.308855
0.308005
0.307192
0.306416
0.305678
0.304976
0.304309
0.303676
0.303076
0.302508
0.301971
0.301465
0.300986
0.300532
0.300104
0.299704
0.29933
0.298971
0.298624
0.298301
0.298002
0.297719
0.297439
0.297159
0.296904
0.296667
0.296413
0.296137
0.295881
0.295646
0.29544
0.295241
0.294946
0.294634
0.294382
0.294068
0.293806
0.293649
0.293276
0.292642
0.292344
0.292111
0.291652
0.291083
0.290755
0.290009
0.289314
0.288995
0.288686
0.288242
0.287448
0.286605
0.285303
0.284266
0.283746
0.283283
0.282869
0.28222
0.280601
0.279808
0.279405
0.27836
0.2762
0.27523
0.274547
0.273836
0.272707
0.270672
0.268932
0.267279
0.265706
0.264503
0.263356
0.261051
0.258245
0.256626
0.25516
0.253447
0.250463
0.245948
0.243025
0.240773
0.238354
0.235423
0.23123
0.383882
0.379223
0.374605
0.37008
0.36568
0.361472
0.357522
0.35388
0.350568
0.347582
0.3449
0.342499
0.340371
0.33845
0.336604
0.334789
0.333033
0.331351
0.329729
0.328152
0.326618
0.325129
0.323687
0.322291
0.320942
0.319636
0.318373
0.317153
0.315977
0.314843
0.313748
0.312694
0.311681
0.31071
0.30978
0.308892
0.308041
0.307229
0.306454
0.305716
0.305016
0.30435
0.303717
0.303116
0.302546
0.302008
0.301501
0.30102
0.300561
0.300126
0.299723
0.299349
0.298993
0.298643
0.298311
0.29801
0.297732
0.297461
0.297184
0.296911
0.296657
0.29641
0.296165
0.295935
0.295686
0.295423
0.295173
0.294904
0.294675
0.294479
0.294157
0.293832
0.29358
0.293117
0.292688
0.29245
0.292211
0.291626
0.291041
0.290667
0.289986
0.289415
0.28912
0.288853
0.288425
0.287282
0.286278
0.28541
0.284409
0.28378
0.283312
0.282941
0.282405
0.280588
0.279548
0.27902
0.278113
0.276251
0.27523
0.274504
0.273729
0.272723
0.270583
0.268398
0.266924
0.265715
0.264626
0.263508
0.261152
0.258286
0.256667
0.255214
0.25349
0.250017
0.245644
0.243075
0.240845
0.238256
0.235036
0.23066
0.383887
0.379236
0.374625
0.370106
0.36571
0.361502
0.357551
0.353907
0.350593
0.347605
0.34492
0.342516
0.340386
0.338461
0.336606
0.334786
0.333029
0.331347
0.329724
0.328148
0.326614
0.325124
0.32368
0.322282
0.320931
0.319625
0.318362
0.317144
0.315969
0.314836
0.313742
0.312688
0.311676
0.310706
0.309777
0.308887
0.308035
0.30722
0.306443
0.305703
0.305
0.304332
0.303698
0.303096
0.302527
0.30199
0.301483
0.301003
0.300548
0.300119
0.299718
0.299344
0.298986
0.298636
0.298305
0.298008
0.297736
0.297463
0.297177
0.296896
0.296637
0.296405
0.296192
0.295962
0.295666
0.295368
0.295116
0.294891
0.294709
0.294542
0.294223
0.293805
0.293441
0.293031
0.292723
0.292515
0.292265
0.291592
0.291014
0.290596
0.289932
0.289426
0.289139
0.288939
0.288574
0.287099
0.286088
0.285503
0.284618
0.283823
0.283327
0.282984
0.282573
0.280665
0.279312
0.278672
0.277846
0.27632
0.27527
0.274486
0.27366
0.272716
0.27034
0.268013
0.26678
0.265752
0.264726
0.263636
0.261275
0.258349
0.256707
0.255252
0.253434
0.249547
0.245564
0.243197
0.240899
0.238075
0.234502
0.230053
0.383893
0.379252
0.37465
0.370138
0.365747
0.361543
0.357594
0.353951
0.350639
0.347653
0.344973
0.342575
0.340452
0.338529
0.336676
0.334858
0.333102
0.331419
0.329795
0.328216
0.326679
0.325188
0.323743
0.322346
0.320994
0.319687
0.318423
0.317202
0.316024
0.314888
0.313791
0.312735
0.31172
0.310748
0.309817
0.308926
0.308074
0.307259
0.306483
0.305744
0.305042
0.304375
0.303739
0.303137
0.302567
0.30203
0.301521
0.301037
0.300576
0.300143
0.299742
0.299368
0.299005
0.298651
0.298319
0.298023
0.297753
0.297481
0.297188
0.296896
0.296643
0.296422
0.296219
0.296003
0.295668
0.295343
0.295111
0.294907
0.294739
0.294601
0.294254
0.29375
0.293384
0.293057
0.292776
0.292566
0.292288
0.291546
0.291001
0.2906
0.28996
0.28941
0.289098
0.288939
0.288648
0.287096
0.286082
0.285573
0.284792
0.283898
0.283359
0.283013
0.282692
0.280873
0.279167
0.278417
0.277621
0.276353
0.275317
0.274493
0.273658
0.272732
0.270127
0.267857
0.266767
0.265808
0.264824
0.263812
0.26142
0.25844
0.256775
0.255304
0.253304
0.249189
0.245667
0.24339
0.24096
0.237865
0.233908
0.229494
0.383899
0.379269
0.374674
0.37017
0.365783
0.361579
0.357628
0.353982
0.350667
0.347679
0.344994
0.342593
0.340467
0.338539
0.336678
0.334854
0.333097
0.331414
0.329789
0.32821
0.326674
0.325182
0.323736
0.322337
0.320983
0.319675
0.318412
0.317192
0.316015
0.314879
0.313784
0.312729
0.311715
0.310743
0.309812
0.30892
0.308066
0.30725
0.306471
0.30573
0.305026
0.304357
0.303722
0.303119
0.302549
0.302011
0.301503
0.301021
0.300566
0.300136
0.299734
0.299356
0.298997
0.298648
0.298319
0.298022
0.297745
0.29747
0.297175
0.296887
0.296646
0.296428
0.296215
0.295975
0.29563
0.295336
0.295124
0.294921
0.294744
0.294603
0.294195
0.293695
0.293382
0.293102
0.292817
0.292583
0.292234
0.291452
0.290964
0.290599
0.290025
0.289409
0.28906
0.288834
0.288536
0.287211
0.286181
0.285643
0.28487
0.283983
0.283407
0.282996
0.282684
0.281144
0.279183
0.278293
0.27745
0.276266
0.275291
0.274482
0.273674
0.272746
0.270038
0.26787
0.266835
0.265911
0.264956
0.263917
0.261447
0.258517
0.256844
0.255335
0.253076
0.248963
0.245895
0.243651
0.241058
0.237682
0.233336
0.229027
0.383906
0.379288
0.374704
0.370208
0.365827
0.361627
0.357677
0.354031
0.350717
0.347732
0.345051
0.342655
0.340536
0.33861
0.336752
0.334931
0.333174
0.331489
0.329861
0.32828
0.326742
0.325249
0.323802
0.322402
0.321049
0.31974
0.318475
0.317252
0.316072
0.314934
0.313836
0.312778
0.311762
0.310787
0.309854
0.308961
0.308107
0.307291
0.306514
0.305774
0.30507
0.304401
0.303764
0.303161
0.302591
0.302052
0.301541
0.301055
0.300595
0.300164
0.299763
0.299383
0.299014
0.298661
0.298335
0.298043
0.297766
0.297479
0.297179
0.2969
0.296668
0.296453
0.296235
0.295965
0.295615
0.295366
0.295175
0.294948
0.294747
0.294569
0.29412
0.293699
0.293452
0.293192
0.292873
0.292607
0.292135
0.291355
0.290934
0.290618
0.290128
0.289454
0.289044
0.288732
0.288354
0.287348
0.286365
0.285732
0.284907
0.284101
0.283503
0.282982
0.282575
0.281394
0.27939
0.278328
0.277372
0.276165
0.275234
0.274473
0.273719
0.272808
0.270171
0.268039
0.266958
0.265997
0.265033
0.263932
0.261379
0.258593
0.256922
0.255341
0.252764
0.24887
0.246204
0.243973
0.24121
0.237574
0.232846
0.228653
0.383914
0.379309
0.374734
0.370245
0.365869
0.361668
0.357715
0.354066
0.350749
0.347759
0.345074
0.342674
0.340551
0.338619
0.336753
0.334927
0.333169
0.331484
0.329856
0.328274
0.326736
0.325242
0.323794
0.322393
0.321039
0.319729
0.318463
0.317242
0.316063
0.314925
0.313828
0.312772
0.311756
0.310783
0.30985
0.308955
0.3081
0.307282
0.306502
0.30576
0.305054
0.304384
0.303747
0.303143
0.302572
0.302033
0.301523
0.301039
0.300583
0.300155
0.299751
0.299369
0.299006
0.298658
0.298337
0.298038
0.297752
0.297464
0.297168
0.296909
0.296677
0.296453
0.296215
0.295906
0.295599
0.295393
0.295213
0.294973
0.294743
0.29448
0.294014
0.293719
0.29351
0.293258
0.292923
0.292615
0.291996
0.291267
0.290897
0.290614
0.290193
0.28951
0.289029
0.288641
0.288172
0.287374
0.286527
0.2858
0.284947
0.284206
0.283606
0.283011
0.282433
0.281428
0.279662
0.27848
0.277358
0.276117
0.275192
0.274428
0.273706
0.272798
0.270387
0.268318
0.267132
0.266072
0.265055
0.263832
0.261203
0.258661
0.257017
0.255319
0.252375
0.248866
0.246549
0.244329
0.241412
0.237558
0.232455
0.228344
0.383923
0.379333
0.374769
0.370289
0.36592
0.361722
0.35777
0.354121
0.350804
0.347816
0.345135
0.34274
0.340622
0.338693
0.336829
0.335006
0.333248
0.33156
0.32993
0.328347
0.326807
0.325311
0.323862
0.322461
0.321105
0.319795
0.318527
0.317303
0.316122
0.314981
0.313881
0.312821
0.311803
0.310827
0.309892
0.308998
0.308142
0.307325
0.306546
0.305804
0.305098
0.304427
0.303789
0.303185
0.302614
0.302073
0.30156
0.301074
0.300615
0.300186
0.299781
0.299394
0.299022
0.298673
0.298356
0.298063
0.297773
0.297468
0.297176
0.296927
0.296712
0.296479
0.296205
0.295871
0.295606
0.295439
0.295272
0.295024
0.294737
0.294371
0.293971
0.293749
0.293581
0.293338
0.292989
0.292612
0.291887
0.291244
0.290895
0.290619
0.290225
0.289577
0.289062
0.288613
0.288068
0.287348
0.286602
0.285837
0.285022
0.284327
0.283718
0.283072
0.282347
0.281259
0.279878
0.278725
0.277431
0.276166
0.275229
0.274417
0.273683
0.272737
0.270586
0.268696
0.267386
0.266164
0.265049
0.263639
0.260998
0.258757
0.257179
0.255296
0.251981
0.248954
0.246899
0.244685
0.241639
0.237625
0.232157
0.228063
0.383933
0.379358
0.374804
0.37033
0.365966
0.361769
0.357813
0.354159
0.350837
0.347844
0.345158
0.342759
0.340637
0.3387
0.336829
0.335002
0.333244
0.331555
0.329924
0.32834
0.3268
0.325305
0.323855
0.322452
0.321095
0.319783
0.318516
0.317293
0.316113
0.314973
0.313874
0.312815
0.311798
0.310823
0.309888
0.308991
0.308134
0.307314
0.306533
0.305789
0.305082
0.30441
0.303772
0.303168
0.302596
0.302055
0.301543
0.301059
0.300603
0.300174
0.299769
0.299385
0.299018
0.298674
0.298356
0.298054
0.297758
0.297455
0.297172
0.296932
0.296711
0.296476
0.29617
0.295838
0.295616
0.295459
0.295294
0.295052
0.294705
0.294261
0.293965
0.293775
0.293605
0.293357
0.293017
0.292568
0.291817
0.291267
0.290908
0.290602
0.290186
0.289599
0.289101
0.288615
0.288016
0.287308
0.286556
0.285794
0.285097
0.284453
0.283807
0.283147
0.282326
0.281037
0.279858
0.278941
0.277602
0.276289
0.27534
0.274463
0.273664
0.272566
0.270633
0.269085
0.267725
0.266287
0.264996
0.263329
0.260771
0.258848
0.257358
0.25523
0.251633
0.249072
0.247214
0.245008
0.241866
0.237747
0.231937
0.227778
0.383944
0.379387
0.374845
0.37038
0.366023
0.361829
0.357873
0.354218
0.350896
0.347905
0.345222
0.342828
0.340709
0.338774
0.336906
0.335081
0.333322
0.331632
0.329999
0.328414
0.326872
0.325375
0.323923
0.322519
0.321161
0.319848
0.318579
0.317354
0.316171
0.315029
0.313927
0.312865
0.311846
0.310868
0.309932
0.309035
0.308177
0.307358
0.306577
0.305833
0.305125
0.304453
0.303814
0.303209
0.302636
0.302094
0.30158
0.301094
0.300635
0.300204
0.299797
0.299406
0.299034
0.298689
0.298375
0.298077
0.297774
0.297464
0.297185
0.296956
0.296736
0.296484
0.296152
0.295839
0.295653
0.295494
0.295318
0.295079
0.294646
0.294227
0.293994
0.293817
0.293626
0.293365
0.293019
0.292501
0.291831
0.291349
0.290966
0.290598
0.29012
0.289605
0.289161
0.288672
0.288047
0.287302
0.286453
0.285725
0.285163
0.284579
0.283916
0.283254
0.28236
0.280873
0.279791
0.278998
0.277795
0.27651
0.275554
0.274616
0.273665
0.272293
0.270596
0.269438
0.268127
0.266449
0.264893
0.262946
0.260595
0.258941
0.257556
0.255139
0.251431
0.249216
0.247484
0.245285
0.242079
0.237897
0.231788
0.227484
0.383956
0.379416
0.374884
0.370426
0.366073
0.361879
0.357919
0.354259
0.350931
0.347934
0.345246
0.342847
0.340723
0.338781
0.336905
0.335077
0.333318
0.331628
0.329993
0.328407
0.326864
0.325367
0.323915
0.32251
0.321152
0.319838
0.318569
0.317345
0.316163
0.315022
0.31392
0.312859
0.31184
0.310863
0.309926
0.309028
0.308168
0.307348
0.306565
0.30582
0.305111
0.304438
0.303799
0.303193
0.30262
0.302078
0.301564
0.301079
0.300623
0.300193
0.299786
0.299399
0.299031
0.298689
0.298371
0.298068
0.297764
0.297458
0.297187
0.296953
0.296731
0.296471
0.296118
0.29584
0.295669
0.295509
0.295323
0.29507
0.294574
0.294224
0.294029
0.29385
0.293628
0.293336
0.292955
0.292392
0.291871
0.291466
0.29103
0.290542
0.290034
0.289595
0.289195
0.288712
0.2881
0.287282
0.286318
0.285667
0.285197
0.284659
0.283963
0.283316
0.282386
0.280768
0.279742
0.278999
0.277901
0.276724
0.275816
0.274857
0.273649
0.271974
0.270582
0.269688
0.268478
0.266591
0.264725
0.262589
0.260469
0.258999
0.257711
0.255068
0.251345
0.249345
0.247693
0.245498
0.242252
0.238025
0.231684
0.227161
0.38397
0.379449
0.374931
0.370481
0.366136
0.361945
0.357985
0.354323
0.350995
0.347998
0.345313
0.342918
0.340796
0.338856
0.336983
0.335157
0.333396
0.331704
0.330068
0.328479
0.326935
0.325437
0.323984
0.322578
0.321217
0.319903
0.318632
0.317406
0.316221
0.315076
0.313972
0.312909
0.311888
0.310909
0.309971
0.309071
0.308211
0.30739
0.306608
0.305863
0.305153
0.304479
0.303839
0.303233
0.302659
0.302115
0.3016
0.301112
0.300654
0.300222
0.299812
0.29942
0.299049
0.298706
0.29839
0.298086
0.297776
0.297471
0.297207
0.296974
0.296741
0.296465
0.296112
0.295869
0.295705
0.295532
0.295334
0.295037
0.294535
0.294266
0.29409
0.293899
0.293639
0.293298
0.292854
0.292316
0.291928
0.291606
0.291122
0.290506
0.289992
0.289601
0.28922
0.28875
0.288206
0.287283
0.286221
0.285646
0.285227
0.284708
0.28398
0.283361
0.282431
0.280766
0.279751
0.279004
0.277955
0.276914
0.276093
0.275152
0.273586
0.271751
0.270659
0.269886
0.268717
0.266638
0.264547
0.262378
0.260424
0.259075
0.257851
0.255108
0.251385
0.249464
0.24784
0.245641
0.24237
0.238095
0.231598
0.22682
0.383985
0.379483
0.374974
0.37053
0.366189
0.361997
0.358033
0.354365
0.35103
0.348027
0.345336
0.342935
0.340808
0.338861
0.336982
0.335153
0.333392
0.3317
0.330063
0.328474
0.32693
0.32543
0.323977
0.32257
0.321209
0.319893
0.318622
0.317396
0.316213
0.315069
0.313965
0.312903
0.311882
0.310904
0.309965
0.309065
0.308204
0.307382
0.306597
0.30585
0.30514
0.304465
0.303825
0.303218
0.302644
0.302101
0.301585
0.301099
0.300641
0.300211
0.299803
0.299414
0.299045
0.298703
0.298384
0.298078
0.29777
0.297472
0.297205
0.296969
0.296733
0.296441
0.296097
0.295876
0.295721
0.295542
0.295336
0.294978
0.294504
0.294294
0.294134
0.293942
0.293648
0.293233
0.292712
0.29227
0.291984
0.291711
0.291171
0.290472
0.289965
0.289588
0.289208
0.288769
0.288297
0.287231
0.286172
0.285656
0.28525
0.284727
0.283966
0.283333
0.282398
0.280826
0.279805
0.279008
0.277973
0.277039
0.2763
0.275416
0.273495
0.271676
0.270749
0.270023
0.26879
0.266526
0.264422
0.262334
0.260434
0.259096
0.257904
0.255229
0.251504
0.249553
0.24791
0.245695
0.242405
0.23807
0.23149
0.226462
0.384002
0.379522
0.375026
0.37059
0.366257
0.362069
0.358104
0.354434
0.351097
0.348094
0.345405
0.343008
0.340883
0.338937
0.33706
0.335232
0.33347
0.331775
0.330137
0.328545
0.326999
0.325498
0.324044
0.322635
0.321273
0.319956
0.318684
0.317456
0.31627
0.315124
0.314017
0.312952
0.31193
0.310949
0.310009
0.309108
0.308246
0.307424
0.306639
0.305891
0.30518
0.304505
0.303864
0.303256
0.302682
0.302137
0.30162
0.301132
0.300672
0.300239
0.299827
0.299434
0.299063
0.298721
0.298401
0.298092
0.297782
0.297485
0.297228
0.29699
0.296741
0.296436
0.29611
0.295903
0.295744
0.295558
0.295344
0.294915
0.29452
0.29434
0.294184
0.29399
0.293675
0.293142
0.292608
0.292269
0.292046
0.291793
0.291198
0.290495
0.289985
0.289582
0.289187
0.288796
0.288395
0.287198
0.286192
0.285706
0.285291
0.284745
0.283971
0.283298
0.28233
0.280946
0.279928
0.279036
0.277988
0.277119
0.276471
0.275632
0.273471
0.271731
0.270868
0.270129
0.268697
0.266338
0.264427
0.262496
0.260502
0.259099
0.257899
0.255412
0.251699
0.249613
0.247906
0.245661
0.242357
0.237947
0.231344
0.226088
0.384019
0.379559
0.375073
0.370641
0.366311
0.362121
0.358152
0.354476
0.351132
0.348123
0.345428
0.343024
0.340892
0.338939
0.337057
0.335227
0.333466
0.331771
0.330131
0.328539
0.326993
0.325492
0.324037
0.322628
0.321265
0.319947
0.318675
0.317448
0.316263
0.315117
0.314011
0.312946
0.311924
0.310944
0.310003
0.309102
0.308239
0.307415
0.306629
0.305881
0.305169
0.304492
0.30385
0.303243
0.302668
0.302124
0.301607
0.301119
0.300661
0.300229
0.299819
0.29943
0.299061
0.298716
0.298395
0.298086
0.297777
0.297484
0.297222
0.296983
0.296734
0.296421
0.296105
0.295912
0.295754
0.295567
0.295337
0.294856
0.294526
0.294368
0.294213
0.29402
0.293691
0.293031
0.292531
0.292274
0.292095
0.291828
0.291165
0.290544
0.290023
0.289546
0.289145
0.288824
0.288461
0.287149
0.28624
0.285774
0.28534
0.284738
0.283933
0.283192
0.282205
0.28107
0.28009
0.279048
0.277986
0.277182
0.276558
0.275761
0.273527
0.271855
0.271004
0.270186
0.268455
0.266116
0.264487
0.26276
0.260617
0.259071
0.25782
0.255563
0.251945
0.249643
0.247824
0.24553
0.242213
0.237721
0.231143
0.225698
0.384041
0.379604
0.375131
0.370707
0.366384
0.362198
0.358228
0.354549
0.351203
0.348193
0.345499
0.343098
0.340968
0.339016
0.337134
0.335304
0.333541
0.331844
0.330203
0.328609
0.327061
0.325559
0.324102
0.322692
0.321327
0.320008
0.318735
0.317506
0.316318
0.315169
0.314061
0.312994
0.31197
0.310988
0.310046
0.309143
0.308279
0.307455
0.306669
0.30592
0.305208
0.304531
0.303888
0.30328
0.302703
0.302158
0.30164
0.30115
0.300689
0.300254
0.299842
0.299449
0.299078
0.298734
0.298412
0.2981
0.297792
0.297499
0.297241
0.296999
0.296742
0.296423
0.296121
0.295928
0.295767
0.295582
0.295332
0.294829
0.294548
0.2944
0.29424
0.294049
0.293709
0.292947
0.292504
0.292287
0.292143
0.291844
0.291123
0.29062
0.290122
0.289523
0.289116
0.288873
0.288519
0.287129
0.286317
0.285886
0.285424
0.284746
0.283884
0.283052
0.282078
0.281183
0.280283
0.279063
0.277992
0.277241
0.276612
0.275861
0.273686
0.272033
0.271164
0.270197
0.268139
0.265969
0.264604
0.263104
0.260802
0.259041
0.257713
0.255677
0.25224
0.249666
0.247691
0.245331
0.242003
0.237435
0.230908
0.22532
0.384062
0.379644
0.375179
0.370759
0.366437
0.36225
0.358275
0.35459
0.351236
0.348219
0.345519
0.343112
0.340976
0.339016
0.337131
0.3353
0.333538
0.331842
0.330199
0.328605
0.327056
0.325553
0.324097
0.322686
0.32132
0.32
0.318727
0.317498
0.316311
0.315164
0.314056
0.312989
0.311965
0.310983
0.310041
0.309137
0.308273
0.307448
0.306661
0.305911
0.305198
0.30452
0.303877
0.303268
0.302692
0.302146
0.301629
0.30114
0.300679
0.300245
0.299835
0.299445
0.299076
0.29873
0.298407
0.298096
0.297787
0.297493
0.297232
0.296992
0.296736
0.29642
0.296125
0.295933
0.29577
0.295586
0.295319
0.294813
0.29456
0.294416
0.29425
0.294057
0.29371
0.292891
0.292489
0.292294
0.292175
0.291796
0.29107
0.290693
0.290216
0.289473
0.289092
0.288918
0.288531
0.287112
0.286407
0.285991
0.285507
0.284745
0.28379
0.28286
0.281967
0.281271
0.280464
0.279058
0.277994
0.277287
0.276648
0.275887
0.273823
0.272206
0.271316
0.270155
0.267818
0.265903
0.264742
0.263427
0.261027
0.259008
0.25759
0.25571
0.252537
0.249698
0.247519
0.245071
0.241731
0.237106
0.230641
0.224958
0.384088
0.379695
0.375243
0.370831
0.366516
0.362332
0.358356
0.354668
0.351311
0.348292
0.345593
0.343188
0.341052
0.339092
0.337206
0.335375
0.333611
0.331912
0.330268
0.328672
0.327122
0.325618
0.32416
0.322748
0.321381
0.32006
0.318785
0.317554
0.316364
0.315214
0.314104
0.313036
0.31201
0.311026
0.310082
0.309178
0.308312
0.307486
0.306698
0.305948
0.305235
0.304556
0.303912
0.303302
0.302725
0.302178
0.301659
0.301169
0.300707
0.30027
0.299857
0.299464
0.299093
0.298747
0.298423
0.29811
0.297802
0.297511
0.297247
0.297003
0.296747
0.296437
0.296142
0.295942
0.295776
0.295595
0.295317
0.294827
0.294577
0.294429
0.294257
0.294057
0.293716
0.292892
0.292499
0.292317
0.292201
0.291731
0.29105
0.290767
0.290335
0.289456
0.289089
0.288968
0.288525
0.287121
0.286505
0.286122
0.285614
0.284755
0.283674
0.282693
0.281908
0.281357
0.280628
0.279059
0.278007
0.27733
0.276689
0.275915
0.273982
0.272385
0.271466
0.270084
0.267605
0.265928
0.264891
0.263745
0.261292
0.25899
0.25748
0.25571
0.252818
0.249763
0.247344
0.24479
0.241436
0.236772
0.230371
0.224625
0.384112
0.379737
0.375291
0.370881
0.366567
0.362382
0.358401
0.354706
0.351342
0.348317
0.345611
0.343199
0.341057
0.339092
0.337204
0.335372
0.333608
0.331909
0.330264
0.328667
0.327117
0.325613
0.324154
0.322741
0.321374
0.320053
0.318778
0.317547
0.316359
0.315209
0.314099
0.313031
0.312006
0.311022
0.310078
0.309173
0.308307
0.307479
0.306691
0.30594
0.305226
0.304547
0.303902
0.303292
0.302715
0.302168
0.30165
0.30116
0.300698
0.300262
0.29985
0.29946
0.29909
0.298744
0.298419
0.298108
0.2978
0.297506
0.297241
0.296996
0.296741
0.296443
0.296151
0.295943
0.295772
0.295591
0.295308
0.294848
0.294587
0.294429
0.294251
0.294036
0.293708
0.29292
0.292512
0.292326
0.292193
0.291632
0.291045
0.290837
0.290435
0.28944
0.289091
0.288993
0.288467
0.287135
0.286602
0.286222
0.285711
0.284744
0.283525
0.282562
0.281884
0.281435
0.280752
0.279046
0.27802
0.277363
0.276712
0.275926
0.274048
0.27249
0.271551
0.270004
0.267472
0.265994
0.265032
0.263977
0.261537
0.258971
0.257372
0.255664
0.253027
0.249845
0.247163
0.244486
0.241114
0.236432
0.230096
0.224302
0.384146
0.379795
0.375362
0.370961
0.366651
0.362469
0.358487
0.354788
0.35142
0.348392
0.345686
0.343275
0.341133
0.339167
0.337278
0.335445
0.333679
0.331978
0.330332
0.328734
0.327181
0.325674
0.324215
0.322801
0.321432
0.320109
0.318833
0.3176
0.316409
0.315258
0.314146
0.313076
0.312049
0.311063
0.310117
0.309211
0.308344
0.307516
0.306727
0.305975
0.30526
0.30458
0.303935
0.303323
0.302744
0.302196
0.301677
0.301186
0.300722
0.300285
0.299871
0.299478
0.299107
0.298759
0.298433
0.29812
0.297814
0.297521
0.297251
0.297002
0.296753
0.296466
0.296169
0.295946
0.295771
0.295588
0.295318
0.294894
0.294602
0.294425
0.29424
0.294019
0.2937
0.293003
0.292546
0.292345
0.292162
0.29155
0.291063
0.290905
0.290553
0.289467
0.289107
0.289012
0.288407
0.287171
0.286698
0.286336
0.285824
0.284705
0.283397
0.282497
0.281893
0.281515
0.280858
0.27905
0.278051
0.277407
0.276746
0.275957
0.274074
0.272532
0.27161
0.27001
0.267472
0.26609
0.265178
0.264181
0.26178
0.258973
0.257289
0.255621
0.253188
0.249948
0.247006
0.244199
0.240803
0.236116
0.229841
0.223995
0.384173
0.379836
0.375408
0.371008
0.366698
0.362514
0.358529
0.354823
0.351448
0.348414
0.345701
0.343284
0.341136
0.339167
0.337276
0.335442
0.333677
0.331976
0.330328
0.328729
0.327177
0.325671
0.324211
0.322796
0.321427
0.320104
0.318827
0.317595
0.316405
0.315254
0.314142
0.313072
0.312045
0.311059
0.310114
0.309207
0.30834
0.307511
0.306721
0.305969
0.305254
0.304574
0.303928
0.303316
0.302737
0.302189
0.30167
0.301179
0.300716
0.300279
0.299866
0.299474
0.299104
0.298756
0.29843
0.29812
0.297814
0.29752
0.297248
0.296997
0.296746
0.296476
0.296183
0.295945
0.295763
0.295576
0.295313
0.294939
0.294617
0.29441
0.294215
0.293982
0.293677
0.293091
0.292588
0.292351
0.292092
0.291475
0.291092
0.290966
0.290655
0.289504
0.289115
0.288993
0.28831
0.287207
0.286773
0.286413
0.28591
0.284617
0.283269
0.282469
0.281915
0.281583
0.280923
0.279052
0.278082
0.277451
0.276788
0.275996
0.274043
0.272517
0.271585
0.270014
0.267549
0.266188
0.265274
0.264283
0.261969
0.258972
0.257202
0.255552
0.253266
0.250031
0.246853
0.243911
0.240483
0.235803
0.229591
0.223683
0.384215
0.379903
0.375488
0.371095
0.36679
0.362608
0.35862
0.35491
0.35153
0.348492
0.345778
0.343361
0.341212
0.339241
0.337347
0.335512
0.333745
0.332042
0.330393
0.328793
0.327238
0.32573
0.324268
0.322852
0.321482
0.320157
0.318879
0.317645
0.316453
0.3153
0.314186
0.313115
0.312086
0.311099
0.310152
0.309244
0.308375
0.307545
0.306754
0.306002
0.305285
0.304604
0.303957
0.303344
0.302764
0.302215
0.301695
0.301203
0.300738
0.3003
0.299885
0.299491
0.29912
0.298771
0.298443
0.29813
0.297828
0.297533
0.297254
0.297
0.296757
0.296498
0.296203
0.295947
0.295757
0.295566
0.295325
0.295002
0.294643
0.294396
0.294183
0.29395
0.293662
0.293198
0.292658
0.292354
0.292006
0.291434
0.29113
0.291026
0.290776
0.28958
0.289127
0.288952
0.28823
0.287249
0.286845
0.286503
0.285998
0.284504
0.283202
0.282485
0.281958
0.281653
0.280981
0.279077
0.278132
0.277503
0.276883
0.27606
0.274014
0.272482
0.271545
0.27009
0.267714
0.266329
0.265369
0.264372
0.26215
0.258999
0.257141
0.255501
0.253324
0.250124
0.246745
0.243669
0.240201
0.23553
0.229372
0.223381
0.384243
0.379941
0.375529
0.371137
0.36683
0.362648
0.358656
0.35494
0.351554
0.348511
0.34579
0.343367
0.341213
0.339239
0.337345
0.33551
0.333743
0.33204
0.33039
0.328789
0.327235
0.325727
0.324265
0.322848
0.321478
0.320153
0.318875
0.317641
0.316449
0.315297
0.314184
0.313112
0.312083
0.311095
0.310148
0.30924
0.308371
0.307541
0.30675
0.305996
0.30528
0.304598
0.303951
0.303339
0.302759
0.302209
0.301689
0.301197
0.300734
0.300296
0.299881
0.299489
0.299118
0.298769
0.298441
0.29813
0.297828
0.297533
0.297254
0.296997
0.296753
0.296507
0.296219
0.295945
0.295747
0.295552
0.295323
0.295049
0.294674
0.294376
0.294146
0.293904
0.293643
0.293289
0.292735
0.292342
0.291896
0.291415
0.291173
0.291076
0.290873
0.289659
0.289122
0.288882
0.288141
0.287282
0.28689
0.286564
0.286049
0.284357
0.283159
0.282515
0.282004
0.2817
0.281
0.279091
0.278181
0.27756
0.276945
0.276087
0.273896
0.272399
0.271476
0.270186
0.267923
0.266416
0.265417
0.264398
0.262273
0.259025
0.257081
0.255436
0.253327
0.250182
0.246644
0.243434
0.239917
0.235261
0.229154
0.223065
0.384297
0.380019
0.375619
0.371234
0.36693
0.362748
0.358753
0.355031
0.35164
0.348591
0.345868
0.343443
0.341287
0.33931
0.337413
0.335577
0.333808
0.332103
0.330452
0.328849
0.327293
0.325783
0.32432
0.322902
0.32153
0.320204
0.318924
0.317688
0.316494
0.31534
0.314225
0.313152
0.312122
0.311133
0.310184
0.309275
0.308405
0.307573
0.306781
0.306026
0.305309
0.304626
0.303978
0.303364
0.302783
0.302233
0.301711
0.301218
0.300754
0.300315
0.299899
0.299504
0.299132
0.298782
0.298453
0.298139
0.297841
0.297545
0.297259
0.296999
0.296761
0.296524
0.296239
0.295947
0.29574
0.295544
0.295337
0.295105
0.294715
0.294359
0.294105
0.293868
0.293636
0.293369
0.292832
0.292307
0.291812
0.291419
0.291214
0.291125
0.290977
0.289768
0.289112
0.288795
0.28808
0.287313
0.28693
0.286648
0.286093
0.284247
0.283153
0.282564
0.282063
0.28175
0.281026
0.279128
0.278238
0.277643
0.277046
0.276128
0.273803
0.272319
0.271423
0.270302
0.26818
0.266535
0.265477
0.264435
0.262406
0.25909
0.257058
0.255408
0.253354
0.250268
0.246602
0.243262
0.239694
0.235051
0.22898
0.222768
0.384322
0.380051
0.375653
0.371267
0.366962
0.36278
0.358781
0.355056
0.35166
0.348606
0.345877
0.343447
0.341288
0.33931
0.337413
0.335575
0.333806
0.332101
0.33045
0.328847
0.327291
0.325781
0.324317
0.322899
0.321527
0.320201
0.318921
0.317685
0.316492
0.315337
0.314223
0.31315
0.312119
0.31113
0.310182
0.309273
0.308403
0.307571
0.306778
0.306023
0.305305
0.304623
0.303975
0.303361
0.30278
0.302229
0.301708
0.301215
0.300751
0.300313
0.299897
0.299503
0.299131
0.298781
0.298451
0.29814
0.297841
0.297546
0.29726
0.296997
0.29676
0.296531
0.296254
0.295947
0.295731
0.295535
0.295336
0.295141
0.294753
0.294343
0.294067
0.293828
0.293629
0.29344
0.29291
0.292253
0.29175
0.291431
0.29125
0.291171
0.291058
0.28987
0.289085
0.28869
0.288025
0.287332
0.286956
0.286705
0.286105
0.284125
0.283156
0.282612
0.282117
0.281775
0.281017
0.27915
0.278289
0.277682
0.277109
0.27614
0.273646
0.272224
0.271369
0.270395
0.268412
0.266611
0.265501
0.264423
0.262469
0.259138
0.25703
0.255368
0.253344
0.250314
0.246557
0.243095
0.239473
0.234848
0.228806
0.222462
0.384392
0.380141
0.375755
0.371374
0.36707
0.362887
0.358885
0.355152
0.351749
0.348689
0.345956
0.343523
0.34136
0.339378
0.337478
0.335639
0.333868
0.332161
0.330509
0.328904
0.327346
0.325834
0.324369
0.32295
0.321576
0.320248
0.318967
0.31773
0.316534
0.315379
0.314262
0.313188
0.312155
0.311165
0.310215
0.309305
0.308433
0.307601
0.306807
0.306051
0.305332
0.304648
0.303998
0.303383
0.302802
0.30225
0.301727
0.301233
0.300768
0.300329
0.299912
0.299516
0.299144
0.298793
0.298461
0.298148
0.297852
0.297557
0.297265
0.297
0.296766
0.296544
0.296271
0.295948
0.295725
0.295532
0.29535
0.295183
0.294791
0.294332
0.294031
0.293795
0.293628
0.293502
0.292975
0.292198
0.291726
0.291445
0.291281
0.29121
0.291148
0.289984
0.289045
0.288592
0.287997
0.287348
0.286973
0.286786
0.286117
0.284055
0.283175
0.282663
0.282174
0.281811
0.281031
0.279192
0.278346
0.277755
0.277198
0.276163
0.273546
0.272153
0.271335
0.270481
0.268645
0.266716
0.265537
0.264432
0.262559
0.259223
0.257038
0.255368
0.253377
0.250402
0.24657
0.242999
0.239331
0.234727
0.228695
0.222219
0.384412
0.380163
0.375778
0.371398
0.367092
0.36291
0.358905
0.355169
0.351763
0.348699
0.345962
0.343525
0.34136
0.339378
0.337478
0.335638
0.333867
0.33216
0.330507
0.328902
0.327345
0.325833
0.324368
0.322948
0.321574
0.320247
0.318965
0.317728
0.316533
0.315378
0.314262
0.313187
0.312155
0.311165
0.310215
0.309304
0.308432
0.307599
0.306805
0.306049
0.30533
0.304646
0.303997
0.303382
0.3028
0.302249
0.301726
0.301232
0.300768
0.300329
0.299911
0.299516
0.299144
0.298793
0.298461
0.29815
0.297853
0.297559
0.297267
0.297
0.296767
0.29655
0.296283
0.295949
0.29572
0.295529
0.295352
0.295208
0.294822
0.294324
0.294007
0.293766
0.293627
0.29356
0.293014
0.292139
0.291717
0.29146
0.291306
0.291252
0.291207
0.290074
0.289
0.288493
0.287976
0.287356
0.28699
0.286834
0.28611
0.283994
0.283192
0.282705
0.282223
0.281826
0.281017
0.279221
0.278369
0.277771
0.277246
0.27616
0.27341
0.272082
0.271303
0.270534
0.26882
0.266774
0.265544
0.264406
0.262578
0.259271
0.25703
0.25535
0.253371
0.250437
0.246559
0.242896
0.239185
0.2346
0.228574
0.221993
0.3845
0.380269
0.375894
0.371516
0.367211
0.363025
0.359016
0.355272
0.351856
0.348786
0.346043
0.3436
0.341429
0.339442
0.33754
0.335699
0.333926
0.332217
0.330562
0.328956
0.327396
0.325883
0.324416
0.322995
0.321619
0.32029
0.319007
0.317769
0.316572
0.315415
0.314298
0.313222
0.312188
0.311196
0.310245
0.309333
0.30846
0.307627
0.306832
0.306075
0.305354
0.304668
0.304018
0.303402
0.302819
0.302266
0.301742
0.301247
0.300782
0.300342
0.299924
0.299527
0.299154
0.298803
0.29847
0.298158
0.297862
0.297568
0.297272
0.297003
0.296771
0.296557
0.296295
0.295951
0.295718
0.295529
0.295361
0.295236
0.294849
0.29432
0.293988
0.293742
0.293624
0.293612
0.29304
0.292106
0.291718
0.291471
0.291324
0.291281
0.291284
0.290159
0.288954
0.288432
0.28797
0.287363
0.286998
0.286897
0.286119
0.283972
0.283211
0.282741
0.282262
0.281856
0.281038
0.279263
0.278417
0.27782
0.277318
0.276179
0.273357
0.272042
0.271289
0.270581
0.268972
0.266856
0.265566
0.264409
0.262644
0.259356
0.257056
0.255369
0.253411
0.250518
0.246602
0.242864
0.239128
0.234575
0.228541
0.221959
0.384511
0.38028
0.375906
0.371528
0.367222
0.363037
0.359026
0.35528
0.351864
0.348791
0.346046
0.343602
0.34143
0.339443
0.33754
0.335699
0.333926
0.332217
0.330562
0.328956
0.327396
0.325883
0.324416
0.322995
0.32162
0.320291
0.319008
0.317769
0.316572
0.315415
0.314298
0.313222
0.312189
0.311197
0.310246
0.309334
0.308461
0.307627
0.306832
0.306074
0.305354
0.304669
0.304019
0.303403
0.30282
0.302267
0.301743
0.301248
0.300783
0.300344
0.299925
0.299529
0.299156
0.298805
0.298472
0.29816
0.297864
0.297571
0.297275
0.297005
0.296774
0.296562
0.296303
0.295954
0.295718
0.29553
0.295363
0.29525
0.294867
0.294319
0.29398
0.293727
0.293624
0.293649
0.293051
0.292078
0.291722
0.291482
0.29134
0.291305
0.291315
0.290212
0.288923
0.288381
0.287966
0.287368
0.287008
0.286924
0.286114
0.283951
0.283224
0.282765
0.282289
0.281863
0.281032
0.279287
0.278422
0.277823
0.277347
0.276179
0.27329
0.272011
0.27128
0.270605
0.269062
0.266888
0.265566
0.264392
0.262644
0.259386
0.257058
0.255364
0.253409
0.250538
0.246605
0.242817
0.239059
0.234521
0.228481
0.222683
0.384621
0.380401
0.376034
0.371658
0.36735
0.363161
0.359143
0.355389
0.351962
0.34888
0.346126
0.343674
0.341496
0.339504
0.337599
0.335756
0.333981
0.33227
0.330613
0.329005
0.327444
0.325929
0.324461
0.323038
0.321661
0.320331
0.319047
0.317807
0.316609
0.31545
0.314332
0.313254
0.312219
0.311226
0.310274
0.309361
0.308486
0.307651
0.306855
0.306096
0.305375
0.304688
0.304037
0.30342
0.302836
0.302282
0.301756
0.301261
0.300795
0.300355
0.299936
0.299538
0.299165
0.298813
0.298479
0.298166
0.297871
0.297577
0.29728
0.297008
0.296777
0.296567
0.296311
0.295957
0.295719
0.29553
0.295366
0.295263
0.294883
0.294322
0.293974
0.293718
0.293621
0.293676
0.293067
0.292077
0.291726
0.291485
0.291343
0.291313
0.291355
0.290261
0.288909
0.28837
0.28797
0.287375
0.287007
0.286956
0.286141
0.283969
0.283236
0.28278
0.282303
0.281884
0.281059
0.279324
0.278446
0.277844
0.27739
0.276215
0.273313
0.272011
0.271286
0.270633
0.269133
0.266946
0.265587
0.26441
0.262702
0.259462
0.257095
0.255396
0.253457
0.250617
0.246675
0.242852
0.239094
0.234598
0.228522
0.226781
0.229662
0.227573
0.224645
0.221399
0.218105
0.214895
0.211872
0.209111
0.206637
0.204425
0.202418
0.200551
0.198762
0.197001
0.195228
0.193411
0.191525
0.189558
0.187511
0.185396
0.183224
0.181
0.178726
0.176404
0.174043
0.171657
0.169264
0.166867
0.164461
0.162027
0.15954
0.156974
0.15431
0.151549
0.148717
0.145861
0.14304
0.140297
0.13764
0.135052
0.132497
0.12994
0.12735
0.124708
0.12201
0.119268
0.116511
0.113779
0.111117
0.108551
0.106078
0.103678
0.101321
0.0989941
0.0967007
0.0944632
0.0923245
0.0903358
0.088474
0.0866331
0.0866926
0.0871008
0.088257
0.0908102
0.0958558
0.10523
0.121872
0.147826
0.185758
0.214767
0.21217
0.20849
0.205171
0.205375
0.205961
0.207124
0.203757
0.228041
0.113725
0.810784
0.229138
0.227251
0.224576
0.2215
0.218286
0.215114
0.212119
0.209376
0.20689
0.204623
0.202518
0.200527
0.198613
0.196747
0.194899
0.19304
0.191144
0.189196
0.187196
0.185151
0.183062
0.180925
0.178726
0.176459
0.174122
0.171729
0.169297
0.166838
0.164357
0.161845
0.159286
0.156664
0.153968
0.151201
0.148383
0.145554
0.142757
0.140026
0.13737
0.134773
0.132205
0.129633
0.127027
0.12437
0.12166
0.118909
0.116148
0.113421
0.110765
0.108206
0.105743
0.103358
0.101034
0.0987596
0.096538
0.0943839
0.0923282
0.0904156
0.088609
0.0868553
0.0869221
0.0873487
0.0885376
0.0911403
0.0962537
0.105708
0.122418
0.148395
0.186265
0.215059
0.212515
0.208911
0.206385
0.206901
0.207904
0.215688
0.198534
0.284611
0.069196
2.4043
0.228576
0.226934
0.224492
0.22152
0.218319
0.215153
0.212197
0.209501
0.207029
0.204704
0.202463
0.200284
0.198177
0.196152
0.194203
0.192304
0.190424
0.188536
0.186628
0.184689
0.182709
0.18067
0.178551
0.176334
0.174015
0.171601
0.169115
0.166579
0.164011
0.161413
0.158781
0.156106
0.153378
0.150602
0.147794
0.144982
0.142197
0.139462
0.136785
0.134154
0.131546
0.128934
0.126295
0.123617
0.1209
0.11816
0.115427
0.112734
0.110113
0.107581
0.105142
0.102791
0.100521
0.0983295
0.0962191
0.0941935
0.092266
0.0904779
0.0887684
0.0871737
0.0872562
0.0877212
0.088977
0.0916792
0.0969221
0.106516
0.123321
0.149282
0.186899
0.215345
0.212797
0.209114
0.205721
0.205828
0.206156
0.2069
0.20305
0.223211
0.113306
0.769228
0.228538
0.226997
0.224574
0.221542
0.218254
0.215025
0.212048
0.209355
0.206867
0.204463
0.202068
0.19969
0.197392
0.19523
0.193212
0.191306
0.189465
0.187644
0.18581
0.183942
0.182024
0.180033
0.177946
0.175743
0.173417
0.170978
0.16845
0.165865
0.16325
0.160614
0.157955
0.155262
0.152528
0.149754
0.14695
0.144137
0.14134
0.138579
0.13586
0.133178
0.130516
0.127856
0.125183
0.122493
0.119794
0.117105
0.114447
0.111842
0.109304
0.106844
0.104465
0.102173
0.0999766
0.0978806
0.0958881
0.0939975
0.0922075
0.0905656
0.0889773
0.0875999
0.0877063
0.0882333
0.0895983
0.0924587
0.0978993
0.1077
0.124647
0.150597
0.187905
0.21596
0.213457
0.209822
0.20664
0.206843
0.207453
0.208514
0.205157
0.231872
0.112695
0.942195
0.228649
0.227117
0.224657
0.221562
0.218205
0.214919
0.211898
0.209154
0.206574
0.204025
0.201449
0.198896
0.196464
0.194222
0.192175
0.190273
0.188451
0.186651
0.184829
0.182959
0.181023
0.179002
0.176879
0.174639
0.172278
0.169808
0.167257
0.164658
0.162038
0.159409
0.156764
0.154088
0.151369
0.148602
0.145795
0.14297
0.140151
0.137359
0.134603
0.13188
0.129178
0.126485
0.123797
0.12112
0.118469
0.115863
0.113317
0.110839
0.108427
0.106081
0.103804
0.101606
0.0995032
0.0975083
0.0956277
0.0938606
0.0921972
0.0907022
0.0892187
0.0881864
0.0883236
0.0889233
0.0904086
0.0934391
0.0990918
0.109116
0.126213
0.152132
0.18901
0.216734
0.214285
0.210632
0.207151
0.207191
0.207418
0.209209
0.198197
0.278653
0.058705
1.51256
0.228652
0.227093
0.22461
0.22149
0.218094
0.214752
0.211648
0.208791
0.206077
0.203391
0.2007
0.198065
0.195581
0.193305
0.191224
0.189287
0.187423
0.18557
0.183686
0.181743
0.179726
0.17762
0.175415
0.173101
0.170681
0.168168
0.165591
0.162982
0.160365
0.157748
0.155121
0.152462
0.149758
0.147002
0.1442
0.141372
0.138545
0.135744
0.132981
0.130255
0.127556
0.124878
0.122221
0.119599
0.117032
0.114539
0.112128
0.109796
0.107533
0.10533
0.103185
0.101107
0.0991162
0.0972293
0.0954572
0.0938004
0.09226
0.0908
0.0891419
0.0891207
0.0892766
0.0899117
0.0914701
0.0946272
0.100459
0.110689
0.127931
0.15382
0.1903
0.217774
0.215401
0.211832
0.208751
0.209061
0.209921
0.214948
0.202241
0.283599
0.0742504
2.10716
0.228531
0.226875
0.224356
0.221243
0.217845
0.214456
0.211256
0.20828
0.20546
0.202709
0.199998
0.19737
0.194886
0.192577
0.190428
0.188393
0.186413
0.184439
0.182435
0.180376
0.178249
0.176041
0.173744
0.171351
0.168865
0.166303
0.16369
0.161054
0.158418
0.155787
0.15315
0.150485
0.147776
0.145018
0.142217
0.139397
0.136585
0.133809
0.131079
0.128398
0.125755
0.123147
0.120575
0.118054
0.115604
0.113243
0.110976
0.108794
0.106684
0.104633
0.102634
0.100696
0.0988364
0.0970745
0.0954344
0.0938999
0.0924835
0.0911542
0.0897466
0.0897914
0.0900779
0.0908851
0.0926375
0.0960027
0.102045
0.112466
0.129819
0.155671
0.191701
0.218963
0.216603
0.212928
0.209265
0.20902
0.20902
0.209116
0.205267
0.224441
0.0966266
0.879864
0.228301
0.226464
0.22384
0.220716
0.217334
0.213926
0.210665
0.207616
0.204749
0.202002
0.199337
0.196757
0.194285
0.191933
0.189684
0.187508
0.185367
0.183229
0.181072
0.178879
0.176635
0.174327
0.171941
0.169472
0.166922
0.164305
0.161644
0.158964
0.156282
0.153603
0.150913
0.148206
0.145474
0.142712
0.139925
0.137135
0.13437
0.131653
0.128998
0.126404
0.123863
0.12137
0.118926
0.116543
0.114237
0.112023
0.109903
0.10787
0.105911
0.104013
0.10217
0.100386
0.0986777
0.0970716
0.0955648
0.0941644
0.092884
0.0917233
0.0905927
0.0906563
0.0910058
0.0919262
0.0938397
0.0974046
0.10367
0.114308
0.131806
0.157646
0.193283
0.220372
0.21803
0.214312
0.210479
0.210438
0.210612
0.211235
0.208399
0.238408
0.118173
0.985167
0.227904
0.225878
0.223115
0.219952
0.216584
0.213185
0.209909
0.20684
0.203975
0.201263
0.198652
0.196114
0.193641
0.191229
0.188865
0.186534
0.184219
0.181908
0.179591
0.177258
0.174895
0.172487
0.170016
0.167473
0.16486
0.162189
0.159479
0.156752
0.154023
0.151299
0.148561
0.145808
0.14304
0.140262
0.137487
0.134735
0.132032
0.129398
0.126843
0.124367
0.12196
0.119616
0.117332
0.115112
0.112969
0.110911
0.108943
0.107059
0.105251
0.103508
0.101827
0.100214
0.0986832
0.0972274
0.0958608
0.0946006
0.093443
0.092417
0.0916175
0.0917047
0.0921041
0.0930982
0.0951131
0.0988172
0.105267
0.116128
0.133815
0.159694
0.195047
0.221863
0.21953
0.215709
0.211801
0.211157
0.211191
0.211332
0.207946
0.23682
0.10585
1.12393
0.22731
0.225146
0.222279
0.219081
0.215717
0.212324
0.209046
0.205976
0.203121
0.200433
0.197847
0.195317
0.192815
0.190328
0.187847
0.185366
0.182883
0.180401
0.177924
0.175448
0.172963
0.170451
0.167895
0.165282
0.162612
0.159892
0.157139
0.15437
0.151593
0.148806
0.146025
0.14325
0.140478
0.137715
0.134977
0.132285
0.129663
0.127127
0.124688
0.122344
0.120087
0.117908
0.115801
0.113765
0.111803
0.10992
0.108116
0.106391
0.10474
0.103158
0.101652
0.100223
0.0988529
0.0975519
0.0963229
0.0951838
0.0941175
0.0929465
0.0928767
0.092978
0.0934043
0.0944223
0.0964575
0.100212
0.10679
0.117874
0.135803
0.161796
0.196993
0.223309
0.220966
0.217071
0.213003
0.21254
0.212619
0.214276
0.203894
0.288435
0.0640485
1.7532
0.226594
0.224382
0.221501
0.218303
0.214935
0.21153
0.208232
0.205135
0.202252
0.199536
0.196922
0.194352
0.191789
0.189212
0.186609
0.18398
0.181334
0.178683
0.17604
0.173413
0.170795
0.168173
0.165529
0.162851
0.160133
0.157382
0.154607
0.15182
0.149031
0.146231
0.143431
0.140642
0.137874
0.135141
0.132458
0.129846
0.127321
0.1249
0.122591
0.120391
0.118294
0.116291
0.114371
0.11253
0.110764
0.109071
0.10745
0.105898
0.104418
0.103016
0.101686
0.100412
0.0991992
0.0980431
0.0969454
0.0959053
0.0949477
0.0939049
0.0939232
0.0940953
0.0945946
0.0956904
0.0978169
0.101675
0.108375
0.119628
0.137778
0.163971
0.199135
0.224635
0.22227
0.218362
0.214157
0.214081
0.214385
0.217437
0.207569
0.287742
0.0823301
1.74427
0.225867
0.223696
0.220871
0.217686
0.214293
0.210845
0.207494
0.204336
0.201382
0.19859
0.195899
0.19325
0.190596
0.187905
0.185166
0.182379
0.179559
0.176727
0.173906
0.171112
0.16835
0.165612
0.162883
0.160148
0.157399
0.154633
0.151854
0.149068
0.14627
0.143479
0.140705
0.137956
0.135242
0.132577
0.129979
0.127468
0.125061
0.122772
0.120607
0.118565
0.116639
0.114819
0.113095
0.111455
0.109893
0.108401
0.106973
0.10561
0.104317
0.103082
0.101899
0.100774
0.0997021
0.0986728
0.0976851
0.09673
0.0958618
0.0949309
0.0949559
0.0951532
0.0956999
0.0968687
0.0990933
0.103075
0.109936
0.121414
0.139839
0.166291
0.201436
0.225752
0.223358
0.219305
0.215093
0.214505
0.214519
0.21485
0.212249
0.235485
0.100667
0.961828
0.225212
0.223138
0.220389
0.217201
0.213752
0.210229
0.206796
0.203546
0.200491
0.197595
0.194798
0.19204
0.189264
0.186434
0.183534
0.180568
0.177557
0.174529
0.171517
0.168548
0.165637
0.162784
0.159976
0.157197
0.154432
0.151671
0.148915
0.146167
0.143402
0.140646
0.137916
0.135228
0.132596
0.130034
0.127557
0.12518
0.122919
0.120784
0.118782
0.116913
0.11517
0.113542
0.112018
0.110584
0.109228
0.10794
0.106714
0.105547
0.104416
0.103322
0.102276
0.101278
0.100322
0.0993915
0.0984824
0.0975865
0.0967696
0.0959024
0.0959336
0.0961494
0.0967333
0.0979651
0.100286
0.104409
0.111473
0.123242
0.14201
0.168803
0.20393
0.226646
0.224251
0.220192
0.215932
0.215501
0.215635
0.216257
0.21423
0.24175
0.12034
1.01427
0.224693
0.222724
0.220027
0.216803
0.213268
0.209641
0.206102
0.202738
0.199561
0.196535
0.193603
0.190702
0.187772
0.184772
0.181688
0.178526
0.175313
0.172085
0.168883
0.165745
0.162695
0.159736
0.156859
0.154042
0.151268
0.148521
0.145791
0.143053
0.140345
0.137674
0.135045
0.132467
0.129955
0.127528
0.125201
0.122991
0.120909
0.118963
0.117156
0.115483
0.113939
0.112512
0.11119
0.109957
0.108803
0.107716
0.106681
0.105665
0.104669
0.103701
0.102768
0.101872
0.101001
0.100139
0.0992805
0.0984177
0.097629
0.0967957
0.0968322
0.0970671
0.09769
0.09899
0.10142
0.105706
0.11301
0.125121
0.14428
0.1715
0.206604
0.22725
0.224909
0.220954
0.216739
0.21641
0.216516
0.217064
0.214799
0.2403
0.0996735
1.20678
0.224313
0.222424
0.219741
0.216448
0.212799
0.209047
0.205377
0.201878
0.198556
0.195376
0.192281
0.189205
0.18609
0.182896
0.17961
0.176245
0.172832
0.169415
0.166042
0.162757
0.159586
0.156537
0.153599
0.15075
0.14797
0.14524
0.14254
0.139871
0.137245
0.134669
0.132154
0.12971
0.127352
0.125096
0.122957
0.120948
0.119079
0.117352
0.115765
0.114311
0.112981
0.111761
0.110637
0.109599
0.108632
0.107713
0.106809
0.105916
0.105033
0.104165
0.103317
0.102491
0.101676
0.100859
0.100035
0.0991934
0.0984292
0.0976242
0.0976656
0.0979208
0.0985871
0.0999647
0.102519
0.106993
0.114568
0.127061
0.146647
0.174369
0.209455
0.227489
0.225295
0.221596
0.217489
0.217293
0.217427
0.218602
0.213067
0.270235
0.0492339
2.21568
0.224025
0.222183
0.219477
0.216088
0.212303
0.208403
0.204583
0.200926
0.197437
0.194076
0.190787
0.187508
0.184183
0.180777
0.177283
0.173719
0.170122
0.166541
0.163027
0.159626
0.156363
0.153244
0.150259
0.147386
0.144606
0.1419
0.139237
0.136635
0.134103
0.13165
0.129284
0.12701
0.124841
0.12279
0.12087
0.119093
0.117466
0.115985
0.114642
0.113423
0.112313
0.111297
0.110366
0.109501
0.108673
0.107859
0.107055
0.106252
0.105448
0.104648
0.103856
0.103073
0.102296
0.10151
0.100716
0.0999004
0.0991697
0.0984052
0.0984524
0.0987297
0.0994439
0.100908
0.1036
0.108279
0.116146
0.129049
0.149076
0.177347
0.212415
0.227371
0.225436
0.2222
0.218463
0.218492
0.219244
0.221593
0.22488
0.245416
0.0980399
2.46473
0.223767
0.22194
0.219184
0.21568
0.211743
0.207677
0.203687
0.199853
0.196173
0.192606
0.189098
0.185592
0.18204
0.178415
0.174717
0.170968
0.16721
0.163493
0.15987
0.156382
0.153053
0.149886
0.14687
0.143985
0.141212
0.13851
0.135908
0.133411
0.131017
0.128726
0.126541
0.124468
0.122515
0.120695
0.11902
0.117498
0.116131
0.114909
0.113816
0.112831
0.111933
0.11111
0.110337
0.109583
0.10884
0.108103
0.107363
0.106616
0.10586
0.105099
0.104339
0.103585
0.102836
0.102082
0.101322
0.10054
0.0998512
0.0991482
0.0992034
0.0995046
0.100269
0.101822
0.10466
0.109557
0.117732
0.131069
0.15154
0.180375
0.215417
0.226911
0.225325
0.222566
0.219125
0.218858
0.219022
0.219743
0.218328
0.226562
0.0816389
0.967257
0.223485
0.221646
0.218819
0.215184
0.211082
0.206837
0.202659
0.198628
0.194737
0.190944
0.187198
0.183451
0.179666
0.175825
0.171933
0.168018
0.164123
0.160296
0.156588
0.153036
0.14966
0.146465
0.143439
0.140564
0.137808
0.135178
0.132678
0.130309
0.128073
0.12597
0.123999
0.12216
0.120456
0.118892
0.117479
0.11622
0.115111
0.114137
0.113277
0.112501
0.111788
0.111107
0.110434
0.109762
0.109083
0.108394
0.10769
0.106971
0.106237
0.105496
0.104757
0.104025
0.103303
0.102583
0.10186
0.101114
0.100443
0.0998624
0.099932
0.100256
0.101061
0.102697
0.105682
0.110804
0.1193
0.133081
0.153985
0.183331
0.218296
0.226312
0.225091
0.222891
0.21993
0.219222
0.219458
0.22038
0.219876
0.237405
0.102518
1.15239
0.223144
0.221271
0.218355
0.214577
0.210297
0.205858
0.201477
0.197234
0.193118
0.189086
0.185091
0.181097
0.177079
0.173027
0.168954
0.164889
0.160874
0.156956
0.153181
0.149582
0.14618
0.142979
0.139971
0.137132
0.134444
0.131919
0.129559
0.127365
0.125334
0.123462
0.121742
0.120168
0.118733
0.117437
0.116284
0.115275
0.1144
0.113646
0.112976
0.112365
0.111781
0.111198
0.110604
0.109991
0.109355
0.108693
0.108007
0.107299
0.106578
0.10585
0.105128
0.104417
0.103719
0.103029
0.102335
0.101609
0.100865
0.100596
0.100671
0.100989
0.101808
0.103514
0.106647
0.112006
0.120842
0.135091
0.156437
0.186202
0.221012
0.225826
0.224866
0.223065
0.220572
0.219076
0.219184
0.219246
0.21811
0.23233
0.0791762
1.43226
0.222728
0.220799
0.217776
0.21384
0.209369
0.204721
0.200123
0.195653
0.1913
0.18702
0.182773
0.178531
0.174282
0.170028
0.165784
0.161582
0.157461
0.153467
0.14964
0.146016
0.142614
0.13944
0.136497
0.133726
0.13116
0.128802
0.126644
0.12468
0.122901
0.121297
0.119856
0.118563
0.117404
0.116368
0.115452
0.114654
0.113969
0.113368
0.112832
0.112333
0.111839
0.111333
0.110802
0.110236
0.109629
0.108984
0.108307
0.107608
0.106895
0.10618
0.105472
0.104779
0.104101
0.103433
0.10276
0.102066
0.101253
0.10125
0.101335
0.101663
0.102507
0.104282
0.107557
0.113154
0.122341
0.137072
0.158891
0.188964
0.223448
0.225628
0.224771
0.223138
0.220856
0.219594
0.219952
0.221587
0.224114
0.239463
0.100748
1.72546
0.222229
0.220223
0.217074
0.212966
0.20829
0.203419
0.198586
0.193874
0.18927
0.184734
0.180231
0.175744
0.171272
0.166824
0.162422
0.158096
0.153886
0.149832
0.145976
0.14235
0.138977
0.135863
0.132974
0.130362
0.128013
0.125907
0.124022
0.122345
0.120861
0.119553
0.118401
0.117382
0.116474
0.115656
0.114926
0.114281
0.113712
0.113217
0.112771
0.112344
0.11192
0.111478
0.111001
0.110475
0.109897
0.109269
0.108601
0.107908
0.107203
0.106497
0.1058
0.105119
0.104454
0.103802
0.103147
0.102501
0.101716
0.10173
0.101851
0.102246
0.103177
0.105046
0.108447
0.114258
0.123806
0.139058
0.161418
0.191709
0.22557
0.225832
0.224845
0.22304
0.220874
0.219393
0.219564
0.22013
0.218904
0.226722
0.0956034
0.918067
0.221663
0.219558
0.216262
0.211965
0.207068
0.201954
0.196867
0.191891
0.187021
0.182219
0.177459
0.172732
0.168047
0.16342
0.158875
0.154444
0.150165
0.146077
0.14222
0.138629
0.135327
0.132308
0.129596
0.127203
0.125114
0.123303
0.121739
0.120393
0.119236
0.118239
0.117371
0.1166
0.115895
0.115241
0.114623
0.114057
0.113559
0.113124
0.112732
0.112365
0.112001
0.111616
0.11119
0.110706
0.110159
0.109551
0.108895
0.108206
0.107502
0.106798
0.106106
0.105431
0.104774
0.104131
0.10349
0.102868
0.102133
0.102158
0.102307
0.102756
0.103772
0.105757
0.109317
0.115362
0.125271
0.141035
0.163937
0.194453
0.227028
0.226589
0.224972
0.222799
0.220619
0.219344
0.219503
0.219912
0.21876
0.232927
0.104368
1.06613
0.221041
0.218816
0.21535
0.210843
0.205707
0.200331
0.194967
0.189708
0.184555
0.179478
0.174458
0.169497
0.164609
0.159819
0.155152
0.150641
0.146323
0.142236
0.138421
0.134912
0.131728
0.128873
0.126395
0.124291
0.122531
0.121073
0.11987
0.118875
0.118045
0.117338
0.116715
0.11614
0.11558
0.115006
0.114434
0.113906
0.113443
0.113046
0.112701
0.112388
0.11208
0.11175
0.111374
0.110933
0.11042
0.109835
0.109186
0.108495
0.107784
0.107076
0.106383
0.10571
0.105057
0.104418
0.103786
0.103171
0.102485
0.102523
0.102701
0.103203
0.104303
0.106416
0.110164
0.116486
0.126808
0.143134
0.166569
0.197445
0.228267
0.227323
0.22507
0.222483
0.220236
0.219508
0.219637
0.219822
0.218698
0.234196
0.101337
1.23913
0.220398
0.218033
0.214371
0.20963
0.204229
0.198567
0.1929
0.187332
0.181873
0.176505
0.171219
0.166026
0.160948
0.156015
0.151255
0.146701
0.14239
0.138358
0.134646
0.131296
0.128275
0.125675
0.123515
0.121769
0.120386
0.119305
0.11846
0.117792
0.117244
0.11677
0.116329
0.115882
0.115388
0.114841
0.114284
0.113772
0.113336
0.112978
0.112681
0.112418
0.112162
0.111883
0.111553
0.111155
0.110675
0.110109
0.109463
0.108761
0.108037
0.10732
0.106626
0.105955
0.105304
0.104665
0.104037
0.103423
0.102777
0.102826
0.103031
0.103585
0.10477
0.107016
0.110964
0.117586
0.128351
0.145287
0.169247
0.200433
0.229187
0.227809
0.225017
0.222059
0.219854
0.219871
0.22018
0.221458
0.218832
0.234031
0.0825376
1.57071
0.219768
0.217247
0.213359
0.208351
0.202656
0.196674
0.190671
0.18476
0.178965
0.173284
0.167721
0.162297
0.157045
0.151998
0.147187
0.142645
0.138404
0.134499
0.130962
0.127778
0.125068
0.122848
0.121092
0.11975
0.118753
0.118025
0.11749
0.117078
0.116734
0.116415
0.116081
0.11569
0.115216
0.114676
0.114132
0.113644
0.113248
0.112935
0.112684
0.112468
0.112255
0.112018
0.111728
0.111367
0.110914
0.110361
0.109711
0.108993
0.108254
0.10753
0.106836
0.106167
0.105517
0.104878
0.10425
0.103634
0.103022
0.103079
0.10331
0.103916
0.105192
0.107583
0.11176
0.118733
0.130032
0.147631
0.172195
0.203665
0.229705
0.22802
0.224871
0.22162
0.219766
0.219913
0.220356
0.222282
0.212149
0.246097
0.0474998
2.295
0.219178
0.216483
0.212332
0.207014
0.200981
0.194638
0.188256
0.181961
0.175797
0.169779
0.163931
0.158286
0.152887
0.147771
0.142972
0.138518
0.134436
0.130751
0.127462
0.124635
0.122322
0.120521
0.119186
0.11824
0.117593
0.117156
0.116845
0.116601
0.116384
0.116154
0.115868
0.115491
0.115016
0.114484
0.113967
0.113527
0.113182
0.112919
0.11271
0.112531
0.112351
0.112143
0.111884
0.111549
0.111117
0.110571
0.109912
0.109176
0.108423
0.107696
0.107004
0.106339
0.10569
0.10505
0.104419
0.1038
0.10322
0.103283
0.103539
0.104198
0.105564
0.108099
0.112502
0.119821
0.131645
0.149867
0.174993
0.206615
0.229689
0.227872
0.224576
0.221152
0.219696
0.220017
0.220985
0.227316
0.227537
0.185863
0.0965955
1.551
0.218618
0.21573
0.211273
0.205595
0.199172
0.192416
0.185605
0.178883
0.172316
0.165946
0.159816
0.153978
0.14848
0.143367
0.138667
0.134404
0.130594
0.127238
0.124334
0.121956
0.12011
0.118758
0.117827
0.117224
0.116844
0.116596
0.116417
0.116266
0.116113
0.115918
0.115642
0.115266
0.114799
0.114292
0.113821
0.113441
0.113149
0.112931
0.112758
0.112607
0.11245
0.112263
0.112022
0.111704
0.111284
0.110739
0.110069
0.109316
0.108553
0.107826
0.10714
0.106479
0.105831
0.105189
0.104553
0.10393
0.10339
0.103458
0.103743
0.10446
0.105925
0.108622
0.113282
0.121004
0.133404
0.152233
0.177942
0.20964
0.229414
0.227535
0.22422
0.220766
0.219389
0.219681
0.220559
0.224647
0.211313
0.231701
0.0763405
0.846795
0.218075
0.214968
0.210159
0.204061
0.197184
0.189952
0.182656
0.175462
0.168468
0.161744
0.155359
0.14938
0.143866
0.138857
0.134374
0.130427
0.127026
0.124071
0.121675
0.119833
0.118487
0.11756
0.116957
0.116582
0.116349
0.116189
0.116068
0.115959
0.115831
0.115645
0.115372
0.115005
0.114559
0.114094
0.113682
0.113363
0.113122
0.112942
0.112798
0.112667
0.112526
0.11235
0.112119
0.111809
0.111392
0.110845
0.110163
0.109396
0.108627
0.107906
0.107227
0.106569
0.10592
0.105274
0.104633
0.103995
0.103527
0.103603
0.103914
0.104676
0.106223
0.109065
0.113966
0.122089
0.135056
0.154507
0.180889
0.212646
0.228648
0.22688
0.223736
0.220436
0.218868
0.2191
0.219745
0.221619
0.211916
0.214972
0.0879093
0.851512
0.217521
0.214169
0.208954
0.202367
0.194958
0.187177
0.179334
0.171629
0.164196
0.157143
0.150563
0.144538
0.139128
0.134363
0.130248
0.126767
0.123807
0.121474
0.119698
0.118391
0.11747
0.116847
0.11644
0.116177
0.115998
0.115868
0.115767
0.115671
0.115551
0.115372
0.115115
0.11477
0.11436
0.11394
0.11358
0.113313
0.113116
0.112968
0.112848
0.112734
0.112604
0.112433
0.112203
0.111891
0.111471
0.110916
0.110222
0.109445
0.108676
0.107962
0.107291
0.106638
0.105987
0.105334
0.104685
0.103997
0.103681
0.103761
0.104092
0.104892
0.106526
0.109546
0.114752
0.123321
0.136879
0.1569
0.18386
0.215547
0.227524
0.226016
0.223185
0.220128
0.218241
0.218415
0.218906
0.219357
0.214729
0.221635
0.110618
0.861995
0.216945
0.213311
0.207627
0.200464
0.192429
0.18401
0.175557
0.167313
0.159459
0.15214
0.145475
0.13955
0.134412
0.130063
0.126471
0.123532
0.121251
0.119568
0.118352
0.117475
0.116831
0.116361
0.116026
0.115789
0.11562
0.1155
0.115407
0.11532
0.115209
0.115048
0.114814
0.114498
0.11413
0.113751
0.113445
0.113227
0.113067
0.112947
0.112847
0.112749
0.112627
0.112459
0.112224
0.111904
0.111474
0.110906
0.110201
0.109418
0.108656
0.107954
0.107291
0.106642
0.105991
0.105331
0.104644
0.103893
0.103793
0.103873
0.104207
0.10504
0.106754
0.10992
0.115393
0.124389
0.138582
0.159232
0.186789
0.218303
0.226249
0.225052
0.22259
0.219761
0.217589
0.217719
0.218018
0.218071
0.215164
0.224868
0.114261
0.895494
0.216318
0.212359
0.206125
0.198278
0.189502
0.180348
0.171226
0.162444
0.154233
0.146775
0.1402
0.134581
0.129936
0.12623
0.123345
0.121151
0.119556
0.118422
0.117601
0.116964
0.116447
0.11603
0.115708
0.115475
0.115315
0.115207
0.115126
0.115049
0.114953
0.114811
0.114598
0.114307
0.113965
0.113621
0.11336
0.11318
0.113051
0.112953
0.11287
0.112784
0.112669
0.112499
0.112256
0.111922
0.111474
0.110889
0.110171
0.109387
0.108635
0.107946
0.107292
0.106648
0.105999
0.105333
0.104633
0.103855
0.103845
0.103938
0.104309
0.105222
0.107075
0.110453
0.116243
0.125662
0.140431
0.161626
0.189615
0.220603
0.225006
0.22404
0.221877
0.219265
0.21695
0.217038
0.217191
0.217139
0.214533
0.227234
0.118326
0.918417
0.215635
0.211289
0.204392
0.19572
0.186061
0.176066
0.166243
0.156974
0.148547
0.141163
0.134933
0.129874
0.125924
0.122931
0.12077
0.11932
0.118333
0.117601
0.116988
0.116435
0.115942
0.115532
0.115223
0.115014
0.114885
0.114803
0.11474
0.114677
0.114593
0.114465
0.11427
0.114002
0.113687
0.11339
0.113177
0.113032
0.112931
0.112853
0.112787
0.112712
0.112603
0.112431
0.112178
0.111828
0.111361
0.110758
0.11003
0.10925
0.108514
0.107839
0.107195
0.106553
0.105906
0.105238
0.104533
0.103768
0.103764
0.103882
0.104296
0.105279
0.107242
0.110802
0.116874
0.12676
0.142192
0.16402
0.192444
0.222392
0.223995
0.223118
0.221122
0.218686
0.216398
0.216451
0.216517
0.216393
0.213795
0.228731
0.119181
0.93397
0.21486
0.210044
0.202333
0.192646
0.181934
0.171009
0.160508
0.150902
0.142511
0.13552
0.129984
0.125836
0.122936
0.120893
0.119494
0.118546
0.117851
0.117253
0.116677
0.116116
0.115612
0.115211
0.114937
0.114772
0.114675
0.114608
0.114549
0.114485
0.114399
0.114272
0.114081
0.113824
0.113529
0.113276
0.113094
0.112971
0.112887
0.112821
0.112764
0.112696
0.112588
0.112412
0.112147
0.111779
0.111289
0.110663
0.109921
0.109146
0.108427
0.107766
0.10713
0.106493
0.105847
0.105179
0.104469
0.103718
0.103713
0.103855
0.104329
0.10542
0.107553
0.111353
0.117729
0.128023
0.143993
0.166356
0.19505
0.22329
0.223215
0.222044
0.220062
0.217895
0.215861
0.215878
0.215888
0.215706
0.21311
0.230097
0.119481
0.940236
0.213988
0.20857
0.199819
0.188866
0.176916
0.165019
0.153982
0.144349
0.136406
0.1302
0.12562
0.122393
0.120194
0.118986
0.118264
0.117705
0.117166
0.11659
0.115985
0.115405
0.114918
0.114571
0.114366
0.114262
0.114203
0.114158
0.11411
0.114049
0.113962
0.113835
0.113651
0.113415
0.113156
0.112958
0.112812
0.112714
0.112648
0.112596
0.112548
0.112487
0.112382
0.112204
0.11193
0.111546
0.111037
0.110394
0.109644
0.108881
0.108181
0.107534
0.106906
0.10627
0.105622
0.104954
0.10424
0.103519
0.103521
0.103686
0.1042
0.105358
0.107608
0.111623
0.118355
0.129185
0.14583
0.168809
0.197848
0.223582
0.222783
0.221067
0.219041
0.217181
0.215491
0.215408
0.215322
0.215085
0.212478
0.231043
0.119362
0.939811
0.212947
0.206714
0.196585
0.184055
0.170732
0.157969
0.146735
0.137606
0.13075
0.125985
0.12289
0.121023
0.119779
0.118893
0.118201
0.117577
0.116946
0.11629
0.115644
0.115069
0.114622
0.114331
0.114177
0.114098
0.114041
0.113987
0.113928
0.113854
0.113757
0.113625
0.113443
0.113216
0.112981
0.112814
0.112686
0.112596
0.112535
0.112486
0.112441
0.112381
0.112274
0.112089
0.111803
0.111401
0.110869
0.110204
0.109445
0.108691
0.108007
0.107373
0.10675
0.106116
0.105466
0.104797
0.104079
0.103386
0.103392
0.10359
0.104173
0.105441
0.107847
0.112064
0.119067
0.130291
0.147433
0.170895
0.200142
0.222884
0.221723
0.219671
0.217722
0.216232
0.214974
0.214801
0.214636
0.214357
0.211768
0.231417
0.11903
0.93272
0.211709
0.204284
0.192219
0.177727
0.163087
0.149945
0.139187
0.131131
0.125602
0.122077
0.119942
0.118776
0.118081
0.117557
0.117067
0.116538
0.115945
0.115319
0.114724
0.114215
0.11383
0.113589
0.113473
0.113429
0.113395
0.113355
0.113306
0.113239
0.113144
0.113014
0.112839
0.112632
0.112438
0.112313
0.112214
0.112143
0.112094
0.112055
0.112016
0.111961
0.111856
0.111669
0.111376
0.110962
0.110414
0.109734
0.108973
0.108234
0.10757
0.106948
0.106331
0.105696
0.105044
0.104375
0.103662
0.103022
0.103041
0.103266
0.103884
0.105218
0.107764
0.112239
0.119657
0.131475
0.14929
0.17336
0.202672
0.222166
0.220865
0.218663
0.2167
0.215417
0.214453
0.21417
0.213945
0.213666
0.211127
0.23156
0.117991
0.922889
0.210201
0.201014
0.186199
0.16926
0.153614
0.141292
0.132708
0.127268
0.123876
0.121782
0.120408
0.119361
0.118481
0.117663
0.116898
0.116199
0.115558
0.114962
0.114413
0.113936
0.113568
0.113334
0.113223
0.113176
0.113131
0.113081
0.113024
0.11295
0.11285
0.112716
0.112538
0.112334
0.112156
0.11204
0.111942
0.111872
0.111823
0.111783
0.111746
0.11169
0.111581
0.111387
0.111082
0.110652
0.110083
0.109382
0.108611
0.107881
0.107229
0.106617
0.106006
0.105374
0.104723
0.104052
0.103344
0.10275
0.102778
0.103037
0.103702
0.1051
0.107749
0.112369
0.120013
0.132168
0.150334
0.174795
0.204041
0.220047
0.218858
0.216999
0.215269
0.214162
0.213429
0.213126
0.212898
0.212648
0.210171
0.231308
0.114244
0.922834
0.208255
0.196523
0.178394
0.159096
0.142726
0.131181
0.124472
0.122185
0.120875
0.119652
0.118366
0.117142
0.116153
0.115516
0.115112
0.114745
0.114304
0.113783
0.113241
0.112759
0.1124
0.112187
0.112096
0.112073
0.11206
0.112038
0.112004
0.111948
0.11186
0.11173
0.111556
0.111365
0.111223
0.111133
0.111056
0.111002
0.110965
0.110935
0.110906
0.110856
0.110751
0.110557
0.110248
0.109809
0.109226
0.108511
0.10774
0.107024
0.106387
0.105788
0.105188
0.104564
0.103917
0.103226
0.102557
0.102039
0.102097
0.102381
0.103077
0.104562
0.107402
0.112339
0.120449
0.133246
0.15206
0.177193
0.205946
0.218548
0.217443
0.215624
0.213916
0.212873
0.212231
0.211903
0.211674
0.211471
0.209138
0.229909
0.106688
0.931206
0.202118
0.186209
0.166933
0.150346
0.138197
0.129907
0.125274
0.123051
0.121481
0.120071
0.118715
0.117425
0.116346
0.115563
0.115021
0.114563
0.114073
0.113529
0.11298
0.1125
0.112141
0.11192
0.111805
0.111753
0.111718
0.111688
0.111654
0.111604
0.111522
0.111386
0.111195
0.110986
0.110829
0.110722
0.110635
0.110575
0.110536
0.11051
0.110486
0.110437
0.110324
0.110114
0.109785
0.109323
0.108716
0.107978
0.107193
0.106475
0.105844
0.105255
0.104669
0.104061
0.103424
0.102709
0.102016
0.101584
0.101648
0.101934
0.102643
0.104157
0.107029
0.112031
0.120239
0.133141
0.151925
0.177093
0.205195
0.215423
0.214713
0.213333
0.211832
0.210833
0.210252
0.209937
0.209727
0.209533
0.207015
0.225993
0.0910951
1.0038
0.1848
0.159945
0.138052
0.125303
0.124658
0.123844
0.122051
0.119446
0.116706
0.114474
0.113174
0.112653
0.112269
0.111859
0.111375
0.110808
0.110218
0.109684
0.109223
0.10885
0.108587
0.108451
0.108394
0.108351
0.108306
0.108257
0.108212
0.108154
0.108084
0.107994
0.107861
0.107697
0.107578
0.107493
0.107418
0.107377
0.107352
0.107337
0.107323
0.10728
0.10717
0.10696
0.106631
0.106173
0.105579
0.10487
0.104133
0.103467
0.102875
0.102311
0.101741
0.101145
0.10051
0.0997969
0.0990746
0.0988562
0.0989285
0.0992383
0.100023
0.101665
0.104727
0.110006
0.118626
0.132107
0.151357
0.177798
0.204474
0.21203
0.211056
0.209635
0.208211
0.207299
0.206767
0.206478
0.206316
0.206168
0.204011
0.221229
0.116188
1.24074
)
;

boundaryField
{
    inlet
    {
        type            calculated;
        value           uniform 0.386208;
    }
    outlet
    {
        type            calculated;
        value           nonuniform List<scalar> 
40
(
0.0359721
0.118039
0.0361612
0.0392806
0.0630429
0.093573
0.0392182
0.0389233
0.0433167
0.0674106
0.0757248
0.0400442
0.0395318
0.0462342
0.083498
0.104715
0.0442539
0.0459116
0.055314
0.0755639
0.0413655
0.0433105
0.0472067
0.0570032
0.0790407
0.0656939
0.0407205
0.0390468
0.0375838
0.0375035
0.0373647
0.0373919
0.037402
0.0373969
0.0373757
0.0374549
0.0379504
0.0390499
0.0424714
0.0543114
)
;
    }
    axis
    {
        type            symmetryPlane;
    }
    wall
    {
        type            calculated;
        value           nonuniform List<scalar> 
200
(
0.384621
0.380401
0.376034
0.371658
0.36735
0.363161
0.359143
0.355389
0.351962
0.34888
0.346126
0.343674
0.341496
0.339504
0.337599
0.335756
0.333981
0.33227
0.330613
0.329005
0.327444
0.325929
0.324461
0.323038
0.321661
0.320331
0.319047
0.317807
0.316609
0.31545
0.314332
0.313254
0.312219
0.311226
0.310274
0.309361
0.308486
0.307651
0.306855
0.306096
0.305375
0.304688
0.304037
0.30342
0.302836
0.302282
0.301756
0.301261
0.300795
0.300355
0.299936
0.299538
0.299165
0.298813
0.298479
0.298166
0.297871
0.297577
0.29728
0.297008
0.296777
0.296567
0.296311
0.295957
0.295719
0.29553
0.295366
0.295263
0.294883
0.294322
0.293974
0.293718
0.293621
0.293676
0.293067
0.292077
0.291726
0.291485
0.291343
0.291313
0.291355
0.290261
0.288909
0.28837
0.28797
0.287375
0.287007
0.286956
0.286141
0.283969
0.283236
0.28278
0.282303
0.281884
0.281059
0.279324
0.278446
0.277844
0.27739
0.276215
0.273313
0.272011
0.271286
0.270633
0.269133
0.266946
0.265587
0.26441
0.262702
0.259462
0.257095
0.255396
0.253457
0.250617
0.246675
0.242852
0.239094
0.234598
0.228522
0.226781
0.1848
0.159945
0.138052
0.125303
0.124658
0.123844
0.122051
0.119446
0.116706
0.114474
0.113174
0.112653
0.112269
0.111859
0.111375
0.110808
0.110218
0.109684
0.109223
0.10885
0.108587
0.108451
0.108394
0.108351
0.108306
0.108257
0.108212
0.108154
0.108084
0.107994
0.107861
0.107697
0.107578
0.107493
0.107418
0.107377
0.107352
0.107337
0.107323
0.10728
0.10717
0.10696
0.106631
0.106173
0.105579
0.10487
0.104133
0.103467
0.102875
0.102311
0.101741
0.101145
0.10051
0.0997969
0.0990746
0.0988562
0.0989285
0.0992383
0.100023
0.101665
0.104727
0.110006
0.118626
0.132107
0.151357
0.177798
0.204474
0.21203
0.211056
0.209635
0.208211
0.207299
0.206767
0.206478
0.206316
0.206168
0.204011
0.221229
0.116188
1.24074
)
;
    }
    frontAndBack
    {
        type            empty;
    }
}


// ************************************************************************* //
