/*--------------------------------*- C++ -*----------------------------------*\
  =========                 |
  \\      /  F ield         | OpenFOAM: The Open Source CFD Toolbox
   \\    /   O peration     | Website:  https://openfoam.org
    \\  /    A nd           | Version:  13
     \\/     M anipulation  |
\*---------------------------------------------------------------------------*/
FoamFile
{
    format      ascii;
    class       volScalarField;
    location    "0.003";
    object      mag(U);
}
// * * * * * * * * * * * * * * * * * * * * * * * * * * * * * * * * * * * * * //

dimensions      [0 1 -1 0 0 0 0];

internalField   nonuniform List<scalar> 
8000
(
239.217
243.66
244.998
247.19
249.189
251.134
252.947
254.633
256.197
257.623
258.872
259.913
260.751
261.442
262.079
262.748
263.494
264.319
265.208
266.141
267.108
268.115
269.182
270.331
271.575
272.919
274.356
275.877
277.472
279.139
280.888
282.735
284.698
286.788
289
291.32
293.725
296.186
298.676
301.175
303.674
306.172
308.676
311.196
313.745
316.327
318.946
321.595
324.268
326.956
329.651
332.347
335.043
337.742
340.453
343.186
345.947
348.744
351.579
354.454
357.368
360.307
363.289
366.303
369.347
372.417
375.513
378.638
381.797
384.997
388.243
391.54
394.893
398.303
401.77
405.295
408.875
412.51
416.199
419.944
423.745
427.606
431.53
435.521
439.581
443.717
447.93
452.228
456.61
461.086
465.654
470.321
475.087
479.959
484.933
490.018
495.208
500.514
505.929
511.47
517.131
522.938
528.892
535.044
541.405
548.057
555.029
562.441
570.326
578.843
588.011
598.038
608.914
620.941
634.056
648.757
664.869
683.25
703.484
726.838
239.018
243.447
244.761
246.946
248.925
250.845
252.63
254.295
255.848
257.272
258.53
259.59
260.457
261.182
261.851
262.545
263.309
264.151
265.056
266.007
266.992
268.016
269.099
270.262
271.519
272.875
274.325
275.859
277.469
279.152
280.916
282.777
284.751
286.847
289.061
291.379
293.777
296.232
298.715
301.209
303.705
306.201
308.705
311.227
313.776
316.36
318.979
321.629
324.303
326.992
329.689
332.389
335.09
337.794
340.51
343.247
346.012
348.813
351.651
354.527
357.444
360.385
363.367
366.383
369.428
372.499
375.596
378.723
381.884
385.084
388.331
391.629
394.982
398.391
401.858
405.382
408.962
412.597
416.286
420.031
423.832
427.693
431.617
435.607
439.667
443.802
448.014
452.311
456.692
461.165
465.732
470.398
475.163
480.034
485.009
490.094
495.286
500.594
506.012
511.557
517.223
523.035
528.996
535.153
541.522
548.182
555.162
562.582
570.477
579.003
588.181
598.218
609.106
621.144
634.275
648.987
665.122
683.512
703.785
727.121
238.419
242.83
244.115
246.307
248.286
250.198
251.975
253.642
255.209
256.655
257.944
259.044
259.96
260.738
261.455
262.186
262.977
263.838
264.761
265.729
266.732
267.774
268.876
270.058
271.333
272.706
274.174
275.727
277.357
279.061
280.847
282.729
284.722
286.832
289.056
291.378
293.778
296.231
298.712
301.204
303.698
306.195
308.7
311.222
313.772
316.355
318.973
321.62
324.291
326.977
329.671
332.369
335.068
337.772
340.488
343.225
345.992
348.792
351.631
354.508
357.424
360.365
363.347
366.363
369.407
372.478
375.575
378.703
381.864
385.066
388.314
391.614
394.967
398.378
401.846
405.37
408.951
412.586
416.276
420.022
423.825
427.687
431.612
435.604
439.665
443.801
448.015
452.313
456.695
461.169
465.736
470.402
475.165
480.036
485.008
490.091
495.28
500.585
505.999
511.541
517.202
523.011
528.967
535.119
541.483
548.137
555.113
562.526
570.416
578.935
588.109
598.139
609.025
621.058
634.199
648.915
665.097
683.535
703.948
727.479
237.45
241.841
243.097
245.306
247.29
249.206
250.99
252.678
254.274
255.759
257.094
258.254
259.242
260.099
260.887
261.671
262.5
263.389
264.336
265.327
266.354
267.421
268.546
269.751
271.049
272.445
273.936
275.513
277.168
278.899
280.711
282.617
284.63
286.756
288.99
291.317
293.717
296.168
298.647
301.137
303.631
306.128
308.634
311.158
313.708
316.29
318.906
321.552
324.22
326.904
329.598
332.296
334.998
337.706
340.426
343.167
345.937
348.74
351.58
354.459
357.375
360.316
363.298
366.312
369.356
372.426
375.525
378.653
381.816
385.019
388.267
391.567
394.92
398.33
401.796
405.319
408.898
412.532
416.221
419.965
423.767
427.629
431.553
435.544
439.605
443.74
447.952
452.248
456.627
461.099
465.663
470.325
475.085
479.951
484.919
489.998
495.183
500.484
505.896
511.434
517.093
522.899
528.853
535.004
541.366
548.017
554.991
562.402
570.29
578.805
587.978
598.004
608.894
620.925
634.084
648.81
665.052
683.547
704.14
727.869
236.17
240.535
241.757
243.982
245.977
247.903
249.706
251.425
253.065
254.6
255.997
257.234
258.315
259.27
260.148
261.004
261.886
262.814
263.794
264.815
265.874
266.972
268.129
269.366
270.696
272.124
273.647
275.257
276.946
278.711
280.556
282.494
284.535
286.683
288.933
291.271
293.678
296.133
298.614
301.108
303.605
306.105
308.615
311.141
313.692
316.273
318.886
321.529
324.194
326.875
329.566
332.264
334.968
337.679
340.403
343.148
345.92
348.726
351.568
354.447
357.363
360.303
363.285
366.298
369.341
372.411
375.51
378.64
381.805
385.009
388.26
391.56
394.914
398.323
401.789
405.311
408.889
412.522
416.21
419.955
423.757
427.619
431.544
435.535
439.596
443.731
447.943
452.238
456.617
461.086
465.648
470.307
475.065
479.927
484.891
489.966
495.147
500.445
505.853
511.388
517.045
522.848
528.8
534.947
541.307
547.956
554.929
562.336
570.222
578.733
587.907
597.929
608.824
620.854
634.035
648.776
665.095
683.665
704.486
728.478
234.604
238.938
240.125
242.365
244.371
246.314
248.142
249.901
251.59
253.185
254.656
255.984
257.174
258.246
259.234
260.183
261.135
262.118
263.14
264.202
265.302
266.441
267.64
268.917
270.288
271.756
273.319
274.969
276.697
278.501
280.384
282.357
284.429
286.603
288.872
291.222
293.635
296.092
298.574
301.068
303.565
306.065
308.575
311.101
313.65
316.229
318.838
321.475
324.136
326.813
329.502
332.2
334.906
337.621
340.349
343.098
345.875
348.684
351.528
354.408
357.324
360.264
363.245
366.258
369.301
372.372
375.472
378.604
381.771
384.978
388.231
391.533
394.887
398.296
401.761
405.282
408.859
412.491
416.178
419.923
423.725
427.587
431.512
435.504
439.565
443.7
447.912
452.205
456.583
461.05
465.608
470.264
475.017
479.875
484.835
489.904
495.081
500.374
505.778
511.309
516.962
522.761
528.711
534.855
541.213
547.858
554.828
562.231
570.115
578.62
587.793
597.809
608.709
620.738
633.942
648.699
665.105
683.764
704.853
729.163
232.796
237.093
238.246
240.496
242.511
244.474
246.334
248.139
249.883
251.542
253.095
254.525
255.836
257.038
258.153
259.213
260.254
261.306
262.385
263.497
264.647
265.838
267.086
268.413
269.831
271.347
272.954
274.648
276.419
278.266
280.19
282.201
284.307
286.507
288.796
291.159
293.579
296.039
298.521
301.015
303.512
306.014
308.525
311.052
313.602
316.179
318.786
321.421
324.078
326.753
329.441
332.139
334.847
337.566
340.299
343.053
345.834
348.646
351.493
354.375
357.29
360.23
363.211
366.224
369.266
372.337
375.439
378.572
381.741
384.951
388.205
391.509
394.864
398.273
401.737
405.257
408.832
412.463
416.149
419.893
423.695
427.557
431.483
435.474
439.535
443.67
447.88
452.172
456.548
461.012
465.567
470.219
474.968
479.82
484.775
489.839
495.011
500.299
505.7
511.226
516.875
522.671
528.617
534.758
541.113
547.754
554.722
562.119
570
578.499
587.671
597.681
608.585
620.611
633.841
648.617
665.116
683.878
705.268
729.953
230.772
235.028
236.149
238.408
240.432
242.417
244.313
246.166
247.968
249.697
251.337
252.875
254.313
255.655
256.91
258.097
259.245
260.383
261.532
262.707
263.918
265.168
266.475
267.858
269.331
270.898
272.555
274.296
276.115
278.007
279.976
282.028
284.17
286.4
288.711
291.089
293.518
295.982
298.466
300.961
303.46
305.964
308.477
311.007
313.557
316.134
318.737
321.368
324.02
326.691
329.376
332.073
334.782
337.503
340.241
342.999
345.784
348.599
351.448
354.332
357.246
360.187
363.167
366.179
369.221
372.293
375.395
378.531
381.703
384.915
388.172
391.477
394.833
398.242
401.706
405.224
408.798
412.428
416.113
419.856
423.657
427.52
431.445
435.437
439.498
443.631
447.841
452.132
456.505
460.966
465.518
470.166
474.91
479.757
484.707
489.766
494.933
500.215
505.611
511.132
516.778
522.569
528.513
534.649
541.002
547.638
554.602
561.994
569.872
578.364
587.533
597.536
608.445
620.469
633.723
648.52
665.118
683.995
705.716
730.825
228.579
232.789
233.886
236.147
238.175
240.181
242.115
244.019
245.881
247.683
249.414
251.064
252.633
254.118
255.521
256.847
258.117
259.356
260.589
261.838
263.119
264.438
265.811
267.257
268.789
270.413
272.123
273.917
275.786
277.728
279.746
281.843
284.025
286.287
288.622
291.016
293.454
295.922
298.408
300.903
303.403
305.908
308.423
310.954
313.505
316.08
318.681
321.307
323.955
326.622
329.304
332.001
334.711
337.435
340.177
342.941
345.73
348.549
351.4
354.286
357.199
360.141
363.121
366.133
369.175
372.247
375.351
378.489
381.663
384.879
388.138
391.445
394.802
398.211
401.674
405.192
408.764
412.392
416.076
419.818
423.619
427.481
431.406
435.398
439.458
443.591
447.8
452.088
456.459
460.918
465.466
470.109
474.849
479.691
484.635
489.688
494.849
500.125
505.516
511.032
516.674
522.461
528.402
534.534
540.883
547.515
554.476
561.861
569.736
578.22
587.387
597.382
608.293
620.314
633.593
648.411
665.111
684.111
706.188
731.768
226.239
230.396
231.478
233.739
235.769
237.796
239.768
241.722
243.645
245.524
247.347
249.11
250.809
252.44
253.994
255.469
256.873
258.228
259.559
260.893
262.254
263.65
265.096
266.612
268.209
269.894
271.663
273.513
275.437
277.434
279.503
281.649
283.872
286.168
288.528
290.938
293.384
295.856
298.344
300.84
303.34
305.847
308.365
310.898
313.45
316.025
318.624
321.247
323.891
326.554
329.234
331.929
334.64
337.367
340.113
342.881
345.673
348.495
351.349
354.236
357.149
360.091
363.071
366.082
369.124
372.196
375.302
378.442
381.62
384.838
388.1
391.409
394.767
398.177
401.639
405.156
408.726
412.353
416.035
419.776
423.576
427.438
431.363
435.354
439.414
443.546
447.753
452.04
456.408
460.863
465.408
470.047
474.782
479.618
484.557
489.604
494.76
500.03
505.416
510.927
516.565
522.347
528.284
534.412
540.759
547.385
554.342
561.721
569.591
578.067
587.23
597.216
608.13
620.147
633.449
648.289
665.089
684.222
706.674
732.776
223.802
227.895
228.966
231.221
233.249
235.294
237.302
239.307
241.292
243.246
245.162
247.036
248.865
250.64
252.347
253.975
255.522
257.004
258.446
259.877
261.327
262.809
264.335
265.927
267.595
269.346
271.178
273.088
275.072
277.127
279.252
281.447
283.714
286.044
288.43
290.856
293.312
295.788
298.277
300.774
303.276
305.785
308.305
310.841
313.395
315.97
318.566
321.185
323.825
326.484
329.16
331.854
334.565
337.294
340.044
342.816
345.612
348.437
351.293
354.182
357.094
360.037
363.017
366.027
369.069
372.143
375.25
378.393
381.574
384.795
388.06
391.371
394.731
398.141
401.603
405.118
408.687
412.312
415.993
419.733
423.532
427.392
431.317
435.307
439.366
443.497
447.703
451.988
456.354
460.806
465.347
469.981
474.711
479.542
484.475
489.516
494.666
499.931
505.312
510.818
516.451
522.229
528.163
534.286
540.629
547.25
554.203
561.574
569.439
577.906
587.065
597.043
607.957
619.97
633.292
648.156
665.054
684.326
707.166
733.846
221.275
225.294
226.36
228.605
230.63
232.692
234.734
236.787
238.833
240.863
242.871
244.855
246.81
248.726
250.586
252.369
254.067
255.688
257.252
258.792
260.34
261.916
263.531
265.204
266.949
268.772
270.672
272.648
274.695
276.811
278.994
281.241
283.552
285.918
288.329
290.772
293.237
295.717
298.207
300.705
303.208
305.719
308.243
310.781
313.337
315.912
318.507
321.122
323.758
326.412
329.086
331.779
334.49
337.221
339.974
342.75
345.55
348.377
351.236
354.125
357.037
359.981
362.96
365.97
369.012
372.087
375.196
378.341
381.525
384.749
388.017
391.331
394.692
398.103
401.564
405.078
408.646
412.269
415.948
419.686
423.484
427.344
431.267
435.257
439.315
443.445
447.649
451.931
456.295
460.744
465.281
469.911
474.636
479.461
484.389
489.424
494.569
499.828
505.204
510.705
516.334
522.107
528.037
534.156
540.495
547.11
554.059
561.423
569.283
577.74
586.894
596.862
607.775
619.783
633.124
648.009
665.003
684.418
707.662
734.956
218.696
222.63
223.691
225.921
227.939
230.013
232.088
234.187
236.293
238.395
240.493
242.582
244.661
246.715
248.724
250.664
252.517
254.284
255.981
257.64
259.297
260.975
262.686
264.448
266.275
268.175
270.148
272.194
274.308
276.489
278.731
281.032
283.388
285.79
288.226
290.685
293.16
295.644
298.135
300.634
303.139
305.653
308.179
310.721
313.279
315.854
318.448
321.06
323.691
326.342
329.013
331.703
334.414
337.146
339.902
342.681
345.484
348.315
351.175
354.065
356.976
359.921
362.899
365.909
368.952
372.028
375.138
378.286
381.473
384.702
387.973
391.289
394.652
398.063
401.524
405.037
408.603
412.224
415.902
419.638
423.434
427.293
431.215
435.204
439.261
443.389
447.592
451.872
456.233
460.679
465.212
469.837
474.558
479.378
484.3
489.33
494.469
499.722
505.094
510.589
516.214
521.983
527.909
534.023
540.358
546.967
553.911
561.268
569.122
577.57
586.717
596.675
607.586
619.588
632.944
647.851
664.935
684.498
708.148
736.093
216.058
219.895
220.961
223.171
225.18
227.266
229.37
231.513
233.674
235.848
238.032
240.223
242.421
244.61
246.766
248.861
250.873
252.793
254.634
256.423
258.2
259.988
261.803
263.662
265.577
267.56
269.61
271.729
273.914
276.162
278.467
280.823
283.224
285.661
288.122
290.598
293.081
295.569
298.062
300.561
303.068
305.585
308.115
310.66
313.22
315.795
318.388
320.997
323.625
326.271
328.938
331.627
334.337
337.071
339.829
342.611
345.418
348.251
351.113
354.003
356.914
359.859
362.837
365.847
368.89
371.967
375.079
378.23
381.42
384.652
387.926
391.245
394.609
398.021
401.482
404.993
408.558
412.177
415.853
419.587
423.382
427.24
431.161
435.148
439.204
443.331
447.532
451.81
456.168
460.61
465.14
469.761
474.477
479.291
484.209
489.232
494.366
499.614
504.981
510.471
516.093
521.856
527.779
533.888
540.219
546.822
553.761
561.11
568.957
577.395
586.537
596.483
607.391
619.386
632.755
647.681
664.851
684.554
708.616
737.273
213.393
217.127
218.194
220.38
222.375
224.469
226.598
228.782
230.997
233.236
235.501
237.792
240.104
242.424
244.724
246.974
249.145
251.224
253.216
255.146
257.051
258.959
260.886
262.848
264.858
266.929
269.061
271.258
273.516
275.833
278.201
280.613
283.061
285.533
288.019
290.51
293.001
295.493
297.988
300.488
302.997
305.516
308.05
310.598
313.16
315.737
318.328
320.935
323.559
326.201
328.865
331.552
334.261
336.996
339.756
342.541
345.35
348.185
351.049
353.939
356.85
359.795
362.773
365.782
368.825
371.903
375.018
378.171
381.365
384.6
387.878
391.199
394.565
397.978
401.438
404.949
408.511
412.129
415.803
419.535
423.329
427.184
431.104
435.09
439.145
443.27
447.469
451.745
456.101
460.54
465.066
469.682
474.394
479.203
484.116
489.134
494.263
499.505
504.868
510.353
515.97
521.729
527.648
533.752
540.079
546.676
553.61
560.95
568.791
577.219
586.353
596.287
607.191
619.178
632.556
647.501
664.747
684.597
709.076
738.496
210.688
214.317
215.385
217.544
219.524
221.625
223.778
225.998
228.261
230.563
232.906
235.29
237.714
240.159
242.601
245.003
247.335
249.576
251.728
253.808
255.851
257.889
259.936
262.009
264.121
266.285
268.504
270.781
273.116
275.504
277.937
280.405
282.899
285.406
287.916
290.422
292.922
295.417
297.912
300.414
302.925
305.448
307.985
310.536
313.101
315.679
318.269
320.873
323.493
326.132
328.793
331.477
334.186
336.922
339.683
342.47
345.282
348.119
350.983
353.874
356.784
359.73
362.707
365.716
368.76
371.839
374.956
378.112
381.308
384.547
387.828
391.152
394.52
397.933
401.393
404.903
408.464
412.079
415.751
419.482
423.273
427.127
431.046
435.03
439.083
443.207
447.404
451.677
456.031
460.466
464.989
469.601
474.309
479.113
484.021
489.034
494.158
499.395
504.753
510.233
515.847
521.601
527.517
533.615
539.938
546.529
553.457
560.79
568.624
577.041
586.166
596.089
606.986
618.965
632.349
647.31
664.625
684.626
709.518
739.709
207.975
211.497
212.559
214.687
216.65
218.754
220.926
223.178
225.485
227.843
230.258
232.731
235.261
237.83
240.409
242.962
245.453
247.86
250.177
252.414
254.605
256.781
258.957
261.147
263.368
265.63
267.94
270.302
272.716
275.177
277.676
280.2
282.74
285.281
287.815
290.335
292.842
295.34
297.837
300.34
302.853
305.379
307.92
310.475
313.042
315.621
318.211
320.812
323.429
326.064
328.721
331.403
334.112
336.848
339.611
342.4
345.213
348.052
350.917
353.808
356.718
359.663
362.64
365.649
368.693
371.773
374.892
378.05
381.25
384.492
387.776
391.103
394.472
397.886
401.347
404.855
408.415
412.028
415.698
419.426
423.216
427.068
430.985
434.968
439.02
443.141
447.337
451.608
455.958
460.391
464.91
469.519
474.222
479.021
483.924
488.932
494.052
499.285
504.638
510.114
515.724
521.473
527.385
533.479
539.798
546.382
553.305
560.629
568.455
576.861
585.978
595.888
606.778
618.748
632.135
647.111
664.486
684.627
709.927
740.922
205.243
208.655
209.714
211.807
213.752
215.857
218.046
220.325
222.67
225.08
227.561
230.119
232.751
235.438
238.151
240.852
243.503
246.077
248.563
250.966
253.314
255.637
257.949
260.265
262.6
264.967
267.373
269.823
272.317
274.853
277.418
280
282.584
285.159
287.715
290.249
292.763
295.264
297.762
300.266
302.781
305.311
307.855
310.414
312.984
315.564
318.153
320.753
323.366
325.997
328.652
331.331
334.038
336.775
339.539
342.33
345.145
347.985
350.851
353.742
356.651
359.596
362.572
365.581
368.625
371.706
374.827
377.988
381.191
384.436
387.723
391.053
394.424
397.839
401.299
404.807
408.365
411.976
415.644
419.37
423.158
427.008
430.923
434.904
438.954
443.074
447.267
451.536
455.884
460.314
464.829
469.434
474.133
478.929
483.827
488.831
493.946
499.174
504.523
509.995
515.6
521.346
527.254
533.343
539.658
546.236
553.153
560.468
568.287
576.682
585.789
595.687
606.569
618.529
631.917
646.904
664.331
684.609
710.296
742.184
202.523
205.824
206.873
208.93
210.854
212.956
215.155
217.457
219.835
222.289
224.832
227.468
230.197
232.999
235.842
238.689
241.497
244.239
246.896
249.47
251.982
254.459
256.916
259.365
261.822
264.298
266.804
269.345
271.922
274.533
277.166
279.803
282.433
285.04
287.618
290.165
292.685
295.189
297.688
300.193
302.71
305.243
307.791
310.353
312.926
315.508
318.096
320.694
323.304
325.932
328.583
331.26
333.966
336.703
339.467
342.26
345.077
347.918
350.785
353.675
356.584
359.528
362.504
365.512
368.557
371.639
374.761
377.925
381.131
384.379
387.669
391.001
394.375
397.79
401.25
404.757
408.314
411.923
415.589
419.313
423.099
426.947
430.86
434.839
438.887
443.005
447.197
451.463
455.809
460.235
464.748
469.349
474.045
478.836
483.73
488.729
493.839
499.063
504.408
509.876
515.478
521.219
527.124
533.208
539.518
546.09
553.001
560.308
568.119
576.503
585.601
595.487
606.359
618.309
631.694
646.689
664.16
684.569
710.63
743.456
199.806
202.995
204.035
206.053
207.956
210.053
212.26
214.578
216.982
219.477
222.075
224.786
227.607
230.517
233.487
236.475
239.439
242.347
245.179
247.929
250.612
253.251
255.86
258.45
261.034
263.626
266.236
268.87
271.533
274.22
276.919
279.613
282.286
284.925
287.524
290.083
292.609
295.115
297.615
300.12
302.64
305.176
307.728
310.294
312.869
315.452
318.04
320.636
323.243
325.868
328.516
331.191
333.896
336.632
339.397
342.191
345.01
347.851
350.718
353.609
356.517
359.461
362.435
365.443
368.488
371.571
374.695
377.861
381.07
384.321
387.614
390.948
394.324
397.74
401.2
404.706
408.261
411.869
415.532
419.254
423.038
426.884
430.796
434.773
438.819
442.935
447.125
451.389
455.732
460.156
464.666
469.263
473.955
478.742
483.632
488.627
493.733
498.953
504.294
509.757
515.356
521.093
526.994
533.074
539.379
545.945
552.849
560.148
567.951
576.325
585.413
595.286
606.148
618.085
631.465
646.465
663.971
684.503
710.945
744.67
197.119
200.197
201.225
203.201
205.08
207.168
209.376
211.706
214.131
216.659
219.307
222.086
224.994
228.01
231.101
234.227
237.343
240.417
243.423
246.352
249.211
252.018
254.785
257.521
260.239
262.951
265.67
268.401
271.151
273.914
276.68
279.428
282.144
284.814
287.432
290.003
292.535
295.042
297.542
300.049
302.57
305.109
307.665
310.234
312.813
315.397
317.985
320.578
323.183
325.805
328.45
331.123
333.827
336.562
339.328
342.123
344.943
347.785
350.652
353.542
356.45
359.393
362.367
365.374
368.419
371.503
374.629
377.797
381.008
384.262
387.558
390.895
394.271
397.689
401.149
404.654
408.208
411.813
415.475
419.195
422.976
426.82
430.73
434.706
438.75
442.864
447.052
451.314
455.654
460.076
464.582
469.176
473.865
478.648
483.535
488.525
493.628
498.843
504.181
509.64
515.235
520.968
526.866
532.94
539.241
545.8
552.699
559.989
567.785
576.147
585.226
595.085
605.935
617.86
631.232
646.235
663.768
684.416
711.212
745.891
194.452
197.42
198.436
200.37
202.225
204.301
206.507
208.842
211.282
213.839
216.533
219.376
222.366
225.481
228.689
231.948
235.214
238.45
241.631
244.741
247.78
250.761
253.693
256.583
259.441
262.279
265.109
267.94
270.777
273.617
276.448
279.25
282.007
284.706
287.344
289.925
292.462
294.971
297.472
299.979
302.502
305.044
307.603
310.176
312.757
315.342
317.93
320.522
323.124
325.743
328.386
331.056
333.759
336.494
339.26
342.055
344.876
347.719
350.586
353.476
356.384
359.325
362.298
365.306
368.35
371.435
374.562
377.733
380.946
384.203
387.502
390.84
394.218
397.636
401.096
404.601
408.153
411.757
415.417
419.135
422.914
426.756
430.664
434.638
438.68
442.793
446.979
451.238
455.576
459.995
464.499
469.09
473.775
478.555
483.437
488.424
493.523
498.734
504.068
509.524
515.115
520.844
526.738
532.807
539.103
545.657
552.55
559.833
567.62
575.972
585.039
594.885
605.723
617.635
630.997
646.001
663.552
684.307
711.425
747.145
191.824
194.683
195.685
197.575
199.403
201.462
203.661
205.996
208.447
211.028
213.762
216.664
219.732
222.943
226.265
229.653
233.064
236.461
239.815
243.106
246.328
249.487
252.59
255.639
258.641
261.609
264.555
267.487
270.412
273.329
276.224
279.079
281.876
284.603
287.258
289.849
292.391
294.902
297.403
299.91
302.435
304.98
307.543
310.119
312.702
315.289
317.876
320.467
323.067
325.683
328.322
330.991
333.692
336.426
339.192
341.988
344.81
347.653
350.521
353.411
356.317
359.258
362.23
365.237
368.282
371.367
374.496
377.668
380.884
384.143
387.444
390.784
394.164
397.583
401.043
404.546
408.097
411.7
415.357
419.073
422.85
426.69
430.596
434.568
438.609
442.72
446.904
451.161
455.497
459.913
464.414
469.003
473.685
478.461
483.34
488.323
493.418
498.625
503.956
509.407
514.995
520.72
526.61
532.676
538.969
545.518
552.406
559.68
567.459
575.799
584.856
594.688
605.514
617.412
630.762
645.762
663.324
684.175
711.596
748.38
189.217
191.968
192.956
194.802
196.602
198.643
200.83
203.161
205.617
208.219
210.991
213.949
217.091
220.395
223.825
227.339
230.892
234.447
237.972
241.446
244.853
248.197
251.475
254.689
257.842
260.945
264.01
267.046
270.06
273.052
276.01
278.915
281.75
284.503
287.175
289.775
292.321
294.834
297.335
299.843
302.37
304.918
307.484
310.063
312.649
315.236
317.824
320.413
323.01
325.623
328.26
330.927
333.626
336.36
339.126
341.923
344.745
347.589
350.456
353.346
356.252
359.192
362.163
365.17
368.214
371.3
374.43
377.604
380.822
384.083
387.386
390.728
394.109
397.529
400.988
404.491
408.041
411.642
415.297
419.011
422.786
426.624
430.528
434.498
438.538
442.646
446.828
451.083
455.418
459.832
464.33
468.916
473.595
478.367
483.243
488.222
493.314
498.517
503.844
509.292
514.877
520.599
526.487
532.551
538.84
545.383
552.264
559.53
567.299
575.629
584.673
594.492
605.304
617.187
630.524
645.517
663.082
684.019
711.707
749.639
186.63
189.275
190.248
192.048
193.818
195.836
198.006
200.328
202.788
205.408
208.215
211.227
214.441
217.834
221.372
225.01
228.703
232.414
236.11
239.766
243.361
246.891
250.351
253.735
257.045
260.288
263.475
266.617
269.72
272.787
275.806
278.759
281.629
284.407
287.094
289.704
292.254
294.768
297.27
299.779
302.307
304.858
307.427
310.008
312.597
315.186
317.773
320.361
322.955
325.565
328.2
330.864
333.562
336.295
339.061
341.857
344.68
347.524
350.391
353.281
356.185
359.125
362.096
365.101
368.146
371.232
374.363
377.538
380.759
384.022
387.327
390.671
394.053
397.473
400.933
404.435
407.983
411.582
415.236
418.948
422.721
426.557
430.459
434.428
438.465
442.572
446.752
451.005
455.337
459.749
464.245
468.828
473.504
478.274
483.147
488.122
493.211
498.411
503.735
509.181
514.764
520.485
526.37
532.429
538.712
545.248
552.122
559.379
567.14
575.458
584.491
594.296
605.094
616.962
630.284
645.268
662.831
683.841
711.781
750.869
184.032
186.574
187.531
189.284
191.023
193.015
195.165
197.476
199.936
202.573
205.415
208.481
211.767
215.249
218.892
222.652
226.484
230.35
234.218
238.057
241.844
245.566
249.213
252.775
256.248
259.637
262.952
266.201
269.395
272.535
275.613
278.611
281.514
284.315
287.017
289.634
292.188
294.704
297.207
299.717
302.247
304.8
307.372
309.956
312.547
315.137
317.724
320.311
322.903
325.51
328.142
330.804
333.5
336.233
338.998
341.795
344.618
347.463
350.329
353.218
356.122
359.061
362.03
365.036
368.08
371.166
374.298
377.475
380.697
383.962
387.269
390.614
393.997
397.418
400.877
404.379
407.927
411.524
415.176
418.886
422.657
426.492
430.392
434.359
438.394
442.499
446.678
450.929
455.259
459.668
464.162
468.742
473.416
478.182
483.052
488.026
493.112
498.311
503.633
509.076
514.657
520.372
526.253
532.306
538.584
545.115
551.982
559.232
566.984
575.292
584.314
594.105
604.889
616.742
630.048
645.021
662.575
683.644
711.818
752.091
181.403
183.844
184.782
186.486
188.19
190.152
192.279
194.576
197.037
199.691
202.569
205.69
209.049
212.622
216.373
220.257
224.229
228.252
232.292
236.318
240.298
244.217
248.057
251.804
255.448
258.99
262.437
265.799
269.084
272.296
275.431
278.472
281.406
284.227
286.941
289.566
292.124
294.642
297.146
299.657
302.189
304.745
307.32
309.906
312.498
315.088
317.675
320.26
322.851
325.456
328.085
330.745
333.44
336.172
338.937
341.734
344.558
347.403
350.27
353.159
356.062
359
361.969
364.973
368.017
371.103
374.235
377.413
380.636
383.903
387.211
390.558
393.942
397.363
400.822
404.323
407.869
411.466
415.116
418.824
422.594
426.426
430.325
434.29
438.324
442.428
446.604
450.854
455.182
459.589
464.08
468.658
473.329
478.094
482.962
487.933
493.017
498.213
503.531
508.97
514.546
520.257
526.134
532.184
538.458
544.984
551.846
559.088
566.831
575.128
584.138
593.916
604.686
616.523
629.811
644.77
662.309
683.435
711.737
753.358
178.704
181.046
181.964
183.617
185.284
187.214
189.316
191.598
194.06
196.734
199.65
202.829
206.264
209.93
213.791
217.801
221.916
226.099
230.315
234.53
238.711
242.834
246.875
250.815
254.639
258.342
261.928
265.407
268.786
272.072
275.262
278.343
281.305
284.144
286.869
289.5
292.061
294.581
297.087
299.599
302.133
304.691
307.268
309.857
312.45
315.041
317.627
320.21
322.799
325.402
328.028
330.686
333.379
336.11
338.875
341.672
344.496
347.341
350.208
353.097
355.999
358.936
361.904
364.908
367.951
371.038
374.17
377.349
380.574
383.842
387.151
390.499
393.884
397.305
400.764
404.264
407.809
411.403
415.052
418.758
422.526
426.357
430.253
434.217
438.249
442.351
446.525
450.773
455.099
459.504
463.993
468.57
473.239
478.002
482.868
487.835
492.916
498.107
503.422
508.858
514.431
520.141
526.015
532.061
538.332
544.852
551.707
558.942
566.676
574.963
583.962
593.727
604.481
616.302
629.573
644.516
662.036
683.199
711.632
754.584
175.908
178.154
179.047
180.646
182.274
184.167
186.241
188.509
190.974
193.67
196.63
199.87
203.386
207.15
211.126
215.267
219.531
223.879
228.277
232.688
237.076
241.409
245.66
249.802
253.814
257.686
261.42
265.022
268.5
271.862
275.106
278.226
281.212
284.067
286.801
289.438
292.003
294.526
297.033
299.548
302.085
304.646
307.225
309.816
312.41
315.001
317.586
320.167
322.753
325.354
327.978
330.634
333.326
336.056
338.821
341.617
344.441
347.287
350.153
353.042
355.943
358.879
361.846
364.849
367.892
370.978
374.111
377.29
380.516
383.785
387.096
390.445
393.83
397.252
400.711
404.21
407.754
411.347
414.995
418.699
422.465
426.295
430.19
434.151
438.181
442.281
446.453
450.699
455.024
459.428
463.916
468.49
473.157
477.916
482.778
487.743
492.82
498.009
503.323
508.756
514.327
520.033
525.904
531.946
538.212
544.727
551.576
558.803
566.529
574.804
583.791
593.542
604.282
616.086
629.337
644.262
661.759
682.937
711.503
755.989
172.997
175.149
176.017
177.56
179.144
180.998
183.043
185.296
187.766
190.488
193.495
196.802
200.403
204.269
208.363
212.641
217.058
221.577
226.162
230.778
235.381
239.934
244.404
248.757
252.968
257.019
260.909
264.641
268.222
271.662
274.963
278.12
281.131
284
286.743
289.384
291.952
294.476
296.986
299.502
302.04
304.603
307.185
309.776
312.371
314.962
317.545
320.124
322.707
325.304
327.926
330.58
333.271
336.001
338.766
341.563
344.388
347.234
350.101
352.989
355.891
358.826
361.792
364.794
367.836
370.922
374.054
377.234
380.46
383.73
387.041
390.39
393.776
397.197
400.656
404.155
407.698
411.29
414.935
418.638
422.402
426.229
430.122
434.081
438.11
442.208
446.38
450.624
454.947
459.348
463.833
468.404
473.068
477.824
482.684
487.646
492.72
497.906
503.216
508.646
514.214
519.917
525.784
531.823
538.084
544.593
551.437
558.656
566.372
574.638
583.613
593.351
604.075
615.863
629.094
644.001
661.473
682.666
711.284
757.284
169.982
172.043
172.88
174.362
175.898
177.708
179.721
181.958
184.434
187.186
190.244
193.621
197.311
201.283
205.501
209.92
214.497
219.193
223.974
228.802
233.627
238.41
243.108
247.683
252.1
256.338
260.391
264.26
267.95
271.471
274.83
278.026
281.058
283.938
286.683
289.324
291.89
294.412
296.919
299.435
301.973
304.537
307.12
309.713
312.308
314.899
317.481
320.059
322.64
325.234
327.854
330.506
333.196
335.925
338.69
341.486
344.311
347.157
350.023
352.911
355.812
358.746
361.711
364.712
367.754
370.839
373.972
377.152
380.379
383.649
386.961
390.311
393.697
397.118
400.576
404.074
407.616
411.206
414.85
418.552
422.315
426.14
430.032
433.991
438.018
442.115
446.284
450.525
454.845
459.244
463.727
468.296
472.958
477.712
482.569
487.529
492.601
497.784
503.092
508.52
514.085
519.786
525.651
531.686
537.944
544.449
551.287
558.499
566.208
574.464
583.428
593.154
603.864
615.636
628.847
643.734
661.176
682.367
711.006
758.421
166.918
168.889
169.693
171.109
172.591
174.352
176.329
178.548
181.03
183.812
186.92
190.369
194.147
198.225
202.567
207.128
211.865
216.742
221.723
226.767
231.824
236.844
241.779
246.583
251.215
255.647
259.869
263.878
267.68
271.285
274.701
277.933
280.984
283.87
286.615
289.251
291.813
294.332
296.837
299.352
301.891
304.456
307.041
309.636
312.232
314.823
317.406
319.983
322.563
325.156
327.774
330.424
333.112
335.839
338.601
341.394
344.217
347.062
349.926
352.813
355.713
358.646
361.609
364.609
367.648
370.733
373.864
377.044
380.271
383.543
386.855
390.206
393.591
397.012
400.468
403.965
407.505
411.094
414.737
418.437
422.198
426.023
429.914
433.87
437.894
441.988
446.155
450.394
454.713
459.11
463.592
468.159
472.819
477.571
482.426
487.384
492.454
497.635
502.94
508.365
513.928
519.625
525.487
531.518
537.772
544.272
551.103
558.308
566.007
574.252
583.203
592.914
603.606
615.358
628.544
643.404
660.806
681.982
710.597
759.435
163.904
165.79
166.549
167.893
169.312
171.015
172.947
175.144
177.628
180.435
183.59
187.105
190.968
195.148
199.609
204.309
209.205
214.261
219.442
224.705
229.996
235.258
240.437
245.476
250.327
254.958
259.35
263.502
267.417
271.105
274.578
277.846
280.916
283.809
286.555
289.187
291.745
294.26
296.764
299.28
301.821
304.391
306.98
309.58
312.181
314.776
317.363
319.942
322.522
325.116
327.733
330.382
333.069
335.796
338.559
341.354
344.177
347.021
349.882
352.762
355.655
358.583
361.545
364.542
367.58
370.661
373.789
376.963
380.185
383.451
386.759
390.105
393.487
396.905
400.358
403.852
407.389
410.974
414.613
418.309
422.066
425.887
429.774
433.726
437.746
441.835
445.997
450.233
454.548
458.943
463.421
467.984
472.641
477.389
482.24
487.193
492.258
497.434
502.734
508.155
513.712
519.404
525.261
531.286
537.534
544.026
550.849
558.045
565.734
573.967
582.906
592.603
603.28
615.016
628.185
643.027
660.403
681.567
710.197
759.717
161.096
162.896
163.606
164.867
166.213
167.849
169.729
171.895
174.37
177.192
180.384
183.954
187.889
192.158
196.726
201.551
206.593
211.818
217.19
222.665
228.186
233.689
239.111
244.387
249.459
254.286
258.85
263.143
267.168
270.937
274.469
277.776
280.872
283.778
286.525
289.153
291.703
294.211
296.71
299.223
301.764
304.334
306.926
309.529
312.132
314.728
317.315
319.894
322.473
325.065
327.68
330.328
333.012
335.736
338.497
341.289
344.109
346.952
349.813
352.695
355.591
358.522
361.487
364.488
367.528
370.612
373.743
376.923
380.15
383.422
386.735
390.087
393.474
396.896
400.354
403.851
407.391
410.979
414.62
418.319
422.078
425.9
429.788
433.743
437.767
441.861
446.028
450.267
454.585
458.982
463.461
468.026
472.683
477.432
482.284
487.237
492.303
497.479
502.78
508.2
513.758
519.45
525.306
531.33
537.576
544.065
550.885
558.075
565.757
573.981
582.906
592.588
603.244
614.955
628.09
642.891
660.203
681.327
709.845
760.164
158.657
160.373
161.019
162.187
163.45
165.009
166.827
168.948
171.402
174.224
177.436
181.042
185.03
189.368
194.023
198.954
204.123
209.497
215.043
220.715
226.451
232.184
237.841
243.349
248.638
253.66
258.389
262.819
266.954
270.804
274.387
277.719
280.819
283.719
286.457
289.077
291.621
294.125
296.621
299.133
301.673
304.244
306.836
309.439
312.042
314.638
317.222
319.798
322.374
324.963
327.577
330.223
332.906
335.627
338.383
341.17
343.988
346.83
349.694
352.581
355.482
358.415
361.378
364.376
367.414
370.497
373.629
376.809
380.038
383.31
386.624
389.974
393.359
396.778
400.234
403.728
407.266
410.853
414.493
418.19
421.949
425.77
429.658
433.613
437.638
441.733
445.901
450.14
454.456
458.849
463.325
467.886
472.54
477.286
482.134
487.084
492.146
497.318
502.615
508.031
513.584
519.271
525.122
531.141
537.381
543.863
550.675
557.856
565.526
573.737
582.646
592.306
602.936
614.615
627.708
642.459
659.701
680.757
709.173
760.129
156.741
158.372
158.949
160.018
161.194
162.67
164.417
166.484
168.902
171.706
174.916
178.536
182.552
186.933
191.646
196.653
201.919
207.412
213.1
218.939
224.864
230.803
236.677
242.401
247.896
253.103
257.991
262.552
266.799
270.744
274.394
277.762
280.876
283.777
286.512
289.129
291.671
294.174
296.669
299.18
301.72
304.291
306.884
309.488
312.092
314.689
317.275
319.852
322.429
325.017
327.628
330.273
332.957
335.684
338.448
341.245
344.071
346.918
349.784
352.67
355.568
358.498
361.459
364.456
367.493
370.576
373.707
376.887
380.115
383.387
386.701
390.052
393.439
396.86
400.317
403.812
407.35
410.936
414.575
418.272
422.029
425.85
429.736
433.691
437.716
441.81
445.977
450.215
454.53
458.923
463.398
467.959
472.613
477.359
482.207
487.158
492.221
497.395
502.693
508.11
513.665
519.354
525.206
531.226
537.466
543.948
550.758
557.936
565.603
573.808
582.709
592.363
602.985
614.66
627.748
642.499
659.73
680.806
709.149
760.586
155.407
156.955
157.459
158.434
159.524
160.917
162.591
164.595
166.964
169.733
172.922
176.534
180.553
184.95
189.691
194.743
200.071
205.648
211.443
217.412
223.489
229.599
235.659
241.577
247.263
252.645
257.682
262.36
266.68
270.66
274.325
277.702
280.822
283.726
286.461
289.076
291.615
294.115
296.608
299.117
301.656
304.227
306.82
309.426
312.033
314.635
317.227
319.81
322.39
324.981
327.592
330.237
332.921
335.646
338.41
341.209
344.038
346.89
349.758
352.646
355.545
358.477
361.443
364.446
367.491
370.581
373.718
376.901
380.131
383.404
386.718
390.07
393.456
396.876
400.332
403.825
407.361
410.945
414.581
418.275
422.029
425.847
429.731
433.681
437.699
441.785
445.943
450.175
454.484
458.872
463.343
467.899
472.548
477.289
482.132
487.077
492.133
497.301
502.592
508.003
513.551
519.232
525.076
531.088
537.317
543.787
550.582
557.742
565.387
573.569
582.446
592.074
602.671
614.32
627.38
642.098
659.279
680.308
708.459
760.129
154.629
156.102
156.55
157.447
158.466
159.787
161.394
163.338
165.655
168.382
171.538
175.125
179.128
183.517
188.26
193.326
198.682
204.305
210.164
216.219
222.403
228.639
234.841
240.914
246.761
252.299
257.478
262.279
266.693
270.728
274.415
277.796
280.911
283.809
286.539
289.15
291.686
294.185
296.678
299.187
301.725
304.296
306.889
309.492
312.096
314.691
317.276
319.851
322.426
325.013
327.625
330.272
332.958
335.687
338.453
341.249
344.074
346.923
349.79
352.678
355.578
358.51
361.474
364.475
367.516
370.602
373.735
376.916
380.144
383.418
386.734
390.087
393.476
396.9
400.359
403.856
407.396
410.983
414.623
418.319
422.077
425.897
429.784
433.737
437.758
441.849
446.012
450.249
454.564
458.957
463.433
467.994
472.648
477.394
482.242
487.192
492.255
497.428
502.726
508.143
513.697
519.385
525.236
531.255
537.492
543.971
550.776
557.948
565.607
573.807
582.702
592.351
602.97
614.642
627.723
642.465
659.666
680.724
708.784
761.34
154.269
155.678
156.092
156.933
157.898
159.165
160.719
162.614
164.886
167.573
170.695
174.253
178.232
182.6
187.329
192.389
197.749
203.388
209.278
215.38
221.627
227.941
234.235
240.417
246.395
252.073
257.374
262.252
266.706
270.759
274.456
277.839
280.953
283.848
286.574
289.181
291.715
294.211
296.702
299.209
301.746
304.316
306.909
309.514
312.12
314.719
317.307
319.885
322.461
325.046
327.652
330.286
332.952
335.654
338.393
341.17
343.981
346.822
349.684
352.567
355.464
358.392
361.353
364.35
367.386
370.467
373.596
376.774
380
383.272
386.586
389.938
393.326
396.748
400.205
403.7
407.238
410.823
414.46
418.154
421.908
425.725
429.608
433.557
437.577
441.666
445.828
450.064
454.377
458.768
463.243
467.802
472.455
477.199
482.046
486.994
492.056
497.228
502.524
507.94
513.493
519.181
525.031
531.049
537.286
543.765
550.57
557.743
565.405
573.606
582.506
592.159
602.784
614.461
627.55
642.297
659.502
680.552
708.486
761.419
154.206
155.548
155.959
156.768
157.71
158.952
160.485
162.359
164.613
167.283
170.388
173.93
177.89
182.242
186.958
192.007
197.362
203
208.896
215.011
221.28
227.621
233.947
240.159
246.161
251.865
257.196
262.106
266.582
270.651
274.358
277.748
280.867
283.764
286.491
289.098
291.631
294.126
296.616
299.124
301.662
304.234
306.83
309.438
312.048
314.651
317.242
319.823
322.401
324.992
327.608
330.263
332.962
335.706
338.486
341.294
344.129
346.985
349.857
352.748
355.651
358.584
361.551
364.552
367.593
370.679
373.813
376.997
380.229
383.506
386.825
390.183
393.576
397.003
400.466
403.967
407.51
411.101
414.745
418.446
422.207
426.031
429.921
433.878
437.904
442.001
446.17
450.412
454.733
459.131
463.613
468.18
472.839
477.59
482.444
487.4
492.468
497.647
502.95
508.373
513.933
519.628
525.485
531.511
537.755
544.243
551.056
558.24
565.912
574.126
583.038
592.707
603.345
615.04
628.144
642.91
660.136
681.182
709.047
762.844
741.766
746.502
751.375
756.459
761.766
767.293
773.064
779.083
785.352
791.906
798.692
805.709
812.799
820.167
827.843
835.858
844.362
853.139
862.134
871.362
880.851
890.598
900.608
910.859
921.35
932.054
942.971
954.07
965.355
976.787
988.373
1000.07
1011.89
1023.78
1035.76
1047.77
1059.85
1071.91
1084.01
1096.07
1108.14
1120.13
1132.11
1144
1155.85
1167.57
1179.25
1190.78
1202.25
1213.56
1224.81
1235.89
1246.96
1257.89
1268.88
1279.81
1290.86
1301.84
1312.88
1323.53
1333.76
1343.21
1352.23
1360.41
1368.08
1374.74
1381.11
1386.03
1390.66
1394.14
1396.97
1399.18
1401.59
1404.54
1402.99
1402.59
1400.64
1395.52
1295.61
1622.81
742.031
746.779
751.651
756.74
762.041
767.563
773.328
779.317
785.585
792.085
798.893
806.028
813.279
820.801
828.527
836.63
845.027
853.705
862.646
871.829
881.26
890.926
900.831
910.952
921.292
931.822
942.548
953.433
964.486
975.664
986.981
998.386
1009.9
1021.47
1033.12
1044.78
1056.5
1068.2
1079.93
1091.62
1103.31
1114.92
1126.53
1138.03
1149.51
1160.87
1172.19
1183.36
1194.5
1205.48
1216.44
1227.25
1238.08
1248.79
1259.56
1270.2
1280.86
1291.28
1301.6
1311.49
1320.95
1330.3
1339.39
1348.4
1356.64
1364.9
1371.89
1379.49
1384.87
1390.95
1394.39
1397.73
1398.13
1398.63
1396.24
1397.46
1394.74
1393.66
1294.39
1628.89
742.535
747.357
752.3
757.48
762.867
768.504
774.365
780.497
786.865
793.517
800.413
807.565
815.026
822.67
830.586
838.906
847.463
856.307
865.451
874.854
884.514
894.404
904.536
914.88
925.449
936.201
947.154
958.256
969.529
980.913
992.44
1004.04
1015.75
1027.49
1039.31
1051.13
1063.01
1074.84
1086.71
1098.5
1110.3
1121.99
1133.68
1145.23
1156.76
1168.14
1179.47
1190.65
1201.79
1212.79
1223.82
1234.72
1245.66
1256.51
1267.3
1277.8
1288.02
1297.66
1306.53
1315.06
1323.06
1331.09
1338.36
1345.63
1352.01
1358.81
1363.76
1369.96
1373.04
1378.81
1379.06
1384.42
1383.55
1387.07
1384.22
1387.46
1385.84
1386.95
1293.68
1626.66
743.097
748.007
753.039
758.315
763.815
769.559
775.555
781.803
788.324
795.094
802.145
809.414
817.1
825.058
833.265
841.685
850.375
859.367
868.68
878.26
888.102
898.163
908.46
918.949
929.656
940.522
951.582
962.763
974.109
985.536
997.101
1008.71
1020.42
1032.14
1043.94
1055.72
1067.55
1079.32
1091.12
1102.84
1114.57
1126.2
1137.82
1149.31
1160.78
1172.13
1183.45
1194.65
1205.89
1217.02
1228.23
1239.37
1250.42
1261.28
1271.88
1281.8
1291.1
1299.85
1307.88
1315.89
1323.49
1330.91
1337.26
1343.89
1348.31
1354.35
1357.71
1361.47
1361.65
1367.53
1365.1
1370.3
1369.34
1373.9
1373.73
1377.58
1378.66
1381.29
1290.53
1630.12
743.937
748.961
754.109
759.517
765.156
771.062
777.214
783.655
790.347
797.342
804.59
812.128
820.046
828.218
836.733
845.442
854.412
863.659
873.22
883.044
893.137
903.437
913.969
924.669
935.579
946.619
957.842
969.154
980.622
992.135
1003.78
1015.42
1027.18
1038.9
1050.7
1062.43
1074.23
1085.93
1097.67
1109.3
1120.94
1132.46
1143.97
1155.35
1166.73
1177.99
1189.27
1200.47
1211.76
1222.97
1234.14
1245.21
1255.9
1265.91
1275.47
1284.23
1292.09
1299.67
1306.78
1313.71
1320.25
1326.5
1331.05
1337.29
1340.74
1343.08
1347.28
1350.43
1348.82
1354.81
1354.29
1358.2
1359.54
1363.99
1365.7
1370.07
1371.72
1374.86
1287.82
1626.38
744.91
750.071
755.364
760.927
766.748
772.834
779.205
785.853
792.799
800.033
807.583
815.399
823.571
832.077
840.91
849.958
859.269
868.826
878.686
888.793
899.176
909.75
920.556
931.499
942.643
953.879
965.288
976.745
988.348
999.955
1011.68
1023.37
1035.17
1046.89
1058.69
1070.38
1082.14
1093.78
1105.46
1117
1128.57
1139.99
1151.44
1162.75
1174.09
1185.34
1196.67
1207.88
1219.11
1230.17
1240.76
1250.92
1260.53
1269.17
1276.79
1284.27
1290.92
1297.67
1304.07
1309.99
1314.23
1320.48
1322.93
1325.99
1330.29
1331.1
1332.74
1337.7
1337.1
1342.17
1344.19
1348.76
1351.21
1356.38
1358.77
1364.04
1366.35
1370.44
1288.56
1623.07
746.038
751.364
756.825
762.577
768.61
774.917
781.544
788.445
795.694
803.218
811.124
819.261
827.757
836.619
845.813
855.256
864.961
874.894
885.106
895.544
906.249
917.129
928.23
939.439
950.832
962.277
973.877
985.48
997.214
1008.9
1020.71
1032.43
1044.24
1055.93
1067.71
1079.34
1091.04
1102.58
1114.17
1125.61
1137.08
1148.42
1159.79
1171.08
1182.45
1193.73
1205.12
1216.32
1227.15
1237.63
1247.16
1255.88
1263.53
1270.8
1277.03
1283.36
1289.61
1295.06
1299.17
1305.14
1306.88
1310.4
1313.48
1314.14
1316.78
1320.18
1320.46
1325.64
1327.71
1332.34
1335.06
1340.27
1343.14
1348.56
1351.36
1356.96
1360
1364.5
1286.67
1618.88
747.302
752.823
758.472
764.454
770.717
777.306
784.201
791.437
798.997
806.912
815.175
823.664
832.621
841.883
851.501
861.368
871.529
881.883
892.517
903.323
914.401
925.603
937.033
948.518
960.183
971.844
983.648
995.399
1007.27
1019.04
1030.91
1042.66
1054.47
1066.15
1077.88
1089.45
1101.07
1112.52
1124.01
1135.36
1146.74
1158
1169.33
1180.53
1191.76
1202.74
1213.44
1223.7
1232.96
1241.61
1249.19
1256.04
1262.29
1268.36
1274.6
1279.96
1284.33
1289.99
1291.45
1295.59
1298.22
1298.15
1301.53
1304.26
1304.91
1309.79
1311.87
1316.32
1319.24
1324.34
1327.31
1332.62
1335.82
1341.55
1344.96
1350.83
1354.51
1359.38
1284.41
1618.12
748.696
754.433
760.305
766.54
773.079
779.98
787.198
794.811
802.74
811.097
819.772
828.713
838.112
847.848
857.92
868.277
878.912
889.757
900.834
912.077
923.531
935.103
946.847
958.638
970.555
982.448
994.435
1006.34
1018.32
1030.17
1042.09
1053.85
1065.67
1077.29
1088.99
1100.47
1112.03
1123.39
1134.83
1146.09
1157.46
1168.7
1180.07
1191.18
1202.23
1212.77
1222.22
1230.97
1238.51
1245.11
1251.14
1256.2
1261.55
1266.1
1270.95
1275.03
1276.48
1281.58
1282.27
1283.14
1287.54
1288.44
1289.99
1294.84
1296.72
1301.1
1304.14
1308.91
1311.9
1317.07
1320.46
1325.97
1329.61
1335.4
1339.27
1345.23
1349.34
1354.24
1281.81
1614.42
750.211
756.187
762.32
768.824
775.707
782.922
790.567
798.538
806.978
815.731
824.867
834.387
844.324
854.554
865.175
876.028
887.217
898.549
910.153
921.821
933.73
945.639
957.757
969.801
982.014
994.083
1006.28
1018.29
1030.4
1042.29
1054.26
1066
1077.8
1089.37
1101
1112.42
1123.87
1135.17
1146.47
1157.66
1168.79
1179.69
1190.3
1200.27
1209.52
1218.24
1225.44
1231.67
1237.49
1242.69
1248.04
1252.86
1258.07
1260.85
1263.81
1267.8
1266.51
1270.55
1272.96
1273.05
1276.67
1280.29
1282.09
1286.56
1289.49
1294.04
1297.07
1302.03
1305.48
1310.75
1314.48
1320.09
1324.13
1330.05
1334.23
1340.3
1344.72
1349.74
1279.68
1612.02
751.831
758.091
764.494
771.336
778.564
786.192
794.255
802.71
811.642
820.922
830.595
840.713
851.196
862.034
873.198
884.655
896.371
908.281
920.373
932.559
944.87
957.201
969.617
981.989
994.403
1006.72
1019.03
1031.21
1043.35
1055.34
1067.28
1079.04
1090.79
1102.32
1113.89
1125.24
1136.66
1147.87
1159.18
1170.22
1181.3
1191.61
1201.41
1209.99
1217.41
1223.62
1228.94
1233.27
1237.15
1241.49
1245.35
1247.56
1251.86
1253.43
1253.64
1258.24
1257.57
1259.88
1263.63
1266.03
1268.33
1272.7
1275.53
1279.87
1282.77
1287.57
1291.09
1296.12
1299.84
1305.26
1309.36
1315.07
1319.37
1325.35
1329.81
1335.96
1340.72
1345.76
1277.29
1610.9
753.559
760.131
766.842
774.063
781.677
789.781
798.301
807.328
816.773
826.615
836.985
847.695
858.874
870.295
882.151
894.154
906.531
918.94
931.634
944.249
957.064
969.723
982.521
995.112
1007.8
1020.23
1032.74
1044.93
1057.23
1069.13
1081.17
1092.81
1104.59
1116.01
1127.52
1138.73
1149.94
1160.77
1171.34
1181.14
1190.25
1198.46
1205.65
1211.57
1216.53
1220.82
1225.21
1230.43
1233.96
1236.96
1240.24
1239.81
1242.79
1245.29
1243.71
1248.47
1250.21
1252.56
1255.48
1259.35
1262.07
1266.18
1269.09
1273.8
1277.24
1282.03
1285.74
1290.96
1295.04
1300.51
1304.82
1310.61
1315.17
1321.23
1325.91
1332.09
1337.11
1342.18
1275.83
1607.17
755.386
762.288
769.365
776.979
785.073
793.659
802.762
812.358
822.414
832.965
843.986
855.443
867.266
879.457
891.912
904.661
917.561
930.655
943.792
956.997
970.162
983.281
996.328
1009.23
1022.08
1034.7
1047.28
1059.6
1071.85
1083.88
1095.78
1107.54
1119.1
1130.6
1141.92
1153.07
1164.06
1174.47
1184.39
1193.02
1200.28
1206.41
1211.2
1215.04
1217.57
1220.76
1222.99
1226.62
1228.31
1229.06
1232.33
1231.64
1232.65
1236.84
1237.17
1240.45
1243.36
1246.59
1249.17
1253.08
1256.04
1260.51
1263.82
1268.43
1272.12
1277.19
1281.22
1286.47
1290.74
1296.34
1300.92
1306.79
1311.56
1317.66
1322.57
1328.78
1334.02
1339.09
1273.84
1606.76
757.31
764.59
772.07
780.127
788.766
797.881
807.667
817.857
828.624
839.92
851.722
863.922
876.554
889.44
902.697
916.037
929.689
943.247
957.051
970.59
984.321
997.64
1011.13
1024.13
1037.26
1049.92
1062.64
1074.97
1087.26
1099.23
1111.17
1122.7
1134.31
1145.22
1156.18
1165.89
1175.13
1182.94
1190.33
1196.22
1200.66
1204.43
1208.02
1212.04
1215.18
1218.1
1218.27
1220.03
1221.78
1220.1
1223.57
1225.27
1225.41
1229.45
1231.5
1234.47
1237.09
1240.83
1243.67
1247.76
1250.94
1255.36
1258.99
1263.86
1267.8
1272.85
1277.08
1282.52
1287.09
1292.77
1297.54
1303.47
1308.42
1314.55
1319.61
1325.83
1331.24
1336.32
1271.89
1605.88
759.321
767.052
774.94
783.555
792.727
802.535
812.977
823.872
835.526
847.581
860.282
873.256
886.77
900.419
914.468
928.512
942.81
956.985
971.255
985.33
999.328
1013.13
1026.69
1040.11
1053.17
1066.14
1078.74
1091.21
1103.43
1115.35
1127.24
1138.6
1149.92
1160.65
1170.55
1179.68
1187.07
1193.18
1197.89
1201.15
1203.39
1204.83
1206.73
1208.91
1209.68
1211.6
1211.65
1211.17
1214.4
1214.34
1215.78
1219.29
1220.44
1223.4
1225.93
1229.25
1231.92
1235.72
1238.82
1243.01
1246.48
1251.06
1254.84
1259.67
1263.83
1269.12
1273.62
1279.11
1283.85
1289.62
1294.6
1300.58
1305.69
1311.84
1317.06
1323.3
1328.92
1334
1269.91
1607.03
761.428
769.634
778.002
787.223
797.011
807.599
818.751
830.543
842.961
856.053
869.523
883.555
897.803
912.453
927.135
942.072
956.856
971.756
986.388
1000.97
1015.28
1029.32
1043.22
1056.62
1070.06
1082.79
1095.75
1107.88
1120.27
1131.81
1143.25
1153.77
1163.27
1171.55
1178.37
1184.7
1189.46
1192.8
1194.99
1198.21
1201.12
1203.07
1202.73
1203.93
1202.9
1203.66
1205.78
1204.71
1207.16
1209.41
1210.29
1213.54
1215.63
1218.52
1221.01
1224.45
1227.38
1231.26
1234.56
1238.87
1242.48
1247.09
1251.13
1256.15
1260.5
1265.8
1270.5
1276.16
1281.13
1286.96
1292.06
1298.07
1303.33
1309.53
1314.91
1321.15
1326.91
1331.96
1268.39
1606.2
763.64
772.335
781.309
791.111
801.735
813.028
825.067
837.821
851.312
865.269
879.87
894.731
910.07
925.428
941.13
956.539
972.263
987.376
1002.81
1017.44
1032.33
1046.42
1060.6
1074.14
1087.55
1100.51
1113.13
1125.51
1137.27
1148.85
1159.29
1169.03
1177.11
1183.52
1188.15
1191.76
1193.66
1194.37
1195.3
1196.07
1196.74
1197.47
1195.82
1197
1197.88
1196.99
1199.7
1200.67
1201.55
1204.51
1205.95
1208.66
1211.01
1214.13
1216.81
1220.38
1223.44
1227.4
1230.83
1235.2
1239.06
1243.8
1247.97
1253.03
1257.61
1263.07
1267.94
1273.6
1278.66
1284.57
1289.86
1295.95
1301.33
1307.52
1313
1319.25
1325.19
1330.26
1268.49
1600.79
765.921
775.222
784.814
795.34
806.847
819.007
832.041
845.791
860.384
875.403
891.114
906.956
923.341
939.537
956.062
972.255
988.399
1004.32
1019.76
1035.18
1049.85
1064.56
1078.54
1092.39
1105.7
1118.6
1131.06
1142.67
1153.45
1162.45
1170.21
1176.24
1181.64
1185.44
1187.5
1189.41
1191.85
1193.15
1192.81
1192.13
1190.66
1191.52
1190.88
1190.72
1192.99
1192.8
1194.04
1196.56
1197.42
1199.98
1201.94
1204.52
1206.93
1210.17
1213
1216.67
1219.92
1223.93
1227.52
1231.95
1235.94
1240.77
1245.19
1250.39
1255.1
1260.56
1265.56
1271.36
1276.63
1282.6
1287.97
1294.07
1299.57
1305.83
1311.48
1317.77
1323.81
1328.86
1266.5
1605.17
768.268
778.318
788.506
800.011
812.302
825.572
839.685
854.753
870.375
886.764
903.381
920.622
937.618
955.166
972.029
989.279
1005.74
1022.17
1038.11
1053.46
1068.83
1083.09
1097.72
1111.03
1124.58
1136.96
1148.99
1159.68
1169.08
1176.24
1182.07
1185.65
1188
1189.17
1188.86
1188.7
1188.8
1187.96
1187.13
1187
1185.13
1186.24
1187.17
1186.17
1188.3
1189.42
1189.77
1192.38
1193.82
1196.15
1198.35
1201.05
1203.5
1206.77
1209.79
1213.54
1216.92
1221.03
1224.76
1229.24
1233.42
1238.34
1242.87
1248.12
1252.99
1258.57
1263.71
1269.5
1274.83
1280.83
1286.36
1292.53
1298.14
1304.38
1310.08
1316.36
1322.55
1327.62
1266.69
1601.43
770.757
781.54
792.562
804.977
818.381
832.741
848.151
864.435
881.41
898.987
916.971
935.062
953.504
971.346
989.689
1006.78
1024.51
1040.67
1057.42
1072.73
1088.23
1102.83
1116.88
1130.57
1142.77
1154.23
1163.21
1170.59
1176.22
1180.39
1184.09
1185.01
1186.33
1187.82
1187.2
1185.63
1184.76
1182.77
1181.89
1182.39
1181.47
1181.53
1183.33
1183.05
1184.2
1186.06
1186.56
1188.65
1190.41
1192.8
1195.07
1197.89
1200.46
1203.71
1206.78
1210.62
1214.16
1218.34
1222.2
1226.76
1231.03
1236.02
1240.72
1246.08
1251.06
1256.66
1261.9
1267.79
1273.28
1279.34
1284.93
1291.1
1296.82
1303.15
1309.02
1315.35
1321.62
1326.66
1266.58
1598.9
773.329
784.96
796.939
810.356
825.009
840.683
857.654
875.101
893.825
912.391
931.977
950.986
970.473
989.326
1007.97
1026.19
1043.62
1060.97
1077.01
1093.4
1108.1
1123.1
1136.69
1149.27
1161.09
1170.03
1177.47
1182.56
1185.06
1187.7
1186.72
1186.11
1185.12
1183.88
1182.74
1180.53
1179.8
1178.53
1177.97
1178.3
1178.76
1177.93
1179.3
1180.25
1180.78
1182.67
1183.78
1185.6
1187.42
1189.9
1192.3
1195.23
1197.93
1201.25
1204.43
1208.26
1211.91
1216.21
1220.25
1224.88
1229.3
1234.34
1239.14
1244.54
1249.64
1255.31
1260.67
1266.56
1272.08
1278.15
1283.86
1290.09
1295.91
1302.22
1308.12
1314.44
1320.79
1325.84
1264.72
1600.92
776.003
788.652
801.66
816.341
832.283
849.618
867.819
887.337
906.937
927.689
947.811
968.667
988.534
1008.6
1027.58
1046.45
1064.19
1081.65
1098.26
1113.82
1129.41
1142.38
1155.46
1164.29
1172.44
1177.65
1181.54
1184.17
1185.24
1185.92
1185.36
1184.04
1181.87
1180.17
1178.47
1176.81
1176.1
1175.44
1175.24
1174.83
1175.92
1175.77
1175.81
1177.45
1178.13
1179.64
1181.15
1182.97
1184.77
1187.24
1189.71
1192.73
1195.58
1198.92
1202.13
1206
1209.76
1214.11
1218.27
1222.98
1227.5
1232.58
1237.46
1242.9
1248.08
1253.79
1259.23
1265.18
1270.83
1276.95
1282.73
1288.98
1294.89
1301.28
1307.32
1313.69
1320.14
1325.21
1266.14
1598.91
778.761
792.603
806.798
822.9
840.459
859.361
879.634
900.339
922.295
943.672
965.976
987.107
1008.53
1028.74
1048.74
1067.4
1086.15
1102.88
1120.16
1135.04
1149.54
1162.23
1171.34
1179.74
1184.22
1186.71
1187.39
1186.87
1185.6
1183.63
1181.75
1179.8
1177.36
1176.37
1174.34
1173.85
1173.14
1172.42
1172.45
1172.05
1172.68
1173.64
1173.25
1174.65
1175.76
1177.18
1178.8
1180.75
1182.64
1185.12
1187.64
1190.71
1193.66
1197.12
1200.47
1204.36
1208.21
1212.65
1216.97
1221.79
1226.43
1231.57
1236.54
1242.02
1247.31
1253.08
1258.6
1264.57
1270.28
1276.42
1282.3
1288.59
1294.58
1300.96
1307.03
1313.38
1319.88
1324.93
1266.25
1597.6
781.669
796.872
812.491
830.144
849.594
870.459
892.39
915.456
938.376
962.135
984.849
1007.68
1029.5
1050.41
1070.89
1089.86
1108.37
1125.66
1141.26
1155.57
1165.9
1174.68
1179.23
1184.45
1185.6
1186.72
1186.37
1185.16
1183.22
1180.39
1178.6
1176.61
1174.55
1173.59
1171.68
1171.4
1170.84
1169.99
1170.08
1170.12
1169.95
1171.26
1171.43
1172.33
1173.55
1175.04
1176.67
1178.7
1180.68
1183.18
1185.7
1188.76
1191.8
1195.3
1198.72
1202.67
1206.59
1211.04
1215.41
1220.27
1224.99
1230.15
1235.16
1240.63
1245.95
1251.71
1257.28
1263.27
1269.04
1275.2
1281.12
1287.41
1293.43
1299.82
1305.93
1312.27
1318.79
1323.81
1263.91
1599.67
784.697
801.515
818.748
838.363
859.7
882.808
907.011
931.594
957.051
981.304
1006.23
1029.09
1052.14
1073.35
1093.93
1113.27
1131.36
1147.62
1162.56
1172.95
1181.98
1186.92
1189.41
1189.58
1188.55
1186.5
1184.04
1181.62
1179.43
1176.72
1175.46
1173.53
1171.96
1171.03
1169.35
1168.99
1168.55
1167.8
1167.7
1168.14
1168.07
1168.72
1169.63
1170.5
1171.6
1173.15
1174.83
1176.95
1179.07
1181.63
1184.21
1187.28
1190.39
1194
1197.59
1201.63
1205.65
1210.17
1214.68
1219.63
1224.48
1229.72
1234.84
1240.39
1245.83
1251.66
1257.34
1263.4
1269.29
1275.54
1281.58
1287.95
1294.09
1300.55
1306.78
1313.21
1319.89
1325
1267.1
1597.75
788.01
806.447
825.831
847.39
871.525
896.709
923.273
950.25
976.736
1003.46
1028.24
1053.02
1075.67
1097.7
1118.13
1136.99
1153.76
1166.68
1176.47
1182.12
1187.39
1188.53
1189.79
1189.01
1186.92
1184.19
1181.19
1179.12
1177.07
1174.82
1173.35
1171.21
1170.01
1169.22
1167.7
1167.15
1166.6
1166.17
1165.7
1166.25
1166.7
1166.64
1167.78
1168.89
1169.94
1171.5
1173.19
1175.32
1177.54
1180.15
1182.76
1185.82
1188.97
1192.6
1196.26
1200.34
1204.43
1208.94
1213.45
1218.38
1223.25
1228.5
1233.66
1239.18
1244.58
1250.35
1255.99
1261.99
1267.85
1274.02
1280.01
1286.3
1292.39
1298.78
1304.99
1311.37
1318.01
1323.1
1265.27
1596.72
791.428
812.038
833.599
858.289
884.317
912.978
941.352
970.761
999.014
1026.58
1052.84
1077.64
1100.89
1122.84
1142.53
1160.14
1173.72
1183.76
1189.92
1193.8
1193.08
1191.81
1189.06
1186.31
1183.54
1181.04
1178.18
1176.64
1174.73
1172.74
1171.2
1169.06
1168.19
1167.42
1166
1165.31
1164.74
1164.55
1164.13
1164.45
1165.24
1165.14
1166.09
1167.37
1168.57
1170.17
1171.88
1174.02
1176.32
1179
1181.71
1184.83
1188.06
1191.77
1195.55
1199.74
1203.93
1208.52
1213.13
1218.15
1223.15
1228.51
1233.79
1239.39
1244.89
1250.73
1256.49
1262.58
1268.54
1274.79
1280.88
1287.24
1293.42
1299.86
1306.12
1312.51
1319.19
1324.24
1265.82
1598.67
795.302
818.1
842.967
869.783
900.135
930.346
962.553
993.115
1023.35
1052.05
1078.49
1104.13
1126.94
1148.09
1165.18
1177.44
1184.55
1190.65
1192.15
1193.45
1192.44
1190
1186.76
1183.61
1181.17
1179.04
1176.67
1174.83
1172.76
1170.97
1169.55
1167.64
1166.78
1165.92
1164.63
1163.9
1163.28
1163.13
1162.89
1162.88
1163.82
1163.95
1164.74
1166.03
1167.36
1169.06
1170.8
1172.9
1175.2
1177.92
1180.72
1183.88
1187.15
1190.83
1194.63
1198.81
1203.03
1207.57
1212.11
1216.98
1221.84
1227.05
1232.25
1237.76
1243.17
1248.85
1254.52
1260.53
1266.48
1272.71
1278.82
1285.2
1291.43
1297.87
1304.17
1310.55
1317.23
1322.29
1265.07
1596.91
799.547
825.259
853.086
884.416
917.03
951.71
985.171
1018.78
1049.47
1079.19
1106.15
1131.09
1153.1
1171.97
1183.96
1192.48
1197.4
1197.81
1196.32
1192.86
1189.77
1186.69
1183.83
1180.9
1179.04
1177.03
1174.85
1172.73
1170.48
1169.08
1167.83
1166.14
1165.17
1164.17
1163.14
1162.53
1162.02
1161.81
1161.75
1161.59
1162.54
1162.94
1163.7
1164.91
1166.32
1168.09
1169.91
1172.03
1174.35
1177.11
1180.03
1183.31
1186.69
1190.46
1194.37
1198.68
1203.04
1207.7
1212.37
1217.37
1222.42
1227.82
1233.19
1238.81
1244.38
1250.22
1256.05
1262.18
1268.21
1274.5
1280.68
1287.11
1293.43
1299.95
1306.33
1312.78
1319.57
1324.65
1267.48
1596.06
804.636
833.263
865.532
900.224
937.781
974.297
1011.83
1045.26
1078.84
1106.74
1135.52
1157.21
1175.59
1186.56
1192.95
1195.63
1198
1197.02
1194.44
1191.03
1187.54
1184.87
1182.51
1179.98
1177.82
1175.58
1173.51
1171.41
1169.16
1167.9
1166.6
1165.02
1163.95
1162.74
1161.91
1161.34
1160.8
1160.51
1160.55
1160.45
1161.33
1161.91
1162.73
1163.89
1165.29
1167.1
1168.98
1171.08
1173.35
1176.03
1178.91
1182.11
1185.4
1189
1192.75
1196.9
1201.18
1205.78
1210.43
1215.4
1220.44
1225.81
1231.18
1236.82
1242.48
1248.44
1254.34
1260.46
1266.49
1272.74
1278.89
1285.25
1291.52
1297.92
1304.18
1310.46
1317.11
1322.11
1264.45
1597.83
810.607
842.69
879.975
919.233
961.361
1000.43
1041.22
1074.38
1109.65
1136.56
1163.43
1181.13
1192.77
1200.23
1202.56
1201.37
1198.06
1194.56
1191.26
1188.21
1184.96
1182.88
1180.8
1178.56
1176.12
1173.71
1171.81
1169.89
1167.91
1166.61
1165.26
1163.81
1162.74
1161.49
1160.72
1160.17
1159.59
1159.24
1159.32
1159.35
1160.03
1160.65
1161.53
1162.69
1164.08
1165.87
1167.8
1169.99
1172.38
1175.17
1178.23
1181.62
1185.12
1188.92
1192.87
1197.2
1201.63
1206.36
1211.14
1216.2
1221.3
1226.74
1232.21
1237.95
1243.72
1249.73
1255.63
1261.75
1267.85
1274.18
1280.41
1286.84
1293.14
1299.65
1306.04
1312.48
1319.28
1324.37
1267.72
1596.19
817.784
854.599
896.69
942.291
987.874
1031.14
1072.03
1107.63
1139.92
1167.09
1185.02
1194.27
1199.93
1202.36
1202.54
1200.26
1196.7
1192.5
1189.62
1187.11
1184.41
1181.89
1179.64
1177.4
1174.87
1172.32
1170.5
1168.64
1166.77
1165.21
1163.71
1162.34
1161.29
1160.03
1159.22
1158.61
1158.08
1157.75
1157.89
1158
1158.49
1159.17
1160.06
1161.08
1162.33
1163.94
1165.82
1168.02
1170.45
1173.25
1176.3
1179.71
1183.28
1187.16
1191.19
1195.54
1200
1204.77
1209.63
1214.75
1219.94
1225.39
1230.83
1236.43
1242.05
1247.91
1253.75
1259.79
1265.8
1272.02
1278.19
1284.53
1290.79
1297.27
1303.67
1310.08
1316.82
1321.88
1265.17
1595.4
826.53
868.203
917.897
968.415
1019.44
1064.03
1106.8
1140.55
1173.07
1190.46
1203.55
1211.06
1207.93
1204.81
1201.03
1197.34
1193.91
1190.33
1187.48
1185.15
1182.89
1180.23
1177.69
1175.45
1173.02
1170.62
1168.77
1166.89
1165.16
1163.49
1161.92
1160.71
1159.72
1158.49
1157.64
1157.02
1156.54
1156.31
1156.51
1156.57
1157.09
1157.88
1158.96
1160.21
1161.57
1163.39
1165.47
1167.84
1170.42
1173.33
1176.47
1179.97
1183.67
1187.67
1191.79
1196.2
1200.73
1205.57
1210.51
1215.7
1220.97
1226.45
1231.96
1237.71
1243.45
1249.39
1255.32
1261.46
1267.55
1273.83
1280.07
1286.49
1292.77
1299.21
1305.53
1311.93
1318.6
1323.65
1266.92
1597
837.635
887.575
942.333
1002.46
1053.72
1102.81
1139.79
1172.39
1193.48
1201.96
1204.86
1207.58
1205.52
1201.19
1195.97
1191.93
1188.96
1186.47
1183.97
1181.86
1179.75
1177.15
1174.51
1172.35
1170.26
1168.39
1166.67
1164.96
1163.47
1161.92
1160.46
1159.33
1158.43
1157.27
1156.39
1155.81
1155.36
1155.2
1155.36
1155.52
1156.03
1156.87
1158.03
1159.41
1160.92
1162.7
1164.75
1167.12
1169.68
1172.53
1175.6
1179.02
1182.65
1186.53
1190.53
1194.8
1199.25
1204
1208.88
1214
1219.17
1224.52
1229.99
1235.75
1241.53
1247.46
1253.37
1259.45
1265.51
1271.75
1277.95
1284.29
1290.53
1296.85
1303.09
1309.37
1315.99
1320.98
1264.29
1595.31
852.508
909.063
975.866
1038
1092.36
1137.62
1174.49
1194.42
1204.29
1208.8
1205.33
1199.47
1194.9
1191.18
1188.14
1185.66
1183.72
1181.87
1179.53
1177.33
1175.3
1172.9
1170.44
1168.44
1166.61
1164.99
1163.33
1161.76
1160.39
1159
1157.61
1156.53
1155.71
1154.75
1153.94
1153.5
1153.11
1153.17
1153.31
1153.61
1154.06
1154.81
1155.89
1157.25
1158.81
1160.6
1162.66
1165.06
1167.67
1170.52
1173.58
1176.97
1180.57
1184.41
1188.35
1192.54
1196.89
1201.55
1206.36
1211.42
1216.54
1221.89
1227.37
1233.14
1238.94
1244.95
1250.97
1257.19
1263.41
1269.83
1276.25
1282.84
1289.36
1296.02
1302.66
1309.34
1316.46
1321.78
1265.51
1594.26
870.922
941.177
1010.05
1078.9
1122.35
1159.95
1183.67
1194.25
1195.79
1196.22
1193.82
1191.2
1188.02
1184.9
1182.73
1180.3
1178.36
1176.36
1173.81
1171.36
1169.43
1167.43
1165.33
1163.37
1161.59
1159.91
1158.12
1156.56
1155.28
1153.94
1152.64
1151.58
1150.8
1150.13
1149.41
1149.15
1148.83
1149.13
1149.45
1149.86
1150.45
1151.31
1152.48
1153.9
1155.51
1157.33
1159.4
1161.78
1164.36
1167.17
1170.19
1173.52
1177.07
1180.89
1184.89
1189.16
1193.62
1198.38
1203.31
1208.5
1213.77
1219.28
1224.9
1230.78
1236.71
1242.84
1249
1255.33
1261.65
1268.15
1274.63
1281.26
1287.82
1294.52
1301.19
1307.88
1315.03
1320.34
1263.06
1595.57
894.009
971.719
1051.13
1103.43
1148.12
1173.26
1186.01
1195.05
1192.68
1188.82
1183.88
1182.08
1181.31
1180.02
1178.22
1175.9
1173.78
1171.92
1169.73
1167.29
1165.11
1163.11
1161.13
1159
1157.28
1155.65
1153.91
1152.34
1150.97
1149.65
1148.37
1147.14
1146.34
1145.74
1145.11
1144.83
1144.62
1144.89
1145.33
1145.79
1146.5
1147.47
1148.73
1150.24
1151.94
1153.82
1155.93
1158.32
1160.93
1163.78
1166.82
1170.16
1173.73
1177.62
1181.72
1186.14
1190.75
1195.68
1200.78
1206.14
1211.59
1217.27
1223.03
1229.03
1235.07
1241.34
1247.62
1254.06
1260.45
1267.02
1273.53
1280.2
1286.78
1293.5
1300.17
1306.85
1313.93
1319.19
1261.96
1594.06
921.639
1006.42
1079.95
1127.24
1162.9
1187.25
1197.83
1197.95
1194.44
1191.37
1188.52
1185.23
1182.44
1180.87
1179
1176.61
1174.17
1171.98
1169.54
1166.89
1164.27
1162.03
1159.86
1157.51
1155.57
1153.68
1151.82
1150.17
1148.59
1147.22
1145.93
1144.58
1143.74
1143.04
1142.51
1142.18
1142.09
1142.31
1142.71
1143.2
1143.92
1144.9
1146.14
1147.65
1149.4
1151.37
1153.55
1156.02
1158.75
1161.75
1164.98
1168.51
1172.3
1176.41
1180.76
1185.4
1190.2
1195.24
1200.43
1205.85
1211.36
1217.05
1222.8
1228.75
1234.74
1240.91
1247.08
1253.38
1259.65
1266.07
1272.44
1278.95
1285.38
1291.94
1298.45
1304.96
1311.88
1317.01
1259.24
1593.37
981.828
1093.04
1173.74
1212.39
1230.56
1224.56
1217.11
1207.57
1202.43
1197.66
1195.35
1192.86
1189.63
1186.53
1183.37
1180.14
1176.72
1173.58
1170.76
1168.08
1165.23
1162.76
1160.44
1158.05
1155.85
1153.67
1151.79
1150.06
1148.26
1146.86
1145.66
1144.3
1143.31
1142.6
1142.12
1141.67
1141.49
1141.61
1141.88
1142.33
1142.98
1143.89
1145.11
1146.67
1148.56
1150.79
1153.28
1156.07
1159.15
1162.57
1166.2
1170.08
1174.11
1178.47
1183
1187.77
1192.66
1197.76
1202.94
1208.35
1213.84
1219.53
1225.2
1231.05
1236.9
1242.93
1248.95
1255.17
1261.36
1267.69
1273.94
1280.34
1286.67
1293.13
1299.55
1305.96
1312.81
1317.9
1260.2
1594.64
1063.23
1174.98
1229.63
1239.92
1244.09
1230.88
1221.39
1216.34
1208.96
1204.79
1201.61
1198.38
1194.43
1189.61
1185.45
1182.02
1178.47
1174.56
1171.5
1168.77
1165.68
1163.07
1160.74
1158.4
1156.11
1153.8
1151.96
1150.2
1148.24
1146.88
1145.76
1144.38
1143.35
1142.66
1142.17
1141.73
1141.4
1141.6
1141.83
1142.25
1142.86
1143.72
1144.89
1146.4
1148.26
1150.47
1152.94
1155.75
1158.9
1162.46
1166.27
1170.35
1174.57
1179.01
1183.58
1188.36
1193.19
1198.18
1203.24
1208.52
1213.89
1219.47
1225.04
1230.73
1236.41
1242.26
1248.12
1254.18
1260.25
1266.44
1272.55
1278.77
1284.96
1291.25
1297.55
1303.81
1310.56
1315.56
1257.78
1592.95
)
;

boundaryField
{
    inlet
    {
        type            calculated;
        value           nonuniform List<scalar> 
40
(
239.217
239.018
238.419
237.45
236.17
234.604
232.796
230.772
228.579
226.239
223.802
221.275
218.696
216.058
213.393
210.688
207.975
205.243
202.523
199.806
197.119
194.452
191.824
189.217
186.63
184.032
181.403
178.704
175.908
172.997
169.982
166.918
163.904
161.096
158.657
156.741
155.407
154.629
154.269
154.206
)
;
    }
    outlet
    {
        type            calculated;
        value           nonuniform List<scalar> 
40
(
1622.81
1628.89
1626.66
1630.12
1626.38
1623.07
1618.88
1618.12
1614.42
1612.02
1610.9
1607.17
1606.76
1605.88
1607.03
1606.2
1600.79
1605.17
1601.43
1598.9
1600.92
1598.91
1597.6
1599.67
1597.75
1596.72
1598.67
1596.91
1596.06
1597.83
1596.19
1595.4
1597
1595.31
1594.26
1595.57
1594.06
1593.37
1594.64
1592.95
)
;
    }
    axis
    {
        type            symmetryPlane;
    }
    wall
    {
        type            calculated;
        value           nonuniform List<scalar> 
200
(
154.206
155.548
155.959
156.768
157.71
158.952
160.485
162.359
164.613
167.283
170.388
173.929
177.89
182.242
186.958
192.007
197.362
203
208.896
215.011
221.279
227.621
233.947
240.159
246.161
251.865
257.196
262.106
266.582
270.651
274.357
277.748
280.867
283.764
286.491
289.098
291.631
294.126
296.616
299.124
301.662
304.234
306.83
309.438
312.048
314.651
317.242
319.823
322.401
324.991
327.608
330.263
332.962
335.706
338.485
341.294
344.129
346.984
349.857
352.748
355.651
358.584
361.55
364.552
367.593
370.679
373.813
376.997
380.229
383.506
386.825
390.183
393.576
397.003
400.466
403.966
407.51
411.101
414.745
418.445
422.206
426.031
429.921
433.877
437.904
442.001
446.17
450.412
454.733
459.131
463.613
468.179
472.839
477.59
482.443
487.399
492.467
497.647
502.95
508.373
513.933
519.628
525.485
531.511
537.755
544.242
551.056
558.24
565.911
574.126
583.037
592.707
603.344
615.04
628.143
642.91
660.135
681.181
709.045
762.837
1020.44
1145.96
1222.31
1239.07
1244.08
1230.83
1221.3
1216.31
1208.95
1204.79
1201.61
1198.37
1194.43
1189.6
1185.45
1182.02
1178.46
1174.55
1171.49
1168.77
1165.67
1163.07
1160.74
1158.4
1156.11
1153.8
1151.95
1150.2
1148.24
1146.88
1145.76
1144.38
1143.35
1142.66
1142.17
1141.73
1141.4
1141.6
1141.83
1142.25
1142.86
1143.72
1144.89
1146.4
1148.26
1150.47
1152.94
1155.75
1158.9
1162.45
1166.27
1170.35
1174.57
1179.01
1183.58
1188.36
1193.18
1198.18
1203.23
1208.51
1213.89
1219.47
1225.03
1230.72
1236.41
1242.26
1248.12
1254.18
1260.24
1266.43
1272.54
1278.76
1284.95
1291.24
1297.54
1303.8
1310.54
1315.55
1257.77
1592.94
)
;
    }
    frontAndBack
    {
        type            empty;
    }
}


// ************************************************************************* //
