/*--------------------------------*- C++ -*----------------------------------*\
  =========                 |
  \\      /  F ield         | OpenFOAM: The Open Source CFD Toolbox
   \\    /   O peration     | Website:  https://openfoam.org
    \\  /    A nd           | Version:  13
     \\/     M anipulation  |
\*---------------------------------------------------------------------------*/
FoamFile
{
    format      ascii;
    class       volScalarField;
    location    "0.0125";
    object      mag(U);
}
// * * * * * * * * * * * * * * * * * * * * * * * * * * * * * * * * * * * * * //

dimensions      [0 1 -1 0 0 0 0];

internalField   nonuniform List<scalar> 
8000
(
145.535
147.827
149.366
150.931
152.478
153.991
155.459
156.894
158.314
159.732
161.161
162.605
164.065
165.533
167.003
168.469
169.931
171.391
172.856
174.336
175.837
177.369
178.935
180.538
182.176
183.849
185.557
187.299
189.078
190.898
192.761
194.67
196.627
198.63
200.678
202.767
204.896
207.06
209.26
211.497
213.772
216.089
218.45
220.86
223.321
225.832
228.394
231.003
233.658
236.353
239.086
241.855
244.656
247.491
250.359
253.261
256.2
259.177
262.195
265.256
268.36
271.509
274.705
277.948
281.239
284.58
287.972
291.417
294.918
298.477
302.097
305.78
309.531
313.352
317.244
321.213
325.259
329.386
333.596
337.892
342.277
346.753
351.325
355.995
360.769
365.65
370.644
375.756
380.991
386.356
391.855
397.499
403.29
409.24
415.354
421.645
428.118
434.789
441.663
448.763
456.092
463.681
471.534
479.69
488.153
496.978
506.168
515.799
525.873
536.501
547.681
559.58
572.188
585.767
600.287
616.175
633.337
652.488
673.363
696.954
145.7
147.981
149.505
151.059
152.596
154.101
155.565
156.998
158.414
159.83
161.256
162.697
164.152
165.616
167.082
168.546
170.006
171.466
172.933
174.413
175.916
177.45
179.017
180.621
182.26
183.933
185.641
187.384
189.163
190.982
192.845
194.754
196.71
198.713
200.761
202.851
204.979
207.144
209.345
211.582
213.858
216.175
218.537
220.946
223.405
225.915
228.474
231.08
233.731
236.422
239.152
241.916
244.715
247.546
250.411
253.311
256.247
259.222
262.238
265.296
268.399
271.547
274.742
277.984
281.275
284.616
288.008
291.454
294.955
298.515
302.136
305.821
309.573
313.395
317.289
321.259
325.307
329.436
333.648
337.945
342.332
346.81
351.384
356.057
360.833
365.717
370.713
375.827
381.064
386.432
391.934
397.579
403.373
409.326
415.442
421.736
428.211
434.885
441.763
448.866
456.199
463.792
471.649
479.809
488.277
497.107
506.302
515.939
526.019
536.653
547.841
559.746
572.364
585.95
600.482
616.378
633.557
652.715
673.612
697.184
145.711
147.993
149.513
151.063
152.596
154.098
155.561
156.994
158.411
159.827
161.253
162.692
164.145
165.606
167.071
168.533
169.994
171.457
172.927
174.413
175.922
177.462
179.035
180.645
182.289
183.967
185.678
187.424
189.207
191.028
192.893
194.802
196.759
198.762
200.81
202.899
205.028
207.193
209.395
211.633
213.909
216.227
218.589
220.998
223.456
225.963
228.519
231.122
233.768
236.454
239.178
241.936
244.728
247.552
250.41
253.303
256.232
259.201
262.21
265.262
268.358
271.501
274.69
277.927
281.214
284.551
287.939
291.382
294.881
298.439
302.059
305.743
309.494
313.315
317.209
321.179
325.226
329.355
333.566
337.864
342.25
346.729
351.303
355.976
360.752
365.636
370.633
375.747
380.984
386.352
391.854
397.499
403.293
409.245
415.361
421.654
428.128
434.801
441.677
448.779
456.11
463.701
471.556
479.714
488.181
497.008
506.201
515.835
525.914
536.545
547.732
559.635
572.256
585.843
600.391
616.301
633.534
652.749
673.796
697.552
145.54
147.82
149.334
150.884
152.415
153.919
155.387
156.825
158.248
159.669
161.098
162.538
163.991
165.451
166.915
168.379
169.843
171.311
172.788
174.283
175.801
177.35
178.933
180.55
182.203
183.888
185.606
187.358
189.145
190.971
192.839
194.751
196.709
198.713
200.762
202.852
204.981
207.147
209.35
211.589
213.867
216.186
218.548
220.957
223.414
225.919
228.471
231.069
233.709
236.389
239.106
241.857
244.641
247.458
250.309
253.194
256.117
259.078
262.081
265.126
268.216
271.353
274.537
277.769
281.052
284.385
287.771
291.211
294.709
298.266
301.884
305.568
309.319
313.14
317.034
321.004
325.052
329.181
333.394
337.692
342.079
346.559
351.133
355.807
360.584
365.469
370.466
375.582
380.819
386.187
391.689
397.335
403.128
409.081
415.196
421.488
427.962
434.634
441.51
448.61
455.941
463.531
471.385
479.541
488.007
496.832
506.024
515.656
525.734
536.362
547.551
559.452
572.079
585.668
600.237
616.165
633.462
652.745
673.97
697.933
145.232
147.507
149.009
150.555
152.081
153.585
155.056
156.5
157.928
159.355
160.787
162.231
163.684
165.144
166.609
168.076
169.545
171.021
172.507
174.013
175.543
177.103
178.696
180.323
181.984
183.678
185.404
187.162
188.955
190.786
192.658
194.573
196.533
198.539
200.588
202.679
204.809
206.977
209.181
211.423
213.703
216.023
218.387
220.796
223.252
225.756
228.305
230.898
233.534
236.208
238.918
241.663
244.44
247.251
250.096
252.975
255.892
258.848
261.845
264.886
267.972
271.104
274.285
277.514
280.794
284.125
287.51
290.95
294.447
298.004
301.623
305.308
309.06
312.883
316.779
320.75
324.8
328.931
333.145
337.445
341.834
346.316
350.892
355.568
360.347
365.234
370.233
375.35
380.59
385.959
391.463
397.11
402.905
408.858
414.975
421.268
427.743
434.416
441.292
448.393
455.724
463.314
471.169
479.325
487.791
496.616
505.809
515.44
525.52
536.148
547.34
559.241
571.879
585.474
600.072
616.025
633.406
652.779
674.231
698.464
144.798
147.067
148.555
150.093
151.613
153.115
154.589
156.038
157.472
158.904
160.341
161.787
163.241
164.703
166.17
167.641
169.118
170.602
172.1
173.618
175.16
176.732
178.337
179.974
181.645
183.347
185.08
186.846
188.645
190.482
192.358
194.277
196.24
198.248
200.298
202.391
204.523
206.692
208.899
211.143
213.426
215.749
218.115
220.526
222.982
225.483
228.03
230.62
233.251
235.92
238.625
241.364
244.136
246.942
249.781
252.657
255.569
258.521
261.515
264.552
267.635
270.764
273.942
277.169
280.448
283.778
287.162
290.603
294.101
297.659
301.28
304.966
308.72
312.546
316.444
320.418
324.47
328.603
332.82
337.122
341.514
345.998
350.577
355.255
360.037
364.926
369.928
375.048
380.29
385.662
391.168
396.817
402.614
408.569
414.687
420.982
427.458
434.131
441.009
448.11
455.443
463.033
470.888
479.044
487.511
496.336
505.53
515.16
525.242
535.869
547.066
558.968
571.617
585.219
599.849
615.831
633.31
652.791
674.511
699.075
144.24
146.502
147.972
149.503
151.016
152.515
153.99
155.444
156.885
158.322
159.764
161.212
162.669
164.132
165.602
167.079
168.564
170.06
171.57
173.102
174.658
176.243
177.86
179.509
181.189
182.901
184.643
186.417
188.224
190.067
191.949
193.873
195.84
197.85
199.903
201.998
204.132
206.304
208.514
210.762
213.048
215.375
217.744
220.156
222.613
225.114
227.659
230.245
232.872
235.537
238.237
240.971
243.739
246.54
249.376
252.248
255.157
258.106
261.097
264.131
267.212
270.339
273.515
276.742
280.019
283.349
286.734
290.175
293.675
297.235
300.858
304.547
308.305
312.133
316.034
320.011
324.066
328.202
332.422
336.728
341.122
345.609
350.191
354.873
359.658
364.551
369.556
374.679
379.924
385.299
390.808
396.46
402.259
408.216
414.337
420.633
427.111
433.786
440.665
447.767
455.101
462.692
470.549
478.706
487.174
495.998
505.195
514.824
524.909
535.535
546.737
558.64
571.301
584.912
599.577
615.594
633.178
652.783
674.81
699.759
143.558
145.81
147.264
148.785
150.29
151.786
153.263
154.721
156.168
157.612
159.058
160.51
161.969
163.436
164.91
166.393
167.889
169.397
170.921
172.468
174.04
175.64
177.271
178.932
180.624
182.346
184.099
185.882
187.698
189.549
191.438
193.368
195.339
197.354
199.41
201.508
203.645
205.821
208.035
210.287
212.578
214.909
217.282
219.696
222.154
224.656
227.199
229.783
232.406
235.067
237.763
240.493
243.257
246.054
248.887
251.755
254.662
257.609
260.598
263.63
266.709
269.835
273.011
276.236
279.514
282.845
286.231
289.673
293.175
296.738
300.364
304.057
307.817
311.649
315.553
319.534
323.593
327.732
331.955
336.265
340.663
345.153
349.739
354.425
359.214
364.111
369.119
374.246
379.495
384.874
390.386
396.041
401.844
407.803
413.927
420.225
426.705
433.382
440.263
447.367
454.703
462.295
470.154
478.311
486.782
495.606
504.805
514.434
524.521
535.148
546.354
558.26
570.933
584.553
599.255
615.31
633.008
652.752
675.115
700.504
142.754
144.997
146.432
147.944
149.441
150.934
152.411
153.874
155.328
156.778
158.229
159.686
161.149
162.619
164.099
165.591
167.097
168.62
170.16
171.724
173.313
174.93
176.576
178.251
179.956
181.69
183.454
185.248
187.074
188.935
190.833
192.77
194.748
196.767
198.828
200.93
203.071
205.252
207.471
209.728
212.024
214.36
216.737
219.155
221.615
224.116
226.659
229.241
231.861
234.518
237.21
239.936
242.696
245.491
248.32
251.187
254.091
257.036
260.023
263.055
266.133
269.258
272.433
275.659
278.937
282.269
285.657
289.102
292.606
296.172
299.802
303.498
307.263
311.098
315.007
318.992
323.055
327.198
331.425
335.739
340.141
344.636
349.226
353.916
358.709
363.61
368.624
373.755
379.008
384.391
389.907
395.566
401.372
407.335
413.461
419.762
426.246
432.925
439.809
446.914
454.253
461.846
469.708
477.866
486.339
495.164
504.365
513.995
524.085
534.712
545.924
557.831
570.517
584.147
598.887
614.983
632.799
652.694
675.421
701.304
141.831
144.064
145.48
146.983
148.471
149.96
151.438
152.906
154.367
155.823
157.281
158.742
160.21
161.686
163.173
164.675
166.195
167.733
169.29
170.873
172.481
174.117
175.78
177.471
179.19
180.938
182.715
184.522
186.361
188.232
190.14
192.086
194.072
196.097
198.164
200.271
202.418
204.603
206.828
209.091
211.393
213.735
216.116
218.538
221.001
223.503
226.046
228.626
231.243
233.897
236.585
239.308
242.065
244.856
247.683
250.547
253.45
256.394
259.38
262.411
265.488
268.614
271.789
275.015
278.294
281.628
285.018
288.466
291.974
295.544
299.177
302.878
306.647
310.487
314.4
318.389
322.457
326.605
330.836
335.154
339.561
344.061
348.656
353.35
358.148
363.055
368.073
373.209
378.467
383.854
389.375
395.038
400.848
406.815
412.945
419.249
425.736
432.418
439.305
446.413
453.754
461.35
469.214
477.374
485.849
494.675
503.879
513.509
523.603
534.23
545.448
557.357
570.057
583.698
598.475
614.613
632.553
652.609
675.722
702.152
140.798
143.021
144.419
145.912
147.391
148.877
150.356
151.829
153.296
154.759
156.224
157.691
159.165
160.648
162.144
163.658
165.192
166.746
168.323
169.926
171.555
173.21
174.891
176.6
178.336
180.1
181.891
183.713
185.565
187.449
189.369
191.325
193.319
195.353
197.426
199.54
201.692
203.884
206.115
208.385
210.694
213.042
215.429
217.855
220.32
222.824
225.366
227.945
230.56
233.21
235.895
238.614
241.367
244.156
246.981
249.843
252.745
255.688
258.673
261.704
264.781
267.907
271.083
274.31
277.591
280.927
284.32
287.771
291.282
294.856
298.495
302.2
305.974
309.819
313.737
317.731
321.804
325.957
330.193
334.516
338.928
343.433
348.033
352.733
357.536
362.448
367.472
372.613
377.876
383.268
388.794
394.462
400.277
406.247
412.382
418.69
425.18
431.865
438.756
445.867
453.211
460.809
468.676
476.839
485.317
494.145
503.351
512.983
523.08
533.708
544.931
556.843
569.556
583.208
598.021
614.205
632.259
652.484
676.002
703.025
139.662
141.874
143.254
144.737
146.208
147.689
149.169
150.646
152.12
153.592
155.064
156.539
158.02
159.511
161.018
162.545
164.095
165.668
167.265
168.891
170.541
172.217
173.919
175.646
177.4
179.181
180.99
182.827
184.694
186.593
188.526
190.494
192.499
194.541
196.623
198.743
200.903
203.102
205.34
207.617
209.933
212.287
214.68
217.111
219.579
222.084
224.626
227.203
229.815
232.462
235.143
237.859
240.61
243.396
246.218
249.079
251.98
254.922
257.908
260.938
264.016
267.143
270.32
273.549
276.832
280.17
283.566
287.022
290.537
294.116
297.76
301.47
305.249
309.099
313.023
317.023
321.101
325.259
329.501
333.829
338.247
342.757
347.363
352.069
356.878
361.795
366.825
371.971
377.241
382.638
388.17
393.842
399.662
405.638
411.777
418.089
424.583
431.272
438.167
445.281
452.629
460.23
468.1
476.265
484.746
493.576
502.786
512.419
522.52
533.149
544.378
556.293
569.017
582.681
597.529
613.759
631.927
652.33
676.27
703.934
138.438
140.64
142.001
143.475
144.938
146.415
147.895
149.377
150.858
152.338
153.818
155.301
156.791
158.292
159.811
161.353
162.921
164.514
166.131
167.78
169.453
171.152
172.875
174.622
176.395
178.195
180.021
181.875
183.759
185.674
187.621
189.602
191.618
193.671
195.762
197.89
200.058
202.265
204.51
206.795
209.118
211.479
213.877
216.312
218.783
221.29
223.831
226.406
229.016
231.659
234.337
237.049
239.796
242.58
245.4
248.26
251.16
254.102
257.088
260.119
263.198
266.326
269.504
272.736
276.022
279.364
282.763
286.223
289.743
293.327
296.976
300.692
304.477
308.333
312.263
316.268
320.352
324.516
328.764
333.098
337.522
342.038
346.65
351.362
356.177
361.101
366.136
371.289
376.565
381.968
387.505
393.183
399.009
404.989
411.133
417.45
423.949
430.642
437.541
444.659
452.011
459.615
467.489
475.657
484.142
492.974
502.187
511.821
521.926
532.557
543.791
555.709
568.445
582.12
597.001
613.276
631.567
652.153
676.525
704.876
137.137
139.328
140.671
142.134
143.588
145.061
146.542
148.028
149.516
151.004
152.494
153.986
155.486
156.999
158.531
160.09
161.677
163.29
164.93
166.603
168.3
170.021
171.766
173.535
175.329
177.148
178.993
180.866
182.768
184.699
186.662
188.657
190.686
192.75
194.85
196.988
199.164
201.378
203.632
205.924
208.254
210.622
213.025
215.464
217.938
220.445
222.985
225.558
228.165
230.804
233.478
236.186
238.931
241.712
244.531
247.389
250.289
253.231
256.217
259.25
262.33
265.46
268.641
271.875
275.164
278.51
281.914
285.378
288.904
292.494
296.149
299.871
303.662
307.525
311.46
315.472
319.562
323.733
327.987
332.327
336.757
341.28
345.898
350.616
355.438
360.368
365.411
370.57
375.852
381.262
386.806
392.489
398.321
404.307
410.456
416.778
423.282
429.98
436.883
444.005
451.361
458.969
466.847
475.018
483.507
492.341
501.558
511.194
521.303
531.935
543.175
555.096
567.842
581.529
596.44
612.761
631.159
651.93
676.74
705.837
135.775
137.955
139.281
140.733
142.179
143.647
145.128
146.618
148.114
149.611
151.109
152.612
154.123
155.649
157.197
158.774
160.38
162.015
163.678
165.375
167.096
168.841
170.609
172.399
174.214
176.053
177.918
179.81
181.73
183.679
185.658
187.668
189.71
191.786
193.896
196.043
198.227
200.45
202.711
205.01
207.347
209.72
212.128
214.571
217.046
219.553
222.092
224.662
227.265
229.901
232.57
235.275
238.016
240.794
243.612
246.47
249.369
252.312
255.3
258.334
261.416
264.549
267.733
270.971
274.264
277.614
281.023
284.492
288.024
291.62
295.281
299.01
302.808
306.677
310.62
314.638
318.735
322.912
327.173
331.52
335.957
340.486
345.111
349.836
354.665
359.602
364.652
369.818
375.107
380.524
386.074
391.764
397.601
403.593
409.749
416.076
422.585
429.288
436.196
443.322
450.684
458.295
466.178
474.352
482.845
491.682
500.903
510.541
520.654
531.288
542.533
554.457
567.213
580.911
595.849
612.215
630.717
651.673
676.933
706.797
134.36
136.528
137.837
139.279
140.715
142.178
143.658
145.152
146.654
148.16
149.669
151.184
152.708
154.248
155.813
157.408
159.035
160.694
162.38
164.102
165.847
167.616
169.407
171.22
173.056
174.916
176.801
178.713
180.652
182.619
184.615
186.64
188.696
190.783
192.904
195.06
197.253
199.483
201.751
204.056
206.399
208.777
211.189
213.633
216.109
218.616
221.152
223.72
226.318
228.95
231.615
234.316
237.054
239.83
242.646
245.503
248.403
251.347
254.337
257.374
260.459
263.595
266.782
270.024
273.322
276.677
280.092
283.567
287.106
290.708
294.376
298.112
301.917
305.793
309.743
313.769
317.873
322.057
326.325
330.679
335.123
339.659
344.292
349.025
353.861
358.805
363.862
369.036
374.332
379.756
385.313
391.01
396.854
402.852
409.013
415.346
421.862
428.569
435.483
442.614
449.981
457.596
465.484
473.661
482.159
490.999
500.224
509.865
519.982
530.618
541.868
553.795
566.56
580.268
595.232
611.641
630.239
651.381
677.087
707.773
132.905
135.062
136.353
137.785
139.212
140.67
142.15
143.648
145.156
146.671
148.192
149.719
151.257
152.814
154.396
156.011
157.66
159.342
161.052
162.798
164.568
166.36
168.174
170.009
171.867
173.748
175.653
177.585
179.542
181.527
183.54
185.58
187.649
189.748
191.879
194.044
196.244
198.481
200.755
203.066
205.413
207.794
210.209
212.654
215.129
217.634
220.168
222.731
225.325
227.952
230.613
233.309
236.044
238.819
241.634
244.491
247.393
250.338
253.331
256.37
259.459
262.599
265.791
269.038
272.341
275.702
279.123
282.605
286.15
289.76
293.436
297.179
300.992
304.876
308.833
312.867
316.978
321.17
325.446
329.808
334.259
338.803
343.443
348.183
353.028
357.98
363.044
368.226
373.53
378.961
384.525
390.229
396.08
402.085
408.253
414.592
421.114
427.827
434.746
441.883
449.255
456.875
464.768
472.949
481.451
490.295
499.525
509.168
519.289
529.928
541.182
553.112
565.885
579.603
594.59
611.04
629.726
651.054
677.204
708.758
131.413
133.558
134.833
136.253
137.67
139.123
140.602
142.103
143.618
145.142
146.674
148.215
149.77
151.343
152.945
154.58
156.252
157.958
159.693
161.463
163.257
165.073
166.91
168.768
170.647
172.549
174.474
176.426
178.402
180.405
182.434
184.489
186.571
188.682
190.822
192.995
195.201
197.444
199.722
202.037
204.387
206.771
209.186
211.631
214.105
216.607
219.136
221.695
224.284
226.906
229.562
232.256
234.988
237.761
240.576
243.434
246.337
249.285
252.281
255.325
258.418
261.563
264.76
268.013
271.322
274.69
278.117
281.607
285.16
288.777
292.461
296.212
300.033
303.926
307.892
311.933
316.053
320.253
324.536
328.906
333.365
337.917
342.566
347.314
352.167
357.127
362.2
367.39
372.701
378.14
383.713
389.424
395.283
401.294
407.469
413.815
420.343
427.062
433.988
441.13
448.507
456.133
464.031
472.217
480.724
489.572
498.806
508.452
518.578
529.218
540.477
552.411
565.191
578.918
593.924
610.413
629.18
650.692
677.276
709.75
129.89
132.023
133.283
134.692
136.101
137.549
139.027
140.53
142.052
143.586
145.131
146.687
148.258
149.851
151.472
153.129
154.824
156.555
158.313
160.108
161.926
163.765
165.625
167.504
169.404
171.327
173.272
175.242
177.238
179.258
181.302
183.371
185.466
187.586
189.735
191.914
194.126
196.373
198.655
200.972
203.323
205.707
208.121
210.564
213.035
215.533
218.058
220.611
223.195
225.812
228.464
231.154
233.884
236.656
239.471
242.331
245.236
248.189
251.188
254.237
257.336
260.486
263.69
266.949
270.265
273.64
277.076
280.573
284.134
287.76
291.452
295.213
299.042
302.944
306.918
310.968
315.097
319.305
323.597
327.976
332.444
337.004
341.661
346.418
351.28
356.248
361.33
366.528
371.848
377.296
382.876
388.595
394.462
400.481
406.663
413.016
419.551
426.277
433.209
440.357
447.74
455.371
463.275
471.466
479.978
488.83
498.069
507.719
517.848
528.492
539.755
551.692
564.479
578.215
593.238
609.762
628.604
650.282
677.293
710.71
128.335
130.456
131.7
133.098
134.497
135.939
137.416
138.922
140.45
141.995
143.552
145.125
146.715
148.327
149.97
151.65
153.368
155.123
156.906
158.726
160.567
162.43
164.312
166.214
168.135
170.077
172.043
174.032
176.045
178.081
180.141
182.224
184.329
186.459
188.616
190.8
193.016
195.265
197.549
199.866
202.217
204.599
207.011
209.451
211.918
214.41
216.93
219.478
222.056
224.668
227.316
230.003
232.732
235.503
238.319
241.182
244.091
247.047
250.052
253.107
256.212
259.369
262.58
265.847
269.171
272.554
275.998
279.504
283.074
286.709
290.411
294.18
298.019
301.93
305.914
309.973
314.111
318.329
322.63
327.017
331.494
336.064
340.73
345.496
350.366
355.344
360.435
365.642
370.971
376.427
382.016
387.744
393.618
399.646
405.836
412.196
418.738
425.471
432.41
439.565
446.955
454.591
462.501
470.698
479.215
488.072
497.316
506.969
517.103
527.75
539.017
550.957
563.75
577.494
592.531
609.088
627.996
649.837
677.272
711.667
126.748
128.857
130.086
131.473
132.864
134.301
135.777
137.287
138.822
140.377
141.949
143.54
145.149
146.782
148.448
150.151
151.893
153.672
155.479
157.323
159.188
161.074
162.978
164.901
166.842
168.805
170.789
172.796
174.827
176.879
178.953
181.048
183.164
185.302
187.464
189.653
191.871
194.121
196.404
198.72
201.069
203.448
205.856
208.291
210.752
213.239
215.753
218.295
220.868
223.475
226.119
228.804
231.531
234.303
237.122
239.987
242.901
245.863
248.874
251.935
255.047
258.212
261.432
264.707
268.039
271.431
274.884
278.4
281.98
285.625
289.336
293.116
296.965
300.885
304.879
308.949
313.096
317.323
321.634
326.031
330.518
335.097
339.773
344.549
349.428
354.416
359.516
364.732
370.071
375.536
381.134
386.871
392.754
398.79
404.988
411.356
417.906
424.646
431.593
438.754
446.151
453.794
461.71
469.912
478.436
487.298
496.547
506.204
516.343
526.993
538.264
550.208
563.006
576.756
591.807
608.393
627.354
649.374
677.216
712.625
125.123
127.219
128.434
129.81
131.191
132.623
134.097
135.61
137.153
138.719
140.307
141.917
143.547
145.202
146.891
148.618
150.385
152.189
154.02
155.888
157.777
159.686
161.613
163.557
165.519
167.502
169.505
171.53
173.577
175.646
177.733
179.84
181.966
184.111
186.278
188.469
190.689
192.938
195.219
197.532
199.876
202.251
204.654
207.083
209.538
212.019
214.526
217.062
219.63
222.233
224.874
227.557
230.284
233.057
235.878
238.748
241.667
244.635
247.654
250.723
253.843
257.017
260.245
263.529
266.871
270.273
273.736
277.262
280.852
284.508
288.23
292.02
295.88
299.811
303.815
307.895
312.053
316.29
320.611
325.019
329.515
334.105
338.791
343.576
348.466
353.464
358.574
363.801
369.149
374.624
380.232
385.977
391.87
397.914
404.121
410.498
417.056
423.804
430.758
437.927
445.331
452.981
460.904
469.112
477.642
486.509
495.763
505.426
515.569
526.222
537.498
549.445
562.247
576.004
591.065
607.678
626.689
648.86
677.068
713.607
123.458
125.541
126.743
128.108
129.481
130.908
132.382
133.899
135.449
137.028
138.633
140.263
141.915
143.593
145.306
147.058
148.85
150.679
152.535
154.427
156.34
158.272
160.221
162.186
164.169
166.171
168.194
170.237
172.301
174.384
176.485
178.602
180.736
182.888
185.058
187.252
189.471
191.718
193.995
196.304
198.643
201.012
203.408
205.831
208.279
210.753
213.254
215.784
218.347
220.945
223.584
226.266
228.994
231.769
234.594
237.469
240.394
243.369
246.395
249.473
252.603
255.786
259.024
262.318
265.67
269.083
272.556
276.093
279.694
283.361
287.094
290.896
294.766
298.709
302.724
306.815
310.984
315.232
319.564
323.982
328.489
333.089
337.786
342.582
347.483
352.491
357.612
362.849
368.208
373.692
379.31
385.066
390.968
397.021
403.238
409.623
416.19
422.947
429.909
437.085
444.497
452.154
460.084
468.299
476.835
485.708
494.968
504.635
514.783
525.44
536.72
548.67
561.477
575.24
590.309
606.945
625.996
648.309
676.89
714.502
121.745
123.816
125.004
126.358
127.723
129.145
130.618
132.138
133.697
135.29
136.912
138.563
140.238
141.94
143.679
145.457
147.274
149.129
151.01
152.927
154.864
156.82
158.792
160.78
162.784
164.807
166.849
168.91
170.991
173.089
175.203
177.332
179.474
181.631
183.806
186
188.218
190.462
192.735
195.039
197.372
199.734
202.123
204.539
206.98
209.447
211.941
214.466
217.024
219.619
222.256
224.937
227.666
230.444
233.273
236.154
239.086
242.069
245.104
248.191
251.33
254.523
257.772
261.077
264.44
267.863
271.349
274.897
278.509
282.188
285.933
289.746
293.628
297.582
301.61
305.712
309.892
314.152
318.495
322.924
327.443
332.054
336.762
341.57
346.482
351.501
356.633
361.88
367.25
372.746
378.374
384.14
390.052
396.115
402.341
408.735
415.312
422.077
429.047
436.232
443.652
451.316
459.254
467.475
476.018
484.897
494.163
503.835
513.988
524.65
535.934
547.887
560.698
574.466
589.543
606.198
625.282
647.73
676.624
715.49
119.984
122.041
123.219
124.562
125.919
127.337
128.81
130.335
131.904
133.511
135.152
136.825
138.525
140.253
142.019
143.823
145.666
147.548
149.454
151.396
153.359
155.339
157.335
159.345
161.372
163.416
165.478
167.558
169.656
171.77
173.897
176.037
178.188
180.35
182.528
184.723
186.939
189.18
191.449
193.746
196.072
198.427
200.809
203.217
205.651
208.111
210.599
213.118
215.672
218.265
220.9
223.581
226.312
229.093
231.927
234.813
237.753
240.744
243.788
246.885
250.034
253.238
256.497
259.814
263.188
266.623
270.12
273.68
277.305
280.995
284.753
288.578
292.472
296.438
300.478
304.592
308.784
313.056
317.411
321.852
326.382
331.005
335.725
340.544
345.468
350.499
355.642
360.901
366.282
371.788
377.427
383.204
389.126
395.199
401.435
407.839
414.425
421.198
428.178
435.371
442.799
450.471
458.416
466.645
475.195
484.08
493.353
503.031
513.189
523.855
535.143
547.1
559.915
573.687
588.769
605.44
624.55
647.115
676.344
716.316
118.171
120.216
121.381
122.713
124.062
125.476
126.949
128.48
130.059
131.682
133.344
135.04
136.766
138.522
140.315
142.147
144.018
145.926
147.859
149.829
151.817
153.824
155.845
157.88
159.93
161.996
164.08
166.18
168.297
170.427
172.569
174.72
176.88
179.049
181.23
183.426
185.642
187.88
190.144
192.435
194.755
197.103
199.478
201.879
204.305
206.759
209.241
211.755
214.305
216.894
219.528
222.21
224.943
227.728
230.566
233.459
236.406
239.406
242.459
245.565
248.726
251.94
255.21
258.538
261.924
265.371
268.88
272.452
276.089
279.792
283.562
287.399
291.306
295.285
299.336
303.463
307.667
311.951
316.319
320.772
325.315
329.95
334.682
339.513
344.449
349.492
354.646
359.917
365.309
370.827
376.477
382.264
388.197
394.28
400.526
406.94
413.535
420.318
427.306
434.508
441.945
449.625
457.578
465.814
474.372
483.264
492.543
502.227
512.391
523.061
534.354
546.314
559.132
572.908
587.993
604.677
623.806
646.485
675.952
717.354
116.313
118.344
119.499
120.821
122.163
123.574
125.049
126.586
128.178
129.818
131.502
133.224
134.977
136.762
138.585
140.446
142.345
144.282
146.243
148.24
150.257
152.29
154.338
156.399
158.475
160.565
162.672
164.794
166.93
169.079
171.236
173.4
175.569
177.746
179.931
182.129
184.343
186.579
188.839
191.125
193.439
195.78
198.148
200.542
202.962
205.409
207.885
210.395
212.941
215.528
218.161
220.843
223.577
226.366
229.209
232.108
235.062
238.07
241.132
244.248
247.419
250.644
253.925
257.264
260.662
264.12
267.641
271.225
274.875
278.59
282.372
286.222
290.142
294.133
298.197
302.336
306.553
310.85
315.23
319.695
324.251
328.899
333.643
338.486
343.434
348.488
353.655
358.937
364.341
369.869
375.53
381.328
387.271
393.365
399.621
406.044
412.649
419.441
426.439
433.65
441.095
448.784
456.746
464.99
473.555
482.454
491.74
501.43
511.6
522.274
533.571
545.535
558.356
572.134
587.222
603.915
623.058
645.82
675.579
718.157
114.415
116.433
117.578
118.889
120.225
121.633
123.111
124.657
126.262
127.921
129.629
131.378
133.16
134.976
136.829
138.72
140.65
142.618
144.609
146.636
148.682
150.745
152.822
154.911
157.014
159.13
161.262
163.407
165.565
167.733
169.907
172.085
174.266
176.451
178.642
180.843
183.059
185.293
187.55
189.832
192.141
194.476
196.838
199.225
201.639
204.081
206.552
209.057
211.599
214.184
216.815
219.498
222.234
225.025
227.873
230.777
233.738
236.754
239.824
242.95
246.13
249.365
252.657
256.006
259.415
262.885
266.418
270.014
273.675
277.403
281.198
285.06
288.992
292.995
297.072
301.223
305.453
309.762
314.155
318.634
323.201
327.861
332.617
337.473
342.432
347.498
352.676
357.969
363.384
368.924
374.596
380.404
386.357
392.461
398.727
405.161
411.775
418.578
425.585
432.805
440.259
447.957
455.927
464.179
472.752
481.657
490.95
500.645
510.82
521.499
532.8
544.767
557.589
571.37
586.459
603.158
622.306
645.159
675.068
719.285
112.496
114.501
115.639
116.941
118.273
119.68
121.163
122.719
124.34
126.021
127.754
129.532
131.345
133.193
135.078
137.002
138.964
140.963
142.986
145.044
147.122
149.216
151.323
153.443
155.574
157.719
159.877
162.047
164.229
166.417
168.609
170.803
172.997
175.192
177.39
179.596
181.813
184.047
186.302
188.581
190.886
193.216
195.573
197.955
200.363
202.799
205.266
207.766
210.305
212.887
215.517
218.199
220.936
223.729
226.581
229.49
232.456
235.479
238.557
241.69
244.879
248.124
251.425
254.785
258.204
261.685
265.228
268.836
272.509
276.248
280.055
283.929
287.872
291.888
295.977
300.141
304.383
308.705
313.11
317.601
322.18
326.851
331.619
336.485
341.455
346.532
351.721
357.025
362.451
368.001
373.683
379.501
385.465
391.579
397.855
404.299
410.923
417.735
424.752
431.981
439.444
447.15
455.127
463.386
471.966
480.878
490.176
499.876
510.055
520.738
532.042
544.011
556.835
570.618
585.706
602.409
621.561
644.475
674.532
720.23
110.581
112.574
113.705
114.999
116.328
117.736
119.225
120.793
122.431
124.134
125.894
127.702
129.548
131.428
133.347
135.305
137.301
139.333
141.39
143.481
145.593
147.72
149.86
152.011
154.173
156.347
158.533
160.73
162.936
165.147
167.359
169.571
171.779
173.986
176.193
178.404
180.625
182.861
185.116
187.394
189.695
192.022
194.374
196.752
199.155
201.586
204.048
206.544
209.079
211.658
214.286
216.967
219.704
222.499
225.353
228.265
231.236
234.264
237.349
240.489
243.685
246.938
250.248
253.617
257.045
260.536
264.089
267.708
271.391
275.142
278.959
282.844
286.799
290.826
294.927
299.103
303.357
307.691
312.107
316.608
321.198
325.879
330.657
335.534
340.514
345.601
350.801
356.115
361.551
367.111
372.803
378.631
384.604
390.728
397.014
403.467
410.101
416.921
423.947
431.183
438.654
446.366
454.35
462.615
471.2
480.116
489.419
499.123
509.306
519.991
531.297
543.268
556.092
569.874
584.96
601.662
620.81
643.774
673.932
721.418
108.707
110.688
111.815
113.104
114.432
115.844
117.342
118.923
120.581
122.307
124.095
125.933
127.812
129.727
131.68
133.672
135.703
137.77
139.861
141.987
144.133
146.295
148.468
150.652
152.846
155.05
157.265
159.49
161.721
163.955
166.188
168.417
170.641
172.86
175.077
177.296
179.522
181.761
184.017
186.294
188.594
190.919
193.267
195.641
198.04
200.466
202.923
205.415
207.946
210.522
213.147
215.826
218.562
221.357
224.212
227.127
230.101
233.133
236.222
239.368
242.571
245.83
249.147
252.523
255.96
259.459
263.022
266.649
270.342
274.102
277.93
281.825
285.79
289.828
293.941
298.128
302.392
306.736
311.161
315.67
320.269
324.96
329.746
334.632
339.622
344.718
349.927
355.25
360.695
366.264
371.965
377.803
383.785
389.918
396.213
402.674
409.315
416.143
423.174
430.415
437.891
445.607
453.595
461.864
470.452
479.372
488.677
498.383
508.568
519.255
530.56
542.529
555.35
569.126
584.203
600.897
620.034
643.02
673.291
722.346
106.915
108.885
110.012
111.298
112.627
114.044
115.551
117.146
118.821
120.57
122.385
124.253
126.164
128.112
130.1
132.126
134.192
136.294
138.421
140.582
142.763
144.959
147.167
149.384
151.61
153.845
156.089
158.341
160.597
162.855
165.109
167.358
169.598
171.831
174.059
176.287
178.519
180.762
183.021
185.299
187.598
189.921
192.267
194.637
197.033
199.455
201.908
204.395
206.922
209.494
212.116
214.792
217.526
220.32
223.175
226.091
229.066
232.101
235.193
238.343
241.55
244.815
248.138
251.52
254.964
258.47
262.04
265.675
269.376
273.145
276.981
280.885
284.859
288.907
293.029
297.225
301.497
305.847
310.279
314.796
319.402
324.1
328.895
333.789
338.787
343.892
349.109
354.441
359.894
365.472
371.181
377.026
383.016
389.156
395.457
401.922
408.567
415.398
422.431
429.675
437.153
444.871
452.861
461.132
469.722
478.643
487.95
497.656
507.84
518.523
529.822
541.781
554.588
568.35
583.409
600.089
619.205
642.205
672.49
723.226
105.256
107.217
108.347
109.632
110.965
112.387
113.903
115.512
117.206
118.977
120.817
122.713
124.654
126.634
128.655
130.714
132.814
134.95
137.111
139.306
141.522
143.752
145.993
148.242
150.499
152.764
155.037
157.315
159.597
161.877
164.152
166.419
168.675
170.921
173.161
175.398
177.637
179.885
182.147
184.426
186.726
189.048
191.392
193.76
196.152
198.57
201.019
203.502
206.024
208.592
211.21
213.883
216.614
219.406
222.26
225.175
228.151
231.186
234.28
237.433
240.643
243.911
247.238
250.625
254.073
257.585
261.16
264.802
268.51
272.286
276.129
280.041
284.024
288.079
292.207
296.409
300.685
305.04
309.478
314
318.612
323.317
328.119
333.02
338.025
343.137
348.361
353.7
359.16
364.745
370.46
376.311
382.306
388.45
394.752
401.217
407.861
414.69
421.723
428.966
436.444
444.163
452.153
460.424
469.015
477.936
487.241
496.944
507.121
517.793
529.074
541.012
553.797
567.54
582.581
599.244
618.337
641.328
671.634
723.63
103.777
105.73
106.866
108.151
109.487
110.914
112.438
114.057
115.765
117.553
119.415
121.336
123.304
125.312
127.362
129.452
131.583
133.752
135.945
138.173
140.421
142.683
144.955
147.234
149.521
151.814
154.113
156.416
158.721
161.023
163.318
165.603
167.875
170.135
172.386
174.632
176.879
179.133
181.398
183.68
185.981
188.303
190.646
193.012
195.401
197.816
200.261
202.74
205.258
207.821
210.435
213.104
215.832
218.621
221.472
224.386
227.36
230.396
233.49
236.643
239.855
243.125
246.454
249.845
253.297
256.812
260.392
264.038
267.751
271.533
275.382
279.299
283.286
287.345
291.476
295.679
299.958
304.316
308.758
313.286
317.904
322.615
327.423
332.331
337.342
342.46
347.69
353.035
358.501
364.091
369.811
375.663
381.657
387.796
394.091
400.55
407.19
414.017
421.049
428.292
435.77
443.491
451.483
459.755
468.346
477.265
486.567
496.264
506.428
517.078
528.333
540.252
553.027
566.765
581.802
598.459
617.535
640.547
670.832
723.835
102.518
104.466
105.61
106.896
108.234
109.663
111.192
112.82
114.54
116.343
118.222
120.164
122.154
124.186
126.261
128.378
130.536
132.733
134.955
137.211
139.488
141.779
144.079
146.386
148.698
151.017
153.34
155.667
157.993
160.314
162.627
164.928
167.214
169.487
171.748
174.003
176.257
178.516
180.786
183.07
185.373
187.695
190.037
192.401
194.788
197.2
199.641
202.116
204.63
207.189
209.799
212.464
215.188
217.974
220.822
223.733
226.706
229.74
232.833
235.986
239.198
242.469
245.799
249.191
252.645
256.163
259.746
263.395
267.111
270.897
274.75
278.672
282.662
286.72
290.849
295.051
299.332
303.694
308.141
312.675
317.298
322.015
326.828
331.74
336.756
341.879
347.113
352.462
357.931
363.522
369.242
375.091
381.079
387.21
393.498
399.952
406.589
413.416
420.449
427.695
435.176
442.899
450.893
459.166
467.757
476.674
485.972
495.661
505.813
516.451
527.707
539.636
552.418
566.154
581.177
597.808
616.836
639.803
670
723.643
101.508
103.449
104.603
105.887
107.223
108.653
110.182
111.813
113.538
115.35
117.241
119.197
121.204
123.254
125.349
127.487
129.668
131.888
134.134
136.414
138.715
141.03
143.354
145.684
148.02
150.36
152.704
155.05
157.395
159.734
162.063
164.379
166.678
168.963
171.235
173.499
175.76
178.025
180.299
182.586
184.89
187.213
189.556
191.919
194.304
196.714
199.152
201.624
204.134
206.689
209.295
211.956
214.676
217.458
220.303
223.211
226.181
229.213
232.305
235.457
238.668
241.938
245.269
248.661
252.116
255.634
259.218
262.869
266.588
270.376
274.233
278.153
282.135
286.186
290.311
294.515
298.801
303.169
307.622
312.161
316.79
321.511
326.329
331.245
336.265
341.392
346.629
351.981
357.452
363.045
368.761
374.601
380.574
386.693
392.976
399.431
406.072
412.905
419.947
427.203
434.693
442.425
450.428
458.713
467.317
476.254
485.579
495.309
505.531
516.273
527.63
539.628
552.448
566.208
581.244
597.886
616.91
639.899
670.052
724.356
100.749
102.688
103.849
105.128
106.461
107.887
109.415
111.047
112.776
114.594
116.492
118.457
120.475
122.538
124.647
126.8
128.997
131.235
133.499
135.798
138.118
140.453
142.796
145.145
147.499
149.858
152.22
154.583
156.945
159.299
161.642
163.97
166.281
168.576
170.857
173.128
175.395
177.665
179.943
182.233
184.539
186.863
189.206
191.568
193.953
196.361
198.797
201.266
203.773
206.325
208.927
211.584
214.301
217.079
219.921
222.826
225.794
228.823
231.913
235.063
238.273
241.542
244.872
248.263
251.717
255.236
258.82
262.47
266.19
269.979
273.834
277.751
281.728
285.773
289.899
294.109
298.403
302.78
307.24
311.785
316.419
321.144
325.964
330.884
335.906
341.034
346.272
351.624
357.093
362.683
368.395
374.233
380.215
386.351
392.654
399.129
405.787
412.633
419.683
426.943
434.436
442.169
450.173
458.455
467.056
475.986
485.302
495.019
505.22
515.929
527.257
539.236
552.044
565.789
580.804
597.414
616.384
639.315
669.259
723.927
100.235
102.163
103.331
104.603
105.93
107.35
108.873
110.501
112.228
114.044
115.944
117.912
119.936
122.005
124.122
126.285
128.492
130.742
133.019
135.33
137.665
140.013
142.371
144.734
147.102
149.475
151.851
154.228
156.603
158.97
161.326
163.666
165.988
168.293
170.583
172.861
175.135
177.411
179.693
181.987
184.295
186.621
188.965
191.328
193.712
196.119
198.554
201.021
203.526
206.075
208.674
211.328
214.042
216.817
219.656
222.558
225.523
228.55
231.637
234.785
237.993
241.261
244.589
247.979
251.432
254.949
258.532
262.181
265.9
269.688
273.541
277.439
281.396
285.443
289.581
293.804
298.107
302.489
306.952
311.499
316.135
320.862
325.685
330.607
335.634
340.769
346.016
351.38
356.868
362.487
368.247
374.153
380.205
386.4
392.747
399.256
405.941
412.808
419.876
427.152
434.661
442.409
450.425
458.72
467.333
476.275
485.601
495.328
505.533
516.241
527.563
539.542
552.356
566.115
581.144
597.772
616.762
639.72
669.577
725.259
99.9237
101.848
103.013
104.279
105.602
107.016
108.536
110.16
111.885
113.7
115.599
117.568
119.594
121.666
123.787
125.955
128.169
130.426
132.711
135.031
137.375
139.734
142.102
144.476
146.856
149.241
151.631
154.022
156.41
158.792
161.161
163.513
165.845
168.159
170.457
172.743
175.022
177.302
179.589
181.886
184.197
186.525
188.87
191.234
193.618
196.026
198.46
200.926
203.43
205.977
208.575
211.227
213.939
216.712
219.549
222.45
225.413
228.438
231.523
234.669
237.875
241.14
244.466
247.853
251.303
254.817
258.395
262.041
265.753
269.531
273.366
277.26
281.254
285.337
289.495
293.722
298.023
302.4
306.858
311.4
316.031
320.754
325.572
330.489
335.51
340.638
345.879
351.235
356.714
362.322
368.07
373.965
380.015
386.218
392.578
399.1
405.795
412.67
419.744
427.025
434.537
442.287
450.306
458.601
467.214
476.155
485.48
495.203
505.402
516.101
527.415
539.389
552.203
565.962
580.994
597.622
616.61
639.565
669.278
725.37
99.7985
101.676
102.864
104.123
105.439
106.847
108.358
109.974
111.691
113.499
115.393
117.358
119.381
121.453
123.573
125.742
127.957
130.215
132.503
134.825
137.172
139.535
141.906
144.283
146.666
149.053
151.445
153.838
156.23
158.615
160.988
163.344
165.682
168
170.302
172.591
174.874
177.157
179.445
181.744
184.056
186.385
188.73
191.095
193.479
195.887
198.32
200.786
203.288
205.834
208.43
211.08
213.789
216.561
219.396
222.294
225.256
228.279
231.364
234.509
237.714
240.979
244.306
247.694
251.145
254.661
258.243
261.893
265.607
269.39
273.272
277.3
281.411
285.557
289.741
293.98
298.286
302.667
307.13
311.676
316.312
321.039
325.862
330.784
335.809
340.942
346.186
351.547
357.029
362.639
368.388
374.284
380.34
386.553
392.928
399.465
406.176
413.064
420.151
427.446
434.97
442.732
450.762
459.07
467.694
476.647
485.982
495.717
505.925
516.635
527.958
539.946
552.773
566.55
581.6
598.25
617.265
640.215
669.921
726.988
711.956
716.677
721.519
726.568
731.813
737.276
742.955
748.872
755.02
761.402
767.932
774.58
781.617
788.844
796.433
804.441
812.636
821.033
829.669
838.562
847.712
857.113
866.755
876.626
886.716
897.012
907.5
918.167
928.998
939.979
951.093
962.323
973.653
985.067
996.546
1008.08
1019.64
1031.22
1042.81
1054.38
1065.93
1077.45
1088.92
1100.33
1111.67
1122.93
1134.1
1145.18
1156.16
1167.03
1177.81
1188.51
1199.15
1209.79
1220.47
1231.21
1242
1252.78
1263.34
1273.33
1282.75
1291.52
1299.55
1307.01
1313.65
1319.34
1324.28
1328.56
1331.23
1333.41
1335.56
1337.78
1336.67
1335.7
1333.06
1328.81
1322.97
1316.88
1312.8
1308.59
712.185
716.901
721.74
726.779
732.018
737.465
743.131
749.023
755.161
761.559
768.263
775.074
782.145
789.425
797.072
804.968
813.115
821.492
830.102
838.949
848.029
857.339
866.869
876.61
886.55
896.678
906.98
917.443
928.051
938.792
949.646
960.602
971.641
982.75
993.911
1005.11
1016.34
1027.57
1038.81
1050.03
1061.22
1072.38
1083.49
1094.54
1105.52
1116.44
1127.27
1138.01
1148.67
1159.25
1169.76
1180.24
1190.67
1201.1
1211.51
1221.87
1232.13
1242.16
1251.87
1261.09
1270.25
1279.21
1287.85
1295.99
1303.82
1310.82
1317.63
1322.34
1328.06
1331.1
1332.27
1330.21
1331.44
1328.85
1325.74
1325.25
1323.85
1320.61
1317.51
1310.75
712.703
717.488
722.402
727.524
732.856
738.399
744.177
750.175
756.427
762.895
769.624
776.638
783.755
791.237
799.054
807.089
815.408
823.988
832.81
841.868
851.159
860.681
870.423
880.379
890.534
900.878
911.392
922.066
932.879
943.82
954.869
966.011
977.229
988.508
999.831
1011.18
1022.55
1033.92
1045.27
1056.6
1067.89
1079.13
1090.3
1101.41
1112.43
1123.38
1134.23
1144.99
1155.69
1166.35
1176.97
1187.61
1198.22
1208.74
1219.11
1229.13
1238.58
1247.38
1255.65
1263.58
1271.15
1278.33
1285.11
1291.65
1297.11
1302.25
1307.86
1310.4
1313.54
1318.03
1317.22
1315.71
1319.44
1317.58
1315.71
1317.8
1318.5
1318.7
1318.64
1317.23
713.25
718.116
723.112
728.327
733.755
739.41
745.296
751.422
757.781
764.386
771.227
778.44
785.85
793.544
801.459
809.626
818.096
826.849
835.852
845.091
854.553
864.237
874.13
884.225
894.507
904.963
915.574
926.329
937.208
948.197
959.277
970.436
981.655
992.922
1004.22
1015.54
1026.86
1038.18
1049.47
1060.74
1071.96
1083.14
1094.26
1105.31
1116.29
1127.21
1138.08
1148.92
1159.74
1170.59
1181.44
1192.21
1202.9
1213.24
1222.98
1232.27
1240.72
1248.62
1256.21
1263.64
1270.56
1276.99
1282.3
1287.66
1292.34
1293.43
1298.21
1300.31
1298.88
1303.53
1303.48
1301.98
1307.22
1306.95
1309.46
1311.16
1313.68
1315.96
1317.17
1317.92
714
718.976
724.081
729.418
734.983
740.78
746.828
753.115
759.664
766.453
773.519
780.922
788.561
796.529
804.704
813.125
821.834
830.826
840.075
849.56
859.265
869.179
879.29
889.588
900.055
910.681
921.442
932.329
943.317
954.397
965.547
976.756
988.006
999.285
1010.58
1021.88
1033.16
1044.43
1055.66
1066.86
1078.01
1089.09
1100.12
1111.09
1122.02
1132.9
1143.78
1154.7
1165.61
1176.51
1187.37
1197.81
1207.76
1217.21
1225.64
1233.35
1240.57
1247.38
1253.98
1260.4
1265.47
1271.14
1275.48
1276.84
1282.39
1282.93
1284.18
1288.27
1286.02
1289.03
1292.74
1293.61
1297.07
1300.03
1303.29
1305.47
1308.12
1310.15
1312.98
1315.98
714.881
719.992
725.23
730.723
736.449
742.432
748.668
755.175
761.942
768.986
776.293
783.912
791.879
800.141
808.62
817.348
826.341
835.616
845.148
854.921
864.905
875.091
885.454
895.988
906.667
917.484
928.413
939.444
950.552
961.729
972.952
984.211
995.491
1006.78
1018.06
1029.34
1040.58
1051.8
1062.97
1074.09
1085.16
1096.18
1107.15
1118.09
1129.01
1139.96
1150.89
1161.85
1172.69
1183.14
1193.27
1202.67
1211.12
1218.69
1225.82
1232.22
1238.62
1244.81
1249.69
1254.98
1259
1260.6
1265.4
1265.24
1267.71
1270.96
1269.53
1273.75
1276.78
1278.44
1282.71
1286.37
1290.19
1293.26
1297.4
1300.78
1304.84
1307.91
1311.51
1316.79
715.887
721.156
726.552
732.226
738.148
744.348
750.815
757.577
764.611
771.946
779.538
787.461
795.784
804.379
813.223
822.306
831.652
841.256
851.12
861.213
871.517
882.002
892.651
903.441
914.356
925.376
936.483
947.661
958.89
970.158
981.447
992.746
1004.04
1015.33
1026.58
1037.82
1049
1060.15
1071.23
1082.28
1093.28
1104.24
1115.19
1126.15
1137.13
1148.19
1159.13
1169.82
1180.22
1189.63
1198.28
1205.91
1212.83
1218.98
1224.95
1230.85
1235.4
1240.41
1244.36
1245.56
1249.73
1250.05
1251.32
1254.19
1254.17
1257.7
1260.42
1262.7
1266.93
1270.78
1274.41
1277.88
1282.38
1286.39
1290.71
1294.63
1299.12
1303.22
1307.09
1313.06
717.006
722.457
728.039
733.92
740.075
746.522
753.266
760.317
767.673
775.328
783.249
791.583
800.276
809.27
818.507
828.013
837.75
847.754
857.978
868.443
879.083
889.908
900.853
911.931
923.084
934.329
945.611
956.947
968.288
979.65
990.996
1002.33
1013.64
1024.9
1036.13
1047.31
1058.43
1069.5
1080.52
1091.5
1102.45
1113.39
1124.32
1135.26
1146.07
1156.67
1166.84
1176.12
1184.83
1192.34
1198.91
1205.05
1210.69
1216.46
1220.97
1226.22
1229.66
1231.45
1235.54
1235
1236.47
1240.08
1238.93
1242.01
1245.38
1247.48
1251.58
1255.35
1258.83
1262.43
1267.15
1271.2
1275.62
1279.87
1284.85
1289.47
1294.4
1298.97
1303.35
1310.66
718.231
723.89
729.683
735.803
742.225
748.955
756.024
763.402
771.131
779.14
787.477
796.261
805.398
814.802
824.512
834.455
844.668
855.086
865.748
876.582
887.616
898.766
910.051
921.398
932.822
944.266
955.745
967.209
978.678
990.103
1001.51
1012.86
1024.17
1035.41
1046.59
1057.72
1068.77
1079.8
1090.76
1101.73
1112.67
1123.67
1134.58
1145.47
1155.89
1165.5
1174.24
1181.85
1188.32
1194.2
1199.01
1203.81
1207.98
1212.94
1215.15
1218.12
1221.42
1219.7
1223.33
1225.46
1224.09
1228.55
1230.95
1232.95
1236.94
1240.55
1243.9
1247.69
1252.2
1256.2
1260.49
1264.94
1269.86
1274.49
1279.38
1284.07
1289.2
1294.21
1298.83
1306.39
719.552
725.452
731.477
737.877
744.59
751.663
759.076
766.859
774.967
783.402
792.242
801.541
811.116
821.047
831.215
841.703
852.375
863.313
874.387
885.685
897.067
908.616
920.187
931.858
943.497
955.186
966.802
978.435
989.967
1001.5
1012.91
1024.3
1035.56
1046.8
1057.92
1069
1080.01
1090.96
1101.9
1112.75
1123.5
1134.05
1144.09
1153.45
1162.06
1169.44
1175.61
1181.2
1185.94
1190.74
1195.56
1200.07
1202.14
1205.92
1207.26
1206.66
1210.85
1210.09
1211.06
1215.42
1216.82
1219.22
1223.12
1226.48
1229.7
1233.19
1237.62
1241.55
1245.77
1250.2
1255.05
1259.6
1264.44
1269.26
1274.51
1279.55
1284.78
1289.97
1294.88
1303.16
720.962
727.125
733.421
740.128
747.185
754.628
762.455
770.666
779.229
788.154
797.605
807.379
817.546
827.955
838.738
849.706
860.98
872.368
883.993
895.668
907.523
919.368
931.32
943.215
955.145
966.978
978.806
990.504
1002.18
1013.7
1025.2
1036.52
1047.83
1058.97
1070.11
1081.1
1092.12
1103.05
1113.93
1124.76
1135.15
1145.16
1153.96
1161.51
1167.83
1173.13
1177.43
1180.84
1184.95
1188.05
1190.34
1193.9
1193.5
1195.05
1198.14
1195.92
1199.62
1202.05
1203.19
1206.52
1209.95
1213.09
1216.13
1219.6
1223.86
1227.62
1231.63
1236.01
1240.72
1245.17
1249.92
1254.76
1259.95
1264.96
1270.2
1275.35
1280.81
1286.25
1291.22
1299.59
722.466
728.926
735.521
742.578
750.018
757.89
766.171
774.873
783.927
793.499
803.487
813.926
824.598
835.706
846.982
858.641
870.379
882.414
894.438
906.68
918.837
931.143
943.312
955.554
967.626
979.719
991.599
1003.49
1015.14
1026.79
1038.22
1049.61
1060.82
1072
1082.97
1094.01
1104.65
1115.29
1125.18
1134.54
1142.94
1150.53
1156.59
1161.42
1165.64
1169.57
1174.26
1177.54
1180.44
1182.61
1181.87
1184.63
1185.27
1183.96
1188.42
1188.91
1190.77
1194.42
1197.05
1200.06
1203.18
1206.6
1210.71
1214.27
1218.11
1222.38
1226.95
1231.27
1235.88
1240.61
1245.65
1250.56
1255.74
1260.93
1266.4
1271.72
1277.16
1282.64
1287.72
1296.45
724.066
730.851
737.789
745.225
753.114
761.442
770.264
779.471
789.153
799.355
810.071
821.052
832.502
844.134
856.195
868.328
880.815
893.251
905.952
918.494
931.219
943.718
956.32
968.687
981.059
993.211
1005.32
1017.17
1029.01
1040.54
1052.11
1063.36
1074.63
1085.7
1096.69
1107.46
1118.07
1127.92
1137.17
1144.76
1151.27
1156.31
1160.19
1162.85
1165.44
1167.53
1170.3
1171.61
1171.63
1174.29
1172.68
1174.08
1177.12
1176.61
1179.77
1182.7
1184.79
1187.83
1190.95
1194.23
1197.96
1201.41
1205.18
1209.39
1213.81
1217.98
1222.41
1227.04
1231.94
1236.75
1241.8
1246.9
1252.26
1257.53
1262.99
1268.4
1274.02
1279.69
1284.81
1293.59
725.733
732.899
740.195
748.093
756.441
765.341
774.693
784.53
794.904
805.889
817.218
829.025
841.072
853.55
866.145
879.1
892.016
905.218
918.22
931.438
944.324
957.387
970.039
982.825
995.206
1007.63
1019.71
1031.76
1043.49
1055.18
1066.52
1077.92
1088.84
1099.7
1109.85
1119.29
1127.69
1135.05
1141.41
1146.15
1149.85
1152.77
1156.57
1159.75
1162.4
1162.53
1162.9
1164.4
1162.17
1165.17
1166.05
1165.73
1169.51
1171.18
1173.26
1176.33
1179.3
1182.27
1185.68
1189.05
1192.71
1196.73
1200.97
1204.96
1209.26
1213.86
1218.68
1223.37
1228.25
1233.2
1238.43
1243.63
1249.03
1254.41
1259.97
1265.46
1271.05
1276.76
1281.98
1290.97
727.495
735.064
742.787
751.171
760.078
769.568
779.565
790.096
801.307
813.01
825.173
837.698
850.604
863.749
877.175
890.678
904.368
917.959
931.654
945.087
958.584
971.686
984.875
997.564
1010.37
1022.66
1035.03
1046.93
1058.79
1070.36
1081.75
1092.81
1103.81
1113.79
1123.5
1131.6
1138.36
1143.48
1147.24
1149.81
1150.68
1152.27
1153.84
1154.26
1155.33
1154.58
1153.65
1156.56
1155.68
1156.89
1159.83
1160.53
1163.04
1165.75
1168.27
1171.05
1174.18
1177.48
1180.95
1184.69
1188.66
1192.5
1196.69
1201.19
1205.87
1210.4
1215.15
1220.04
1225.19
1230.32
1235.58
1240.82
1246.26
1251.68
1257.3
1262.9
1268.64
1274.47
1279.69
1288.75
729.34
737.361
745.559
754.49
764.025
774.172
784.885
796.271
808.317
820.871
833.882
847.272
860.997
874.973
889.103
903.361
917.594
931.816
945.888
959.834
973.537
987.087
1000.28
1013.42
1026.02
1038.76
1050.76
1063.03
1074.49
1086
1096.82
1106.81
1115.79
1123.2
1129.84
1135.33
1139.02
1141.43
1143.91
1146.73
1149.17
1148.25
1148.84
1146.77
1147.09
1148.41
1146.65
1149.12
1150.6
1150.93
1153.84
1155.79
1157.98
1160.64
1163.43
1166.47
1169.7
1173.1
1176.84
1180.56
1184.6
1188.87
1193.29
1197.63
1202.27
1207.12
1212.2
1217.21
1222.32
1227.46
1232.82
1238.22
1243.78
1249.3
1254.94
1260.55
1266.28
1272.19
1277.54
1286.73
731.269
739.801
748.526
758.078
768.316
779.199
790.742
803.074
816.036
829.526
843.451
857.781
872.385
887.175
902.126
916.998
931.911
946.592
961.138
975.436
989.443
1003.24
1016.65
1029.85
1042.7
1055.2
1067.55
1079.16
1091.04
1101.51
1112.03
1120.87
1127.82
1133.54
1137.64
1140.08
1141
1141.62
1142.25
1142.54
1142.63
1140.82
1141.36
1140.46
1139.66
1142.28
1142.22
1142.95
1145.6
1146.63
1148.76
1151.22
1153.63
1156.42
1159.4
1162.48
1165.88
1169.43
1173.24
1177.25
1181.44
1185.63
1190.12
1194.81
1199.69
1204.53
1209.53
1214.64
1219.99
1225.34
1230.77
1236.15
1241.68
1247.25
1253
1258.77
1264.59
1270.5
1275.78
1285.02
733.277
742.396
751.691
761.975
772.962
784.698
797.218
810.574
824.535
839.036
853.999
869.276
884.82
900.501
916.124
931.81
947.146
962.435
977.291
991.973
1006.24
1020.22
1033.84
1047.06
1059.95
1072.36
1084.29
1095.48
1105.55
1114.1
1120.9
1126.92
1130.73
1134.17
1135.4
1137.71
1139.67
1139.25
1137.74
1136.81
1135.85
1134.1
1134.5
1135.61
1134.78
1136.26
1138.08
1138.5
1140.73
1142.6
1144.52
1146.96
1149.64
1152.46
1155.61
1158.89
1162.34
1165.99
1169.93
1173.97
1178.29
1182.76
1187.38
1192.02
1196.89
1201.92
1207.17
1212.41
1217.72
1223.04
1228.54
1234.1
1239.8
1245.46
1251.18
1256.88
1262.7
1268.73
1274.16
1283.49
735.365
745.13
755.094
766.178
778.041
790.736
804.412
818.818
833.922
849.525
865.546
881.905
898.367
914.89
931.355
947.531
963.565
979.139
994.486
1009.35
1023.94
1038
1051.7
1064.95
1077.61
1089.73
1101.09
1111.28
1119.84
1126.71
1131.69
1134.32
1136.27
1136.51
1135.79
1135.49
1134.31
1133.83
1131.55
1130.47
1129.84
1130.04
1128.99
1130.88
1131.34
1131.31
1133.74
1134.91
1136.69
1138.92
1141.08
1143.46
1146.25
1149.28
1152.49
1155.87
1159.53
1163.3
1167.31
1171.5
1175.91
1180.4
1185.12
1189.99
1195.04
1200.1
1205.3
1210.58
1216.05
1221.56
1227.15
1232.7
1238.35
1244.05
1249.9
1255.77
1261.65
1267.63
1272.96
1282.31
737.561
748.056
758.782
770.771
783.634
797.486
812.274
828.015
844.228
861.106
878.259
895.674
913.108
930.509
947.602
964.481
980.884
996.958
1012.53
1027.75
1042.3
1056.66
1070.04
1083.07
1094.94
1105.24
1113.95
1120.51
1125.9
1129.94
1132.07
1132.9
1134.76
1134.16
1133.03
1131.35
1128.68
1128.15
1126.41
1125.47
1125.34
1126.47
1125.42
1126.69
1128.11
1127.86
1129.72
1131.43
1133.23
1135.47
1137.8
1140.32
1143.07
1146.09
1149.51
1153.04
1156.74
1160.59
1164.69
1168.93
1173.42
1178.07
1182.88
1187.76
1192.81
1197.98
1203.33
1208.71
1214.18
1219.65
1225.28
1230.98
1236.79
1242.58
1248.4
1254.2
1260.08
1266.19
1271.66
1281.09
739.869
751.176
762.805
775.754
789.768
804.845
821.185
837.986
855.803
873.74
892.289
910.609
929.21
947.154
965.181
982.35
999.374
1015.69
1031.56
1046.92
1061.51
1075.53
1088.85
1100.57
1111.77
1119.91
1126.73
1130.54
1133.66
1133.66
1133.31
1132.51
1131.22
1129.19
1127.32
1124.97
1123.62
1122.69
1122.04
1121.72
1121.03
1122.4
1122.47
1122.62
1124.61
1125.14
1126.44
1128.32
1130.29
1132.63
1135.11
1137.71
1140.64
1143.78
1147.18
1150.8
1154.68
1158.67
1162.85
1167.19
1171.76
1176.48
1181.39
1186.41
1191.59
1196.82
1202.17
1207.57
1213.15
1218.78
1224.52
1230.24
1236.02
1241.83
1247.74
1253.68
1259.62
1265.68
1271.06
1280.48
742.24
754.556
767.111
781.285
796.519
813.337
830.715
849.474
868.25
888.002
907.366
927.207
946.224
965.478
983.491
1001.72
1018.6
1035.63
1051.37
1066.68
1081.2
1094.04
1105.76
1114.22
1121.37
1126.25
1129.9
1131.39
1131.7
1132.05
1131.21
1129.19
1126.66
1123.9
1122.92
1120.51
1119.86
1118.84
1118.35
1118.8
1118
1118.69
1119.73
1119.45
1121.06
1122.4
1123.62
1125.32
1127.4
1129.74
1132.35
1135.12
1138.06
1141.2
1144.71
1148.4
1152.29
1156.33
1160.58
1164.99
1169.61
1174.37
1179.31
1184.34
1189.52
1194.79
1200.2
1205.67
1211.23
1216.82
1222.53
1228.3
1234.16
1240
1245.87
1251.72
1257.6
1263.66
1269.06
1278.36
744.741
758.143
771.903
787.338
804.335
822.307
841.919
861.63
882.624
903.183
924.313
944.727
965.09
984.409
1003.67
1021.49
1039.62
1055.75
1072.26
1086.47
1100.54
1111.55
1121.04
1127.77
1131.79
1134.11
1133.77
1132.9
1131.29
1128.86
1126.22
1123.96
1121.34
1119.41
1118.89
1116.82
1116.14
1115.43
1114.66
1115.41
1115.44
1115.14
1116.67
1117.02
1118.04
1119.68
1121.21
1122.98
1125.03
1127.45
1130.16
1133.03
1136.17
1139.48
1143.01
1146.74
1150.76
1154.96
1159.36
1163.88
1168.59
1173.44
1178.49
1183.64
1188.94
1194.3
1199.78
1205.33
1211.03
1216.78
1222.64
1228.5
1234.42
1240.36
1246.38
1252.42
1258.46
1264.66
1270.14
1279.71
747.35
762.12
777.116
794.151
812.607
833.016
853.637
876.041
897.723
920.596
942.205
964.219
984.732
1005.33
1024.21
1043.33
1060.49
1077.46
1092.23
1105.3
1115.58
1122.43
1127.73
1131.18
1132.43
1132.85
1132.34
1130.51
1127.69
1124.97
1121.88
1120.44
1118.02
1116.55
1115.83
1114.08
1113.42
1113.1
1112.13
1112.43
1113.13
1112.52
1113.83
1114.77
1115.59
1117.1
1118.79
1120.64
1122.77
1125.1
1127.81
1130.79
1133.96
1137.28
1140.86
1144.64
1148.67
1152.86
1157.26
1161.82
1166.55
1171.41
1176.43
1181.54
1186.81
1192.16
1197.64
1203.18
1208.83
1214.51
1220.27
1226.07
1231.94
1237.82
1243.75
1249.69
1255.63
1261.76
1267.2
1276.65
750.136
766.325
783.009
801.602
822.704
844.183
868.046
890.932
915.805
938.604
962.738
984.36
1006.69
1026.58
1047.08
1064.96
1083.01
1097.59
1112.35
1121.24
1129.21
1133.81
1135.78
1135.17
1133.92
1131.71
1128.96
1125.88
1123.11
1120.5
1118.02
1117.28
1115
1113.61
1112.72
1111.18
1110.64
1110.61
1109.84
1109.6
1110.7
1110.53
1111.3
1112.63
1113.65
1115.06
1116.83
1118.84
1121.05
1123.5
1126.25
1129.28
1132.58
1136.06
1139.73
1143.6
1147.72
1152.06
1156.61
1161.29
1166.13
1171.09
1176.21
1181.45
1186.84
1192.3
1197.9
1203.57
1209.34
1215.16
1221.03
1226.93
1232.89
1238.86
1244.89
1250.91
1256.91
1263.07
1268.52
1277.99
753.082
771.127
789.528
810.744
833.134
858.195
882.685
909.361
933.961
960.096
983.363
1007.38
1028.79
1050.29
1069.74
1088
1103.63
1115.31
1124.78
1129.33
1133.09
1134.72
1135.03
1134.18
1131.57
1128.19
1125.34
1122.23
1120.18
1117.75
1115.66
1114.8
1112.69
1111.41
1110.58
1109.18
1108.62
1108.56
1108.05
1107.46
1108.48
1108.87
1109.28
1110.61
1111.81
1113.26
1115
1117.03
1119.35
1121.82
1124.54
1127.55
1130.86
1134.37
1138.1
1142
1146.12
1150.42
1154.93
1159.59
1164.41
1169.33
1174.38
1179.53
1184.81
1190.2
1195.72
1201.31
1207.01
1212.76
1218.57
1224.39
1230.29
1236.24
1242.26
1248.3
1254.34
1260.56
1266.05
1275.57
756.294
776.2
797.089
820.218
846.225
872.436
901.022
927.662
956.23
981.103
1007.71
1029.9
1053.96
1073.33
1094.37
1107.74
1123.33
1130.6
1136.24
1139.4
1138.01
1136.67
1133.87
1130.86
1127.52
1124.39
1121.86
1119.15
1117.61
1115.24
1113.22
1112.06
1110.05
1109.03
1108.31
1107.1
1106.57
1106.38
1106.31
1105.72
1106.51
1107.28
1107.76
1108.97
1110.31
1111.84
1113.69
1115.8
1118.19
1120.78
1123.61
1126.69
1130.08
1133.72
1137.59
1141.63
1145.87
1150.3
1154.93
1159.71
1164.63
1169.66
1174.82
1180.09
1185.5
1191.02
1196.67
1202.39
1208.21
1214.06
1219.98
1225.93
1231.95
1238
1244.08
1250.19
1256.31
1262.63
1268.17
1277.81
759.771
782.118
805.427
832.2
859.972
890.479
919.679
950.406
978.184
1006.41
1031.22
1056.27
1077.93
1098.22
1114.72
1123.93
1132.62
1136.31
1137.53
1138.72
1137.75
1134.65
1130.89
1127.73
1124.6
1122.21
1119.64
1117.26
1115.77
1113.48
1111.63
1110.28
1108.29
1107.41
1106.76
1105.63
1104.98
1104.58
1104.82
1104.39
1104.94
1105.81
1106.46
1107.6
1108.95
1110.56
1112.42
1114.54
1116.95
1119.56
1122.37
1125.37
1128.64
1132.16
1135.93
1139.87
1144
1148.3
1152.83
1157.54
1162.46
1167.49
1172.65
1177.91
1183.29
1188.8
1194.44
1200.17
1205.98
1211.84
1217.79
1223.81
1229.89
1235.99
1242.08
1248.18
1254.24
1260.46
1265.95
1275.4
763.649
788.702
815.695
844.992
877.219
909.393
942.452
973.676
1003.87
1031.75
1058.12
1081.2
1104.98
1117.49
1132.78
1137.81
1142.66
1142.03
1140.62
1137.35
1134.14
1130.64
1127.23
1124.55
1121.79
1119.81
1117.3
1114.98
1113.45
1111.2
1109.53
1108.16
1106.42
1105.73
1105.08
1104.05
1103.45
1103.03
1103.49
1103.27
1103.64
1104.51
1105.27
1106.45
1107.84
1109.5
1111.45
1113.67
1116.16
1118.9
1121.84
1124.97
1128.36
1132.04
1135.98
1140.1
1144.38
1148.8
1153.4
1158.19
1163.15
1168.23
1173.43
1178.74
1184.19
1189.76
1195.46
1201.22
1207.06
1212.96
1218.93
1224.91
1230.97
1237.11
1243.29
1249.46
1255.56
1261.8
1267.33
1276.99
768.199
796.448
826.774
861.308
895.525
932.903
966.013
1001.11
1030.26
1059.53
1085.86
1106.29
1125.15
1131.75
1139.41
1140.86
1142.15
1141.6
1138.63
1134.85
1131.35
1128.13
1125.5
1122.81
1120.27
1118.3
1115.81
1113.57
1111.82
1109.65
1108.17
1106.77
1105.12
1104.35
1103.59
1102.62
1102.05
1101.66
1102.18
1102.11
1102.4
1103.19
1104.02
1105.21
1106.6
1108.22
1110.09
1112.16
1114.49
1117.09
1119.94
1123.01
1126.35
1129.98
1133.91
1138.06
1142.39
1146.84
1151.44
1156.19
1161.13
1166.21
1171.45
1176.81
1182.31
1187.9
1193.61
1199.38
1205.24
1211.15
1217.1
1223.09
1229.15
1235.25
1241.33
1247.37
1253.4
1259.6
1265.11
1274.65
773.741
805.202
841.435
878.604
919.401
956.853
995.422
1028
1061.13
1086.77
1114.17
1127.63
1139.76
1145.62
1146.88
1145.62
1142.08
1138.59
1135.04
1131.58
1128.46
1125.64
1123.31
1120.62
1118.07
1116.07
1113.67
1111.58
1109.72
1107.79
1106.55
1105.19
1103.69
1102.77
1102
1101.11
1100.6
1100.29
1100.66
1100.63
1100.98
1101.66
1102.47
1103.74
1105.25
1107
1108.97
1111.17
1113.68
1116.46
1119.48
1122.7
1126.18
1129.93
1133.96
1138.21
1142.63
1147.17
1151.89
1156.76
1161.81
1167.01
1172.37
1177.81
1183.35
1188.97
1194.7
1200.51
1206.4
1212.32
1218.31
1224.39
1230.54
1236.65
1242.76
1248.87
1254.97
1261.26
1266.82
1276.41
780.352
816.58
856.967
901.315
943.979
986.885
1024.47
1059.95
1090.04
1115.68
1133.77
1140.11
1145.43
1147.22
1147.39
1144.59
1140.73
1136.62
1133.22
1130.35
1127.36
1124.56
1122.19
1119.45
1116.84
1114.56
1112.18
1110.19
1108.17
1106.31
1105.06
1103.56
1102.07
1100.98
1100.15
1099.4
1098.95
1098.63
1098.91
1098.87
1099.41
1099.99
1100.69
1101.79
1103.23
1104.95
1106.96
1109.23
1111.77
1114.57
1117.64
1120.96
1124.54
1128.36
1132.4
1136.65
1141.09
1145.72
1150.5
1155.37
1160.35
1165.45
1170.69
1176.04
1181.49
1187.03
1192.66
1198.38
1204.2
1210.09
1216.04
1222.02
1228.05
1234.12
1240.31
1246.49
1252.57
1258.77
1264.23
1273.67
788.559
829.288
878.141
925.409
975.94
1017.09
1059.68
1089.8
1122.48
1137.88
1149.49
1154.1
1152.61
1149.02
1145.14
1141.27
1137.49
1133.75
1130.54
1127.97
1125.22
1122.52
1120.01
1117.28
1114.75
1112.31
1110.1
1108.26
1106.28
1104.48
1103.15
1101.58
1100.18
1099.08
1098.26
1097.63
1097.18
1096.96
1097.37
1097.47
1097.94
1098.65
1099.72
1101.01
1102.61
1104.49
1106.66
1109.07
1111.71
1114.61
1117.8
1121.24
1124.91
1128.76
1132.82
1137.11
1141.61
1146.29
1151.11
1156.03
1161.08
1166.28
1171.63
1177.11
1182.71
1188.38
1194.12
1199.92
1205.82
1211.82
1217.91
1224
1230.07
1236.09
1242.17
1248.29
1254.38
1260.62
1266.12
1275.66
798.974
847.438
901.387
957.979
1008.85
1054.04
1091.73
1120.13
1140.72
1148.84
1150.19
1151.41
1149.21
1144.79
1139.58
1135.4
1132.16
1129.12
1126.38
1124.07
1121.52
1118.94
1116.36
1113.89
1111.66
1109.48
1107.62
1105.98
1104.27
1102.64
1101.3
1099.89
1098.68
1097.65
1096.78
1096.23
1095.77
1095.6
1095.93
1096.2
1096.6
1097.32
1098.56
1099.98
1101.56
1103.42
1105.59
1108
1110.63
1113.49
1116.6
1119.96
1123.52
1127.27
1131.26
1135.49
1139.92
1144.51
1149.22
1154.08
1159.15
1164.38
1169.76
1175.24
1180.82
1186.47
1192.2
1197.99
1203.88
1209.84
1215.88
1221.94
1227.97
1233.94
1239.87
1245.86
1251.87
1258.1
1263.6
1273.19
813.183
867.858
934.477
991.063
1048.49
1085.48
1124.09
1142.08
1149.93
1153.41
1150.2
1144.55
1139.31
1135.25
1132.1
1129.29
1126.99
1124.53
1121.96
1119.61
1117.13
1114.7
1112.23
1110.04
1108.03
1106.03
1104.28
1102.71
1101.11
1099.59
1098.3
1097.03
1096.03
1095.09
1094.25
1093.87
1093.45
1093.31
1093.5
1093.84
1094.37
1095.1
1096.17
1097.54
1099.12
1100.98
1103.16
1105.58
1108.21
1111.06
1114.16
1117.48
1121
1124.69
1128.58
1132.69
1137.03
1141.55
1146.22
1151.08
1156.15
1161.39
1166.8
1172.32
1177.97
1183.69
1189.53
1195.46
1201.51
1207.63
1213.84
1220.06
1226.32
1232.61
1238.96
1245.35
1251.73
1258.31
1264.14
1274.24
831.527
899.059
968.082
1031.06
1076.69
1108.03
1132
1142.89
1142.61
1142.36
1139.29
1136.61
1133.07
1129.59
1126.94
1124.22
1121.95
1119.46
1116.71
1114.24
1111.85
1109.67
1107.34
1105.29
1103.28
1101.18
1099.33
1097.71
1096.1
1094.59
1093.28
1092.15
1091.32
1090.5
1089.72
1089.51
1089.14
1089.26
1089.55
1090
1090.71
1091.59
1092.69
1094.05
1095.65
1097.51
1099.64
1102.01
1104.58
1107.38
1110.44
1113.74
1117.27
1121
1124.96
1129.15
1133.58
1138.22
1143.06
1148.08
1153.28
1158.64
1164.16
1169.81
1175.57
1181.41
1187.36
1193.39
1199.52
1205.71
1211.96
1218.23
1224.56
1230.91
1237.3
1243.7
1250.08
1256.66
1262.49
1272.61
854.08
928.466
1007.85
1053.78
1098.94
1123.04
1134.06
1141.59
1139.23
1134.85
1129.16
1126.9
1126.28
1124.77
1122.36
1119.68
1117.29
1114.95
1112.43
1109.81
1107.44
1105.2
1102.9
1100.86
1098.87
1096.92
1094.98
1093.27
1091.72
1090.18
1088.81
1087.72
1086.83
1086.04
1085.39
1085.17
1084.73
1085.01
1085.44
1085.99
1086.81
1087.81
1089.02
1090.48
1092.15
1094.05
1096.19
1098.56
1101.14
1103.94
1107.01
1110.34
1113.93
1117.77
1121.86
1126.19
1130.77
1135.58
1140.61
1145.81
1151.15
1156.63
1162.26
1168.01
1173.88
1179.83
1185.86
1191.96
1198.14
1204.37
1210.66
1216.99
1223.35
1229.72
1236.11
1242.5
1248.81
1255.25
1260.89
1270.58
880.961
962.442
1034.94
1077.97
1111.97
1139.1
1143.39
1143.36
1139.83
1137.09
1133.57
1129.61
1126.88
1124.89
1122.49
1119.76
1117.06
1114.47
1111.73
1108.73
1106.09
1103.52
1101.12
1098.84
1096.64
1094.7
1092.61
1090.75
1089.17
1087.6
1086.2
1085.09
1084.07
1083.29
1082.82
1082.51
1082.1
1082.43
1082.84
1083.46
1084.29
1085.3
1086.51
1087.99
1089.73
1091.71
1093.94
1096.42
1099.14
1102.12
1105.39
1108.94
1112.77
1116.84
1121.12
1125.6
1130.28
1135.17
1140.26
1145.49
1150.84
1156.3
1161.87
1167.55
1173.33
1179.17
1185.08
1191.06
1197.1
1203.19
1209.34
1215.52
1221.74
1227.96
1234.19
1240.42
1246.6
1252.94
1258.53
1268.22
938.833
1045.81
1123.26
1160.53
1173.69
1170.75
1162.16
1152.59
1147.17
1142.37
1139.47
1136.12
1132.56
1129.16
1125.75
1122.33
1118.72
1115.45
1112.38
1109.35
1106.49
1103.72
1101.3
1098.83
1096.49
1094.47
1092.27
1090.34
1088.68
1087.06
1085.81
1084.63
1083.48
1082.83
1082.37
1081.92
1081.44
1081.63
1081.96
1082.55
1083.32
1084.32
1085.61
1087.22
1089.18
1091.41
1093.93
1096.76
1099.9
1103.28
1106.88
1110.68
1114.74
1118.97
1123.36
1127.89
1132.6
1137.49
1142.56
1147.79
1153.12
1158.51
1163.98
1169.53
1175.16
1180.92
1186.76
1192.65
1198.6
1204.58
1210.63
1216.72
1222.85
1228.99
1235.12
1241.26
1247.36
1253.67
1259.22
1268.87
1016.97
1123.91
1176.95
1185.27
1188.28
1174.79
1165.71
1161.21
1153.36
1148.73
1145.2
1141.06
1136.36
1131.45
1127.35
1123.69
1119.62
1116.06
1112.85
1109.83
1106.81
1103.91
1101.58
1099.04
1096.64
1094.61
1092.33
1090.36
1088.68
1087.04
1085.87
1084.7
1083.54
1082.92
1082.44
1081.86
1081.36
1081.63
1081.9
1082.39
1083.11
1084.08
1085.32
1086.91
1088.84
1091.06
1093.6
1096.5
1099.77
1103.34
1107.13
1111.12
1115.26
1119.53
1123.9
1128.35
1132.94
1137.7
1142.65
1147.77
1153.01
1158.29
1163.63
1169.01
1174.49
1180.07
1185.77
1191.53
1197.34
1203.18
1209.07
1215.01
1221.01
1227.02
1233.02
1239.04
1245.1
1251.4
1257.01
1266.78
)
;

boundaryField
{
    inlet
    {
        type            calculated;
        value           nonuniform List<scalar> 
40
(
145.535
145.7
145.711
145.54
145.232
144.798
144.24
143.558
142.754
141.831
140.798
139.662
138.438
137.137
135.775
134.36
132.905
131.413
129.89
128.335
126.748
125.123
123.458
121.745
119.984
118.171
116.313
114.415
112.496
110.581
108.707
106.915
105.256
103.777
102.518
101.508
100.749
100.235
99.9237
99.7985
)
;
    }
    outlet
    {
        type            calculated;
        value           nonuniform List<scalar> 
40
(
1308.59
1310.75
1317.23
1317.92
1315.98
1316.79
1313.06
1310.66
1306.39
1303.16
1299.59
1296.45
1293.59
1290.97
1288.75
1286.73
1285.02
1283.49
1282.31
1281.09
1280.48
1278.36
1279.71
1276.65
1277.99
1275.57
1277.81
1275.4
1276.99
1274.65
1276.41
1273.67
1275.66
1273.19
1274.24
1272.61
1270.58
1268.22
1268.87
1266.78
)
;
    }
    axis
    {
        type            symmetryPlane;
    }
    wall
    {
        type            calculated;
        value           nonuniform List<scalar> 
200
(
99.7985
101.676
102.864
104.123
105.438
106.847
108.358
109.974
111.69
113.499
115.393
117.358
119.381
121.453
123.573
125.742
127.957
130.215
132.503
134.825
137.172
139.534
141.906
144.283
146.666
149.053
151.445
153.838
156.23
158.615
160.988
163.344
165.682
168
170.302
172.591
174.874
177.157
179.445
181.744
184.056
186.385
188.73
191.095
193.479
195.886
198.32
200.785
203.288
205.834
208.429
211.08
213.789
216.561
219.396
222.294
225.256
228.279
231.364
234.509
237.714
240.979
244.305
247.693
251.145
254.66
258.243
261.893
265.607
269.39
273.272
277.3
281.411
285.557
289.741
293.98
298.286
302.667
307.129
311.676
316.312
321.039
325.862
330.784
335.809
340.942
346.186
351.546
357.029
362.639
368.388
374.284
380.339
386.553
392.928
399.465
406.175
413.064
420.151
427.445
434.969
442.732
450.762
459.069
467.693
476.647
485.982
495.717
505.925
516.634
527.957
539.945
552.772
566.549
581.599
598.249
617.265
640.214
669.919
726.98
976.449
1096.41
1170.1
1184.5
1188.27
1174.72
1165.63
1161.17
1153.36
1148.73
1145.2
1141.06
1136.36
1131.44
1127.35
1123.69
1119.62
1116.06
1112.85
1109.82
1106.8
1103.91
1101.57
1099.04
1096.64
1094.61
1092.33
1090.36
1088.68
1087.04
1085.87
1084.7
1083.54
1082.92
1082.44
1081.86
1081.36
1081.63
1081.9
1082.39
1083.11
1084.08
1085.32
1086.91
1088.84
1091.06
1093.6
1096.5
1099.77
1103.34
1107.13
1111.12
1115.25
1119.52
1123.89
1128.34
1132.94
1137.7
1142.65
1147.77
1153
1158.29
1163.62
1169.01
1174.48
1180.07
1185.77
1191.52
1197.33
1203.17
1209.06
1215
1221
1227.01
1233.01
1239.03
1245.09
1251.39
1257
1266.77
)
;
    }
    frontAndBack
    {
        type            empty;
    }
}


// ************************************************************************* //
