/*--------------------------------*- C++ -*----------------------------------*\
  =========                 |
  \\      /  F ield         | OpenFOAM: The Open Source CFD Toolbox
   \\    /   O peration     | Website:  https://openfoam.org
    \\  /    A nd           | Version:  13
     \\/     M anipulation  |
\*---------------------------------------------------------------------------*/
FoamFile
{
    format      ascii;
    class       volScalarField;
    location    "0.0125";
    object      T;
}
// * * * * * * * * * * * * * * * * * * * * * * * * * * * * * * * * * * * * * //

dimensions      [0 0 0 1 0 0 0];

internalField   nonuniform List<scalar> 
8000
(
1801
1799.88
1799.98
1799.99
1800.03
1800.09
1800.19
1800.3
1800.42
1800.53
1800.62
1800.68
1800.72
1800.74
1800.74
1800.74
1800.74
1800.73
1800.73
1800.73
1800.72
1800.69
1800.66
1800.61
1800.55
1800.49
1800.41
1800.33
1800.24
1800.13
1800.01
1799.87
1799.71
1799.53
1799.33
1799.12
1798.9
1798.68
1798.44
1798.2
1797.94
1797.67
1797.38
1797.06
1796.72
1796.36
1795.96
1795.54
1795.09
1794.62
1794.14
1793.63
1793.11
1792.58
1792.03
1791.46
1790.86
1790.25
1789.62
1788.95
1788.26
1787.55
1786.8
1786.03
1785.23
1784.4
1783.54
1782.66
1781.74
1780.79
1779.8
1778.78
1777.72
1776.62
1775.48
1774.3
1773.07
1771.8
1770.48
1769.11
1767.69
1766.21
1764.68
1763.1
1761.45
1759.74
1757.96
1756.11
1754.19
1752.19
1750.1
1747.93
1745.66
1743.29
1740.81
1738.22
1735.52
1732.68
1729.71
1726.58
1723.31
1719.86
1716.23
1712.38
1708.34
1704.02
1699.46
1694.57
1689.38
1683.76
1677.77
1671.2
1664.14
1656.29
1647.77
1638.11
1627.5
1615.18
1601.52
1585.27
1801
1799.88
1799.99
1800
1800.04
1800.1
1800.2
1800.31
1800.43
1800.54
1800.62
1800.69
1800.73
1800.75
1800.75
1800.75
1800.75
1800.74
1800.74
1800.74
1800.73
1800.7
1800.67
1800.62
1800.56
1800.5
1800.42
1800.34
1800.24
1800.14
1800.01
1799.87
1799.71
1799.53
1799.34
1799.13
1798.91
1798.68
1798.44
1798.2
1797.94
1797.67
1797.38
1797.06
1796.72
1796.35
1795.96
1795.53
1795.09
1794.62
1794.14
1793.63
1793.11
1792.58
1792.03
1791.46
1790.87
1790.25
1789.62
1788.95
1788.27
1787.55
1786.8
1786.03
1785.23
1784.4
1783.55
1782.66
1781.74
1780.79
1779.81
1778.78
1777.73
1776.63
1775.49
1774.3
1773.08
1771.8
1770.48
1769.11
1767.69
1766.22
1764.69
1763.1
1761.45
1759.74
1757.97
1756.12
1754.2
1752.19
1750.11
1747.93
1745.66
1743.29
1740.82
1738.23
1735.52
1732.69
1729.72
1726.59
1723.32
1719.87
1716.24
1712.4
1708.35
1704.04
1699.48
1694.59
1689.4
1683.78
1677.78
1671.22
1664.15
1656.31
1647.78
1638.12
1627.49
1615.15
1601.45
1585.13
1801
1799.89
1800
1800.02
1800.06
1800.12
1800.21
1800.33
1800.44
1800.55
1800.64
1800.7
1800.74
1800.76
1800.76
1800.76
1800.76
1800.76
1800.76
1800.75
1800.74
1800.71
1800.68
1800.63
1800.57
1800.51
1800.43
1800.35
1800.25
1800.14
1800.02
1799.88
1799.72
1799.54
1799.34
1799.13
1798.91
1798.68
1798.44
1798.2
1797.94
1797.67
1797.37
1797.06
1796.72
1796.35
1795.95
1795.53
1795.09
1794.62
1794.14
1793.63
1793.12
1792.58
1792.03
1791.46
1790.87
1790.26
1789.62
1788.96
1788.27
1787.55
1786.81
1786.04
1785.24
1784.41
1783.55
1782.66
1781.75
1780.8
1779.81
1778.79
1777.73
1776.63
1775.49
1774.31
1773.08
1771.81
1770.49
1769.12
1767.7
1766.22
1764.7
1763.11
1761.46
1759.75
1757.98
1756.13
1754.21
1752.2
1750.12
1747.94
1745.68
1743.31
1740.83
1738.24
1735.54
1732.7
1729.73
1726.61
1723.34
1719.89
1716.26
1712.42
1708.37
1704.06
1699.5
1694.61
1689.42
1683.81
1677.81
1671.25
1664.18
1656.34
1647.8
1638.13
1627.47
1615.1
1601.33
1584.91
1801.01
1799.9
1800.02
1800.04
1800.08
1800.15
1800.24
1800.35
1800.46
1800.56
1800.65
1800.71
1800.75
1800.77
1800.78
1800.78
1800.78
1800.78
1800.78
1800.77
1800.76
1800.73
1800.7
1800.65
1800.59
1800.52
1800.44
1800.36
1800.26
1800.15
1800.03
1799.88
1799.72
1799.54
1799.35
1799.14
1798.92
1798.69
1798.45
1798.2
1797.94
1797.66
1797.37
1797.05
1796.71
1796.34
1795.95
1795.53
1795.09
1794.62
1794.14
1793.64
1793.12
1792.59
1792.04
1791.47
1790.88
1790.26
1789.63
1788.96
1788.28
1787.56
1786.82
1786.04
1785.24
1784.42
1783.56
1782.67
1781.75
1780.8
1779.82
1778.8
1777.74
1776.64
1775.5
1774.32
1773.09
1771.82
1770.5
1769.13
1767.71
1766.24
1764.71
1763.12
1761.48
1759.77
1757.99
1756.14
1754.22
1752.22
1750.13
1747.96
1745.69
1743.32
1740.85
1738.26
1735.56
1732.72
1729.76
1726.63
1723.36
1719.91
1716.29
1712.45
1708.4
1704.09
1699.54
1694.65
1689.46
1683.85
1677.85
1671.29
1664.22
1656.38
1647.82
1638.15
1627.45
1615.03
1601.15
1584.58
1801.01
1799.91
1800.04
1800.07
1800.11
1800.18
1800.27
1800.37
1800.48
1800.58
1800.67
1800.73
1800.77
1800.8
1800.81
1800.81
1800.81
1800.81
1800.8
1800.8
1800.78
1800.75
1800.72
1800.67
1800.61
1800.54
1800.46
1800.38
1800.28
1800.17
1800.04
1799.89
1799.73
1799.55
1799.36
1799.15
1798.92
1798.69
1798.45
1798.2
1797.94
1797.66
1797.37
1797.05
1796.71
1796.34
1795.94
1795.53
1795.08
1794.62
1794.14
1793.64
1793.12
1792.59
1792.04
1791.47
1790.88
1790.27
1789.63
1788.97
1788.28
1787.57
1786.82
1786.05
1785.25
1784.43
1783.57
1782.68
1781.77
1780.81
1779.83
1778.81
1777.75
1776.65
1775.51
1774.33
1773.1
1771.83
1770.51
1769.14
1767.72
1766.25
1764.72
1763.14
1761.49
1759.78
1758.01
1756.16
1754.24
1752.23
1750.15
1747.98
1745.71
1743.34
1740.87
1738.29
1735.58
1732.75
1729.78
1726.66
1723.4
1719.95
1716.32
1712.49
1708.44
1704.13
1699.58
1694.7
1689.51
1683.9
1677.9
1671.35
1664.27
1656.43
1647.86
1638.17
1627.43
1614.94
1600.93
1584.17
1801.01
1799.93
1800.06
1800.1
1800.15
1800.22
1800.3
1800.41
1800.51
1800.61
1800.69
1800.75
1800.79
1800.82
1800.83
1800.84
1800.84
1800.84
1800.83
1800.82
1800.81
1800.78
1800.74
1800.69
1800.63
1800.56
1800.48
1800.4
1800.3
1800.18
1800.05
1799.91
1799.74
1799.56
1799.37
1799.16
1798.93
1798.7
1798.46
1798.21
1797.94
1797.66
1797.36
1797.04
1796.7
1796.33
1795.94
1795.52
1795.08
1794.62
1794.14
1793.65
1793.13
1792.6
1792.05
1791.48
1790.89
1790.28
1789.64
1788.98
1788.29
1787.58
1786.83
1786.06
1785.26
1784.44
1783.58
1782.69
1781.78
1780.83
1779.84
1778.82
1777.76
1776.66
1775.53
1774.34
1773.12
1771.85
1770.53
1769.16
1767.74
1766.27
1764.74
1763.15
1761.51
1759.8
1758.02
1756.18
1754.26
1752.26
1750.17
1748
1745.73
1743.37
1740.9
1738.31
1735.61
1732.78
1729.82
1726.7
1723.43
1719.99
1716.36
1712.53
1708.49
1704.18
1699.63
1694.75
1689.56
1683.96
1677.96
1671.41
1664.32
1656.49
1647.9
1638.2
1627.4
1614.84
1600.67
1583.68
1801.02
1799.94
1800.09
1800.13
1800.19
1800.26
1800.34
1800.44
1800.54
1800.63
1800.71
1800.78
1800.82
1800.85
1800.86
1800.87
1800.87
1800.87
1800.87
1800.85
1800.84
1800.81
1800.77
1800.72
1800.66
1800.59
1800.51
1800.42
1800.31
1800.2
1800.07
1799.92
1799.76
1799.57
1799.38
1799.17
1798.94
1798.71
1798.46
1798.21
1797.94
1797.66
1797.36
1797.04
1796.69
1796.33
1795.93
1795.52
1795.08
1794.62
1794.15
1793.65
1793.14
1792.61
1792.06
1791.49
1790.9
1790.29
1789.65
1788.99
1788.3
1787.59
1786.84
1786.07
1785.28
1784.45
1783.59
1782.71
1781.79
1780.84
1779.86
1778.84
1777.78
1776.68
1775.54
1774.36
1773.13
1771.86
1770.54
1769.18
1767.76
1766.29
1764.76
1763.17
1761.53
1759.82
1758.05
1756.2
1754.28
1752.28
1750.2
1748.02
1745.76
1743.4
1740.93
1738.35
1735.65
1732.82
1729.85
1726.74
1723.48
1720.03
1716.41
1712.58
1708.54
1704.24
1699.69
1694.81
1689.62
1684.03
1678.02
1671.48
1664.39
1656.56
1647.95
1638.23
1627.37
1614.73
1600.37
1583.11
1801.02
1799.96
1800.12
1800.17
1800.23
1800.3
1800.38
1800.48
1800.57
1800.66
1800.74
1800.8
1800.84
1800.87
1800.89
1800.9
1800.9
1800.91
1800.9
1800.89
1800.87
1800.84
1800.8
1800.75
1800.69
1800.61
1800.53
1800.44
1800.34
1800.22
1800.08
1799.93
1799.77
1799.59
1799.39
1799.18
1798.95
1798.72
1798.47
1798.21
1797.94
1797.66
1797.35
1797.03
1796.69
1796.32
1795.93
1795.51
1795.08
1794.62
1794.15
1793.66
1793.14
1792.61
1792.07
1791.5
1790.91
1790.3
1789.66
1789
1788.31
1787.6
1786.86
1786.09
1785.29
1784.46
1783.61
1782.72
1781.81
1780.86
1779.87
1778.85
1777.79
1776.69
1775.56
1774.38
1773.15
1771.88
1770.56
1769.2
1767.78
1766.31
1764.78
1763.2
1761.55
1759.84
1758.07
1756.22
1754.3
1752.31
1750.22
1748.05
1745.79
1743.43
1740.96
1738.38
1735.68
1732.86
1729.9
1726.79
1723.52
1720.08
1716.46
1712.64
1708.6
1704.3
1699.75
1694.88
1689.69
1684.1
1678.1
1671.56
1664.47
1656.63
1648
1638.27
1627.35
1614.62
1600.05
1582.48
1801.03
1799.98
1800.15
1800.2
1800.27
1800.35
1800.43
1800.52
1800.61
1800.69
1800.77
1800.83
1800.87
1800.9
1800.92
1800.94
1800.94
1800.94
1800.94
1800.92
1800.9
1800.87
1800.83
1800.78
1800.72
1800.64
1800.56
1800.46
1800.36
1800.24
1800.1
1799.95
1799.78
1799.6
1799.4
1799.19
1798.96
1798.73
1798.48
1798.22
1797.94
1797.65
1797.35
1797.02
1796.68
1796.31
1795.92
1795.51
1795.08
1794.62
1794.15
1793.66
1793.15
1792.62
1792.08
1791.51
1790.92
1790.31
1789.67
1789.01
1788.32
1787.61
1786.87
1786.1
1785.3
1784.48
1783.62
1782.74
1781.82
1780.87
1779.89
1778.87
1777.81
1776.71
1775.57
1774.39
1773.17
1771.9
1770.58
1769.22
1767.8
1766.33
1764.8
1763.22
1761.58
1759.87
1758.1
1756.25
1754.33
1752.33
1750.25
1748.08
1745.82
1743.46
1741
1738.42
1735.72
1732.9
1729.94
1726.83
1723.57
1720.14
1716.52
1712.7
1708.66
1704.37
1699.82
1694.96
1689.77
1684.19
1678.18
1671.65
1664.55
1656.72
1648.07
1638.32
1627.33
1614.5
1599.71
1581.8
1801.03
1800
1800.18
1800.24
1800.32
1800.39
1800.47
1800.56
1800.64
1800.72
1800.79
1800.85
1800.9
1800.93
1800.96
1800.97
1800.98
1800.98
1800.97
1800.96
1800.94
1800.9
1800.86
1800.81
1800.75
1800.67
1800.59
1800.49
1800.38
1800.26
1800.12
1799.97
1799.8
1799.61
1799.42
1799.2
1798.98
1798.74
1798.49
1798.22
1797.94
1797.65
1797.34
1797.02
1796.67
1796.3
1795.91
1795.5
1795.07
1794.62
1794.16
1793.67
1793.16
1792.63
1792.09
1791.52
1790.93
1790.32
1789.68
1789.02
1788.34
1787.62
1786.88
1786.12
1785.32
1784.5
1783.64
1782.76
1781.84
1780.89
1779.9
1778.88
1777.83
1776.73
1775.59
1774.41
1773.19
1771.92
1770.6
1769.24
1767.82
1766.35
1764.83
1763.25
1761.6
1759.9
1758.12
1756.28
1754.36
1752.37
1750.29
1748.12
1745.86
1743.5
1741.04
1738.46
1735.77
1732.95
1729.99
1726.89
1723.63
1720.19
1716.58
1712.76
1708.73
1704.44
1699.89
1695.04
1689.85
1684.27
1678.27
1671.74
1664.64
1656.81
1648.14
1638.38
1627.31
1614.38
1599.36
1581.07
1801.04
1800.02
1800.21
1800.28
1800.36
1800.44
1800.52
1800.6
1800.68
1800.75
1800.82
1800.88
1800.93
1800.96
1800.99
1801
1801.01
1801.01
1801.01
1800.99
1800.97
1800.94
1800.9
1800.84
1800.78
1800.7
1800.62
1800.52
1800.4
1800.28
1800.14
1799.98
1799.81
1799.63
1799.43
1799.22
1798.99
1798.75
1798.49
1798.23
1797.95
1797.65
1797.34
1797.01
1796.66
1796.29
1795.91
1795.5
1795.07
1794.63
1794.16
1793.67
1793.17
1792.64
1792.1
1791.53
1790.94
1790.33
1789.7
1789.04
1788.35
1787.64
1786.9
1786.13
1785.34
1784.51
1783.66
1782.77
1781.86
1780.91
1779.92
1778.9
1777.85
1776.75
1775.61
1774.43
1773.21
1771.94
1770.63
1769.26
1767.85
1766.38
1764.86
1763.27
1761.63
1759.93
1758.15
1756.31
1754.39
1752.4
1750.32
1748.15
1745.89
1743.54
1741.08
1738.5
1735.81
1732.99
1730.04
1726.94
1723.68
1720.26
1716.64
1712.83
1708.8
1704.52
1699.97
1695.12
1689.94
1684.36
1678.36
1671.84
1664.73
1656.91
1648.22
1638.44
1627.3
1614.27
1598.99
1580.29
1801.04
1800.04
1800.24
1800.32
1800.4
1800.48
1800.56
1800.64
1800.71
1800.78
1800.85
1800.91
1800.95
1800.99
1801.02
1801.04
1801.05
1801.05
1801.05
1801.03
1801
1800.97
1800.93
1800.87
1800.81
1800.73
1800.64
1800.54
1800.43
1800.3
1800.16
1800
1799.83
1799.64
1799.44
1799.23
1799
1798.76
1798.5
1798.23
1797.95
1797.65
1797.33
1797
1796.65
1796.29
1795.9
1795.5
1795.07
1794.63
1794.16
1793.68
1793.18
1792.65
1792.11
1791.54
1790.95
1790.34
1789.71
1789.05
1788.36
1787.65
1786.91
1786.15
1785.35
1784.53
1783.68
1782.79
1781.88
1780.93
1779.94
1778.92
1777.86
1776.77
1775.63
1774.45
1773.23
1771.96
1770.65
1769.29
1767.87
1766.41
1764.88
1763.3
1761.66
1759.96
1758.19
1756.34
1754.43
1752.43
1750.35
1748.19
1745.93
1743.58
1741.12
1738.55
1735.86
1733.04
1730.09
1727
1723.74
1720.32
1716.71
1712.9
1708.87
1704.59
1700.05
1695.21
1690.02
1684.46
1678.46
1671.95
1664.83
1657.01
1648.31
1638.51
1627.3
1614.16
1598.62
1579.48
1801.04
1800.06
1800.27
1800.35
1800.44
1800.52
1800.6
1800.68
1800.75
1800.81
1800.88
1800.93
1800.98
1801.02
1801.05
1801.07
1801.08
1801.09
1801.08
1801.06
1801.04
1801
1800.96
1800.91
1800.84
1800.76
1800.67
1800.57
1800.45
1800.32
1800.18
1800.02
1799.85
1799.66
1799.46
1799.24
1799.01
1798.77
1798.51
1798.24
1797.95
1797.65
1797.33
1797
1796.65
1796.28
1795.89
1795.49
1795.07
1794.63
1794.17
1793.69
1793.18
1792.66
1792.12
1791.55
1790.97
1790.36
1789.72
1789.06
1788.38
1787.67
1786.93
1786.16
1785.37
1784.55
1783.7
1782.81
1781.89
1780.95
1779.96
1778.94
1777.88
1776.79
1775.65
1774.48
1773.25
1771.99
1770.68
1769.31
1767.9
1766.43
1764.91
1763.33
1761.69
1759.99
1758.22
1756.38
1754.46
1752.47
1750.39
1748.23
1745.97
1743.62
1741.16
1738.59
1735.91
1733.1
1730.15
1727.05
1723.8
1720.38
1716.78
1712.97
1708.94
1704.68
1700.13
1695.3
1690.12
1684.56
1678.56
1672.05
1664.94
1657.12
1648.4
1638.59
1627.31
1614.06
1598.25
1578.64
1801.05
1800.08
1800.3
1800.39
1800.48
1800.57
1800.64
1800.71
1800.78
1800.84
1800.9
1800.96
1801
1801.04
1801.08
1801.1
1801.11
1801.12
1801.11
1801.1
1801.07
1801.04
1800.99
1800.94
1800.87
1800.79
1800.7
1800.6
1800.48
1800.34
1800.2
1800.04
1799.86
1799.67
1799.47
1799.26
1799.03
1798.78
1798.52
1798.24
1797.95
1797.65
1797.33
1796.99
1796.64
1796.27
1795.89
1795.49
1795.07
1794.63
1794.17
1793.69
1793.19
1792.67
1792.13
1791.57
1790.98
1790.37
1789.73
1789.08
1788.39
1787.68
1786.95
1786.18
1785.39
1784.57
1783.71
1782.83
1781.91
1780.96
1779.98
1778.96
1777.9
1776.81
1775.67
1774.5
1773.28
1772.01
1770.7
1769.34
1767.93
1766.46
1764.94
1763.36
1761.72
1760.02
1758.25
1756.41
1754.5
1752.5
1750.43
1748.27
1746.01
1743.66
1741.21
1738.64
1735.96
1733.15
1730.2
1727.11
1723.87
1720.45
1716.85
1713.05
1709.02
1704.76
1700.22
1695.39
1690.21
1684.66
1678.66
1672.17
1665.05
1657.24
1648.5
1638.68
1627.33
1613.98
1597.88
1577.77
1801.05
1800.09
1800.33
1800.42
1800.52
1800.61
1800.68
1800.75
1800.81
1800.87
1800.93
1800.98
1801.03
1801.07
1801.1
1801.13
1801.14
1801.15
1801.14
1801.13
1801.1
1801.07
1801.02
1800.97
1800.9
1800.82
1800.73
1800.62
1800.5
1800.36
1800.22
1800.05
1799.88
1799.69
1799.49
1799.27
1799.04
1798.79
1798.53
1798.25
1797.96
1797.65
1797.32
1796.99
1796.63
1796.27
1795.88
1795.48
1795.07
1794.63
1794.18
1793.7
1793.2
1792.68
1792.14
1791.58
1790.99
1790.38
1789.75
1789.09
1788.41
1787.7
1786.96
1786.2
1785.41
1784.58
1783.73
1782.85
1781.93
1780.98
1780
1778.98
1777.93
1776.83
1775.7
1774.52
1773.3
1772.04
1770.73
1769.37
1767.96
1766.49
1764.97
1763.39
1761.76
1760.05
1758.28
1756.44
1754.53
1752.54
1750.47
1748.31
1746.05
1743.71
1741.25
1738.69
1736.01
1733.2
1730.26
1727.17
1723.93
1720.52
1716.92
1713.12
1709.1
1704.84
1700.31
1695.48
1690.31
1684.76
1678.77
1672.28
1665.17
1657.36
1648.61
1638.77
1627.36
1613.9
1597.51
1576.89
1801.05
1800.11
1800.36
1800.45
1800.56
1800.65
1800.72
1800.79
1800.85
1800.9
1800.95
1801
1801.05
1801.09
1801.13
1801.16
1801.17
1801.18
1801.18
1801.16
1801.13
1801.1
1801.05
1801
1800.93
1800.85
1800.75
1800.65
1800.52
1800.38
1800.23
1800.07
1799.89
1799.7
1799.5
1799.28
1799.05
1798.8
1798.54
1798.26
1797.96
1797.65
1797.32
1796.98
1796.63
1796.26
1795.88
1795.48
1795.07
1794.63
1794.18
1793.71
1793.21
1792.69
1792.15
1791.59
1791.01
1790.4
1789.76
1789.1
1788.42
1787.71
1786.98
1786.22
1785.42
1784.6
1783.75
1782.87
1781.95
1781.01
1780.02
1779
1777.95
1776.85
1775.72
1774.54
1773.33
1772.06
1770.75
1769.39
1767.98
1766.52
1765
1763.43
1761.79
1760.09
1758.32
1756.48
1754.57
1752.58
1750.51
1748.35
1746.1
1743.75
1741.3
1738.74
1736.06
1733.26
1730.32
1727.24
1723.99
1720.59
1716.99
1713.2
1709.18
1704.93
1700.4
1695.58
1690.41
1684.87
1678.88
1672.4
1665.28
1657.48
1648.72
1638.87
1627.4
1613.84
1597.16
1575.99
1801.06
1800.13
1800.38
1800.48
1800.59
1800.68
1800.76
1800.82
1800.87
1800.93
1800.98
1801.02
1801.07
1801.11
1801.15
1801.18
1801.2
1801.21
1801.2
1801.19
1801.16
1801.12
1801.08
1801.02
1800.96
1800.88
1800.78
1800.67
1800.54
1800.4
1800.25
1800.09
1799.91
1799.72
1799.51
1799.3
1799.06
1798.81
1798.55
1798.26
1797.96
1797.65
1797.32
1796.98
1796.63
1796.26
1795.88
1795.48
1795.07
1794.64
1794.19
1793.72
1793.22
1792.71
1792.17
1791.6
1791.02
1790.41
1789.78
1789.12
1788.44
1787.73
1786.99
1786.23
1785.44
1784.62
1783.77
1782.89
1781.97
1781.03
1780.04
1779.02
1777.97
1776.88
1775.74
1774.57
1773.35
1772.09
1770.78
1769.42
1768.01
1766.55
1765.03
1763.46
1761.82
1760.12
1758.35
1756.52
1754.6
1752.62
1750.54
1748.39
1746.14
1743.8
1741.35
1738.79
1736.11
1733.31
1730.38
1727.3
1724.06
1720.66
1717.06
1713.28
1709.26
1705.01
1700.49
1695.67
1690.51
1684.98
1678.99
1672.51
1665.4
1657.6
1648.84
1638.98
1627.46
1613.8
1596.81
1575.09
1801.06
1800.14
1800.4
1800.51
1800.63
1800.72
1800.79
1800.85
1800.9
1800.95
1801
1801.04
1801.09
1801.13
1801.18
1801.21
1801.23
1801.23
1801.23
1801.21
1801.19
1801.15
1801.11
1801.05
1800.98
1800.9
1800.8
1800.69
1800.57
1800.42
1800.27
1800.1
1799.92
1799.73
1799.53
1799.31
1799.07
1798.82
1798.55
1798.27
1797.97
1797.65
1797.32
1796.98
1796.62
1796.26
1795.88
1795.48
1795.07
1794.64
1794.19
1793.72
1793.23
1792.72
1792.18
1791.62
1791.03
1790.42
1789.79
1789.13
1788.45
1787.74
1787.01
1786.25
1785.46
1784.64
1783.79
1782.91
1782
1781.05
1780.06
1779.05
1777.99
1776.9
1775.77
1774.59
1773.38
1772.11
1770.81
1769.45
1768.04
1766.58
1765.07
1763.49
1761.85
1760.16
1758.39
1756.55
1754.64
1752.65
1750.59
1748.43
1746.18
1743.84
1741.39
1738.84
1736.17
1733.37
1730.44
1727.36
1724.13
1720.73
1717.14
1713.35
1709.34
1705.1
1700.58
1695.77
1690.61
1685.09
1679.1
1672.63
1665.53
1657.73
1648.97
1639.1
1627.52
1613.77
1596.49
1574.18
1801.06
1800.15
1800.42
1800.53
1800.66
1800.75
1800.82
1800.88
1800.93
1800.97
1801.02
1801.06
1801.11
1801.15
1801.2
1801.23
1801.25
1801.26
1801.26
1801.24
1801.21
1801.18
1801.13
1801.08
1801.01
1800.93
1800.83
1800.72
1800.59
1800.44
1800.29
1800.12
1799.94
1799.75
1799.54
1799.32
1799.08
1798.83
1798.56
1798.28
1797.97
1797.65
1797.32
1796.98
1796.62
1796.25
1795.87
1795.48
1795.07
1794.65
1794.2
1793.73
1793.24
1792.73
1792.19
1791.63
1791.05
1790.44
1789.81
1789.15
1788.47
1787.76
1787.03
1786.27
1785.48
1784.66
1783.81
1782.93
1782.02
1781.07
1780.09
1779.07
1778.01
1776.92
1775.79
1774.62
1773.4
1772.14
1770.83
1769.48
1768.07
1766.61
1765.1
1763.52
1761.89
1760.19
1758.42
1756.59
1754.68
1752.69
1750.63
1748.47
1746.23
1743.89
1741.44
1738.89
1736.22
1733.43
1730.5
1727.43
1724.19
1720.8
1717.21
1713.43
1709.43
1705.19
1700.67
1695.87
1690.71
1685.19
1679.22
1672.76
1665.65
1657.87
1649.1
1639.22
1627.6
1613.75
1596.18
1573.27
1801.06
1800.17
1800.44
1800.56
1800.68
1800.78
1800.85
1800.91
1800.95
1801
1801.04
1801.08
1801.12
1801.17
1801.21
1801.25
1801.27
1801.28
1801.28
1801.26
1801.24
1801.2
1801.15
1801.1
1801.03
1800.95
1800.85
1800.74
1800.61
1800.46
1800.3
1800.13
1799.95
1799.76
1799.55
1799.33
1799.1
1798.84
1798.57
1798.28
1797.98
1797.66
1797.32
1796.98
1796.62
1796.25
1795.87
1795.48
1795.07
1794.65
1794.21
1793.74
1793.25
1792.74
1792.21
1791.65
1791.06
1790.45
1789.82
1789.16
1788.48
1787.78
1787.05
1786.29
1785.5
1784.68
1783.83
1782.95
1782.04
1781.09
1780.11
1779.09
1778.04
1776.94
1775.81
1774.64
1773.43
1772.17
1770.86
1769.51
1768.1
1766.64
1765.13
1763.56
1761.92
1760.23
1758.46
1756.63
1754.72
1752.73
1750.67
1748.52
1746.27
1743.94
1741.49
1738.94
1736.28
1733.49
1730.56
1727.49
1724.26
1720.87
1717.29
1713.51
1709.51
1705.28
1700.76
1695.96
1690.81
1685.3
1679.33
1672.88
1665.78
1658
1649.23
1639.34
1627.69
1613.76
1595.89
1572.36
1801.06
1800.18
1800.46
1800.58
1800.71
1800.8
1800.88
1800.93
1800.98
1801.01
1801.05
1801.09
1801.14
1801.19
1801.23
1801.27
1801.29
1801.3
1801.3
1801.28
1801.26
1801.22
1801.18
1801.12
1801.05
1800.97
1800.87
1800.76
1800.63
1800.48
1800.32
1800.15
1799.97
1799.77
1799.56
1799.34
1799.11
1798.85
1798.58
1798.29
1797.98
1797.66
1797.33
1796.98
1796.62
1796.25
1795.87
1795.48
1795.08
1794.65
1794.21
1793.75
1793.26
1792.75
1792.22
1791.66
1791.08
1790.47
1789.84
1789.18
1788.5
1787.79
1787.06
1786.3
1785.52
1784.7
1783.85
1782.97
1782.06
1781.11
1780.13
1779.11
1778.06
1776.97
1775.84
1774.67
1773.45
1772.19
1770.89
1769.54
1768.13
1766.67
1765.16
1763.59
1761.96
1760.26
1758.5
1756.66
1754.76
1752.77
1750.71
1748.56
1746.32
1743.98
1741.54
1739
1736.33
1733.54
1730.62
1727.55
1724.33
1720.94
1717.36
1713.59
1709.59
1705.36
1700.85
1696.06
1690.92
1685.41
1679.45
1673
1665.91
1658.13
1649.37
1639.48
1627.79
1613.78
1595.63
1571.47
1801.06
1800.19
1800.48
1800.6
1800.73
1800.83
1800.9
1800.95
1801
1801.03
1801.07
1801.11
1801.15
1801.2
1801.25
1801.29
1801.31
1801.32
1801.32
1801.3
1801.28
1801.24
1801.2
1801.14
1801.08
1800.99
1800.89
1800.78
1800.64
1800.5
1800.34
1800.16
1799.98
1799.78
1799.58
1799.36
1799.12
1798.86
1798.59
1798.3
1797.99
1797.67
1797.33
1796.98
1796.62
1796.25
1795.87
1795.48
1795.08
1794.66
1794.22
1793.76
1793.27
1792.77
1792.23
1791.67
1791.09
1790.48
1789.85
1789.2
1788.52
1787.81
1787.08
1786.32
1785.54
1784.72
1783.87
1782.99
1782.08
1781.13
1780.15
1779.14
1778.08
1776.99
1775.86
1774.69
1773.48
1772.22
1770.92
1769.56
1768.16
1766.71
1765.19
1763.62
1761.99
1760.3
1758.53
1756.7
1754.8
1752.82
1750.75
1748.6
1746.36
1744.03
1741.59
1739.05
1736.39
1733.6
1730.68
1727.62
1724.4
1721.01
1717.44
1713.67
1709.67
1705.45
1700.95
1696.16
1691.02
1685.52
1679.56
1673.12
1666.04
1658.27
1649.51
1639.62
1627.91
1613.82
1595.39
1570.59
1801.06
1800.2
1800.49
1800.62
1800.75
1800.85
1800.92
1800.97
1801.01
1801.05
1801.08
1801.12
1801.17
1801.22
1801.26
1801.3
1801.33
1801.34
1801.34
1801.32
1801.3
1801.26
1801.22
1801.16
1801.1
1801.01
1800.91
1800.8
1800.66
1800.51
1800.35
1800.18
1799.99
1799.79
1799.59
1799.37
1799.13
1798.87
1798.6
1798.31
1798
1797.67
1797.33
1796.98
1796.62
1796.25
1795.88
1795.49
1795.08
1794.67
1794.23
1793.77
1793.28
1792.78
1792.24
1791.69
1791.1
1790.5
1789.87
1789.21
1788.53
1787.83
1787.1
1786.34
1785.55
1784.74
1783.89
1783.01
1782.1
1781.15
1780.17
1779.16
1778.11
1777.02
1775.89
1774.72
1773.5
1772.25
1770.94
1769.59
1768.19
1766.74
1765.23
1763.66
1762.03
1760.33
1758.57
1756.74
1754.84
1752.86
1750.8
1748.65
1746.41
1744.08
1741.64
1739.1
1736.44
1733.66
1730.74
1727.68
1724.46
1721.08
1717.51
1713.75
1709.76
1705.54
1701.04
1696.26
1691.12
1685.63
1679.68
1673.25
1666.17
1658.41
1649.65
1639.76
1628.03
1613.87
1595.17
1569.72
1801.06
1800.21
1800.5
1800.63
1800.77
1800.87
1800.94
1800.99
1801.03
1801.07
1801.1
1801.14
1801.18
1801.23
1801.28
1801.32
1801.34
1801.36
1801.36
1801.34
1801.32
1801.28
1801.24
1801.18
1801.11
1801.03
1800.93
1800.81
1800.68
1800.53
1800.36
1800.19
1800
1799.81
1799.6
1799.38
1799.14
1798.88
1798.61
1798.31
1798
1797.67
1797.33
1796.98
1796.62
1796.26
1795.88
1795.49
1795.09
1794.67
1794.23
1793.78
1793.29
1792.79
1792.26
1791.7
1791.12
1790.51
1789.88
1789.23
1788.55
1787.84
1787.11
1786.36
1785.57
1784.76
1783.91
1783.03
1782.12
1781.18
1780.2
1779.18
1778.13
1777.04
1775.91
1774.74
1773.53
1772.27
1770.97
1769.62
1768.22
1766.77
1765.26
1763.69
1762.06
1760.37
1758.61
1756.78
1754.88
1752.9
1750.84
1748.69
1746.46
1744.13
1741.7
1739.16
1736.5
1733.72
1730.8
1727.75
1724.53
1721.15
1717.59
1713.83
1709.84
1705.63
1701.13
1696.36
1691.23
1685.74
1679.79
1673.37
1666.3
1658.55
1649.8
1639.91
1628.16
1613.94
1594.99
1568.88
1801.06
1800.22
1800.51
1800.65
1800.79
1800.89
1800.96
1801.01
1801.05
1801.08
1801.11
1801.15
1801.19
1801.24
1801.29
1801.33
1801.36
1801.37
1801.37
1801.36
1801.33
1801.3
1801.25
1801.2
1801.13
1801.05
1800.95
1800.83
1800.69
1800.54
1800.38
1800.2
1800.01
1799.82
1799.61
1799.38
1799.15
1798.89
1798.61
1798.32
1798.01
1797.68
1797.34
1796.99
1796.63
1796.26
1795.88
1795.49
1795.09
1794.68
1794.24
1793.79
1793.3
1792.8
1792.27
1791.71
1791.13
1790.52
1789.89
1789.24
1788.56
1787.86
1787.13
1786.37
1785.59
1784.78
1783.93
1783.05
1782.14
1781.2
1780.22
1779.2
1778.15
1777.06
1775.93
1774.77
1773.55
1772.3
1771
1769.65
1768.25
1766.8
1765.29
1763.73
1762.1
1760.41
1758.65
1756.82
1754.92
1752.94
1750.88
1748.74
1746.51
1744.18
1741.75
1739.21
1736.55
1733.78
1730.86
1727.81
1724.6
1721.22
1717.66
1713.91
1709.92
1705.71
1701.22
1696.45
1691.33
1685.85
1679.91
1673.49
1666.43
1658.69
1649.95
1640.06
1628.31
1614.03
1594.83
1568.05
1801.06
1800.23
1800.52
1800.66
1800.8
1800.9
1800.97
1801.02
1801.06
1801.09
1801.12
1801.16
1801.2
1801.25
1801.3
1801.34
1801.37
1801.39
1801.39
1801.37
1801.35
1801.31
1801.27
1801.21
1801.15
1801.06
1800.96
1800.84
1800.71
1800.55
1800.39
1800.21
1800.02
1799.82
1799.62
1799.39
1799.15
1798.9
1798.62
1798.33
1798.01
1797.68
1797.34
1796.99
1796.63
1796.26
1795.88
1795.5
1795.1
1794.68
1794.25
1793.79
1793.31
1792.81
1792.28
1791.72
1791.14
1790.54
1789.91
1789.25
1788.58
1787.87
1787.15
1786.39
1785.61
1784.79
1783.95
1783.07
1782.16
1781.22
1780.24
1779.22
1778.17
1777.08
1775.96
1774.79
1773.58
1772.33
1771.03
1769.68
1768.28
1766.83
1765.33
1763.76
1762.13
1760.44
1758.69
1756.86
1754.96
1752.99
1750.93
1748.79
1746.55
1744.23
1741.8
1739.26
1736.61
1733.84
1730.92
1727.88
1724.66
1721.29
1717.73
1713.98
1710
1705.8
1701.31
1696.55
1691.43
1685.96
1680.02
1673.62
1666.56
1658.83
1650.1
1640.21
1628.46
1614.14
1594.71
1567.26
1801.05
1800.23
1800.52
1800.67
1800.81
1800.91
1800.99
1801.04
1801.07
1801.1
1801.14
1801.17
1801.21
1801.26
1801.31
1801.36
1801.39
1801.4
1801.4
1801.39
1801.36
1801.33
1801.28
1801.23
1801.16
1801.08
1800.97
1800.85
1800.72
1800.56
1800.4
1800.22
1800.03
1799.83
1799.62
1799.4
1799.16
1798.9
1798.63
1798.33
1798.02
1797.69
1797.34
1796.99
1796.63
1796.26
1795.88
1795.5
1795.1
1794.69
1794.26
1793.8
1793.32
1792.82
1792.29
1791.74
1791.15
1790.55
1789.92
1789.27
1788.59
1787.89
1787.16
1786.41
1785.62
1784.81
1783.97
1783.09
1782.18
1781.24
1780.26
1779.24
1778.19
1777.11
1775.98
1774.81
1773.61
1772.35
1771.06
1769.71
1768.31
1766.87
1765.36
1763.8
1762.17
1760.48
1758.73
1756.9
1755
1753.03
1750.97
1748.83
1746.6
1744.28
1741.85
1739.32
1736.66
1733.89
1730.98
1727.94
1724.73
1721.36
1717.8
1714.06
1710.08
1705.88
1701.4
1696.64
1691.53
1686.07
1680.14
1673.74
1666.69
1658.97
1650.25
1640.37
1628.62
1614.25
1594.62
1566.49
1801.05
1800.24
1800.53
1800.68
1800.82
1800.92
1801
1801.05
1801.09
1801.12
1801.15
1801.18
1801.22
1801.27
1801.32
1801.37
1801.4
1801.41
1801.42
1801.4
1801.38
1801.34
1801.3
1801.24
1801.17
1801.09
1800.99
1800.87
1800.73
1800.57
1800.41
1800.23
1800.04
1799.84
1799.63
1799.41
1799.17
1798.91
1798.63
1798.34
1798.02
1797.69
1797.35
1796.99
1796.63
1796.26
1795.89
1795.5
1795.11
1794.69
1794.26
1793.81
1793.33
1792.83
1792.3
1791.75
1791.17
1790.56
1789.93
1789.28
1788.6
1787.9
1787.18
1786.42
1785.64
1784.83
1783.98
1783.11
1782.2
1781.26
1780.28
1779.27
1778.22
1777.13
1776
1774.84
1773.63
1772.38
1771.08
1769.74
1768.35
1766.9
1765.39
1763.83
1762.21
1760.52
1758.76
1756.94
1755.04
1753.07
1751.01
1748.88
1746.65
1744.32
1741.9
1739.37
1736.72
1733.95
1731.04
1728
1724.79
1721.43
1717.88
1714.13
1710.16
1705.97
1701.49
1696.74
1691.63
1686.17
1680.25
1673.86
1666.83
1659.11
1650.4
1640.52
1628.79
1614.39
1594.57
1565.77
1801.05
1800.24
1800.53
1800.68
1800.83
1800.94
1801.01
1801.06
1801.1
1801.13
1801.15
1801.19
1801.23
1801.28
1801.33
1801.37
1801.41
1801.42
1801.43
1801.41
1801.39
1801.35
1801.31
1801.25
1801.18
1801.1
1801
1800.88
1800.74
1800.58
1800.41
1800.23
1800.04
1799.85
1799.64
1799.41
1799.17
1798.92
1798.64
1798.34
1798.03
1797.7
1797.35
1797
1796.63
1796.27
1795.89
1795.51
1795.11
1794.7
1794.27
1793.82
1793.34
1792.84
1792.31
1791.76
1791.18
1790.57
1789.95
1789.29
1788.62
1787.92
1787.19
1786.44
1785.66
1784.84
1784
1783.13
1782.22
1781.28
1780.3
1779.29
1778.24
1777.15
1776.03
1774.86
1773.66
1772.41
1771.11
1769.77
1768.38
1766.93
1765.43
1763.87
1762.24
1760.56
1758.8
1756.98
1755.08
1753.11
1751.06
1748.92
1746.69
1744.37
1741.95
1739.42
1736.77
1734
1731.1
1728.06
1724.86
1721.5
1717.95
1714.21
1710.24
1706.05
1701.58
1696.83
1691.73
1686.28
1680.37
1673.98
1666.96
1659.25
1650.55
1640.69
1628.96
1614.54
1594.55
1565.09
1801.04
1800.25
1800.54
1800.69
1800.84
1800.94
1801.02
1801.07
1801.11
1801.13
1801.16
1801.2
1801.24
1801.29
1801.34
1801.38
1801.41
1801.43
1801.43
1801.42
1801.4
1801.36
1801.32
1801.26
1801.19
1801.11
1801.01
1800.88
1800.75
1800.59
1800.42
1800.24
1800.05
1799.85
1799.64
1799.42
1799.18
1798.92
1798.65
1798.35
1798.03
1797.7
1797.35
1797
1796.64
1796.27
1795.89
1795.51
1795.11
1794.7
1794.27
1793.82
1793.35
1792.85
1792.32
1791.77
1791.19
1790.58
1789.96
1789.31
1788.63
1787.93
1787.21
1786.45
1785.67
1784.86
1784.02
1783.14
1782.24
1781.29
1780.32
1779.31
1778.26
1777.17
1776.05
1774.89
1773.68
1772.43
1771.14
1769.8
1768.41
1766.96
1765.46
1763.9
1762.28
1760.59
1758.84
1757.02
1755.12
1753.15
1751.1
1748.96
1746.73
1744.42
1741.99
1739.47
1736.82
1734.06
1731.16
1728.12
1724.92
1721.56
1718.02
1714.28
1710.32
1706.14
1701.67
1696.93
1691.83
1686.39
1680.48
1674.1
1667.09
1659.39
1650.7
1640.85
1629.14
1614.7
1594.58
1564.48
1801.04
1800.25
1800.54
1800.69
1800.84
1800.95
1801.03
1801.08
1801.11
1801.14
1801.17
1801.2
1801.24
1801.29
1801.34
1801.39
1801.42
1801.44
1801.44
1801.43
1801.4
1801.37
1801.32
1801.27
1801.2
1801.11
1801.01
1800.89
1800.75
1800.6
1800.43
1800.25
1800.06
1799.86
1799.65
1799.42
1799.19
1798.93
1798.65
1798.35
1798.04
1797.7
1797.36
1797
1796.64
1796.27
1795.89
1795.51
1795.12
1794.71
1794.28
1793.83
1793.35
1792.85
1792.33
1791.78
1791.2
1790.59
1789.97
1789.32
1788.64
1787.94
1787.22
1786.47
1785.69
1784.88
1784.04
1783.16
1782.25
1781.31
1780.34
1779.33
1778.28
1777.2
1776.07
1774.91
1773.71
1772.46
1771.17
1769.83
1768.44
1766.99
1765.49
1763.93
1762.31
1760.62
1758.87
1757.05
1755.16
1753.19
1751.13
1749
1746.78
1744.46
1742.04
1739.51
1736.87
1734.11
1731.21
1728.18
1724.98
1721.63
1718.09
1714.36
1710.4
1706.22
1701.76
1697.02
1691.93
1686.49
1680.59
1674.22
1667.22
1659.53
1650.86
1641.02
1629.33
1614.89
1594.64
1563.96
1801.03
1800.26
1800.54
1800.7
1800.85
1800.96
1801.03
1801.09
1801.12
1801.15
1801.18
1801.21
1801.25
1801.3
1801.35
1801.39
1801.42
1801.44
1801.45
1801.43
1801.41
1801.37
1801.33
1801.27
1801.21
1801.12
1801.02
1800.9
1800.76
1800.6
1800.43
1800.25
1800.06
1799.86
1799.65
1799.43
1799.19
1798.93
1798.66
1798.36
1798.04
1797.71
1797.36
1797.01
1796.64
1796.27
1795.9
1795.51
1795.12
1794.71
1794.28
1793.83
1793.36
1792.86
1792.34
1791.78
1791.21
1790.61
1789.98
1789.33
1788.66
1787.96
1787.23
1786.48
1785.7
1784.89
1784.05
1783.18
1782.27
1781.33
1780.36
1779.35
1778.3
1777.22
1776.1
1774.94
1773.73
1772.49
1771.2
1769.86
1768.46
1767.02
1765.52
1763.96
1762.34
1760.66
1758.9
1757.08
1755.19
1753.22
1751.17
1749.04
1746.82
1744.5
1742.08
1739.56
1736.92
1734.16
1731.27
1728.24
1725.05
1721.7
1718.16
1714.43
1710.48
1706.3
1701.84
1697.11
1692.02
1686.59
1680.7
1674.34
1667.34
1659.67
1651.02
1641.19
1629.52
1615.09
1594.75
1563.56
1801.03
1800.26
1800.54
1800.7
1800.85
1800.96
1801.04
1801.09
1801.13
1801.15
1801.18
1801.21
1801.25
1801.3
1801.35
1801.39
1801.43
1801.45
1801.45
1801.44
1801.41
1801.38
1801.33
1801.28
1801.21
1801.13
1801.03
1800.9
1800.77
1800.61
1800.44
1800.26
1800.07
1799.87
1799.66
1799.43
1799.2
1798.94
1798.66
1798.36
1798.05
1797.71
1797.37
1797.01
1796.65
1796.28
1795.9
1795.52
1795.12
1794.72
1794.29
1793.84
1793.37
1792.87
1792.35
1791.79
1791.22
1790.62
1789.99
1789.34
1788.67
1787.97
1787.25
1786.5
1785.72
1784.91
1784.07
1783.2
1782.29
1781.35
1780.38
1779.37
1778.32
1777.24
1776.12
1774.96
1773.76
1772.51
1771.22
1769.88
1768.49
1767.05
1765.55
1763.99
1762.37
1760.68
1758.93
1757.12
1755.22
1753.26
1751.21
1749.08
1746.85
1744.54
1742.12
1739.6
1736.96
1734.21
1731.32
1728.3
1725.11
1721.76
1718.23
1714.5
1710.55
1706.38
1701.92
1697.19
1692.11
1686.69
1680.8
1674.45
1667.47
1659.8
1651.17
1641.36
1629.72
1615.3
1594.9
1563.32
1801.02
1800.26
1800.54
1800.7
1800.85
1800.97
1801.05
1801.1
1801.13
1801.16
1801.19
1801.21
1801.25
1801.3
1801.35
1801.4
1801.43
1801.45
1801.45
1801.44
1801.42
1801.38
1801.34
1801.28
1801.22
1801.13
1801.03
1800.91
1800.77
1800.62
1800.45
1800.26
1800.07
1799.87
1799.66
1799.44
1799.2
1798.95
1798.67
1798.37
1798.05
1797.72
1797.37
1797.01
1796.65
1796.28
1795.91
1795.52
1795.13
1794.72
1794.3
1793.85
1793.38
1792.88
1792.36
1791.8
1791.23
1790.63
1790
1789.35
1788.68
1787.99
1787.26
1786.51
1785.74
1784.93
1784.09
1783.22
1782.31
1781.37
1780.4
1779.39
1778.35
1777.27
1776.15
1774.99
1773.78
1772.54
1771.25
1769.91
1768.51
1767.07
1765.57
1764.01
1762.39
1760.71
1758.96
1757.15
1755.25
1753.29
1751.24
1749.11
1746.89
1744.58
1742.16
1739.64
1737.01
1734.26
1731.38
1728.36
1725.17
1721.82
1718.29
1714.57
1710.62
1706.45
1701.99
1697.27
1692.19
1686.77
1680.89
1674.56
1667.59
1659.94
1651.32
1641.53
1629.92
1615.52
1595.07
1563.25
1801.02
1800.26
1800.53
1800.7
1800.86
1800.97
1801.05
1801.1
1801.14
1801.16
1801.19
1801.22
1801.25
1801.3
1801.35
1801.39
1801.43
1801.45
1801.46
1801.44
1801.42
1801.39
1801.34
1801.29
1801.22
1801.14
1801.04
1800.92
1800.78
1800.62
1800.45
1800.27
1800.08
1799.88
1799.67
1799.45
1799.21
1798.95
1798.67
1798.38
1798.06
1797.72
1797.38
1797.02
1796.66
1796.29
1795.91
1795.53
1795.14
1794.73
1794.3
1793.86
1793.39
1792.89
1792.37
1791.82
1791.24
1790.64
1790.02
1789.37
1788.7
1788
1787.28
1786.53
1785.75
1784.95
1784.11
1783.24
1782.33
1781.4
1780.42
1779.41
1778.37
1777.29
1776.17
1775.01
1773.81
1772.56
1771.27
1769.93
1768.54
1767.09
1765.59
1764.04
1762.42
1760.74
1758.99
1757.17
1755.28
1753.32
1751.27
1749.14
1746.92
1744.61
1742.2
1739.68
1737.05
1734.31
1731.42
1728.4
1725.21
1721.87
1718.34
1714.62
1710.67
1706.5
1702.05
1697.33
1692.26
1686.84
1680.96
1674.63
1667.67
1660.02
1651.42
1641.64
1630.05
1615.66
1595.18
1563.33
1801.01
1800.27
1800.53
1800.7
1800.86
1800.97
1801.05
1801.11
1801.14
1801.17
1801.19
1801.22
1801.26
1801.3
1801.35
1801.39
1801.43
1801.45
1801.46
1801.45
1801.42
1801.39
1801.35
1801.29
1801.23
1801.14
1801.04
1800.92
1800.78
1800.63
1800.46
1800.28
1800.09
1799.89
1799.68
1799.45
1799.22
1798.96
1798.68
1798.38
1798.07
1797.73
1797.38
1797.03
1796.66
1796.29
1795.92
1795.54
1795.14
1794.74
1794.31
1793.87
1793.4
1792.9
1792.38
1791.83
1791.25
1790.65
1790.03
1789.38
1788.71
1788.02
1787.3
1786.55
1785.77
1784.97
1784.13
1783.26
1782.36
1781.42
1780.44
1779.44
1778.39
1777.31
1776.19
1775.03
1773.83
1772.58
1771.29
1769.95
1768.56
1767.12
1765.62
1764.06
1762.45
1760.76
1759.02
1757.2
1755.31
1753.35
1751.3
1749.18
1746.96
1744.65
1742.24
1739.72
1737.09
1734.35
1731.46
1728.44
1725.25
1721.91
1718.38
1714.66
1710.72
1706.56
1702.11
1697.4
1692.33
1686.92
1681.05
1674.73
1667.77
1660.13
1651.54
1641.77
1630.2
1615.83
1595.31
1563.66
1801
1800.27
1800.53
1800.7
1800.86
1800.97
1801.06
1801.11
1801.15
1801.17
1801.19
1801.22
1801.25
1801.3
1801.35
1801.39
1801.43
1801.45
1801.46
1801.45
1801.43
1801.39
1801.35
1801.3
1801.23
1801.15
1801.05
1800.93
1800.79
1800.63
1800.46
1800.28
1800.09
1799.89
1799.68
1799.46
1799.22
1798.97
1798.69
1798.39
1798.07
1797.74
1797.39
1797.03
1796.67
1796.3
1795.93
1795.55
1795.15
1794.75
1794.32
1793.88
1793.41
1792.91
1792.39
1791.84
1791.27
1790.67
1790.05
1789.4
1788.73
1788.03
1787.31
1786.57
1785.79
1784.98
1784.15
1783.28
1782.38
1781.44
1780.47
1779.46
1778.41
1777.33
1776.21
1775.05
1773.85
1772.6
1771.31
1769.97
1768.58
1767.14
1765.64
1764.08
1762.47
1760.79
1759.04
1757.23
1755.34
1753.38
1751.33
1749.2
1746.98
1744.67
1742.25
1739.74
1737.1
1734.35
1731.45
1728.43
1725.24
1721.9
1718.37
1714.65
1710.71
1706.54
1702.1
1697.38
1692.32
1686.91
1681.04
1674.71
1667.75
1660.11
1651.52
1641.75
1630.18
1615.8
1595.28
1563.84
1800.99
1800.27
1800.52
1800.7
1800.85
1800.97
1801.06
1801.11
1801.15
1801.17
1801.19
1801.22
1801.25
1801.3
1801.35
1801.39
1801.43
1801.45
1801.46
1801.45
1801.43
1801.4
1801.35
1801.3
1801.23
1801.15
1801.05
1800.94
1800.8
1800.64
1800.47
1800.29
1800.1
1799.9
1799.69
1799.47
1799.23
1798.98
1798.7
1798.4
1798.09
1797.75
1797.4
1797.05
1796.68
1796.31
1795.94
1795.56
1795.17
1794.76
1794.34
1793.89
1793.42
1792.93
1792.41
1791.86
1791.28
1790.69
1790.06
1789.42
1788.75
1788.05
1787.33
1786.58
1785.81
1785
1784.17
1783.3
1782.4
1781.46
1780.49
1779.48
1778.44
1777.35
1776.23
1775.07
1773.87
1772.62
1771.33
1769.99
1768.6
1767.16
1765.67
1764.11
1762.5
1760.82
1759.07
1757.26
1755.37
1753.41
1751.37
1749.24
1747.02
1744.71
1742.3
1739.79
1737.16
1734.39
1731.5
1728.48
1725.3
1721.96
1718.43
1714.72
1710.78
1706.62
1702.18
1697.47
1692.42
1687.02
1681.16
1674.83
1667.87
1660.24
1651.66
1641.9
1630.37
1616.03
1595.51
1564.45
1800.98
1800.27
1800.52
1800.69
1800.85
1800.97
1801.06
1801.11
1801.15
1801.17
1801.19
1801.22
1801.25
1801.3
1801.35
1801.39
1801.43
1801.45
1801.46
1801.45
1801.43
1801.4
1801.36
1801.3
1801.24
1801.16
1801.06
1800.94
1800.8
1800.65
1800.48
1800.3
1800.11
1799.91
1799.7
1799.48
1799.24
1798.99
1798.71
1798.41
1798.1
1797.76
1797.41
1797.06
1796.69
1796.33
1795.95
1795.57
1795.18
1794.77
1794.35
1793.9
1793.44
1792.94
1792.42
1791.87
1791.3
1790.7
1790.08
1789.43
1788.76
1788.07
1787.35
1786.6
1785.83
1785.02
1784.19
1783.32
1782.42
1781.48
1780.51
1779.5
1778.44
1777.34
1776.22
1775.06
1773.85
1772.6
1771.31
1769.97
1768.58
1767.13
1765.64
1764.08
1762.46
1760.78
1759.03
1757.22
1755.33
1753.36
1751.32
1749.19
1746.98
1744.67
1742.26
1739.75
1737.12
1734.36
1731.47
1728.45
1725.26
1721.93
1718.4
1714.69
1710.75
1706.59
1702.15
1697.44
1692.38
1686.98
1681.12
1674.79
1667.84
1660.21
1651.64
1641.89
1630.37
1616.09
1595.51
1565
1800.96
1800.28
1800.51
1800.69
1800.85
1800.97
1801.06
1801.11
1801.15
1801.18
1801.2
1801.22
1801.26
1801.3
1801.35
1801.39
1801.43
1801.45
1801.46
1801.45
1801.43
1801.4
1801.36
1801.31
1801.24
1801.16
1801.07
1800.95
1800.81
1800.66
1800.49
1800.31
1800.12
1799.92
1799.71
1799.49
1799.26
1799
1798.72
1798.43
1798.11
1797.78
1797.43
1797.07
1796.71
1796.34
1795.97
1795.59
1795.19
1794.79
1794.37
1793.92
1793.45
1792.96
1792.44
1791.89
1791.32
1790.72
1790.1
1789.45
1788.78
1788.09
1787.37
1786.62
1785.85
1785.05
1784.21
1783.34
1782.44
1781.51
1780.54
1779.54
1778.49
1777.4
1776.28
1775.12
1773.92
1772.67
1771.38
1770.05
1768.66
1767.22
1765.72
1764.17
1762.56
1760.88
1759.14
1757.33
1755.44
1753.48
1751.44
1749.32
1747.11
1744.81
1742.4
1739.9
1737.27
1734.52
1731.63
1728.61
1725.43
1722.1
1718.58
1714.88
1710.95
1706.8
1702.37
1697.68
1692.64
1687.25
1681.41
1675.1
1668.18
1660.57
1652.03
1642.32
1630.87
1616.73
1596.3
1567.04
1575.02
1571.7
1568.26
1564.64
1560.86
1556.89
1552.74
1548.37
1543.82
1539.05
1534.12
1529.04
1523.58
1517.91
1511.93
1505.56
1499
1492.23
1485.19
1477.88
1470.28
1462.4
1454.22
1445.76
1437.03
1428.01
1418.73
1409.18
1399.37
1389.32
1379.03
1368.51
1357.78
1346.85
1335.74
1324.45
1313
1301.41
1289.69
1277.85
1265.91
1253.88
1241.77
1229.61
1217.4
1205.15
1192.88
1180.6
1168.32
1156.06
1143.8
1131.53
1119.26
1106.92
1094.48
1081.9
1069.16
1056.33
1043.5
1031.08
1019.05
1007.49
996.707
986.388
976.756
968.206
960.422
953.24
947.72
943.237
939.699
936.301
936.385
938.087
941.675
947.01
954.654
963.047
969.91
978.001
1574.82
1571.48
1568.01
1564.37
1560.55
1556.55
1552.35
1547.95
1543.32
1538.46
1533.33
1528.13
1522.72
1517.05
1510.99
1504.67
1498.07
1491.21
1484.08
1476.68
1468.99
1461.02
1452.76
1444.22
1435.4
1426.31
1416.95
1407.33
1397.46
1387.35
1377.01
1366.44
1355.68
1344.71
1333.57
1322.26
1310.8
1299.2
1287.48
1275.64
1263.71
1251.7
1239.61
1227.47
1215.28
1203.06
1190.82
1178.57
1166.3
1154.02
1141.72
1129.35
1116.92
1104.39
1091.78
1079.13
1066.56
1054.23
1042.35
1030.87
1019.83
1009.03
998.739
989.365
980.208
971.935
965.156
958.554
953.224
949.966
948.272
947.88
949.49
952.451
954.515
957.139
959.647
962.445
965.701
971.959
1574.5
1571.12
1567.61
1563.91
1560.04
1555.99
1551.73
1547.27
1542.59
1537.7
1532.59
1527.19
1521.63
1515.78
1509.61
1503.2
1496.49
1489.49
1482.22
1474.67
1466.85
1458.75
1450.36
1441.7
1432.76
1423.55
1414.08
1404.36
1394.39
1384.19
1373.77
1363.14
1352.31
1341.29
1330.11
1318.76
1307.27
1295.65
1283.92
1272.07
1260.14
1248.13
1236.05
1223.93
1211.75
1199.55
1187.32
1175.05
1162.75
1150.38
1137.94
1125.39
1112.73
1100.06
1087.46
1075.1
1063.26
1051.95
1041.27
1030.76
1020.75
1011.36
1001.93
993.772
986.418
978.853
973.552
969.364
964.502
963.863
963.663
962.719
964.422
965.431
964.581
964.493
964.609
963.923
963.915
965.174
1574.04
1570.59
1567.02
1563.25
1559.3
1555.16
1550.81
1546.25
1541.48
1536.48
1531.24
1525.67
1519.9
1513.84
1507.55
1501
1494.13
1486.95
1479.49
1471.75
1463.74
1455.45
1446.88
1438.04
1428.92
1419.55
1409.92
1400.05
1389.95
1379.63
1369.09
1358.37
1347.45
1336.37
1325.12
1313.74
1302.21
1290.57
1278.83
1266.98
1255.06
1243.07
1231.02
1218.92
1206.77
1194.58
1182.34
1170.03
1157.62
1145.1
1132.45
1119.8
1107.15
1094.8
1082.96
1071.71
1061.32
1051.29
1041.64
1032.41
1023.34
1015.55
1008.04
1000.73
995.929
990.517
986.694
985.853
982.812
982.294
982.295
979.298
978.162
976.849
974.197
971.192
969.127
966.483
964.546
962.829
1573.44
1569.92
1566.26
1562.4
1558.34
1554.09
1549.61
1544.92
1539.99
1534.83
1529.42
1523.68
1517.71
1511.43
1504.91
1498.13
1491.04
1483.64
1475.95
1467.97
1459.71
1451.18
1442.37
1433.3
1423.97
1414.39
1404.57
1394.52
1384.26
1373.78
1363.12
1352.28
1341.27
1330.1
1318.8
1307.36
1295.8
1284.14
1272.39
1260.55
1248.64
1236.67
1224.64
1212.55
1200.4
1188.18
1175.85
1163.41
1150.83
1138.22
1125.55
1113.2
1101.34
1090.05
1079.81
1070.08
1060.79
1052.1
1043.46
1035.95
1028.74
1022.13
1017.46
1012.02
1009.23
1007.48
1004.37
1004.19
1002.56
999.125
997.309
994.012
989.492
985.704
981.736
977.647
973.824
970.076
966.77
962.905
1572.73
1569.1
1565.34
1561.36
1557.18
1552.78
1548.15
1543.28
1538.17
1532.81
1527.18
1521.27
1515.01
1508.47
1501.67
1494.61
1487.25
1479.57
1471.59
1463.32
1454.77
1445.95
1436.86
1427.52
1417.94
1408.11
1398.07
1387.81
1377.36
1366.72
1355.91
1344.95
1333.83
1322.58
1311.21
1299.72
1288.13
1276.45
1264.69
1252.86
1240.96
1229
1216.97
1204.86
1192.66
1180.32
1167.85
1155.3
1142.71
1130.39
1118.49
1107.23
1097.14
1087.6
1078.62
1070.43
1062.03
1054.84
1048.19
1042
1037.52
1032.71
1030.51
1028.49
1026.11
1025.76
1023.38
1020.21
1017.85
1013.7
1008.96
1004.68
999.812
994.676
989.592
984.876
980.233
975.709
971.469
964.923
1571.91
1568.16
1564.27
1560.15
1555.82
1551.25
1546.43
1541.36
1536.02
1530.42
1524.54
1518.36
1511.8
1504.95
1497.83
1490.43
1482.74
1474.73
1466.42
1457.81
1448.93
1439.77
1430.36
1420.71
1410.84
1400.74
1390.45
1379.96
1369.31
1358.49
1347.52
1336.42
1325.19
1313.85
1302.4
1290.87
1279.24
1267.55
1255.78
1243.95
1232.04
1220.06
1207.98
1195.79
1183.48
1171.04
1158.61
1146.36
1134.5
1123.36
1113.32
1103.89
1095.34
1087.51
1079.35
1072.66
1066.29
1060.29
1056.4
1052.02
1049.91
1048.67
1046.53
1045.66
1043.48
1040.58
1037.72
1033.38
1028.75
1024.3
1019.3
1013.94
1008.63
1003.39
997.963
992.465
986.898
981.429
976.494
968.249
1570.98
1567.09
1563.06
1558.78
1554.27
1549.49
1544.46
1539.14
1533.54
1527.66
1521.51
1514.98
1508.08
1500.88
1493.38
1485.59
1477.51
1469.12
1460.43
1451.44
1442.17
1432.65
1422.88
1412.89
1402.69
1392.31
1381.74
1371.02
1360.14
1349.13
1338
1326.76
1315.41
1303.98
1292.47
1280.88
1269.22
1257.5
1245.71
1233.85
1221.9
1209.85
1197.69
1185.39
1173.08
1160.89
1149.1
1138.06
1128.02
1118.92
1110.99
1103.37
1095.77
1089.56
1083.19
1077.73
1074.15
1069.74
1068.38
1067.22
1064.81
1064.55
1062.68
1059.26
1056.48
1052.5
1047.91
1043.46
1038.56
1033.27
1028.07
1022.82
1017.23
1011.47
1005.63
999.707
993.66
987.422
981.903
972.603
1569.96
1565.91
1561.72
1557.25
1552.52
1547.52
1542.23
1536.63
1530.73
1524.53
1518.04
1511.1
1503.82
1496.22
1488.3
1480.07
1471.54
1462.71
1453.59
1444.17
1434.49
1424.57
1414.41
1404.06
1393.52
1382.82
1371.98
1361
1349.9
1338.7
1327.4
1316.02
1304.57
1293.04
1281.46
1269.81
1258.11
1246.35
1234.51
1222.59
1210.58
1198.46
1186.35
1174.31
1162.61
1151.77
1141.73
1132.81
1125.05
1117.56
1110.88
1105.08
1098.85
1094.32
1090.52
1086.54
1086.02
1084.01
1082.38
1082.33
1079.51
1076.59
1074.37
1070.32
1065.84
1061.74
1057.05
1051.93
1046.93
1041.77
1036.19
1030.47
1024.64
1018.67
1012.45
1006.11
999.7
993.107
987.25
977.199
1568.85
1564.61
1560.24
1555.56
1550.59
1545.32
1539.74
1533.82
1527.58
1521.04
1514.09
1506.72
1499
1490.95
1482.56
1473.84
1464.81
1455.48
1445.88
1436
1425.87
1415.51
1404.95
1394.22
1383.33
1372.31
1361.18
1349.94
1338.62
1327.23
1315.77
1304.25
1292.68
1281.07
1269.4
1257.7
1245.93
1234.11
1222.21
1210.21
1198.25
1186.28
1174.66
1163.75
1153.74
1145.23
1137.92
1131.02
1125.08
1119.24
1113.39
1109.54
1105.41
1102.76
1102.19
1099.75
1099.46
1098.68
1095.24
1093.45
1090.85
1086.54
1082.67
1078.86
1074.38
1069.55
1064.8
1059.82
1054.44
1048.89
1043.19
1037.27
1031.12
1024.83
1018.43
1011.94
1005.34
998.482
992.34
981.789
1567.65
1563.21
1558.63
1553.7
1548.47
1542.9
1536.98
1530.7
1524.08
1517.1
1509.65
1501.8
1493.6
1485.03
1476.11
1466.85
1457.27
1447.41
1437.27
1426.89
1416.28
1405.48
1394.5
1383.37
1372.13
1360.78
1349.36
1337.87
1326.33
1314.74
1303.12
1291.47
1279.78
1268.08
1256.34
1244.54
1232.74
1220.86
1209.02
1197.28
1185.83
1175.06
1165.16
1156.67
1149.21
1142.47
1137.04
1131.74
1127
1123.4
1119.21
1117.68
1116.39
1114.69
1115.13
1113.27
1110.7
1109.43
1105.98
1102.1
1098.77
1094.86
1090.52
1086
1081.53
1076.84
1071.71
1066.38
1060.9
1055.17
1049.19
1043.06
1036.78
1030.36
1023.77
1017.06
1010.3
1003.3
997.01
986.068
1566.37
1561.71
1556.89
1551.69
1546.15
1540.23
1533.93
1527.25
1520.2
1512.69
1504.71
1496.33
1487.57
1478.42
1468.91
1459.06
1448.89
1438.44
1427.74
1416.82
1405.71
1394.44
1383.03
1371.51
1359.9
1348.24
1336.53
1324.79
1313.03
1301.26
1289.48
1277.69
1265.91
1254.09
1242.28
1230.45
1218.63
1206.95
1195.47
1184.69
1174.6
1166.08
1159.16
1153.45
1148.5
1143.34
1139
1135.26
1131.99
1131.1
1129.45
1128.98
1129.18
1126.65
1125.45
1123.87
1120.03
1117.19
1113.94
1109.92
1105.93
1101.66
1097.36
1092.86
1087.92
1082.82
1077.61
1072.14
1066.4
1060.49
1054.41
1048.16
1041.72
1035.14
1028.43
1021.62
1014.74
1007.58
1001.15
989.975
1565.01
1560.1
1555.02
1549.51
1543.62
1537.31
1530.59
1523.44
1515.89
1507.78
1499.22
1490.24
1480.85
1471.07
1460.92
1450.41
1439.61
1428.53
1417.24
1405.75
1394.13
1382.37
1370.54
1358.62
1346.67
1334.69
1322.7
1310.72
1298.75
1286.8
1274.88
1262.96
1251.08
1239.22
1227.41
1215.82
1204.48
1193.76
1184.01
1175.47
1168.19
1162.08
1157.15
1152.92
1149.65
1146.29
1143.65
1142.45
1141.07
1141.56
1141.17
1139.4
1139.05
1136.73
1133.43
1131.24
1127.8
1124.06
1120.53
1116.53
1112.44
1108.11
1103.34
1098.46
1093.46
1088.2
1082.67
1076.99
1071.16
1065.15
1058.93
1052.56
1046.01
1039.33
1032.51
1025.58
1018.6
1011.35
1004.84
993.462
1563.58
1558.38
1553.01
1547.15
1540.87
1534.12
1526.92
1519.28
1511.08
1502.34
1493.13
1483.48
1473.4
1462.91
1452.05
1440.85
1429.37
1417.65
1405.73
1393.68
1381.51
1369.29
1357
1344.72
1332.41
1320.14
1307.88
1295.66
1283.5
1271.37
1259.33
1247.34
1235.39
1223.72
1212.22
1201.29
1191.26
1182.36
1175.28
1170.03
1165.96
1162.27
1158.72
1155.3
1153.35
1152.59
1152.18
1152.91
1151.9
1151.17
1150.93
1148.19
1146.19
1144.14
1140.6
1137.41
1134.14
1130.38
1126.56
1122.48
1118.04
1113.42
1108.63
1103.54
1098.19
1092.71
1087.1
1081.31
1075.31
1069.15
1062.81
1056.34
1049.71
1042.95
1036.07
1029.07
1022
1014.63
1008.02
996.52
1562.07
1556.55
1550.85
1544.6
1537.88
1530.63
1522.89
1514.65
1505.75
1496.31
1486.38
1475.98
1465.13
1453.88
1442.25
1430.32
1418.12
1405.73
1393.17
1380.55
1367.84
1355.15
1342.44
1329.77
1317.14
1304.55
1292.07
1279.61
1267.3
1255.07
1242.94
1231.13
1219.54
1208.63
1198.67
1189.86
1182.61
1176.71
1171.87
1168.39
1166.12
1163.88
1162.21
1160.83
1160.92
1161.88
1161.56
1161.87
1161.21
1158.8
1157.66
1155.27
1152.24
1149.83
1146.74
1143.3
1139.73
1135.89
1131.8
1127.5
1122.98
1118.15
1113.05
1107.82
1102.42
1096.8
1090.97
1084.99
1078.86
1072.59
1066.17
1059.62
1052.91
1046.08
1039.12
1032.06
1024.92
1017.49
1010.82
999.184
1560.49
1554.62
1548.55
1541.85
1534.63
1526.83
1518.49
1509.5
1499.85
1489.64
1478.91
1467.67
1455.98
1443.89
1431.45
1418.73
1405.8
1392.71
1379.54
1366.32
1353.12
1339.92
1326.83
1313.76
1300.83
1287.97
1275.24
1262.68
1250.22
1238.09
1226.18
1214.78
1204.44
1194.94
1187.11
1181.58
1177.72
1175.12
1172.7
1170.11
1168.5
1168.45
1169.33
1169.91
1169.98
1170.7
1169.76
1168.59
1168.01
1165.49
1163.15
1160.94
1157.93
1155.07
1151.95
1148.45
1144.71
1140.66
1136.39
1131.87
1127.12
1122.19
1117.05
1111.66
1106.04
1100.27
1094.33
1088.24
1081.98
1075.58
1069.04
1062.41
1055.65
1048.79
1041.78
1034.64
1027.42
1019.91
1013.2
1001.5
1558.84
1552.57
1546.08
1538.89
1531.09
1522.66
1513.62
1503.8
1493.32
1482.25
1470.61
1458.46
1445.86
1432.86
1419.58
1406.03
1392.36
1378.57
1364.78
1350.99
1337.27
1323.64
1310.1
1296.72
1283.47
1270.42
1257.53
1245
1232.74
1221.1
1210.51
1200.8
1193.34
1187.07
1181.99
1178.63
1176.69
1175.53
1174.51
1174.08
1174.74
1175.71
1177.15
1178.3
1177.53
1177.05
1176.24
1174.02
1172.83
1170.95
1168.27
1165.83
1162.91
1159.77
1156.5
1152.86
1148.94
1144.77
1140.33
1135.68
1130.82
1125.73
1120.41
1114.92
1109.23
1103.34
1097.25
1091.01
1084.63
1078.16
1071.57
1064.86
1058.02
1051.06
1043.98
1036.81
1029.57
1022.03
1015.26
1003.46
1557.11
1550.4
1543.44
1535.67
1527.23
1518.1
1508.21
1497.49
1486.09
1474.04
1461.42
1448.26
1434.67
1420.74
1406.53
1392.17
1377.72
1363.27
1348.85
1334.52
1320.29
1306.22
1292.32
1278.62
1265.17
1252.02
1239.26
1227.02
1215.6
1205.15
1196.4
1189.66
1185.09
1182.73
1181.49
1179.77
1178.13
1178.43
1179.8
1181.33
1183.05
1183.43
1183.83
1184.41
1183.75
1182.18
1181.3
1179.19
1177.18
1175.44
1172.94
1170.22
1167.25
1163.92
1160.4
1156.66
1152.63
1148.33
1143.78
1139
1133.99
1128.8
1123.39
1117.77
1111.93
1105.92
1099.75
1093.45
1086.99
1080.41
1073.71
1066.92
1060.02
1053.02
1045.89
1038.65
1031.34
1023.76
1016.98
1005.15
1555.32
1548.09
1540.61
1532.19
1523.02
1513.07
1502.19
1490.48
1478.04
1464.92
1451.19
1436.96
1422.32
1407.38
1392.27
1377.07
1361.86
1346.74
1331.71
1316.84
1302.16
1287.66
1273.48
1259.59
1246.13
1233.31
1221.3
1210.39
1201.4
1194.22
1188.67
1185.34
1182.44
1181.87
1181.83
1182.15
1182.83
1184.5
1186.62
1188.29
1189.43
1189.59
1188.91
1188.51
1188.35
1186.66
1185.37
1183.74
1181.41
1179.3
1176.86
1174.03
1170.93
1167.53
1163.86
1159.95
1155.8
1151.41
1146.77
1141.89
1136.78
1131.45
1125.9
1120.18
1114.27
1108.18
1101.92
1095.52
1088.98
1082.34
1075.58
1068.71
1061.72
1054.63
1047.44
1040.17
1032.86
1025.26
1018.43
1006.53
1553.44
1545.63
1537.55
1528.39
1518.37
1507.47
1495.51
1482.69
1469.08
1454.76
1439.84
1424.45
1408.69
1392.76
1376.68
1360.67
1344.73
1328.93
1313.33
1297.94
1282.84
1268.1
1253.71
1240.07
1226.96
1215.12
1204.68
1195.84
1189.65
1186.47
1184.91
1184.51
1183.41
1183.65
1185.11
1187.83
1189.77
1191.61
1192.75
1193.67
1194.22
1194.34
1193.52
1192.33
1192.13
1190.75
1189.09
1187.59
1185.27
1182.8
1180.2
1177.31
1174.15
1170.65
1166.86
1162.83
1158.56
1154.07
1149.34
1144.37
1139.16
1133.73
1128.09
1122.26
1116.25
1110.08
1103.77
1097.32
1090.72
1084
1077.14
1070.19
1063.13
1056
1048.77
1041.45
1034.08
1026.44
1019.6
1007.69
1551.47
1543.01
1534.24
1524.23
1513.31
1501.2
1488.06
1473.98
1459.06
1443.42
1427.24
1410.57
1393.74
1376.68
1359.77
1342.88
1326.26
1309.79
1293.64
1277.87
1262.43
1247.76
1233.59
1220.89
1209.52
1200.33
1193.4
1188.69
1185.17
1184.03
1184.3
1184.92
1186.32
1188.3
1190.7
1193.68
1195.56
1196.93
1197.21
1197.71
1197.86
1197.77
1197.49
1196.08
1195.34
1194.23
1192.42
1190.75
1188.56
1185.94
1183.16
1180.14
1176.88
1173.33
1169.47
1165.32
1160.95
1156.36
1151.54
1146.49
1141.2
1135.67
1129.94
1124.03
1117.95
1111.72
1105.34
1098.83
1092.17
1085.39
1078.48
1071.46
1064.33
1057.13
1049.85
1042.5
1035.11
1027.44
1020.58
1008.62
1549.43
1540.2
1530.63
1519.68
1507.59
1494.21
1479.7
1464.21
1447.84
1430.78
1413.19
1395.28
1377.24
1359.21
1341.36
1323.73
1306.32
1289.36
1272.68
1256.78
1241.38
1227.22
1214.32
1203.16
1194.39
1188.33
1185.3
1185.47
1185.21
1184.84
1186.01
1188.51
1191.97
1194.39
1196.59
1198.36
1199.72
1200.94
1201.05
1201.32
1201.24
1200.8
1200.73
1199.62
1198.29
1197.12
1195.35
1193.47
1191.31
1188.7
1185.77
1182.61
1179.23
1175.59
1171.66
1167.47
1163.01
1158.32
1153.4
1148.26
1142.89
1137.31
1131.51
1125.53
1119.38
1113.09
1106.66
1100.09
1093.38
1086.54
1079.56
1072.49
1065.32
1058.09
1050.77
1043.38
1035.96
1028.26
1021.4
1009.45
1547.29
1537.18
1526.69
1514.59
1501.19
1486.35
1470.32
1453.22
1435.24
1416.65
1397.59
1378.4
1359.18
1340.17
1321.44
1303.01
1285.03
1267.55
1250.8
1235.12
1220.67
1208.31
1198.72
1191.37
1186.84
1183.92
1183.52
1184.2
1185.94
1188.17
1190.83
1193.64
1197.02
1198.96
1200.9
1201.81
1202.77
1204.04
1204.3
1204.32
1204.37
1203.66
1203.3
1202.59
1201.04
1199.59
1197.86
1195.87
1193.66
1191.05
1188.06
1184.77
1181.26
1177.54
1173.57
1169.32
1164.79
1160.01
1155
1149.78
1144.34
1138.7
1132.85
1126.82
1120.63
1114.28
1107.79
1101.17
1094.41
1087.53
1080.52
1073.42
1066.21
1058.94
1051.6
1044.19
1036.75
1029.05
1022.18
1010.25
1545.05
1533.91
1522.31
1508.98
1493.97
1477.48
1459.68
1440.83
1421.07
1400.87
1380.26
1359.84
1339.4
1319.56
1299.85
1280.86
1262.29
1244.95
1228.57
1214.14
1201.76
1192.04
1185.78
1182.98
1183.52
1183.5
1183.93
1186.09
1189.57
1193.46
1196.07
1198.28
1200.65
1202.29
1204.15
1204.89
1205.58
1206.72
1207.13
1206.97
1207.03
1206.29
1205.53
1204.93
1203.5
1201.82
1200.02
1197.94
1195.65
1193.02
1189.99
1186.62
1183.01
1179.19
1175.15
1170.86
1166.28
1161.42
1156.32
1151.01
1145.51
1139.83
1133.94
1127.88
1121.64
1115.24
1108.7
1102.03
1095.22
1088.28
1081.24
1074.1
1066.87
1059.56
1052.17
1044.7
1037.22
1029.47
1022.57
1010.58
1542.7
1530.36
1517.48
1502.57
1485.81
1467.36
1447.64
1426.73
1405.18
1383.18
1361.16
1339.37
1317.96
1297.11
1276.7
1257.3
1238.7
1222.36
1207.79
1196.57
1189.03
1183.82
1180.95
1181.09
1182.07
1184.49
1187.36
1190.74
1194
1197.65
1199.79
1201.79
1203.43
1204.91
1206.73
1207.56
1208.11
1209
1209.53
1209.3
1209.21
1208.7
1207.6
1206.83
1205.57
1203.84
1201.93
1199.77
1197.36
1194.67
1191.63
1188.23
1184.55
1180.64
1176.54
1172.19
1167.55
1162.63
1157.46
1152.09
1146.54
1140.82
1134.91
1128.82
1122.55
1116.12
1109.53
1102.81
1095.96
1088.99
1081.92
1074.76
1067.49
1060.14
1052.7
1045.18
1037.66
1029.87
1022.94
1010.9
1540.2
1526.46
1511.96
1495.27
1476.44
1455.81
1433.85
1410.79
1387.22
1363.54
1340
1317.07
1294.6
1273.01
1252.01
1233.09
1215.69
1201.17
1190.02
1182.35
1179.45
1180
1180.22
1181.24
1184.12
1188.17
1192.07
1195.06
1197.5
1200.45
1202.52
1204.65
1206.01
1207.27
1208.97
1209.88
1210.37
1211.03
1211.56
1211.32
1211.05
1210.7
1209.51
1208.48
1207.27
1205.59
1203.61
1201.34
1198.82
1196.06
1193
1189.6
1185.87
1181.9
1177.71
1173.28
1168.59
1163.63
1158.42
1153
1147.4
1141.63
1135.69
1129.57
1123.27
1116.79
1110.15
1103.37
1096.46
1089.46
1082.35
1075.14
1067.83
1060.43
1052.96
1045.42
1037.89
1030.1
1023.17
1011.13
1537.52
1522.13
1505.79
1486.87
1465.64
1442.46
1418.08
1392.59
1367.14
1341.59
1316.86
1292.65
1269.49
1247.37
1226.77
1209.43
1196.15
1185.64
1180.63
1177.07
1177.15
1178.29
1181.26
1184.67
1188.52
1192.04
1195.67
1198.08
1200.23
1202.69
1204.75
1207.02
1208.31
1209.39
1210.91
1211.83
1212.37
1212.89
1213.38
1213.14
1212.71
1212.37
1211.3
1210.06
1208.78
1207.1
1205.08
1202.74
1200.12
1197.28
1194.19
1190.78
1187.04
1183.02
1178.74
1174.25
1169.51
1164.54
1159.31
1153.86
1148.21
1142.4
1136.42
1130.26
1123.92
1117.4
1110.7
1103.86
1096.9
1089.85
1082.7
1075.45
1068.11
1060.68
1053.18
1045.64
1038.1
1030.32
1023.41
1011.4
1534.61
1517.32
1498.63
1477.13
1453.04
1427.05
1399.95
1371.92
1344.66
1317.25
1291.5
1266.35
1242.5
1221.41
1203.1
1188.81
1179.6
1174.54
1175.21
1175.65
1177.06
1180.39
1184.89
1188.92
1192.25
1194.92
1198.08
1200.44
1202.71
1204.83
1206.78
1209.03
1210.34
1211.34
1212.66
1213.53
1214.12
1214.57
1214.94
1214.71
1214.16
1213.79
1212.83
1211.5
1210.09
1208.36
1206.29
1203.9
1201.23
1198.32
1195.17
1191.74
1188
1183.93
1179.57
1174.99
1170.18
1165.16
1159.9
1154.4
1148.7
1142.83
1136.79
1130.58
1124.18
1117.6
1110.86
1103.98
1096.98
1089.88
1082.69
1075.41
1068.04
1060.62
1053.12
1045.57
1038.02
1030.21
1023.26
1011.21
1531.35
1511.77
1490.28
1465.69
1438.29
1409.16
1379.06
1348.72
1319.36
1290.85
1263.67
1238.65
1215.32
1196.86
1185.27
1176.73
1172.5
1172.02
1173.1
1176.39
1180.31
1184.53
1188.4
1192.06
1194.84
1197.2
1200.06
1202.5
1204.95
1206.83
1208.59
1210.75
1212.09
1213.12
1214.29
1215.06
1215.66
1216.08
1216.32
1216.08
1215.45
1215.02
1214.12
1212.75
1211.19
1209.37
1207.26
1204.86
1202.17
1199.21
1196.03
1192.6
1188.86
1184.76
1180.33
1175.64
1170.74
1165.65
1160.33
1154.8
1149.06
1143.14
1137.04
1130.78
1124.35
1117.75
1110.99
1104.09
1097.08
1089.97
1082.75
1075.44
1068.05
1060.62
1053.14
1045.59
1038.04
1030.22
1023.26
1011.22
1527.57
1505.5
1480.42
1452.18
1420.8
1388.46
1354.93
1322.79
1291.24
1262.21
1234.3
1210.41
1191.37
1177.01
1170.51
1169.58
1170.39
1171.79
1175.13
1179.88
1184.3
1187.95
1190.86
1194.14
1196.8
1199.28
1201.91
1204.29
1206.82
1208.54
1210.13
1212.12
1213.46
1214.59
1215.64
1216.31
1216.87
1217.25
1217.36
1217.12
1216.48
1215.96
1215.04
1213.66
1212.02
1210.12
1207.96
1205.53
1202.79
1199.75
1196.47
1192.95
1189.12
1184.96
1180.49
1175.76
1170.81
1165.67
1160.32
1154.77
1149.03
1143.11
1137.01
1130.74
1124.29
1117.7
1110.94
1104.06
1097.05
1089.93
1082.71
1075.4
1068.01
1060.57
1053.06
1045.5
1037.94
1030.13
1023.19
1011.15
1523.12
1497.93
1468.65
1435.89
1400.13
1364.15
1327.48
1293.64
1260.68
1231.57
1205.26
1185.2
1175.27
1168.5
1165.98
1166.92
1170.34
1174.67
1178.98
1183.03
1186.88
1190.03
1192.59
1195.65
1198.37
1201.04
1203.43
1205.66
1208.18
1209.83
1211.32
1213.13
1214.46
1215.66
1216.68
1217.26
1217.72
1218.07
1218.11
1217.84
1217.2
1216.66
1215.75
1214.4
1212.75
1210.8
1208.58
1206.11
1203.33
1200.24
1196.87
1193.27
1189.4
1185.22
1180.74
1176
1171.03
1165.87
1160.5
1154.95
1149.19
1143.27
1137.15
1130.85
1124.39
1117.78
1111.04
1104.17
1097.17
1090.03
1082.8
1075.52
1068.14
1060.69
1053.18
1045.65
1038.12
1030.34
1023.4
1011.35
1517.57
1488.72
1454.26
1416.18
1375.5
1335.83
1296.46
1261.59
1228.25
1200.71
1180.03
1165.99
1163.09
1163.6
1164.91
1168.23
1173.04
1178
1181.91
1184.9
1188.2
1191.18
1193.84
1196.79
1199.5
1202.31
1204.5
1206.58
1208.98
1210.64
1212.17
1213.81
1215.1
1216.35
1217.38
1217.93
1218.32
1218.57
1218.63
1218.37
1217.86
1217.08
1216.05
1214.72
1213.04
1211.05
1208.8
1206.3
1203.51
1200.43
1197.05
1193.41
1189.5
1185.32
1180.86
1176.13
1171.16
1166
1160.64
1155.08
1149.28
1143.28
1137.09
1130.75
1124.26
1117.64
1110.9
1104.04
1097.04
1089.92
1082.7
1075.39
1068
1060.59
1053.16
1045.69
1038.2
1030.42
1023.46
1011.38
1510.7
1477.13
1436.42
1392.03
1346.28
1303.09
1262.13
1227.1
1196.56
1173.29
1165.21
1159.25
1159.7
1162.68
1166.94
1171.36
1175.65
1179.82
1183.32
1185.99
1189.03
1191.98
1194.88
1197.73
1200.38
1203.22
1205.33
1207.35
1209.62
1211.32
1212.96
1214.5
1215.75
1217.02
1218.08
1218.63
1218.97
1219.17
1219.21
1219.05
1218.44
1217.67
1216.71
1215.44
1213.76
1211.74
1209.45
1206.9
1204.11
1201.03
1197.65
1193.95
1189.97
1185.75
1181.28
1176.55
1171.58
1166.4
1161.04
1155.49
1149.69
1143.66
1137.45
1131.1
1124.62
1118.03
1111.3
1104.46
1097.49
1090.41
1083.22
1075.93
1068.56
1061.2
1053.75
1046.25
1038.74
1030.94
1023.99
1011.91
1501.64
1462.21
1413.76
1362.54
1311.73
1266.33
1225.31
1191.57
1169.04
1153.92
1154.35
1156.49
1159.64
1164.27
1169.51
1173.92
1177.37
1180.98
1184.41
1187.16
1190.08
1193.02
1196.14
1198.93
1201.52
1204.39
1206.52
1208.55
1210.69
1212.5
1214.27
1215.77
1217
1218.26
1219.34
1219.91
1220.22
1220.38
1220.35
1220.19
1219.64
1218.83
1217.74
1216.36
1214.74
1212.81
1210.54
1207.95
1205.09
1201.94
1198.46
1194.68
1190.66
1186.44
1181.98
1177.27
1172.3
1167.09
1161.7
1156.14
1150.38
1144.4
1138.22
1131.87
1125.38
1118.77
1112.04
1105.18
1098.16
1091.02
1083.78
1076.47
1069.09
1061.61
1054.03
1046.4
1038.78
1030.93
1023.95
1011.88
1489.54
1442.41
1384.94
1326.64
1272.16
1226.63
1190.24
1161.82
1154.36
1150.27
1152.42
1156.69
1162.3
1167.72
1172.67
1176.82
1179.79
1182.92
1186.23
1189.31
1192.34
1195.33
1198.57
1201.26
1203.78
1206.49
1208.7
1210.81
1212.81
1214.7
1216.6
1218.06
1219.26
1220.48
1221.54
1222.13
1222.48
1222.67
1222.62
1222.4
1221.84
1220.98
1219.8
1218.45
1216.9
1215
1212.74
1210.16
1207.3
1204.15
1200.65
1196.86
1192.84
1188.61
1184.14
1179.42
1174.43
1169.2
1163.78
1158.18
1152.39
1146.4
1140.22
1133.87
1127.38
1120.79
1114.06
1107.2
1100.19
1093.06
1085.82
1078.51
1071.12
1063.64
1056.06
1048.41
1040.74
1032.83
1025.8
1013.62
1473.46
1416.48
1348.08
1285.54
1230.16
1186.5
1161.14
1146.08
1148.87
1152.9
1157.7
1163.07
1168.5
1172.86
1176.84
1180.7
1183.75
1186.82
1190.16
1193.65
1196.88
1199.87
1203.02
1205.63
1208.14
1210.66
1212.91
1215.11
1217.02
1218.87
1220.78
1222.17
1223.31
1224.57
1225.65
1226.29
1226.68
1226.85
1226.78
1226.46
1225.86
1224.97
1223.79
1222.36
1220.67
1218.68
1216.38
1213.79
1210.92
1207.74
1204.25
1200.49
1196.5
1192.29
1187.82
1183.08
1178.07
1172.81
1167.34
1161.68
1155.83
1149.78
1143.55
1137.16
1130.64
1124
1117.23
1110.32
1103.27
1096.12
1088.85
1081.51
1074.08
1066.59
1059.01
1051.36
1043.67
1035.71
1028.62
1016.32
1452.11
1382.7
1304.88
1241.85
1195.74
1160.42
1150.29
1150.41
1152.81
1159.2
1167.58
1173.19
1177.37
1180.73
1183.98
1187.65
1191.2
1194.62
1198.08
1201.68
1204.7
1207.45
1210.38
1212.99
1215.57
1217.98
1220.25
1222.44
1224.23
1226
1227.8
1229.08
1230.19
1231.32
1232.17
1232.73
1233.05
1233.09
1232.96
1232.55
1231.86
1230.93
1229.7
1228.17
1226.39
1224.33
1221.95
1219.27
1216.29
1213.01
1209.43
1205.58
1201.47
1197.13
1192.53
1187.69
1182.58
1177.23
1171.65
1165.88
1159.91
1153.76
1147.45
1140.98
1134.38
1127.65
1120.77
1113.77
1106.63
1099.39
1092.05
1084.63
1077.11
1069.54
1061.89
1054.18
1046.42
1038.39
1031.2
1018.79
1424.13
1340.73
1260.7
1203.11
1170.01
1155.01
1155.73
1159.97
1168.79
1175.8
1181.49
1185.77
1189.15
1192.45
1195.98
1199.6
1203.17
1206.37
1209.42
1212.67
1215.39
1217.95
1220.55
1222.96
1225.34
1227.4
1229.47
1231.47
1233.03
1234.59
1236.13
1237.2
1238.14
1239.03
1239.57
1240.02
1240.25
1240.08
1239.65
1238.99
1238.07
1236.89
1235.47
1233.77
1231.81
1229.57
1227.05
1224.24
1221.13
1217.77
1214.13
1210.21
1206
1201.52
1196.79
1191.82
1186.59
1181.13
1175.42
1169.5
1163.4
1157.14
1150.72
1144.15
1137.43
1130.56
1123.55
1116.42
1109.17
1101.83
1094.38
1086.86
1079.23
1071.55
1063.8
1056
1048.19
1040.11
1032.92
1020.52
1386.92
1295.82
1232.8
1190.49
1171.22
1168.24
1173.88
1181.31
1186.58
1190.93
1193.89
1196.7
1199.62
1202.63
1205.73
1208.72
1211.85
1214.7
1217.37
1220.12
1222.7
1225.21
1227.41
1229.58
1231.71
1233.51
1235.41
1237.24
1238.71
1240.13
1241.35
1242.38
1243.33
1243.9
1244.27
1244.72
1244.72
1244.58
1244.12
1243.36
1242.37
1241.11
1239.58
1237.76
1235.67
1233.31
1230.65
1227.67
1224.37
1220.79
1216.97
1212.89
1208.56
1203.98
1199.18
1194.15
1188.87
1183.36
1177.59
1171.61
1165.44
1159.13
1152.65
1146.02
1139.22
1132.26
1125.15
1117.95
1110.63
1103.22
1095.7
1088.09
1080.4
1072.64
1064.82
1056.96
1049.14
1041.09
1033.97
1021.7
1271.04
1147.83
1132.92
1140.6
1162.2
1182.01
1192.42
1199.21
1200.15
1200.34
1201.07
1203.3
1206.21
1209.11
1211.54
1213.89
1216.86
1219.59
1222.04
1224.44
1226.82
1229.31
1231.13
1233.08
1235.1
1236.64
1238.42
1240.16
1241.46
1242.74
1243.81
1244.73
1245.64
1246.05
1246.24
1246.64
1246.57
1246.23
1245.64
1244.76
1243.62
1242.25
1240.64
1238.72
1236.51
1234.05
1231.3
1228.16
1224.65
1220.85
1216.84
1212.62
1208.15
1203.42
1198.47
1193.34
1187.97
1182.36
1176.48
1170.39
1164.14
1157.76
1151.21
1144.51
1137.61
1130.58
1123.43
1116.2
1108.85
1101.41
1093.86
1086.24
1078.51
1070.75
1062.92
1055.06
1047.19
1039.07
1031.84
1019.38
)
;

boundaryField
{
    inlet
    {
        type            fixedValue;
        value           uniform 1800;
    }
    outlet
    {
        type            zeroGradient;
    }
    axis
    {
        type            symmetryPlane;
    }
    wall
    {
        type            zeroGradient;
    }
    frontAndBack
    {
        type            empty;
    }
}


// ************************************************************************* //
