/*--------------------------------*- C++ -*----------------------------------*\
  =========                 |
  \\      /  F ield         | OpenFOAM: The Open Source CFD Toolbox
   \\    /   O peration     | Website:  https://openfoam.org
    \\  /    A nd           | Version:  13
     \\/     M anipulation  |
\*---------------------------------------------------------------------------*/
FoamFile
{
    format      ascii;
    class       surfaceScalarField;
    location    "0.4";
    object      phi;
}
// * * * * * * * * * * * * * * * * * * * * * * * * * * * * * * * * * * * * * //

dimensions      [0 3 -1 0 0 0 0];

internalField   nonuniform List<scalar> 
3938
(
6.39974e-06
-6.39974e-06
1.19911e-05
-5.59133e-06
1.54007e-05
-3.40959e-06
-2.38391e-07
1.56391e-05
-2.10345e-06
-4.29629e-06
-5.15407e-06
-2.54071e-06
-9.20736e-06
6.437e-07
5.11711e-06
-1.45629e-05
-9.37554e-06
5.07925e-06
-1.89511e-05
7.03485e-06
-2.8419e-05
1.01116e-05
1.42141e-05
-3.7516e-05
-1.27244e-05
1.78036e-05
-2.52346e-05
1.9545e-05
-3.70453e-05
2.19223e-05
2.46789e-05
-4.75101e-05
-1.28996e-05
3.07032e-05
-2.5209e-05
3.18544e-05
-3.64455e-05
3.31588e-05
3.43676e-05
-4.61342e-05
-1.1227e-05
4.19302e-05
-2.17069e-05
4.23344e-05
-3.10102e-05
4.24621e-05
4.2313e-05
-3.89556e-05
-8.95299e-06
5.08832e-05
-1.72451e-05
5.06265e-05
-2.45957e-05
4.98127e-05
4.87937e-05
-3.10764e-05
-6.81354e-06
5.76967e-05
-1.32113e-05
5.70243e-05
-1.91267e-05
5.57281e-05
5.44626e-05
-2.47956e-05
-5.0829e-06
6.27796e-05
-1.00456e-05
6.1987e-05
-1.50154e-05
6.06979e-05
5.97392e-05
-2.0292e-05
-3.76396e-06
6.65436e-05
-7.67325e-06
6.58963e-05
-1.19801e-05
6.50048e-05
6.47269e-05
-1.69678e-05
-2.73352e-06
6.92771e-05
-5.82227e-06
6.8985e-05
-9.55528e-06
6.87378e-05
6.93286e-05
-1.4157e-05
-1.80713e-06
7.10842e-05
-4.18639e-06
7.13643e-05
-7.2966e-06
7.1848e-05
7.33551e-05
-1.13231e-05
-7.9535e-07
7.18796e-05
-2.50375e-06
7.30727e-05
-4.84873e-06
7.4193e-05
7.66038e-05
-8.09744e-06
5.10684e-07
7.13689e-05
-4.92133e-07
7.40755e-05
-1.95647e-06
7.56573e-05
7.89238e-05
-4.27648e-06
2.46289e-06
6.8906e-05
1.97609e-06
7.45623e-05
1.52211e-06
7.61113e-05
8.02187e-05
2.2715e-07
4.97246e-06
6.39335e-05
5.19029e-06
7.43445e-05
5.72278e-06
7.55788e-05
8.03338e-05
5.60773e-06
8.13153e-06
5.5802e-05
9.51793e-06
7.29581e-05
1.07654e-05
7.43313e-05
7.92339e-05
1.18653e-05
1.17948e-05
4.40072e-05
1.52571e-05
6.94957e-05
1.68281e-05
7.27604e-05
7.71635e-05
1.88985e-05
1.53603e-05
2.8647e-05
2.21633e-05
6.26927e-05
2.41699e-05
7.07538e-05
7.45797e-05
2.67537e-05
1.78041e-05
1.08428e-05
2.88481e-05
5.16487e-05
3.27289e-05
6.68731e-05
7.14447e-05
3.58638e-05
1.69726e-05
-6.12977e-06
3.13413e-05
3.72801e-05
4.1453e-05
5.67613e-05
6.45488e-05
4.83489e-05
4.55039e-06
-1.06802e-05
2.38689e-05
1.79616e-05
4.50739e-05
3.55562e-05
4.6484e-05
6.31388e-05
-1.06802e-05
7.28141e-06
4.28376e-05
8.93216e-05
4.18127e-06
-4.18127e-06
9.87977e-06
-5.69812e-06
9.72362e-06
1.56253e-07
2.29705e-05
-1.3247e-05
-0.000112742
0.000108561
-0.000211366
9.29253e-05
-0.000272841
6.16324e-05
-2.75385e-05
-0.000222332
-3.0264e-05
0.000138825
-6.92567e-05
0.000131918
-6.85555e-05
6.09312e-05
-3.46278e-05
-6.14662e-05
4.92483e-05
8.95769e-05
0.000100789
8.03773e-05
0.000130993
3.07276e-05
-2.4321e-05
0.000120686
4.18542e-05
4.77228e-05
8.84021e-05
3.38293e-05
0.000114815
4.31431e-06
-1.8674e-05
0.000109168
3.06698e-05
1.70529e-05
6.68162e-05
-2.31712e-06
8.62526e-05
-1.51222e-05
-2.44676e-05
9.20463e-05
2.57713e-05
-8.71844e-06
5.13092e-05
-2.78552e-05
7.15586e-05
-3.53716e-05
-4.07843e-05
8.78752e-05
2.1188e-05
-2.99065e-05
3.8754e-05
-4.54213e-05
5.52329e-05
-5.18507e-05
-6.00734e-05
7.4522e-05
1.57906e-05
-4.56972e-05
2.59519e-05
-5.55828e-05
3.43661e-05
-6.02648e-05
-6.91048e-05
4.33975e-05
1.13486e-05
-5.70459e-05
1.7827e-05
-6.20614e-05
2.35849e-05
-6.6023e-05
-7.26966e-05
2.71769e-05
7.27507e-06
-6.43211e-05
1.1288e-05
-6.60744e-05
1.71996e-05
-7.19347e-05
-8.06175e-05
2.51206e-05
2.87326e-06
-6.71945e-05
3.4613e-06
-6.66624e-05
4.43401e-06
-7.29073e-05
-7.98064e-05
3.62274e-06
-1.14102e-06
-6.60535e-05
-3.45837e-06
-6.43451e-05
-5.67582e-06
-7.069e-05
-7.72694e-05
-8.21276e-06
-4.7238e-06
-6.13295e-05
-1.00203e-05
-5.90485e-05
-1.55407e-05
-6.51696e-05
-7.15201e-05
-2.12901e-05
-7.8824e-06
-5.3447e-05
-1.58618e-05
-5.10692e-05
-2.43581e-05
-5.66732e-05
-6.25514e-05
-3.33267e-05
-1.09672e-05
-4.24799e-05
-2.16897e-05
-4.03468e-05
-3.34493e-05
-4.49136e-05
-5.0099e-05
-4.59015e-05
-1.41497e-05
-2.83303e-05
-2.78235e-05
-2.6673e-05
-4.30605e-05
-2.96766e-05
-3.33165e-05
-5.9843e-05
-1.64131e-05
-1.1917e-05
-3.20914e-05
-1.09946e-05
-4.95026e-05
-1.22654e-05
-1.38241e-05
-6.89949e-05
-1.1917e-05
-2.29117e-05
-3.51771e-05
-4.90012e-05
1.00597e-05
5.57933e-06
-4.10535e-06
1.41651e-05
-2.95331e-05
2.54278e-05
-6.49006e-05
3.53675e-05
-8.92358e-05
2.43352e-05
-6.85857e-05
-2.06502e-05
-4.44735e-05
-2.41122e-05
-3.48537e-05
-9.61983e-06
-2.98714e-05
-4.98235e-06
-2.71351e-05
-2.7363e-06
-2.60037e-05
-1.13144e-06
-2.56475e-05
-3.56278e-07
-2.56518e-05
4.27263e-09
-2.5818e-05
1.66233e-07
-2.60417e-05
2.23709e-07
-2.628e-05
2.38326e-07
-2.6521e-05
2.41051e-07
-2.67706e-05
2.49637e-07
-2.70386e-05
2.67953e-07
-2.73397e-05
3.01069e-07
-2.76841e-05
3.44419e-07
-2.80768e-05
3.92599e-07
-2.85171e-05
4.40231e-07
-2.90005e-05
4.83303e-07
-2.95214e-05
5.20835e-07
-3.00772e-05
5.55812e-07
-3.06718e-05
5.94553e-07
-3.13159e-05
6.44161e-07
-3.20249e-05
7.09001e-07
-3.28136e-05
7.88805e-07
-3.36936e-05
8.80038e-07
-3.46726e-05
9.79058e-07
-3.57544e-05
1.08183e-06
-3.69351e-05
1.18073e-06
-3.81971e-05
1.26211e-06
-3.95098e-05
1.3128e-06
-4.0827e-05
1.31726e-06
-4.20724e-05
1.24544e-06
-4.31452e-05
1.07279e-06
-4.39684e-05
8.23317e-07
-4.45204e-05
5.51972e-07
2.50323e-07
-2.32219e-05
1.42384e-05
-4.01336e-05
3.10767e-05
-6.73111e-05
5.26054e-05
-9.48433e-05
6.28996e-05
-8.37185e-05
1.32104e-05
-7.16311e-05
-3.27375e-05
-7.02299e-05
-2.55134e-05
-6.7707e-05
-1.21428e-05
-6.39993e-05
-8.69008e-06
-6.09394e-05
-5.7963e-06
-5.84435e-05
-3.62734e-06
-5.65058e-05
-2.29401e-06
-5.50374e-05
-1.46415e-06
-5.39311e-05
-9.40009e-07
-5.31074e-05
-5.99938e-07
-5.24956e-05
-3.73368e-07
-5.2035e-05
-2.19571e-07
-5.16873e-05
-9.80557e-08
-5.14076e-05
-1.16997e-08
-5.11763e-05
6.97112e-08
-5.09719e-05
1.39867e-07
-5.07803e-05
2.0084e-07
-5.05957e-05
2.55603e-07
-5.04209e-05
3.08469e-07
-5.0266e-05
3.65829e-07
-5.0145e-05
4.34889e-07
-5.00708e-05
5.20461e-07
-5.00484e-05
6.21836e-07
-5.00712e-05
7.31793e-07
-5.01206e-05
8.38313e-07
-5.01683e-05
9.27867e-07
-5.01776e-05
9.88356e-07
-5.01054e-05
1.00979e-06
-4.99113e-05
9.86831e-07
-4.95697e-05
9.20619e-07
-4.90767e-05
8.19852e-07
-4.84548e-05
6.95513e-07
-4.77667e-05
5.57397e-07
-4.71144e-05
4.2057e-07
-4.65967e-05
3.05609e-07
-4.62552e-05
2.10494e-07
8.85067e-08
-4.69173e-05
2.36396e-05
-5.66225e-05
4.07819e-05
-6.37739e-05
5.97568e-05
-5.64352e-05
5.55609e-05
-4.82588e-05
5.03394e-06
-5.01679e-05
-3.08283e-05
-5.65219e-05
-1.91593e-05
-5.5498e-05
-1.31668e-05
-5.41933e-05
-9.99476e-06
-5.2735e-05
-7.25466e-06
-5.12229e-05
-5.13945e-06
-4.99242e-05
-3.59274e-06
-4.88776e-05
-2.5107e-06
-4.80651e-05
-1.75253e-06
-4.744e-05
-1.22497e-06
-4.69549e-05
-8.58307e-07
-4.65759e-05
-5.98495e-07
-4.62733e-05
-4.00622e-07
-4.60355e-05
-2.49587e-07
-4.58405e-05
-1.2528e-07
-4.56822e-05
-1.84431e-08
-4.55557e-05
7.42667e-08
-4.546e-05
1.59874e-07
-4.53969e-05
2.45419e-07
-4.53694e-05
3.38404e-07
-4.53794e-05
4.4489e-07
-4.54256e-05
5.66778e-07
-4.55036e-05
6.99948e-07
-4.56064e-05
8.34707e-07
-4.57261e-05
9.57973e-07
-4.58535e-05
1.05534e-06
-4.59776e-05
1.11261e-06
-4.6085e-05
1.11728e-06
-4.61622e-05
1.06408e-06
-4.61996e-05
9.58237e-07
-4.61954e-05
8.1576e-07
-4.61565e-05
6.56676e-07
-4.60981e-05
4.9904e-07
-4.60386e-05
3.61091e-07
-4.59924e-05
2.59525e-07
-4.59663e-05
1.84358e-07
8.39899e-08
-5.57852e-05
3.19147e-05
-5.81852e-05
4.31819e-05
-5.09284e-05
5.25001e-05
-3.34986e-05
3.81312e-05
-2.81813e-05
-2.83366e-07
-4.28813e-05
-1.61282e-05
-4.68956e-05
-1.51449e-05
-4.75063e-05
-1.2556e-05
-4.72693e-05
-1.02318e-05
-4.67312e-05
-7.79278e-06
-4.61221e-05
-5.74854e-06
-4.55457e-05
-4.16923e-06
-4.50442e-05
-3.01219e-06
-4.4637e-05
-2.15969e-06
-4.43119e-05
-1.54994e-06
-4.40574e-05
-1.11273e-06
-4.38647e-05
-7.91103e-07
-4.37186e-05
-5.4673e-07
-4.36164e-05
-3.5177e-07
-4.3553e-05
-1.88608e-07
-4.35253e-05
-4.61673e-08
-4.35334e-05
8.23341e-08
-4.35763e-05
2.02884e-07
-4.36524e-05
3.21478e-07
-4.37585e-05
4.44558e-07
-4.38913e-05
5.7785e-07
-4.40482e-05
7.23808e-07
-4.42276e-05
8.79325e-07
-4.44284e-05
1.03557e-06
-4.465e-05
1.17957e-06
-4.48902e-05
1.29563e-06
-4.51436e-05
1.36604e-06
-4.53989e-05
1.37277e-06
-4.56403e-05
1.30558e-06
-4.58502e-05
1.16825e-06
-4.60153e-05
9.80991e-07
-4.61304e-05
7.71826e-07
-4.61977e-05
5.66349e-07
-4.62256e-05
3.89006e-07
-4.62278e-05
2.61835e-07
-4.62204e-05
1.77013e-07
8.18818e-08
-5.32949e-05
3.90754e-05
-5.44753e-05
4.43623e-05
-4.80156e-05
4.60403e-05
-3.75621e-05
2.76777e-05
-3.44464e-05
-3.39903e-06
-4.02817e-05
-1.02926e-05
-4.27728e-05
-1.26536e-05
-4.37762e-05
-1.15526e-05
-4.41791e-05
-9.82887e-06
-4.42074e-05
-7.76457e-06
-4.41262e-05
-5.82985e-06
-4.39911e-05
-4.30436e-06
-4.38583e-05
-3.14496e-06
-4.37309e-05
-2.28703e-06
-4.36115e-05
-1.66931e-06
-4.35069e-05
-1.21726e-06
-4.34187e-05
-8.79208e-07
-4.335e-05
-6.15482e-07
-4.33037e-05
-3.98004e-07
-4.32831e-05
-2.09293e-07
-4.32907e-05
-3.85744e-08
-4.33287e-05
1.20324e-07
-4.3398e-05
2.72178e-07
-4.34979e-05
4.21485e-07
-4.36269e-05
5.73463e-07
-4.37822e-05
7.33269e-07
-4.3962e-05
9.03681e-07
-4.41654e-05
1.08265e-06
-4.43922e-05
1.26243e-06
-4.46425e-05
1.42988e-06
-4.49136e-05
1.56676e-06
-4.51978e-05
1.65041e-06
-4.54814e-05
1.65644e-06
-4.57456e-05
1.56995e-06
-4.5972e-05
1.39476e-06
-4.61484e-05
1.15745e-06
-4.62719e-05
8.95285e-07
-4.63474e-05
6.41774e-07
-4.63863e-05
4.27873e-07
-4.64043e-05
2.79974e-07
-4.64154e-05
1.8823e-07
8.93562e-08
-4.53331e-05
4.5453e-05
-4.86868e-05
4.7716e-05
-4.90847e-05
4.64382e-05
-4.66134e-05
2.52064e-05
-4.34e-05
-6.61237e-06
-4.2267e-05
-1.14253e-05
-4.20107e-05
-1.29099e-05
-4.21302e-05
-1.14332e-05
-4.22429e-05
-9.7162e-06
-4.24132e-05
-7.59435e-06
-4.26548e-05
-5.58843e-06
-4.28906e-05
-4.06859e-06
-4.30644e-05
-2.97117e-06
-4.31689e-05
-2.18261e-06
-4.32129e-05
-1.62522e-06
-4.32239e-05
-1.2063e-06
-4.32149e-05
-8.8813e-07
-4.31954e-05
-6.35072e-07
-4.31778e-05
-4.15672e-07
-4.31727e-05
-2.1445e-07
-4.31883e-05
-2.30593e-08
-4.32305e-05
1.62401e-07
-4.3303e-05
3.44555e-07
-4.3407e-05
5.25516e-07
-4.3542e-05
7.08381e-07
-4.37059e-05
8.97168e-07
-4.3897e-05
1.09475e-06
-4.41144e-05
1.30006e-06
-4.43583e-05
1.50635e-06
-4.46287e-05
1.70034e-06
-4.49231e-05
1.86117e-06
-4.52334e-05
1.96077e-06
-4.55446e-05
1.96777e-06
-4.58368e-05
1.86231e-06
-4.60908e-05
1.64878e-06
-4.62937e-05
1.36044e-06
-4.64419e-05
1.04343e-06
-4.65393e-05
7.39155e-07
-4.65966e-05
4.85253e-07
-4.66289e-05
3.12372e-07
-4.66499e-05
2.09321e-07
1.01033e-07
-3.7129e-05
5.15055e-05
-4.26798e-05
5.32667e-05
-4.8e-05
5.17585e-05
-4.92164e-05
2.64228e-05
-4.51877e-05
-1.0641e-05
-4.22865e-05
-1.43264e-05
-4.09051e-05
-1.42913e-05
-4.02131e-05
-1.21252e-05
-3.99937e-05
-9.93564e-06
-4.02777e-05
-7.3105e-06
-4.09286e-05
-4.93769e-06
-4.1648e-05
-3.34936e-06
-4.22222e-05
-2.39696e-06
-4.2578e-05
-1.82691e-06
-4.27849e-05
-1.41826e-06
-4.2898e-05
-1.09328e-06
-4.2955e-05
-8.31231e-07
-4.29776e-05
-6.12514e-07
-4.29821e-05
-4.11362e-07
-4.29889e-05
-2.07886e-07
-4.30114e-05
-7.27229e-10
-4.30592e-05
2.10083e-07
-4.31384e-05
4.23556e-07
-4.32516e-05
6.38626e-07
-4.33988e-05
8.55507e-07
-4.3578e-05
1.07634e-06
-4.3787e-05
1.30372e-06
-4.40247e-05
1.53777e-06
-4.42917e-05
1.77332e-06
-4.45885e-05
1.9972e-06
-4.4913e-05
2.18579e-06
-4.52571e-05
2.30503e-06
-4.56049e-05
2.31571e-06
-4.5935e-05
2.19246e-06
-4.62261e-05
1.93988e-06
-4.64634e-05
1.59784e-06
-4.66417e-05
1.22186e-06
-4.67647e-05
8.62196e-07
-4.68425e-05
5.63294e-07
-4.68902e-05
3.60139e-07
-4.69214e-05
2.40446e-07
1.16457e-07
-3.08908e-05
5.76007e-05
-3.77147e-05
6.00907e-05
-4.53488e-05
5.93926e-05
-4.90889e-05
3.0163e-05
-4.50137e-05
-1.47161e-05
-4.20395e-05
-1.73006e-05
-4.03576e-05
-1.59732e-05
-3.89741e-05
-1.35088e-05
-3.8122e-05
-1.07879e-05
-3.8217e-05
-7.21566e-06
-3.91313e-05
-4.02351e-06
-4.03549e-05
-2.12583e-06
-4.13967e-05
-1.35523e-06
-4.20635e-05
-1.16011e-06
-4.24286e-05
-1.05319e-06
-4.26185e-05
-9.03443e-07
-4.27174e-05
-7.32505e-07
-4.27629e-05
-5.67176e-07
-4.27746e-05
-3.99902e-07
-4.27846e-05
-1.98132e-07
-4.28079e-05
2.23761e-08
-4.28582e-05
2.60184e-07
-4.29432e-05
5.08434e-07
-4.30666e-05
7.61948e-07
-4.32286e-05
1.0174e-06
-4.34267e-05
1.27446e-06
-4.36581e-05
1.53505e-06
-4.3921e-05
1.80059e-06
-4.42156e-05
2.06802e-06
-4.45434e-05
2.32508e-06
-4.49031e-05
2.54558e-06
-4.52867e-05
2.68884e-06
-4.56776e-05
2.70665e-06
-4.60521e-05
2.56706e-06
-4.63864e-05
2.27428e-06
-4.66632e-05
1.87478e-06
-4.68757e-05
1.43457e-06
-4.70272e-05
1.01382e-06
-4.71279e-05
6.64122e-07
-4.7193e-05
4.25175e-07
-4.72353e-05
2.82674e-07
1.35676e-07
-2.6496e-05
6.38047e-05
-3.37972e-05
6.73919e-05
-4.22676e-05
6.7863e-05
-4.77938e-05
3.56891e-05
-4.51249e-05
-1.73849e-05
-4.3305e-05
-1.91205e-05
-4.20287e-05
-1.72495e-05
-4.0011e-05
-1.55266e-05
-3.8163e-05
-1.2636e-05
-3.74936e-05
-7.88513e-06
-3.81379e-05
-3.37927e-06
-3.95092e-05
-7.5461e-07
-4.0844e-05
-2.05307e-08
-4.17563e-05
-2.47807e-07
-4.224e-05
-5.69502e-07
-4.24639e-05
-6.79679e-07
-4.25602e-05
-6.36342e-07
-4.25915e-05
-5.36137e-07
-4.25925e-05
-3.99133e-07
-4.25858e-05
-2.05013e-07
-4.25974e-05
3.37883e-08
-4.26421e-05
3.04808e-07
-4.27286e-05
5.94782e-07
-4.28604e-05
8.93793e-07
-4.30376e-05
1.1945e-06
-4.32567e-05
1.49361e-06
-4.35137e-05
1.79203e-06
-4.38057e-05
2.09253e-06
-4.41325e-05
2.39487e-06
-4.44959e-05
2.68858e-06
-4.48957e-05
2.94547e-06
-4.53245e-05
3.11777e-06
-4.57648e-05
3.14702e-06
-4.61909e-05
2.99322e-06
-4.65755e-05
2.65904e-06
-4.68984e-05
2.19774e-06
-4.71509e-05
1.68718e-06
-4.73356e-05
1.19857e-06
-4.7463e-05
7.91515e-07
-4.75484e-05
5.10499e-07
-4.7603e-05
3.37278e-07
1.58754e-07
-2.30895e-05
6.99264e-05
-3.0252e-05
7.45544e-05
-3.88705e-05
7.64815e-05
-4.62484e-05
4.30671e-05
-4.62743e-05
-1.7359e-05
-4.61283e-05
-1.92666e-05
-4.55357e-05
-1.78421e-05
-4.32049e-05
-1.78574e-05
-4.04706e-05
-1.53704e-05
-3.87906e-05
-9.56515e-06
-3.8696e-05
-3.47383e-06
-3.96846e-05
2.33996e-07
-4.09122e-05
1.20708e-06
-4.18184e-05
6.5832e-07
-4.2293e-05
-9.49595e-08
-4.24721e-05
-5.0061e-07
-4.25078e-05
-6.00818e-07
-4.24815e-05
-5.62526e-07
-4.24312e-05
-4.49611e-07
-4.23879e-05
-2.48485e-07
-4.23733e-05
1.91272e-08
-4.24031e-05
3.34581e-07
-4.24856e-05
6.77337e-07
-4.26238e-05
1.03205e-06
-4.28165e-05
1.38715e-06
-4.3059e-05
1.73611e-06
-4.33455e-05
2.0785e-06
-4.36714e-05
2.41851e-06
-4.40358e-05
2.75935e-06
-4.44406e-05
3.09348e-06
-4.48864e-05
3.39149e-06
-4.53669e-05
3.59837e-06
-4.5864e-05
3.64408e-06
-4.63495e-05
3.47869e-06
-4.67924e-05
3.10203e-06
-4.71691e-05
2.57449e-06
-4.7469e-05
1.98703e-06
-4.76936e-05
1.42303e-06
-4.78531e-05
9.50973e-07
-4.79621e-05
6.19486e-07
-4.80306e-05
4.05743e-07
1.86287e-07
-1.9903e-05
7.56724e-05
-2.64266e-05
8.1078e-05
-3.47561e-05
8.4811e-05
-4.40968e-05
5.24078e-05
-4.6287e-05
-1.51688e-05
-4.73926e-05
-1.81609e-05
-4.75783e-05
-1.76563e-05
-4.57292e-05
-1.97064e-05
-4.31558e-05
-1.79438e-05
-4.12625e-05
-1.14583e-05
-4.06557e-05
-4.08056e-06
-4.1036e-05
6.14323e-07
-4.17747e-05
1.9458e-06
-4.23638e-05
1.24749e-06
-4.26346e-05
1.75799e-07
-4.26589e-05
-4.76417e-07
-4.25644e-05
-6.95355e-07
-4.24305e-05
-6.96574e-07
-4.22888e-05
-5.91298e-07
-4.21832e-05
-3.54207e-07
-4.21261e-05
-3.78694e-08
-4.21313e-05
3.39781e-07
-4.2205e-05
7.51181e-07
-4.23484e-05
1.17541e-06
-4.25579e-05
1.59673e-06
-4.28272e-05
2.00538e-06
-4.31481e-05
2.39948e-06
-4.3514e-05
2.7846e-06
-4.39226e-05
3.16807e-06
-4.43756e-05
3.54659e-06
-4.48747e-05
3.89073e-06
-4.54147e-05
4.13832e-06
-4.5977e-05
4.20628e-06
-4.65309e-05
4.03253e-06
-4.70415e-05
3.61262e-06
-4.74814e-05
3.01429e-06
-4.78372e-05
2.34279e-06
-4.81093e-05
1.69504e-06
-4.83071e-05
1.14884e-06
-4.84436e-05
7.56039e-07
-4.85284e-05
4.90561e-07
2.19544e-07
-1.6418e-05
8.07673e-05
-2.19442e-05
8.66042e-05
-2.95862e-05
9.2453e-05
-4.068e-05
6.35015e-05
-4.35e-05
-1.23486e-05
-4.37392e-05
-1.79215e-05
-4.44901e-05
-1.69053e-05
-4.45414e-05
-1.96549e-05
-4.40112e-05
-1.84738e-05
-4.32936e-05
-1.21759e-05
-4.29641e-05
-4.40998e-06
-4.30855e-05
7.3576e-07
-4.32917e-05
2.15208e-06
-4.33659e-05
1.32169e-06
-4.32558e-05
6.56335e-08
-4.30136e-05
-7.1861e-07
-4.2711e-05
-9.98062e-07
-4.24079e-05
-9.99699e-07
-4.2155e-05
-8.44226e-07
-4.19534e-05
-5.55918e-07
-4.18375e-05
-1.53574e-07
-4.181e-05
3.12235e-07
-4.18719e-05
8.13309e-07
-4.20209e-05
1.3244e-06
-4.22503e-05
1.82625e-06
-4.25511e-05
2.30624e-06
-4.29127e-05
2.76115e-06
-4.3326e-05
3.19806e-06
-4.37868e-05
3.62901e-06
-4.42964e-05
4.05626e-06
-4.48575e-05
4.45181e-06
-4.5466e-05
4.74666e-06
-4.6103e-05
4.84323e-06
-4.67355e-05
4.66498e-06
-4.73245e-05
4.2016e-06
-4.78383e-05
3.52797e-06
-4.82602e-05
2.76467e-06
-4.8589e-05
2.0239e-06
-4.88329e-05
1.39287e-06
-4.9003e-05
9.26152e-07
-4.91081e-05
5.95704e-07
2.59723e-07
-1.23358e-05
8.50056e-05
-1.66813e-05
9.09498e-05
-2.31596e-05
9.89313e-05
-3.55123e-05
7.58542e-05
-3.43393e-05
-1.35215e-05
-2.86199e-05
-2.36408e-05
-2.88632e-05
-1.66618e-05
-3.37054e-05
-1.48126e-05
-3.97318e-05
-1.24473e-05
-4.34284e-05
-8.47916e-06
-4.48958e-05
-2.94241e-06
-4.5339e-05
1.17894e-06
-4.51616e-05
1.97472e-06
-4.46833e-05
8.43344e-07
-4.40893e-05
-5.28375e-07
-4.34814e-05
-1.32664e-06
-4.29052e-05
-1.57431e-06
-4.23892e-05
-1.51585e-06
-4.19709e-05
-1.26255e-06
-4.1665e-05
-8.61869e-07
-4.14786e-05
-3.39939e-07
-4.14142e-05
2.47856e-07
-4.1465e-05
8.64224e-07
-4.16231e-05
1.48248e-06
-4.18779e-05
2.08117e-06
-4.22172e-05
2.64556e-06
-4.26274e-05
3.17143e-06
-4.30969e-05
3.66763e-06
-4.36193e-05
4.1515e-06
-4.41953e-05
4.63218e-06
-4.48282e-05
5.0847e-06
-4.55154e-05
5.43382e-06
-4.62384e-05
5.56618e-06
-4.69618e-05
5.38839e-06
-4.76423e-05
4.8821e-06
-4.82431e-05
4.12864e-06
-4.87436e-05
3.26519e-06
-4.91405e-05
2.42087e-06
-4.94402e-05
1.69276e-06
-4.96519e-05
1.13779e-06
-4.97818e-05
7.25613e-07
3.07435e-07
-7.50622e-06
8.82353e-05
-1.07339e-05
9.41774e-05
-1.54831e-05
0.000103681
-2.90001e-05
8.93712e-05
-2.00102e-05
-2.25112e-05
-5.4662e-06
-3.81847e-05
-4.34156e-06
-1.77864e-05
-1.58678e-05
-3.28633e-06
-3.13747e-05
3.05982e-06
-4.11795e-05
1.32568e-06
-4.61417e-05
2.01986e-06
-4.76072e-05
2.64456e-06
-4.72427e-05
1.61014e-06
-4.62088e-05
-1.90618e-07
-4.50572e-05
-1.68013e-06
-4.40062e-05
-2.37782e-06
-4.30944e-05
-2.48624e-06
-4.2314e-05
-2.29642e-06
-4.17169e-05
-1.85971e-06
-4.12924e-05
-1.28651e-06
-4.103e-05
-6.02305e-07
-4.09322e-05
1.4999e-07
-4.09779e-05
9.09925e-07
-4.11527e-05
1.65733e-06
-4.14418e-05
2.37024e-06
-4.18291e-05
3.03283e-06
-4.22981e-05
3.64049e-06
-4.28345e-05
4.20406e-06
-4.34298e-05
4.74673e-06
-4.40834e-05
5.28581e-06
-4.47998e-05
5.80109e-06
-4.55781e-05
6.21209e-06
-4.64004e-05
6.38857e-06
-4.72296e-05
6.21751e-06
-4.80173e-05
5.66978e-06
-4.8721e-05
4.83224e-06
-4.93155e-05
3.85971e-06
-4.97943e-05
2.89971e-06
-5.01614e-05
2.05982e-06
-5.04227e-05
1.39905e-06
-5.05817e-05
8.84583e-07
3.63839e-07
-1.83615e-06
9.02986e-05
-4.15553e-06
9.64968e-05
-6.81356e-06
0.000106339
-2.14175e-05
0.000103975
-7.04145e-06
-3.68871e-05
2.32131e-06
-4.75475e-05
-6.03913e-06
-9.4259e-06
-2.38893e-05
1.45639e-05
-3.79609e-05
1.71315e-05
-4.6356e-05
9.72088e-06
-5.07503e-05
6.41414e-06
-5.11429e-05
3.03726e-06
-4.97574e-05
2.24572e-07
-4.78759e-05
-2.07227e-06
-4.60341e-05
-3.52211e-06
-4.44597e-05
-3.95236e-06
-4.31533e-05
-3.79289e-06
-4.21177e-05
-3.33224e-06
-4.13153e-05
-2.66217e-06
-4.07663e-05
-1.83561e-06
-4.04372e-05
-9.31523e-07
-4.03221e-05
3.49833e-08
-4.0376e-05
9.63704e-07
-4.05807e-05
1.86204e-06
-4.09168e-05
2.70626e-06
-4.13645e-05
3.48048e-06
-4.19045e-05
4.18047e-06
-4.25199e-05
4.81945e-06
-4.32e-05
5.42687e-06
-4.39435e-05
6.02939e-06
-4.47559e-05
6.61353e-06
-4.56388e-05
7.09499e-06
-4.65758e-05
7.32565e-06
-4.7528e-05
7.16958e-06
-4.84415e-05
6.58325e-06
-4.92669e-05
5.65755e-06
-4.9973e-05
4.56576e-06
-5.05489e-05
3.47553e-06
-5.09951e-05
2.50593e-06
-5.13138e-05
1.7179e-06
-5.1507e-05
1.07776e-06
4.31646e-07
4.61512e-06
9.12912e-05
3.3557e-06
9.77562e-05
2.66121e-06
0.000107033
-8.3875e-06
0.000115024
-2.10335e-05
-2.42411e-05
-3.87073e-05
-2.98737e-05
-5.71758e-05
9.04258e-06
-6.18212e-05
1.92093e-05
-5.92392e-05
1.45495e-05
-5.93211e-05
9.80291e-06
-5.81794e-05
5.27252e-06
-5.56879e-05
5.45679e-07
-5.26038e-05
-2.85952e-06
-4.95794e-05
-5.09683e-06
-4.69105e-05
-6.19119e-06
-4.47168e-05
-6.14619e-06
-4.29699e-05
-5.53991e-06
-4.16364e-05
-4.66588e-06
-4.06745e-05
-3.62418e-06
-4.00362e-05
-2.47384e-06
-3.96832e-05
-1.28461e-06
-3.95551e-05
-9.3053e-08
-3.9636e-05
1.04451e-06
-3.98906e-05
2.11656e-06
-4.02917e-05
3.10735e-06
-4.08157e-05
4.00447e-06
-4.14408e-05
4.80558e-06
-4.21481e-05
5.52682e-06
-4.29255e-05
6.20436e-06
-4.37714e-05
6.87533e-06
-4.46928e-05
7.53501e-06
-4.56947e-05
8.09688e-06
-4.67631e-05
8.39401e-06
-4.78573e-05
8.26365e-06
-4.89175e-05
7.64344e-06
-4.9886e-05
6.62613e-06
-5.07245e-05
5.40419e-06
-5.14166e-05
4.16748e-06
-5.19578e-05
3.04715e-06
-5.23458e-05
2.10597e-06
-5.25806e-05
1.31246e-06
5.13936e-07
1.21523e-05
9.10042e-05
1.19199e-05
9.79886e-05
1.41776e-05
0.000104775
1.01113e-05
0.00011909
-3.80765e-05
2.39466e-05
-6.5963e-05
-1.98733e-06
-8.21066e-05
2.51862e-05
-8.49433e-05
2.2046e-05
-7.78431e-05
7.44939e-06
-7.21067e-05
4.06657e-06
-6.61599e-05
-6.7422e-07
-6.02689e-05
-5.34527e-06
-5.52531e-05
-7.87531e-06
-5.09745e-05
-9.37542e-06
-4.73786e-05
-9.78724e-06
-4.45757e-05
-8.94908e-06
-4.2429e-05
-7.68674e-06
-4.08356e-05
-6.25917e-06
-3.97303e-05
-4.72953e-06
-3.90328e-05
-3.17118e-06
-3.86798e-05
-1.63771e-06
-3.85973e-05
-1.75557e-07
-3.87428e-05
1.19005e-06
-3.90768e-05
2.45054e-06
-3.95673e-05
3.59787e-06
-4.01877e-05
4.62492e-06
-4.09146e-05
5.53257e-06
-4.17281e-05
6.34046e-06
-4.26157e-05
7.09199e-06
-4.35764e-05
7.83601e-06
-4.462e-05
8.57863e-06
-4.5756e-05
9.23288e-06
-4.6974e-05
9.61191e-06
-4.82321e-05
9.52179e-06
-4.94644e-05
8.8758e-06
-5.06037e-05
7.76545e-06
-5.16026e-05
6.4029e-06
-5.2437e-05
5.00181e-06
-5.30955e-05
3.70565e-06
-5.35693e-05
2.57971e-06
-5.38546e-05
1.59779e-06
6.12745e-07
2.04639e-05
8.94388e-05
2.1202e-05
9.72505e-05
2.3838e-05
0.000102139
2.40158e-05
0.000118912
-3.75547e-05
8.5517e-05
-6.17457e-05
2.22037e-05
-7.57844e-05
3.92249e-05
-8.53514e-05
3.1613e-05
-8.45424e-05
6.64049e-06
-8.06544e-05
1.78641e-07
-7.33703e-05
-7.95821e-06
-6.43081e-05
-1.44074e-05
-5.71011e-05
-1.50822e-05
-5.16415e-05
-1.4835e-05
-4.71464e-05
-1.42823e-05
-4.37765e-05
-1.23189e-05
-4.12946e-05
-1.01686e-05
-3.95341e-05
-8.01953e-06
-3.83847e-05
-5.87884e-06
-3.76905e-05
-3.86528e-06
-3.74e-05
-1.92816e-06
-3.74084e-05
-1.67175e-07
-3.7659e-05
1.44068e-06
-3.81063e-05
2.89795e-06
-3.87146e-05
4.20631e-06
-3.94552e-05
5.36557e-06
-4.03035e-05
6.38095e-06
-4.12393e-05
7.27624e-06
-4.22502e-05
8.1029e-06
-4.33375e-05
8.92322e-06
-4.45158e-05
9.75687e-06
-4.58014e-05
1.05184e-05
-4.71893e-05
1.09998e-05
-4.8638e-05
1.09706e-05
-5.00745e-05
1.03123e-05
-5.14194e-05
9.11024e-06
-5.26126e-05
7.59608e-06
-5.36197e-05
6.00888e-06
-5.44206e-05
4.50641e-06
-5.49989e-05
3.1579e-06
-5.53456e-05
1.94456e-06
7.30654e-07
2.92322e-05
8.69603e-05
3.0241e-05
9.62416e-05
3.11611e-05
0.000101219
3.18268e-05
0.000118247
6.71357e-06
0.00011063
-3.00429e-05
5.89601e-05
-6.20569e-05
7.12389e-05
-8.15893e-05
5.11455e-05
-9.00233e-05
1.50746e-05
-8.91095e-05
-7.35107e-07
-8.2549e-05
-1.45186e-05
-6.95229e-05
-2.74334e-05
-5.80802e-05
-2.65249e-05
-5.12022e-05
-2.17128e-05
-4.58604e-05
-1.9624e-05
-4.20664e-05
-1.61127e-05
-3.94104e-05
-1.28246e-05
-3.76353e-05
-9.79452e-06
-3.65436e-05
-6.97046e-06
-3.59898e-05
-4.41907e-06
-3.58242e-05
-2.09362e-06
-3.59752e-05
-1.61763e-08
-3.63736e-05
1.83919e-06
-3.69692e-05
3.49373e-06
-3.77246e-05
4.96178e-06
-3.86101e-05
6.25108e-06
-3.96006e-05
7.37143e-06
-4.06756e-05
8.35113e-06
-4.18238e-05
9.25096e-06
-4.305e-05
1.01493e-05
-4.43764e-05
1.10832e-05
-4.58291e-05
1.19712e-05
-4.74116e-05
1.25824e-05
-4.90835e-05
1.26424e-05
-5.07624e-05
1.1991e-05
-5.2353e-05
1.07006e-05
-5.37787e-05
9.02176e-06
-5.49922e-05
7.22228e-06
-5.59634e-05
5.47744e-06
-5.66667e-05
3.86117e-06
-5.7087e-05
2.36483e-06
8.72172e-07
3.84947e-05
8.43294e-05
3.91233e-05
9.5613e-05
3.83854e-05
0.000101957
4.06599e-05
0.000115972
3.35226e-05
0.000117768
2.32749e-06
9.01552e-05
-4.1762e-05
0.000115328
-7.82085e-05
8.7592e-05
-9.49673e-05
3.18334e-05
-9.20661e-05
-3.63618e-06
-8.55077e-05
-2.10769e-05
-7.1296e-05
-4.1645e-05
-5.68766e-05
-4.09441e-05
-4.87523e-05
-2.98369e-05
-4.30205e-05
-2.53558e-05
-3.91722e-05
-1.99609e-05
-3.66463e-05
-1.53505e-05
-3.50858e-05
-1.1355e-05
-3.42353e-05
-7.82098e-06
-3.38988e-05
-4.7556e-06
-3.39576e-05
-2.03473e-06
-3.43167e-05
3.42959e-07
-3.49092e-05
2.43183e-06
-3.56879e-05
4.27252e-06
-3.66178e-05
5.89169e-06
-3.76711e-05
7.30429e-06
-3.88233e-05
8.52353e-06
-4.0054e-05
9.58167e-06
-4.13531e-05
1.055e-05
-4.27304e-05
1.15266e-05
-4.42182e-05
1.25709e-05
-4.58562e-05
1.36092e-05
-4.76592e-05
1.43854e-05
-4.9589e-05
1.45721e-05
-5.15531e-05
1.3955e-05
-5.34373e-05
1.25846e-05
-5.5144e-05
1.07284e-05
-5.66083e-05
8.68642e-06
-5.77855e-05
6.65457e-06
-5.86383e-05
4.71386e-06
-5.91459e-05
2.8724e-06
1.04231e-06
4.99392e-05
8.27391e-05
4.86932e-05
9.68589e-05
4.68743e-05
0.000103776
4.89429e-05
0.000113904
4.58584e-05
0.000120852
3.67935e-05
9.922e-05
7.30819e-06
0.000144814
-3.92963e-05
0.000134197
-7.47575e-05
6.72945e-05
-7.74031e-05
-9.90461e-07
-7.43422e-05
-2.41377e-05
-6.48346e-05
-5.11525e-05
-5.18835e-05
-5.38951e-05
-4.33915e-05
-3.83288e-05
-3.82073e-05
-3.05401e-05
-3.49254e-05
-2.32428e-05
-3.2937e-05
-1.73391e-05
-3.18603e-05
-1.24318e-05
-3.14224e-05
-8.25881e-06
-3.14656e-05
-4.71243e-06
-3.18234e-05
-1.677e-06
-3.2454e-05
9.73667e-07
-3.32853e-05
3.26321e-06
-3.42796e-05
5.26685e-06
-3.54086e-05
7.02066e-06
-3.6649e-05
8.54457e-06
-3.79786e-05
9.85308e-06
-3.93781e-05
1.0981e-05
-4.0839e-05
1.20108e-05
-4.23769e-05
1.30643e-05
-4.40359e-05
1.42298e-05
-4.5873e-05
1.54463e-05
-4.79186e-05
1.64309e-05
-5.01403e-05
1.67935e-05
-5.2436e-05
1.62506e-05
-5.4669e-05
1.48176e-05
-5.6715e-05
1.27743e-05
-5.84853e-05
1.04566e-05
-5.9915e-05
8.08425e-06
-6.09503e-05
5.74902e-06
-6.15637e-05
3.48607e-06
1.24587e-06
6.23384e-05
8.35395e-05
5.71266e-05
0.000102071
5.43416e-05
0.000106561
5.49136e-05
0.000113332
5.28385e-05
0.000122927
3.76619e-05
0.000114397
4.41715e-05
0.000138304
1.87208e-05
0.000159647
-2.25243e-05
0.00010854
-4.54497e-05
2.1935e-05
-4.99494e-05
-1.9638e-05
-5.01021e-05
-5.09998e-05
-4.21559e-05
-6.18412e-05
-3.50374e-05
-4.54473e-05
-3.14206e-05
-3.41571e-05
-2.93572e-05
-2.53063e-05
-2.83483e-05
-1.8348e-05
-2.80318e-05
-1.27485e-05
-2.81973e-05
-8.09332e-06
-2.87065e-05
-4.2032e-06
-2.94773e-05
-9.06219e-07
-3.04284e-05
1.9247e-06
-3.15365e-05
4.37134e-06
-3.2774e-05
6.50439e-06
-3.41225e-05
8.36907e-06
-3.5566e-05
9.988e-06
-3.70876e-05
1.13746e-05
-3.86706e-05
1.2564e-05
-4.03078e-05
1.36478e-05
-4.20174e-05
1.47738e-05
-4.38546e-05
1.60668e-05
-4.5896e-05
1.74875e-05
-4.81948e-05
1.87296e-05
-5.07337e-05
1.93323e-05
-5.34077e-05
1.89246e-05
-5.60557e-05
1.74657e-05
-5.85166e-05
1.5235e-05
-6.06643e-05
1.26044e-05
-6.24041e-05
9.82419e-06
-6.36626e-05
7.00726e-06
-6.44049e-05
4.22859e-06
1.48966e-06
8.36091e-05
8.9252e-05
7.33069e-05
0.000112373
6.43806e-05
0.000115488
6.0727e-05
0.000116985
5.95427e-05
0.000124112
5.05174e-05
0.000123422
7.04278e-05
0.000118394
6.65299e-05
0.000163545
3.74348e-05
0.000137635
4.57943e-06
5.47904e-05
-1.40204e-05
-1.03807e-06
-2.61333e-05
-3.88869e-05
-2.72488e-05
-6.07256e-05
-2.40118e-05
-4.86844e-05
-2.29936e-05
-3.51753e-05
-2.28055e-05
-2.54946e-05
-2.30984e-05
-1.80551e-05
-2.37659e-05
-1.20811e-05
-2.46766e-05
-7.18267e-06
-2.57651e-05
-3.11471e-06
-2.69874e-05
3.16024e-07
-2.83112e-05
3.24836e-06
-2.97235e-05
5.78361e-06
-3.1219e-05
7.99983e-06
-3.27973e-05
9.94731e-06
-3.44551e-05
1.16458e-05
-3.61819e-05
1.31013e-05
-3.79631e-05
1.4345e-05
-3.979e-05
1.54746e-05
-4.16803e-05
1.66639e-05
-4.36973e-05
1.80836e-05
-4.59406e-05
1.97307e-05
-4.8497e-05
2.12859e-05
-5.1379e-05
2.22145e-05
-5.44883e-05
2.20342e-05
-5.7636e-05
2.06134e-05
-6.06074e-05
1.82064e-05
-6.32224e-05
1.52194e-05
-6.53447e-05
1.19466e-05
-6.68761e-05
8.53854e-06
-6.77758e-05
5.1283e-06
1.78232e-06
5.27736e-05
3.64784e-05
6.9763e-05
9.53835e-05
6.91745e-05
0.000116076
6.42455e-05
0.000121914
6.12601e-05
0.000127097
5.50879e-05
0.000129594
5.39445e-05
0.000119537
7.19273e-05
0.000145562
6.7467e-05
0.000142095
4.37879e-05
7.84696e-05
2.22431e-05
2.05068e-05
1.05367e-06
-1.76975e-05
-9.6223e-06
-5.00497e-05
-1.15876e-05
-4.67192e-05
-1.33252e-05
-3.34377e-05
-1.51221e-05
-2.36977e-05
-1.67768e-05
-1.64004e-05
-1.84017e-05
-1.04562e-05
-2.00049e-05
-5.57951e-06
-2.15983e-05
-1.5215e-06
-2.31895e-05
1.90712e-06
-2.47897e-05
4.84841e-06
-2.64134e-05
7.40722e-06
-2.80749e-05
9.66131e-06
-2.9787e-05
1.16593e-05
-3.1555e-05
1.34138e-05
-3.3376e-05
1.49223e-05
-3.52434e-05
1.62123e-05
-3.71508e-05
1.73818e-05
-3.91082e-05
1.86213e-05
-4.11748e-05
2.01501e-05
-4.34674e-05
2.20232e-05
-4.61117e-05
2.39304e-05
-4.91669e-05
2.52698e-05
-5.25619e-05
2.54294e-05
-5.60927e-05
2.41442e-05
-5.94873e-05
2.16012e-05
-6.24952e-05
1.82272e-05
-6.49319e-05
1.43833e-05
-6.6684e-05
1.02907e-05
-6.7714e-05
6.15838e-06
2.11653e-06
6.05236e-06
3.0426e-05
4.45581e-05
5.68777e-05
6.70293e-05
9.36048e-05
7.05954e-05
0.000118348
6.68938e-05
0.000130799
6.0324e-05
0.000136164
5.14722e-05
0.000128389
6.37691e-05
0.000133265
7.18918e-05
0.000133972
6.36456e-05
8.67157e-05
4.4566e-05
3.95865e-05
2.11859e-05
5.68248e-06
4.60244e-06
-3.34662e-05
-1.78724e-06
-4.03296e-05
-5.6661e-06
-2.95587e-05
-9.06178e-06
-2.03019e-05
-1.20005e-05
-1.34616e-05
-1.4576e-05
-7.88085e-06
-1.69024e-05
-3.25319e-06
-1.90517e-05
6.27618e-07
-2.10745e-05
3.92979e-06
-2.30126e-05
6.7864e-06
-2.48999e-05
9.29447e-06
-2.67704e-05
1.15318e-05
-2.86669e-05
1.35558e-05
-3.06239e-05
1.53707e-05
-3.26481e-05
1.69464e-05
-3.47252e-05
1.82894e-05
-3.68328e-05
1.94894e-05
-3.89609e-05
2.07493e-05
-4.11639e-05
2.2353e-05
-4.35894e-05
2.44488e-05
-4.64247e-05
2.6766e-05
-4.97983e-05
2.86435e-05
-5.36823e-05
2.93134e-05
-5.78503e-05
2.83121e-05
-6.19405e-05
2.56913e-05
-6.55923e-05
2.18789e-05
-6.85435e-05
1.73346e-05
-7.06519e-05
1.23993e-05
-7.18861e-05
7.39258e-06
2.51738e-06
-5.73519e-07
1.77525e-05
2.6966e-05
2.93382e-05
7.26421e-05
4.79288e-05
8.95254e-05
0.000101465
8.751e-05
0.000132814
7.87879e-05
0.000144886
6.61614e-05
0.000141015
7.44936e-05
0.000124933
7.91061e-05
0.00012936
7.98844e-05
8.59374e-05
6.24977e-05
5.69731e-05
3.74509e-05
3.07293e-05
1.8181e-05
-1.41962e-05
8.60194e-06
-3.07504e-05
1.78891e-06
-2.27455e-05
-3.87654e-06
-1.46364e-05
-8.63953e-06
-8.69869e-06
-1.27184e-05
-3.80214e-06
-1.62844e-05
3.12749e-07
-1.94661e-05
3.80921e-06
-2.23495e-05
6.81314e-06
-2.50197e-05
9.45658e-06
-2.75719e-05
1.18467e-05
-3.00893e-05
1.40493e-05
-3.26291e-05
1.60956e-05
-3.52128e-05
1.79543e-05
-3.7828e-05
1.95615e-05
-4.04663e-05
2.09276e-05
-4.31346e-05
2.21578e-05
-4.58196e-05
2.34344e-05
-4.8542e-05
2.50755e-05
-5.14837e-05
2.73906e-05
-5.49706e-05
3.02531e-05
-5.93081e-05
3.2981e-05
-6.45777e-05
3.45831e-05
-7.04832e-05
3.42177e-05
-7.64142e-05
3.16222e-05
-8.17336e-05
2.71985e-05
-8.60053e-05
2.16062e-05
-8.90232e-05
1.54171e-05
-9.07706e-05
9.13974e-06
3.08538e-06
-0.000135841
-6.87393e-05
-5.29183e-05
-5.35841e-05
4.24209e-05
-4.74105e-05
8.90392e-05
5.48465e-05
9.56459e-05
0.000126207
8.65374e-05
0.000153995
7.36645e-05
0.000153888
5.85449e-05
0.000140053
6.51773e-05
0.000122727
7.0756e-05
8.03586e-05
5.71224e-05
7.06068e-05
3.90075e-05
4.88442e-05
2.63045e-05
-1.49303e-06
1.68687e-05
-2.13144e-05
9.06631e-06
-1.49431e-05
2.19794e-06
-7.76797e-06
-3.71493e-06
-2.78588e-06
-8.75771e-06
1.24054e-06
-1.31089e-05
4.66384e-06
-1.68963e-05
7.59662e-06
-2.02472e-05
1.01641e-05
-2.32986e-05
1.2508e-05
-2.61582e-05
1.47063e-05
-2.88874e-05
1.67784e-05
-3.15689e-05
1.8777e-05
-3.43179e-05
2.07033e-05
-3.71924e-05
2.24361e-05
-4.01787e-05
2.39139e-05
-4.32205e-05
2.51995e-05
-4.61729e-05
2.63867e-05
-4.89328e-05
2.78355e-05
-5.17664e-05
3.02244e-05
-5.52659e-05
3.37528e-05
-5.99712e-05
3.76863e-05
-6.61181e-05
4.07301e-05
-7.34099e-05
4.15095e-05
-8.09576e-05
3.91696e-05
-8.77357e-05
3.39767e-05
-9.30948e-05
2.6965e-05
-9.68283e-05
1.91505e-05
-9.89869e-05
1.12985e-05
3.7938e-06
-5.57884e-05
-7.44169e-05
-4.41571e-05
-6.52153e-05
-6.15107e-05
-3.00569e-05
8.0584e-05
-8.72482e-05
0.000105628
0.000101163
9.56698e-05
0.000163953
8.015e-05
0.000169408
6.36033e-05
0.000156599
5.80648e-05
0.000128266
5.90299e-05
7.93934e-05
4.59439e-05
8.36928e-05
3.85771e-05
5.62111e-05
3.27672e-05
4.31705e-06
2.34421e-05
-1.19891e-05
1.4517e-05
-6.01788e-06
6.77653e-06
-2.74656e-08
8.76221e-08
3.90298e-06
-5.73536e-06
7.06345e-06
-1.07539e-05
9.68234e-06
-1.50831e-05
1.19259e-05
-1.88654e-05
1.39465e-05
-2.22314e-05
1.5874e-05
-2.52949e-05
1.77698e-05
-2.81853e-05
1.9669e-05
-3.10564e-05
2.16481e-05
-3.40269e-05
2.36737e-05
-3.70955e-05
2.55049e-05
-4.01803e-05
2.69988e-05
-4.3286e-05
2.83052e-05
-4.64068e-05
2.95075e-05
-4.9313e-05
3.07416e-05
-5.20551e-05
3.29666e-05
-5.53737e-05
3.70712e-05
-6.02359e-05
4.25484e-05
-6.7325e-05
4.78192e-05
-7.64814e-05
5.06659e-05
-8.63125e-05
4.90005e-05
-9.50564e-05
4.27206e-05
-0.000101771
3.36792e-05
-0.000106343
2.37228e-05
-0.00010898
1.39356e-05
4.6704e-06
0.000102594
-5.63247e-05
6.15396e-05
-2.41609e-05
7.12061e-05
-3.97232e-05
9.0011e-05
-0.000106053
0.00011717
7.40043e-05
0.000105969
0.000175154
8.79612e-05
0.000187416
7.0935e-05
0.000173626
5.9501e-05
0.0001397
4.98199e-05
8.90745e-05
3.75344e-05
9.59783e-05
3.96616e-05
5.40842e-05
3.64143e-05
7.56441e-06
2.65404e-05
-2.11507e-06
1.69852e-05
3.53745e-06
8.97353e-06
7.98416e-06
1.94986e-06
1.09266e-05
-4.25627e-06
1.32695e-05
-9.68731e-06
1.51134e-05
-1.43729e-05
1.66115e-05
-1.83472e-05
1.79208e-05
-2.17221e-05
1.92489e-05
-2.47274e-05
2.0775e-05
-2.75912e-05
2.25328e-05
-3.04578e-05
2.45147e-05
-3.34655e-05
2.66816e-05
-3.67518e-05
2.87912e-05
-4.03909e-05
3.0638e-05
-4.43981e-05
3.23123e-05
-4.85231e-05
3.36327e-05
-5.18507e-05
3.40692e-05
-5.39463e-05
3.50622e-05
-5.61762e-05
3.9301e-05
-6.05267e-05
4.68987e-05
-6.82962e-05
5.55886e-05
-7.9723e-05
6.20927e-05
-9.2815e-05
6.20928e-05
-0.000104279
5.41842e-05
-0.000112586
4.19864e-05
-0.000118019
2.91554e-05
-0.000121162
1.7079e-05
5.73916e-06
9.41631e-05
-4.13192e-05
0.000109324
-3.93216e-05
0.00015894
-8.93394e-05
0.000140206
-8.73191e-05
0.000127147
8.70642e-05
0.000111484
0.000190817
9.30668e-05
0.000205832
7.60658e-05
0.000190627
6.17501e-05
0.000154016
4.21136e-05
0.000108711
3.28176e-05
0.000105275
3.84459e-05
4.84562e-05
3.44741e-05
1.15363e-05
2.41878e-05
8.17138e-06
1.48787e-05
1.28465e-05
7.01694e-06
1.58459e-05
-1.66718e-08
1.79601e-05
-6.37392e-06
1.96268e-05
-1.20918e-05
2.08313e-05
-1.70916e-05
2.16114e-05
-2.1324e-05
2.21533e-05
-2.48689e-05
2.27938e-05
-2.7839e-05
2.37452e-05
-3.03086e-05
2.50023e-05
-3.25518e-05
2.6758e-05
-3.51122e-05
2.92421e-05
-3.83539e-05
3.20331e-05
-4.22868e-05
3.45709e-05
-4.71328e-05
3.71582e-05
-5.35557e-05
4.00555e-05
-6.06472e-05
4.11607e-05
-6.5515e-05
3.99298e-05
-6.77038e-05
4.14899e-05
-6.98159e-05
4.9011e-05
-7.45586e-05
6.03311e-05
-8.48833e-05
7.24174e-05
-0.000100518
7.77276e-05
-0.000115492
6.91581e-05
-0.000125903
5.23978e-05
-0.00013229
3.55423e-05
-0.000135957
2.07458e-05
7.00875e-06
9.28692e-05
-4.2142e-05
9.32327e-05
-3.96851e-05
5.66215e-05
-5.2728e-05
0.000112528
-0.000143226
0.000112668
8.69246e-05
0.000104301
0.000199183
8.99952e-05
0.000220139
7.47363e-05
0.000205886
5.82239e-05
0.000170528
3.19963e-05
0.000134939
2.87279e-05
0.000108543
3.33847e-05
4.37996e-05
2.72686e-05
1.76525e-05
1.69259e-05
1.85141e-05
7.96059e-06
2.18118e-05
7.93797e-08
2.37271e-05
-7.18231e-06
2.52218e-05
-1.40114e-05
2.64559e-05
-2.03775e-05
2.71974e-05
-2.60134e-05
2.72473e-05
-3.07592e-05
2.68989e-05
-3.45501e-05
2.65846e-05
-3.74275e-05
2.66225e-05
-3.99486e-05
2.75235e-05
-4.29064e-05
2.97159e-05
-4.63543e-05
3.26902e-05
-5.01646e-05
3.58434e-05
-5.52531e-05
3.96593e-05
-6.34194e-05
4.53243e-05
-7.59049e-05
5.25409e-05
-9.08172e-05
5.6073e-05
-0.000100596
4.97088e-05
-0.000102631
4.35247e-05
-0.000101617
4.79974e-05
-0.000100432
5.91453e-05
-0.000103654
7.564e-05
-0.000116059
9.01328e-05
-0.000131678
8.47765e-05
-0.000142779
6.34989e-05
-0.000149655
4.24189e-05
-0.000153916
2.50074e-05
8.49155e-06
0.000108855
-6.3122e-05
0.000140135
-7.09652e-05
0.000110074
-2.26671e-05
0.000103269
-0.000136421
0.000103459
8.67341e-05
9.63389e-05
0.000206304
8.43569e-05
0.000232121
7.06634e-05
0.000219579
5.3951e-05
0.00018724
2.99628e-05
0.000158927
2.79062e-05
0.0001106
2.71538e-05
4.45521e-05
1.80026e-05
2.68036e-05
7.57418e-06
2.89425e-05
-1.3214e-06
3.07073e-05
-9.47663e-06
3.18823e-05
-1.72093e-05
3.29544e-05
-2.47675e-05
3.40141e-05
-3.19469e-05
3.43768e-05
-3.80678e-05
3.33682e-05
-4.27243e-05
3.15554e-05
-4.57429e-05
2.9603e-05
-4.70596e-05
2.79392e-05
-4.75611e-05
2.80252e-05
-4.90092e-05
3.11642e-05
-5.1348e-05
3.50289e-05
-5.33041e-05
3.77992e-05
-5.79034e-05
4.42586e-05
-7.1685e-05
5.91059e-05
-9.3499e-05
7.43551e-05
-0.000118458
8.10324e-05
-0.000141415
7.26649e-05
-0.000151682
5.37918e-05
-0.000152289
4.86043e-05
-0.000150982
5.78389e-05
-0.000145829
7.04874e-05
-0.000145442
8.97458e-05
-0.000155892
9.52261e-05
-0.000163392
7.09985e-05
-0.000169396
4.84231e-05
-0.000175103
3.07149e-05
1.04455e-05
0.000104298
-9.2898e-05
0.000145731
-0.000112398
0.000173253
-5.01894e-05
0.000112114
-7.52815e-05
0.000102517
9.63312e-05
9.16859e-05
0.000217135
8.05774e-05
0.000243229
6.88257e-05
0.000231331
5.36881e-05
0.000202378
3.67178e-05
0.000175897
2.85831e-05
0.000118734
1.9861e-05
5.32742e-05
9.55545e-06
3.71091e-05
3.1426e-07
3.81837e-05
-7.99496e-06
3.90164e-05
-1.56414e-05
3.95287e-05
-2.29835e-05
4.02965e-05
-3.02034e-05
4.1234e-05
-3.67577e-05
4.09311e-05
-4.15531e-05
3.81635e-05
-4.39649e-05
3.39669e-05
-4.39831e-05
2.96213e-05
-4.15437e-05
2.54998e-05
-3.64837e-05
2.29652e-05
-3.09451e-05
2.56256e-05
-2.62646e-05
3.03483e-05
-2.21205e-05
3.36551e-05
-2.02747e-05
4.24129e-05
-2.71658e-05
6.59969e-05
-4.63725e-05
9.35617e-05
-7.60354e-05
0.000110695
-0.000117458
0.000114087
-0.000152029
8.83626e-05
-0.000183119
7.96945e-05
-0.000204813
7.95323e-05
-0.000193774
5.94489e-05
-0.000176954
7.29257e-05
-0.00019153
0.000109802
-0.000194647
7.41158e-05
-0.000192773
4.65491e-05
-0.00019919
3.71317e-05
1.36128e-05
5.20168e-05
-0.000101517
6.36944e-05
-0.000124076
0.000102979
-8.94744e-05
0.000111309
-8.36115e-05
9.50119e-05
0.000112629
8.6061e-05
0.000226086
7.67042e-05
0.000252586
6.6618e-05
0.000241417
5.52942e-05
0.000213702
4.38571e-05
0.000187335
2.79062e-05
0.000134685
1.25053e-05
6.86752e-05
4.1696e-06
4.54448e-05
-1.28326e-06
4.36365e-05
-6.64881e-06
4.43819e-05
-1.19504e-05
4.48302e-05
-1.71236e-05
4.54697e-05
-2.19268e-05
4.60371e-05
-2.51703e-05
4.41745e-05
-2.56337e-05
3.86267e-05
-2.27222e-05
3.10554e-05
-1.58382e-05
2.27373e-05
-5.08737e-06
1.47491e-05
7.3595e-06
1.05183e-05
1.97169e-05
1.32682e-05
3.07233e-05
1.93421e-05
3.95921e-05
2.47864e-05
4.30365e-05
3.89685e-05
4.27449e-05
6.62882e-05
3.8469e-05
9.78373e-05
6.78084e-06
0.000142383
-5.51646e-05
0.000176033
-0.000106336
0.000139534
-0.000163141
0.000136499
-0.000230622
0.000147014
-0.000266924
9.57508e-05
-0.000231264
3.72663e-05
-0.000227477
0.000106015
-0.000218683
6.53218e-05
-0.000194561
2.2427e-05
-0.000216131
5.87019e-05
2.48504e-05
1.58301e-05
-9.01707e-05
1.03606e-05
-0.000118606
1.53026e-05
-9.44166e-05
6.18185e-05
-0.000130128
7.61243e-05
9.83229e-05
7.78539e-05
0.000224356
7.15556e-05
0.000258884
6.26984e-05
0.000250274
5.34459e-05
0.000222954
4.46471e-05
0.000196133
2.90725e-05
0.00015026
1.19208e-05
8.5827e-05
5.49543e-06
5.18701e-05
5.71899e-06
4.3413e-05
6.0003e-06
4.41005e-05
4.89196e-06
4.59386e-05
3.07089e-06
4.72906e-05
1.87828e-06
4.72296e-05
2.81751e-06
4.32352e-05
6.58171e-06
3.48626e-05
1.44561e-05
2.31811e-05
2.81035e-05
9.08988e-06
4.82184e-05
-5.36586e-06
7.43494e-05
-1.56126e-05
9.77621e-05
-1.01445e-05
0.000113401
3.70303e-06
0.000121153
1.70346e-05
0.000116941
4.31803e-05
9.8323e-05
8.49062e-05
7.89442e-05
0.000117216
3.74136e-05
0.000183914
-5.36861e-05
0.000267133
-0.000108295
0.000194144
-0.000160615
0.000188819
-0.000196563
0.000182962
-0.000224961
0.000124149
-0.000246733
5.90378e-05
-0.000234087
9.33698e-05
-0.000269103
0.000100338
-0.000246831
1.55235e-07
-0.000252931
6.48011e-05
4.35012e-05
3.95802e-05
-0.000104631
7.54192e-05
-0.000154445
0.000132595
-0.000151593
6.96859e-05
-6.72179e-05
7.41245e-05
9.38842e-05
7.50752e-05
0.000223406
7.0541e-05
0.000263418
6.36775e-05
0.000257138
5.51951e-05
0.000231437
4.69804e-05
0.000204348
3.93774e-05
0.000157863
2.75638e-05
9.76407e-05
2.20148e-05
5.74191e-05
2.45289e-05
4.08989e-05
3.00912e-05
3.85381e-05
3.44756e-05
4.15544e-05
3.69442e-05
4.4822e-05
3.90464e-05
4.51274e-05
4.19314e-05
4.03502e-05
4.64343e-05
3.03598e-05
5.39434e-05
1.5672e-05
6.77314e-05
-4.69829e-06
9.20571e-05
-2.96914e-05
0.000129369
-5.29242e-05
0.000169953
-5.0729e-05
0.000198278
-2.46221e-05
0.000207939
7.37411e-06
0.000184409
6.67096e-05
0.000120795
0.00014852
8.49307e-05
0.00015308
6.1061e-05
0.000207783
1.10646e-05
0.000317129
-2.13924e-05
0.0002266
-7.44818e-06
0.000174875
4.38792e-06
0.000171126
-1.37738e-05
0.000142311
-8.83437e-05
0.000133608
-0.000134139
0.000139165
-0.000154911
0.00012111
-0.000256852
0.000102096
-0.000292435
0.000100384
8.05691e-05
-8.60788e-07
-0.000100147
-1.75661e-05
-0.00013774
-2.41371e-05
-0.000145022
3.38181e-06
-9.47369e-05
5.5439e-05
4.1827e-05
7.21062e-05
0.000206738
7.35813e-05
0.000261943
6.96216e-05
0.000261097
6.10518e-05
0.000240006
5.4009e-05
0.000211391
5.03215e-05
0.00016155
4.8297e-05
9.96652e-05
5.26905e-05
5.30256e-05
6.05231e-05
3.30663e-05
6.83744e-05
3.06868e-05
7.53956e-05
3.45331e-05
8.13837e-05
3.88339e-05
8.62978e-05
4.02134e-05
9.04253e-05
3.62228e-05
9.46288e-05
2.61564e-05
0.000100583
9.71793e-06
0.000111856
-1.59716e-05
0.000136376
-5.42113e-05
0.000175712
-9.22598e-05
0.000220231
-9.52479e-05
0.000250486
-5.48771e-05
0.000245821
1.20388e-05
0.000181303
0.000131228
8.65031e-05
0.00024332
5.79268e-05
0.000181656
5.90939e-05
0.000206616
6.47467e-05
0.000311476
4.23251e-05
0.000249022
5.1737e-05
0.000165463
8.56616e-05
0.000137201
0.000105555
0.000122417
0.000113721
0.000125441
0.000118423
0.000134464
0.000104935
0.000134598
6.8036e-05
0.000138994
2.35294e-05
0.000144891
0.000133248
-1.08229e-05
-9.75369e-05
-1.26994e-05
-0.000135864
7.44141e-06
-0.000165163
2.38997e-05
-0.000111195
4.35498e-05
2.21769e-05
6.63915e-05
0.000183897
7.74546e-05
0.00025088
7.9337e-05
0.000259215
7.84094e-05
0.000240934
7.62738e-05
0.000213527
7.21189e-05
0.000165705
7.04812e-05
0.000101303
8.40244e-05
3.94825e-05
0.000106646
1.04447e-05
0.000126063
1.12699e-05
0.000137132
2.34636e-05
0.00014129
3.46765e-05
0.000142449
3.90538e-05
0.000143858
3.48137e-05
0.000148009
2.20059e-05
0.00015791
-1.82858e-07
0.000174131
-3.21933e-05
0.000198994
-7.90743e-05
0.000226485
-0.000119751
0.00024742
-0.000116183
0.000238781
-4.62375e-05
0.000169678
8.11415e-05
5.71217e-05
0.000243784
4.96174e-05
0.000250824
5.15799e-05
0.000179694
7.44216e-05
0.000183775
8.66896e-05
0.000299208
7.88055e-05
0.000256906
7.53873e-05
0.000168881
0.000103638
0.000108951
0.00013393
9.21254e-05
0.000166415
9.29567e-05
0.000201442
9.94368e-05
0.000227296
0.000108744
0.000240315
0.000125976
0.000244545
0.000140661
0.000147996
-2.97724e-05
-8.90549e-05
-3.94702e-05
-0.000126166
-3.17789e-05
-0.000172854
6.20255e-06
-0.000149177
8.44408e-06
1.99354e-05
5.26825e-05
0.000139658
7.8151e-05
0.000225411
8.92962e-05
0.00024807
9.19708e-05
0.000238259
0.000103398
0.000202099
0.000108173
0.00016093
0.000109087
0.000100389
0.000125643
2.29262e-05
0.000150105
-1.40172e-05
0.000178252
-1.68773e-05
0.000203677
-1.9609e-06
0.000218948
1.94053e-05
0.000220782
3.72202e-05
0.000215693
3.99021e-05
0.000213811
2.38879e-05
0.000221878
-8.24976e-06
0.000239232
-4.95477e-05
0.000253159
-9.30013e-05
0.000251793
-0.000118384
0.000229456
-9.38455e-05
0.000173206
1.00125e-05
8.70438e-05
0.000167304
3.21756e-05
0.000298652
4.98572e-05
0.000233142
5.73597e-05
0.000172191
7.42652e-05
0.000166869
9.2325e-05
0.000281148
0.000105114
0.000244117
0.000109764
0.000164231
0.000109826
0.000108888
0.000119412
8.254e-05
0.000141715
7.06527e-05
0.000172788
6.83645e-05
0.000197087
8.44451e-05
0.000247023
7.60401e-05
0.000291992
9.56911e-05
0.000125172
-4.77757e-05
-7.46059e-05
-7.61417e-05
-9.77996e-05
-0.00010352
-0.000145476
-9.67309e-05
-0.000155965
-3.69307e-05
-3.98648e-05
2.19269e-05
8.08007e-05
6.66162e-05
0.000180722
9.30577e-05
0.000221628
0.000106585
0.000224732
0.000108004
0.00020068
0.00012376
0.000145174
0.000151983
7.2166e-05
0.000175099
-1.902e-07
0.000186898
-2.58165e-05
0.000194928
-2.49074e-05
0.00021116
-1.81931e-05
0.000239743
-9.17687e-06
0.000253348
2.36143e-05
0.000256874
3.63767e-05
0.000257143
2.36184e-05
0.000265138
-1.62441e-05
0.000269584
-5.39942e-05
0.000258459
-8.18757e-05
0.000216963
-7.68889e-05
0.000158899
-3.57815e-05
0.000104725
6.41867e-05
6.62874e-05
0.000205742
6.81739e-05
0.000296766
7.59215e-05
0.000225394
6.87651e-05
0.000179348
6.46454e-05
0.000170989
8.12479e-05
0.000264545
0.000114601
0.000210765
0.000152378
0.000126456
0.000174264
8.70021e-05
0.000169935
8.68696e-05
0.000142549
9.80389e-05
0.000103962
0.000106951
8.67965e-05
0.000101611
0.000102033
6.08039e-05
0.000151073
4.66507e-05
2.26805e-05
-6.15608e-05
-5.89466e-05
-9.06676e-05
-6.86928e-05
-0.00013908
-9.70639e-05
-0.000166553
-0.000128493
-0.000127218
-7.91998e-05
-2.90233e-05
-1.73937e-05
3.56623e-05
0.000116037
8.01557e-05
0.000177135
0.000105051
0.000199837
0.000118599
0.000187132
0.000118226
0.000145548
0.000103172
8.72198e-05
7.48788e-05
2.81029e-05
4.8948e-05
1.14287e-07
3.73833e-05
-1.33427e-05
4.18025e-05
-2.26123e-05
5.47794e-05
-2.21538e-05
9.39386e-05
-1.55449e-05
0.000134163
-3.84772e-06
0.000158669
-8.87689e-07
0.000166829
-2.44038e-05
0.000178383
-6.55489e-05
0.000168626
-7.2118e-05
0.000145741
-5.40045e-05
0.000110265
-3.05196e-07
7.79265e-05
9.65255e-05
7.31186e-05
0.000210549
7.98146e-05
0.00029007
3.69181e-05
0.000268291
-3.43393e-05
0.000250605
-2.57456e-05
0.000162395
3.10639e-05
0.000207736
9.71664e-05
0.000144662
0.0001775
4.61222e-05
0.000255865
8.63766e-06
0.00030418
3.85555e-05
0.000318366
8.38518e-05
0.000317611
0.000107707
0.000314861
0.000104362
0.000291475
8.4191e-05
0.000275617
6.25084e-05
-2.47267e-05
-7.85393e-05
-4.02504e-05
-9.80134e-05
-4.92186e-05
-0.000122389
-7.26882e-05
-0.000143173
-0.000107709
-0.000103639
-0.000118733
-6.90201e-05
-5.2013e-05
-4.21243e-06
5.1229e-05
4.85419e-05
0.000124381
7.84592e-05
0.00016992
9.91992e-05
0.000166392
0.000108663
0.000136084
0.000103014
9.28697e-05
7.98404e-05
5.12761e-05
6.04267e-05
1.9528e-05
5.46932e-05
-7.60919e-06
5.27664e-05
-2.06856e-05
5.00954e-05
-1.94828e-05
4.95279e-05
-1.49774e-05
5.60881e-05
-1.04078e-05
6.48723e-05
-9.6718e-06
5.4748e-05
-1.42796e-05
2.01924e-05
-3.09932e-05
4.65649e-06
-5.65822e-05
-3.09579e-05
-1.83901e-05
-5.50478e-05
2.37845e-05
-2.77818e-05
6.92595e-05
4.74508e-05
0.000135317
9.31151e-05
0.000244406
0.000116968
0.000244438
0.000175924
0.000191649
0.000220749
0.00011757
0.000282531
0.000145954
0.000384308
4.28859e-05
0.000492068
-6.16383e-05
0.000570794
-7.00887e-05
0.000615607
-6.25664e-06
0.000644635
5.48242e-05
0.000676452
7.58901e-05
0.000715198
6.56155e-05
0.0007677
3.16892e-05
0.000845629
-1.54211e-05
-5.54262e-05
-9.24066e-05
-1.68386e-05
-0.000119513
-2.21124e-05
-0.000152057
-4.01441e-05
-0.000185869
-7.38968e-05
-0.000210391
-9.42118e-05
-0.000183761
-7.86425e-05
-0.00010099
-3.15423e-05
-3.96852e-05
6.30762e-05
1.4089e-05
0.000116145
4.59092e-05
0.000134572
7.04963e-05
0.000111497
8.1013e-05
8.2353e-05
7.90841e-05
5.3205e-05
7.97508e-05
1.88613e-05
8.47463e-05
-1.26047e-05
8.83471e-05
-2.42865e-05
9.27047e-05
-2.38404e-05
9.275e-05
-1.50227e-05
9.24138e-05
-1.00717e-05
9.44371e-05
-1.1695e-05
7.63693e-05
3.78816e-06
3.79481e-05
7.42797e-06
-1.65494e-05
-2.08474e-06
-3.25167e-05
-2.42286e-06
-1.96319e-05
1.08998e-05
1.32274e-05
3.64002e-05
6.40432e-05
8.4501e-05
0.000169056
0.000139393
0.000274261
0.000139233
0.000371356
9.45542e-05
0.000442191
4.67361e-05
0.000580045
8.0995e-06
0.000657575
-3.46438e-05
0.000669225
-7.32887e-05
0.000697645
-9.85089e-05
0.000729573
-3.81838e-05
0.000760904
2.3493e-05
0.000804404
3.23911e-05
0.000855889
1.413e-05
0.000908271
-2.06932e-05
0.000957679
-6.48283e-05
-7.8605e-05
-6.58397e-05
-8.79522e-05
-0.000128096
-0.000201993
-0.000296205
-0.000374847
-0.00040639
-0.000343313
-0.000227168
-9.25965e-05
1.89e-05
0.000101253
0.000154458
0.000173319
0.000160715
0.000136428
0.000112588
9.75651e-05
8.74934e-05
7.57984e-05
7.95866e-05
8.70145e-05
8.49298e-05
8.25069e-05
9.34067e-05
0.000129807
0.000214308
0.000353701
0.000492933
0.000587488
0.000634224
0.000642323
0.000607679
0.000534391
0.000435882
0.000397698
0.000421191
0.000453582
0.000467712
0.000447019
0.00038219
)
;

boundaryField
{
    leftWall
    {
        type            calculated;
        value           uniform 0;
    }
    rightWall
    {
        type            calculated;
        value           uniform 0;
    }
    lowerWall
    {
        type            calculated;
        value           uniform 0;
    }
    atmosphere
    {
        type            calculated;
        value           nonuniform List<scalar> 
44
(
-4.47708e-05
-4.60934e-05
-4.59617e-05
-4.62183e-05
-4.6423e-05
-4.66617e-05
-4.69368e-05
-4.72545e-05
-4.76261e-05
-4.80581e-05
-4.85616e-05
-4.91483e-05
-4.98295e-05
-5.0638e-05
-5.15747e-05
-5.26629e-05
-5.39535e-05
-5.54636e-05
-5.72287e-05
-5.93161e-05
-6.17672e-05
-6.46488e-05
-6.80686e-05
-6.80483e-05
-7.22869e-05
-9.13387e-05
-9.96952e-05
-0.000109857
-0.000122231
-0.000137227
-0.0001554
-0.000177057
-0.000202357
-0.000227368
-0.000271582
-0.000329503
-2.91497e-05
0.000229797
0.000314817
0.000253564
0.000323024
0.000876329
0.000980858
0.000303586
)
;
    }
    frontAndBack
    {
        type            empty;
    }
}


// ************************************************************************* //
