/*--------------------------------*- C++ -*----------------------------------*\
  =========                 |
  \\      /  F ield         | OpenFOAM: The Open Source CFD Toolbox
   \\    /   O peration     | Website:  https://openfoam.org
    \\  /    A nd           | Version:  13
     \\/     M anipulation  |
\*---------------------------------------------------------------------------*/
FoamFile
{
    format      ascii;
    class       volScalarField;
    location    "0.15";
    object      p;
}
// * * * * * * * * * * * * * * * * * * * * * * * * * * * * * * * * * * * * * //

dimensions      [1 -1 -2 0 0 0 0];

internalField   nonuniform List<scalar> 
2016
(
8.84311
8.70685
8.52027
8.2905
8.85128
8.71551
8.52718
8.29416
8.86756
8.73294
8.54117
8.3013
8.8915
8.75876
8.56151
8.31042
8.92224
8.79222
8.58665
8.31862
8.95853
8.83193
8.61369
8.32084
8.99889
8.87545
8.63738
8.30854
9.04237
8.91889
8.64847
8.26689
9.09068
8.95789
8.63357
8.17249
9.1486
8.98671
8.57516
7.99294
9.21986
8.98508
8.43569
7.66915
9.31731
8.91638
8.13936
7.06823
9.51801
8.82827
7.69823
6.0635
10.0028
9.0208
7.53302
5.04894
10.9674
9.91862
8.36493
5.65766
12.5022
11.7029
10.4515
8.17805
14.535
14.019
13.1972
12.2519
16.8009
16.3474
15.7262
15.3905
18.9503
18.4641
17.869
17.5933
20.649
20.1673
19.587
19.3075
21.581
21.1965
20.7118
20.4361
21.747
21.4422
20.9928
20.5745
21.3659
21.1936
20.6605
19.9743
20.3153
20.1148
19.5492
18.9039
20.7109
20.4085
19.948
19.5119
20.3402
19.9566
19.4662
19.1777
18.9939
18.5278
17.9428
17.6252
16.8894
16.4256
15.7757
15.331
14.5358
14.0162
13.1581
12.0671
12.4698
11.6904
10.4202
8.16115
11.025
10.0825
8.64
6.33027
10.229
9.43507
8.19252
6.38611
9.8993
9.40221
8.53145
7.35212
9.77661
9.49512
8.90585
8.09798
9.70209
9.51738
9.08557
8.48163
9.64013
9.49113
9.15132
8.67502
9.59095
9.45436
9.17124
8.77755
9.55115
9.41711
9.16789
8.82728
9.51753
9.38223
9.1532
8.84716
9.49056
9.35339
9.13661
8.85283
9.47179
9.33325
9.12365
8.85307
9.46224
9.32315
9.11706
8.85261
8.02274
7.72451
7.41365
7.09934
6.78939
6.48935
6.20244
5.9299
5.67134
5.42527
5.18921
4.96026
4.7361
4.51495
4.29564
4.07749
3.86044
3.64498
3.43208
3.2231
3.01968
2.82341
2.6357
2.45749
2.28923
2.13071
1.98114
1.83925
1.70351
1.57237
1.44441
1.31845
1.19358
1.06914
0.944684
0.819942
0.694789
0.569187
0.443169
0.316793
0.190186
0.0632501
8.02221
7.71939
7.40441
7.08695
6.77501
6.47418
6.18758
5.91623
5.6594
5.41505
5.18089
4.95413
4.73217
4.51279
4.2945
4.07646
3.85862
3.64157
3.42647
3.21492
3.00885
2.81025
2.62083
2.44181
2.27371
2.11628
1.96853
1.82893
1.69564
1.56683
1.44094
1.31669
1.19313
1.06962
0.945785
0.821412
0.696449
0.570911
0.444857
0.318341
0.191525
0.0638221
8.02044
7.70805
7.38461
7.06075
6.74491
6.44273
6.15708
5.88853
5.63578
5.39615
5.16729
4.94513
4.72686
4.51
4.29289
4.07469
3.85544
3.63594
3.41763
3.20244
2.99269
2.79078
2.59879
2.41818
2.24962
2.09288
1.94682
1.80967
1.67924
1.5534
1.43028
1.30846
1.18695
1.06512
0.942599
0.819239
0.695024
0.570011
0.44431
0.318009
0.19128
0.0637625
8.01506
7.68739
7.35068
7.01706
6.69563
6.39197
6.1085
5.84502
5.59943
5.36848
5.14707
4.93206
4.71967
4.50692
4.29188
4.07363
3.85228
3.62887
3.40522
3.1838
2.96763
2.75987
2.56334
2.38008
2.211
2.05579
1.91291
1.78001
1.65426
1.53296
1.41394
1.29563
1.17708
1.05768
0.937126
0.815348
0.692385
0.568336
0.443345
0.317549
0.191148
0.0638593
8.00173
7.65182
7.29634
6.94951
6.62122
6.31679
6.03771
5.78263
5.54806
5.32921
5.12011
4.91594
4.71228
4.50566
4.29378
4.0756
3.85128
3.62213
3.39049
3.15962
2.93355
2.71666
2.51297
2.32545
2.15549
2.00261
1.86465
1.73825
1.61957
1.50504
1.39195
1.27862
1.16411
1.04798
0.930064
0.810371
0.68903
0.566228
0.442174
0.31703
0.191037
0.0639852
7.97314
7.59219
7.21146
6.84809
6.51265
6.20958
5.9388
5.69725
5.47987
5.2788
5.08709
4.89824
4.70682
4.50873
4.30137
4.08351
3.85526
3.61814
3.37527
3.13075
2.89004
2.6594
2.44479
2.25068
2.07923
1.92978
1.79915
1.68239
1.57398
1.46902
1.36408
1.25737
1.14814
1.03618
0.921546
0.804409
0.685045
0.563749
0.440809
0.316445
0.190936
0.0641478
7.91746
7.49409
7.08058
6.69785
6.35668
6.05948
5.80343
5.583
5.39105
5.21591
5.04872
4.88105
4.70619
4.51951
4.31826
4.10112
3.86775
3.62006
3.36165
3.09781
2.83598
2.5852
2.35437
2.15022
1.97633
1.832
1.71241
1.60995
1.51627
1.42449
1.33035
1.2321
1.1294
1.0225
0.911758
0.797606
0.680516
0.56094
0.439269
0.315802
0.190846
0.0643449
7.81455
7.33394
6.87973
6.47698
6.13481
5.85148
5.62004
5.43482
5.27818
5.13968
5.0064
4.86727
4.7142
4.54225
4.34896
4.13324
3.89401
3.63307
3.35353
3.0621
2.76952
2.48927
2.23474
2.01569
1.83806
1.70132
1.5983
1.51706
1.44455
1.37082
1.29073
1.20298
1.10813
1.00714
0.90085
0.790053
0.67549
0.557817
0.437554
0.315083
0.190746
0.0645593
7.63013
7.07078
6.56852
6.15099
5.81997
5.56464
5.36959
5.23654
5.13443
5.04897
4.96258
4.86121
4.73599
4.58236
4.39894
4.18589
3.93956
3.66192
3.35414
3.0238
2.68625
2.36189
2.0726
1.83207
1.65022
1.5266
1.44969
1.40027
1.35787
1.3083
1.24586
1.17061
1.08475
0.990371
0.888989
0.781823
0.669968
0.554331
0.435595
0.31422
0.190587
0.0647604
7.31163
6.63966
6.08304
5.66613
5.37109
5.17116
5.04965
4.97799
4.95268
4.94159
4.91852
4.86658
4.77645
4.64492
4.47296
4.26113
4.01048
3.71355
3.36865
2.9836
2.58128
2.19314
1.84581
1.56871
1.38029
1.27961
1.24721
1.24977
1.2528
1.23639
1.19608
1.13537
1.05957
0.972445
0.876294
0.772912
0.663859
0.550351
0.433239
0.313074
0.190271
0.0648897
6.77098
5.94584
5.34658
4.96704
4.74529
4.62775
4.59175
4.63399
4.72658
4.82074
4.88153
4.89104
4.84202
4.73548
4.57769
4.37239
4.1162
3.79738
3.40264
2.93482
2.43645
1.96365
1.53908
1.20256
1.00351
0.938492
0.976349
1.06026
1.12975
1.15734
1.14321
1.09838
1.03333
0.95377
0.862894
0.763254
0.656999
0.545659
0.430247
0.31142
0.189628
0.0648543
5.83785
4.85208
4.29704
4.0506
3.95945
3.93824
4.0089
4.19522
4.44005
4.66945
4.84221
4.93073
4.9291
4.84917
4.7091
4.51733
4.26397
3.92198
3.44444
2.83027
2.15696
1.52884
0.974136
0.569947
0.384516
0.394833
0.568843
0.806851
0.986693
1.07434
1.08904
1.06015
1.00634
0.9345
0.848721
0.75265
0.649114
0.539925
0.426265
0.308915
0.188371
0.0645076
4.30079
3.24509
2.94735
3.01813
3.13375
3.20773
3.39876
3.79418
4.21167
4.55986
4.83333
4.99703
5.0392
4.98145
4.86072
4.69606
4.46527
4.10983
3.48276
2.70556
1.84227
1.00094
0.196038
-0.376226
-0.538701
-0.410011
-0.0410121
0.450307
0.814685
0.990917
1.03595
1.02179
0.979243
0.914696
0.833549
0.740802
0.639851
0.532727
0.420825
0.305062
0.186032
0.0637249
2.20321
1.26455
1.51497
2.07718
2.41385
2.48853
2.74912
3.36758
3.9781
4.50324
4.88278
5.09596
5.16268
5.11605
5.01605
4.90095
4.74617
4.48168
3.68128
2.76541
1.97814
0.598351
-0.591133
-1.22337
-1.70111
-1.54572
-0.810784
0.00182616
0.600527
0.900204
0.982501
0.984938
0.953224
0.894469
0.817164
0.727423
0.628842
0.523674
0.413523
0.299428
0.182059
0.0615283
0.218921
-0.736666
0.527979
1.03454
1.50816
2.10124
2.5946
3.20455
3.94675
4.64373
5.04935
5.2427
5.29099
5.22454
5.13431
5.09098
5.07962
5.13294
4.41494
2.14747
1.54138
0.11414
-0.938677
-1.31283
-1.80346
-1.99895
-1.25981
-0.297276
0.425472
0.810369
0.929088
0.95202
0.92826
0.873697
0.799512
0.712308
0.61585
0.512576
0.404175
0.291736
0.175948
0.057049
2.2853
-1.87027
2.52479
2.13071
2.14965
2.43943
2.80985
3.24417
3.97723
4.68878
5.11617
5.31153
5.34937
5.29117
5.23906
5.23895
5.31791
5.36433
4.4384
1.84953
0.507977
-0.766137
-0.956305
-1.35351
-1.73745
-1.88754
-1.26679
-0.332224
0.360838
0.752979
0.891305
0.922976
0.90287
0.851221
0.77992
0.695161
0.600845
0.499529
0.392911
0.282103
0.167846
0.050545
11.3703
7.85086
2.85558
2.31509
1.55194
1.84731
2.75107
4.03294
4.79218
5.33894
5.42599
5.49358
5.46185
5.30144
5.07474
4.92488
4.62526
1.71689
0.781944
7.46878
-0.252152
-0.588828
-0.826033
-1.16211
-1.44812
-1.39953
-0.882038
-0.126712
0.423607
0.740928
0.863518
0.893603
0.875338
0.8265
0.758184
0.676045
0.584054
0.484814
0.380043
0.270865
0.158126
0.0424057
16.1552
15.6248
2.00718
1.7671
-4.27018
-14.3442
-4.48008
4.17296
5.90122
5.41828
4.89487
3.98221
2.51399
0.519186
-1.76655
-5.22388
-11.5564
-13.7003
3.58463
11.9937
-0.292467
-0.431553
-0.580331
-0.744387
-0.820074
-0.741965
-0.374657
0.13232
0.522093
0.745596
0.839014
0.863004
0.845783
0.799945
0.734748
0.655491
0.566032
0.468998
0.366134
0.258573
0.147321
0.0331479
17.8437
17.937
2.53374
-6.43794
-5.48869
-5.36905
-3.86369
-1.43457
0.668754
2.04039
2.58707
2.59337
2.11248
1.11004
-0.0506268
-2.1766
-7.8607
-9.95055
8.0134
10.1173
-0.240189
-0.315625
-0.382125
-0.426838
-0.401394
-0.267324
0.00426106
0.325941
0.581578
0.735698
0.809083
0.830211
0.814878
0.772469
0.710673
0.634511
0.547707
0.452953
0.352002
0.245988
0.136142
0.0234369
19.5283
19.6931
13.9143
-8.41796
-9.27183
-5.43708
-4.06699
-2.30171
-0.798628
-0.110801
-0.0421502
-0.370705
-1.17906
-2.52202
-4.03837
-6.49707
-12.0846
-12.6401
7.38678
10.1125
-0.170589
-0.216352
-0.238697
-0.22609
-0.159465
-0.0187925
0.190011
0.412666
0.592292
0.71104
0.775353
0.796687
0.784266
0.745669
0.68748
0.614449
0.530274
0.43772
0.338561
0.233955
0.125379
0.0140013
20.6462
20.6847
18.1997
-8.16588
-13.8567
-8.22871
-6.19955
-4.17283
-2.13338
-1.16566
-1.04989
-1.3751
-2.18622
-3.5298
-5.08088
-7.77307
-13.7696
-14.0205
7.09687
9.06504
-0.104628
-0.139522
-0.141071
-0.10497
-0.0265645
0.101106
0.267549
0.438817
0.582136
0.684206
0.744044
0.766178
0.756697
0.721703
0.666877
0.596728
0.514961
0.424387
0.326773
0.223354
0.11585
0.00558115
20.9039
21.5171
20.4968
-6.61118
-15.9058
-10.0589
-7.72104
-5.70391
-3.54295
-2.46794
-2.30207
-2.63008
-3.47851
-4.8467
-6.38001
-9.07039
-15.0876
-14.9683
6.91128
8.46397
-0.0552124
-0.084588
-0.0770447
-0.0316399
0.049161
0.165072
0.305086
0.447204
0.570201
0.662177
0.718853
0.741619
0.734533
0.702494
0.650453
0.582688
0.502894
0.413923
0.317511
0.214989
0.108289
-0.00115668
21.7984
23.3829
23.3669
-2.98152
-16.0676
-10.9971
-8.60602
-6.52401
-4.2654
-3.13559
-2.95359
-3.29571
-4.18823
-5.61159
-7.1943
-9.95669
-16.0265
-15.6343
6.81075
8.08221
-0.0225932
-0.0495331
-0.0387558
0.00811606
0.0886589
0.19674
0.322109
0.448494
0.56006
0.646041
0.700902
0.724366
0.719159
0.689347
0.639381
0.573371
0.494993
0.40713
0.311505
0.209536
0.103318
-0.00566047
29.8106
27.177
25.907
-0.521626
-16.0739
-11.4186
-9.05813
-6.93168
-4.59064
-3.4103
-3.21298
-3.56764
-4.48662
-5.93511
-7.53828
-10.3389
-16.4439
-15.924
6.77406
7.93646
-0.00765823
-0.0334509
-0.0215416
0.0253696
0.103253
0.206607
0.32551
0.44553
0.552633
0.636508
0.691155
0.715522
0.711703
0.683344
0.634637
0.569621
0.491988
0.404638
0.309321
0.207521
0.101418
-0.00749051
29.7726
27.0302
25.748
-0.702159
-16.0395
-11.2967
-8.93437
-6.8073
-4.46891
-3.28737
-3.09374
-3.4641
-4.40799
-5.88451
-7.50993
-10.3114
-16.3969
-15.8965
6.75933
7.97034
-0.00886422
-0.0349044
-0.0238127
0.0215939
0.0973888
0.199404
0.318244
0.439292
0.547897
0.63325
0.689215
0.714723
0.711846
0.684194
0.635953
0.57119
0.493639
0.406236
0.310785
0.208799
0.102458
-0.00675428
20.7222
22.5079
22.5951
-3.73468
-15.8849
-10.6294
-8.29749
-6.22828
-3.95957
-2.8074
-2.6294
-3.01017
-3.95041
-5.40415
-6.9842
-9.702
-15.7198
-15.4586
6.78754
8.18179
-0.0271203
-0.055078
-0.046981
-0.00478513
0.0687429
0.172176
0.297258
0.427309
0.54432
0.635667
0.695151
0.722412
0.720197
0.692553
0.643972
0.578673
0.500479
0.412394
0.316299
0.213708
0.106717
-0.00323493
19.781
20.3483
18.8685
-7.97952
-15.1967
-9.20568
-6.90193
-4.80404
-2.6112
-1.5331
-1.40478
-1.80178
-2.72955
-4.17808
-5.78481
-8.51441
-14.5393
-14.6826
6.83474
8.71461
-0.067582
-0.100148
-0.0991996
-0.0641229
0.00414895
0.11166
0.251945
0.403514
0.540093
0.644648
0.711202
0.741281
0.739409
0.710795
0.660729
0.593799
0.51397
0.424345
0.326901
0.22313
0.11495
0.00369292
19.3936
19.5071
15.3279
-9.3156
-11.3636
-6.30367
-4.57609
-2.843
-1.21569
-0.458487
-0.428823
-0.864916
-1.80208
-3.24205
-4.81253
-7.33215
-13.0025
-13.4724
6.93773
9.74937
-0.126946
-0.166909
-0.181453
-0.164663
-0.111819
0.0037955
0.171573
0.362634
0.534314
0.660646
0.737311
0.770434
0.768113
0.737325
0.684584
0.614984
0.53265
0.44075
0.341353
0.235914
0.126112
0.0131063
17.8
17.934
6.17967
-6.95736
-5.35516
-4.23836
-3.54403
-1.68539
0.406298
1.81196
2.31029
2.22137
1.66692
0.646654
-0.528134
-2.71893
-8.527
-10.5703
7.64263
10.0802
-0.194554
-0.252353
-0.29649
-0.319238
-0.294806
-0.195158
0.00605925
0.266533
0.508053
0.676531
0.770248
0.807092
0.803837
0.769984
0.713676
0.6406
0.555098
0.460357
0.358512
0.250993
0.13921
0.0241081
15.6783
15.1413
-1.03941
2.04405
-3.06487
-12.0662
-2.89657
3.93755
5.60564
5.24221
4.69384
3.7445
2.29289
0.261133
-2.21767
-5.9726
-12.7104
-14.8385
3.30889
12.0054
-0.262123
-0.351337
-0.448748
-0.563969
-0.649352
-0.614547
-0.371006
0.0244934
0.407545
0.666422
0.798757
0.844913
0.842395
0.805594
0.745468
0.668523
0.579487
0.481583
0.376975
0.267078
0.153057
0.0356262
10.7484
6.29756
1.8912
2.62194
3.30343
2.19016
3.32413
4.51512
4.99642
5.50566
5.61079
5.72347
5.72894
5.58471
5.32328
5.12673
4.87085
1.88357
1.06503
6.90167
-0.290616
-0.497098
-0.656945
-0.943193
-1.20746
-1.27549
-0.972929
-0.355889
0.219213
0.616957
0.817216
0.881116
0.881164
0.841488
0.77739
0.696522
0.603864
0.502723
0.39524
0.282812
0.16641
0.0465299
3.26456
-0.676551
2.06654
3.20273
3.36209
3.1747
3.37578
3.74461
4.29482
4.89595
5.30218
5.51766
5.58565
5.5513
5.50005
5.48644
5.5737
5.68194
4.71959
2.67287
0.40953
-0.573769
-0.743433
-1.12739
-1.48179
-1.75741
-1.55672
-0.721593
0.0529394
0.586898
0.845738
0.919812
0.918816
0.875501
0.807183
0.722573
0.626504
0.522247
0.411948
0.29697
0.178149
0.0557848
2.43084
0.975506
2.04994
2.59838
2.83676
2.66013
2.94105
3.55768
4.24065
4.84313
5.23813
5.45718
5.53333
5.49037
5.39974
5.33067
5.28628
5.24658
4.69997
3.25741
1.94644
0.994088
-0.617757
-1.15881
-1.54464
-1.86174
-1.58807
-0.750441
0.0959169
0.661529
0.902838
0.961058
0.952937
0.905704
0.833469
0.745376
0.646258
0.539097
0.426121
0.308644
0.187422
0.0625747
4.24674
3.16068
3.18158
3.47656
3.62095
3.4765
3.22993
3.60705
4.22919
4.72285
5.09963
5.32577
5.4089
5.37695
5.27607
5.14303
4.96531
4.68141
4.02182
3.11415
2.45883
1.7995
0.125356
-0.985591
-1.52326
-1.51829
-1.02411
-0.325862
0.346644
0.799232
0.983434
1.01185
0.987039
0.933066
0.856643
0.764888
0.662795
0.55274
0.437269
0.317383
0.193754
0.0663231
6.01223
4.99424
4.51438
4.35083
4.27551
4.16841
4.08243
4.22454
4.53431
4.85484
5.10797
5.2562
5.29376
5.23703
5.11174
4.93478
4.69559
4.35141
3.81417
3.12025
2.41413
1.65536
0.771473
0.0801923
-0.260553
-0.258881
-0.0078471
0.357159
0.730009
0.970832
1.06299
1.06338
1.02306
0.959558
0.877645
0.781754
0.676176
0.563539
0.445591
0.323371
0.197455
0.0677073
7.1429
6.26577
5.6545
5.27216
5.02708
4.85076
4.7369
4.74174
4.86604
5.0304
5.15675
5.21178
5.19011
5.09938
4.95066
4.75072
4.49463
4.16559
3.74188
3.2144
2.62846
2.0393
1.45418
0.991352
0.704397
0.614313
0.692081
0.853174
1.01144
1.11041
1.13954
1.11588
1.06085
0.986444
0.897317
0.796573
0.687303
0.571785
0.451436
0.327128
0.199413
0.0682827
7.76596
7.05519
6.47019
6.03078
5.70976
5.47458
5.31141
5.21738
5.19849
5.2152
5.22079
5.18922
5.1117
4.98739
4.81822
4.60575
4.34859
4.04072
3.67728
3.26081
2.81529
2.37236
1.95299
1.58506
1.32271
1.18085
1.14983
1.179
1.21618
1.23169
1.21463
1.16721
1.09735
1.01211
0.915423
0.809575
0.696584
0.578183
0.45555
0.329424
0.200333
0.0683672
8.11312
7.52986
7.00343
6.56207
6.20519
5.92072
5.69806
5.53689
5.42533
5.34448
5.26742
5.17406
5.05376
4.90191
4.71676
4.49746
4.24538
3.95725
3.6336
3.28002
2.90993
2.53989
2.18733
1.89821
1.67274
1.52183
1.43855
1.39669
1.36768
1.33256
1.28185
1.21356
1.13022
1.03543
0.931818
0.821028
0.704429
0.58328
0.458545
0.330854
0.200704
0.0681826
8.31149
7.81327
7.33781
6.91088
6.5422
6.23127
5.97389
5.76604
5.59484
5.44983
5.31461
5.17469
5.02011
4.84526
4.64734
4.42529
4.17732
3.90556
3.61162
3.30062
2.98207
2.66905
2.37731
2.12464
1.91695
1.75726
1.64141
1.55657
1.48622
1.41693
1.34087
1.25512
1.15986
1.05654
0.946613
0.831177
0.711169
0.587476
0.460847
0.331807
0.200814
0.0678873
8.4227
7.98223
7.54764
7.14068
6.77355
6.45024
6.16955
5.92719
5.71805
5.53107
5.35608
5.18254
5.00219
4.80959
4.60161
4.37674
4.13425
3.8757
3.60347
3.32215
3.03899
2.7633
2.50528
2.27446
2.07637
1.91245
1.77986
1.67077
1.57478
1.48278
1.38879
1.28985
1.18508
1.07472
0.959455
0.839973
0.716936
0.590983
0.462695
0.332505
0.200827
0.0675789
8.48374
8.08367
7.68045
7.29207
6.93052
6.60167
6.30672
6.04367
5.80845
5.59376
5.39176
5.19449
4.9953
4.78941
4.57384
4.34708
4.10874
3.86002
3.60316
3.34204
3.08219
2.83024
2.59308
2.3769
2.18559
2.01988
1.87747
1.75324
1.64059
1.5333
1.42673
1.31803
1.20586
1.08987
0.970251
0.847402
0.721792
0.593906
0.464208
0.333053
0.200815
0.0673053
8.5165
8.14369
7.76263
7.3886
7.03296
6.70243
6.39959
6.12384
5.87224
5.63937
5.41945
5.20631
4.99442
4.77945
4.55857
4.33029
4.09433
3.85247
3.60604
3.35822
3.11341
2.87646
2.65239
2.44547
2.25832
2.09138
1.94298
1.80963
1.68674
1.56971
1.45474
1.33923
1.22169
1.10149
0.978577
0.853153
0.725566
0.596197
0.46542
0.333524
0.200854
0.0670879
8.53304
8.177
7.81
7.44563
7.09469
6.76416
6.45728
6.17419
5.91236
5.6683
5.4374
5.21455
4.99495
4.77468
4.55117
4.32296
4.08943
3.85086
3.61036
3.36996
3.13362
2.90492
2.68803
2.48635
2.3019
2.13492
1.98387
1.84579
1.71695
1.59365
1.47289
1.35248
1.23105
1.10791
0.982831
0.855855
0.727188
0.597098
0.465875
0.333741
0.201006
0.0670744
8.54013
8.19204
7.83183
7.47226
7.12383
6.79358
6.48512
6.19914
5.93424
5.68646
5.45042
5.22162
4.99632
4.77158
4.54525
4.31607
4.08392
3.84913
3.61302
3.37865
3.14838
2.92604
2.71461
2.51656
2.33331
2.16494
2.01022
1.86691
1.73223
1.60337
1.47781
1.35368
1.22968
1.10501
0.979181
0.851984
0.723416
0.593601
0.462745
0.331073
0.198878
0.0661745
)
;

boundaryField
{
    leftWall
    {
        type            calculated;
        value           nonuniform List<scalar> 
46
(
8.84311
8.70685
8.52027
8.2905
8.02274
7.72451
7.41365
7.09934
6.78939
6.48935
6.20244
5.9299
5.67134
5.42527
5.18921
4.96026
4.7361
4.51495
4.29564
4.07749
3.86044
3.64498
3.43208
3.2231
3.01968
2.82341
2.6357
2.45749
2.28923
2.13071
1.98114
1.83925
1.70351
1.57237
1.44441
1.31845
1.19358
1.06914
0.944684
0.819942
0.694789
0.569187
0.443169
0.316793
0.190186
0.0632501
)
;
    }
    rightWall
    {
        type            calculated;
        value           nonuniform List<scalar> 
46
(
9.46224
9.32315
9.11706
8.85261
8.54013
8.19204
7.83183
7.47226
7.12383
6.79358
6.48512
6.19914
5.93424
5.68646
5.45042
5.22162
4.99632
4.77158
4.54525
4.31607
4.08392
3.84913
3.61302
3.37865
3.14838
2.92604
2.71461
2.51656
2.33331
2.16494
2.01022
1.86691
1.73223
1.60337
1.47781
1.35368
1.22968
1.10501
0.979181
0.851984
0.723416
0.593601
0.462745
0.331073
0.198878
0.0661745
)
;
    }
    lowerWall
    {
        type            calculated;
        value           nonuniform List<scalar> 
52
(
20.3153
20.1148
19.5492
18.9039
20.3749
20.7705
20.4001
19.0546
16.9496
14.5955
12.5291
11.084
10.2879
9.95816
9.83547
9.76095
9.69899
9.64981
9.61001
9.57639
9.54942
9.53065
9.5211
21.3659
21.1936
20.6605
19.9743
8.90197
8.91014
8.92642
8.95036
8.9811
9.01739
9.05774
9.10123
9.14954
9.20746
9.27872
9.37617
9.57688
10.0617
11.0266
12.5617
14.5948
16.8614
19.0118
20.7095
21.6405
21.8063
21.4252
30.2081
30.1795
)
;
    }
    atmosphere
    {
        type            calculated;
        value           nonuniform List<scalar> 
44
(
0
0
0
0
0
0
0
0
0
0
0
0
0
-0.000961063
-0.00434063
-0.00980208
-0.0169315
-0.0252017
-0.0339767
-0.0425658
-0.0502837
-0.0565065
-0.060725
-0.0625272
-0.0619968
-0.058957
-0.052855
-0.0445299
-0.0348107
-0.0246939
-0.015242
-0.00745526
-0.00216414
-1.84978e-05
0
0
0
0
0
0
0
0
0
0
)
;
    }
    frontAndBack
    {
        type            empty;
    }
}


// ************************************************************************* //
