/*--------------------------------*- C++ -*----------------------------------*\
  =========                 |
  \\      /  F ield         | OpenFOAM: The Open Source CFD Toolbox
   \\    /   O peration     | Website:  https://openfoam.org
    \\  /    A nd           | Version:  13
     \\/     M anipulation  |
\*---------------------------------------------------------------------------*/
FoamFile
{
    format      ascii;
    class       volScalarField;
    location    "0.15";
    object      p_rgh;
}
// * * * * * * * * * * * * * * * * * * * * * * * * * * * * * * * * * * * * * //

dimensions      [1 -1 -2 0 0 0 0];

internalField   nonuniform List<scalar> 
2016
(
8.90197
8.88343
8.81456
8.70251
8.91014
8.89209
8.82147
8.70618
8.92642
8.90952
8.83546
8.71331
8.95036
8.93533
8.85581
8.72243
8.9811
8.96879
8.88095
8.73063
9.01739
9.00851
8.90798
8.73286
9.05774
9.05203
8.93167
8.72055
9.10123
9.09546
8.94277
8.67892
9.14954
9.13447
8.92788
8.58457
9.20746
9.16329
8.86951
8.40527
9.27872
9.16168
8.73018
8.08249
9.37617
9.09303
8.43447
7.48479
9.57688
9.0051
7.99586
6.48976
10.0617
9.19963
7.85592
5.74525
11.0266
10.1053
8.7634
6.79313
12.5617
11.8926
10.8649
9.12873
14.5948
14.2041
13.5498
13.0175
16.8614
16.5309
16.0625
16.1567
19.0118
18.6502
18.2146
18.381
20.7095
20.3523
19.9437
20.0771
21.6405
21.3784
21.05
21.1405
21.8063
21.6209
21.3091
21.1705
21.4252
21.3715
20.9597
20.4593
20.3749
20.2936
19.8514
19.4048
20.7705
20.5882
20.2708
20.1346
20.4001
20.1387
19.8113
19.9237
19.0546
18.7121
18.285
18.3773
16.9496
16.6078
16.1082
16.0791
14.5955
14.2005
13.5187
12.9012
12.5291
11.8801
10.8483
9.23707
11.084
10.2668
9.01604
7.2582
10.2879
9.61243
8.49462
6.86795
9.95816
9.5789
8.8271
7.77146
9.83547
9.67172
9.20043
8.51179
9.76095
9.69396
9.37994
8.89401
9.69899
9.66771
9.44563
9.0871
9.64981
9.63094
9.46554
9.18958
9.61001
9.59369
9.46219
9.23929
9.57639
9.55881
9.44749
9.25917
9.54942
9.52996
9.4309
9.26484
9.53065
9.50982
9.41794
9.26508
9.5211
9.49973
9.41135
9.26463
8.55621
8.38317
8.1975
8.00839
7.82364
7.64879
7.48708
7.33973
7.20636
7.08548
6.97463
6.87088
6.77191
6.67596
6.58183
6.48888
6.39703
6.30676
6.21905
6.13526
6.05703
5.98597
5.92345
5.87043
5.82736
5.79403
5.76966
5.75296
5.74242
5.73648
5.73371
5.73295
5.73328
5.73403
5.73477
5.73522
5.73526
5.73485
5.73403
5.73285
5.73144
5.72969
8.55568
8.37805
8.18827
7.996
7.80925
7.63362
7.47221
7.32606
7.19442
7.07526
6.9663
6.86475
6.76797
6.67379
6.58069
6.48785
6.3952
6.30334
6.21344
6.12709
6.04621
5.9728
5.90858
5.85475
5.81185
5.77961
5.75706
5.74264
5.73454
5.73094
5.73024
5.73118
5.73283
5.73451
5.73587
5.73669
5.73692
5.73658
5.73572
5.7344
5.73277
5.73027
8.5539
8.36671
8.16847
7.9698
7.77916
7.60217
7.44172
7.29836
7.1708
7.05637
6.9527
6.85575
6.76266
6.671
6.57909
6.48607
6.39202
6.29772
6.2046
6.1146
6.03005
5.95334
5.88654
5.83112
5.78776
5.7562
5.73534
5.72338
5.71815
5.7175
5.71957
5.72295
5.72665
5.73001
5.73269
5.73452
5.7355
5.73568
5.73517
5.73406
5.73253
5.73021
8.54852
8.34605
8.13453
7.92611
7.72987
7.55141
7.39313
7.25485
7.13444
7.02869
6.93248
6.84267
6.75547
6.66792
6.57807
6.48502
6.38887
6.29065
6.19219
6.09597
6.00499
5.92242
5.85109
5.79302
5.74914
5.71911
5.70143
5.69372
5.69317
5.69707
5.70323
5.71013
5.71678
5.72257
5.72721
5.73063
5.73286
5.734
5.73421
5.7336
5.7324
5.7303
8.5352
8.31048
8.08019
7.85856
7.65547
7.47623
7.32235
7.19246
7.08308
6.98942
6.90552
6.82655
6.74809
6.66666
6.57997
6.48699
6.38786
6.28391
6.17746
6.07179
5.97091
5.87921
5.80071
5.73839
5.69363
5.66594
5.65317
5.65196
5.65848
5.66914
5.68125
5.69311
5.7038
5.71287
5.72015
5.72565
5.7295
5.7319
5.73304
5.73309
5.73229
5.73043
8.50661
8.25085
7.99532
7.75715
7.54689
7.36902
7.22344
7.10708
7.01489
6.93901
6.87251
6.80886
6.74262
6.66973
6.58756
6.4949
6.39184
6.27992
6.16224
6.04292
5.9274
5.82196
5.73254
5.66362
5.61736
5.59311
5.58767
5.59611
5.61289
5.63312
5.65338
5.67187
5.68783
5.70107
5.71163
5.71969
5.72552
5.72942
5.73167
5.7325
5.73218
5.73059
8.45094
8.15277
7.86445
7.60692
7.39095
7.21895
7.08809
6.99285
6.92608
6.87613
6.83414
6.79166
6.742
6.68051
6.60446
6.5125
6.40433
6.28183
6.14862
6.00997
5.87333
5.74775
5.64212
5.56316
5.51446
5.49532
5.50093
5.52366
5.55518
5.58859
5.61965
5.64659
5.6691
5.68739
5.70184
5.71289
5.72099
5.72661
5.73013
5.73186
5.7321
5.73079
8.34806
7.99268
7.6637
7.38618
7.16922
7.0111
6.90486
6.84481
6.81331
6.79995
6.79184
6.77789
6.75001
6.70325
6.63516
6.54463
6.4306
6.29484
6.1405
5.97426
5.80688
5.65182
5.52248
5.42863
5.3762
5.36465
5.38682
5.43078
5.48346
5.53492
5.58003
5.61748
5.64783
5.67203
5.69094
5.70533
5.71596
5.72348
5.72842
5.73114
5.73199
5.731
8.16381
7.72989
7.35303
7.06089
6.8552
6.72517
6.65542
6.64742
6.67016
6.70953
6.74804
6.77187
6.77184
6.74337
6.68514
6.59728
6.47614
6.32369
6.14111
5.93596
5.72361
5.52445
5.36035
5.24501
5.18835
5.18993
5.23822
5.31399
5.39678
5.4724
5.53516
5.58511
5.62445
5.65526
5.67907
5.6971
5.71044
5.72
5.72646
5.73028
5.73184
5.7312
7.84598
7.30045
6.87023
6.57962
6.41043
6.3363
6.34044
6.39312
6.49058
6.60266
6.70487
6.77775
6.81229
6.80593
6.75916
6.67252
6.54707
6.37533
6.15563
5.89577
5.61865
5.35573
5.13368
4.98165
4.91843
4.94294
5.03574
5.16348
5.2917
5.4005
5.48537
5.54987
5.59927
5.63734
5.66638
5.68819
5.70433
5.71602
5.7241
5.72913
5.73152
5.73133
7.30806
6.61351
6.14597
5.89718
5.80304
5.81296
5.90183
6.06454
6.28003
6.49117
6.66752
6.80174
6.87787
6.89649
6.86389
6.78378
6.65278
6.45916
6.18967
5.84716
5.47417
5.12693
4.82931
4.6178
4.54179
4.60182
4.76487
4.97398
5.16866
5.32144
5.43251
5.51288
5.57303
5.61866
5.65298
5.67853
5.69747
5.71133
5.72111
5.72747
5.73088
5.7313
6.38608
5.54679
5.14885
5.05103
5.08878
5.196
5.40007
5.71306
6.01172
6.33086
6.62779
6.84142
6.96495
7.01023
6.99531
6.92872
6.80056
6.5838
6.23247
5.74519
5.20316
4.69735
4.28569
3.98411
3.92287
4.05819
4.35737
4.72057
5.0256
5.23844
5.37834
5.47465
5.54604
5.59939
5.63881
5.66793
5.68959
5.70559
5.71713
5.72497
5.72962
5.73095
4.89328
4.04922
4.01854
4.26481
4.50866
4.71857
4.93
5.24646
5.75366
6.22471
6.62673
6.92153
7.07922
7.14252
7.14693
7.10745
7.00186
6.77232
6.27852
5.65224
4.98139
4.2471
4.54577
4.00154
3.00067
3.25355
3.74755
4.3643
4.85362
5.15502
5.32525
5.43629
5.51894
5.57959
5.62364
5.65608
5.68033
5.69839
5.71169
5.72112
5.72728
5.73017
3.05026
2.49092
3.23365
4.16018
5.29847
5.97474
6.09945
6.99611
7.57792
7.13511
6.76337
7.0219
7.20218
7.27748
7.30227
7.31235
7.28294
7.14771
6.53418
6.23977
8.37276
22.1904
22.6336
22.8857
16.6896
8.9016
3.51726
3.91629
4.63953
5.06431
5.2718
5.39944
5.49292
5.55936
5.60725
5.6427
5.66932
5.68934
5.70438
5.71548
5.72331
5.72797
5.58806
4.90307
3.81609
5.71576
6.88044
6.79187
3.92932
4.98137
6.23989
6.73721
6.83537
7.156
7.32883
7.38653
7.42056
7.50239
7.61645
7.81009
13.2025
83.1339
150.53
55.5188
2.37483
2.20803
4.1394
8.81343
7.01511
4.07187
4.46698
4.97668
5.21838
5.36652
5.46796
5.53859
5.5896
5.62759
5.65632
5.67824
5.69504
5.70779
5.7172
5.72349
11.7547
34.294
22.922
3.13864
3.25674
3.64408
4.13693
4.68565
5.5241
6.34955
6.90188
7.22234
7.38535
7.4523
7.52533
7.65047
7.86433
8.43904
97.5205
287.848
191.257
2.39912
2.34212
2.0807
2.69233
6.76555
7.28726
3.84239
4.39986
4.91802
5.1806
5.33747
5.44257
5.51611
5.57001
5.61044
5.64132
5.6652
5.68377
5.69816
5.7091
5.71699
20.7948
56.1561
60.071
4.37887
3.34367
54.693
636.746
1131.2
1307.56
1408.63
1457.06
1538.3
1641.55
1721.69
1702.86
1703.15
1787.44
1955.36
1679.92
381.493
2.78638
2.5748
2.46409
2.26464
2.61596
3.58667
4.60128
3.80044
4.46254
4.90503
5.15281
5.3081
5.41504
5.49139
5.54827
5.59132
5.62453
5.65048
5.6709
5.68692
5.69937
5.70885
18.7706
26.3935
239.021
657.416
864.606
1037.36
1257.09
1412.73
1540.16
1664.57
1789.08
1912.91
2034.42
2153.23
2269.43
2381.23
2487.78
2592.5
2336.68
598.19
2.74553
2.73137
2.70798
2.69423
2.79111
2.97347
3.42168
4.04938
4.56101
4.9097
5.12831
5.2775
5.38548
5.46484
5.52483
5.57077
5.60651
5.63467
5.657
5.67463
5.68857
5.69959
20.3855
28.6149
267.682
825.622
1027.56
1153.71
1280.3
1408.26
1535.67
1662.21
1787.9
1912.99
2037.5
2161.34
2284.68
2406.12
2519.14
2620.69
2269.34
498.814
2.79745
2.84715
2.90583
2.98932
3.14499
3.40137
3.79346
4.23994
4.62049
4.8998
5.09838
5.24471
5.35458
5.43736
5.50076
5.54979
5.58818
5.61862
5.64286
5.66204
5.67739
5.68988
21.5552
26.7171
115.158
660.068
1024.65
1153.96
1280.33
1407.51
1534.21
1660.09
1785.35
1910.21
2034.53
2158.18
2281.23
2401.92
2514.85
2617.58
2264.07
497.114
2.86684
2.94626
3.04909
3.18712
3.37938
3.64498
3.97861
4.3264
4.6312
4.87514
5.06465
5.21118
5.32396
5.41056
5.47757
5.52973
5.57075
5.60339
5.62942
5.65001
5.66663
5.68044
22.5009
26.5082
66.6341
536.119
1015.05
1151.17
1278.4
1405.62
1532.87
1659.03
1784.35
1909.21
2033.53
2157.16
2280.13
2400.47
2512.66
2614.76
2205.19
443.678
2.93278
3.02305
3.14669
3.30799
3.51161
3.76446
4.05608
4.35253
4.62104
4.84831
5.03334
5.18068
5.2964
5.3866
5.45696
5.51201
5.55544
5.59005
5.61763
5.63941
5.6571
5.67202
22.6161
26.8258
51.9366
476.413
1004.47
1149.35
1276.87
1404.09
1531.46
1657.73
1783.1
1907.96
2032.23
2155.84
2278.8
2399.08
2511.05
2612.89
2168.31
413.229
2.98224
3.07803
3.21078
3.3813
3.5873
3.8284
4.09361
4.36092
4.60911
4.82628
5.00815
5.15612
5.27423
5.36739
5.44054
5.49797
5.54337
5.57959
5.60837
5.63104
5.64954
5.66529
23.8076
28.1321
47.8298
450.035
997.826
1148.42
1276
1403.27
1530.74
1657.06
1782.45
1907.29
2031.52
2155.07
2277.97
2398.13
2509.92
2611.62
2143.5
393.597
3.01491
3.11313
3.2491
3.42106
3.62679
3.86007
4.11063
4.36221
4.59897
4.81014
4.9902
5.13886
5.25886
5.35424
5.42947
5.48865
5.53547
5.5728
5.60237
5.62559
5.64457
5.66078
33.1982
32.7771
45.7958
428.785
993.765
1148
1275.55
1402.88
1530.42
1656.79
1782.19
1907.02
2031.22
2154.74
2277.62
2397.73
2509.43
2611.09
2133.68
386.019
3.02986
3.12923
3.26632
3.43831
3.64139
3.86993
4.11403
4.35925
4.59154
4.80061
4.98045
5.13002
5.2514
5.34824
5.42472
5.4849
5.53246
5.57031
5.60018
5.62358
5.64267
5.65895
33.2404
32.7148
45.8103
429.773
994.286
1148.12
1275.68
1403
1530.54
1656.91
1782.31
1907.12
2031.3
2154.79
2277.65
2397.76
2509.49
2611.17
2135.87
387.728
3.02865
3.12777
3.26405
3.43453
3.63552
3.86273
4.10676
4.35301
4.58681
4.79735
4.97851
5.12922
5.25154
5.34909
5.42604
5.48647
5.53411
5.5719
5.60165
5.62485
5.64371
5.65969
22.7931
27.3968
48.4707
456.6
999.781
1148.78
1276.28
1403.56
1531.05
1657.39
1782.77
1907.58
2031.76
2155.28
2278.18
2398.4
2510.28
2611.94
2149.88
398.651
3.01035
3.10755
3.24086
3.40815
3.60688
3.8355
4.08578
4.34102
4.58323
4.79977
4.98445
5.13691
5.2599
5.35745
5.43406
5.49395
5.54095
5.57806
5.60716
5.62976
5.64797
5.66321
21.5445
25.8333
56.9477
501.707
1009.33
1150.19
1277.69
1404.99
1532.4
1658.67
1783.99
1908.79
2032.99
2156.51
2279.41
2399.67
2511.72
2613.55
2183.38
425.625
2.96982
3.06242
3.18856
3.34882
3.54229
3.77499
4.04047
4.31723
4.579
4.80875
5.0005
5.15578
5.27911
5.37569
5.45081
5.50908
5.55444
5.59001
5.61776
5.63919
5.6562
5.67014
21.3636
25.8702
88.8359
600.764
1022.75
1153.09
1279.96
1406.95
1533.79
1659.74
1784.97
1909.72
2033.91
2157.46
2280.44
2401.02
2513.75
2616.24
2243.84
478.011
2.91044
2.99567
3.10631
3.24834
3.42651
3.66727
3.96013
4.27636
4.57322
4.82475
5.02661
5.18493
5.30781
5.40222
5.47467
5.53026
5.57312
5.60642
5.63221
5.65197
5.66736
5.67955
20.13
27.204
211.715
786.447
1028.21
1155.1
1280.46
1408.02
1535.41
1661.99
1787.63
1912.66
2037.14
2161.01
2284.45
2405.74
2518.34
2619.92
2264.83
495.421
2.84289
2.91026
2.99134
3.09472
3.24618
3.47088
3.79529
4.18026
4.54697
4.84063
5.05954
5.22159
5.34354
5.43488
5.50376
5.55588
5.59557
5.62602
5.64937
5.66705
5.68046
5.69055
18.338
26.5231
263.594
731.526
926.133
1078.23
1270.88
1412.91
1540.08
1664.61
1789.08
1912.89
2034.6
2153.91
2270.71
2383.62
2491.99
2596.51
2339.5
597.105
2.7755
2.81135
2.83918
2.86094
2.92036
3.07771
3.42012
3.94255
4.44647
4.83053
5.08805
5.25941
5.38209
5.47049
5.53555
5.5838
5.61996
5.64725
5.66784
5.68313
5.69431
5.70207
18.2893
53.4595
57.1833
10.2234
4.41053
161.884
792.92
1181.27
1333.98
1434.02
1487.68
1574.64
1681.12
1762.99
1753.04
1767.4
1863.61
2043.16
1704.06
356.587
2.74737
2.66623
2.63259
2.48012
2.67297
3.02224
3.83408
3.70157
4.25817
4.78108
5.10653
5.29561
5.42086
5.50638
5.56748
5.6118
5.64434
5.66839
5.6861
5.69887
5.70766
5.71297
10.6114
24.2577
19.9764
5.93655
4.45907
4.37654
4.68484
5.17542
5.83935
6.55663
7.08786
7.42847
7.62162
7.71242
7.78631
7.89789
8.11724
8.59379
92.4465
275.812
211.098
4.43561
2.55107
2.29759
2.18667
5.3649
8.14188
4.88796
4.09203
4.75316
5.13532
5.33431
5.45851
5.54039
5.59727
5.63785
5.66698
5.68792
5.70281
5.71303
5.7194
5.72223
5.63799
3.06026
4.30058
6.20684
8.17799
8.64792
6.26106
5.0039
6.18045
6.92649
7.02405
7.36929
7.57084
7.65235
7.68599
7.74209
7.82293
7.92016
8.93668
40.4806
94.4091
80.9148
15.1864
2.29632
2.85631
7.3372
8.11053
5.58752
4.13805
4.83192
5.19259
5.37556
5.49264
5.5706
5.62356
5.66066
5.68673
5.70476
5.71698
5.7247
5.72867
5.72902
4.88534
4.07623
4.42883
4.87489
5.64565
7.48947
7.56939
7.49532
7.38091
7.03671
6.96576
7.24411
7.44744
7.53835
7.5623
7.55443
7.50198
7.3461
6.83613
6.19519
6.2079
15.5295
22.3605
23.0673
20.9134
13.7041
6.66759
3.59063
4.38569
4.96354
5.27274
5.42634
5.52674
5.59796
5.64673
5.68017
5.70327
5.71841
5.72813
5.73344
5.735
5.73277
6.56783
5.70832
5.40591
5.40493
5.45189
5.46742
5.50986
5.64482
6.07553
6.52001
6.89811
7.17505
7.33363
7.39811
7.39795
7.34617
7.23218
7.01339
6.60504
6.04885
5.49796
4.86468
4.39793
4.77618
3.28152
3.4052
3.78082
4.27125
4.769
5.13494
5.35229
5.47787
5.56276
5.62445
5.66773
5.69703
5.71665
5.72921
5.73645
5.73943
5.7387
5.73415
7.68104
6.93651
6.45992
6.21116
6.09535
6.04475
6.05494
6.19904
6.4527
6.7174
6.94286
7.12248
7.22596
7.26043
7.23686
7.16211
7.03121
6.82738
6.52899
6.12827
5.67002
5.20792
4.74902
4.41699
4.24315
4.27769
4.48061
4.76689
5.05035
5.27452
5.42883
5.53037
5.60055
5.65134
5.6874
5.71185
5.72778
5.73745
5.7423
5.74318
5.74066
5.73473
8.30041
7.71638
7.2581
6.94529
6.75061
6.64165
6.60522
6.63578
6.73887
6.8806
7.01026
7.10007
7.14755
7.1484
7.10442
7.01714
6.88518
6.70249
6.46429
6.17301
5.85282
5.53502
5.24123
4.99909
4.86138
4.84418
4.93835
5.09272
5.25509
5.3958
5.50392
5.58171
5.63705
5.677
5.70551
5.72485
5.73706
5.74385
5.74641
5.74548
5.74158
5.73481
8.64679
8.18898
7.78797
7.47204
7.24057
7.0815
6.9843
6.94839
6.96178
7.00532
7.053
7.08489
7.08965
7.06291
7.00295
6.90885
6.78196
6.61903
6.42057
6.19219
5.94729
5.70245
5.47511
5.31117
5.21087
5.18516
5.22707
5.3104
5.40659
5.49667
5.57115
5.62806
5.66992
5.70032
5.7219
5.73631
5.7449
5.74895
5.74941
5.74691
5.74195
5.73463
8.84499
8.472
8.12177
7.82007
7.57661
7.39091
7.25876
7.17611
7.13007
7.11018
7.10009
7.08533
7.05593
7.00627
6.93354
6.83668
6.71391
6.56734
6.39859
6.21278
6.01942
5.8316
5.66506
5.53758
5.45509
5.42058
5.42993
5.47029
5.52513
5.58103
5.63017
5.66962
5.69956
5.72144
5.7367
5.74646
5.75164
5.75314
5.75171
5.74786
5.74206
5.73433
8.95617
8.6409
8.33151
8.04975
7.80781
7.6097
7.45421
7.33704
7.25309
7.1913
7.1415
7.09316
7.038
6.97059
6.88781
6.78812
6.67083
6.53748
6.39044
6.23432
6.07635
5.92585
5.79302
5.6874
5.6145
5.57578
5.56838
5.58448
5.61369
5.64688
5.67809
5.70435
5.72477
5.73961
5.74954
5.75525
5.75741
5.75665
5.75356
5.74856
5.74208
5.73402
9.01721
8.74233
8.4643
8.20112
7.96477
7.76111
7.59136
7.45349
7.34347
7.25397
7.17718
7.1051
7.0311
6.95041
6.86004
6.75847
6.64532
6.5218
6.39013
6.2542
6.11955
5.99279
5.88083
5.78984
5.72372
5.68321
5.66599
5.66695
5.6795
5.6974
5.71603
5.73253
5.74556
5.75476
5.76034
5.76268
5.76227
5.75957
5.75507
5.74911
5.74206
5.73375
9.04996
8.80235
8.54648
8.29765
8.06721
7.86187
7.68423
7.53367
7.40725
7.29958
7.20486
7.11693
7.03023
6.94045
6.84477
6.74168
6.63091
6.51425
6.39301
6.27039
6.15077
6.03901
5.94014
5.85841
5.79645
5.75471
5.7315
5.72334
5.72565
5.73381
5.74404
5.75373
5.76138
5.76639
5.76866
5.76843
5.76604
5.76186
5.75628
5.74958
5.7421
5.73353
9.0665
8.83566
8.59386
8.35468
8.12894
7.9236
7.74191
7.58401
7.44738
7.32851
7.22281
7.12517
7.03076
6.93568
6.83736
6.73435
6.62601
6.51264
6.39733
6.28213
6.17098
6.06747
5.97577
5.89929
5.84004
5.79825
5.77239
5.75951
5.75586
5.75776
5.76219
5.76698
5.77075
5.77281
5.77292
5.77113
5.76766
5.76277
5.75674
5.7498
5.74226
5.73352
9.0736
8.8507
8.61569
8.38131
8.15807
7.95302
7.76975
7.60897
7.46926
7.34667
7.23583
7.13223
7.03212
6.93258
6.83144
6.72746
6.6205
6.51091
6.39999
6.29081
6.18574
6.08859
6.00235
5.9295
5.87144
5.82827
5.79874
5.78063
5.77114
5.76747
5.76711
5.76817
5.76938
5.76991
5.76927
5.76726
5.76389
5.75927
5.75361
5.74713
5.74013
5.73262
)
;

boundaryField
{
    leftWall
    {
        type            fixedFluxPressure;
        gradient        uniform 0;
        value           nonuniform List<scalar> 
46
(
8.90197
8.88343
8.81456
8.70251
8.55621
8.38317
8.1975
8.00839
7.82364
7.64879
7.48708
7.33973
7.20636
7.08548
6.97463
6.87088
6.77191
6.67596
6.58183
6.48888
6.39703
6.30676
6.21905
6.13526
6.05703
5.98597
5.92345
5.87043
5.82736
5.79403
5.76966
5.75296
5.74242
5.73648
5.73371
5.73295
5.73328
5.73403
5.73477
5.73522
5.73526
5.73485
5.73403
5.73285
5.73144
5.72969
)
;
    }
    rightWall
    {
        type            fixedFluxPressure;
        gradient        uniform 0;
        value           nonuniform List<scalar> 
46
(
9.5211
9.49973
9.41135
9.26463
9.0736
8.8507
8.61569
8.38131
8.15807
7.95302
7.76975
7.60897
7.46926
7.34667
7.23583
7.13223
7.03212
6.93258
6.83144
6.72746
6.6205
6.51091
6.39999
6.29081
6.18574
6.08859
6.00235
5.9295
5.87144
5.82827
5.79874
5.78063
5.77114
5.76747
5.76711
5.76817
5.76938
5.76991
5.76927
5.76726
5.76389
5.75927
5.75361
5.74713
5.74013
5.73262
)
;
    }
    lowerWall
    {
        type            fixedFluxPressure;
        gradient        uniform 0;
        value           nonuniform List<scalar> 
52
(
20.3749
20.2936
19.8514
19.4048
20.3749
20.7705
20.4001
19.0546
16.9496
14.5955
12.5291
11.084
10.2879
9.95816
9.83547
9.76095
9.69899
9.64981
9.61001
9.57639
9.54942
9.53065
9.5211
21.4252
21.3715
20.9597
20.4593
8.90197
8.91014
8.92642
8.95036
8.9811
9.01739
9.05774
9.10123
9.14954
9.20746
9.27872
9.37617
9.57688
10.0617
11.0266
12.5617
14.5948
16.8614
19.0118
20.7095
21.6405
21.8063
21.4252
33.1982
33.2404
)
;
    }
    atmosphere
    {
        type            prghTotalPressure;
        rho             rho;
        psi             none;
        gamma           1;
        p0              uniform 0;
        value           nonuniform List<scalar> 
44
(
5.72904
5.72904
5.72904
5.72904
5.72904
5.72904
5.72904
5.72904
5.72904
5.72904
5.72904
5.72904
5.72904
5.72808
5.7247
5.71924
5.71211
5.70384
5.69506
5.68647
5.67876
5.67253
5.66831
5.66651
5.66704
5.67008
5.67618
5.68451
5.69423
5.70435
5.7138
5.72158
5.72688
5.72902
5.72904
5.72904
5.72904
5.72904
5.72904
5.72904
5.72904
5.72904
5.72904
5.72904
)
;
        rho             rho;
    }
    frontAndBack
    {
        type            empty;
    }
}


// ************************************************************************* //
