/*--------------------------------*- C++ -*----------------------------------*\
  =========                 |
  \\      /  F ield         | OpenFOAM: The Open Source CFD Toolbox
   \\    /   O peration     | Website:  https://openfoam.org
    \\  /    A nd           | Version:  13
     \\/     M anipulation  |
\*---------------------------------------------------------------------------*/
FoamFile
{
    format      ascii;
    class       volVectorField;
    location    "0.15";
    object      U;
}
// * * * * * * * * * * * * * * * * * * * * * * * * * * * * * * * * * * * * * //

dimensions      [0 1 -1 0 0 0 0];

internalField   nonuniform List<vector> 
2016
(
(-0.0526075 0.0487149 0)
(-0.0722345 0.166955 0)
(-0.0684212 0.300416 0)
(-0.0609211 0.425348 0)
(-0.158721 0.0488132 0)
(-0.218173 0.170342 0)
(-0.207091 0.308202 0)
(-0.184577 0.43653 0)
(-0.267527 0.049282 0)
(-0.369482 0.176217 0)
(-0.351191 0.321607 0)
(-0.312462 0.455781 0)
(-0.380391 0.0505226 0)
(-0.529881 0.186303 0)
(-0.504129 0.343289 0)
(-0.446991 0.486618 0)
(-0.499939 0.0530427 0)
(-0.70412 0.20193 0)
(-0.670019 0.374807 0)
(-0.59119 0.530621 0)
(-0.630076 0.057843 0)
(-0.897573 0.225295 0)
(-0.85295 0.41851 0)
(-0.748031 0.590128 0)
(-0.776888 0.066604 0)
(-1.11645 0.259408 0)
(-1.05701 0.477331 0)
(-0.920598 0.668129 0)
(-0.949458 0.081627 0)
(-1.36757 0.307629 0)
(-1.28647 0.554434 0)
(-1.11296 0.768584 0)
(-1.15988 0.105372 0)
(-1.65714 0.372536 0)
(-1.54561 0.652297 0)
(-1.33136 0.896796 0)
(-1.42328 0.139869 0)
(-1.98975 0.454359 0)
(-1.8393 0.770981 0)
(-1.58489 1.05746 0)
(-1.75906 0.185198 0)
(-2.37008 0.547748 0)
(-2.17899 0.903384 0)
(-1.88811 1.24119 0)
(-2.18375 0.23308 0)
(-2.79838 0.631441 0)
(-2.58191 1.01786 0)
(-2.25254 1.38432 0)
(-2.68118 0.25769 0)
(-3.23877 0.653038 0)
(-3.02124 1.02542 0)
(-2.62083 1.31836 0)
(-3.17126 0.224621 0)
(-3.58615 0.541093 0)
(-3.34785 0.78619 0)
(-2.79134 0.824583 0)
(-3.52503 0.12495 0)
(-3.71246 0.26982 0)
(-3.36059 0.262364 0)
(-2.54079 0.0480232 0)
(-3.62308 -0.00993295 0)
(-3.58635 -0.0935897 0)
(-3.07816 -0.348717 0)
(-2.13657 -0.737523 0)
(-3.41036 -0.134963 0)
(-3.28252 -0.448807 0)
(-2.66645 -0.885486 0)
(-1.75441 -1.32624 0)
(-2.99189 -0.233792 0)
(-2.82037 -0.725149 0)
(-2.23354 -1.2 0)
(-1.42746 -1.5048 0)
(-2.39804 -0.314502 0)
(-2.28852 -0.923708 0)
(-1.86013 -1.37008 0)
(-1.22899 -1.55568 0)
(-1.69277 -0.36769 0)
(-1.71227 -1.05442 0)
(-1.52282 -1.50239 0)
(-1.1133 -1.62965 0)
(-0.956328 -0.358919 0)
(-1.10695 -1.0692 0)
(-1.19004 -1.57993 0)
(-1.05992 -1.7374 0)
(-0.296596 -0.225362 0)
(-0.51922 -0.778294 0)
(-0.846682 -1.39352 0)
(-1.07328 -1.77243 0)
(0.0469581 -0.0215486 0)
(-0.0186189 -0.0514994 0)
(-0.330775 -0.572514 0)
(-0.818477 -1.28694 0)
(0.00663938 -0.033813 0)
(0.0795632 -0.144478 0)
(0.394792 -0.692211 0)
(0.864338 -1.34232 0)
(0.440078 -0.256468 0)
(0.625307 -0.843031 0)
(0.904175 -1.4496 0)
(1.08796 -1.79225 0)
(1.17874 -0.356881 0)
(1.27459 -1.05458 0)
(1.278 -1.56132 0)
(1.07961 -1.72305 0)
(1.97187 -0.331741 0)
(1.93988 -0.977826 0)
(1.66329 -1.44087 0)
(1.17129 -1.60204 0)
(2.67508 -0.247494 0)
(2.56228 -0.766588 0)
(2.0697 -1.24622 0)
(1.35092 -1.52725 0)
(3.17031 -0.133595 0)
(3.08614 -0.444016 0)
(2.5382 -0.863088 0)
(1.68665 -1.26849 0)
(3.38755 0.00764537 0)
(3.40029 -0.0379862 0)
(2.96365 -0.238981 0)
(2.10447 -0.582059 0)
(3.22646 0.143922 0)
(3.46931 0.336264 0)
(3.19472 0.405676 0)
(2.53975 0.305826 0)
(2.79661 0.224852 0)
(3.23785 0.566426 0)
(3.04105 0.857631 0)
(2.62839 1.05224 0)
(2.26754 0.231167 0)
(2.80656 0.614975 0)
(2.6111 0.979468 0)
(2.30583 1.31878 0)
(1.78147 0.192193 0)
(2.33726 0.552389 0)
(2.15254 0.903366 0)
(1.88909 1.24355 0)
(1.39383 0.146135 0)
(1.91477 0.4596 0)
(1.76714 0.772803 0)
(1.5362 1.06396 0)
(1.09432 0.109988 0)
(1.54945 0.375606 0)
(1.44379 0.651201 0)
(1.25111 0.896574 0)
(0.856886 0.0853472 0)
(1.23188 0.309789 0)
(1.15977 0.552923 0)
(1.00755 0.766823 0)
(0.661739 0.0701439 0)
(0.954819 0.262331 0)
(0.906359 0.478325 0)
(0.79183 0.67034 0)
(0.494495 0.0618034 0)
(0.711022 0.230643 0)
(0.678463 0.424596 0)
(0.596243 0.600025 0)
(0.34405 0.0577603 0)
(0.491854 0.210969 0)
(0.470429 0.388125 0)
(0.415322 0.551042 0)
(0.202892 0.0561433 0)
(0.288935 0.199988 0)
(0.276436 0.36586 0)
(0.244693 0.520455 0)
(0.0671749 0.0557426 0)
(0.0957199 0.194516 0)
(0.0915087 0.354069 0)
(0.0809612 0.504114 0)
(-0.0536954 0.538505 0)
(-0.0466051 0.640109 0)
(-0.0394263 0.727646 0)
(-0.0321762 0.800786 0)
(-0.0251092 0.859333 0)
(-0.0185146 0.903868 0)
(-0.0126325 0.935597 0)
(-0.00762711 0.956126 0)
(-0.0035785 0.967315 0)
(-0.000462211 0.971184 0)
(0.0018036 0.969542 0)
(0.0032208 0.96404 0)
(0.00383902 0.956648 0)
(0.00382083 0.948888 0)
(0.0034143 0.941739 0)
(0.00291548 0.935592 0)
(0.00262343 0.93027 0)
(0.00278662 0.925127 0)
(0.00356455 0.919196 0)
(0.0050345 0.91128 0)
(0.00719963 0.900061 0)
(0.00997292 0.884312 0)
(0.0131721 0.863114 0)
(0.0165164 0.83598 0)
(0.0196504 0.802921 0)
(0.0222134 0.764487 0)
(0.0239293 0.721741 0)
(0.0246626 0.676136 0)
(0.0244165 0.629342 0)
(0.0233088 0.583013 0)
(0.021541 0.538556 0)
(0.0193584 0.497007 0)
(0.0170027 0.459035 0)
(0.0146665 0.424988 0)
(0.0124699 0.39496 0)
(0.0104612 0.368886 0)
(0.00863241 0.346631 0)
(0.00694837 0.328025 0)
(0.00537205 0.312914 0)
(0.00389479 0.301036 0)
(0.00255729 0.292672 0)
(0.0011829 0.285407 0)
(-0.162651 0.552286 0)
(-0.141125 0.655877 0)
(-0.119371 0.74472 0)
(-0.0974139 0.818539 0)
(-0.0760149 0.877228 0)
(-0.0560512 0.921463 0)
(-0.0382485 0.952552 0)
(-0.023108 0.972215 0)
(-0.0109009 0.982463 0)
(-0.00165731 0.98543 0)
(0.00472974 0.983474 0)
(0.00855405 0.978789 0)
(0.0101826 0.972689 0)
(0.0101714 0.966167 0)
(0.00920921 0.959941 0)
(0.00801571 0.954428 0)
(0.0072759 0.949719 0)
(0.00757007 0.945549 0)
(0.00930652 0.941397 0)
(0.0127231 0.93654 0)
(0.017875 0.930047 0)
(0.0245812 0.92087 0)
(0.032426 0.908017 0)
(0.0408093 0.890666 0)
(0.0490195 0.868228 0)
(0.0563362 0.840438 0)
(0.0621481 0.807425 0)
(0.0660408 0.769709 0)
(0.0678185 0.728181 0)
(0.0675104 0.684005 0)
(0.0653547 0.638454 0)
(0.0617322 0.592793 0)
(0.0570713 0.548204 0)
(0.051761 0.505724 0)
(0.0461136 0.466199 0)
(0.0403538 0.430238 0)
(0.0346236 0.398235 0)
(0.0290056 0.3704 0)
(0.0235585 0.346828 0)
(0.0183085 0.327286 0)
(0.0136297 0.312799 0)
(0.00721595 0.298825 0)
(-0.274413 0.575648 0)
(-0.237205 0.681889 0)
(-0.199813 0.771898 0)
(-0.16221 0.845519 0)
(-0.125677 0.902822 0)
(-0.0917154 0.944702 0)
(-0.0615554 0.972715 0)
(-0.0360471 0.988835 0)
(-0.0156743 0.995321 0)
(-0.000584926 0.994507 0)
(0.00950338 0.988769 0)
(0.0151766 0.980292 0)
(0.0172714 0.970902 0)
(0.0167838 0.962076 0)
(0.014832 0.954754 0)
(0.0125214 0.94931 0)
(0.0108927 0.9456 0)
(0.0108555 0.942989 0)
(0.0130809 0.940508 0)
(0.0179854 0.936957 0)
(0.025711 0.930924 0)
(0.0360417 0.920968 0)
(0.0483749 0.905923 0)
(0.0618093 0.88506 0)
(0.0752851 0.858131 0)
(0.087719 0.825393 0)
(0.0981496 0.787564 0)
(0.105865 0.745692 0)
(0.110456 0.701033 0)
(0.111843 0.654925 0)
(0.110252 0.608608 0)
(0.106118 0.563142 0)
(0.099955 0.519444 0)
(0.0922564 0.478312 0)
(0.0834792 0.440417 0)
(0.0740335 0.406274 0)
(0.064261 0.376227 0)
(0.0544275 0.350464 0)
(0.0447434 0.32907 0)
(0.0352879 0.311816 0)
(0.0268212 0.299468 0)
(0.0143338 0.288295 0)
(-0.390504 0.612982 0)
(-0.335579 0.723377 0)
(-0.280756 0.815172 0)
(-0.225919 0.888379 0)
(-0.172914 0.943356 0)
(-0.123909 0.981369 0)
(-0.0806594 1.00438 0)
(-0.0443691 1.01476 0)
(-0.0157268 1.01514 0)
(0.00507812 1.00838 0)
(0.0185756 0.997164 0)
(0.0255835 0.983974 0)
(0.0273254 0.970948 0)
(0.0252836 0.959734 0)
(0.0211271 0.951356 0)
(0.0165085 0.946177 0)
(0.0129985 0.943956 0)
(0.0119976 0.943824 0)
(0.0145557 0.944474 0)
(0.0213453 0.944349 0)
(0.0326114 0.941623 0)
(0.0480196 0.934348 0)
(0.0666185 0.920834 0)
(0.0869483 0.89994 0)
(0.107266 0.871211 0)
(0.125808 0.834962 0)
(0.141071 0.792264 0)
(0.152056 0.744755 0)
(0.158323 0.694389 0)
(0.159936 0.643167 0)
(0.157349 0.592827 0)
(0.151233 0.544652 0)
(0.142318 0.499526 0)
(0.131265 0.458054 0)
(0.118682 0.420649 0)
(0.105131 0.387548 0)
(0.0911028 0.358852 0)
(0.0769785 0.334552 0)
(0.0630538 0.314603 0)
(0.0494489 0.298699 0)
(0.0371756 0.287473 0)
(0.0194957 0.277648 0)
(-0.512961 0.665962 0)
(-0.437311 0.78213 0)
(-0.362304 0.876308 0)
(-0.28777 0.948691 0)
(-0.216253 1.00008 0)
(-0.150653 1.03235 0)
(-0.0932349 1.04809 0)
(-0.0455393 1.0502 0)
(-0.00848712 1.04186 0)
(0.0177399 1.0265 0)
(0.0337786 1.00742 0)
(0.0409076 0.987551 0)
(0.0408272 0.969411 0)
(0.0356316 0.954921 0)
(0.0276877 0.945199 0)
(0.0192991 0.940551 0)
(0.0126394 0.940593 0)
(0.00971669 0.944164 0)
(0.0120516 0.949539 0)
(0.0205914 0.954685 0)
(0.0357577 0.957157 0)
(0.0571337 0.954293 0)
(0.0833488 0.943743 0)
(0.112228 0.923891 0)
(0.141147 0.894067 0)
(0.167416 0.854678 0)
(0.188724 0.807215 0)
(0.203584 0.753951 0)
(0.21147 0.697543 0)
(0.212689 0.640655 0)
(0.20812 0.585512 0)
(0.198898 0.533637 0)
(0.186157 0.485904 0)
(0.170857 0.442779 0)
(0.153802 0.404491 0)
(0.135705 0.371078 0)
(0.117172 0.342451 0)
(0.0986604 0.318462 0)
(0.0805047 0.298969 0)
(0.0628364 0.28361 0)
(0.0468727 0.272949 0)
(0.0242143 0.264044 0)
(-0.643864 0.737135 0)
(-0.543464 0.860939 0)
(-0.444401 0.958086 0)
(-0.346689 1.02889 0)
(-0.253845 1.07489 0)
(-0.169583 1.09897 0)
(-0.0965969 1.10462 0)
(-0.036731 1.0954 0)
(0.00874027 1.07515 0)
(0.0398493 1.04805 0)
(0.0573333 1.01828 0)
(0.062936 0.989434 0)
(0.0590321 0.964478 0)
(0.048501 0.945699 0)
(0.0345807 0.934356 0)
(0.0203519 0.930664 0)
(0.0087061 0.934092 0)
(0.00236766 0.943099 0)
(0.00345306 0.955289 0)
(0.0134849 0.967989 0)
(0.0331489 0.978021 0)
(0.0619233 0.981681 0)
(0.097818 0.975553 0)
(0.137674 0.957265 0)
(0.177649 0.925859 0)
(0.213748 0.881934 0)
(0.242483 0.827692 0)
(0.261706 0.766482 0)
(0.270921 0.702063 0)
(0.270956 0.637969 0)
(0.263376 0.576933 0)
(0.249984 0.520616 0)
(0.23245 0.469737 0)
(0.212087 0.424503 0)
(0.18991 0.384937 0)
(0.166767 0.350892 0)
(0.143358 0.322105 0)
(0.120193 0.298297 0)
(0.0976175 0.279233 0)
(0.0757518 0.264488 0)
(0.0559565 0.254527 0)
(0.0282819 0.246821 0)
(-0.785477 0.830049 0)
(-0.655007 0.963911 0)
(-0.526537 1.06467 0)
(-0.400967 1.13264 0)
(-0.283225 1.17066 0)
(-0.177767 1.18327 0)
(-0.0874458 1.17521 0)
(-0.0144917 1.15072 0)
(0.0395205 1.11459 0)
(0.074608 1.07203 0)
(0.0919545 1.02812 0)
(0.0938027 0.987462 0)
(0.0833739 0.953656 0)
(0.0645261 0.929507 0)
(0.0416203 0.91641 0)
(0.0187362 0.914346 0)
(-0.000317116 0.922548 0)
(-0.0122752 0.93901 0)
(-0.014006 0.960824 0)
(-0.00292972 0.984514 0)
(0.0221387 1.0056 0)
(0.0604812 1.01879 0)
(0.109182 1.01912 0)
(0.163621 1.00316 0)
(0.218226 0.96945 0)
(0.267188 0.918784 0)
(0.305319 0.854469 0)
(0.329472 0.781702 0)
(0.339298 0.706085 0)
(0.336661 0.632401 0)
(0.324364 0.563937 0)
(0.305223 0.502338 0)
(0.281579 0.447951 0)
(0.255115 0.400532 0)
(0.22702 0.359764 0)
(0.19823 0.325266 0)
(0.169505 0.296572 0)
(0.141364 0.273228 0)
(0.114133 0.254877 0)
(0.0879043 0.241024 0)
(0.0640977 0.232034 0)
(0.0314835 0.225852 0)
(-0.941247 0.95043 0)
(-0.773349 1.09812 0)
(-0.607597 1.20325 0)
(-0.44764 1.26626 0)
(-0.300645 1.29266 0)
(-0.171277 1.28972 0)
(-0.0614909 1.26329 0)
(0.0254323 1.2183 0)
(0.0884174 1.16071 0)
(0.126358 1.09747 0)
(0.141012 1.03504 0)
(0.135859 0.978994 0)
(0.115299 0.933845 0)
(0.0843331 0.903058 0)
(0.0486247 0.888173 0)
(0.0133988 0.888789 0)
(-0.0164733 0.903464 0)
(-0.0369422 0.929927 0)
(-0.0435761 0.965192 0)
(-0.0323086 1.00463 0)
(-0.000867501 1.04179 0)
(0.0499585 1.06887 0)
(0.116098 1.07862 0)
(0.190649 1.06602 0)
(0.26523 1.02897 0)
(0.331044 0.968493 0)
(0.380482 0.889431 0)
(0.409488 0.799872 0)
(0.418448 0.708511 0)
(0.410954 0.622114 0)
(0.391647 0.544534 0)
(0.364768 0.477007 0)
(0.333446 0.419064 0)
(0.299685 0.369722 0)
(0.264776 0.328155 0)
(0.229694 0.29366 0)
(0.195208 0.265516 0)
(0.161799 0.24305 0)
(0.129716 0.225769 0)
(0.0990008 0.213115 0)
(0.0710127 0.20537 0)
(0.0336575 0.201003 0)
(-1.11741 1.10781 0)
(-0.901922 1.27512 0)
(-0.687278 1.38438 0)
(-0.483584 1.43777 0)
(-0.301628 1.44677 0)
(-0.145178 1.42379 0)
(-0.0141577 1.37435 0)
(0.0895969 1.30335 0)
(0.161533 1.21785 0)
(0.200651 1.12601 0)
(0.209619 1.03788 0)
(0.193279 0.961216 0)
(0.157486 0.901464 0)
(0.109045 0.862569 0)
(0.0554267 0.845845 0)
(0.00325514 0.85023 0)
(-0.0422754 0.87349 0)
(-0.0756473 0.913328 0)
(-0.090813 0.966948 0)
(-0.0811376 1.02857 0)
(-0.0424607 1.08894 0)
(0.0243706 1.13656 0)
(0.114778 1.1603 0)
(0.218163 1.15261 0)
(0.322385 1.11013 0)
(0.413419 1.03446 0)
(0.478334 0.933497 0)
(0.511487 0.820155 0)
(0.515736 0.707557 0)
(0.498534 0.604963 0)
(0.467794 0.516694 0)
(0.429742 0.442986 0)
(0.388275 0.381843 0)
(0.345532 0.331137 0)
(0.302699 0.289416 0)
(0.260635 0.255604 0)
(0.219985 0.228638 0)
(0.181076 0.207571 0)
(0.144016 0.191771 0)
(0.108743 0.180639 0)
(0.0764122 0.174416 0)
(0.0346555 0.172103 0)
(-1.32094 1.30947 0)
(-1.04184 1.49788 0)
(-0.762688 1.6031 0)
(-0.505311 1.63553 0)
(-0.284033 1.61774 0)
(-0.0973613 1.56955 0)
(0.0599327 1.49805 0)
(0.184595 1.40193 0)
(0.266638 1.28536 0)
(0.304134 1.16031 0)
(0.302242 1.03935 0)
(0.268429 0.933761 0)
(0.21089 0.853039 0)
(0.138751 0.803217 0)
(0.0613699 0.784756 0)
(-0.0134485 0.794058 0)
(-0.0800152 0.827808 0)
(-0.132455 0.884907 0)
(-0.161563 0.963239 0)
(-0.155008 1.05701 0)
(-0.106351 1.1527 0)
(-0.0185034 1.23228 0)
(0.100768 1.27751 0)
(0.241516 1.27712 0)
(0.384253 1.2258 0)
(0.508139 1.12498 0)
(0.593474 0.988294 0)
(0.631506 0.838901 0)
(0.628072 0.697372 0)
(0.596555 0.575011 0)
(0.550232 0.475339 0)
(0.498147 0.396415 0)
(0.444649 0.333673 0)
(0.391577 0.283167 0)
(0.339886 0.242603 0)
(0.290294 0.210567 0)
(0.243214 0.185649 0)
(0.198709 0.166624 0)
(0.156666 0.152773 0)
(0.116854 0.143488 0)
(0.0800445 0.139037 0)
(0.0344042 0.138881 0)
(-1.55271 1.5278 0)
(-1.17909 1.71014 0)
(-0.814956 1.77958 0)
(-0.500157 1.76859 0)
(-0.246113 1.71511 0)
(-0.0347328 1.6444 0)
(0.153028 1.56015 0)
(0.30502 1.45178 0)
(0.405973 1.31766 0)
(0.449573 1.17063 0)
(0.437659 1.0253 0)
(0.378908 0.893401 0)
(0.28767 0.788791 0)
(0.179984 0.724005 0)
(0.0690134 0.701644 0)
(-0.0369969 0.716109 0)
(-0.132571 0.761933 0)
(-0.212576 0.840306 0)
(-0.263001 0.956062 0)
(-0.262855 1.10749 0)
(-0.201085 1.2621 0)
(-0.0798946 1.39007 0)
(0.0985026 1.46561 0)
(0.303792 1.47624 0)
(0.508116 1.40784 0)
(0.677106 1.26237 0)
(0.778317 1.06321 0)
(0.805208 0.854435 0)
(0.776539 0.672369 0)
(0.71629 0.528726 0)
(0.644222 0.419686 0)
(0.571586 0.337265 0)
(0.502075 0.274159 0)
(0.436531 0.225172 0)
(0.375041 0.18721 0)
(0.317618 0.1583 0)
(0.264086 0.136461 0)
(0.214109 0.120206 0)
(0.167277 0.108783 0)
(0.123089 0.101615 0)
(0.0817402 0.0990829 0)
(0.0329707 0.100927 0)
(-1.79052 1.63954 0)
(-1.27582 1.73849 0)
(-0.812041 1.71554 0)
(-0.452265 1.63303 0)
(-0.18722 1.54325 0)
(0.0329989 1.46921 0)
(0.235163 1.40021 0)
(0.399818 1.3118 0)
(0.510782 1.19727 0)
(0.564356 1.06433 0)
(0.558602 0.924003 0)
(0.490206 0.791569 0)
(0.370191 0.683645 0)
(0.223934 0.615322 0)
(0.0747106 0.592637 0)
(-0.0676425 0.612191 0)
(-0.202775 0.670989 0)
(-0.333554 0.778764 0)
(-0.441241 0.964867 0)
(-0.476386 1.18825 0)
(-0.420427 1.38459 0)
(-0.276161 1.55252 0)
(-0.0266216 1.66316 0)
(0.277577 1.70305 0)
(0.587829 1.65392 0)
(0.848958 1.48674 0)
(0.995719 1.20794 0)
(1.01443 0.889885 0)
(0.944641 0.622195 0)
(0.840571 0.440882 0)
(0.737548 0.329343 0)
(0.643456 0.255188 0)
(0.557037 0.199101 0)
(0.478097 0.155521 0)
(0.406419 0.122719 0)
(0.341257 0.0988016 0)
(0.281587 0.0812655 0)
(0.226596 0.0685804 0)
(0.175469 0.0600486 0)
(0.12732 0.055132 0)
(0.0815601 0.0544093 0)
(0.0305653 0.0576418 0)
(-1.94275 1.41724 0)
(-1.26281 1.35103 0)
(-0.730559 1.20492 0)
(-0.36044 1.04029 0)
(-0.112787 0.922851 0)
(0.103692 0.868522 0)
(0.342845 0.865731 0)
(0.553454 0.844873 0)
(0.6909 0.800539 0)
(0.73338 0.746399 0)
(0.70053 0.679584 0)
(0.609289 0.59884 0)
(0.462538 0.525068 0)
(0.279362 0.4797 0)
(0.0862714 0.468234 0)
(-0.100697 0.488037 0)
(-0.29405 0.547596 0)
(-0.529538 0.682758 0)
(-0.734151 0.903338 0)
(-0.730195 1.01866 0)
(-0.610271 1.09778 0)
(-0.408769 1.1241 0)
(-0.0613418 1.05927 0)
(0.256174 1.19366 0)
(0.70224 1.35992 0)
(1.13014 1.41057 0)
(1.36418 1.25503 0)
(1.36534 0.941474 0)
(1.20765 0.594435 0)
(1.00229 0.345249 0)
(0.832974 0.217658 0)
(0.707243 0.152453 0)
(0.603275 0.10787 0)
(0.51228 0.07384 0)
(0.431621 0.0492639 0)
(0.3596 0.0324114 0)
(0.294625 0.0203563 0)
(0.235481 0.0120377 0)
(0.180865 0.00679593 0)
(0.129467 0.00411727 0)
(0.0799551 0.00456149 0)
(0.0289157 0.00789992 0)
(-1.85084 0.684827 0)
(-1.05421 0.47505 0)
(-0.53333 0.255304 0)
(-0.178078 0.0167012 0)
(-0.0204783 -0.112695 0)
(0.0775301 -0.117375 0)
(0.253448 -0.043136 0)
(0.374383 -0.0191346 0)
(0.517036 0.0418319 0)
(0.652358 0.147701 0)
(0.677214 0.181102 0)
(0.612662 0.227262 0)
(0.472269 0.255532 0)
(0.292763 0.286671 0)
(0.0958669 0.316576 0)
(-0.118636 0.344622 0)
(-0.367087 0.363877 0)
(-0.703943 0.451265 0)
(-0.841192 0.398956 0)
(-0.530762 0.151621 0)
(-0.236306 -0.112522 0)
(-0.129851 -0.518175 0)
(-0.0569669 -0.4604 0)
(0.0445614 -0.325461 0)
(0.296699 -0.0587628 0)
(0.814676 0.332339 0)
(1.37104 0.640948 0)
(1.59605 0.620055 0)
(1.4702 0.41237 0)
(1.18612 0.194833 0)
(0.935244 0.0821635 0)
(0.763157 0.0334485 0)
(0.637945 0.00319436 0)
(0.535967 -0.018489 0)
(0.448105 -0.0317121 0)
(0.37068 -0.0393959 0)
(0.301867 -0.0441328 0)
(0.239869 -0.0465528 0)
(0.183001 -0.0474025 0)
(0.12969 -0.0471303 0)
(0.0780879 -0.0457842 0)
(0.0257749 -0.0440527 0)
(-1.44905 -0.452304 0)
(-0.729237 -0.640617 0)
(-0.246125 -0.826636 0)
(-0.136125 -0.932638 0)
(-0.0865231 -1.00265 0)
(0.055648 -1.06746 0)
(0.348152 -1.14465 0)
(0.515332 -1.0081 0)
(0.622818 -0.792729 0)
(0.703506 -0.584966 0)
(0.690983 -0.438971 0)
(0.599717 -0.217613 0)
(0.429099 -0.0518099 0)
(0.225856 0.091744 0)
(0.0427246 0.193115 0)
(-0.108736 0.197126 0)
(-0.296945 0.0628596 0)
(-0.521498 -0.115672 0)
(-0.275732 -0.804892 0)
(-0.133192 -1.15887 0)
(-0.213918 -1.18881 0)
(-0.287008 -1.09564 0)
(-0.241328 -0.824865 0)
(-0.124392 -0.536904 0)
(0.218617 -0.413801 0)
(0.642154 -0.297812 0)
(1.15639 -0.0504921 0)
(1.62812 0.0309109 0)
(1.60057 0.0241219 0)
(1.30065 -0.0644177 0)
(1.00493 -0.100164 0)
(0.79832 -0.109012 0)
(0.65605 -0.116337 0)
(0.546055 -0.119105 0)
(0.453121 -0.117176 0)
(0.372552 -0.113726 0)
(0.301925 -0.109541 0)
(0.238804 -0.105169 0)
(0.18136 -0.101124 0)
(0.127911 -0.097788 0)
(0.0762593 -0.0953292 0)
(0.0246137 -0.0933633 0)
(-0.960279 -1.22136 0)
(-0.469022 -1.34329 0)
(-0.147033 -1.43478 0)
(0.120805 -1.72245 0)
(0.241693 -1.99249 0)
(0.290499 -2.1491 0)
(0.281659 -2.24385 0)
(0.185627 -2.0958 0)
(0.108546 -1.78226 0)
(0.0665004 -1.39278 0)
(0.0793753 -1.00073 0)
(0.0884153 -0.618085 0)
(0.0730933 -0.336522 0)
(0.0463409 -0.181516 0)
(0.0467751 -0.191582 0)
(0.0510813 -0.267845 0)
(0.0310284 -0.399549 0)
(-0.00588328 -0.878121 0)
(-0.0137433 -1.20137 0)
(-0.0759031 -1.23787 0)
(-0.173791 -1.24464 0)
(-0.460111 -1.30077 0)
(-0.652953 -1.13178 0)
(-0.450744 -0.98844 0)
(0.0497197 -0.888579 0)
(0.57495 -0.812655 0)
(1.07399 -0.667307 0)
(1.53972 -0.596954 0)
(1.56939 -0.460536 0)
(1.29455 -0.384522 0)
(1.00011 -0.319733 0)
(0.79196 -0.270128 0)
(0.649024 -0.24618 0)
(0.537849 -0.223521 0)
(0.44397 -0.204452 0)
(0.363711 -0.188242 0)
(0.293819 -0.174416 0)
(0.231742 -0.162985 0)
(0.175682 -0.153932 0)
(0.123819 -0.147478 0)
(0.073545 -0.143298 0)
(0.0235411 -0.140185 0)
(-0.715475 -1.56643 0)
(-0.273885 -1.64031 0)
(0.0219922 -1.69174 0)
(0.253686 -1.79646 0)
(0.242104 -1.85504 0)
(0.139535 -1.69355 0)
(0.0805656 -1.53999 0)
(0.0366135 -1.43154 0)
(0.0152804 -1.39662 0)
(0.018316 -1.40456 0)
(0.026505 -1.40659 0)
(0.0303436 -1.39658 0)
(0.0333631 -1.38558 0)
(0.0403228 -1.37525 0)
(0.0518245 -1.36383 0)
(0.0665002 -1.34949 0)
(0.0798448 -1.33203 0)
(0.0799758 -1.31556 0)
(0.0504605 -1.30184 0)
(-0.0375449 -1.31565 0)
(-0.182899 -1.37148 0)
(-0.463432 -1.31533 0)
(-0.585205 -1.39891 0)
(-0.356216 -1.50441 0)
(0.0492196 -1.50253 0)
(0.539234 -1.40557 0)
(1.01787 -1.25048 0)
(1.3618 -1.12126 0)
(1.37989 -0.872064 0)
(1.1533 -0.66441 0)
(0.910864 -0.52442 0)
(0.737865 -0.428509 0)
(0.611911 -0.372213 0)
(0.507739 -0.32498 0)
(0.419276 -0.289237 0)
(0.343473 -0.260259 0)
(0.277296 -0.237091 0)
(0.218635 -0.218747 0)
(0.165863 -0.204748 0)
(0.116992 -0.195043 0)
(0.0692343 -0.188678 0)
(0.021993 -0.184169 0)
(-0.766787 -1.61614 0)
(-0.350247 -1.74561 0)
(0.0814197 -1.76488 0)
(0.166695 -1.6757 0)
(0.156226 -1.57091 0)
(0.104483 -1.48684 0)
(0.0569195 -1.44076 0)
(0.0346095 -1.43425 0)
(0.0324231 -1.4498 0)
(0.0359352 -1.46354 0)
(0.0375382 -1.46901 0)
(0.0390223 -1.46978 0)
(0.0431378 -1.46833 0)
(0.0496401 -1.46415 0)
(0.0574753 -1.45495 0)
(0.0658155 -1.43884 0)
(0.071282 -1.41462 0)
(0.0656786 -1.38114 0)
(0.0422218 -1.34189 0)
(-0.0135185 -1.32755 0)
(-0.179231 -1.40539 0)
(-0.380106 -1.48786 0)
(-0.472853 -1.62606 0)
(-0.317402 -1.7804 0)
(0.0115233 -1.85178 0)
(0.431719 -1.80381 0)
(0.837348 -1.64662 0)
(1.08397 -1.40511 0)
(1.08271 -1.10108 0)
(0.931231 -0.84554 0)
(0.772075 -0.677256 0)
(0.649069 -0.561033 0)
(0.547894 -0.480306 0)
(0.457966 -0.415989 0)
(0.38046 -0.366327 0)
(0.312685 -0.326671 0)
(0.25296 -0.295301 0)
(0.19981 -0.270667 0)
(0.15192 -0.252025 0)
(0.107244 -0.2391 0)
(0.0632073 -0.230466 0)
(0.0199634 -0.224639 0)
(-0.628719 -1.62158 0)
(-0.23441 -1.70542 0)
(0.0272005 -1.63529 0)
(0.0859461 -1.55923 0)
(0.0914619 -1.49797 0)
(0.0719937 -1.46519 0)
(0.0540846 -1.45696 0)
(0.0445479 -1.45766 0)
(0.0382301 -1.45658 0)
(0.0339902 -1.4526 0)
(0.0316436 -1.44794 0)
(0.0308014 -1.44348 0)
(0.0314539 -1.43858 0)
(0.0332605 -1.43221 0)
(0.0354422 -1.42322 0)
(0.0373304 -1.41091 0)
(0.0381779 -1.39642 0)
(0.0362365 -1.37947 0)
(0.0299434 -1.354 0)
(0.00624997 -1.34165 0)
(-0.11048 -1.40001 0)
(-0.259007 -1.48679 0)
(-0.309487 -1.61936 0)
(-0.189989 -1.7707 0)
(0.0420845 -1.85832 0)
(0.329487 -1.83634 0)
(0.605633 -1.68865 0)
(0.771132 -1.44134 0)
(0.784263 -1.16642 0)
(0.713517 -0.939637 0)
(0.627164 -0.779121 0)
(0.544696 -0.659242 0)
(0.467477 -0.565932 0)
(0.395327 -0.491873 0)
(0.331042 -0.432506 0)
(0.273456 -0.384971 0)
(0.222025 -0.347006 0)
(0.175917 -0.317061 0)
(0.134127 -0.294331 0)
(0.094716 -0.278465 0)
(0.0556031 -0.26776 0)
(0.0174954 -0.260795 0)
(-0.630503 -1.59744 0)
(-0.256933 -1.61584 0)
(-0.0332048 -1.59537 0)
(0.0296705 -1.54035 0)
(0.0497244 -1.50292 0)
(0.0491457 -1.48416 0)
(0.041959 -1.47218 0)
(0.0355471 -1.46303 0)
(0.031456 -1.45599 0)
(0.0295096 -1.45022 0)
(0.0286345 -1.44484 0)
(0.0284392 -1.43939 0)
(0.0290366 -1.43363 0)
(0.0301027 -1.42717 0)
(0.0309463 -1.41934 0)
(0.03083 -1.40995 0)
(0.0291265 -1.40038 0)
(0.0252568 -1.38898 0)
(0.0200156 -1.36639 0)
(0.00687218 -1.3501 0)
(-0.0667754 -1.39507 0)
(-0.16349 -1.46074 0)
(-0.181662 -1.55722 0)
(-0.0842951 -1.65697 0)
(0.0763168 -1.70831 0)
(0.258186 -1.68197 0)
(0.425771 -1.56081 0)
(0.532494 -1.37067 0)
(0.561349 -1.16607 0)
(0.539067 -0.988738 0)
(0.493123 -0.845593 0)
(0.437523 -0.728252 0)
(0.380739 -0.631408 0)
(0.325669 -0.552145 0)
(0.274655 -0.486917 0)
(0.228082 -0.433851 0)
(0.185903 -0.390922 0)
(0.147796 -0.356722 0)
(0.112981 -0.330593 0)
(0.0797682 -0.312232 0)
(0.046665 -0.299778 0)
(0.0146521 -0.291878 0)
(-0.699516 -1.60647 0)
(-0.257581 -1.57379 0)
(-0.0530888 -1.55815 0)
(0.00758467 -1.52336 0)
(0.0262063 -1.49778 0)
(0.0307036 -1.48651 0)
(0.0291295 -1.47639 0)
(0.0261775 -1.46628 0)
(0.0236973 -1.45834 0)
(0.0222759 -1.45192 0)
(0.0215365 -1.44587 0)
(0.0212176 -1.43972 0)
(0.0213311 -1.43338 0)
(0.0216594 -1.42667 0)
(0.0217409 -1.41918 0)
(0.0210993 -1.411 0)
(0.0194109 -1.40392 0)
(0.0165225 -1.39581 0)
(0.0135579 -1.37643 0)
(0.00785101 -1.36321 0)
(-0.0379016 -1.40364 0)
(-0.100651 -1.44856 0)
(-0.10349 -1.50911 0)
(-0.0305381 -1.56405 0)
(0.0824367 -1.57914 0)
(0.201557 -1.5422 0)
(0.304705 -1.44703 0)
(0.373942 -1.31074 0)
(0.401426 -1.16064 0)
(0.395552 -1.01712 0)
(0.369011 -0.888418 0)
(0.33233 -0.776136 0)
(0.292372 -0.679815 0)
(0.252193 -0.59821 0)
(0.213901 -0.529651 0)
(0.178393 -0.472876 0)
(0.145883 -0.42636 0)
(0.116313 -0.388885 0)
(0.0890855 -0.360067 0)
(0.062854 -0.339714 0)
(0.0366616 -0.325864 0)
(0.0115008 -0.317222 0)
(-0.969273 -1.59659 0)
(-0.325538 -1.58013 0)
(-0.0770497 -1.53213 0)
(-0.00249956 -1.50583 0)
(0.0129952 -1.48771 0)
(0.0177109 -1.48283 0)
(0.0184113 -1.47652 0)
(0.0176582 -1.46763 0)
(0.0166286 -1.45978 0)
(0.0158783 -1.45306 0)
(0.0154033 -1.44658 0)
(0.0151391 -1.44006 0)
(0.0150672 -1.43348 0)
(0.0150091 -1.4268 0)
(0.0146449 -1.41972 0)
(0.013688 -1.41243 0)
(0.0120442 -1.40688 0)
(0.00985481 -1.40059 0)
(0.0081525 -1.38276 0)
(0.00590289 -1.37071 0)
(-0.0202541 -1.40797 0)
(-0.057064 -1.43904 0)
(-0.053736 -1.47701 0)
(-0.00453314 -1.50774 0)
(0.0689653 -1.50513 0)
(0.143794 -1.46486 0)
(0.207238 -1.38567 0)
(0.250666 -1.27842 0)
(0.26992 -1.1565 0)
(0.268429 -1.03228 0)
(0.253182 -0.91494 0)
(0.230319 -0.808248 0)
(0.203987 -0.713657 0)
(0.176802 -0.631464 0)
(0.150457 -0.561101 0)
(0.125763 -0.501982 0)
(0.103028 -0.452971 0)
(0.0822746 -0.413093 0)
(0.0630633 -0.382258 0)
(0.0444323 -0.360394 0)
(0.0258448 -0.34548 0)
(0.00810687 -0.336273 0)
(-1.13713 -1.38574 0)
(-0.362824 -1.52969 0)
(-0.0784508 -1.50905 0)
(-0.00468883 -1.4948 0)
(0.00574788 -1.48121 0)
(0.0086816 -1.47988 0)
(0.00949875 -1.47591 0)
(0.00944005 -1.46801 0)
(0.00909065 -1.46041 0)
(0.00878445 -1.45366 0)
(0.00856854 -1.44703 0)
(0.00842221 -1.44032 0)
(0.00835178 -1.43362 0)
(0.00827039 -1.42697 0)
(0.00799787 -1.42015 0)
(0.00737276 -1.41344 0)
(0.00635484 -1.40883 0)
(0.00507573 -1.40361 0)
(0.00422908 -1.38671 0)
(0.00361607 -1.37572 0)
(-0.00903712 -1.41192 0)
(-0.0267727 -1.43508 0)
(-0.021041 -1.45945 0)
(0.00841523 -1.47705 0)
(0.0497361 -1.4663 0)
(0.0899469 -1.42591 0)
(0.12309 -1.35513 0)
(0.145291 -1.26143 0)
(0.154821 -1.15349 0)
(0.153458 -1.04063 0)
(0.144704 -0.93101 0)
(0.131558 -0.828454 0)
(0.1163 -0.735433 0)
(0.100577 -0.653228 0)
(0.08537 -0.581891 0)
(0.0711753 -0.521321 0)
(0.0581804 -0.470638 0)
(0.046382 -0.429096 0)
(0.0354813 -0.396845 0)
(0.02491 -0.373905 0)
(0.0144314 -0.358216 0)
(0.00452936 -0.348605 0)
(-0.390072 -0.983205 0)
(-0.0917347 -1.35312 0)
(-0.0259257 -1.47668 0)
(-0.00225464 -1.48929 0)
(0.000969356 -1.47836 0)
(0.00181594 -1.4785 0)
(0.00204767 -1.47568 0)
(0.00208545 -1.46815 0)
(0.00202294 -1.46068 0)
(0.00195822 -1.45394 0)
(0.0019174 -1.44727 0)
(0.0018801 -1.44051 0)
(0.00184731 -1.43376 0)
(0.0018022 -1.42712 0)
(0.00169657 -1.42039 0)
(0.00150162 -1.41387 0)
(0.00124469 -1.4096 0)
(0.000990986 -1.40477 0)
(0.00093368 -1.38821 0)
(0.00118905 -1.37768 0)
(-0.000994142 -1.41363 0)
(-0.00376948 -1.43372 0)
(0.00183515 -1.45268 0)
(0.0141669 -1.46569 0)
(0.0285325 -1.45226 0)
(0.0405453 -1.41218 0)
(0.0486837 -1.34487 0)
(0.0524058 -1.25671 0)
(0.0520185 -1.15467 0)
(0.0486077 -1.04666 0)
(0.0434824 -0.940204 0)
(0.0376096 -0.83923 0)
(0.0316809 -0.746657 0)
(0.0261504 -0.664177 0)
(0.021226 -0.59215 0)
(0.0169756 -0.53067 0)
(0.0133652 -0.478975 0)
(0.0103092 -0.436444 0)
(0.00765289 -0.403355 0)
(0.00521436 -0.379764 0)
(0.00294619 -0.3636 0)
(0.00092826 -0.35376 0)
(0.403495 -0.984894 0)
(0.112079 -1.35282 0)
(0.0326559 -1.47769 0)
(0.00156596 -1.48987 0)
(-0.00317067 -1.47883 0)
(-0.00461446 -1.47877 0)
(-0.00499702 -1.47572 0)
(-0.00495231 -1.46809 0)
(-0.00479725 -1.4606 0)
(-0.00466667 -1.45386 0)
(-0.00456319 -1.44721 0)
(-0.0044982 -1.44047 0)
(-0.00448125 -1.43373 0)
(-0.00446343 -1.42711 0)
(-0.0043572 -1.42038 0)
(-0.00406336 -1.41383 0)
(-0.00352874 -1.40947 0)
(-0.00276393 -1.40455 0)
(-0.00204776 -1.38792 0)
(-0.00105106 -1.37724 0)
(0.00626864 -1.41316 0)
(0.0170851 -1.43326 0)
(0.0219316 -1.45208 0)
(0.0176116 -1.46574 0)
(0.00600163 -1.45313 0)
(-0.00817637 -1.4143 0)
(-0.0229301 -1.34832 0)
(-0.0363362 -1.26091 0)
(-0.0463364 -1.1588 0)
(-0.0522533 -1.05017 0)
(-0.054513 -0.942828 0)
(-0.0538372 -0.840942 0)
(-0.0510346 -0.747549 0)
(-0.0468561 -0.664394 0)
(-0.0418695 -0.591839 0)
(-0.036466 -0.529953 0)
(-0.0309088 -0.477958 0)
(-0.0253774 -0.43522 0)
(-0.0198864 -0.40199 0)
(-0.0142558 -0.378309 0)
(-0.00839302 -0.362108 0)
(-0.00262889 -0.352293 0)
(1.16704 -1.41803 0)
(0.384614 -1.5467 0)
(0.0836932 -1.51626 0)
(0.00395794 -1.49759 0)
(-0.00877282 -1.48296 0)
(-0.0125151 -1.48077 0)
(-0.0133353 -1.47612 0)
(-0.0130323 -1.46789 0)
(-0.0124437 -1.46021 0)
(-0.0119814 -1.45348 0)
(-0.01166 -1.44692 0)
(-0.0114683 -1.44028 0)
(-0.0114003 -1.43363 0)
(-0.0113218 -1.427 0)
(-0.0110011 -1.42012 0)
(-0.0102211 -1.41326 0)
(-0.00890595 -1.40839 0)
(-0.00715425 -1.40288 0)
(-0.00567017 -1.38567 0)
(-0.00366918 -1.37423 0)
(0.014712 -1.41001 0)
(0.0414411 -1.43272 0)
(0.0471907 -1.45662 0)
(0.0256095 -1.4766 0)
(-0.0137862 -1.46956 0)
(-0.0573253 -1.43403 0)
(-0.0990245 -1.36757 0)
(-0.133484 -1.27594 0)
(-0.155582 -1.16739 0)
(-0.164613 -1.05206 0)
(-0.163356 -0.939158 0)
(-0.154961 -0.833363 0)
(-0.142078 -0.73756 0)
(-0.126812 -0.653154 0)
(-0.110642 -0.580174 0)
(-0.0944476 -0.518401 0)
(-0.0787323 -0.466867 0)
(-0.0637608 -0.424756 0)
(-0.0494055 -0.392129 0)
(-0.0350997 -0.368941 0)
(-0.0205373 -0.353141 0)
(-0.00643434 -0.343604 0)
(0.945865 -1.61758 0)
(0.324205 -1.59436 0)
(0.0712266 -1.54543 0)
(-0.00143424 -1.51379 0)
(-0.0190874 -1.49249 0)
(-0.0240417 -1.48478 0)
(-0.0238391 -1.47666 0)
(-0.0220532 -1.46712 0)
(-0.0203155 -1.45916 0)
(-0.019249 -1.45256 0)
(-0.0186469 -1.44629 0)
(-0.0183553 -1.43994 0)
(-0.0183769 -1.43346 0)
(-0.0185175 -1.42676 0)
(-0.0183976 -1.41951 0)
(-0.0176388 -1.41184 0)
(-0.0159685 -1.40565 0)
(-0.013353 -1.39863 0)
(-0.0108195 -1.38014 0)
(-0.00681031 -1.36751 0)
(0.0261842 -1.40501 0)
(0.0735469 -1.43622 0)
(0.0839169 -1.47411 0)
(0.0430776 -1.50992 0)
(-0.0287766 -1.51651 0)
(-0.10983 -1.48755 0)
(-0.187278 -1.41691 0)
(-0.249858 -1.31112 0)
(-0.286957 -1.18433 0)
(-0.297944 -1.05254 0)
(-0.28965 -0.927398 0)
(-0.26962 -0.813843 0)
(-0.243392 -0.713827 0)
(-0.214408 -0.627699 0)
(-0.185042 -0.55463 0)
(-0.156546 -0.493689 0)
(-0.129518 -0.443495 0)
(-0.104213 -0.402901 0)
(-0.0803379 -0.371628 0)
(-0.0569116 -0.349476 0)
(-0.0332731 -0.334447 0)
(-0.0104247 -0.325401 0)
(0.684362 -1.61851 0)
(0.262563 -1.60371 0)
(0.0441198 -1.5815 0)
(-0.0187415 -1.53373 0)
(-0.0391753 -1.50154 0)
(-0.0416267 -1.48587 0)
(-0.037179 -1.47434 0)
(-0.0323114 -1.46456 0)
(-0.0290719 -1.45706 0)
(-0.0274964 -1.45097 0)
(-0.0267409 -1.44529 0)
(-0.026537 -1.43956 0)
(-0.0269804 -1.43356 0)
(-0.0277405 -1.42702 0)
(-0.0281862 -1.4194 0)
(-0.0276874 -1.41054 0)
(-0.0256894 -1.40203 0)
(-0.0218736 -1.39201 0)
(-0.017264 -1.37062 0)
(-0.0076892 -1.35473 0)
(0.0472209 -1.39431 0)
(0.121606 -1.43975 0)
(0.143793 -1.50359 0)
(0.0820402 -1.57336 0)
(-0.0284141 -1.61198 0)
(-0.156046 -1.5994 0)
(-0.283976 -1.51931 0)
(-0.386215 -1.38028 0)
(-0.440758 -1.21186 0)
(-0.449374 -1.04709 0)
(-0.428102 -0.901948 0)
(-0.391026 -0.778171 0)
(-0.347642 -0.673585 0)
(-0.302336 -0.586599 0)
(-0.258315 -0.51471 0)
(-0.216771 -0.455986 0)
(-0.178163 -0.408389 0)
(-0.142546 -0.370407 0)
(-0.109418 -0.341373 0)
(-0.0773861 -0.320903 0)
(-0.0452822 -0.307074 0)
(-0.0141944 -0.298744 0)
(0.632709 -1.61521 0)
(0.246001 -1.67769 0)
(-0.00652583 -1.62311 0)
(-0.0671889 -1.55351 0)
(-0.0783814 -1.50019 0)
(-0.0657473 -1.47199 0)
(-0.0520314 -1.46254 0)
(-0.0431475 -1.46026 0)
(-0.0369811 -1.45731 0)
(-0.0329266 -1.45255 0)
(-0.0306511 -1.44756 0)
(-0.029795 -1.4428 0)
(-0.0302666 -1.43761 0)
(-0.0316519 -1.43106 0)
(-0.033227 -1.4222 0)
(-0.0343967 -1.41044 0)
(-0.0345067 -1.39717 0)
(-0.0323374 -1.38193 0)
(-0.0272342 -1.35771 0)
(-0.0103635 -1.34431 0)
(0.0773891 -1.39614 0)
(0.191609 -1.46303 0)
(0.245558 -1.56112 0)
(0.172993 -1.68151 0)
(0.0159149 -1.76341 0)
(-0.189462 -1.76998 0)
(-0.409174 -1.67901 0)
(-0.580294 -1.49256 0)
(-0.651829 -1.25525 0)
(-0.638085 -1.03218 0)
(-0.585502 -0.855753 0)
(-0.520647 -0.719934 0)
(-0.454657 -0.612916 0)
(-0.389277 -0.527416 0)
(-0.328827 -0.459159 0)
(-0.273509 -0.404756 0)
(-0.223249 -0.361496 0)
(-0.177586 -0.327488 0)
(-0.135703 -0.301732 0)
(-0.0958399 -0.28369 0)
(-0.0561906 -0.271565 0)
(-0.0176406 -0.264209 0)
(0.730724 -1.63575 0)
(0.316922 -1.7616 0)
(-0.0794459 -1.74748 0)
(-0.152962 -1.65616 0)
(-0.144697 -1.56088 0)
(-0.0999957 -1.48672 0)
(-0.0571912 -1.44491 0)
(-0.0364004 -1.43812 0)
(-0.0339163 -1.45119 0)
(-0.0365314 -1.46223 0)
(-0.037564 -1.46629 0)
(-0.0388145 -1.46634 0)
(-0.0426833 -1.46454 0)
(-0.0488211 -1.46032 0)
(-0.0561115 -1.45156 0)
(-0.0635477 -1.43633 0)
(-0.0680433 -1.414 0)
(-0.0622685 -1.38335 0)
(-0.0408414 -1.34554 0)
(0.00645221 -1.32906 0)
(0.142471 -1.40169 0)
(0.302691 -1.47537 0)
(0.403676 -1.59545 0)
(0.314605 -1.73986 0)
(0.0779733 -1.83509 0)
(-0.247636 -1.84184 0)
(-0.597051 -1.74209 0)
(-0.873415 -1.54164 0)
(-0.969168 -1.25981 0)
(-0.899802 -0.97871 0)
(-0.776023 -0.77395 0)
(-0.658968 -0.626666 0)
(-0.561328 -0.525401 0)
(-0.472072 -0.446672 0)
(-0.393461 -0.386615 0)
(-0.324219 -0.339753 0)
(-0.262825 -0.303171 0)
(-0.207907 -0.274784 0)
(-0.158152 -0.253442 0)
(-0.111515 -0.238598 0)
(-0.0655678 -0.228707 0)
(-0.0206491 -0.222607 0)
(0.738897 -1.52552 0)
(0.254632 -1.61426 0)
(-0.0480259 -1.6619 0)
(-0.258592 -1.73078 0)
(-0.234636 -1.79787 0)
(-0.147648 -1.66039 0)
(-0.0888379 -1.51981 0)
(-0.0372316 -1.42231 0)
(-0.0156789 -1.40022 0)
(-0.0190288 -1.41076 0)
(-0.026861 -1.41218 0)
(-0.0302868 -1.40315 0)
(-0.0332422 -1.39341 0)
(-0.0400608 -1.38388 0)
(-0.0511391 -1.37292 0)
(-0.0651521 -1.35839 0)
(-0.077946 -1.33888 0)
(-0.0786857 -1.31805 0)
(-0.0521877 -1.30191 0)
(0.0267908 -1.31385 0)
(0.150321 -1.3726 0)
(0.372707 -1.32465 0)
(0.532234 -1.39777 0)
(0.369279 -1.52745 0)
(0.0630876 -1.57876 0)
(-0.327352 -1.52868 0)
(-0.764951 -1.40504 0)
(-1.15169 -1.29379 0)
(-1.32816 -1.07464 0)
(-1.20673 -0.801951 0)
(-0.987 -0.621334 0)
(-0.793292 -0.481275 0)
(-0.65417 -0.402033 0)
(-0.541805 -0.341485 0)
(-0.446341 -0.296483 0)
(-0.364956 -0.261799 0)
(-0.294334 -0.234696 0)
(-0.23189 -0.21369 0)
(-0.17574 -0.197844 0)
(-0.123696 -0.186811 0)
(-0.0729776 -0.179556 0)
(-0.0231058 -0.17498 0)
(1.03832 -1.04817 0)
(0.503443 -1.19969 0)
(0.133944 -1.30141 0)
(-0.111343 -1.45 0)
(-0.189772 -1.71095 0)
(-0.253402 -1.9379 0)
(-0.254346 -2.01432 0)
(-0.15326 -1.98506 0)
(-0.0848558 -1.69464 0)
(-0.0587548 -1.3535 0)
(-0.079 -1.00579 0)
(-0.0891763 -0.658488 0)
(-0.0774265 -0.391669 0)
(-0.0521917 -0.230014 0)
(-0.0508705 -0.208869 0)
(-0.0539953 -0.272805 0)
(-0.0342307 -0.362568 0)
(0.00744715 -0.809292 0)
(0.0144214 -1.16588 0)
(0.0704449 -1.20978 0)
(0.157538 -1.21058 0)
(0.389176 -1.25177 0)
(0.611927 -1.13716 0)
(0.563894 -1.00265 0)
(0.158077 -0.941588 0)
(-0.367037 -0.88598 0)
(-0.819505 -0.781562 0)
(-1.27781 -0.691317 0)
(-1.5711 -0.608392 0)
(-1.43205 -0.444522 0)
(-1.1437 -0.36664 0)
(-0.887869 -0.282813 0)
(-0.712189 -0.243781 0)
(-0.584851 -0.215774 0)
(-0.479987 -0.192431 0)
(-0.391336 -0.174075 0)
(-0.315144 -0.158929 0)
(-0.248073 -0.146622 0)
(-0.187738 -0.137016 0)
(-0.131981 -0.130059 0)
(-0.0781209 -0.125441 0)
(-0.0249076 -0.122488 0)
(1.56276 -0.153291 0)
(0.795201 -0.156107 0)
(0.237645 -0.490245 0)
(0.0940516 -0.652749 0)
(0.126569 -0.781052 0)
(0.0359823 -0.900905 0)
(-0.226028 -0.94834 0)
(-0.491288 -0.941202 0)
(-0.617158 -0.747667 0)
(-0.700168 -0.548833 0)
(-0.700386 -0.395017 0)
(-0.61987 -0.189948 0)
(-0.46514 -0.032054 0)
(-0.268687 0.0969336 0)
(-0.082281 0.19203 0)
(0.0838124 0.215476 0)
(0.282969 0.134212 0)
(0.538188 0.0081068 0)
(0.406848 -0.423587 0)
(0.119041 -0.951885 0)
(0.16062 -1.07927 0)
(0.247603 -1.04867 0)
(0.239749 -0.869374 0)
(0.150055 -0.595983 0)
(-0.0852384 -0.429577 0)
(-0.450169 -0.36005 0)
(-0.843778 -0.184097 0)
(-1.35764 0.00970423 0)
(-1.63288 0.0396905 0)
(-1.47101 0.0115513 0)
(-1.16725 -0.0519682 0)
(-0.90436 -0.066321 0)
(-0.722378 -0.0748291 0)
(-0.593876 -0.0826848 0)
(-0.490007 -0.0834828 0)
(-0.401059 -0.0819804 0)
(-0.323853 -0.0796565 0)
(-0.255645 -0.0765499 0)
(-0.193902 -0.073397 0)
(-0.136548 -0.0704844 0)
(-0.0812516 -0.0679388 0)
(-0.0261419 -0.0661537 0)
(1.86538 0.992023 0)
(1.12597 0.879277 0)
(0.627278 0.657307 0)
(0.278383 0.431711 0)
(0.107114 0.232713 0)
(0.0874251 0.109859 0)
(-0.071683 0.114403 0)
(-0.29498 0.196563 0)
(-0.516195 0.193443 0)
(-0.656837 0.264109 0)
(-0.690493 0.297815 0)
(-0.630119 0.329442 0)
(-0.494993 0.346326 0)
(-0.320425 0.362319 0)
(-0.128906 0.382547 0)
(0.0762002 0.406626 0)
(0.311346 0.435468 0)
(0.607467 0.507128 0)
(0.825423 0.559351 0)
(0.708012 0.386813 0)
(0.421117 0.295285 0)
(0.184846 -0.275894 0)
(0.0907285 -0.286529 0)
(0.0402958 -0.275564 0)
(-0.141157 -0.0656988 0)
(-0.547233 0.235359 0)
(-1.06541 0.521505 0)
(-1.51413 0.684928 0)
(-1.54584 0.60018 0)
(-1.33515 0.381108 0)
(-1.06144 0.205426 0)
(-0.84187 0.116482 0)
(-0.689114 0.0740548 0)
(-0.574318 0.0426452 0)
(-0.478615 0.0215343 0)
(-0.395029 0.00886857 0)
(-0.321057 3.42425e-05 0)
(-0.254845 -0.00562761 0)
(-0.194413 -0.0086989 0)
(-0.137945 -0.00977101 0)
(-0.0836248 -0.00864802 0)
(-0.0286309 -0.00642052 0)
(1.79636 1.50422 0)
(1.2418 1.53505 0)
(0.801891 1.45587 0)
(0.486914 1.33028 0)
(0.272213 1.22744 0)
(0.0867537 1.15573 0)
(-0.176474 1.1484 0)
(-0.436512 1.13559 0)
(-0.610194 1.062 0)
(-0.694775 0.961022 0)
(-0.689964 0.854709 0)
(-0.6089 0.753695 0)
(-0.470526 0.666984 0)
(-0.29837 0.6073 0)
(-0.116363 0.581285 0)
(0.061056 0.588648 0)
(0.238916 0.632438 0)
(0.433771 0.733003 0)
(0.63094 0.918225 0)
(0.710814 1.07381 0)
(0.673048 1.20779 0)
(0.540151 1.25572 0)
(0.2249 1.29151 0)
(-0.0700188 1.23913 0)
(-0.492199 1.4174 0)
(-0.939727 1.50621 0)
(-1.25778 1.429 0)
(-1.36149 1.18834 0)
(-1.27633 0.852379 0)
(-1.08522 0.550193 0)
(-0.891403 0.353696 0)
(-0.744213 0.251038 0)
(-0.632722 0.193807 0)
(-0.537505 0.151303 0)
(-0.452417 0.117881 0)
(-0.376516 0.0941544 0)
(-0.308402 0.0769568 0)
(-0.246521 0.0643819 0)
(-0.189612 0.0559841 0)
(-0.136355 0.0512637 0)
(-0.0856649 0.0507759 0)
(-0.031269 0.0544071 0)
(1.55247 1.52011 0)
(1.17333 1.67796 0)
(0.826498 1.72577 0)
(0.545926 1.70595 0)
(0.331159 1.66485 0)
(0.143922 1.62943 0)
(-0.0574393 1.59289 0)
(-0.255766 1.52199 0)
(-0.408129 1.40379 0)
(-0.493843 1.25362 0)
(-0.507428 1.09638 0)
(-0.454891 0.95249 0)
(-0.352399 0.836535 0)
(-0.223123 0.759397 0)
(-0.0879092 0.725519 0)
(0.0433507 0.731819 0)
(0.168098 0.773858 0)
(0.283155 0.855281 0)
(0.377702 0.991486 0)
(0.426383 1.17562 0)
(0.419912 1.37046 0)
(0.327203 1.54672 0)
(0.1448 1.68049 0)
(-0.1056 1.7547 0)
(-0.421107 1.75233 0)
(-0.709455 1.62944 0)
(-0.891609 1.39372 0)
(-0.95743 1.09986 0)
(-0.926174 0.817334 0)
(-0.842912 0.598928 0)
(-0.746617 0.455197 0)
(-0.65448 0.363316 0)
(-0.568926 0.297598 0)
(-0.489171 0.244907 0)
(-0.415583 0.202627 0)
(-0.348688 0.170516 0)
(-0.287798 0.146531 0)
(-0.231853 0.128639 0)
(-0.180027 0.116002 0)
(-0.131504 0.108079 0)
(-0.0861483 0.105288 0)
(-0.0338289 0.107421 0)
(1.29006 1.32323 0)
(1.02499 1.51369 0)
(0.765831 1.62234 0)
(0.531899 1.66589 0)
(0.33055 1.66836 0)
(0.152043 1.65053 0)
(-0.0195314 1.61318 0)
(-0.177294 1.54465 0)
(-0.296327 1.43711 0)
(-0.359819 1.30253 0)
(-0.366748 1.16213 0)
(-0.326915 1.03493 0)
(-0.255399 0.934549 0)
(-0.166758 0.869046 0)
(-0.0720032 0.840082 0)
(0.0215332 0.844026 0)
(0.109188 0.876527 0)
(0.184163 0.937101 0)
(0.23606 1.02619 0)
(0.249602 1.14244 0)
(0.216361 1.27174 0)
(0.129398 1.39021 0)
(-0.00703568 1.47751 0)
(-0.181256 1.51627 0)
(-0.375045 1.49136 0)
(-0.548661 1.38761 0)
(-0.669061 1.21798 0)
(-0.727392 1.02196 0)
(-0.729701 0.837016 0)
(-0.691207 0.681668 0)
(-0.630675 0.557311 0)
(-0.56278 0.459243 0)
(-0.495344 0.382591 0)
(-0.431084 0.322244 0)
(-0.370553 0.274289 0)
(-0.314001 0.236706 0)
(-0.261381 0.207732 0)
(-0.21233 0.185638 0)
(-0.166495 0.169439 0)
(-0.123469 0.158492 0)
(-0.0838726 0.153068 0)
(-0.035559 0.152621 0)
(1.05848 1.11313 0)
(0.86262 1.28779 0)
(0.668411 1.40747 0)
(0.48424 1.47661 0)
(0.317107 1.50635 0)
(0.167973 1.508 0)
(0.0346706 1.48452 0)
(-0.0805846 1.43302 0)
(-0.167788 1.35352 0)
(-0.218535 1.25534 0)
(-0.232483 1.15404 0)
(-0.215611 1.06334 0)
(-0.175613 0.992289 0)
(-0.120235 0.945108 0)
(-0.057147 0.922735 0)
(0.0066684 0.923924 0)
(0.0658312 0.946747 0)
(0.11441 0.989803 0)
(0.145254 1.05076 0)
(0.149656 1.12474 0)
(0.121334 1.20323 0)
(0.0589334 1.27452 0)
(-0.0316607 1.32199 0)
(-0.145769 1.3361 0)
(-0.273296 1.30927 0)
(-0.395552 1.2337 0)
(-0.489799 1.11799 0)
(-0.543873 0.982086 0)
(-0.558886 0.844715 0)
(-0.543809 0.717818 0)
(-0.509567 0.607698 0)
(-0.465465 0.516295 0)
(-0.417739 0.442108 0)
(-0.369348 0.381781 0)
(-0.321493 0.332305 0)
(-0.275103 0.292066 0)
(-0.230883 0.25997 0)
(-0.189069 0.23485 0)
(-0.149656 0.215849 0)
(-0.112493 0.202288 0)
(-0.0786765 0.194418 0)
(-0.0355033 0.191073 0)
(0.857275 0.952149 0)
(0.710089 1.1067 0)
(0.56496 1.22245 0)
(0.424638 1.3003 0)
(0.293896 1.34485 0)
(0.175454 1.36159 0)
(0.0702017 1.35396 0)
(-0.0194335 1.32337 0)
(-0.0889143 1.27327 0)
(-0.133004 1.21086 0)
(-0.151126 1.14499 0)
(-0.146254 1.08396 0)
(-0.123295 1.03396 0)
(-0.0879402 0.998782 0)
(-0.0459811 0.98031 0)
(-0.00296681 0.978928 0)
(0.0363585 0.993456 0)
(0.0670392 1.02207 0)
(0.0841548 1.06238 0)
(0.0828016 1.11006 0)
(0.0593839 1.15855 0)
(0.0127354 1.19947 0)
(-0.0554554 1.22333 0)
(-0.137262 1.22319 0)
(-0.226436 1.19479 0)
(-0.310556 1.13593 0)
(-0.376604 1.05051 0)
(-0.417601 0.948149 0)
(-0.433632 0.840155 0)
(-0.42887 0.73585 0)
(-0.409048 0.641145 0)
(-0.379725 0.558593 0)
(-0.345273 0.488252 0)
(-0.308528 0.428832 0)
(-0.27107 0.378849 0)
(-0.233901 0.337277 0)
(-0.197773 0.303323 0)
(-0.163135 0.276146 0)
(-0.130207 0.255055 0)
(-0.0989924 0.239389 0)
(-0.0708124 0.229463 0)
(-0.0335724 0.223358 0)
(0.678356 0.836363 0)
(0.569112 0.977291 0)
(0.461745 1.08826 0)
(0.356377 1.16943 0)
(0.256144 1.22271 0)
(0.16399 1.25121 0)
(0.0821004 1.25813 0)
(0.0127921 1.24611 0)
(-0.040878 1.21867 0)
(-0.0766945 1.1806 0)
(-0.0944873 1.1376 0)
(-0.0958847 1.09569 0)
(-0.0839723 1.05977 0)
(-0.06257 1.03331 0)
(-0.0358215 1.01827 0)
(-0.00786323 1.01522 0)
(0.0173043 1.02344 0)
(0.0361184 1.04135 0)
(0.0451354 1.06671 0)
(0.0412339 1.096 0)
(0.0222953 1.12435 0)
(-0.0120911 1.14598 0)
(-0.0599929 1.155 0)
(-0.11668 1.1468 0)
(-0.176817 1.11841 0)
(-0.233613 1.06882 0)
(-0.280143 1.00025 0)
(-0.311748 0.918416 0)
(-0.32719 0.830624 0)
(-0.328041 0.743449 0)
(-0.317416 0.661443 0)
(-0.298779 0.587081 0)
(-0.275112 0.521316 0)
(-0.248539 0.4641 0)
(-0.220412 0.414876 0)
(-0.191694 0.373064 0)
(-0.163179 0.338173 0)
(-0.135443 0.309678 0)
(-0.10885 0.287094 0)
(-0.0835009 0.269829 0)
(-0.0607429 0.258299 0)
(-0.0299003 0.249837 0)
(0.5142 0.75301 0)
(0.435507 0.884837 0)
(0.358071 0.99213 0)
(0.281348 1.07496 0)
(0.207511 1.13414 0)
(0.139126 1.17161 0)
(0.0783079 1.18979 0)
(0.0268294 1.1912 0)
(-0.0134074 1.17896 0)
(-0.0414933 1.15677 0)
(-0.0570624 1.12906 0)
(-0.0611123 1.10043 0)
(-0.0556453 1.07476 0)
(-0.043258 1.0549 0)
(-0.0268647 1.04258 0)
(-0.00940614 1.03848 0)
(0.00627022 1.04217 0)
(0.0174751 1.05243 0)
(0.0218743 1.06736 0)
(0.0174753 1.08411 0)
(0.00308897 1.0991 0)
(-0.0212473 1.10831 0)
(-0.0541077 1.10778 0)
(-0.0926792 1.09425 0)
(-0.133383 1.06568 0)
(-0.17202 1.0217 0)
(-0.204352 0.964021 0)
(-0.227303 0.896333 0)
(-0.239765 0.823279 0)
(-0.242424 0.749242 0)
(-0.236985 0.677579 0)
(-0.225417 0.610465 0)
(-0.209526 0.549096 0)
(-0.190796 0.493977 0)
(-0.170355 0.445228 0)
(-0.14906 0.402855 0)
(-0.127596 0.366801 0)
(-0.106487 0.336872 0)
(-0.0860947 0.312795 0)
(-0.0665465 0.294057 0)
(-0.0490497 0.281163 0)
(-0.0248154 0.270751 0)
(0.360159 0.694844 0)
(0.307176 0.820454 0)
(0.254906 0.925102 0)
(0.202839 1.00882 0)
(0.152384 1.07186 0)
(0.105347 1.11541 0)
(0.0632912 1.14135 0)
(0.027524 1.15199 0)
(-0.000729205 1.14994 0)
(-0.0207809 1.13846 0)
(-0.032488 1.12126 0)
(-0.0366025 1.10183 0)
(-0.0344734 1.08333 0)
(-0.0278068 1.06818 0)
(-0.0185138 1.05794 0)
(-0.00855633 1.0533 0)
(0.000222853 1.05388 0)
(0.00645074 1.0588 0)
(0.00838192 1.06661 0)
(0.00477217 1.07503 0)
(-0.00506124 1.08139 0)
(-0.0210069 1.08275 0)
(-0.0421963 1.07634 0)
(-0.0669907 1.06002 0)
(-0.0931955 1.03269 0)
(-0.118282 0.994391 0)
(-0.139748 0.946369 0)
(-0.155654 0.890802 0)
(-0.165018 0.830325 0)
(-0.16784 0.767491 0)
(-0.164863 0.704442 0)
(-0.157258 0.642857 0)
(-0.146331 0.584068 0)
(-0.133286 0.529163 0)
(-0.119073 0.479018 0)
(-0.104358 0.434303 0)
(-0.0895993 0.395458 0)
(-0.075111 0.362651 0)
(-0.0611098 0.335854 0)
(-0.0476546 0.314662 0)
(-0.0356741 0.299768 0)
(-0.0185812 0.286972 0)
(0.213026 0.658396 0)
(0.182548 0.780114 0)
(0.152368 0.883068 0)
(0.122168 0.967224 0)
(0.0927431 1.03252 0)
(0.0651623 1.07978 0)
(0.0403898 1.11056 0)
(0.0192016 1.12698 0)
(0.00214338 1.1315 0)
(-0.0103109 1.12774 0)
(-0.0180381 1.11911 0)
(-0.0211607 1.10779 0)
(-0.0202738 1.09562 0)
(-0.0164076 1.08423 0)
(-0.0108271 1.07479 0)
(-0.00488095 1.06814 0)
(8.78533e-05 1.06492 0)
(0.00311578 1.06518 0)
(0.00337127 1.06745 0)
(0.000217821 1.07005 0)
(-0.00662512 1.07158 0)
(-0.0171446 1.07035 0)
(-0.0307428 1.06438 0)
(-0.04635 1.05186 0)
(-0.0625353 1.03135 0)
(-0.0776687 1.00196 0)
(-0.0901685 0.96354 0)
(-0.0988029 0.916769 0)
(-0.102937 0.86311 0)
(-0.102617 0.804549 0)
(-0.0984713 0.743329 0)
(-0.09151 0.681693 0)
(-0.0828764 0.621673 0)
(-0.0735846 0.564926 0)
(-0.064333 0.512665 0)
(-0.0554668 0.465685 0)
(-0.0470774 0.424428 0)
(-0.0391383 0.389043 0)
(-0.0316029 0.359518 0)
(-0.0244259 0.335441 0)
(-0.0180734 0.317854 0)
(-0.00943298 0.301478 0)
(0.0705068 0.638745 0)
(0.0604564 0.758019 0)
(0.0504917 0.859547 0)
(0.0405071 0.943267 0)
(0.0307683 1.00897 0)
(0.0216358 1.05729 0)
(0.0134325 1.0896 0)
(0.00638845 1.10778 0)
(0.000571478 1.11418 0)
(-0.00395181 1.11081 0)
(-0.00696553 1.10027 0)
(-0.00824622 1.08618 0)
(-0.00785639 1.0718 0)
(-0.00617098 1.05957 0)
(-0.00371726 1.05108 0)
(-0.00108027 1.04685 0)
(0.00108424 1.04641 0)
(0.00202736 1.04818 0)
(0.00172731 1.05073 0)
(2.61626e-05 1.05236 0)
(-0.0030928 1.0504 0)
(-0.00767032 1.04211 0)
(-0.0134366 1.02538 0)
(-0.0199165 0.998633 0)
(-0.0264422 0.961228 0)
(-0.0322221 0.913644 0)
(-0.0365014 0.857516 0)
(-0.0387439 0.79545 0)
(-0.0387685 0.730628 0)
(-0.0367804 0.666295 0)
(-0.0332744 0.605233 0)
(-0.028913 0.549375 0)
(-0.0243707 0.499728 0)
(-0.0201648 0.456494 0)
(-0.0165523 0.419333 0)
(-0.0135473 0.387687 0)
(-0.0110247 0.361007 0)
(-0.00882804 0.33885 0)
(-0.00683011 0.320917 0)
(-0.00497402 0.306849 0)
(-0.00332227 0.29694 0)
(-0.00155778 0.28835 0)
)
;

boundaryField
{
    leftWall
    {
        type            noSlip;
    }
    rightWall
    {
        type            noSlip;
    }
    lowerWall
    {
        type            noSlip;
    }
    atmosphere
    {
        type            pressureInletOutletVelocity;
        value           nonuniform List<vector> 
44
(
(0.0011829 0.285407 0)
(0.00721595 0.298825 0)
(0.0143338 0.288295 0)
(0.0194957 0.277648 0)
(0.0242143 0.264044 0)
(0.0282819 0.246821 0)
(0.0314835 0.225852 0)
(0.0336575 0.201003 0)
(0.0346555 0.172103 0)
(0.0344042 0.138881 0)
(0.0329707 0.100927 0)
(0.0305653 0.0576418 0)
(0.0289157 0.00789992 0)
(0 -0.0440527 0)
(0 -0.0933633 0)
(0 -0.140185 0)
(0 -0.184169 0)
(0 -0.224639 0)
(0 -0.260795 0)
(0 -0.291878 0)
(0 -0.317222 0)
(0 -0.336273 0)
(0 -0.348605 0)
(0 -0.35376 0)
(0 -0.352293 0)
(0 -0.343604 0)
(0 -0.325401 0)
(0 -0.298744 0)
(0 -0.264209 0)
(0 -0.222607 0)
(0 -0.17498 0)
(0 -0.122488 0)
(0 -0.0661537 0)
(0 -0.00642052 0)
(-0.031269 0.0544071 0)
(-0.0338289 0.107421 0)
(-0.035559 0.152621 0)
(-0.0355033 0.191073 0)
(-0.0335724 0.223358 0)
(-0.0299003 0.249837 0)
(-0.0248154 0.270751 0)
(-0.0185812 0.286972 0)
(-0.00943298 0.301478 0)
(-0.00155778 0.28835 0)
)
;
    }
    frontAndBack
    {
        type            empty;
    }
}


// ************************************************************************* //
