/*--------------------------------*- C++ -*----------------------------------*\
  =========                 |
  \\      /  F ield         | OpenFOAM: The Open Source CFD Toolbox
   \\    /   O peration     | Website:  https://openfoam.org
    \\  /    A nd           | Version:  13
     \\/     M anipulation  |
\*---------------------------------------------------------------------------*/
FoamFile
{
    format      ascii;
    class       volScalarField;
    location    "0.2";
    object      p_rgh;
}
// * * * * * * * * * * * * * * * * * * * * * * * * * * * * * * * * * * * * * //

dimensions      [1 -1 -2 0 0 0 0];

internalField   nonuniform List<scalar> 
2016
(
11.3912
11.3124
11.0956
10.7459
11.4511
11.3755
11.1569
10.7958
11.5698
11.5018
11.2825
10.8986
11.7419
11.6892
11.4772
11.0585
11.9555
11.9336
11.7457
11.2771
12.1755
12.2212
12.0815
11.5378
12.3195
12.4957
12.46
11.8391
12.3523
12.5984
12.6562
11.8177
12.3888
12.5192
11.7843
9.60167
12.9639
12.323
8.80116
1.14958
16.1312
12.6128
2.03481
-6.06529
22.6343
11.0495
-3.47835
-6.88448
25.4061
6.00141
-3.31632
-4.89247
28.4376
2.44147
-1.46929
-3.00827
46.5755
0.155186
-0.0976177
-1.6946
83.633
12.5116
5.41668
1.13808
230.369
84.6841
38.4975
16.6965
993.977
416.826
201.222
121.787
2771.16
1601.33
877.655
816.146
4334.23
3162.2
2336.76
2020.91
4289.88
3662.03
3101.57
2751.65
3560.84
3460.89
3447.19
3148.65
3481.41
3432.28
3488.74
3226.69
3174.92
3076.63
3158.03
2534.34
3436.12
3181.39
2938.65
2593.83
4021.95
3150.61
2404.89
2090.58
2877.95
1800.32
1034.56
858.997
1060.06
457.483
190.641
109.445
202.267
79.3298
34.0122
15.7573
53.6861
12.1383
5.79631
2.66095
36.0999
3.08534
2.14803
0.35026
25.2146
2.66943
0.376242
-1.33716
22.3978
6.60865
-1.71059
-3.70078
17.793
9.8282
-1.6598
-5.25338
14.0111
11.9131
5.36017
-0.760482
12.5986
12.279
10.7732
8.03554
12.2642
12.4011
12.2885
11.0637
12.2237
12.3735
12.2432
11.5693
12.1576
12.1843
11.9851
11.4386
12.0254
11.9899
11.7722
11.2963
11.9159
11.8558
11.6216
11.1797
11.859
11.7889
11.5471
11.1194
10.2788
9.72458
9.14341
8.57497
8.04604
7.57071
7.15407
6.79512
6.48926
6.23153
6.01681
5.84007
5.69673
5.58276
5.49472
5.42957
5.38448
5.35672
5.34359
5.34244
5.35073
5.36613
5.38657
5.41028
5.43584
5.46209
5.48816
5.51339
5.53734
5.55973
5.58045
5.59947
5.61684
5.63269
5.64716
5.66042
5.67265
5.68403
5.69472
5.7049
5.71471
5.72427
10.3067
9.7244
9.1181
8.53185
7.99293
7.51372
7.09675
6.74024
6.43863
6.18583
5.97579
5.80312
5.66319
5.55212
5.4667
5.4041
5.36167
5.33676
5.32666
5.3286
5.33992
5.35812
5.38104
5.40688
5.43417
5.46179
5.48886
5.51479
5.53919
5.56182
5.58262
5.6016
5.61886
5.63454
5.64882
5.66188
5.67391
5.68509
5.6956
5.70558
5.7152
5.72445
10.3612
9.71825
9.05926
8.43761
7.8805
7.39612
6.98218
6.63428
6.34263
6.09999
5.89947
5.73527
5.60267
5.49792
5.418
5.36034
5.32253
5.30211
5.29648
5.30286
5.31849
5.34076
5.36738
5.39645
5.42651
5.45641
5.48534
5.51273
5.53823
5.56168
5.58303
5.60237
5.61984
5.63562
5.64991
5.66292
5.67485
5.6859
5.69624
5.70604
5.71546
5.72454
10.4367
9.69009
8.94688
8.27401
7.69495
7.20886
6.8062
6.47208
6.19728
5.97127
5.78576
5.63445
5.51267
5.41698
5.34487
5.29431
5.26335
5.24981
5.25113
5.26444
5.28671
5.3151
5.34714
5.38086
5.41478
5.44786
5.47936
5.5088
5.53591
5.56058
5.58285
5.60285
5.62076
5.63681
5.65124
5.66427
5.67615
5.68707
5.69723
5.70679
5.71594
5.72473
10.5164
9.60502
8.74198
8.00905
7.41409
6.93762
6.55659
6.24994
6.00226
5.80091
5.63656
5.50267
5.3949
5.31056
5.24804
5.20623
5.18392
5.17935
5.18999
5.21273
5.24414
5.28096
5.32044
5.36049
5.39965
5.43696
5.47183
5.50391
5.53306
5.5593
5.58274
5.60358
5.62206
5.63846
5.65305
5.66611
5.6779
5.68864
5.69855
5.7078
5.71658
5.72497
10.5463
9.38532
8.37273
7.59176
7.00764
6.56797
6.22978
5.96708
5.7594
5.59209
5.4554
5.34318
5.25196
5.18033
5.12821
5.09598
5.0836
5.08987
5.11227
5.14718
5.19048
5.23829
5.28742
5.33563
5.38148
5.42416
5.46324
5.49858
5.5302
5.55829
5.58308
5.60487
5.62398
5.64074
5.65548
5.66853
5.68017
5.69065
5.70022
5.70906
5.71738
5.72527
10.4257
8.86401
7.70846
6.94891
6.44294
6.083
5.82117
5.62567
5.47379
5.35092
5.24831
5.16115
5.08766
5.02848
4.98596
4.96282
4.96081
4.97962
5.01651
5.06689
5.12542
5.18721
5.24848
5.30684
5.36094
5.41013
5.45424
5.49338
5.52782
5.55796
5.58421
5.60699
5.62672
5.64379
5.65862
5.67158
5.68298
5.69313
5.70226
5.7106
5.71834
5.72563
9.72479
7.66366
6.51857
5.98389
5.67889
5.47378
5.33384
5.23413
5.15568
5.08769
5.0246
4.96417
4.90728
4.85774
4.82149
4.8049
4.8126
4.8455
4.90024
4.97036
5.04839
5.12783
5.20415
5.27487
5.33882
5.39567
5.44556
5.48895
5.52645
5.55874
5.58646
5.61019
5.63045
5.64774
5.66256
5.67531
5.68638
5.69607
5.70467
5.7124
5.71948
5.72604
6.66324
4.79951
4.41304
4.58328
4.70297
4.75229
4.78613
4.81129
4.82239
4.81779
4.79745
4.76265
4.71764
4.67073
4.63352
4.61798
4.63316
4.68181
4.7591
4.85506
4.95847
5.06027
5.15509
5.24059
5.31609
5.38171
5.43803
5.48599
5.52666
5.56109
5.5902
5.61473
5.63537
5.65273
5.66738
5.67979
5.69038
5.6995
5.70745
5.71447
5.72077
5.72651
-0.846952
-0.477899
1.30182
2.77012
3.56534
3.97025
4.22013
4.38912
4.4989
4.5617
4.58405
4.56987
4.52663
4.46887
4.41748
4.39333
4.4122
4.47907
4.58603
4.71694
4.85412
4.98463
5.10222
5.20526
5.29405
5.36945
5.4327
5.48536
5.52913
5.56553
5.59579
5.62089
5.64167
5.65888
5.67315
5.68504
5.695
5.70341
5.71058
5.71678
5.7222
5.72702
-6.85197
-4.64436
-1.34356
1.14136
2.5256
3.25802
3.70804
4.01126
4.21535
4.3435
4.40499
4.40234
4.34396
4.25094
4.16094
4.11063
4.12845
4.22002
4.36935
4.54973
4.73301
4.90067
5.0463
5.17014
5.2741
5.36018
5.43058
5.48785
5.53448
5.57254
5.6036
5.62891
5.6495
5.66626
5.67992
5.69107
5.70021
5.70775
5.71403
5.7193
5.72376
5.72756
-7.13007
-5.2052
-2.19752
0.33202
1.86469
2.7474
3.31837
3.71766
3.99982
4.18836
4.28732
4.28331
4.18203
4.01582
3.84784
3.73635
3.74331
3.87267
4.09018
4.34679
4.59561
4.81143
4.99051
5.13786
5.2584
5.35564
5.43304
5.49445
5.54342
5.58261
5.61398
5.63896
5.65896
5.67493
5.68768
5.69784
5.70597
5.71249
5.71774
5.72197
5.72539
5.72811
-5.15009
-4.02826
-1.76514
0.260845
1.59378
2.45957
3.0678
3.52028
3.86281
4.10783
4.23522
4.21402
4.00776
3.71875
3.42777
3.20156
3.18051
3.361
3.69246
4.08049
4.43117
4.71335
4.93475
5.11009
5.24918
5.35786
5.44156
5.5062
5.55663
5.5962
5.62721
5.6511
5.67007
5.68489
5.69639
5.70531
5.7122
5.71752
5.72161
5.72472
5.72704
5.72865
-3.11193
-2.28545
-0.861902
0.585559
1.55721
2.32729
2.93172
3.41548
3.821
4.15911
4.36829
4.34372
3.86791
3.2709
2.71972
2.35284
2.35547
2.61712
3.11535
3.73344
4.25018
4.61997
4.88784
5.09191
5.24926
5.36816
5.45673
5.52344
5.57431
5.61344
5.64361
5.66498
5.68277
5.69605
5.70597
5.71335
5.71879
5.72274
5.72554
5.72743
5.7286
5.72913
-1.77577
-1.19965
-0.150141
0.871377
1.6387
2.23376
2.84569
3.34452
3.99082
4.47214
4.71484
4.83597
7.33001
14.9399
22.8774
20.3726
6.91795
4.36145
2.56495
3.21134
3.99904
4.51658
4.85081
5.08717
5.26159
5.38761
5.47928
5.54665
5.59667
5.63409
5.66187
5.68207
5.69722
5.70828
5.71622
5.72179
5.72558
5.72802
5.72942
5.73002
5.72998
5.72936
-0.191585
-0.381824
0.598386
1.41006
1.77359
2.13548
2.79815
3.30928
3.81178
4.39281
4.89959
8.32577
34.9861
36.3657
37.6533
16.6702
1.56439
2.13511
2.64402
2.88149
3.78196
4.42122
4.82641
5.098
5.28866
5.42032
5.51192
5.57722
5.62449
5.65876
5.6833
5.70063
5.71285
5.72129
5.72692
5.73046
5.73244
5.73326
5.73319
5.73244
5.73114
5.72931
6.61201
15.7126
52.8912
166.651
448.066
725.972
857.659
766.319
396.305
129.233
39.9922
15.4989
4.73554
3.04368
2.82703
2.4404
1.89624
1.90275
2.69212
2.84822
3.72158
4.3927
4.83927
5.13755
5.33884
5.47156
5.55794
5.61654
5.6582
5.68728
5.70719
5.72054
5.72929
5.73475
5.73782
5.73915
5.73922
5.73835
5.73677
5.73464
5.73206
5.72901
187.852
504.819
828.899
1027.01
1183.81
1300.84
1400.14
1485.1
1523.61
1400.69
725.256
108.072
3.30667
2.92609
2.72814
2.39191
2.03325
2.39732
2.93472
3.60553
4.03994
4.64625
4.98148
5.22721
5.41391
5.53856
5.61375
5.66261
5.69594
5.71809
5.73229
5.74098
5.74589
5.74815
5.74854
5.7476
5.74571
5.74315
5.74006
5.73658
5.73276
5.72851
994.344
1196.1
1318.73
1393.88
1455.12
1513.27
1572.11
1633.25
1695.84
1751.57
1762.96
1060.74
105.394
2.87089
2.76002
2.59054
2.40893
2.84271
3.331
4.0046
4.73429
5.32272
5.44243
5.31673
5.49985
5.60978
5.67075
5.70938
5.73376
5.74855
5.75683
5.76077
5.76181
5.76089
5.75864
5.75548
5.75171
5.74751
5.743
5.73824
5.73325
5.72786
1880.84
1794.06
1744.56
1716.78
1703.97
1704.18
1717.31
1743.08
1780.55
1822.69
1863.77
1652.59
427.27
2.95778
2.81079
2.7419
2.68978
2.85053
3.6028
4.26503
4.90022
5.17314
5.20259
5.41183
5.5759
5.66964
5.72092
5.75073
5.76761
5.77605
5.7791
5.77874
5.77625
5.7724
5.76772
5.76252
5.75702
5.75134
5.74553
5.73961
5.73356
5.72716
2492.39
2286.44
2133.88
2018.01
1934.87
1880.82
1852.47
1846.14
1858.36
1882.9
1913.47
1904.05
927.909
13.4697
2.91664
2.95477
3.01179
3.16247
3.51058
4.05088
4.54005
4.87457
5.23242
5.47924
5.62895
5.71322
5.75887
5.78337
5.79509
5.79885
5.79782
5.79398
5.78854
5.78221
5.77544
5.76849
5.7615
5.75455
5.74761
5.7407
5.73375
5.72646
2914.11
2672.76
2457.62
2272.28
2127.77
2025.36
1960.77
1927.78
1920.56
1932.26
1954.6
1981.33
1497.27
205.471
3.04322
3.14881
3.26065
3.43572
3.72268
4.12622
4.57398
4.98173
5.29944
5.51939
5.65828
5.73953
5.7842
5.80667
5.81551
5.81621
5.81231
5.80591
5.79822
5.78996
5.78155
5.7732
5.76503
5.75706
5.74923
5.74152
5.73385
5.72586
3228.31
3023.49
2728.43
2468.78
2268.23
2127.09
2035.41
1983.06
1961.69
1963.78
1980.43
2005.49
1759.13
418.253
3.30292
3.32704
3.43632
3.61495
3.89839
4.27839
4.68806
5.05483
5.33974
5.53996
5.67135
5.7524
5.79857
5.82132
5.82909
5.82804
5.82229
5.8142
5.805
5.79541
5.78586
5.77654
5.76754
5.75884
5.75037
5.7421
5.73391
5.72542
3653.55
3300.93
2896.56
2567.68
2330.72
2169.6
2065.78
2005.46
1978.53
1977.29
1993.48
2021.44
2004.69
904.935
3.53462
3.42199
3.51823
3.70109
3.98093
4.34563
4.73716
5.08745
5.35876
5.54985
5.67707
5.75767
5.80485
5.82835
5.83601
5.83422
5.82756
5.81861
5.80864
5.79837
5.78822
5.77837
5.76892
5.75983
5.75102
5.74243
5.73397
5.7252
3551.29
3244.47
2852.84
2536.35
2307.68
2152.47
2052.77
1995.36
1970.46
1970.7
1988.34
2017.76
2003.65
910.021
3.46055
3.41181
3.51954
3.70509
3.98203
4.34233
4.73079
5.08193
5.35724
5.5517
5.67988
5.75985
5.80616
5.82934
5.83702
5.83525
5.82855
5.81952
5.80944
5.79906
5.78879
5.77884
5.76929
5.76011
5.75122
5.74256
5.73403
5.7252
2828.69
2798.08
2578.21
2364.55
2192.83
2071.31
1993.44
1951.06
1936.76
1943.7
1964.47
1992.87
1712.15
400.536
3.19813
3.28829
3.42057
3.61832
3.89884
4.26331
4.67346
5.05897
5.36672
5.54928
5.67692
5.75793
5.80233
5.82423
5.83207
5.83111
5.82524
5.81689
5.80737
5.79745
5.78757
5.77793
5.76864
5.75969
5.75098
5.7425
5.73411
5.72544
2460.08
2318.84
2195.18
2079.1
1985.15
1919.45
1881.07
1866.53
1871.89
1891.18
1918.48
1920.48
1003.26
30.5651
2.9853
3.09185
3.23211
3.43906
3.71382
4.08767
4.5487
5.01748
5.37376
5.55673
5.65576
5.74168
5.78733
5.80998
5.81932
5.8203
5.81631
5.80961
5.80152
5.79282
5.78397
5.7752
5.76664
5.7583
5.75015
5.74214
5.73419
5.72595
1946.06
1840.04
1782.9
1747.9
1729.7
1725.08
1733.32
1754.33
1786.84
1823.05
1857.45
1612.27
410.255
2.83732
2.8185
2.86779
2.98208
3.18992
3.61243
4.22625
4.83327
5.07746
5.19929
5.46883
5.65483
5.71681
5.75974
5.78635
5.79909
5.80332
5.80227
5.79816
5.7923
5.7855
5.77824
5.77082
5.76339
5.75603
5.74873
5.74148
5.73421
5.72664
1012.09
1197.58
1325.73
1398.17
1456.2
1513.69
1572.77
1631.92
1686.8
1722.74
1568.44
718.821
34.6507
2.69864
2.63264
2.63838
2.75106
3.00937
3.69868
4.6081
5.08628
5.55603
5.38026
5.35323
5.55125
5.68222
5.72192
5.75454
5.77219
5.78086
5.78379
5.78312
5.7802
5.77586
5.77067
5.76499
5.75904
5.75294
5.74675
5.74048
5.73411
5.72742
166.063
429.084
785.046
976.121
1126.82
1256.58
1373.6
1481.02
1451.08
735.631
84.9468
5.26268
3.29463
2.92887
2.56367
2.37795
2.5272
2.86601
3.37549
4.32968
5.09825
5.50583
5.88952
5.2869
5.48216
5.60561
5.67519
5.71552
5.7397
5.75404
5.7619
5.76534
5.76586
5.76441
5.76163
5.75797
5.75374
5.74913
5.74424
5.73914
5.73383
5.72818
7.72245
12.0899
33.7932
62.924
190.318
483.788
714.509
747.9
340.064
45.9653
7.59334
7.52663
7.84465
6.04866
3.18227
2.32055
2.27811
2.66453
3.2357
3.8026
4.45513
5.19569
5.44778
5.34056
5.41809
5.544
5.62163
5.67123
5.70353
5.72459
5.73797
5.74595
5.75017
5.75179
5.75158
5.7501
5.74773
5.74473
5.74127
5.73746
5.73334
5.72884
1.44132
0.993804
1.39671
2.36689
2.87696
3.3094
3.89947
4.39163
4.88563
5.2081
8.15852
34.389
36.1483
37.163
15.5435
1.49491
2.07641
2.5497
3.25872
3.87884
4.33499
4.67408
4.952
5.20904
5.36844
5.48853
5.57155
5.62791
5.6678
5.69528
5.71392
5.72627
5.73411
5.73874
5.74107
5.74176
5.74127
5.73992
5.73794
5.73547
5.7326
5.72932
-0.107048
0.140472
0.967925
1.93433
2.71322
3.26288
3.83481
4.31109
4.69617
4.96396
4.97256
6.54218
10.1552
11.8275
9.18347
5.36652
2.64526
2.80704
3.53625
4.07946
4.45995
4.74632
4.98245
5.18061
5.33764
5.45346
5.53642
5.59201
5.6373
5.66934
5.6919
5.70771
5.71864
5.72595
5.7306
5.73332
5.73462
5.73487
5.73434
5.73321
5.73161
5.72956
-1.77439
-1.26754
0.057947
1.50661
2.57045
3.30864
3.8537
4.24749
4.49239
4.54321
4.32289
3.73113
3.05027
2.65697
2.47517
2.59534
2.94463
3.46048
3.944
4.3174
4.60192
4.83245
5.02887
5.19509
5.33026
5.4347
5.51282
5.57056
5.61508
5.64854
5.67321
5.69115
5.70444
5.71391
5.72054
5.72506
5.728
5.72975
5.7306
5.73076
5.73038
5.72954
-4.14733
-3.33011
-0.869335
1.18045
2.57485
3.40295
3.92143
4.25245
4.43164
4.45754
4.32372
4.06779
3.7541
3.473
3.32438
3.37111
3.59452
3.91449
4.23054
4.50014
4.72481
4.91569
5.07971
5.21936
5.33514
5.42777
5.49988
5.55545
5.59869
5.63215
5.65775
5.67717
5.6919
5.70296
5.71118
5.71721
5.72159
5.72468
5.72679
5.72816
5.72892
5.72921
-5.34971
-3.94264
-1.05594
1.44705
2.9409
3.71741
4.15353
4.40862
4.53427
4.55163
4.47897
4.3244
4.1354
3.97008
3.89161
3.93031
4.06943
4.26573
4.4758
4.67187
4.8455
4.9982
5.13232
5.24858
5.34704
5.4282
5.49356
5.54556
5.58688
5.6196
5.64534
5.66545
5.68113
5.6933
5.70272
5.70997
5.71555
5.71981
5.72306
5.72552
5.72736
5.72868
-2.01458
-0.965077
1.04282
2.81114
3.8223
4.30733
4.55843
4.6921
4.74177
4.72455
4.65507
4.54787
4.42943
4.33275
4.28836
4.31112
4.39616
4.52394
4.67016
4.81558
4.95086
5.07357
5.18347
5.28031
5.36389
5.43441
5.49275
5.54043
5.57917
5.61052
5.63576
5.65598
5.67213
5.68502
5.6953
5.70349
5.71004
5.71529
5.71953
5.72297
5.72581
5.72815
5.45279
4.38289
4.29455
4.69262
4.94973
5.04057
5.06454
5.0566
5.01907
4.95513
4.87126
4.77672
4.68579
4.61547
4.5812
4.59156
4.64486
4.73024
4.83305
4.94056
5.04491
5.14254
5.232
5.31241
5.38317
5.44415
5.49578
5.53895
5.57477
5.60435
5.62867
5.64858
5.66484
5.67811
5.68895
5.69784
5.70515
5.71122
5.7163
5.72062
5.72436
5.72765
9.24924
7.64568
6.64521
6.18413
5.92466
5.72717
5.5693
5.43781
5.31875
5.20535
5.09675
4.99592
4.90916
4.84461
4.80972
4.80837
4.83892
4.89464
4.96634
5.04541
5.12561
5.20318
5.27602
5.34279
5.4027
5.45538
5.50094
5.53984
5.57277
5.60047
5.62365
5.643
5.6591
5.67251
5.68369
5.69306
5.70096
5.70768
5.71347
5.71853
5.72306
5.72718
10.3217
8.9357
7.8662
7.15175
6.65975
6.29569
6.01407
5.78956
5.60394
5.44583
5.30976
5.19431
5.10083
5.03209
4.99069
4.97744
4.99029
5.02445
5.0736
5.1315
5.19307
5.25474
5.31421
5.36995
5.42098
5.46676
5.50712
5.54222
5.57246
5.59832
5.62032
5.63897
5.65475
5.66812
5.67947
5.68915
5.69748
5.70471
5.71107
5.71675
5.72195
5.72678
10.5296
9.4649
8.51181
7.75663
7.18092
6.72953
6.37193
6.08441
5.84959
5.6554
5.49445
5.3628
5.25876
5.18187
5.13185
5.1076
5.10661
5.12488
5.15755
5.19972
5.24716
5.2966
5.34571
5.39283
5.43685
5.47707
5.51317
5.5451
5.57304
5.59727
5.61818
5.63615
5.65156
5.6648
5.6762
5.68609
5.69471
5.70232
5.70912
5.71531
5.72105
5.72646
10.5647
9.69177
8.85104
8.12386
7.52299
7.03504
6.63574
6.30908
6.04102
5.82059
5.64005
5.49424
5.37983
5.2945
5.2363
5.203
5.19165
5.19858
5.21965
5.25071
5.28804
5.32859
5.37005
5.41071
5.44939
5.48533
5.51808
5.54749
5.57358
5.59652
5.61657
5.634
5.64914
5.66228
5.67373
5.68376
5.69262
5.70051
5.70765
5.71421
5.72036
5.7262
10.5427
9.78294
9.0231
8.33119
7.73283
7.22828
6.80735
6.45875
6.17069
5.93353
5.73972
5.5837
5.46133
5.36941
5.30515
5.26567
5.24774
5.24767
5.26154
5.28549
5.31608
5.35048
5.38647
5.42242
5.45716
5.48991
5.52022
5.54785
5.57273
5.59491
5.61453
5.63179
5.64691
5.66015
5.67177
5.682
5.69109
5.69924
5.70666
5.7135
5.71994
5.72606
10.5236
9.81564
9.09578
8.42487
7.83269
7.32593
6.89789
6.53873
6.24029
5.99453
5.79429
5.63366
5.50792
5.41313
5.34584
5.30273
5.28038
5.27526
5.28379
5.30253
5.32835
5.3586
5.39108
5.42418
5.4567
5.48783
5.51706
5.54407
5.56871
5.59093
5.61076
5.62834
5.64384
5.65746
5.66945
5.68004
5.68945
5.6979
5.70559
5.7127
5.71941
5.72586
)
;

boundaryField
{
    leftWall
    {
        type            fixedFluxPressure;
        gradient        uniform 0;
        value           nonuniform List<scalar> 
46
(
11.3912
11.3124
11.0956
10.7459
10.2788
9.72458
9.14341
8.57497
8.04604
7.57071
7.15407
6.79512
6.48926
6.23153
6.01681
5.84007
5.69673
5.58276
5.49472
5.42957
5.38448
5.35672
5.34359
5.34244
5.35073
5.36613
5.38657
5.41028
5.43584
5.46209
5.48816
5.51339
5.53734
5.55973
5.58045
5.59947
5.61684
5.63269
5.64716
5.66042
5.67265
5.68403
5.69472
5.7049
5.71471
5.72427
)
;
    }
    rightWall
    {
        type            fixedFluxPressure;
        gradient        uniform 0;
        value           nonuniform List<scalar> 
46
(
11.859
11.7889
11.5471
11.1194
10.5236
9.81564
9.09578
8.42487
7.83269
7.32593
6.89789
6.53873
6.24029
5.99453
5.79429
5.63366
5.50792
5.41313
5.34584
5.30273
5.28038
5.27526
5.28379
5.30253
5.32835
5.3586
5.39108
5.42418
5.4567
5.48783
5.51706
5.54407
5.56871
5.59093
5.61076
5.62834
5.64384
5.65746
5.66945
5.68004
5.68945
5.6979
5.70559
5.7127
5.71941
5.72586
)
;
    }
    lowerWall
    {
        type            fixedFluxPressure;
        gradient        uniform 0;
        value           nonuniform List<scalar> 
52
(
3174.92
3076.63
3158.03
2534.34
3174.92
3436.12
4021.95
2877.95
1060.06
202.267
53.6861
36.0999
25.2146
22.3978
17.793
14.0111
12.5986
12.2642
12.2237
12.1576
12.0254
11.9159
11.859
3481.41
3432.28
3488.74
3226.69
11.3912
11.4511
11.5698
11.7419
11.9555
12.1755
12.3195
12.3523
12.3888
12.9639
16.1312
22.6343
25.4061
28.4376
46.5755
83.633
230.369
993.977
2771.16
4334.23
4289.88
3560.84
3481.41
3653.55
3551.29
)
;
    }
    atmosphere
    {
        type            prghTotalPressure;
        rho             rho;
        psi             none;
        gamma           1;
        p0              uniform 0;
        value           nonuniform List<scalar> 
44
(
5.72904
5.72904
5.72904
5.72904
5.72904
5.72904
5.72904
5.72904
5.72904
5.72904
5.72904
5.72904
5.72904
5.72903
5.72875
5.72813
5.72724
5.72614
5.72493
5.72369
5.72254
5.72157
5.72087
5.7205
5.72047
5.72079
5.72153
5.72259
5.72383
5.72513
5.72638
5.72747
5.72831
5.72885
5.72904
5.72904
5.72904
5.72904
5.72904
5.72904
5.72904
5.72904
5.72904
5.72904
)
;
        rho             rho;
    }
    frontAndBack
    {
        type            empty;
    }
}


// ************************************************************************* //
