/*--------------------------------*- C++ -*----------------------------------*\
  =========                 |
  \\      /  F ield         | OpenFOAM: The Open Source CFD Toolbox
   \\    /   O peration     | Website:  https://openfoam.org
    \\  /    A nd           | Version:  13
     \\/     M anipulation  |
\*---------------------------------------------------------------------------*/
FoamFile
{
    format      ascii;
    class       volScalarField;
    location    "0.2";
    object      rho;
}
// * * * * * * * * * * * * * * * * * * * * * * * * * * * * * * * * * * * * * //

dimensions      [1 -3 0 0 0 0 0];

internalField   nonuniform List<scalar> 
2016
(
1
1
1
1
1
1
1
1
1
1
1
1
1
1
1.00001
1.00001
1
1.00001
1.00018
1.00014
1.00001
1.00012
1.00176
1.00145
1.00008
1.00109
1.01259
1.01116
1.00072
1.01023
1.06812
1.06497
1.0063
1.0606
1.6258
2.58534
1.0627
2.55173
5.67685
5.93197
1.38407
10.413
9.94105
6.03956
3.87141
12.2508
5.03255
1.05367
7.99887
9.72102
1.0584
1.02553
9.61362
3.79403
1.21782
1.04299
75.2481
8.29973
1.72761
1.14158
278.337
8.64844
3.35951
1.68551
453.861
25.7872
9.46038
4.30904
616.66
326.013
39.3854
112.341
725.353
824.818
552.545
827.978
478.384
970.913
989.871
971.971
428.4
991.298
997.2
998.31
114.739
623.177
938.315
997.54
24.2547
24.7039
399.003
969.556
59.3638
60.1121
801.873
955.124
245.367
860.561
988.596
995.84
428.526
979.892
985.919
976.633
528.534
896.052
682.239
823.712
487.793
438.494
71.4404
104.021
336.084
32.9891
8.25473
3.62714
212.732
7.89654
3.08621
1.57417
95.4415
3.8499
1.67229
1.12692
7.67203
3.15184
1.11939
1.03731
5.36031
12.0799
1.51524
1.06837
2.569
10.877
5.8368
2.39912
1.13058
2.82025
5.81734
5.07469
1.01138
1.13205
1.6103
2.55944
1.00092
1.01653
1.04704
1.0478
1.00007
1.00129
1.00711
1.00684
1.00001
1.00011
1.00074
1.00067
1
1.00001
1.00005
1.00004
1
1
1
1
1
1
1
1
1
1
1
1
1
1
1
1
1
1
1
1
1
1
1
1
1
1
1
1
1
1
1
1
1
1
1
1
1
1
1
1
1
1
1
1
1
1
1
1
1
1
1
1
1
1
1
1
1
1
1
1
1
1
1
1
1
1
1
1
1
1
1
1
1
1
1
1
1
1
1
1
1
1
1
1
1
1
1
1
1
1
1
1
1
1
1
1
1
1
1
1
1
1
1
1
1
1
1
1
1
1
1
1
1
1
1
1
1
1
1
1
1
1
1
1
1
1
1
1
1
1
1
1
1
1
1.00001
1
1
1
1
1
1
1
1
1
1
1
1
1
1
1
1
1
1
1
1
1
1
1
1
1
1
1
1
1
1
1
1
1
1
1
1
1
1
1
1
1
1.00011
1.00004
1
1
1
1
1
1
1
1
1
1
1
1
1
1
1
1
1
1
1
1
1
1
1
1
1
1
1
1
1
1
1
1
1
1
1
1
1
1
1
1
1.00108
1.00038
1.00003
1
1
1
1
1
1
1
1
1
1
1
1
1
1
1
1
1
1
1
1
1
1
1
1
1
1
1
1
1
1
1
1
1
1
1
1
1
1
1
1.0086
1.0033
1.00027
1.00004
1.00001
1
1
1
1
1
1
1
1
1
1
1
1
1
1
1
1
1
1
1
1
1
1
1
1
1
1
1
1
1
1
1
1
1
1
1
1
1
1.0563
1.03307
1.00202
1.00031
1.00005
1.00001
1
1
1
1
1
1
1
1
1
1
1
1
1
1
1
1
1
1
1
1
1
1
1
1
1
1
1
1
1
1
1
1
1
1
1
1
2.07124
1.16428
1.00961
1.00184
1.00028
1.00004
1.00001
1
1
1
1
1
1
1
1
1
1
1
1
1
1
1
1
1
1
1
1
1
1
1
1
1
1
1
1
1
1
1
1
1
1
1
4.26436
1.28904
1.02551
1.00448
1.00069
1.0001
1.00001
1
1
1
1
1
1
1
1
1
1
1
1
1
1
1
1
1
1
1
1
1
1
1
1
1
1
1
1
1
1
1
1
1
1
1
2.97131
1.1022
1.02621
1.00457
1.00066
1.00009
1.00002
1.00001
1.00001
1.00001
1.00001
1.00001
1.00001
1.00002
1.00003
1.00002
1
1
1
1
1
1
1
1
1
1
1
1
1
1
1
1
1
1
1
1
1
1
1
1
1
1
1.09338
1.0776
1.02668
1.00407
1.00052
1.00008
1.00002
1.00002
1.00002
1.00003
1.00004
1.00006
1.00007
1.00012
1.0002
1.00021
1.00019
1.00006
1
1
1
1
1
1
1
1
1
1
1
1
1
1
1
1
1
1
1
1
1
1
1
1
1.0194
1.0351
1.01123
1.00183
1.00023
1.00007
1.00005
1.00004
1.00006
1.00017
1.00032
1.00026
1.00018
1.00012
1.00127
1.00016
1.00002
1
1
1
1
1
1
1
1
1
1
1
1
1
1
1
1
1
1
1
1
1
1
1
1
1
1.00552
1.00311
1.00056
1.0002
1.00017
1.00012
1.00021
1.00141
1.0028
1.00926
1.0171
1.0229
1.00379
1.00216
1.01369
1.00029
1.00007
1.00002
1.00001
1
1
1
1
1
1
1
1
1
1
1
1
1
1
1
1
1
1
1
1
1
1
1
1.02802
1.00655
1.00151
1.00038
1.0002
1.00264
1.01119
1.00806
1.12482
1.13501
1.09796
1.11962
2.59291
6.52227
10.1342
8.92819
3.23631
2.05581
1.1067
1.00015
1.00001
1
1
1
1
1
1
1
1
1
1
1
1
1
1
1
1
1
1
1
1
1
1.1926
1.08275
1.2749
1.06078
1.09738
1.00083
1.00141
1.00195
1.00307
1.0068
1.02976
2.86873
16.3925
16.3925
16.3023
7.0942
1.01765
1.25441
1.26953
1.00768
1.00013
1.00001
1
1
1
1
1
1
1
1
1
1
1
1
1
1
1
1
1
1
1
1
2.92385
23.523
67.9105
182.602
432.248
624.61
665.841
541.936
256.674
76.2663
20.8022
6.96494
1.70394
1.01709
1.00775
1.00925
1.01096
1.1087
1.27047
1.0123
1.00001
1
1
1.00009
1.00002
1.00032
1.00023
1
1
1
1
1
1
1
1
1
1
1
1
1
1
1
308.129
724.184
974.318
999.88
999.753
991.522
986.772
981.732
959.589
832.638
401.373
54.2861
1.01123
1.00775
1.006
1.00811
1.02213
1.22098
1.27047
1.21487
1.07708
1.06005
1.02109
1.00331
1.00002
1.0004
1.00021
1
1
1
1
1
1
1
1
1
1
1
1
1
1
1
993.912
999.916
999.916
999.91
999.715
999.38
998.962
998.349
997.333
995.182
964.408
548.834
50.137
1.00577
1.004
1.00441
1.01751
1.19592
1.27047
1.26863
1.25634
1.23574
1.12683
1.00002
1.00001
1.0004
1.00001
1
1
1
1
1
1
1
1
1
1
1
1
1
1
1
999.916
999.917
999.918
999.917
999.807
999.805
999.867
999.807
999.576
998.375
992.905
843.935
203.257
1.004
1.00315
1.00257
1.0042
1.04665
1.22013
1.25634
1.24595
1.14419
1.01969
1.00001
1
1.00004
1
1
1
1
1
1
1
1
1
1
1
1
1
1
1
1
998.587
999.918
999.919
999.919
999.912
999.892
999.902
999.877
999.744
999.059
995.95
961.197
441.529
5.81361
1.00257
1.00185
1.00241
1.01168
1.03749
1.0673
1.05169
1.00353
1.00001
1
1
1
1
1
1
1
1
1
1
1
1
1
1
1
1
1
1
1
999.893
999.918
999.919
999.919
999.919
999.918
999.915
999.902
999.834
999.455
997.714
989.676
717.084
92.2512
1.00185
1.00142
1.00209
1.00216
1.00063
1.00027
1.00012
1.00016
1.00002
1
1
1
1
1
1
1
1
1
1
1
1
1
1
1
1
1
1
1
937.85
999.903
999.919
999.919
999.919
999.918
999.916
999.908
999.864
999.6
998.388
992.782
840.346
187.542
1.00142
1.00111
1.00156
1.00091
1.00001
1.00001
1.00001
1
1
1
1
1
1
1
1
1
1
1
1
1
1
1
1
1
1
1
1
1
836.761
969.584
999.919
999.919
999.919
999.918
999.917
999.912
999.886
999.734
999.006
995.662
956.545
406.015
1.00111
1.00087
1.0008
1.0002
1.00001
1.00001
1.00001
1
1
1
1
1
1
1
1
1
1
1
1
1
1
1
1
1
1
1
1
1
836.76
972.589
999.919
999.919
999.918
999.917
999.915
999.91
999.881
999.732
999.009
995.673
957.202
408.589
1.00115
1.00092
1.00082
1.0001
1.00001
1.00007
1.00009
1.00001
1.00001
1.00002
1
1
1
1
1
1
1
1
1
1
1
1
1
1
1
1
1
1
925.815
999.909
999.919
999.919
999.918
999.918
999.915
999.905
999.855
999.577
998.287
992.319
820.569
179.806
1.00381
1.00102
1.00094
1.00041
1.00004
1.00084
1.00528
1.00997
1.01222
1.00277
1
1
1
1
1
1
1
1
1
1
1
1
1
1
1
1
1
1
999.853
999.875
999.918
999.918
999.918
999.917
999.912
999.89
999.764
999.135
996.225
968.658
477.861
13.4858
1.00173
1.00142
1.00173
1.00285
1.00221
1.00386
1.01721
1.03521
1.0378
1.01712
1.00047
1.00001
1
1
1
1
1
1
1
1
1
1
1
1
1
1
1
1
999.17
999.918
999.918
999.917
999.891
999.865
999.875
999.804
999.542
998.25
992.384
825.785
195.544
1.00291
1.00239
1.00162
1.00195
1.01093
1.05311
1.12723
1.17351
1.10213
1.01746
1.0122
1.01349
1.00247
1
1
1
1
1
1
1
1
1
1
1
1
1
1
1
1
999.91
999.914
999.918
999.908
999.588
999.38
999.21
998.73
996.116
987.47
868.586
373.888
16.2927
1.00337
1.0029
1.00238
1.0041
1.01133
1.12843
1.28984
1.28984
1.28984
1.10333
1.00155
1.0013
1.00567
1.00003
1
1
1
1
1
1
1
1
1
1
1
1
1
1
1
271.373
617.547
941.826
998.674
992.387
981.111
980.627
989.353
917.916
434.364
45.72
1.95227
1.15027
1.12033
1.06055
1.00981
1.00535
1.00699
1.02537
1.18667
1.28984
1.28349
1.27714
1.00307
1
1.00002
1.00006
1.00001
1.00002
1
1
1
1
1
1
1
1
1
1
1
1
1
2.71032
15.4892
42.2646
67.8
182.501
415.196
553.61
527.957
219.173
25.5435
2.90153
2.91975
3.14676
2.51008
1.38179
1.06256
1.00675
1.00753
1.00292
1.00007
1.06293
1.1797
1.15115
1.03498
1
1
1
1.00002
1.00002
1
1
1
1
1
1
1
1
1
1
1
1
1
1.16491
1.07139
1.03144
1.08774
1.01985
1.00274
1.00313
1.00336
1.00546
1.0284
2.83028
17.0482
17.1867
17.1867
7.25524
1.0687
1.08321
1.01109
1.00055
1.00002
1
1
1
1.00671
1.00049
1
1
1.00001
1.00001
1
1
1
1
1
1
1
1
1
1
1
1
1
1.02977
1.00638
1.00103
1.0007
1.00137
1.003
1.00406
1.0048
1.0096
1.07849
1.18858
2.40304
4.80301
5.93646
4.60774
2.69895
1.25961
1.00056
1.00012
1.00019
1.00015
1.00001
1
1
1
1
1
1
1
1
1
1
1
1
1
1
1
1
1
1
1
1
1.0102
1.00782
1.00115
1.00052
1.00048
1.00084
1.00094
1.00078
1.001
1.00686
1.01701
1.00549
1.00135
1.01534
1.00005
1.00001
1.00003
1.00002
1.00003
1.00041
1.00041
1.00004
1
1
1
1
1
1
1
1
1
1
1
1
1
1
1
1
1
1
1
1
1.0371
1.04316
1.01665
1.00306
1.00029
1.00017
1.00019
1.00028
1.00024
1.00005
1.00006
1.00004
1.00007
1.00013
1
1
1.00002
1.00003
1.00002
1.00002
1
1
1
1
1
1
1
1
1
1
1
1
1
1
1
1
1
1
1
1
1
1
1.78979
1.10806
1.03037
1.00595
1.0008
1.00009
1.00004
1.00003
1.00005
1.00004
1.00001
1.00001
1.00001
1
1
1
1.00003
1.00005
1.00005
1.00002
1
1
1
1
1
1
1
1
1
1
1
1
1
1
1
1
1
1
1
1
1
1
3.53359
1.40569
1.02848
1.00519
1.00086
1.00013
1.00002
1.00001
1
1.00001
1
1
1
1
1
1
1
1
1
1
1
1
1
1
1
1
1
1
1
1
1
1
1
1
1
1
1
1
1
1
1
1
2.3408
1.26624
1.01256
1.0026
1.00046
1.00008
1.00001
1
1
1
1
1
1
1
1
1
1
1
1
1
1
1
1
1
1
1
1
1
1
1
1
1
1
1
1
1
1
1
1
1
1
1
1.05604
1.05181
1.00483
1.00037
1.00006
1.00001
1
1
1
1
1
1
1
1
1
1
1
1
1
1
1
1
1
1
1
1
1
1
1
1
1
1
1
1
1
1
1
1
1
1
1
1
1.00759
1.00458
1.00056
1.00004
1.00001
1
1
1
1
1
1
1
1
1
1
1
1
1
1
1
1
1
1
1
1
1
1
1
1
1
1
1
1
1
1
1
1
1
1
1
1
1
1.00078
1.00043
1.00006
1
1
1
1
1
1
1
1
1
1
1
1
1
1
1
1
1
1
1
1
1
1
1
1
1
1
1
1
1
1
1
1
1
1
1
1
1
1
1
1.00006
1.00003
1.00001
1
1
1
1
1
1
1
1
1
1
1
1
1
1
1
1
1
1
1
1
1
1
1
1
1
1
1
1
1
1
1
1
1
1
1
1
1
1
1
1
1
1
1
1
1
1
1
1
1
1
1
1
1
1
1
1
1
1
1
1
1
1
1
1
1
1
1
1
1
1
1
1
1
1
1
1
1
1
1
1
1
1
1
1
1
1
1
1
1
1
1
1
1
1
1
1
1
1
1
1
1
1
1
1
1
1
1
1
1
1
1
1
1
1
1
1
1
1
1
1
1
1
1
)
;

boundaryField
{
    leftWall
    {
        type            calculated;
        value           nonuniform List<scalar> 
46
(
1
1
1
1
1
1
1
1
1
1
1
1
1
1
1
1
1
1
1
1
1
1
1
1
1
1
1
1
1
1
1
1
1
1
1
1
1
1
1
1
1
1
1
1
1
1
)
;
    }
    rightWall
    {
        type            calculated;
        value           nonuniform List<scalar> 
46
(
1
1
1
1
1
1
1
1
1
1
1
1
1
1
1
1
1
1
1
1
1
1
1
1
1
1
1
1
1
1
1
1
1
1
1
1
1
1
1
1
1
1
1
1
1
1
)
;
    }
    lowerWall
    {
        type            calculated;
        value           nonuniform List<scalar> 
52
(
59.3638
60.1121
801.873
955.124
59.3638
245.367
428.526
528.534
487.793
336.084
212.732
95.4415
7.67203
5.36031
2.569
1.13058
1.01138
1.00092
1.00007
1.00001
1
1
1
24.2547
24.7039
399.003
969.556
1
1
1
1
1
1.00001
1.00008
1.00072
1.0063
1.0627
1.38407
3.87141
7.99887
9.61362
75.2481
278.337
453.861
616.66
725.353
478.384
428.4
114.739
24.2547
836.761
836.76
)
;
    }
    atmosphere
    {
        type            calculated;
        value           uniform 1;
    }
    frontAndBack
    {
        type            empty;
    }
}


// ************************************************************************* //
