/*--------------------------------*- C++ -*----------------------------------*\
  =========                 |
  \\      /  F ield         | OpenFOAM: The Open Source CFD Toolbox
   \\    /   O peration     | Website:  https://openfoam.org
    \\  /    A nd           | Version:  13
     \\/     M anipulation  |
\*---------------------------------------------------------------------------*/
FoamFile
{
    format      ascii;
    class       surfaceScalarField;
    location    "4";
    object      phi;
}
// * * * * * * * * * * * * * * * * * * * * * * * * * * * * * * * * * * * * * //

dimensions      [0 3 -1 0 0 0 0];

internalField   nonuniform List<scalar> 
760
(
1.18625e-07
-1.18642e-07
7.42511e-08
4.43737e-08
-2.00013e-07
2.74263e-07
-8.65149e-07
6.65135e-07
-1.8887e-06
1.02355e-06
-2.96274e-06
1.07405e-06
-3.89258e-06
9.2984e-07
-4.66372e-06
7.71141e-07
-5.25057e-06
5.8685e-07
-5.65591e-06
4.05338e-07
-5.88821e-06
2.32301e-07
-5.9497e-06
6.14852e-08
-5.83362e-06
-1.16081e-07
-5.54378e-06
-2.89843e-07
-5.03277e-06
-5.11008e-07
-4.27413e-06
-7.58641e-07
-3.2358e-06
-1.03832e-06
-1.97202e-06
-1.26378e-06
-7.01345e-07
-1.27067e-06
-7.01346e-07
-8.17203e-08
-3.69215e-08
-5.23515e-07
4.86168e-07
-1.40849e-06
1.15923e-06
-2.52861e-06
1.78526e-06
-3.46636e-06
1.96129e-06
-4.22694e-06
1.83462e-06
-4.89186e-06
1.59477e-06
-5.41918e-06
1.29846e-06
-5.81713e-06
9.84802e-07
-6.0943e-06
6.82505e-07
-6.23999e-06
3.77987e-07
-6.23758e-06
5.90772e-08
-6.10285e-06
-2.50812e-07
-5.80766e-06
-5.85028e-07
-5.34812e-06
-9.70553e-07
-4.68518e-06
-1.42158e-06
-3.78708e-06
-1.93642e-06
-2.61209e-06
-2.43877e-06
-1.22842e-06
-2.65434e-06
-1.92977e-06
-4.80423e-07
4.43501e-07
-1.32764e-06
1.33339e-06
-2.32205e-06
2.15364e-06
-3.15657e-06
2.61978e-06
-3.82992e-06
2.63464e-06
-4.38863e-06
2.39333e-06
-4.84164e-06
2.04778e-06
-5.19073e-06
1.64754e-06
-5.43024e-06
1.22431e-06
-5.56807e-06
8.20333e-07
-5.60741e-06
4.1733e-07
-5.55386e-06
5.53002e-09
-5.41604e-06
-3.88636e-07
-5.16918e-06
-8.31884e-07
-4.79851e-06
-1.34123e-06
-4.2796e-06
-1.94049e-06
-3.57999e-06
-2.63603e-06
-2.64831e-06
-3.37045e-06
-1.4375e-06
-3.86515e-06
-3.36727e-06
-7.53052e-07
1.19655e-06
-1.66435e-06
2.24469e-06
-2.49238e-06
2.98167e-06
-3.12795e-06
3.25535e-06
-3.61985e-06
3.12654e-06
-4.01045e-06
2.78393e-06
-4.30584e-06
2.34317e-06
-4.5132e-06
1.85491e-06
-4.64601e-06
1.35712e-06
-4.70201e-06
8.76326e-07
-4.69015e-06
4.05467e-07
-4.62423e-06
-6.03889e-08
-4.48365e-06
-5.29208e-07
-4.27682e-06
-1.03872e-06
-3.99339e-06
-1.62466e-06
-3.61015e-06
-2.32373e-06
-3.09006e-06
-3.15612e-06
-2.37354e-06
-4.08698e-06
-1.35687e-06
-4.88182e-06
-4.72414e-06
-8.09601e-07
2.00615e-06
-1.62633e-06
3.06141e-06
-2.28357e-06
3.63892e-06
-2.77362e-06
3.74539e-06
-3.14099e-06
3.49391e-06
-3.41654e-06
3.05948e-06
-3.61191e-06
2.53854e-06
-3.738e-06
1.98099e-06
-3.8038e-06
1.42293e-06
-3.81056e-06
8.83084e-07
-3.76562e-06
3.60523e-07
-3.67645e-06
-1.49554e-07
-3.54262e-06
-6.63041e-07
-3.37013e-06
-1.21121e-06
-3.15715e-06
-1.83765e-06
-2.88688e-06
-2.59399e-06
-2.52131e-06
-3.52169e-06
-1.99291e-06
-4.61537e-06
-1.17148e-06
-5.70325e-06
-5.89563e-06
-7.14067e-07
2.72022e-06
-1.38794e-06
3.73528e-06
-1.89791e-06
4.14889e-06
-2.2768e-06
4.12428e-06
-2.5555e-06
3.7726e-06
-2.75583e-06
3.25981e-06
-2.89017e-06
2.67288e-06
-2.96878e-06
2.05961e-06
-2.99767e-06
1.45181e-06
-2.97934e-06
8.64762e-07
-2.91894e-06
3.00115e-07
-2.82237e-06
-2.46123e-07
-2.69701e-06
-7.88402e-07
-2.55214e-06
-1.35608e-06
-2.3924e-06
-1.99739e-06
-2.20798e-06
-2.77841e-06
-1.96343e-06
-3.76624e-06
-1.58714e-06
-4.99166e-06
-9.66494e-07
-6.3239e-06
-6.86212e-06
-5.62392e-07
3.28261e-06
-1.07124e-06
4.24413e-06
-1.45142e-06
4.52907e-06
-1.73524e-06
4.4081e-06
-1.94359e-06
3.98096e-06
-2.09127e-06
3.40749e-06
-2.18809e-06
2.7697e-06
-2.24156e-06
2.11309e-06
-2.25511e-06
1.46536e-06
-2.23032e-06
8.39974e-07
-2.17057e-06
2.4036e-07
-2.08118e-06
-3.35509e-07
-1.97128e-06
-8.98302e-07
-1.85357e-06
-1.47379e-06
-1.73874e-06
-2.11221e-06
-1.62437e-06
-2.89278e-06
-1.48332e-06
-3.9073e-06
-1.24749e-06
-5.22748e-06
-7.88422e-07
-6.78297e-06
-7.65054e-06
-3.76539e-07
3.65915e-06
-7.30369e-07
4.59796e-06
-9.93298e-07
4.792e-06
-1.191e-06
4.6058e-06
-1.3393e-06
4.12927e-06
-1.44643e-06
3.51461e-06
-1.5183e-06
2.84157e-06
-1.55898e-06
2.15376e-06
-1.56962e-06
1.47601e-06
-1.55032e-06
8.20675e-07
-1.50267e-06
1.92716e-07
-1.43109e-06
-4.07096e-07
-1.34456e-06
-9.84829e-07
-1.25736e-06
-1.56099e-06
-1.18471e-06
-2.18487e-06
-1.13017e-06
-2.94731e-06
-1.07023e-06
-3.96723e-06
-9.41803e-07
-5.35592e-06
-6.49748e-07
-7.07502e-06
-8.30029e-06
-2.02549e-07
3.8617e-06
-3.99457e-07
4.79487e-06
-5.48628e-07
4.94117e-06
-6.63112e-07
4.72029e-06
-7.54966e-07
4.22112e-06
-8.254e-07
3.58504e-06
-8.76316e-07
2.89249e-06
-9.08618e-07
2.18606e-06
-9.21506e-07
1.48889e-06
-9.13693e-07
8.12862e-07
-8.85268e-07
1.64291e-07
-8.39433e-07
-4.52931e-07
-7.84507e-07
-1.03975e-06
-7.34845e-07
-1.61065e-06
-7.08005e-07
-2.21171e-06
-7.13074e-07
-2.94224e-06
-7.29415e-07
-3.95089e-06
-6.929e-07
-5.39243e-06
-5.19169e-07
-7.24876e-06
-8.81946e-06
-2.07261e-08
3.88243e-06
-8.28478e-08
4.85699e-06
-1.25938e-07
4.98426e-06
-1.60806e-07
4.75515e-06
-1.93587e-07
4.2539e-06
-2.24725e-07
3.61618e-06
-2.52588e-07
2.92035e-06
-2.75264e-07
2.20874e-06
-2.90437e-07
1.50407e-06
-2.95852e-07
8.18278e-07
-2.90635e-07
1.59074e-07
-2.76857e-07
-4.66709e-07
-2.61662e-07
-1.05495e-06
-2.5825e-07
-1.61406e-06
-2.83738e-07
-2.18622e-06
-3.50302e-07
-2.87568e-06
-4.4293e-07
-3.85826e-06
-4.97117e-07
-5.33824e-06
-4.29744e-07
-7.31613e-06
-9.2492e-06
1.43339e-07
3.73909e-06
2.1821e-07
4.78212e-06
2.81653e-07
4.92082e-06
3.26582e-07
4.71023e-06
3.50879e-07
4.2296e-06
3.61496e-07
3.60556e-06
3.60996e-07
2.92085e-06
3.52245e-07
2.21749e-06
3.37906e-07
1.51841e-06
3.20247e-07
8.35937e-07
3.00283e-07
1.79038e-07
2.76728e-07
-4.43154e-07
2.44222e-07
-1.02244e-06
1.92295e-07
-1.56214e-06
1.06387e-07
-2.10031e-06
-2.63662e-08
-2.74293e-06
-1.92778e-07
-3.69185e-06
-3.27051e-07
-5.20397e-06
-3.45902e-07
-7.29728e-06
-9.5951e-06
2.90139e-07
3.44895e-06
4.91498e-07
4.58077e-06
6.51896e-07
4.76042e-06
7.77161e-07
4.58496e-06
8.69156e-07
4.13761e-06
9.30459e-07
3.54426e-06
9.65229e-07
2.88608e-06
9.77177e-07
2.20554e-06
9.68905e-07
1.52668e-06
9.42035e-07
8.62807e-07
8.96851e-07
2.24222e-07
8.32403e-07
-3.78705e-07
7.45519e-07
-9.35561e-07
6.30269e-07
-1.44689e-06
4.77624e-07
-1.94767e-06
2.79082e-07
-2.54438e-06
4.59103e-08
-3.45868e-06
-1.74665e-07
-4.9834e-06
-2.77754e-07
-7.19419e-06
-9.87286e-06
4.16822e-07
3.03213e-06
7.26259e-07
4.27133e-06
9.74515e-07
4.51217e-06
1.18717e-06
4.3723e-06
1.35371e-06
3.97107e-06
1.47432e-06
3.42365e-06
1.55329e-06
2.80711e-06
1.59384e-06
2.16499e-06
1.59789e-06
1.52263e-06
1.56599e-06
8.94707e-07
1.49726e-06
2.9295e-07
1.39065e-06
-2.72092e-07
1.24592e-06
-7.90836e-07
1.06283e-06
-1.26379e-06
8.3919e-07
-1.72403e-06
5.67732e-07
-2.27293e-06
2.49448e-07
-3.1404e-06
-5.42038e-08
-4.67974e-06
-1.79855e-07
-7.06854e-06
-1.00527e-05
4.96401e-07
2.53573e-06
8.91809e-07
3.87592e-06
1.22878e-06
4.17519e-06
1.53122e-06
4.06986e-06
1.78143e-06
3.72087e-06
1.97336e-06
3.23173e-06
2.10754e-06
2.67293e-06
2.1859e-06
2.08664e-06
2.20935e-06
1.49917e-06
2.1775e-06
9.2656e-07
2.08897e-06
3.81475e-07
1.94216e-06
-1.2528e-07
1.741e-06
-5.89675e-07
1.49101e-06
-1.0138e-06
1.19773e-06
-1.43075e-06
8.57406e-07
-1.93261e-06
4.70131e-07
-2.75312e-06
1.07236e-07
-4.31685e-06
-4.56171e-08
-6.91568e-06
-1.00983e-05
5.26464e-07
2.00926e-06
9.85515e-07
3.41687e-06
1.40189e-06
3.75882e-06
1.78954e-06
3.68221e-06
2.12728e-06
3.38312e-06
2.39895e-06
2.96006e-06
2.59822e-06
2.47365e-06
2.72394e-06
1.96092e-06
2.77518e-06
1.44793e-06
2.75062e-06
9.51113e-07
2.64948e-06
4.82621e-07
2.47179e-06
5.24017e-08
2.22352e-06
-3.41399e-07
1.9161e-06
-7.0638e-07
1.56047e-06
-1.07512e-06
1.16042e-06
-1.53256e-06
7.19414e-07
-2.31211e-06
3.16124e-07
-3.91356e-06
9.38858e-08
-6.69345e-06
-1.00044e-05
4.36196e-07
1.57307e-06
9.25502e-07
2.92757e-06
1.43373e-06
3.2506e-06
1.92263e-06
3.19331e-06
2.35728e-06
2.94847e-06
2.71674e-06
2.6006e-06
2.98999e-06
2.2004e-06
3.17184e-06
1.77907e-06
3.26008e-06
1.3597e-06
3.2538e-06
9.5739e-07
3.15387e-06
5.82552e-07
2.96573e-06
2.40538e-07
2.69332e-06
-6.89827e-08
2.35287e-06
-3.6593e-07
1.95435e-06
-6.76596e-07
1.5086e-06
-1.08681e-06
1.01862e-06
-1.82213e-06
5.40691e-07
-3.43562e-06
2.28633e-07
-6.38139e-06
-9.77581e-06
2.79654e-07
1.29341e-06
7.85659e-07
2.42156e-06
1.36465e-06
2.67161e-06
1.94068e-06
2.61728e-06
2.46341e-06
2.42574e-06
2.90495e-06
2.15906e-06
3.25219e-06
1.85317e-06
3.49696e-06
1.5343e-06
3.63605e-06
1.2206e-06
3.6701e-06
9.23339e-07
3.60224e-06
6.50413e-07
3.43871e-06
4.04069e-07
3.18876e-06
1.80973e-07
2.8614e-06
-3.85752e-08
2.46875e-06
-2.8394e-07
2.01639e-06
-6.34451e-07
1.48876e-06
-1.2945e-06
9.12204e-07
-2.85907e-06
4.15013e-07
-5.8842e-06
-9.3608e-06
-1.31085e-07
1.4245e-06
3.43765e-07
1.94671e-06
1.02481e-06
1.99057e-06
1.73041e-06
1.91167e-06
2.37959e-06
1.77657e-06
2.93949e-06
1.59916e-06
3.39766e-06
1.39499e-06
3.74701e-06
1.18495e-06
3.98353e-06
9.8408e-07
4.11026e-06
7.96608e-07
4.13398e-06
6.267e-07
4.06513e-06
4.7292e-07
3.91065e-06
3.35448e-07
3.68404e-06
1.88036e-07
3.39426e-06
5.84129e-09
3.01241e-06
-2.52604e-07
2.49435e-06
-7.76439e-07
1.81249e-06
-2.17721e-06
8.82783e-07
-4.95449e-06
-8.47801e-06
-5.9178e-07
2.01628e-06
1.25888e-07
1.22904e-06
1.05148e-06
1.06497e-06
1.93377e-06
1.02938e-06
2.72841e-06
9.81936e-07
3.42439e-06
9.0318e-07
4.012e-06
8.07382e-07
4.4914e-06
7.05555e-07
4.8634e-06
6.12078e-07
5.14018e-06
5.19826e-07
5.32482e-06
4.42057e-07
5.43614e-06
3.61601e-07
5.47734e-06
2.94249e-07
5.45747e-06
2.07906e-07
5.32907e-06
1.34249e-07
5.11358e-06
-3.71225e-08
4.7165e-06
-3.79358e-07
3.98692e-06
-1.44763e-06
2.22113e-06
-3.1887e-06
-6.25689e-06
2.01628e-06
3.24532e-06
4.31029e-06
5.33968e-06
6.32161e-06
7.22479e-06
8.03217e-06
8.73773e-06
9.34981e-06
9.86963e-06
1.03117e-05
1.06733e-05
1.09675e-05
1.11754e-05
1.13097e-05
1.12726e-05
1.08932e-05
9.44559e-06
6.25689e-06
)
;

boundaryField
{
    movingWall
    {
        type            calculated;
        value           uniform 0;
    }
    fixedWalls
    {
        type            calculated;
        value           uniform 0;
    }
    frontAndBack
    {
        type            empty;
    }
}


// ************************************************************************* //
