/*--------------------------------*- C++ -*----------------------------------*\
  =========                 |
  \\      /  F ield         | OpenFOAM: The Open Source CFD Toolbox
   \\    /   O peration     | Website:  https://openfoam.org
    \\  /    A nd           | Version:  13
     \\/     M anipulation  |
\*---------------------------------------------------------------------------*/
FoamFile
{
    format      ascii;
    class       surfaceScalarField;
    location    "0.7";
    object      phi;
}
// * * * * * * * * * * * * * * * * * * * * * * * * * * * * * * * * * * * * * //

dimensions      [0 3 -1 0 0 0 0];

internalField   nonuniform List<scalar> 
3938
(
7.51584e-06
-7.51584e-06
1.33971e-05
-5.8813e-06
1.17147e-05
1.68247e-06
1.12645e-05
4.50218e-07
7.02602e-06
-1.45419e-05
1.18945e-05
-1.07498e-05
9.80143e-06
3.77555e-06
2.2104e-05
-1.03814e-06
5.30769e-06
-1.98496e-05
9.00437e-06
-1.44465e-05
7.66097e-06
5.11896e-06
2.91366e-05
6.28434e-07
3.66064e-06
-2.35102e-05
5.89419e-06
-1.668e-05
4.69609e-06
6.31705e-06
3.19305e-05
1.90218e-06
4.1224e-07
-2.39224e-05
6.59077e-07
-1.69269e-05
7.91487e-07
6.18464e-06
2.9736e-05
2.98592e-06
-2.95277e-06
-2.09697e-05
-4.65954e-06
-1.52201e-05
-2.72042e-06
4.24553e-06
2.25948e-05
4.42085e-06
-5.43462e-06
-1.5535e-05
-8.46464e-06
-1.21901e-05
-5.21405e-06
9.94932e-07
1.30669e-05
4.31376e-06
-5.8102e-06
-9.72485e-06
-9.22679e-06
-8.77349e-06
-6.18914e-06
-2.04271e-06
4.17749e-06
2.70032e-06
-4.34354e-06
-5.38131e-06
-6.95094e-06
-6.16608e-06
-4.38241e-06
-4.61124e-06
-2.57327e-06
2.36835e-06
-2.2095e-06
-3.17181e-06
-3.57322e-06
-4.80236e-06
-1.42086e-06
-6.7636e-06
-6.95691e-06
2.96278e-06
-3.81814e-07
-2.78999e-06
-9.51348e-07
-4.23282e-06
4.17051e-07
-8.13199e-06
-9.53684e-06
2.99698e-06
1.03616e-06
-3.82615e-06
1.05746e-06
-4.25413e-06
1.845e-06
-8.91952e-06
-1.15563e-05
3.86448e-06
1.92581e-06
-5.75196e-06
2.28851e-06
-4.61683e-06
2.57042e-06
-9.20142e-06
-1.29646e-05
3.97869e-06
2.32517e-06
-8.07712e-06
2.73399e-06
-5.02565e-06
2.26727e-06
-8.7347e-06
-1.32046e-05
2.5073e-06
2.50032e-06
-1.05774e-05
2.64103e-06
-5.16636e-06
1.21809e-06
-7.31176e-06
-1.15267e-05
-4.59822e-07
2.87529e-06
-1.34527e-05
2.88691e-06
-5.17798e-06
6.92194e-07
-5.11704e-06
-8.94176e-06
-1.89276e-06
3.49708e-06
-1.69498e-05
3.38767e-06
-5.06857e-06
5.48877e-07
-2.27824e-06
-5.78904e-06
-2.60383e-06
4.46883e-06
-2.14186e-05
3.94108e-06
-4.54082e-06
4.02315e-07
1.26052e-06
-2.15071e-06
-3.23601e-06
4.74175e-06
-2.61604e-05
3.64687e-06
-3.44594e-06
-1.19393e-07
5.02679e-06
2.04835e-06
-4.31845e-06
2.13885e-06
-2.82992e-05
1.34784e-06
-2.65494e-06
-2.06947e-06
8.44411e-06
5.75991e-06
-5.78102e-06
-3.24812e-06
-2.50511e-05
-2.07907e-06
-3.82399e-06
-4.24318e-06
1.06082e-05
7.84939e-06
-6.33266e-06
-9.46662e-06
-1.55845e-05
-1.03543e-05
-2.93631e-06
-9.17139e-06
9.42534e-06
6.97971e-06
-8.30171e-06
-1.55845e-05
-1.85208e-05
-9.09545e-06
-2.11574e-06
4.46124e-05
-4.46124e-05
9.30463e-05
-4.8434e-05
0.000109078
-1.60321e-05
2.29827e-05
8.60957e-05
5.1958e-05
-9.65704e-05
8.77845e-05
-8.42605e-05
9.65596e-05
-2.48072e-05
5.30766e-05
6.64657e-05
1.99896e-05
-0.00011656
2.04084e-05
-8.46793e-05
1.32787e-05
-1.76774e-05
6.34001e-05
2.9552e-06
-1.91433e-05
-9.74166e-05
-4.29758e-05
-6.08468e-05
-5.99545e-05
-6.98736e-07
4.95926e-05
-4.6147e-05
-3.61394e-05
-6.12773e-05
-5.95856e-05
-3.74005e-05
-5.75817e-05
-2.70259e-06
3.08008e-05
-3.87899e-05
-3.8055e-05
-2.32223e-05
-4.70251e-05
-2.84305e-05
-2.1597e-05
-2.81306e-05
-6.27073e-06
1.54745e-05
-3.18261e-05
8.60386e-06
-2.44916e-05
-3.5765e-05
2.06989e-05
-7.33212e-05
-6.04009e-05
7.48291e-05
-6.30963e-06
1.49135e-05
5.29489e-05
-9.50235e-05
0.000119677
-0.000140049
-0.000106647
0.000165923
4.77104e-05
-3.27969e-05
0.000136879
-0.000184192
0.000215638
-0.000218808
-0.000155942
0.000264932
8.94937e-05
-0.000122291
0.00016697
-0.000261668
0.000206803
-0.000258641
-0.000172879
0.000223739
7.55433e-05
-0.000197834
0.000118842
-0.000304967
0.000101152
-0.00024095
-0.00010509
3.33631e-05
3.86463e-05
-0.00023648
2.74848e-05
-0.000293805
-7.49112e-05
-0.000138554
5.77372e-07
-0.000180579
3.21184e-06
-0.000239692
-2.63417e-05
-0.000264252
-0.000148936
-1.59596e-05
4.93595e-05
-0.000197718
-1.33708e-05
-0.000226321
-3.48363e-05
-0.000242786
-0.000127767
7.69716e-05
0.000100402
-0.00017881
-2.42808e-05
-0.00020204
-4.45242e-05
-0.000222543
-7.56275e-05
0.000108075
0.000176308
-0.000151533
-3.78237e-05
-0.000164217
-6.44059e-05
-0.000195961
4.67966e-06
3.89893e-05
0.000244165
-6.31783e-05
-5.74564e-05
-0.00010676
-9.34765e-05
-0.000159941
2.61438e-05
-8.06308e-05
0.000150993
0.000119316
-7.44689e-05
-3.22913e-05
-0.000156444
-7.79651e-05
-0.00016924
-6.78353e-05
-3.21186e-05
1.38714e-05
-3.22913e-05
-0.000110256
-0.000178092
-0.00021021
-5.47146e-06
5.92168e-06
0.000103571
-0.000109042
0.000157365
-5.37937e-05
0.0001676
-1.02349e-05
0.000140964
2.66359e-05
0.000112855
2.81085e-05
9.8959e-05
1.38962e-05
9.50557e-05
3.90326e-06
9.44189e-05
6.36747e-07
9.47834e-05
-3.64578e-07
9.59484e-05
-1.16513e-06
9.76551e-05
-1.70682e-06
9.9512e-05
-1.85677e-06
0.000101242
-1.73002e-06
0.000102712
-1.46952e-06
0.000103869
-1.15745e-06
0.000104699
-8.29354e-07
0.000105195
-4.96098e-07
0.00010535
-1.55386e-07
0.000105146
2.04811e-07
0.000104587
5.58293e-07
0.000103689
8.98592e-07
0.00010248
1.20918e-06
0.000100998
1.48171e-06
9.92889e-05
1.7089e-06
9.7405e-05
1.88399e-06
9.53991e-05
2.00587e-06
9.33173e-05
2.08182e-06
9.11932e-05
2.12398e-06
8.9047e-05
2.14605e-06
8.68853e-05
2.16166e-06
8.4706e-05
2.17914e-06
8.25118e-05
2.19417e-06
8.03148e-05
2.19697e-06
7.8135e-05
2.17959e-06
7.59999e-05
2.13499e-06
7.39477e-05
2.0522e-06
7.20256e-05
1.92213e-06
7.02815e-05
1.74417e-06
6.87824e-05
1.49913e-06
6.75416e-05
1.24073e-06
7.22291e-07
3.77004e-06
1.11351e-06
2.23179e-05
-0.00012759
6.7551e-05
-9.90267e-05
9.92687e-05
-4.19526e-05
0.000120617
5.28782e-06
0.000117308
3.14175e-05
0.000100173
3.10309e-05
8.53991e-05
1.86772e-05
7.81618e-05
7.87396e-06
7.60751e-05
1.72196e-06
7.62265e-05
-1.31653e-06
7.72614e-05
-2.74165e-06
7.86975e-05
-3.29269e-06
8.031e-05
-3.3423e-06
8.19248e-05
-3.08425e-06
8.33937e-05
-2.62624e-06
8.46036e-05
-2.03927e-06
8.54836e-05
-1.37585e-06
8.60054e-05
-6.77109e-07
8.61902e-05
2.01431e-08
8.60592e-05
6.89331e-07
8.56468e-05
1.31094e-06
8.49839e-05
1.87196e-06
8.41098e-05
2.35569e-06
8.30595e-05
2.75917e-06
8.18609e-05
3.08275e-06
8.05382e-05
3.32856e-06
7.91199e-05
3.50001e-06
7.76409e-05
3.6028e-06
7.61423e-05
3.64441e-06
7.46719e-05
3.63198e-06
7.32766e-05
3.57433e-06
7.19917e-05
3.47902e-06
7.08384e-05
3.35018e-06
6.98324e-05
3.18557e-06
6.89844e-05
2.98296e-06
6.82972e-05
2.73944e-06
6.77649e-05
2.4544e-06
6.73765e-05
2.13262e-06
6.71101e-05
1.7656e-06
6.69558e-05
1.395e-06
7.69727e-07
4.35063e-06
-2.60869e-06
-2.2102e-05
-0.000101137
1.44914e-05
-0.00013562
5.41225e-05
-8.15837e-05
7.34226e-05
-1.40123e-05
8.20064e-05
2.28339e-05
8.20639e-05
3.09735e-05
8.00999e-05
2.06412e-05
7.94103e-05
8.5635e-06
7.98704e-05
1.26184e-06
8.08212e-05
-2.26733e-06
8.21015e-05
-4.02186e-06
8.3636e-05
-4.82704e-06
8.52969e-05
-5.00305e-06
8.6937e-05
-4.72431e-06
8.84206e-05
-4.10985e-06
8.96393e-05
-3.25789e-06
9.05163e-05
-2.25287e-06
9.10065e-05
-1.1672e-06
9.10906e-05
-6.39834e-08
9.07756e-05
1.00422e-06
9.00945e-05
1.99181e-06
8.90943e-05
2.87196e-06
8.78295e-05
3.62045e-06
8.63556e-05
4.23323e-06
8.47282e-05
4.71031e-06
8.29932e-05
5.06362e-06
8.11913e-05
5.30201e-06
7.93583e-05
5.43586e-06
7.7529e-05
5.47371e-06
7.57379e-05
5.42303e-06
7.40196e-05
5.29259e-06
7.24096e-05
5.08903e-06
7.09416e-05
4.81816e-06
6.96468e-05
4.48039e-06
6.855e-05
4.07991e-06
6.76648e-05
3.62465e-06
6.69928e-05
3.12652e-06
6.65271e-05
2.59843e-06
6.62425e-05
2.05024e-06
6.61159e-05
1.52167e-06
7.85199e-07
3.64752e-06
-4.35403e-06
-1.78442e-05
-7.96457e-05
1.91843e-05
-0.000172649
4.52457e-05
-0.000107645
5.33292e-05
-2.20957e-05
5.76407e-05
1.85227e-05
6.47926e-05
2.38218e-05
7.08028e-05
1.4631e-05
7.4803e-05
4.56331e-06
7.77473e-05
-1.68265e-06
8.03501e-05
-4.86999e-06
8.27944e-05
-6.46605e-06
8.51361e-05
-7.16851e-06
8.73479e-05
-7.21476e-06
8.93549e-05
-6.73123e-06
9.10736e-05
-5.82864e-06
9.24281e-05
-4.61233e-06
9.33606e-05
-3.18541e-06
9.38402e-05
-1.64687e-06
9.38631e-05
-8.70159e-08
9.34482e-05
1.41893e-06
9.26374e-05
2.80243e-06
9.14844e-05
4.0249e-06
9.00504e-05
5.0545e-06
8.8397e-05
5.88693e-06
8.65868e-05
6.52094e-06
8.4676e-05
6.97441e-06
8.27166e-05
7.26139e-06
8.07489e-05
7.40337e-06
7.88059e-05
7.41657e-06
7.69115e-05
7.31735e-06
7.50877e-05
7.1163e-06
7.33582e-05
6.8185e-06
7.17477e-05
6.42871e-06
7.02816e-05
5.94644e-06
6.89856e-05
5.37571e-06
6.78813e-05
4.72878e-06
6.69823e-05
4.02553e-06
6.62913e-05
3.28956e-06
6.57989e-05
2.54278e-06
6.54833e-05
1.83731e-06
8.98245e-07
1.60457e-06
-2.97268e-06
-1.08604e-05
-6.71807e-05
1.97062e-05
-0.000203215
3.85962e-05
-0.000126535
4.64939e-05
-2.99932e-05
5.08505e-05
1.41662e-05
5.79241e-05
1.67482e-05
6.5271e-05
7.28402e-06
7.09384e-05
-1.10421e-06
7.53059e-05
-6.0502e-06
7.89665e-05
-8.53042e-06
8.21957e-05
-9.69498e-06
8.51564e-05
-1.0129e-05
8.78726e-05
-9.93092e-06
9.02851e-05
-9.14365e-06
9.23099e-05
-7.8535e-06
9.38691e-05
-6.1714e-06
9.49082e-05
-4.22451e-06
9.54052e-05
-2.1439e-06
9.53693e-05
-5.11813e-08
9.48398e-05
1.94832e-06
9.38745e-05
3.76779e-06
9.25423e-05
5.35725e-06
9.09139e-05
6.68293e-06
8.9067e-05
7.73365e-06
8.70709e-05
8.51699e-06
8.49888e-05
9.05649e-06
8.28712e-05
9.37895e-06
8.07613e-05
9.51335e-06
7.86915e-05
9.48631e-06
7.66889e-05
9.31974e-06
7.47741e-05
9.031e-06
7.29668e-05
8.62564e-06
7.12875e-05
8.10782e-06
6.97605e-05
7.47337e-06
6.84115e-05
6.72465e-06
6.72633e-05
5.8771e-06
6.63308e-05
4.95822e-06
6.56169e-05
4.00369e-06
6.51108e-05
3.04884e-06
6.47944e-05
2.15386e-06
1.00928e-06
3.8085e-06
-2.36032e-06
-1.18621e-06
-6.2186e-05
1.72816e-05
-0.000221683
2.79518e-05
-0.000137205
3.37493e-05
-3.57906e-05
4.43604e-05
3.55514e-06
5.28044e-05
8.3041e-06
6.02916e-05
-2.03417e-07
6.71495e-05
-7.96218e-06
7.29125e-05
-1.18131e-05
7.76707e-05
-1.32884e-05
8.17425e-05
-1.37665e-05
8.53488e-05
-1.3735e-05
8.86e-05
-1.3182e-05
9.14783e-05
-1.20219e-05
9.38836e-05
-1.02587e-05
9.57097e-05
-7.9974e-06
9.68885e-05
-5.40308e-06
9.74027e-05
-2.65795e-06
9.72785e-05
7.3067e-08
9.65806e-05
2.64621e-06
9.53926e-05
4.95569e-06
9.38043e-05
6.9456e-06
9.19109e-05
8.5764e-06
8.98006e-05
9.84418e-06
8.75533e-05
1.07644e-05
8.52378e-05
1.13721e-05
8.29124e-05
1.17042e-05
8.06219e-05
1.18037e-05
7.84001e-05
1.17083e-05
7.62718e-05
1.14481e-05
7.42551e-05
1.10478e-05
7.2367e-05
1.05136e-05
7.06252e-05
9.84956e-06
6.90488e-05
9.04969e-06
6.76592e-05
8.11427e-06
6.64751e-05
7.06136e-06
6.55063e-05
5.92709e-06
6.47531e-05
4.75705e-06
6.42056e-05
3.59642e-06
6.38399e-05
2.51948e-06
1.1614e-06
6.56514e-06
-4.6117e-06
5.7478e-06
-6.13687e-05
8.24328e-06
-0.000224178
1.15427e-05
-0.000140505
1.04508e-05
-3.46989e-05
2.592e-05
-1.19142e-05
4.00687e-05
-5.8447e-06
5.28107e-05
-1.29457e-05
6.32138e-05
-1.83652e-05
7.10183e-05
-1.96174e-05
7.70092e-05
-1.92791e-05
8.19071e-05
-1.86642e-05
8.6137e-05
-1.79648e-05
8.99248e-05
-1.69696e-05
9.32937e-05
-1.53908e-05
9.61189e-05
-1.30837e-05
9.82447e-05
-1.01231e-05
9.957e-05
-6.72823e-06
0.000100074
-3.16184e-06
9.98013e-05
3.45535e-07
9.88521e-05
3.59543e-06
9.73469e-05
6.46111e-06
9.54148e-05
8.87787e-06
9.31676e-05
1.08238e-05
9.07129e-05
1.2299e-05
8.81435e-05
1.33338e-05
8.55388e-05
1.39769e-05
8.2958e-05
1.42851e-05
8.04491e-05
1.43126e-05
7.80442e-05
1.41131e-05
7.57644e-05
1.37278e-05
7.36239e-05
1.31883e-05
7.16342e-05
1.25035e-05
6.98085e-05
1.16754e-05
6.81632e-05
1.06949e-05
6.67168e-05
9.56059e-06
6.54854e-05
8.29286e-06
6.44782e-05
6.93424e-06
6.3696e-05
5.53934e-06
6.31274e-05
4.16507e-06
6.27511e-05
2.89578e-06
1.31694e-06
6.36006e-06
-8.27144e-06
6.63119e-06
-6.16398e-05
-5.59019e-06
-0.000211957
-1.99944e-06
-0.000144096
-3.03178e-06
-3.36667e-05
1.23118e-05
-2.72579e-05
3.02474e-05
-2.37805e-05
4.62182e-05
-2.89165e-05
5.84611e-05
-3.06082e-05
6.80748e-05
-2.9231e-05
7.57376e-05
-2.69417e-05
8.19206e-05
-2.48471e-05
8.71288e-05
-2.31729e-05
9.1712e-05
-2.15528e-05
9.57432e-05
-1.94219e-05
9.90912e-05
-1.64318e-05
0.000101567
-1.25991e-05
0.000103039
-8.19999e-06
0.000103484
-3.60737e-06
0.000102963
8.66657e-07
0.000101661
4.89708e-06
9.97304e-05
8.39213e-06
9.73309e-05
1.12774e-05
9.46225e-05
1.35322e-05
9.17342e-05
1.51873e-05
8.87709e-05
1.62971e-05
8.58161e-05
1.69315e-05
8.29348e-05
1.71664e-05
8.01715e-05
1.70759e-05
7.75566e-05
1.67281e-05
7.51064e-05
1.61782e-05
7.28287e-05
1.54661e-05
7.07299e-05
1.46024e-05
6.88158e-05
1.35894e-05
6.70981e-05
1.24124e-05
6.5592e-05
1.10667e-05
6.43129e-05
9.57205e-06
6.32692e-05
7.97784e-06
6.24562e-05
6.35218e-06
6.18622e-05
4.75889e-06
6.1462e-05
3.29601e-06
1.4889e-06
4.83507e-06
-1.07382e-05
-1.67579e-07
-5.66372e-05
-2.11248e-05
-0.000191
-5.31768e-06
-0.000159903
1.07322e-06
-4.00577e-05
9.12248e-06
-3.53072e-05
2.49937e-05
-3.96518e-05
3.93465e-05
-4.32696e-05
5.23491e-05
-4.36109e-05
6.38631e-05
-4.0745e-05
7.34173e-05
-3.64958e-05
8.12719e-05
-3.27017e-05
8.79722e-05
-2.98731e-05
9.3837e-05
-2.74178e-05
9.88904e-05
-2.44754e-05
0.000102974
-2.05154e-05
0.000105883
-1.55085e-05
0.000107485
-9.80167e-06
0.00010778
-3.90286e-06
0.000106904
1.74296e-06
0.000105072
6.7285e-06
0.000102548
1.09162e-05
9.95428e-05
1.42828e-05
9.62509e-05
1.6824e-05
9.28263e-05
1.86119e-05
8.93868e-05
1.97368e-05
8.60205e-05
2.02978e-05
8.27919e-05
2.03949e-05
7.97422e-05
2.01257e-05
7.68953e-05
1.95751e-05
7.42602e-05
1.88134e-05
7.18373e-05
1.7889e-05
6.9623e-05
1.68166e-05
6.76169e-05
1.55954e-05
6.58254e-05
1.42038e-05
6.42609e-05
1.26312e-05
6.29345e-05
1.08983e-05
6.18518e-05
9.06041e-06
6.10124e-05
7.19137e-06
6.04011e-05
5.3701e-06
5.99904e-05
3.70682e-06
1.66365e-06
3.74742e-06
-1.15228e-05
-6.68457e-06
-4.62052e-05
-3.59539e-05
-0.000161731
-1.25887e-05
-0.000183268
1.16489e-05
-6.42953e-05
1.47135e-05
-3.83719e-05
2.44731e-05
-4.94115e-05
3.56693e-05
-5.4466e-05
4.80804e-05
-5.60221e-05
6.01263e-05
-5.2791e-05
7.08227e-05
-4.71921e-05
8.02973e-05
-4.21763e-05
8.88283e-05
-3.8404e-05
9.64301e-05
-3.50196e-05
0.000102917
-3.09629e-05
0.000108017
-2.5615e-05
0.000111476
-1.89673e-05
0.000113174
-1.15001e-05
0.000113186
-3.91486e-06
0.000111705
3.22355e-06
0.000109165
9.26822e-06
0.000105834
1.42481e-05
0.000102035
1.80819e-05
9.80085e-05
2.08507e-05
9.39293e-05
2.26911e-05
8.99274e-05
2.37386e-05
8.60884e-05
2.41369e-05
8.24702e-05
2.40132e-05
7.91059e-05
2.34902e-05
7.60102e-05
2.2671e-05
7.3182e-05
2.16418e-05
7.06103e-05
2.04608e-05
6.82828e-05
1.91442e-05
6.61891e-05
1.7689e-05
6.43285e-05
1.60642e-05
6.27086e-05
1.4251e-05
6.13403e-05
1.22664e-05
6.023e-05
1.01708e-05
5.93691e-05
8.05229e-06
5.87425e-05
5.9968e-06
5.83216e-05
4.12778e-06
1.84115e-06
3.49326e-06
-1.20191e-05
-8.90146e-06
-3.38105e-05
-4.934e-05
-0.000121292
-2.04195e-05
-0.000212188
1.37141e-05
-9.84288e-05
2.40708e-05
-4.87288e-05
3.07826e-05
-5.61236e-05
3.92678e-05
-6.29513e-05
4.86565e-05
-6.54107e-05
5.88348e-05
-6.29693e-05
6.94161e-05
-5.77734e-05
8.0074e-05
-5.28342e-05
9.04304e-05
-4.87603e-05
9.99972e-05
-4.45863e-05
0.000108236
-3.92024e-05
0.00011462
-3.19987e-05
0.000118741
-2.30887e-05
0.000120454
-1.32132e-05
0.000119924
-3.38419e-06
0.000117612
5.53541e-06
0.000113993
1.28875e-05
0.000109578
1.86626e-05
0.00010476
2.29007e-05
9.98221e-05
2.57885e-05
9.49648e-05
2.75487e-05
9.03123e-05
2.83914e-05
8.59444e-05
2.85047e-05
8.19026e-05
2.80549e-05
7.82061e-05
2.71866e-05
7.48552e-05
2.60221e-05
7.1835e-05
2.46622e-05
6.91211e-05
2.31749e-05
6.66874e-05
2.15779e-05
6.45141e-05
1.98622e-05
6.25931e-05
1.79851e-05
6.0928e-05
1.59161e-05
5.95261e-05
1.36685e-05
5.83901e-05
1.1307e-05
5.75141e-05
8.92836e-06
5.68796e-05
6.6315e-06
5.6456e-05
4.55136e-06
2.01471e-06
5.18747e-06
-1.33421e-05
-4.32257e-06
-2.43004e-05
-3.57378e-05
-8.98768e-05
-1.44446e-05
-0.000233482
9.84153e-06
-0.000122715
2.718e-05
-6.60674e-05
3.86179e-05
-6.75616e-05
4.59477e-05
-7.02812e-05
5.20115e-05
-7.14745e-05
5.97207e-05
-7.06784e-05
6.97091e-05
-6.77617e-05
8.12513e-05
-6.43763e-05
9.33548e-05
-6.08638e-05
0.000105049
-5.62809e-05
0.00011536
-4.95135e-05
0.000123334
-3.99727e-05
0.000128236
-2.79904e-05
0.000129815
-1.47928e-05
0.000128378
-1.94727e-06
0.00012471
9.20401e-06
0.000119592
1.80055e-05
0.000113729
2.45254e-05
0.000107613
2.90165e-05
0.000101573
3.18293e-05
9.58058e-05
3.33154e-05
9.04247e-05
3.37724e-05
8.54857e-05
3.34436e-05
8.10026e-05
3.25379e-05
7.69719e-05
3.12175e-05
7.33712e-05
2.9623e-05
7.01693e-05
2.78642e-05
6.73262e-05
2.60179e-05
6.48029e-05
2.41011e-05
6.25664e-05
2.20985e-05
6.06004e-05
1.99512e-05
5.89028e-05
1.76138e-05
5.74791e-05
1.50925e-05
5.63304e-05
1.2456e-05
5.54474e-05
9.8114e-06
5.48108e-05
7.26828e-06
5.43881e-05
4.97395e-06
2.1848e-06
5.46108e-06
-1.48244e-05
-1.52498e-06
-1.73144e-05
-1.82712e-05
-7.31306e-05
-2.53427e-06
-0.000249219
1.39536e-05
-0.000139203
2.59788e-05
-7.80927e-05
3.79084e-05
-7.94911e-05
4.59009e-05
-7.82738e-05
5.21575e-05
-7.77311e-05
5.99542e-05
-7.84748e-05
7.05188e-05
-7.83262e-05
8.33691e-05
-7.72266e-05
9.74886e-05
-7.49831e-05
0.000111745
-7.05376e-05
0.000124744
-6.25124e-05
0.000134871
-5.00999e-05
0.000140754
-3.38739e-05
0.00014192
-1.59585e-05
0.000138914
1.05847e-06
0.000133176
1.49416e-05
0.000125937
2.52451e-05
0.00011815
3.23122e-05
0.000110419
3.67471e-05
0.00010307
3.91788e-05
9.62765e-05
4.01086e-05
9.01103e-05
3.99387e-05
8.45782e-05
3.89758e-05
7.96567e-05
3.74593e-05
7.53073e-05
3.55669e-05
7.14811e-05
3.34493e-05
6.8125e-05
3.12203e-05
6.51808e-05
2.89621e-05
6.25932e-05
2.66887e-05
6.03174e-05
2.43744e-05
5.83266e-05
2.19421e-05
5.66133e-05
1.93272e-05
5.51806e-05
1.65255e-05
5.40302e-05
1.36066e-05
5.3151e-05
1.06907e-05
5.25196e-05
7.89973e-06
5.21038e-05
5.38978e-06
2.34555e-06
2.34564e-06
-1.46628e-05
-4.03465e-06
-1.09341e-05
-1.37043e-05
-6.34609e-05
6.75033e-07
-0.000263598
1.80911e-05
-0.000156619
2.30001e-05
-8.30018e-05
3.05147e-05
-8.70058e-05
3.95784e-05
-8.73374e-05
4.83963e-05
-8.6549e-05
5.82589e-05
-8.83375e-05
7.04273e-05
-9.04945e-05
8.512e-05
-9.1919e-05
0.000101856
-9.17187e-05
0.000119707
-8.83888e-05
0.000136753
-7.95587e-05
0.000150217
-6.35637e-05
0.000157525
-4.11825e-05
0.000157761
-1.61944e-05
0.000152101
6.71796e-06
0.000143179
2.38636e-05
0.000132928
3.54966e-05
0.000122641
4.25989e-05
0.000112935
4.6453e-05
0.000104086
4.80279e-05
9.61802e-05
4.80145e-05
8.92043e-05
4.69145e-05
8.30934e-05
4.50866e-05
7.77682e-05
4.27845e-05
7.31434e-05
4.01919e-05
6.91374e-05
3.74553e-05
6.56706e-05
3.46871e-05
6.26653e-05
3.19674e-05
6.00492e-05
2.93049e-05
5.77636e-05
2.66601e-05
5.57737e-05
2.39322e-05
5.40668e-05
2.10344e-05
5.26446e-05
1.7948e-05
5.15055e-05
1.47458e-05
5.06395e-05
1.15569e-05
5.00222e-05
8.51715e-06
4.96189e-05
5.79306e-06
2.49762e-06
-3.32879e-06
-1.17938e-05
-8.04065e-06
-6.22221e-06
-2.00997e-05
-5.14019e-05
-3.83273e-06
-0.000279865
1.83928e-05
-0.000178845
2.43766e-05
-8.89856e-05
2.68245e-05
-8.94537e-05
3.4959e-05
-9.54721e-05
4.42511e-05
-9.58411e-05
5.46276e-05
-9.8714e-05
6.76605e-05
-0.000103527
8.42505e-05
-0.000108509
0.000104491
-0.000111959
0.000128056
-0.000111954
0.000152071
-0.000103574
0.000171225
-8.27179e-05
0.000180511
-5.04687e-05
0.000178645
-1.43283e-05
0.00016846
1.69024e-05
0.000154585
3.77384e-05
0.000140164
4.99182e-05
0.000126713
5.60493e-05
0.000114711
5.84554e-05
0.00010423
5.85083e-05
9.51932e-05
5.70517e-05
8.74487e-05
5.46591e-05
8.083e-05
5.17053e-05
7.51804e-05
4.84341e-05
7.03593e-05
4.50129e-05
6.6246e-05
4.15686e-05
6.27325e-05
3.82006e-05
5.97212e-05
3.49789e-05
5.71238e-05
3.19025e-05
5.48684e-05
2.89157e-05
5.2911e-05
2.58899e-05
5.12347e-05
2.2711e-05
4.98402e-05
1.93428e-05
4.873e-05
1.58562e-05
4.78905e-05
1.23965e-05
4.72959e-05
9.11181e-06
4.69153e-05
6.17367e-06
2.631e-06
-5.06124e-06
-8.62534e-06
-7.86101e-06
-3.42243e-06
-2.38137e-05
-3.54492e-05
-7.34846e-06
-0.00029633
1.67355e-05
-0.000202928
2.60887e-05
-9.83389e-05
2.55569e-05
-8.89219e-05
3.08525e-05
-0.000100768
3.82482e-05
-0.000103237
4.74867e-05
-0.000107952
6.07929e-05
-0.000116833
7.97591e-05
-0.000127475
0.000105179
-0.000137379
0.00013799
-0.000144765
0.00017357
-0.000139154
0.000202797
-0.000111945
0.000214539
-6.22104e-05
0.00020691
-6.69976e-06
0.000188496
3.53165e-05
0.000166954
5.928e-05
0.000146923
6.99488e-05
0.00012966
7.33124e-05
0.000115137
7.29788e-05
0.000103034
7.06107e-05
9.29734e-05
6.71127e-05
8.4599e-05
6.30334e-05
7.76106e-05
5.86936e-05
7.17642e-05
5.42806e-05
6.6862e-05
4.99152e-05
6.27418e-05
4.56888e-05
5.92688e-05
4.16736e-05
5.63238e-05
3.7924e-05
5.38035e-05
3.4423e-05
5.16254e-05
3.1094e-05
4.97371e-05
2.77783e-05
4.81209e-05
2.43276e-05
4.67788e-05
2.06852e-05
4.57119e-05
1.69233e-05
4.49114e-05
1.31972e-05
4.43518e-05
9.67152e-06
4.40026e-05
6.52304e-06
2.74645e-06
-5.23099e-06
-5.99817e-06
-7.46516e-06
-1.18826e-06
-1.72169e-05
-2.56974e-05
-1.10986e-05
-0.000302448
1.05138e-05
-0.00022454
2.20222e-05
-0.000109847
2.10177e-05
-8.79175e-05
2.45111e-05
-0.000104261
3.00011e-05
-0.000108727
3.84792e-05
-0.000116431
5.28102e-05
-0.000131164
7.53177e-05
-0.000149983
0.000107636
-0.000169696
0.000150894
-0.000188023
0.000197663
-0.000185923
0.000240879
-0.000155161
0.000260702
-8.20336e-05
0.000245018
8.98438e-06
0.000212446
6.78878e-05
0.000179099
9.26269e-05
0.000151804
9.7244e-05
0.000130339
9.47772e-05
0.000113414
8.99032e-05
9.99612e-05
8.40638e-05
8.91647e-05
7.79092e-05
8.04192e-05
7.17789e-05
7.32837e-05
6.58291e-05
6.74279e-05
6.01364e-05
6.25984e-05
5.47447e-05
5.85994e-05
4.96879e-05
5.52712e-05
4.50018e-05
5.24776e-05
4.07177e-05
5.01028e-05
3.67979e-05
4.80539e-05
3.31432e-05
4.62746e-05
2.95579e-05
4.47466e-05
2.5856e-05
4.34749e-05
2.19571e-05
4.24692e-05
1.79294e-05
4.17201e-05
1.39465e-05
4.12021e-05
1.01897e-05
4.08883e-05
6.83696e-06
2.83546e-06
-5.96353e-06
-3.27065e-06
-9.49066e-06
2.33888e-06
-1.29416e-05
-2.22464e-05
-3.31311e-05
-0.000282259
-7.21197e-06
-0.000250459
9.80303e-06
-0.000126862
1.12031e-05
-8.93176e-05
1.69981e-05
-0.000110056
2.39567e-05
-0.000115686
3.37934e-05
-0.000126267
4.90064e-05
-0.000146377
7.22613e-05
-0.000173237
0.000102116
-0.000199551
0.000139154
-0.000225061
0.000178813
-0.000225582
0.00022993
-0.000206279
0.000270155
-0.000122259
0.000272634
6.50494e-06
0.000233387
0.000107135
0.000188402
0.000137611
0.000152693
0.000132954
0.000127099
0.00012037
0.000108462
0.000108541
9.4345e-05
9.81807e-05
8.33555e-05
8.88988e-05
7.46526e-05
8.04818e-05
6.76858e-05
7.27959e-05
6.2063e-05
6.57592e-05
5.7497e-05
5.93107e-05
5.37708e-05
5.3414e-05
5.07098e-05
4.80628e-05
4.81653e-05
4.32623e-05
4.60112e-05
3.89523e-05
4.41487e-05
3.50058e-05
4.25198e-05
3.11872e-05
4.11095e-05
2.72666e-05
3.99308e-05
2.31358e-05
3.8996e-05
1.88645e-05
3.83024e-05
1.46402e-05
3.78329e-05
1.06592e-05
3.75641e-05
7.10564e-06
2.89387e-06
-8.09755e-06
5.08458e-07
-1.27514e-05
6.99279e-06
-1.89405e-05
-1.60574e-05
-6.13308e-05
-0.000239869
-3.59839e-05
-0.000275806
-1.36711e-05
-0.000149175
-5.5425e-06
-9.74464e-05
8.44126e-06
-0.00012404
2.31078e-05
-0.000130352
3.60568e-05
-0.000139217
4.7669e-05
-0.000157989
6.02449e-05
-0.000185813
5.97424e-05
-0.000199049
6.47971e-05
-0.000230115
7.90347e-05
-0.00023982
0.000114641
-0.000241885
0.000164292
-0.00017191
0.000215478
-4.46808e-05
0.000213872
0.000108741
0.000181338
0.000170144
0.000144986
0.000169306
0.000117938
0.000147419
9.92561e-05
0.000127222
8.56629e-05
0.000111774
7.52765e-05
9.92851e-05
6.71591e-05
8.85992e-05
6.07444e-05
7.92104e-05
5.5638e-05
7.08655e-05
5.1551e-05
6.33976e-05
4.82652e-05
5.66997e-05
4.56032e-05
5.07248e-05
4.34112e-05
4.54545e-05
4.1556e-05
4.08076e-05
3.99352e-05
3.66269e-05
3.84928e-05
3.263e-05
3.72214e-05
2.85382e-05
3.61457e-05
2.42116e-05
3.52937e-05
1.97166e-05
3.46714e-05
1.52626e-05
3.42579e-05
1.10727e-05
3.404e-05
7.32346e-06
2.92115e-06
-9.83336e-06
4.5608e-06
-1.40406e-05
1.12001e-05
-2.54421e-05
-4.65599e-06
-7.56204e-05
-0.00018969
-6.56897e-05
-0.000285737
-5.25022e-05
-0.000162363
-3.19081e-05
-0.000118041
-8.4491e-06
-0.000147499
1.75546e-05
-0.000156356
3.21743e-05
-0.000153837
3.43759e-05
-0.00016019
2.30589e-05
-0.000174496
-1.27999e-05
-0.00016319
-2.76378e-05
-0.000215277
-1.97988e-05
-0.000247659
8.46847e-06
-0.000270152
4.13632e-05
-0.000204805
9.8868e-05
-0.000102186
0.000145557
6.20517e-05
0.000145576
0.000170125
0.000123597
0.000191284
0.000101547
0.00016947
8.54358e-05
0.000143333
7.37964e-05
0.000123413
6.49128e-05
0.000108169
5.79651e-05
9.55468e-05
5.25025e-05
8.46729e-05
4.81996e-05
7.51684e-05
4.48089e-05
6.67881e-05
4.21337e-05
5.93748e-05
4.00051e-05
5.28534e-05
3.82688e-05
4.7191e-05
3.6788e-05
4.22887e-05
3.54597e-05
3.79556e-05
3.42339e-05
3.38562e-05
3.3118e-05
2.96543e-05
3.21553e-05
2.51743e-05
3.13885e-05
2.04834e-05
3.08339e-05
1.58172e-05
3.04845e-05
1.14221e-05
3.03273e-05
7.48053e-06
2.90516e-06
-1.02607e-05
8.48883e-06
-1.28667e-05
1.38061e-05
-2.26536e-05
5.13089e-06
-6.33383e-05
-0.000149005
-8.91018e-05
-0.000259974
-9.34307e-05
-0.000158034
-6.99961e-05
-0.000141475
-4.4795e-05
-0.000172701
-1.80012e-05
-0.00018315
-1.2191e-06
-0.000170619
1.28205e-06
-0.000162691
-2.35287e-05
-0.000149686
-6.98154e-05
-0.000116903
-7.06521e-05
-0.000214441
-6.41837e-05
-0.000254127
-5.62083e-05
-0.000278127
-3.39075e-05
-0.000227106
1.81174e-07
-0.000136275
6.65479e-05
-4.31517e-06
9.44302e-05
0.000142242
9.24023e-05
0.000193312
7.9573e-05
0.000182299
6.79123e-05
0.000154993
5.92317e-05
0.000132094
5.25383e-05
0.000114862
4.72418e-05
0.000100843
4.30711e-05
8.88435e-05
3.98251e-05
7.84143e-05
3.73304e-05
6.92828e-05
3.54276e-05
6.12777e-05
3.3962e-05
5.43192e-05
3.27807e-05
4.83725e-05
3.17445e-05
4.33249e-05
3.07516e-05
3.89487e-05
2.97635e-05
3.48445e-05
2.88094e-05
3.06084e-05
2.79598e-05
2.60239e-05
2.72798e-05
2.11633e-05
2.6797e-05
1.62999e-05
2.65103e-05
1.17089e-05
2.64199e-05
7.57088e-06
2.84513e-06
-1.12108e-05
1.13979e-05
-1.15965e-05
1.41918e-05
-1.74542e-05
1.09886e-05
-4.49311e-05
-0.000121529
-0.000106966
-0.000197939
-0.000122067
-0.000142932
-0.00011472
-0.000148822
-9.6312e-05
-0.000191109
-7.01078e-05
-0.000209354
-4.65895e-05
-0.000194137
-2.81931e-05
-0.000181088
-2.41504e-05
-0.000153728
-5.53754e-05
-8.56777e-05
-6.12364e-05
-0.00020858
-6.46611e-05
-0.000250702
-8.16496e-05
-0.000261139
-6.71934e-05
-0.000241562
-4.85497e-05
-0.000154918
5.48203e-07
-5.34133e-05
4.75909e-05
9.51993e-05
6.03576e-05
0.000180545
5.57423e-05
0.000186914
4.85673e-05
0.000162168
4.29963e-05
0.000137664
3.87391e-05
0.000119119
3.53474e-05
0.000104235
3.2682e-05
9.15088e-05
3.06757e-05
8.04207e-05
2.92373e-05
7.07211e-05
2.82468e-05
6.22682e-05
2.75616e-05
5.50046e-05
2.7026e-05
4.89081e-05
2.64945e-05
4.38564e-05
2.58695e-05
3.95739e-05
2.51297e-05
3.55843e-05
2.43346e-05
3.14033e-05
2.35887e-05
2.67697e-05
2.29848e-05
2.17671e-05
2.25695e-05
1.67154e-05
2.23477e-05
1.19308e-05
2.2326e-05
7.59256e-06
2.74263e-06
-6.4104e-06
1.56925e-05
-9.09746e-06
1.68789e-05
-1.54548e-05
1.73459e-05
-4.18508e-05
-9.51325e-05
-0.000124569
-0.00011522
-0.000156125
-0.000111376
-0.000138793
-0.000166153
-0.000104865
-0.000225037
-7.0208e-05
-0.000244011
-4.44284e-05
-0.000219916
-2.71465e-05
-0.00019837
-5.23135e-06
-0.000175643
9.00008e-06
-9.9909e-05
-3.08163e-05
-0.000168764
-4.59108e-05
-0.000235608
-7.09572e-05
-0.000236093
-5.9624e-05
-0.000252895
-4.81035e-05
-0.000166439
-1.58996e-05
-8.56174e-05
1.99537e-05
5.93459e-05
3.3236e-05
0.000167262
3.28129e-05
0.000187337
2.89471e-05
0.000166034
2.60224e-05
0.000140589
2.41035e-05
0.000121038
2.26592e-05
0.000105679
2.15803e-05
9.25877e-05
2.09216e-05
8.10793e-05
2.06612e-05
7.09816e-05
2.07071e-05
6.22225e-05
2.09134e-05
5.47984e-05
2.1109e-05
4.87125e-05
2.11326e-05
4.38329e-05
2.0891e-05
3.98154e-05
2.03916e-05
3.60837e-05
1.97362e-05
3.20588e-05
1.90742e-05
2.74317e-05
1.85294e-05
2.23121e-05
1.8168e-05
1.70769e-05
1.80071e-05
1.20917e-05
1.80575e-05
7.54235e-06
2.60077e-06
-1.56023e-07
1.58486e-05
-6.90404e-06
2.36269e-05
-1.65838e-05
2.70256e-05
-4.99314e-05
-6.17848e-05
-0.000132867
-3.2285e-05
-0.000150802
-9.3441e-05
-0.000132022
-0.000184933
-8.51586e-05
-0.000271901
-2.85492e-05
-0.00030062
4.0624e-07
-0.000248872
1.68977e-05
-0.000214861
3.50196e-05
-0.000193765
6.79213e-05
-0.000132811
1.85054e-05
-0.000119348
-1.63335e-05
-0.000200769
-4.39572e-05
-0.000208469
-5.99774e-05
-0.000236875
-4.37708e-05
-0.000182646
-1.65577e-05
-0.000112831
-7.14254e-08
4.28597e-05
9.33971e-06
0.000157851
1.05013e-05
0.000186176
9.28125e-06
0.000167254
8.78076e-06
0.000141089
9.02135e-06
0.000120797
9.37358e-06
0.000105327
9.78243e-06
9.21788e-05
1.04306e-05
8.04311e-05
1.13369e-05
7.00752e-05
1.24305e-05
6.11289e-05
1.35398e-05
5.36892e-05
1.44692e-05
4.77833e-05
1.50326e-05
4.32696e-05
1.51526e-05
3.96954e-05
1.48717e-05
3.63645e-05
1.43419e-05
3.25886e-05
1.37586e-05
2.8015e-05
1.3275e-05
2.27957e-05
1.29706e-05
1.73814e-05
1.28684e-05
1.21938e-05
1.29782e-05
7.4325e-06
2.43763e-06
-2.49322e-07
1.60979e-05
-7.3103e-06
3.06879e-05
-1.63158e-05
3.60311e-05
-6.24754e-05
-1.56251e-05
-0.00013437
3.96092e-05
-0.000162303
-6.55071e-05
-0.000145122
-0.000202115
-7.85349e-05
-0.000338489
1.57129e-05
-0.000394868
7.57318e-05
-0.000308891
0.0001037
-0.00024283
0.000108834
-0.000198899
0.000121526
-0.000145503
8.70413e-05
-8.48627e-05
1.25571e-05
-0.000126285
-2.27785e-05
-0.000173133
-4.80174e-05
-0.000211636
-2.93553e-05
-0.000201308
-2.15609e-05
-0.000120625
-1.84005e-05
3.96993e-05
-1.24277e-05
0.000151878
-1.05455e-05
0.000184293
-9.01602e-06
0.000165724
-6.65625e-06
0.000138729
-4.46935e-06
0.00011861
-2.64788e-06
0.000103505
-8.19377e-07
9.03503e-05
1.05839e-06
7.85534e-05
3.12326e-06
6.80104e-05
5.34015e-06
5.89121e-05
7.43997e-06
5.15893e-05
9.17758e-06
4.60456e-05
1.02795e-05
4.21675e-05
1.07042e-05
3.92707e-05
1.05527e-05
3.6516e-05
1.00582e-05
3.3083e-05
9.4755e-06
2.85978e-05
8.99912e-06
2.32722e-05
8.72164e-06
1.7659e-05
8.66136e-06
1.22542e-05
8.83034e-06
7.26335e-06
2.2583e-06
4.67246e-05
5.5469e-05
6.53149e-06
7.0881e-05
-1.39824e-05
5.6545e-05
-9.78146e-05
6.82071e-05
-0.000163188
0.000104983
-0.000190342
-3.83533e-05
-0.000180075
-0.000212382
-0.000113586
-0.000404978
-2.50739e-06
-0.000505947
0.000107007
-0.000418405
0.000196323
-0.000332146
0.000224336
-0.000226912
0.000211425
-0.000132592
0.000169589
-4.3027e-05
3.13642e-05
1.19399e-05
-1.02668e-05
-0.000131502
-3.39146e-05
-0.000187988
-3.83409e-05
-0.000196881
-5.22187e-05
-0.000106747
-5.8592e-05
4.60727e-05
-5.23931e-05
0.00014568
-4.26429e-05
0.000174543
-3.38901e-05
0.000156971
-2.71148e-05
0.000131954
-2.22409e-05
0.000113736
-1.838e-05
9.96444e-05
-1.48976e-05
8.68677e-05
-1.12847e-05
7.49402e-05
-7.38727e-06
6.41129e-05
-3.2241e-06
5.47489e-05
9.92775e-07
4.73725e-05
4.38754e-06
4.26509e-05
6.34384e-06
4.02112e-05
7.03967e-06
3.85749e-05
6.82246e-06
3.67332e-05
6.16421e-06
3.37412e-05
5.42032e-06
2.93417e-05
4.84455e-06
2.38478e-05
4.56521e-06
1.79384e-05
4.55841e-06
1.22611e-05
4.82411e-06
6.99757e-06
2.06809e-06
3.01834e-05
9.17513e-05
2.49547e-06
9.85689e-05
-2.74825e-05
8.65229e-05
-0.000118546
0.000159271
-0.000125128
0.000111565
-9.96611e-05
-6.38205e-05
-9.08075e-05
-0.000221236
-8.2051e-05
-0.000413734
-5.22924e-05
-0.000535705
-4.55597e-06
-0.000466142
0.000119652
-0.000456355
0.000197699
-0.000304958
0.000180746
-0.000115639
6.12787e-05
7.64404e-05
-8.83647e-06
8.20552e-05
-1.39207e-05
-0.000126418
-3.23034e-05
-0.000169606
-7.14883e-05
-0.000157697
-9.58852e-05
-8.235e-05
-0.000101662
5.185e-05
-9.0488e-05
0.000134505
-7.28884e-05
0.000156943
-5.73958e-05
0.000141479
-4.69353e-05
0.000121494
-4.00922e-05
0.000106893
-3.48712e-05
9.44234e-05
-3.01538e-05
8.21503e-05
-2.52121e-05
6.99986e-05
-1.94464e-05
5.83473e-05
-1.28689e-05
4.81715e-05
-6.37288e-06
4.08766e-05
-1.1933e-06
3.74713e-05
1.51634e-06
3.75016e-05
1.80535e-06
3.82859e-05
9.73981e-07
3.75646e-05
-7.52244e-08
3.47902e-05
-1.019e-06
3.02854e-05
-1.63948e-06
2.44681e-05
-1.9066e-06
1.82054e-05
-1.81197e-06
1.21665e-05
-1.55399e-06
6.73952e-06
1.9837e-06
-2.69134e-06
9.73979e-05
-3.93578e-06
9.98134e-05
-4.51033e-05
0.00012769
-6.02426e-05
0.00017441
-7.9255e-06
5.9248e-05
5.44916e-05
-0.000126238
6.74603e-05
-0.000234204
7.21698e-05
-0.000418443
3.58075e-05
-0.000499343
9.2619e-06
-0.000439596
-2.54445e-06
-0.000444548
-3.61384e-05
-0.000271364
-0.000103768
-4.80096e-05
-0.000148615
0.000121288
-4.37993e-05
-2.27611e-05
-2.55057e-05
-0.000144712
-6.10977e-05
-0.000134014
-0.000111372
-0.000107422
-0.000130255
-6.34675e-05
-0.000130539
5.21338e-05
-0.000115324
0.00011929
-9.32979e-05
0.000134917
-7.50969e-05
0.000123278
-6.35576e-05
0.000109954
-5.61778e-05
9.95136e-05
-5.05887e-05
8.88345e-05
-4.53838e-05
7.69455e-05
-3.93791e-05
6.39939e-05
-3.18906e-05
5.0859e-05
-2.30544e-05
3.93355e-05
-1.38606e-05
3.16828e-05
-6.22523e-06
2.98357e-05
-2.29036e-06
3.35668e-05
-2.54978e-06
3.85454e-05
-4.5408e-06
3.95555e-05
-6.51543e-06
3.67649e-05
-7.81639e-06
3.15864e-05
-8.40457e-06
2.50563e-05
-8.47918e-06
1.82799e-05
-8.32656e-06
1.20138e-05
-8.20616e-06
6.61897e-06
2.12478e-06
-2.66468e-05
7.78976e-05
-1.68298e-05
8.99964e-05
2.02507e-05
9.06099e-05
0.000113517
8.11436e-05
0.000200031
-2.72654e-05
0.000217624
-0.000143831
0.000168878
-0.000185458
0.000139855
-0.000389421
7.81457e-05
-0.000437633
1.38093e-05
-0.00037526
-6.77106e-05
-0.000363028
-0.000151236
-0.000187839
-0.000175886
-2.33588e-05
-9.72273e-05
4.26296e-05
-5.48771e-05
-6.51114e-05
-4.69411e-05
-0.000152648
-0.000179486
-1.4683e-06
-0.000138462
-0.000148447
-0.000139235
-6.26944e-05
-0.000137657
5.0556e-05
-0.000122124
0.000103757
-0.000101232
0.000114026
-8.53062e-05
0.000107352
-7.57677e-05
0.000100416
-6.9758e-05
9.3504e-05
-6.52812e-05
8.43577e-05
-6.11803e-05
7.28447e-05
-5.65823e-05
5.93959e-05
-5.03881e-05
4.46648e-05
-4.13913e-05
3.03388e-05
-2.98181e-05
2.01097e-05
-1.83806e-05
1.83983e-05
-1.07393e-05
2.59256e-05
-9.20051e-06
3.70068e-05
-1.14533e-05
4.18082e-05
-1.38296e-05
3.91411e-05
-1.52187e-05
3.29755e-05
-1.55964e-05
2.54341e-05
-1.53888e-05
1.80724e-05
-1.51268e-05
1.17519e-05
-1.51717e-05
6.66376e-06
2.37564e-06
-1.75091e-05
5.66168e-05
1.63287e-05
5.61586e-05
0.000114996
-8.05692e-06
0.000234812
-3.86724e-05
0.000300767
-9.32206e-05
0.000203969
-4.70332e-05
0.000187079
-0.000168568
0.000147402
-0.000349744
5.30047e-05
-0.000343236
-3.25522e-05
-0.000289703
-0.000124573
-0.000271007
-0.000186726
-0.000125686
-0.00016148
-4.86057e-05
-9.56941e-05
-2.31559e-05
-7.18825e-05
-8.89228e-05
-0.000128554
-9.59761e-05
-6.48801e-05
-6.51424e-05
-8.39778e-05
-0.000129349
-0.000120263
-2.64094e-05
-0.000126447
5.67402e-05
-0.000115184
9.24934e-05
-0.000100049
9.88914e-05
-8.96657e-05
9.69684e-05
-8.4115e-05
9.48654e-05
-8.13782e-05
9.07672e-05
-8.07901e-05
8.37696e-05
-8.19516e-05
7.40061e-05
-8.31162e-05
6.05607e-05
-8.10508e-05
4.25997e-05
-7.32101e-05
2.24982e-05
-5.9904e-05
6.80361e-06
-4.4183e-05
2.67747e-06
-3.05769e-05
1.23195e-05
-2.30812e-05
2.95114e-05
-2.20055e-05
4.07325e-05
-2.30811e-05
4.02168e-05
-2.35304e-05
3.34247e-05
-2.31751e-05
2.50787e-05
-2.24669e-05
1.73642e-05
-2.20998e-05
1.13846e-05
-2.22971e-05
6.86098e-06
2.64238e-06
5.09821e-05
2.11092e-05
0.000100052
7.0889e-06
0.00014834
-5.63454e-05
0.000186153
-7.64854e-05
0.000148624
-5.56913e-05
0.000142342
-4.07511e-05
0.000170136
-0.000196362
0.00011289
-0.000292497
6.48711e-06
-0.000236833
-6.33665e-05
-0.000219849
-0.000131694
-0.000202679
-0.000158565
-9.88153e-05
-0.000146066
-6.11044e-05
-8.88871e-05
-8.0335e-05
-7.09101e-05
-0.0001069
-0.000174906
8.01947e-06
-9.63242e-05
-0.000143724
-8.8975e-05
-0.000136698
-0.000107856
-7.52807e-06
-0.00011013
5.90149e-05
-0.000102979
8.53417e-05
-9.49364e-05
9.08489e-05
-9.08518e-05
9.28836e-05
-9.02926e-05
9.43063e-05
-9.29245e-05
9.33992e-05
-9.90554e-05
8.99006e-05
-0.000107096
8.20464e-05
-0.00011295
6.64152e-05
-0.000112742
4.23911e-05
-0.000105563
1.53193e-05
-9.22418e-05
-6.51711e-06
-7.48439e-05
-1.47201e-05
-5.66792e-05
-5.84496e-06
-4.26451e-05
1.54772e-05
-3.6023e-05
3.41105e-05
-3.4103e-05
3.82969e-05
-3.26591e-05
3.19809e-05
-3.1034e-05
2.34538e-05
-2.97376e-05
1.60679e-05
-2.93284e-05
1.09755e-05
-2.961e-05
7.14246e-06
2.8434e-06
0.000118077
-2.21388e-05
0.000143433
-1.82667e-05
0.000131341
-4.42541e-05
0.000114032
-5.91763e-05
0.000114604
-5.62629e-05
0.000170724
-9.68714e-05
0.000170289
-0.000195927
7.42653e-05
-0.000196474
-2.40002e-05
-0.000138568
-8.60034e-05
-0.000157846
-0.000144914
-0.000143768
-0.000146902
-9.68281e-05
-0.000112974
-9.50322e-05
-9.04151e-05
-0.000102894
-0.000140119
-5.71963e-05
-0.00010015
-3.19487e-05
-5.63657e-05
-0.000187509
-7.22231e-05
-0.000120841
-8.7087e-05
7.33578e-06
-9.22953e-05
6.42231e-05
-9.06056e-05
8.3652e-05
-8.92259e-05
8.94689e-05
-9.08624e-05
9.45201e-05
-9.56122e-05
9.90559e-05
-0.000104101
0.000101887
-0.000115545
0.000101345
-0.000126145
9.26464e-05
-0.000131635
7.19056e-05
-0.000130688
4.14443e-05
-0.000124031
8.66286e-06
-0.000112103
-1.84451e-05
-9.54068e-05
-3.14166e-05
-7.6719e-05
-2.45324e-05
-6.01885e-05
-1.05315e-06
-4.94097e-05
2.33317e-05
-4.43547e-05
3.32417e-05
-4.11593e-05
2.87855e-05
-3.84652e-05
2.07597e-05
-3.696e-05
1.45628e-05
-3.6688e-05
1.07033e-05
-3.69569e-05
7.41125e-06
2.91387e-06
0.000200562
-5.67776e-05
0.000220814
-3.85191e-05
0.00022071
-4.41495e-05
0.000212072
-5.0539e-05
0.000222525
-6.67158e-05
0.000238133
-0.000112479
0.000183594
-0.000141389
6.40989e-05
-7.69783e-05
-2.74441e-05
-4.70248e-05
-0.000104027
-8.1263e-05
-0.000135368
-0.000112428
-0.000117219
-0.000114976
-9.54973e-05
-0.000116754
-0.000114022
-8.43688e-05
-0.000161858
-9.36076e-06
-7.21124e-05
-0.000121694
-3.19813e-05
-0.00022764
-4.52151e-05
-0.000107607
-6.37106e-05
2.58314e-05
-7.55045e-05
7.6017e-05
-8.01367e-05
8.82842e-05
-8.44685e-05
9.38003e-05
-9.07684e-05
0.00010082
-9.97391e-05
0.000108026
-0.000111439
0.000113587
-0.00012339
0.000113295
-0.000131753
0.000101009
-0.000134897
7.50506e-05
-0.000133947
4.04941e-05
-0.000129105
3.82101e-06
-0.000119401
-2.81487e-05
-0.000104453
-4.63649e-05
-8.63165e-05
-4.26685e-05
-7.00472e-05
-1.73225e-05
-5.86651e-05
1.19498e-05
-5.19174e-05
2.64941e-05
-4.77341e-05
2.46023e-05
-4.48456e-05
1.78712e-05
-4.37863e-05
1.35034e-05
-4.39268e-05
1.08437e-05
-4.41324e-05
7.61685e-06
2.8244e-06
0.000284801
-7.66458e-05
0.000291392
-4.51105e-05
0.000288897
-4.16542e-05
0.000284395
-4.60374e-05
0.000283631
-6.59519e-05
0.000256848
-8.56955e-05
0.000167993
-5.25336e-05
9.31144e-05
-2.10022e-06
6.64869e-05
-2.03972e-05
3.80799e-05
-5.2856e-05
-1.39161e-05
-6.04316e-05
-2.99622e-05
-9.89303e-05
-1.39946e-05
-0.000132722
-4.34893e-05
-5.4874e-05
2.81632e-05
-8.10136e-05
8.58417e-05
-0.000179373
3.57169e-05
-0.000177515
-1.20137e-05
-5.98763e-05
-4.46425e-05
5.84602e-05
-6.3644e-05
9.50184e-05
-7.35877e-05
9.82277e-05
-8.18547e-05
0.000102067
-9.08504e-05
0.000109815
-0.000101089
0.000118265
-0.000111446
0.000123944
-0.000119082
0.000120932
-0.000122213
0.000104139
-0.000121983
7.48212e-05
-0.000120358
3.88695e-05
-0.00011729
7.52068e-07
-0.00011125
-3.41877e-05
-0.00010054
-5.70755e-05
-8.57671e-05
-5.7441e-05
-7.17156e-05
-3.13739e-05
-6.29082e-05
3.14234e-06
-5.72654e-05
2.08514e-05
-5.33246e-05
2.06615e-05
-5.10029e-05
1.55494e-05
-5.04963e-05
1.29967e-05
-5.07999e-05
1.11474e-05
-5.08048e-05
7.62174e-06
2.63518e-06
0.000235312
-8.82187e-05
0.00024673
-5.65283e-05
0.000214476
-9.40033e-06
0.000182902
-1.44633e-05
0.000144818
-2.78677e-05
0.000107411
-4.82893e-05
9.93924e-05
-4.45147e-05
0.000141446
-4.41536e-05
0.000228464
-0.000107416
0.000335517
-0.000159909
0.000434387
-0.000159301
0.000428398
-9.29403e-05
0.000359092
-6.34163e-05
0.000353964
-4.97458e-05
0.000322224
-4.92733e-05
0.000227712
-8.48605e-05
0.000107254
-5.70568e-05
9.80532e-06
3.75724e-05
-3.94067e-05
0.000107672
-6.15518e-05
0.000117164
-7.31797e-05
0.000109856
-8.22597e-05
0.000111147
-9.07502e-05
0.000118306
-9.82901e-05
0.000125805
-0.000103116
0.00012877
-0.000103471
0.000121286
-9.97977e-05
0.000100467
-9.45203e-05
6.95439e-05
-8.96826e-05
3.40319e-05
-8.68221e-05
-2.10834e-06
-8.41422e-05
-3.68674e-05
-8.01017e-05
-6.1116e-05
-7.36407e-05
-6.39019e-05
-6.6182e-05
-3.88325e-05
-6.23264e-05
-7.13281e-07
-6.03742e-05
1.88993e-05
-5.84121e-05
1.86995e-05
-5.72348e-05
1.4372e-05
-5.71517e-05
1.29136e-05
-5.72291e-05
1.12247e-05
-5.69874e-05
7.38001e-06
2.44532e-06
-4.32093e-05
-1.1646e-05
-9.31407e-05
-6.59687e-06
-0.000145006
4.24646e-05
-0.00016063
1.16112e-06
-0.000131573
-5.69249e-05
-7.1804e-05
-0.000108058
3.91707e-05
-0.000155489
0.000170565
-0.000175547
0.000240604
-0.000177456
0.000273485
-0.000192789
0.000292532
-0.000178349
0.000310153
-0.000110561
0.000305488
-5.87513e-05
0.000298663
-4.29211e-05
0.000269314
-1.99246e-05
0.000176695
7.7582e-06
5.41349e-05
6.55037e-05
-3.11339e-05
0.000122841
-6.21433e-05
0.000138682
-7.33631e-05
0.000128383
-7.97797e-05
0.000116272
-8.51876e-05
0.000116555
-8.93994e-05
0.000122517
-9.08921e-05
0.000127298
-8.80172e-05
0.000125895
-8.05525e-05
0.000113822
-7.04381e-05
9.03527e-05
-6.03366e-05
5.94425e-05
-5.21697e-05
2.58651e-05
-4.7104e-05
-7.17386e-06
-4.55471e-05
-3.84242e-05
-4.79482e-05
-5.87148e-05
-5.21792e-05
-5.96708e-05
-5.56213e-05
-3.53904e-05
-5.94494e-05
3.11489e-06
-6.14628e-05
2.09127e-05
-6.15717e-05
1.88084e-05
-6.17526e-05
1.45529e-05
-6.23952e-05
1.3556e-05
-6.26596e-05
1.1489e-05
-6.25901e-05
7.31047e-06
2.42551e-06
-0.000217065
2.48396e-05
-0.000261348
3.76866e-05
-0.000241517
2.26338e-05
-0.000224244
-1.61116e-05
-0.000214642
-6.65268e-05
-0.000193331
-0.00012937
-0.000162479
-0.000186341
-0.000129415
-0.000208611
-8.64496e-05
-0.000220421
-4.82422e-05
-0.000230997
-1.88925e-05
-0.000207699
1.24362e-06
-0.000130697
7.77857e-06
-6.5286e-05
8.56612e-07
-3.59993e-05
-2.49247e-05
5.85644e-06
-6.91379e-05
5.19717e-05
-0.000100125
9.64903e-05
-0.000107007
0.000129723
-0.000100919
0.000132593
-9.34116e-05
0.000120876
-8.94844e-05
0.000112345
-8.74811e-05
0.000114552
-8.47569e-05
0.000119793
-7.88668e-05
0.000121408
-6.84857e-05
0.000115514
-5.44903e-05
9.98265e-05
-3.94015e-05
7.5264e-05
-2.56358e-05
4.56769e-05
-1.49674e-05
1.51969e-05
-9.17494e-06
-1.29662e-05
-6.29688e-06
-4.13021e-05
-1.04527e-05
-5.45588e-05
-2.73591e-05
-4.27642e-05
-4.59204e-05
-1.68292e-05
-5.81636e-05
1.53581e-05
-6.28647e-05
2.56137e-05
-6.41809e-05
2.01247e-05
-6.56945e-05
1.60665e-05
-6.70551e-05
1.49166e-05
-6.7766e-05
1.21998e-05
-6.82123e-05
7.75669e-06
2.65038e-06
-0.000227793
5.49139e-05
-0.000236551
4.64452e-05
-0.000241293
2.73756e-05
-0.000248487
-8.91749e-06
-0.000253138
-6.1876e-05
-0.000259541
-0.000122967
-0.000275474
-0.000170408
-0.000282593
-0.000201492
-0.000273155
-0.000229859
-0.000237905
-0.000266247
-0.000178511
-0.000267092
-0.000135691
-0.000173517
-0.000131963
-6.90137e-05
-0.000149604
-1.83579e-05
-0.0001636
1.98517e-05
-0.000174689
6.30614e-05
-0.000174011
9.58124e-05
-0.000154229
0.000109941
-0.000128743
0.000107107
-0.000107661
9.97938e-05
-9.3839e-05
9.85236e-05
-8.38332e-05
0.000104546
-7.42706e-05
0.000110231
-6.25119e-05
0.000109649
-4.72221e-05
0.000100224
-2.97882e-05
8.23928e-05
-1.30115e-05
5.84873e-05
7.26568e-07
3.19388e-05
1.50314e-05
8.92218e-07
2.80221e-05
-2.59568e-05
2.91655e-05
-4.24455e-05
1.5585e-05
-4.09782e-05
-1.47585e-05
-1.24207e-05
-4.73117e-05
1.5724e-05
-6.37717e-05
3.18183e-05
-6.76373e-05
2.94793e-05
-6.8615e-05
2.11024e-05
-7.00155e-05
1.7467e-05
-7.13758e-05
1.6277e-05
-7.288e-05
1.37039e-05
-7.42864e-05
9.16303e-06
3.18527e-06
-0.000201415
7.75196e-05
-0.000211927
5.69571e-05
-0.00021984
3.52884e-05
-0.000225216
-3.54129e-06
-0.000226127
-6.09652e-05
-0.000226987
-0.000122108
-0.000235433
-0.000161962
-0.000258969
-0.000177956
-0.000290211
-0.000198618
-0.000310056
-0.000246401
-0.000281485
-0.000295664
-0.000226094
-0.000228908
-0.000202624
-9.24839e-05
-0.000214589
-6.39365e-06
-0.000225714
3.09769e-05
-0.000220072
5.74191e-05
-0.00019954
7.52803e-05
-0.000168155
7.85559e-05
-0.000134122
7.30745e-05
-0.000105387
7.10584e-05
-8.52067e-05
7.83436e-05
-7.14137e-05
9.07534e-05
-6.02678e-05
9.90851e-05
-4.77334e-05
9.71151e-05
-3.04087e-05
8.28991e-05
-1.02954e-05
6.22796e-05
1.07807e-05
3.7411e-05
3.21087e-05
1.06109e-05
5.05001e-05
-1.7499e-05
5.94999e-05
-3.49563e-05
3.99083e-05
-2.28538e-05
6.11474e-07
-1.68151e-06
-4.18544e-05
3.0045e-05
-7.01595e-05
4.40291e-05
-7.76325e-05
3.92913e-05
-7.66057e-05
2.84525e-05
-7.5539e-05
2.00356e-05
-7.56762e-05
1.76041e-05
-7.71504e-05
1.77512e-05
-7.98455e-05
1.6399e-05
-8.19956e-05
1.13133e-05
3.78199e-06
-0.000179589
0.000105575
-0.000188088
6.5457e-05
-0.000191455
3.86552e-05
-0.000192147
-2.84946e-06
-0.000185531
-6.75816e-05
-0.000175548
-0.000132091
-0.000182321
-0.000155188
-0.00020296
-0.000157316
-0.000247039
-0.00015454
-0.000305666
-0.000187774
-0.000329287
-0.000272042
-0.000289335
-0.00026886
-0.000243943
-0.000137876
-0.000228279
-2.20576e-05
-0.000225126
2.78238e-05
-0.000216711
4.90045e-05
-0.000190781
4.93495e-05
-0.000151674
3.94485e-05
-0.000108107
2.95084e-05
-6.82358e-05
3.11867e-05
-3.71029e-05
4.72109e-05
-1.80132e-05
7.16639e-05
-8.71661e-06
8.97884e-05
-1.07957e-06
8.94782e-05
1.3335e-05
6.84845e-05
3.25448e-05
4.30698e-05
5.01412e-05
1.98145e-05
5.66552e-05
4.09669e-06
4.27434e-05
-3.58748e-06
5.8258e-06
1.96133e-06
-4.19437e-05
2.49157e-05
-8.35801e-05
3.99548e-05
-0.000100798
4.72625e-05
-0.000101689
4.492e-05
-9.47254e-05
3.23282e-05
-8.64744e-05
2.02017e-05
-7.9946e-05
1.35075e-05
-7.62189e-05
1.38771e-05
-7.74718e-05
1.90039e-05
-8.29477e-05
2.18749e-05
-8.809e-05
1.64555e-05
5.63025e-06
-0.000132469
0.000174866
-0.000154539
8.75274e-05
-0.00015618
4.02959e-05
-0.00014575
-1.32794e-05
-0.000113507
-9.9825e-05
-7.93102e-05
-0.000166287
-0.000112844
-0.000121654
-0.000155077
-0.000115083
-0.000195996
-0.000113622
-0.000258576
-0.000125194
-0.000329089
-0.000201529
-0.000346821
-0.000251128
-0.000306398
-0.000178299
-0.000264867
-6.35882e-05
-0.000234133
-2.90955e-06
-0.000212293
2.71636e-05
-0.000192849
2.99056e-05
-0.000180456
2.70549e-05
-0.00018018
2.92332e-05
-0.000183196
3.4202e-05
-0.000173247
3.72621e-05
-0.000145102
4.35189e-05
-0.000106362
5.10484e-05
-7.15428e-05
5.46592e-05
-5.14891e-05
4.84305e-05
-4.49857e-05
3.65662e-05
-5.19135e-05
2.67424e-05
-6.97353e-05
2.19185e-05
-9.60006e-05
2.26776e-05
-0.000122154
2.81147e-05
-0.000135027
3.77886e-05
-0.000139996
4.49237e-05
-0.000135629
4.28948e-05
-0.000122754
3.20451e-05
-0.000107497
1.70711e-05
-9.29195e-05
5.62443e-06
-8.13467e-05
1.93492e-06
-7.65967e-05
9.12731e-06
-8.34098e-05
2.58171e-05
-9.72486e-05
3.57137e-05
-0.000104922
2.4129e-05
6.28447e-06
5.01255e-05
0.000244056
-2.8023e-05
0.000165676
-6.1504e-05
7.37769e-05
-2.69615e-05
-4.78219e-05
2.87212e-05
-0.000155508
1.54114e-05
-0.000152978
-6.34511e-05
-4.27918e-05
-0.000129808
-4.87259e-05
-0.000177469
-6.59603e-05
-0.000229856
-7.28065e-05
-0.000317447
-0.000113938
-0.000395664
-0.000172911
-0.000398066
-0.000175896
-0.000371217
-9.04371e-05
-0.000365949
-8.17794e-06
-0.000351506
1.27206e-05
-0.000344939
2.33382e-05
-0.000341335
2.3451e-05
-0.000331795
1.96939e-05
-0.000316793
1.91997e-05
-0.00029953
1.99991e-05
-0.00027781
2.17984e-05
-0.000252876
2.61143e-05
-0.000230023
3.18065e-05
-0.000213131
3.15382e-05
-0.000203545
2.698e-05
-0.000200762
2.39593e-05
-0.000202887
2.40435e-05
-0.000203073
2.28629e-05
-0.000198062
2.31036e-05
-0.00018759
2.73168e-05
-0.000173445
3.07786e-05
-0.000159002
2.84513e-05
-0.000141918
1.49614e-05
-0.000122193
-2.65342e-06
-0.000104362
-1.22062e-05
-8.69838e-05
-1.54437e-05
-7.03484e-05
-7.50804e-06
-6.73814e-05
2.28502e-05
-8.69078e-05
5.52399e-05
-0.000105264
4.24853e-05
1.21546e-05
0.000251267
6.66094e-06
0.000382778
3.4165e-05
0.000429427
2.7128e-05
0.000366718
1.48863e-05
0.000200477
1.07336e-05
1.47455e-05
3.27539e-05
-4.89883e-05
2.09419e-05
-9.90131e-05
1.29887e-06
-0.000149866
-1.51074e-05
-0.000199123
-2.35494e-05
-0.000275387
-3.76746e-05
-0.000376739
-7.15595e-05
-0.00045556
-9.70755e-05
-0.000465208
-8.07891e-05
-0.000455626
-1.77595e-05
-0.000443545
6.39423e-07
-0.000432981
1.27738e-05
-0.000423179
1.3649e-05
-0.000407066
3.58104e-06
-0.000389406
1.53947e-06
-0.000369945
5.38684e-07
-0.00035902
1.08735e-05
-0.000346972
1.4066e-05
-0.000327827
1.26607e-05
-0.00030734
1.10517e-05
-0.00028923
8.86938e-06
-0.000271663
6.392e-06
-0.000253349
5.72983e-06
-0.000235333
4.84678e-06
-0.00021684
4.60982e-06
-0.000201684
1.21611e-05
-0.000186333
1.54276e-05
-0.000175282
1.73997e-05
-0.000172894
1.25738e-05
-0.000184756
9.2089e-06
-0.000206744
9.78203e-06
-0.000230082
7.89414e-06
-0.000232042
-5.54785e-06
-0.0002044
-4.79158e-06
-0.000167591
1.84309e-05
-0.000150093
2.4987e-05
9.00267e-06
-0.000203549
-0.000169384
-0.000142256
-0.00012737
-0.000116637
-8.38826e-05
-6.29407e-05
-6.16418e-05
-7.67492e-05
-0.000100299
-0.000137973
-0.000209533
-0.000306608
-0.000387397
-0.000405157
-0.000404518
-0.000391744
-0.000378095
-0.000374514
-0.000372974
-0.000372436
-0.000361562
-0.000347496
-0.000334836
-0.000323784
-0.000314915
-0.000308523
-0.000302793
-0.000297946
-0.000293337
-0.000281176
-0.000265748
-0.000248348
-0.000235774
-0.000226565
-0.000216783
-0.000208889
-0.000214437
-0.000219229
-0.000200798
-0.000175811
)
;

boundaryField
{
    leftWall
    {
        type            calculated;
        value           uniform 0;
    }
    rightWall
    {
        type            calculated;
        value           uniform 0;
    }
    lowerWall
    {
        type            calculated;
        value           uniform 0;
    }
    atmosphere
    {
        type            calculated;
        value           nonuniform List<scalar> 
44
(
6.68192e-05
6.69084e-05
6.61004e-05
6.53703e-05
6.46833e-05
6.36877e-05
6.25954e-05
6.12899e-05
5.98156e-05
5.81441e-05
5.62824e-05
5.4218e-05
5.19432e-05
4.94669e-05
4.67817e-05
4.3887e-05
4.07994e-05
3.75057e-05
3.40125e-05
3.03433e-05
2.648e-05
2.24284e-05
1.81993e-05
1.31415e-05
9.00961e-06
5.01418e-06
-1.46961e-06
-8.34731e-06
-1.54226e-05
-2.25639e-05
-2.98111e-05
-3.70273e-05
-4.4043e-05
-5.06157e-05
-5.67976e-05
-6.25703e-05
-6.84373e-05
-7.48213e-05
-8.25924e-05
-8.99383e-05
-0.000105577
-0.000111134
-0.000146941
-0.000166808
)
;
    }
    frontAndBack
    {
        type            empty;
    }
}


// ************************************************************************* //
