/*--------------------------------*- C++ -*----------------------------------*\
  =========                 |
  \\      /  F ield         | OpenFOAM: The Open Source CFD Toolbox
   \\    /   O peration     | Website:  https://openfoam.org
    \\  /    A nd           | Version:  13
     \\/     M anipulation  |
\*---------------------------------------------------------------------------*/
FoamFile
{
    format      ascii;
    class       volScalarField;
    location    "0.0095";
    object      T;
}
// * * * * * * * * * * * * * * * * * * * * * * * * * * * * * * * * * * * * * //

dimensions      [0 0 0 1 0 0 0];

internalField   nonuniform List<scalar> 
8000
(
1800.41
1799.2
1798.9
1798.42
1798.01
1797.6
1797.2
1796.81
1796.42
1796.04
1795.66
1795.25
1794.83
1794.39
1793.93
1793.47
1793
1792.54
1792.08
1791.63
1791.17
1790.7
1790.22
1789.73
1789.22
1788.7
1788.18
1787.66
1787.15
1786.64
1786.15
1785.65
1785.15
1784.65
1784.15
1783.64
1783.12
1782.61
1782.09
1781.58
1781.07
1780.55
1780.03
1779.5
1778.94
1778.37
1777.77
1777.15
1776.51
1775.85
1775.18
1774.49
1773.79
1773.08
1772.37
1771.64
1770.9
1770.15
1769.38
1768.58
1767.76
1766.92
1766.04
1765.14
1764.21
1763.25
1762.26
1761.25
1760.21
1759.14
1758.05
1756.92
1755.76
1754.57
1753.34
1752.08
1750.78
1749.43
1748.04
1746.6
1745.12
1743.58
1742
1740.36
1738.66
1736.9
1735.08
1733.19
1731.23
1729.19
1727.08
1724.88
1722.59
1720.2
1717.72
1715.11
1712.4
1709.55
1706.57
1703.43
1700.14
1696.68
1693.03
1689.17
1685.11
1680.78
1676.2
1671.29
1666.08
1660.45
1654.43
1647.86
1640.78
1632.93
1624.4
1614.75
1604.15
1591.87
1578.27
1562.12
1800.41
1799.21
1798.91
1798.43
1798.02
1797.6
1797.2
1796.81
1796.43
1796.05
1795.66
1795.25
1794.83
1794.39
1793.93
1793.47
1793
1792.54
1792.09
1791.63
1791.17
1790.71
1790.23
1789.73
1789.22
1788.7
1788.18
1787.67
1787.16
1786.65
1786.15
1785.66
1785.16
1784.66
1784.15
1783.64
1783.13
1782.61
1782.1
1781.58
1781.07
1780.55
1780.03
1779.49
1778.94
1778.37
1777.77
1777.15
1776.51
1775.85
1775.17
1774.48
1773.79
1773.08
1772.36
1771.64
1770.9
1770.15
1769.37
1768.58
1767.76
1766.91
1766.04
1765.14
1764.21
1763.25
1762.27
1761.25
1760.21
1759.14
1758.05
1756.92
1755.77
1754.57
1753.35
1752.08
1750.78
1749.43
1748.04
1746.61
1745.12
1743.59
1742
1740.36
1738.66
1736.9
1735.08
1733.19
1731.24
1729.2
1727.09
1724.89
1722.6
1720.21
1717.72
1715.12
1712.4
1709.55
1706.57
1703.44
1700.15
1696.69
1693.04
1689.19
1685.12
1680.79
1676.21
1671.31
1666.1
1660.47
1654.45
1647.87
1640.79
1632.94
1624.41
1614.75
1604.14
1591.84
1578.2
1561.99
1800.42
1799.22
1798.92
1798.44
1798.03
1797.62
1797.22
1796.82
1796.44
1796.05
1795.66
1795.25
1794.83
1794.39
1793.93
1793.47
1793
1792.54
1792.09
1791.63
1791.18
1790.71
1790.23
1789.74
1789.23
1788.71
1788.19
1787.68
1787.17
1786.67
1786.17
1785.67
1785.18
1784.67
1784.17
1783.65
1783.14
1782.62
1782.11
1781.59
1781.08
1780.56
1780.03
1779.49
1778.94
1778.37
1777.77
1777.15
1776.51
1775.85
1775.17
1774.48
1773.79
1773.08
1772.36
1771.64
1770.9
1770.15
1769.37
1768.58
1767.76
1766.91
1766.04
1765.14
1764.21
1763.25
1762.27
1761.26
1760.22
1759.15
1758.05
1756.93
1755.77
1754.58
1753.35
1752.09
1750.79
1749.44
1748.05
1746.62
1745.13
1743.6
1742.01
1740.37
1738.67
1736.92
1735.1
1733.21
1731.25
1729.21
1727.1
1724.9
1722.61
1720.23
1717.74
1715.14
1712.42
1709.57
1706.59
1703.46
1700.17
1696.71
1693.06
1689.21
1685.14
1680.82
1676.24
1671.34
1666.12
1660.5
1654.48
1647.9
1640.82
1632.97
1624.43
1614.77
1604.12
1591.79
1578.07
1561.76
1800.43
1799.24
1798.93
1798.46
1798.05
1797.64
1797.23
1796.84
1796.45
1796.06
1795.66
1795.25
1794.83
1794.39
1793.93
1793.47
1793.01
1792.55
1792.09
1791.64
1791.18
1790.72
1790.24
1789.74
1789.24
1788.73
1788.21
1787.7
1787.19
1786.69
1786.19
1785.69
1785.19
1784.69
1784.18
1783.67
1783.15
1782.63
1782.12
1781.6
1781.08
1780.56
1780.03
1779.49
1778.94
1778.36
1777.76
1777.14
1776.5
1775.84
1775.17
1774.48
1773.78
1773.08
1772.36
1771.64
1770.9
1770.14
1769.37
1768.57
1767.76
1766.91
1766.04
1765.14
1764.21
1763.25
1762.27
1761.26
1760.22
1759.16
1758.06
1756.94
1755.78
1754.59
1753.36
1752.1
1750.8
1749.45
1748.07
1746.63
1745.15
1743.61
1742.03
1740.39
1738.69
1736.93
1735.11
1733.23
1731.27
1729.23
1727.12
1724.92
1722.64
1720.25
1717.76
1715.16
1712.44
1709.59
1706.61
1703.48
1700.2
1696.73
1693.09
1689.24
1685.17
1680.85
1676.27
1671.37
1666.16
1660.54
1654.52
1647.95
1640.86
1633.01
1624.45
1614.78
1604.1
1591.72
1577.9
1561.43
1800.44
1799.26
1798.95
1798.48
1798.07
1797.66
1797.25
1796.85
1796.46
1796.06
1795.66
1795.25
1794.82
1794.38
1793.93
1793.47
1793.01
1792.55
1792.1
1791.64
1791.19
1790.72
1790.24
1789.75
1789.25
1788.74
1788.23
1787.72
1787.21
1786.71
1786.21
1785.71
1785.22
1784.71
1784.2
1783.69
1783.17
1782.65
1782.13
1781.61
1781.09
1780.57
1780.04
1779.49
1778.93
1778.36
1777.76
1777.14
1776.5
1775.84
1775.16
1774.48
1773.78
1773.08
1772.36
1771.63
1770.89
1770.14
1769.37
1768.57
1767.75
1766.91
1766.04
1765.14
1764.21
1763.26
1762.27
1761.27
1760.23
1759.16
1758.07
1756.95
1755.79
1754.6
1753.38
1752.12
1750.81
1749.47
1748.08
1746.65
1745.17
1743.63
1742.05
1740.41
1738.72
1736.96
1735.14
1733.25
1731.29
1729.26
1727.15
1724.95
1722.66
1720.28
1717.79
1715.19
1712.47
1709.62
1706.65
1703.51
1700.23
1696.77
1693.13
1689.28
1685.21
1680.89
1676.32
1671.42
1666.21
1660.59
1654.57
1648
1640.91
1633.06
1624.48
1614.8
1604.07
1591.63
1577.67
1561.02
1800.45
1799.29
1798.97
1798.5
1798.1
1797.68
1797.28
1796.87
1796.47
1796.07
1795.67
1795.25
1794.82
1794.38
1793.93
1793.47
1793.01
1792.56
1792.1
1791.65
1791.19
1790.73
1790.25
1789.77
1789.27
1788.76
1788.25
1787.74
1787.24
1786.74
1786.24
1785.74
1785.24
1784.74
1784.23
1783.71
1783.19
1782.67
1782.15
1781.63
1781.1
1780.58
1780.04
1779.49
1778.93
1778.35
1777.75
1777.13
1776.49
1775.83
1775.16
1774.47
1773.78
1773.07
1772.36
1771.63
1770.89
1770.14
1769.36
1768.57
1767.75
1766.9
1766.03
1765.14
1764.21
1763.26
1762.28
1761.27
1760.24
1759.18
1758.08
1756.96
1755.81
1754.62
1753.4
1752.13
1750.83
1749.49
1748.1
1746.67
1745.19
1743.66
1742.08
1740.44
1738.74
1736.99
1735.17
1733.28
1731.33
1729.29
1727.18
1724.98
1722.7
1720.31
1717.82
1715.22
1712.51
1709.66
1706.68
1703.55
1700.27
1696.81
1693.17
1689.32
1685.26
1680.94
1676.37
1671.47
1666.26
1660.65
1654.63
1648.07
1640.97
1633.12
1624.53
1614.83
1604.04
1591.53
1577.41
1560.52
1800.46
1799.31
1798.99
1798.52
1798.13
1797.71
1797.3
1796.89
1796.49
1796.08
1795.67
1795.25
1794.82
1794.38
1793.93
1793.47
1793.02
1792.56
1792.11
1791.65
1791.2
1790.74
1790.26
1789.78
1789.28
1788.78
1788.28
1787.77
1787.27
1786.77
1786.27
1785.77
1785.27
1784.76
1784.25
1783.74
1783.22
1782.69
1782.17
1781.64
1781.12
1780.59
1780.05
1779.49
1778.93
1778.34
1777.74
1777.12
1776.48
1775.83
1775.15
1774.47
1773.78
1773.07
1772.36
1771.63
1770.89
1770.13
1769.36
1768.56
1767.74
1766.9
1766.03
1765.14
1764.22
1763.27
1762.29
1761.28
1760.25
1759.19
1758.1
1756.98
1755.83
1754.64
1753.42
1752.16
1750.86
1749.52
1748.13
1746.7
1745.22
1743.69
1742.11
1740.47
1738.78
1737.02
1735.21
1733.32
1731.36
1729.33
1727.22
1725.02
1722.74
1720.35
1717.86
1715.26
1712.55
1709.7
1706.73
1703.6
1700.32
1696.86
1693.22
1689.37
1685.31
1681
1676.43
1671.54
1666.33
1660.72
1654.69
1648.14
1641.03
1633.19
1624.57
1614.86
1604.01
1591.41
1577.11
1559.96
1800.47
1799.33
1799.01
1798.55
1798.16
1797.74
1797.33
1796.92
1796.5
1796.09
1795.67
1795.25
1794.82
1794.38
1793.93
1793.48
1793.02
1792.57
1792.11
1791.66
1791.21
1790.74
1790.27
1789.79
1789.3
1788.8
1788.3
1787.8
1787.3
1786.8
1786.3
1785.8
1785.3
1784.79
1784.28
1783.76
1783.24
1782.72
1782.19
1781.66
1781.13
1780.6
1780.05
1779.5
1778.93
1778.34
1777.74
1777.11
1776.47
1775.82
1775.15
1774.47
1773.77
1773.07
1772.35
1771.63
1770.89
1770.13
1769.35
1768.56
1767.74
1766.9
1766.03
1765.14
1764.22
1763.27
1762.3
1761.3
1760.27
1759.21
1758.12
1757
1755.85
1754.66
1753.44
1752.18
1750.88
1749.54
1748.16
1746.73
1745.25
1743.72
1742.14
1740.51
1738.82
1737.06
1735.25
1733.36
1731.41
1729.37
1727.26
1725.07
1722.78
1720.4
1717.91
1715.31
1712.6
1709.75
1706.77
1703.65
1700.37
1696.91
1693.28
1689.43
1685.37
1681.06
1676.49
1671.61
1666.4
1660.79
1654.77
1648.22
1641.11
1633.27
1624.63
1614.9
1603.99
1591.29
1576.78
1559.32
1800.48
1799.35
1799.03
1798.58
1798.19
1797.77
1797.36
1796.94
1796.52
1796.1
1795.67
1795.25
1794.81
1794.37
1793.93
1793.48
1793.03
1792.57
1792.12
1791.67
1791.21
1790.75
1790.28
1789.8
1789.32
1788.83
1788.33
1787.83
1787.34
1786.84
1786.34
1785.84
1785.33
1784.83
1784.31
1783.79
1783.27
1782.74
1782.22
1781.68
1781.15
1780.61
1780.06
1779.5
1778.92
1778.33
1777.73
1777.11
1776.47
1775.81
1775.15
1774.46
1773.77
1773.07
1772.35
1771.63
1770.88
1770.13
1769.35
1768.56
1767.74
1766.9
1766.03
1765.14
1764.23
1763.28
1762.31
1761.31
1760.28
1759.23
1758.14
1757.02
1755.87
1754.69
1753.47
1752.21
1750.91
1749.58
1748.19
1746.76
1745.29
1743.76
1742.18
1740.55
1738.86
1737.11
1735.29
1733.41
1731.45
1729.42
1727.31
1725.11
1722.83
1720.44
1717.96
1715.36
1712.64
1709.8
1706.83
1703.7
1700.42
1696.97
1693.33
1689.49
1685.44
1681.13
1676.56
1671.68
1666.47
1660.87
1654.85
1648.31
1641.19
1633.35
1624.69
1614.95
1603.96
1591.17
1576.44
1558.63
1800.49
1799.37
1799.06
1798.6
1798.21
1797.8
1797.38
1796.96
1796.53
1796.11
1795.68
1795.25
1794.81
1794.37
1793.93
1793.48
1793.03
1792.58
1792.13
1791.67
1791.22
1790.76
1790.29
1789.82
1789.34
1788.85
1788.36
1787.87
1787.37
1786.87
1786.38
1785.87
1785.37
1784.86
1784.34
1783.82
1783.3
1782.77
1782.24
1781.71
1781.17
1780.62
1780.06
1779.5
1778.92
1778.33
1777.72
1777.1
1776.46
1775.81
1775.14
1774.46
1773.77
1773.07
1772.35
1771.63
1770.88
1770.13
1769.35
1768.56
1767.74
1766.9
1766.04
1765.15
1764.23
1763.29
1762.32
1761.33
1760.3
1759.25
1758.16
1757.05
1755.9
1754.72
1753.5
1752.24
1750.95
1749.61
1748.23
1746.8
1745.33
1743.8
1742.22
1740.59
1738.9
1737.15
1735.34
1733.45
1731.5
1729.47
1727.36
1725.16
1722.88
1720.49
1718.01
1715.41
1712.7
1709.85
1706.88
1703.76
1700.48
1697.03
1693.4
1689.56
1685.5
1681.2
1676.63
1671.76
1666.55
1660.96
1654.94
1648.4
1641.28
1633.44
1624.76
1615
1603.94
1591.04
1576.07
1557.89
1800.5
1799.39
1799.08
1798.63
1798.24
1797.82
1797.41
1796.98
1796.55
1796.12
1795.68
1795.25
1794.81
1794.37
1793.93
1793.48
1793.03
1792.58
1792.13
1791.68
1791.22
1790.76
1790.3
1789.83
1789.35
1788.87
1788.39
1787.9
1787.41
1786.91
1786.41
1785.91
1785.4
1784.89
1784.38
1783.86
1783.33
1782.8
1782.27
1781.73
1781.18
1780.63
1780.07
1779.5
1778.92
1778.33
1777.72
1777.09
1776.45
1775.8
1775.14
1774.46
1773.77
1773.07
1772.35
1771.63
1770.89
1770.13
1769.35
1768.56
1767.74
1766.9
1766.04
1765.15
1764.24
1763.3
1762.34
1761.34
1760.32
1759.27
1758.19
1757.07
1755.93
1754.75
1753.53
1752.27
1750.98
1749.64
1748.26
1746.84
1745.36
1743.84
1742.26
1740.63
1738.94
1737.19
1735.38
1733.5
1731.55
1729.52
1727.41
1725.21
1722.92
1720.54
1718.06
1715.46
1712.75
1709.91
1706.93
1703.81
1700.54
1697.09
1693.46
1689.62
1685.57
1681.27
1676.71
1671.84
1666.64
1661.05
1655.02
1648.49
1641.37
1633.53
1624.83
1615.06
1603.92
1590.92
1575.69
1557.11
1800.51
1799.41
1799.1
1798.65
1798.26
1797.85
1797.43
1797
1796.56
1796.13
1795.69
1795.25
1794.81
1794.37
1793.93
1793.48
1793.04
1792.59
1792.14
1791.69
1791.23
1790.77
1790.31
1789.84
1789.37
1788.9
1788.42
1787.93
1787.44
1786.95
1786.45
1785.95
1785.44
1784.93
1784.41
1783.89
1783.36
1782.83
1782.29
1781.75
1781.2
1780.65
1780.08
1779.51
1778.92
1778.32
1777.71
1777.09
1776.45
1775.8
1775.14
1774.46
1773.77
1773.07
1772.36
1771.63
1770.89
1770.13
1769.35
1768.56
1767.74
1766.91
1766.05
1765.16
1764.25
1763.32
1762.35
1761.36
1760.34
1759.29
1758.21
1757.1
1755.96
1754.78
1753.56
1752.31
1751.01
1749.68
1748.3
1746.87
1745.4
1743.88
1742.31
1740.68
1738.99
1737.24
1735.43
1733.55
1731.59
1729.56
1727.45
1725.26
1722.97
1720.59
1718.11
1715.51
1712.8
1709.96
1706.99
1703.87
1700.59
1697.15
1693.52
1689.69
1685.64
1681.34
1676.78
1671.92
1666.72
1661.14
1655.12
1648.59
1641.46
1633.63
1624.91
1615.12
1603.91
1590.8
1575.31
1556.29
1800.52
1799.42
1799.11
1798.67
1798.29
1797.87
1797.45
1797.02
1796.58
1796.13
1795.69
1795.25
1794.81
1794.37
1793.93
1793.49
1793.04
1792.59
1792.14
1791.69
1791.23
1790.78
1790.32
1789.86
1789.39
1788.92
1788.44
1787.96
1787.48
1786.98
1786.49
1785.98
1785.47
1784.96
1784.44
1783.92
1783.39
1782.86
1782.32
1781.77
1781.22
1780.66
1780.09
1779.51
1778.92
1778.32
1777.71
1777.08
1776.44
1775.8
1775.13
1774.46
1773.77
1773.07
1772.36
1771.63
1770.89
1770.13
1769.36
1768.56
1767.75
1766.91
1766.05
1765.17
1764.26
1763.33
1762.37
1761.38
1760.37
1759.32
1758.24
1757.13
1755.99
1754.81
1753.59
1752.34
1751.04
1749.71
1748.33
1746.91
1745.44
1743.92
1742.34
1740.72
1739.03
1737.28
1735.47
1733.59
1731.64
1729.61
1727.5
1725.31
1723.02
1720.64
1718.15
1715.56
1712.85
1710.01
1707.04
1703.93
1700.65
1697.21
1693.58
1689.76
1685.71
1681.42
1676.86
1672
1666.81
1661.23
1655.21
1648.69
1641.56
1633.73
1625
1615.19
1603.91
1590.69
1574.92
1555.44
1800.53
1799.44
1799.13
1798.69
1798.31
1797.89
1797.47
1797.03
1796.59
1796.14
1795.69
1795.25
1794.81
1794.37
1793.93
1793.49
1793.05
1792.6
1792.15
1791.7
1791.24
1790.78
1790.33
1789.87
1789.41
1788.94
1788.47
1787.99
1787.51
1787.02
1786.52
1786.02
1785.51
1784.99
1784.47
1783.95
1783.42
1782.89
1782.35
1781.8
1781.24
1780.68
1780.1
1779.52
1778.92
1778.32
1777.7
1777.08
1776.44
1775.79
1775.13
1774.46
1773.77
1773.08
1772.36
1771.64
1770.89
1770.14
1769.36
1768.57
1767.75
1766.92
1766.06
1765.18
1764.28
1763.35
1762.39
1761.4
1760.39
1759.34
1758.27
1757.16
1756.01
1754.83
1753.62
1752.37
1751.07
1749.74
1748.36
1746.94
1745.47
1743.95
1742.38
1740.75
1739.07
1737.32
1735.51
1733.63
1731.68
1729.65
1727.55
1725.35
1723.07
1720.69
1718.2
1715.61
1712.9
1710.06
1707.09
1703.98
1700.71
1697.27
1693.65
1689.82
1685.78
1681.49
1676.94
1672.09
1666.89
1661.32
1655.31
1648.8
1641.67
1633.84
1625.09
1615.27
1603.92
1590.59
1574.54
1554.56
1800.53
1799.45
1799.14
1798.71
1798.33
1797.91
1797.49
1797.05
1796.6
1796.15
1795.7
1795.25
1794.81
1794.37
1793.93
1793.49
1793.05
1792.6
1792.15
1791.7
1791.24
1790.79
1790.33
1789.88
1789.42
1788.96
1788.5
1788.02
1787.54
1787.05
1786.56
1786.05
1785.54
1785.03
1784.51
1783.98
1783.45
1782.91
1782.37
1781.82
1781.26
1780.69
1780.11
1779.52
1778.93
1778.32
1777.7
1777.08
1776.44
1775.79
1775.13
1774.46
1773.78
1773.08
1772.37
1771.64
1770.9
1770.14
1769.37
1768.57
1767.76
1766.92
1766.07
1765.19
1764.29
1763.36
1762.41
1761.42
1760.41
1759.36
1758.29
1757.18
1756.04
1754.86
1753.65
1752.39
1751.1
1749.77
1748.39
1746.97
1745.5
1743.99
1742.42
1740.79
1739.11
1737.36
1735.55
1733.67
1731.72
1729.7
1727.59
1725.4
1723.11
1720.73
1718.25
1715.66
1712.95
1710.12
1707.15
1704.04
1700.77
1697.33
1693.71
1689.89
1685.85
1681.57
1677.02
1672.17
1666.98
1661.42
1655.41
1648.9
1641.77
1633.95
1625.19
1615.35
1603.93
1590.5
1574.15
1553.66
1800.54
1799.46
1799.15
1798.72
1798.34
1797.93
1797.5
1797.06
1796.61
1796.16
1795.7
1795.25
1794.81
1794.37
1793.93
1793.5
1793.06
1792.61
1792.16
1791.71
1791.25
1790.8
1790.34
1789.89
1789.44
1788.98
1788.52
1788.05
1787.57
1787.09
1786.59
1786.09
1785.57
1785.06
1784.54
1784.01
1783.48
1782.94
1782.4
1781.84
1781.28
1780.71
1780.12
1779.53
1778.93
1778.32
1777.7
1777.07
1776.44
1775.79
1775.13
1774.47
1773.78
1773.09
1772.38
1771.65
1770.91
1770.15
1769.37
1768.58
1767.76
1766.93
1766.08
1765.2
1764.3
1763.37
1762.42
1761.44
1760.43
1759.39
1758.31
1757.2
1756.06
1754.88
1753.67
1752.42
1751.13
1749.8
1748.42
1747
1745.53
1744.02
1742.45
1740.82
1739.14
1737.4
1735.59
1733.71
1731.76
1729.74
1727.63
1725.44
1723.15
1720.78
1718.29
1715.7
1713
1710.17
1707.2
1704.09
1700.82
1697.39
1693.77
1689.96
1685.92
1681.65
1677.1
1672.26
1667.07
1661.52
1655.51
1649.01
1641.89
1634.07
1625.3
1615.44
1603.97
1590.43
1573.78
1552.75
1800.55
1799.47
1799.16
1798.74
1798.36
1797.94
1797.52
1797.08
1796.62
1796.17
1795.71
1795.25
1794.81
1794.37
1793.93
1793.5
1793.06
1792.61
1792.16
1791.71
1791.25
1790.8
1790.35
1789.9
1789.45
1789
1788.54
1788.08
1787.6
1787.12
1786.62
1786.12
1785.61
1785.09
1784.57
1784.04
1783.51
1782.97
1782.42
1781.87
1781.3
1780.72
1780.14
1779.54
1778.93
1778.32
1777.7
1777.07
1776.44
1775.79
1775.14
1774.47
1773.79
1773.09
1772.38
1771.66
1770.92
1770.16
1769.38
1768.58
1767.77
1766.94
1766.09
1765.21
1764.31
1763.39
1762.44
1761.46
1760.45
1759.4
1758.33
1757.22
1756.08
1754.91
1753.69
1752.44
1751.15
1749.82
1748.45
1747.03
1745.56
1744.05
1742.48
1740.85
1739.17
1737.43
1735.62
1733.75
1731.8
1729.77
1727.67
1725.48
1723.2
1720.82
1718.34
1715.75
1713.04
1710.22
1707.25
1704.15
1700.88
1697.45
1693.84
1690.03
1685.99
1681.72
1677.18
1672.35
1667.17
1661.62
1655.61
1649.12
1642
1634.19
1625.41
1615.54
1604.01
1590.37
1573.42
1551.84
1800.56
1799.48
1799.17
1798.75
1798.37
1797.96
1797.53
1797.09
1796.64
1796.17
1795.71
1795.26
1794.81
1794.37
1793.94
1793.5
1793.06
1792.62
1792.17
1791.72
1791.26
1790.81
1790.36
1789.91
1789.47
1789.02
1788.57
1788.11
1787.63
1787.15
1786.65
1786.15
1785.64
1785.12
1784.6
1784.07
1783.54
1783
1782.45
1781.89
1781.32
1780.74
1780.15
1779.55
1778.94
1778.33
1777.7
1777.08
1776.44
1775.8
1775.14
1774.48
1773.8
1773.1
1772.39
1771.67
1770.92
1770.16
1769.39
1768.59
1767.78
1766.95
1766.09
1765.22
1764.32
1763.4
1762.45
1761.47
1760.46
1759.42
1758.35
1757.24
1756.1
1754.93
1753.71
1752.46
1751.17
1749.84
1748.47
1747.05
1745.59
1744.07
1742.51
1740.88
1739.2
1737.46
1735.66
1733.78
1731.83
1729.81
1727.71
1725.52
1723.24
1720.86
1718.38
1715.8
1713.09
1710.27
1707.3
1704.2
1700.94
1697.52
1693.9
1690.1
1686.07
1681.8
1677.26
1672.44
1667.26
1661.72
1655.72
1649.24
1642.12
1634.31
1625.53
1615.65
1604.07
1590.33
1573.08
1550.91
1800.56
1799.48
1799.18
1798.76
1798.38
1797.97
1797.54
1797.1
1796.64
1796.18
1795.72
1795.26
1794.81
1794.37
1793.94
1793.51
1793.07
1792.62
1792.17
1791.72
1791.26
1790.81
1790.36
1789.92
1789.48
1789.04
1788.59
1788.13
1787.66
1787.18
1786.68
1786.18
1785.67
1785.15
1784.63
1784.1
1783.56
1783.02
1782.47
1781.91
1781.34
1780.76
1780.16
1779.56
1778.95
1778.33
1777.71
1777.08
1776.44
1775.8
1775.15
1774.48
1773.8
1773.11
1772.4
1771.67
1770.93
1770.17
1769.39
1768.6
1767.79
1766.95
1766.1
1765.23
1764.33
1763.41
1762.46
1761.48
1760.47
1759.44
1758.36
1757.26
1756.12
1754.94
1753.73
1752.48
1751.19
1749.86
1748.49
1747.07
1745.61
1744.1
1742.53
1740.91
1739.23
1737.49
1735.69
1733.82
1731.87
1729.85
1727.74
1725.56
1723.28
1720.9
1718.43
1715.84
1713.14
1710.32
1707.36
1704.26
1701
1697.58
1693.97
1690.17
1686.14
1681.88
1677.35
1672.53
1667.36
1661.83
1655.83
1649.36
1642.24
1634.44
1625.66
1615.77
1604.14
1590.31
1572.76
1549.99
1800.57
1799.49
1799.19
1798.77
1798.39
1797.98
1797.56
1797.11
1796.65
1796.19
1795.72
1795.27
1794.82
1794.38
1793.94
1793.51
1793.07
1792.63
1792.18
1791.73
1791.27
1790.82
1790.37
1789.93
1789.49
1789.06
1788.61
1788.16
1787.69
1787.21
1786.71
1786.21
1785.7
1785.18
1784.65
1784.13
1783.59
1783.05
1782.5
1781.93
1781.36
1780.77
1780.18
1779.57
1778.96
1778.34
1777.71
1777.08
1776.45
1775.8
1775.15
1774.49
1773.81
1773.12
1772.41
1771.68
1770.94
1770.18
1769.4
1768.61
1767.79
1766.96
1766.11
1765.23
1764.34
1763.42
1762.47
1761.49
1760.49
1759.45
1758.38
1757.27
1756.13
1754.96
1753.75
1752.5
1751.21
1749.88
1748.51
1747.09
1745.63
1744.12
1742.56
1740.94
1739.26
1737.52
1735.72
1733.85
1731.9
1729.88
1727.78
1725.6
1723.32
1720.95
1718.47
1715.89
1713.19
1710.37
1707.41
1704.32
1701.06
1697.64
1694.04
1690.24
1686.22
1681.97
1677.44
1672.62
1667.46
1661.93
1655.94
1649.48
1642.37
1634.57
1625.79
1615.89
1604.23
1590.31
1572.46
1549.08
1800.57
1799.49
1799.19
1798.78
1798.4
1797.99
1797.56
1797.12
1796.66
1796.2
1795.73
1795.27
1794.82
1794.38
1793.95
1793.52
1793.08
1792.64
1792.19
1791.73
1791.28
1790.82
1790.38
1789.94
1789.51
1789.07
1788.63
1788.18
1787.71
1787.23
1786.74
1786.24
1785.72
1785.2
1784.68
1784.15
1783.62
1783.07
1782.52
1781.96
1781.38
1780.79
1780.19
1779.58
1778.96
1778.34
1777.72
1777.09
1776.45
1775.81
1775.16
1774.5
1773.82
1773.13
1772.42
1771.69
1770.95
1770.19
1769.41
1768.61
1767.8
1766.96
1766.11
1765.24
1764.34
1763.42
1762.48
1761.5
1760.5
1759.46
1758.39
1757.29
1756.15
1754.97
1753.76
1752.51
1751.23
1749.9
1748.53
1747.11
1745.65
1744.14
1742.58
1740.96
1739.29
1737.55
1735.75
1733.88
1731.94
1729.92
1727.82
1725.64
1723.36
1720.99
1718.52
1715.94
1713.24
1710.42
1707.47
1704.38
1701.12
1697.71
1694.11
1690.32
1686.3
1682.05
1677.53
1672.72
1667.56
1662.04
1656.06
1649.6
1642.5
1634.71
1625.93
1616.03
1604.33
1590.32
1572.19
1548.18
1800.58
1799.5
1799.2
1798.79
1798.41
1798
1797.57
1797.13
1796.67
1796.2
1795.74
1795.27
1794.82
1794.39
1793.95
1793.52
1793.09
1792.64
1792.19
1791.74
1791.28
1790.83
1790.39
1789.95
1789.52
1789.09
1788.65
1788.2
1787.74
1787.26
1786.77
1786.26
1785.75
1785.23
1784.71
1784.18
1783.64
1783.1
1782.54
1781.98
1781.4
1780.81
1780.21
1779.59
1778.97
1778.35
1777.72
1777.09
1776.46
1775.82
1775.17
1774.5
1773.83
1773.14
1772.43
1771.7
1770.96
1770.19
1769.41
1768.62
1767.8
1766.97
1766.12
1765.25
1764.35
1763.43
1762.49
1761.51
1760.51
1759.47
1758.4
1757.3
1756.16
1754.99
1753.78
1752.53
1751.24
1749.92
1748.55
1747.13
1745.67
1744.16
1742.6
1740.99
1739.32
1737.58
1735.78
1733.91
1731.97
1729.96
1727.86
1725.68
1723.4
1721.04
1718.56
1715.99
1713.29
1710.48
1707.53
1704.44
1701.19
1697.78
1694.18
1690.4
1686.38
1682.14
1677.62
1672.82
1667.66
1662.15
1656.18
1649.73
1642.63
1634.85
1626.08
1616.17
1604.45
1590.36
1571.94
1547.29
1800.59
1799.5
1799.2
1798.8
1798.42
1798.01
1797.58
1797.14
1796.68
1796.21
1795.74
1795.28
1794.83
1794.39
1793.96
1793.53
1793.09
1792.65
1792.2
1791.74
1791.29
1790.84
1790.39
1789.96
1789.53
1789.1
1788.67
1788.22
1787.76
1787.29
1786.79
1786.29
1785.78
1785.26
1784.73
1784.2
1783.67
1783.12
1782.57
1782
1781.42
1780.83
1780.22
1779.61
1778.98
1778.36
1777.73
1777.1
1776.46
1775.82
1775.17
1774.51
1773.84
1773.15
1772.44
1771.71
1770.96
1770.2
1769.42
1768.62
1767.81
1766.97
1766.12
1765.25
1764.36
1763.44
1762.49
1761.52
1760.52
1759.48
1758.41
1757.31
1756.17
1755
1753.79
1752.54
1751.26
1749.93
1748.56
1747.15
1745.69
1744.19
1742.63
1741.02
1739.34
1737.61
1735.81
1733.95
1732.01
1730
1727.9
1725.72
1723.45
1721.08
1718.61
1716.04
1713.35
1710.53
1707.59
1704.5
1701.25
1697.85
1694.26
1690.47
1686.46
1682.23
1677.71
1672.92
1667.77
1662.27
1656.3
1649.86
1642.77
1635
1626.23
1616.32
1604.58
1590.42
1571.73
1546.42
1800.59
1799.5
1799.2
1798.8
1798.42
1798.02
1797.59
1797.15
1796.69
1796.22
1795.75
1795.29
1794.83
1794.4
1793.96
1793.53
1793.1
1792.66
1792.21
1791.75
1791.29
1790.84
1790.4
1789.97
1789.54
1789.12
1788.69
1788.24
1787.79
1787.31
1786.82
1786.32
1785.8
1785.28
1784.76
1784.23
1783.69
1783.15
1782.59
1782.02
1781.44
1780.84
1780.24
1779.62
1779
1778.37
1777.74
1777.11
1776.47
1775.83
1775.18
1774.52
1773.85
1773.15
1772.44
1771.72
1770.97
1770.21
1769.43
1768.63
1767.81
1766.98
1766.13
1765.25
1764.36
1763.44
1762.5
1761.53
1760.52
1759.49
1758.42
1757.32
1756.19
1755.01
1753.81
1752.56
1751.27
1749.95
1748.58
1747.17
1745.72
1744.21
1742.65
1741.04
1739.37
1737.64
1735.85
1733.98
1732.05
1730.03
1727.94
1725.76
1723.49
1721.13
1718.66
1716.09
1713.4
1710.59
1707.65
1704.56
1701.32
1697.92
1694.33
1690.56
1686.55
1682.32
1677.81
1673.02
1667.88
1662.39
1656.43
1649.99
1642.91
1635.14
1626.38
1616.47
1604.72
1590.49
1571.55
1545.58
1800.6
1799.51
1799.2
1798.81
1798.43
1798.02
1797.6
1797.15
1796.69
1796.22
1795.75
1795.29
1794.84
1794.4
1793.97
1793.54
1793.11
1792.66
1792.21
1791.76
1791.3
1790.85
1790.41
1789.98
1789.56
1789.13
1788.7
1788.26
1787.81
1787.33
1786.84
1786.34
1785.83
1785.31
1784.78
1784.25
1783.71
1783.17
1782.61
1782.04
1781.46
1780.86
1780.25
1779.63
1779.01
1778.38
1777.75
1777.12
1776.48
1775.84
1775.19
1774.53
1773.85
1773.16
1772.45
1771.72
1770.98
1770.21
1769.43
1768.63
1767.81
1766.98
1766.13
1765.26
1764.36
1763.45
1762.5
1761.53
1760.53
1759.5
1758.43
1757.33
1756.2
1755.03
1753.82
1752.57
1751.29
1749.97
1748.6
1747.19
1745.74
1744.23
1742.68
1741.07
1739.4
1737.67
1735.88
1734.02
1732.08
1730.07
1727.98
1725.81
1723.54
1721.18
1718.71
1716.15
1713.46
1710.65
1707.71
1704.63
1701.39
1698
1694.41
1690.64
1686.64
1682.41
1677.91
1673.13
1667.99
1662.5
1656.55
1650.13
1643.05
1635.29
1626.54
1616.64
1604.87
1590.59
1571.39
1544.76
1800.61
1799.51
1799.21
1798.82
1798.44
1798.03
1797.61
1797.16
1796.7
1796.23
1795.76
1795.3
1794.85
1794.41
1793.98
1793.55
1793.11
1792.67
1792.22
1791.76
1791.31
1790.86
1790.42
1789.99
1789.57
1789.15
1788.72
1788.28
1787.83
1787.36
1786.87
1786.36
1785.85
1785.33
1784.8
1784.27
1783.74
1783.19
1782.63
1782.06
1781.48
1780.88
1780.27
1779.65
1779.02
1778.39
1777.76
1777.12
1776.49
1775.85
1775.2
1774.54
1773.86
1773.17
1772.46
1771.73
1770.98
1770.22
1769.44
1768.64
1767.82
1766.98
1766.13
1765.26
1764.37
1763.45
1762.51
1761.54
1760.54
1759.51
1758.44
1757.35
1756.21
1755.04
1753.83
1752.59
1751.31
1749.99
1748.62
1747.21
1745.76
1744.26
1742.71
1741.1
1739.43
1737.71
1735.92
1734.06
1732.12
1730.12
1728.03
1725.85
1723.59
1721.23
1718.77
1716.2
1713.52
1710.71
1707.77
1704.7
1701.46
1698.07
1694.49
1690.72
1686.73
1682.51
1678.01
1673.23
1668.1
1662.62
1656.68
1650.26
1643.2
1635.45
1626.71
1616.8
1605.04
1590.7
1571.28
1543.97
1800.61
1799.51
1799.21
1798.82
1798.44
1798.04
1797.61
1797.17
1796.71
1796.24
1795.77
1795.3
1794.85
1794.41
1793.98
1793.55
1793.12
1792.68
1792.23
1791.77
1791.32
1790.87
1790.43
1790
1789.58
1789.16
1788.74
1788.3
1787.85
1787.38
1786.89
1786.38
1785.87
1785.35
1784.82
1784.29
1783.76
1783.21
1782.65
1782.08
1781.5
1780.89
1780.28
1779.66
1779.03
1778.4
1777.77
1777.13
1776.49
1775.85
1775.2
1774.54
1773.87
1773.18
1772.47
1771.74
1770.99
1770.22
1769.44
1768.64
1767.82
1766.99
1766.14
1765.27
1764.37
1763.46
1762.52
1761.55
1760.55
1759.52
1758.46
1757.36
1756.23
1755.06
1753.85
1752.61
1751.33
1750.01
1748.64
1747.24
1745.79
1744.29
1742.73
1741.13
1739.46
1737.74
1735.95
1734.09
1732.16
1730.16
1728.07
1725.9
1723.64
1721.28
1718.82
1716.26
1713.57
1710.77
1707.84
1704.77
1701.54
1698.15
1694.57
1690.81
1686.81
1682.6
1678.11
1673.34
1668.21
1662.74
1656.8
1650.39
1643.34
1635.6
1626.87
1616.97
1605.21
1590.82
1571.19
1543.2
1800.62
1799.51
1799.21
1798.83
1798.45
1798.05
1797.62
1797.18
1796.72
1796.25
1795.78
1795.31
1794.86
1794.42
1793.99
1793.56
1793.13
1792.69
1792.24
1791.78
1791.33
1790.88
1790.44
1790.01
1789.59
1789.18
1788.75
1788.32
1787.87
1787.4
1786.91
1786.41
1785.89
1785.37
1784.85
1784.32
1783.78
1783.23
1782.67
1782.1
1781.51
1780.91
1780.3
1779.67
1779.04
1778.41
1777.77
1777.14
1776.5
1775.86
1775.21
1774.55
1773.88
1773.18
1772.47
1771.74
1771
1770.23
1769.45
1768.64
1767.83
1766.99
1766.14
1765.27
1764.38
1763.47
1762.53
1761.56
1760.56
1759.53
1758.47
1757.37
1756.24
1755.07
1753.87
1752.63
1751.35
1750.03
1748.66
1747.26
1745.81
1744.31
1742.76
1741.16
1739.5
1737.77
1735.99
1734.13
1732.2
1730.2
1728.11
1725.95
1723.68
1721.33
1718.87
1716.31
1713.63
1710.84
1707.9
1704.83
1701.61
1698.22
1694.65
1690.89
1686.9
1682.69
1678.2
1673.44
1668.32
1662.85
1656.92
1650.52
1643.48
1635.74
1627.03
1617.13
1605.38
1590.96
1571.13
1542.48
1800.62
1799.51
1799.21
1798.84
1798.45
1798.05
1797.63
1797.19
1796.73
1796.26
1795.78
1795.32
1794.87
1794.43
1794
1793.57
1793.14
1792.69
1792.24
1791.79
1791.33
1790.88
1790.45
1790.02
1789.6
1789.19
1788.77
1788.34
1787.89
1787.42
1786.93
1786.43
1785.91
1785.39
1784.87
1784.34
1783.8
1783.25
1782.69
1782.12
1781.53
1780.93
1780.31
1779.69
1779.05
1778.42
1777.78
1777.15
1776.51
1775.87
1775.22
1774.56
1773.88
1773.19
1772.48
1771.75
1771
1770.24
1769.45
1768.65
1767.83
1767
1766.15
1765.28
1764.39
1763.47
1762.53
1761.57
1760.57
1759.54
1758.48
1757.39
1756.26
1755.09
1753.88
1752.64
1751.37
1750.05
1748.69
1747.28
1745.84
1744.34
1742.79
1741.19
1739.53
1737.81
1736.02
1734.17
1732.24
1730.24
1728.16
1725.99
1723.73
1721.38
1718.93
1716.37
1713.69
1710.9
1707.97
1704.9
1701.68
1698.29
1694.72
1690.97
1686.99
1682.78
1678.29
1673.54
1668.42
1662.96
1657.04
1650.64
1643.61
1635.88
1627.18
1617.29
1605.55
1591.1
1571.1
1541.78
1800.63
1799.51
1799.22
1798.84
1798.46
1798.06
1797.64
1797.2
1796.74
1796.27
1795.8
1795.33
1794.88
1794.44
1794
1793.58
1793.15
1792.7
1792.26
1791.8
1791.34
1790.89
1790.46
1790.03
1789.62
1789.2
1788.79
1788.35
1787.91
1787.44
1786.95
1786.45
1785.93
1785.41
1784.89
1784.36
1783.82
1783.27
1782.71
1782.14
1781.55
1780.94
1780.33
1779.7
1779.07
1778.43
1777.79
1777.16
1776.52
1775.87
1775.22
1774.56
1773.89
1773.2
1772.49
1771.76
1771.01
1770.24
1769.46
1768.66
1767.84
1767
1766.15
1765.28
1764.39
1763.48
1762.54
1761.58
1760.58
1759.56
1758.5
1757.4
1756.27
1755.11
1753.9
1752.66
1751.39
1750.07
1748.71
1747.31
1745.86
1744.37
1742.82
1741.22
1739.56
1737.84
1736.06
1734.21
1732.28
1730.28
1728.2
1726.04
1723.78
1721.43
1718.98
1716.42
1713.75
1710.96
1708.03
1704.97
1701.74
1698.36
1694.8
1691.04
1687.06
1682.86
1678.38
1673.63
1668.52
1663.06
1657.15
1650.76
1643.73
1636.02
1627.33
1617.45
1605.72
1591.25
1571.1
1541.14
1800.63
1799.51
1799.22
1798.85
1798.47
1798.06
1797.64
1797.2
1796.74
1796.27
1795.8
1795.34
1794.88
1794.44
1794.01
1793.58
1793.15
1792.71
1792.26
1791.81
1791.35
1790.9
1790.47
1790.04
1789.63
1789.22
1788.8
1788.37
1787.92
1787.45
1786.97
1786.47
1785.95
1785.43
1784.91
1784.37
1783.84
1783.29
1782.73
1782.15
1781.56
1780.96
1780.34
1779.71
1779.08
1778.44
1777.8
1777.16
1776.52
1775.88
1775.23
1774.57
1773.9
1773.21
1772.49
1771.76
1771.02
1770.25
1769.46
1768.66
1767.84
1767.01
1766.16
1765.29
1764.4
1763.49
1762.55
1761.59
1760.59
1759.57
1758.51
1757.42
1756.29
1755.12
1753.92
1752.68
1751.4
1750.09
1748.73
1747.33
1745.89
1744.39
1742.85
1741.25
1739.59
1737.88
1736.09
1734.24
1732.32
1730.32
1728.24
1726.08
1723.83
1721.48
1719.03
1716.48
1713.8
1711.01
1708.09
1705.03
1701.81
1698.43
1694.86
1691.11
1687.14
1682.94
1678.46
1673.71
1668.61
1663.16
1657.25
1650.87
1643.85
1636.14
1627.46
1617.59
1605.88
1591.4
1571.14
1540.58
1800.64
1799.52
1799.22
1798.86
1798.47
1798.07
1797.65
1797.21
1796.75
1796.29
1795.81
1795.35
1794.89
1794.45
1794.02
1793.59
1793.16
1792.72
1792.28
1791.82
1791.36
1790.92
1790.48
1790.06
1789.64
1789.23
1788.82
1788.39
1787.94
1787.47
1786.99
1786.48
1785.97
1785.45
1784.92
1784.39
1783.85
1783.31
1782.75
1782.17
1781.58
1780.97
1780.35
1779.72
1779.09
1778.45
1777.81
1777.17
1776.53
1775.89
1775.24
1774.58
1773.9
1773.21
1772.5
1771.77
1771.02
1770.26
1769.47
1768.67
1767.85
1767.02
1766.17
1765.3
1764.41
1763.5
1762.56
1761.6
1760.61
1759.58
1758.52
1757.43
1756.3
1755.14
1753.94
1752.7
1751.42
1750.11
1748.75
1747.36
1745.91
1744.42
1742.88
1741.28
1739.62
1737.91
1736.13
1734.28
1732.36
1730.36
1728.29
1726.13
1723.87
1721.53
1719.08
1716.53
1713.86
1711.07
1708.14
1705.08
1701.87
1698.49
1694.93
1691.18
1687.2
1683.01
1678.53
1673.78
1668.69
1663.24
1657.34
1650.97
1643.96
1636.26
1627.59
1617.73
1606.04
1591.56
1571.2
1540.12
1800.64
1799.52
1799.22
1798.86
1798.48
1798.08
1797.66
1797.22
1796.76
1796.29
1795.82
1795.35
1794.9
1794.46
1794.02
1793.6
1793.17
1792.73
1792.28
1791.83
1791.37
1790.93
1790.49
1790.07
1789.65
1789.24
1788.83
1788.4
1787.95
1787.49
1787
1786.5
1785.99
1785.47
1784.94
1784.41
1783.87
1783.32
1782.76
1782.18
1781.59
1780.98
1780.36
1779.73
1779.1
1778.46
1777.82
1777.18
1776.54
1775.9
1775.25
1774.59
1773.91
1773.22
1772.51
1771.78
1771.03
1770.26
1769.48
1768.68
1767.86
1767.03
1766.18
1765.31
1764.42
1763.51
1762.57
1761.61
1760.62
1759.59
1758.53
1757.44
1756.32
1755.15
1753.95
1752.72
1751.44
1750.13
1748.77
1747.38
1745.93
1744.44
1742.9
1741.31
1739.65
1737.94
1736.16
1734.32
1732.4
1730.4
1728.33
1726.17
1723.92
1721.57
1719.12
1716.57
1713.9
1711.12
1708.19
1705.14
1701.92
1698.55
1694.98
1691.24
1687.26
1683.07
1678.6
1673.86
1668.77
1663.33
1657.43
1651.06
1644.06
1636.37
1627.71
1617.87
1606.21
1591.73
1571.3
1539.82
1800.65
1799.52
1799.23
1798.87
1798.49
1798.09
1797.67
1797.23
1796.77
1796.3
1795.83
1795.36
1794.9
1794.46
1794.03
1793.61
1793.18
1792.74
1792.29
1791.84
1791.38
1790.94
1790.5
1790.08
1789.66
1789.25
1788.84
1788.41
1787.97
1787.5
1787.02
1786.52
1786
1785.48
1784.95
1784.42
1783.88
1783.33
1782.77
1782.2
1781.6
1781
1780.37
1779.74
1779.11
1778.47
1777.83
1777.19
1776.55
1775.9
1775.25
1774.59
1773.92
1773.23
1772.52
1771.79
1771.04
1770.27
1769.49
1768.69
1767.87
1767.04
1766.18
1765.31
1764.43
1763.52
1762.58
1761.62
1760.63
1759.6
1758.55
1757.46
1756.33
1755.17
1753.97
1752.74
1751.46
1750.15
1748.8
1747.4
1745.96
1744.47
1742.93
1741.34
1739.68
1737.97
1736.19
1734.35
1732.43
1730.44
1728.36
1726.21
1723.96
1721.62
1719.17
1716.62
1713.95
1711.17
1708.24
1705.19
1701.97
1698.6
1695.04
1691.29
1687.32
1683.13
1678.67
1673.93
1668.85
1663.41
1657.52
1651.16
1644.17
1636.49
1627.85
1618.03
1606.39
1591.92
1571.44
1539.7
1800.65
1799.53
1799.23
1798.87
1798.49
1798.09
1797.67
1797.23
1796.77
1796.3
1795.82
1795.36
1794.9
1794.46
1794.04
1793.61
1793.18
1792.74
1792.29
1791.84
1791.39
1790.94
1790.5
1790.08
1789.67
1789.26
1788.84
1788.42
1787.98
1787.51
1787.03
1786.52
1786.01
1785.49
1784.96
1784.43
1783.89
1783.34
1782.78
1782.2
1781.61
1781
1780.38
1779.75
1779.12
1778.48
1777.84
1777.19
1776.55
1775.91
1775.26
1774.6
1773.93
1773.23
1772.52
1771.79
1771.05
1770.28
1769.49
1768.69
1767.87
1767.04
1766.19
1765.32
1764.43
1763.52
1762.59
1761.63
1760.64
1759.61
1758.56
1757.47
1756.34
1755.18
1753.99
1752.75
1751.48
1750.17
1748.82
1747.42
1745.98
1744.49
1742.95
1741.36
1739.71
1738
1736.22
1734.38
1732.46
1730.47
1728.4
1726.24
1723.99
1721.65
1719.21
1716.66
1714
1711.21
1708.29
1705.24
1702.03
1698.66
1695.1
1691.35
1687.39
1683.21
1678.75
1674.02
1668.94
1663.5
1657.6
1651.23
1644.25
1636.58
1627.96
1618.15
1606.53
1592.08
1571.59
1539.78
1800.66
1799.54
1799.23
1798.87
1798.49
1798.1
1797.68
1797.23
1796.77
1796.3
1795.83
1795.36
1794.91
1794.47
1794.04
1793.62
1793.19
1792.75
1792.3
1791.85
1791.39
1790.95
1790.51
1790.09
1789.68
1789.27
1788.85
1788.42
1787.98
1787.52
1787.03
1786.53
1786.02
1785.5
1784.97
1784.44
1783.9
1783.35
1782.79
1782.21
1781.62
1781.01
1780.39
1779.76
1779.12
1778.48
1777.84
1777.2
1776.56
1775.92
1775.27
1774.6
1773.93
1773.24
1772.53
1771.8
1771.05
1770.28
1769.5
1768.7
1767.88
1767.04
1766.19
1765.32
1764.44
1763.53
1762.6
1761.64
1760.65
1759.63
1758.57
1757.48
1756.36
1755.2
1754
1752.77
1751.5
1750.19
1748.84
1747.44
1746
1744.52
1742.98
1741.39
1739.74
1738.03
1736.25
1734.41
1732.5
1730.51
1728.43
1726.28
1724.03
1721.69
1719.25
1716.71
1714.05
1711.27
1708.35
1705.31
1702.1
1698.74
1695.19
1691.45
1687.5
1683.32
1678.87
1674.15
1669.08
1663.65
1657.77
1651.42
1644.45
1636.8
1628.19
1618.4
1606.82
1592.41
1571.87
1540.22
1800.66
1799.54
1799.23
1798.87
1798.49
1798.1
1797.68
1797.23
1796.77
1796.3
1795.83
1795.36
1794.91
1794.47
1794.04
1793.62
1793.19
1792.75
1792.3
1791.85
1791.39
1790.95
1790.51
1790.09
1789.67
1789.26
1788.85
1788.42
1787.98
1787.52
1787.03
1786.53
1786.02
1785.49
1784.97
1784.44
1783.9
1783.35
1782.79
1782.22
1781.63
1781.02
1780.4
1779.77
1779.13
1778.49
1777.85
1777.2
1776.56
1775.92
1775.27
1774.61
1773.93
1773.24
1772.53
1771.8
1771.06
1770.29
1769.5
1768.7
1767.88
1767.04
1766.19
1765.33
1764.44
1763.54
1762.6
1761.65
1760.66
1759.64
1758.58
1757.5
1756.37
1755.21
1754.02
1752.79
1751.52
1750.21
1748.86
1747.46
1746.02
1744.54
1743
1741.41
1739.76
1738.05
1736.28
1734.44
1732.52
1730.53
1728.45
1726.3
1724.05
1721.72
1719.28
1716.74
1714.08
1711.3
1708.39
1705.35
1702.15
1698.8
1695.26
1691.53
1687.58
1683.41
1678.96
1674.23
1669.16
1663.75
1657.89
1651.57
1644.62
1636.98
1628.38
1618.59
1607.03
1592.65
1572.08
1540.6
1800.66
1799.55
1799.24
1798.88
1798.5
1798.1
1797.68
1797.24
1796.78
1796.31
1795.84
1795.37
1794.92
1794.48
1794.05
1793.63
1793.2
1792.76
1792.31
1791.86
1791.41
1790.96
1790.52
1790.1
1789.69
1789.28
1788.86
1788.43
1787.99
1787.52
1787.04
1786.54
1786.02
1785.5
1784.97
1784.44
1783.9
1783.36
1782.8
1782.22
1781.63
1781.02
1780.4
1779.77
1779.13
1778.49
1777.85
1777.21
1776.57
1775.92
1775.27
1774.61
1773.94
1773.25
1772.54
1771.81
1771.06
1770.29
1769.51
1768.7
1767.88
1767.05
1766.2
1765.34
1764.45
1763.55
1762.62
1761.66
1760.67
1759.65
1758.6
1757.51
1756.39
1755.23
1754.04
1752.81
1751.54
1750.23
1748.88
1747.49
1746.05
1744.56
1743.03
1741.44
1739.79
1738.09
1736.31
1734.47
1732.56
1730.57
1728.5
1726.35
1724.1
1721.77
1719.33
1716.79
1714.14
1711.37
1708.46
1705.42
1702.23
1698.88
1695.35
1691.63
1687.69
1683.53
1679.09
1674.37
1669.31
1663.92
1658.07
1651.76
1644.82
1637.19
1628.61
1618.85
1607.32
1592.98
1572.42
1541.35
1800.65
1799.55
1799.24
1798.88
1798.5
1798.1
1797.68
1797.25
1796.79
1796.32
1795.85
1795.38
1794.93
1794.49
1794.05
1793.63
1793.2
1792.77
1792.32
1791.87
1791.41
1790.97
1790.53
1790.11
1789.7
1789.29
1788.87
1788.44
1787.99
1787.52
1787.04
1786.53
1786.02
1785.5
1784.97
1784.44
1783.9
1783.35
1782.79
1782.22
1781.63
1781.02
1780.4
1779.77
1779.13
1778.49
1777.85
1777.21
1776.56
1775.92
1775.27
1774.61
1773.93
1773.24
1772.53
1771.81
1771.06
1770.29
1769.5
1768.7
1767.88
1767.05
1766.2
1765.33
1764.45
1763.54
1762.61
1761.65
1760.66
1759.64
1758.59
1757.5
1756.38
1755.22
1754.02
1752.79
1751.52
1750.21
1748.86
1747.46
1746.03
1744.54
1743
1741.41
1739.76
1738.05
1736.28
1734.44
1732.52
1730.54
1728.47
1726.32
1724.08
1721.74
1719.31
1716.77
1714.11
1711.34
1708.43
1705.4
1702.2
1698.85
1695.32
1691.6
1687.66
1683.5
1679.06
1674.34
1669.28
1663.88
1658.03
1651.72
1644.78
1637.16
1628.59
1618.83
1607.32
1592.97
1572.38
1541.93
1800.65
1799.58
1799.25
1798.9
1798.52
1798.12
1797.7
1797.27
1796.81
1796.34
1795.87
1795.4
1794.95
1794.5
1794.07
1793.64
1793.22
1792.79
1792.34
1791.89
1791.44
1790.99
1790.55
1790.13
1789.72
1789.31
1788.89
1788.46
1788.01
1787.54
1787.05
1786.55
1786.03
1785.51
1784.99
1784.45
1783.92
1783.37
1782.81
1782.24
1781.64
1781.04
1780.42
1779.78
1779.15
1778.5
1777.86
1777.22
1776.58
1775.93
1775.28
1774.62
1773.95
1773.26
1772.55
1771.82
1771.07
1770.3
1769.52
1768.72
1767.91
1767.08
1766.24
1765.37
1764.49
1763.59
1762.66
1761.7
1760.71
1759.69
1758.64
1757.56
1756.43
1755.28
1754.09
1752.85
1751.59
1750.28
1748.93
1747.54
1746.1
1744.62
1743.09
1741.5
1739.85
1738.15
1736.38
1734.54
1732.63
1730.65
1728.58
1726.44
1724.2
1721.87
1719.44
1716.9
1714.25
1711.48
1708.58
1705.55
1702.36
1699.02
1695.5
1691.79
1687.86
1683.7
1679.28
1674.57
1669.53
1664.14
1658.31
1652.02
1645.11
1637.51
1628.97
1619.26
1607.81
1593.57
1573.16
1544
1551.95
1548.66
1545.25
1541.67
1537.92
1533.99
1529.89
1525.58
1521.08
1516.38
1511.53
1506.5
1501.1
1495.47
1489.51
1483.27
1476.83
1470.17
1463.25
1456.06
1448.58
1440.82
1432.77
1424.45
1415.86
1406.99
1397.86
1388.48
1378.84
1368.96
1358.85
1348.52
1337.97
1327.24
1316.31
1305.23
1293.98
1282.6
1271.08
1259.46
1247.72
1235.91
1224.02
1212.08
1200.07
1188.06
1175.99
1163.95
1151.86
1139.83
1127.76
1115.73
1103.61
1091.51
1079.19
1066.85
1054.22
1041.62
1029.02
1016.95
1005.08
994.116
983.363
973.453
964.41
955.997
948.393
942.221
936.853
932.754
929.244
927.3
928.114
930.278
934.925
941.376
950.291
956.556
975.994
403.242
1551.75
1548.44
1545.01
1541.4
1537.62
1533.66
1529.5
1525.15
1520.58
1515.77
1510.75
1505.61
1500.26
1494.62
1488.63
1482.4
1475.91
1469.17
1462.16
1454.87
1447.3
1439.46
1431.33
1422.93
1414.26
1405.32
1396.12
1386.67
1376.96
1367.03
1356.86
1346.49
1335.9
1325.14
1314.19
1303.08
1291.82
1280.43
1268.91
1257.29
1245.57
1233.77
1221.89
1209.97
1197.99
1186
1173.96
1161.93
1149.87
1137.81
1125.69
1113.54
1101.28
1088.95
1076.54
1064.07
1051.77
1039.7
1028.08
1017
1006.09
995.589
985.864
976.358
967.744
960.313
953.169
947.155
943.294
939.308
938.848
939.897
941.921
944.344
947.161
950.04
952.588
955.365
967.917
406.402
1551.43
1548.08
1544.6
1540.95
1537.11
1533.1
1528.89
1524.49
1519.87
1515.04
1509.98
1504.65
1499.17
1493.36
1487.29
1480.97
1474.36
1467.47
1460.32
1452.9
1445.2
1437.23
1428.98
1420.46
1411.67
1402.62
1393.3
1383.75
1373.95
1363.93
1353.69
1343.24
1332.6
1321.78
1310.79
1299.64
1288.36
1276.94
1265.41
1253.78
1242.06
1230.26
1218.39
1206.48
1194.52
1182.53
1170.51
1158.46
1146.36
1134.19
1121.93
1109.57
1097.14
1084.62
1072.34
1060.21
1048.67
1037.82
1027.2
1017.06
1007.5
997.8
989.37
981.509
973.497
967.78
962.488
957.624
955.639
954.1
953.804
955.415
955.862
956.545
956.39
956.539
955.838
955.853
960.969
404.662
1550.97
1547.56
1544.02
1540.29
1536.38
1532.28
1527.99
1523.48
1518.76
1513.83
1508.64
1503.15
1497.44
1491.47
1485.28
1478.81
1472.04
1464.97
1457.64
1450.03
1442.15
1433.99
1425.56
1416.87
1407.91
1398.69
1389.23
1379.53
1369.59
1359.45
1349.1
1338.56
1327.83
1316.95
1305.9
1294.71
1283.39
1271.96
1260.42
1248.78
1237.07
1225.29
1213.44
1201.55
1189.62
1177.64
1165.6
1153.49
1141.27
1128.95
1116.51
1104.02
1091.69
1079.55
1068.06
1057.26
1046.98
1037.39
1028.02
1018.57
1010.61
1002.59
995.029
989.599
983.616
979.299
977.351
974.376
973.709
973.81
971.795
970.716
969.117
967.103
964.398
962.197
959.678
956.253
957.461
405.561
1550.38
1546.88
1543.26
1539.44
1535.43
1531.22
1526.8
1522.16
1517.3
1512.2
1506.84
1501.19
1495.27
1489.1
1482.69
1476.01
1469.01
1461.73
1454.15
1446.3
1438.18
1429.79
1421.14
1412.22
1403.04
1393.63
1383.97
1374.1
1364.01
1353.72
1343.24
1332.58
1321.77
1310.8
1299.69
1288.45
1277.1
1265.64
1254.09
1242.46
1230.76
1218.99
1207.16
1195.28
1183.34
1171.31
1159.18
1146.94
1134.54
1122.12
1109.76
1097.61
1086.11
1075.27
1065.14
1055.95
1046.88
1038.09
1030.53
1022.57
1015.74
1010.59
1004.42
1001.22
998.762
995.561
995.614
994.307
991.477
990.248
987.459
983.405
979.422
975.558
971.39
967.552
964.095
958.766
959.577
403.245
1549.67
1546.07
1542.35
1538.41
1534.27
1529.92
1525.35
1520.54
1515.49
1510.2
1504.63
1498.79
1492.61
1486.18
1479.5
1472.55
1465.29
1457.73
1449.87
1441.74
1433.33
1424.66
1415.73
1406.54
1397.12
1387.47
1377.59
1367.51
1357.24
1346.79
1336.16
1325.39
1314.47
1303.41
1292.23
1280.95
1269.56
1258.08
1246.53
1234.9
1223.2
1211.44
1199.61
1187.7
1175.68
1163.55
1151.26
1138.92
1126.58
1114.48
1102.99
1092.09
1082.19
1073.24
1064.35
1056.2
1048.77
1041.04
1035.16
1029.91
1024.24
1022.03
1018.86
1016.86
1017.02
1014.45
1012.29
1010.89
1006.99
1002.77
998.742
994.016
988.911
984.001
979.124
974.485
970.201
963.922
963.419
406.207
1548.84
1545.13
1541.28
1537.21
1532.92
1528.4
1523.64
1518.63
1513.37
1507.83
1502.02
1495.92
1489.45
1482.72
1475.72
1468.44
1460.86
1452.97
1444.79
1436.33
1427.58
1418.59
1409.34
1399.86
1390.15
1380.23
1370.11
1359.81
1349.33
1338.7
1327.92
1317.01
1305.98
1294.83
1283.59
1272.25
1260.82
1249.33
1237.76
1226.12
1214.42
1202.63
1190.74
1178.75
1166.62
1154.39
1142.18
1130.15
1118.72
1107.86
1098.13
1089.29
1080.69
1073.19
1065.82
1058.5
1053.16
1047.55
1043.02
1041.08
1037.65
1037.09
1036.52
1033.64
1032.58
1030.51
1026.06
1022.29
1018.17
1013.21
1008.04
1002.95
997.791
992.544
987.13
981.699
976.491
969.95
967.461
412.117
1547.91
1544.06
1540.08
1535.84
1531.38
1526.66
1521.69
1516.44
1510.91
1505.11
1499.04
1492.57
1485.78
1478.7
1471.33
1463.67
1455.72
1447.46
1438.9
1430.06
1420.95
1411.59
1401.99
1392.17
1382.15
1371.94
1361.56
1351.02
1340.33
1329.52
1318.58
1307.53
1296.38
1285.14
1273.82
1262.43
1250.97
1239.44
1227.85
1216.18
1204.42
1192.56
1180.58
1168.5
1156.39
1144.43
1133.03
1122.23
1112.68
1104.05
1096.05
1089.04
1081.75
1075.18
1070.05
1064.31
1060.94
1058.33
1055.42
1055.77
1054.15
1052.1
1051.42
1048.46
1044.41
1041.13
1036.85
1031.93
1026.96
1022
1016.87
1011.54
1006
1000.4
994.632
988.694
982.905
975.747
972.923
419.036
1546.89
1542.88
1538.73
1534.31
1529.64
1524.7
1519.47
1513.95
1508.13
1502.01
1495.59
1488.75
1481.58
1474.11
1466.33
1458.24
1449.85
1441.16
1432.18
1422.92
1413.4
1403.64
1393.67
1383.49
1373.14
1362.63
1351.97
1341.18
1330.28
1319.27
1308.17
1296.98
1285.72
1274.38
1262.99
1251.54
1240.03
1228.46
1216.82
1205.08
1193.26
1181.34
1169.44
1157.63
1146.26
1135.66
1126.15
1117.54
1109.91
1103.11
1096.32
1090.68
1085.5
1080.29
1077.64
1074.33
1072.73
1072.92
1070.44
1069.62
1068.52
1064.92
1061.86
1058.67
1054.3
1049.71
1045.09
1040.35
1035.35
1030.06
1024.6
1019.05
1013.28
1007.33
1001.19
994.894
988.789
981.354
978.051
426.886
1545.77
1541.58
1537.26
1532.63
1527.72
1522.52
1517
1511.17
1505.01
1498.56
1491.69
1484.43
1476.84
1468.92
1460.67
1452.1
1443.22
1434.06
1424.61
1414.89
1404.93
1394.75
1384.37
1373.83
1363.13
1352.3
1341.36
1330.32
1319.2
1308
1296.73
1285.4
1274.03
1262.6
1251.13
1239.62
1228.04
1216.4
1204.7
1192.89
1181.13
1169.4
1158.1
1147.44
1137.88
1129.72
1122.75
1116.23
1110.14
1104.84
1099.49
1095.37
1092.63
1089.44
1089.28
1088.34
1086.2
1086.24
1084.13
1080.7
1078.32
1074.83
1070.57
1066.44
1062.12
1057.63
1052.82
1047.73
1042.51
1037.13
1031.45
1025.56
1019.48
1013.31
1007.03
1000.56
994.254
986.618
982.981
435.063
1544.57
1540.18
1535.65
1530.78
1525.61
1520.11
1514.26
1508.08
1501.54
1494.66
1487.3
1479.59
1471.51
1463.09
1454.32
1445.22
1435.81
1426.11
1416.15
1405.94
1395.51
1384.89
1374.1
1363.17
1352.12
1340.97
1329.75
1318.46
1307.12
1295.72
1284.29
1272.83
1261.34
1249.82
1238.27
1226.67
1215.05
1203.37
1191.73
1180.21
1169.04
1158.6
1149.05
1140.87
1133.76
1127.4
1122.13
1117.23
1112.57
1109.27
1105.9
1103.98
1103.98
1102.01
1101.66
1101.44
1098.2
1096.12
1093.83
1089.94
1086.06
1082.24
1078.1
1073.81
1069.18
1064.38
1059.46
1054.29
1048.8
1043.09
1037.21
1031.19
1025
1018.65
1012.18
1005.53
999.1
991.316
987.223
442.125
1543.28
1538.67
1533.91
1528.77
1523.3
1517.46
1511.24
1504.65
1497.7
1490.29
1482.42
1474.19
1465.57
1456.58
1447.23
1437.55
1427.55
1417.29
1406.78
1396.05
1385.12
1374.04
1362.83
1351.51
1340.11
1328.65
1317.14
1305.6
1294.04
1282.47
1270.87
1259.28
1247.68
1236.05
1224.44
1212.8
1201.19
1189.71
1178.49
1167.98
1158.32
1150.2
1143.58
1138.23
1133.38
1128.44
1124.4
1121.02
1118.09
1117.62
1116.43
1115.73
1116.31
1114.01
1111.98
1110.89
1107.64
1104.11
1101.02
1097.24
1093.23
1089.14
1084.69
1080.14
1075.43
1070.44
1065.16
1059.7
1054.09
1048.31
1042.31
1036.11
1029.76
1023.27
1016.71
1009.94
1003.43
995.196
991.804
447.533
1541.92
1537.06
1532.03
1526.59
1520.78
1514.56
1507.92
1500.88
1493.42
1485.43
1477.01
1468.18
1458.95
1449.34
1439.35
1429.04
1418.42
1407.55
1396.45
1385.17
1373.74
1362.19
1350.56
1338.85
1327.1
1315.34
1303.54
1291.77
1279.98
1268.23
1256.5
1244.76
1233.09
1221.41
1209.83
1198.45
1187.35
1176.91
1167.5
1159.3
1152.37
1146.57
1141.85
1138.11
1134.92
1131.63
1129.65
1128.55
1127.58
1128.6
1127.7
1126.21
1126.01
1123.45
1120.19
1117.98
1114.78
1111.03
1107.53
1103.69
1099.47
1095.18
1090.64
1085.78
1080.68
1075.46
1070.09
1064.53
1058.75
1052.78
1046.65
1040.37
1033.95
1027.34
1020.67
1013.76
1007.18
998.799
995.557
452.913
1540.48
1535.33
1530.02
1524.24
1518.04
1511.39
1504.28
1496.75
1488.66
1480.06
1471
1461.52
1451.61
1441.3
1430.63
1419.63
1408.35
1396.83
1385.13
1373.29
1361.34
1349.33
1337.26
1325.19
1313.09
1301.02
1288.96
1276.94
1264.99
1253.03
1241.21
1229.4
1217.67
1206.22
1194.94
1184.32
1174.54
1166.01
1159.42
1154.48
1150.5
1147.07
1143.58
1140.5
1139.2
1138.43
1138.83
1139.24
1137.92
1138.22
1137.13
1134.41
1133.22
1130.74
1127.16
1124.17
1120.95
1117.22
1113.36
1109.37
1105.06
1100.44
1095.57
1090.55
1085.36
1079.96
1074.38
1068.63
1062.75
1056.68
1050.46
1044.04
1037.51
1030.83
1024.12
1017.14
1010.47
1002.08
998.661
458.079
1538.96
1533.51
1527.87
1521.7
1515.07
1507.93
1500.29
1492.16
1483.39
1474.11
1464.35
1454.13
1443.46
1432.41
1420.98
1409.27
1397.28
1385.11
1372.78
1360.39
1347.91
1335.44
1322.95
1310.49
1298.08
1285.69
1273.41
1261.14
1249.03
1237
1225.09
1213.5
1202.14
1191.52
1181.85
1173.33
1166.5
1160.79
1156.3
1153.18
1150.94
1149
1147.31
1146.46
1147.51
1147.57
1147.91
1148.6
1146.59
1145.43
1144.22
1141.12
1138.96
1136.58
1133.28
1129.92
1126.4
1122.59
1118.56
1114.24
1109.68
1104.93
1099.98
1094.78
1089.38
1083.83
1078.14
1072.27
1066.22
1060.01
1053.68
1047.2
1040.64
1033.9
1027.1
1020.04
1013.29
1005.01
1000.94
462.022
1537.37
1531.57
1525.57
1518.96
1511.84
1504.15
1495.93
1487.07
1477.56
1467.54
1456.97
1445.95
1434.45
1422.58
1410.36
1397.87
1385.16
1372.31
1359.38
1346.39
1333.44
1320.46
1307.61
1294.74
1282.04
1269.37
1256.84
1244.5
1232.23
1220.35
1208.66
1197.54
1187.52
1178.25
1170.85
1165.61
1162.17
1159.72
1157.27
1155.02
1153.58
1154.01
1155.04
1155.42
1156.79
1156.28
1155.28
1155.44
1153.66
1151.3
1149.84
1147.04
1144.23
1141.66
1138.48
1134.99
1131.28
1127.22
1122.93
1118.48
1113.81
1108.88
1103.75
1098.44
1092.95
1087.25
1081.39
1075.35
1069.2
1062.91
1056.51
1049.95
1043.31
1036.5
1029.66
1022.55
1015.74
1007.31
1003.32
464.564
1535.71
1529.52
1523.11
1516.01
1508.32
1500.02
1491.11
1481.43
1471.13
1460.24
1448.82
1436.87
1424.5
1411.73
1398.68
1385.38
1371.95
1358.41
1344.88
1331.32
1317.86
1304.46
1291.15
1278.01
1264.92
1252.12
1239.41
1227.13
1215.11
1203.75
1193.41
1184.06
1176.96
1170.93
1166.13
1162.95
1161.36
1160.34
1159.28
1159.58
1159.91
1161.49
1163.42
1163.4
1163.74
1163.19
1161.06
1160.5
1159.13
1156.47
1154.62
1152.11
1149.07
1146.15
1142.91
1139.28
1135.39
1131.24
1126.83
1122.17
1117.33
1112.3
1107.09
1101.64
1096
1090.17
1084.2
1078.06
1071.81
1065.41
1058.93
1052.3
1045.61
1038.74
1031.84
1024.66
1017.83
1009.12
1005.71
467.015
1533.98
1527.34
1520.48
1512.82
1504.5
1495.53
1485.74
1475.21
1463.99
1452.16
1439.75
1426.84
1413.49
1399.8
1385.86
1371.75
1357.56
1343.38
1329.19
1315.15
1301.13
1287.35
1273.62
1260.18
1246.93
1234.01
1221.51
1209.55
1198.36
1188.32
1179.85
1173.47
1169.2
1167.12
1166.05
1164.24
1162.89
1163.6
1164.87
1167.3
1167.98
1169.11
1170.25
1169.54
1168.99
1168.68
1166.35
1164.94
1163.67
1161.17
1158.93
1156.42
1153.36
1150.13
1146.68
1142.97
1138.99
1134.7
1130.16
1125.42
1120.47
1115.3
1109.93
1104.37
1098.64
1092.72
1086.65
1080.4
1074.06
1067.58
1061.03
1054.33
1047.56
1040.62
1033.66
1026.43
1019.6
1010.73
1007.55
469.102
1532.17
1525.04
1517.65
1509.35
1500.33
1490.52
1479.8
1468.29
1456.06
1443.18
1429.69
1415.72
1401.34
1386.68
1371.83
1356.9
1341.98
1327.12
1312.38
1297.74
1283.33
1269.04
1255.13
1241.42
1228.25
1215.72
1203.9
1193.5
1184.62
1177.9
1172.75
1169.5
1166.76
1166.43
1166.56
1166.93
1168
1169.91
1171.82
1174.25
1174.64
1174.71
1175.11
1174.22
1173.11
1172.9
1171.08
1169.05
1167.56
1165.23
1162.71
1160.08
1156.99
1153.62
1150.02
1146.14
1142.04
1137.68
1133.08
1128.22
1123.15
1117.87
1112.41
1106.74
1100.91
1094.89
1088.74
1082.43
1076.03
1069.46
1062.83
1056.04
1049.21
1042.19
1035.2
1027.92
1021.06
1012.24
1008.76
467.445
1530.29
1522.59
1514.61
1505.59
1495.72
1484.98
1473.2
1460.61
1447.23
1433.19
1418.51
1403.42
1387.93
1372.29
1356.51
1340.79
1325.14
1309.63
1294.29
1279.15
1264.32
1249.78
1235.67
1222.29
1209.47
1198.04
1187.79
1179.4
1173.62
1170.57
1169.27
1168.96
1167.88
1168.27
1170.21
1172.71
1175.5
1176.72
1177.91
1179.45
1179.73
1179.23
1179.24
1178.46
1176.89
1176.5
1175.13
1172.87
1171.01
1168.68
1166.02
1163.23
1160.12
1156.65
1152.91
1148.92
1144.7
1140.24
1135.56
1130.63
1125.48
1120.09
1114.52
1108.75
1102.85
1096.77
1090.57
1084.18
1077.7
1071.06
1064.35
1057.49
1050.59
1043.52
1036.48
1029.15
1022.27
1013.41
1010.01
468.717
1528.33
1519.98
1511.32
1501.47
1490.72
1478.79
1465.87
1452.01
1437.39
1422.01
1406.12
1389.78
1373.21
1356.52
1339.86
1323.34
1306.96
1290.83
1274.92
1259.4
1244.24
1229.8
1215.91
1203.61
1192.59
1183.66
1177.23
1172.57
1169.57
1168.45
1168.76
1169.57
1171.09
1173.21
1176.08
1178.66
1181.28
1181.92
1182.44
1183.18
1183.56
1182.95
1182.67
1182.2
1180.43
1179.6
1178.4
1176.24
1174.08
1171.66
1168.91
1165.98
1162.79
1159.26
1155.44
1151.33
1147
1142.46
1137.7
1132.69
1127.45
1121.97
1116.33
1110.49
1104.52
1098.37
1092.1
1085.66
1079.12
1072.41
1065.63
1058.69
1051.73
1044.61
1037.54
1030.18
1023.28
1014.35
1011.25
470.834
1526.28
1517.18
1507.74
1496.97
1485.05
1471.89
1457.63
1442.41
1426.34
1409.57
1392.31
1374.73
1357.01
1339.34
1321.77
1304.5
1287.38
1270.69
1254.29
1238.67
1223.5
1209.77
1197.14
1186.44
1178.08
1172.14
1169.65
1169.72
1169.62
1169.36
1170.6
1173.58
1176.75
1179.82
1181.65
1183.36
1185.3
1186.07
1186.32
1186.53
1186.93
1186.26
1185.7
1185.4
1183.71
1182.36
1181.12
1179.09
1176.81
1174.28
1171.42
1168.35
1165.06
1161.48
1157.59
1153.41
1149
1144.35
1139.49
1134.4
1129.1
1123.57
1117.86
1111.96
1105.93
1099.72
1093.41
1086.91
1080.31
1073.54
1066.7
1059.71
1052.72
1045.55
1038.45
1031.05
1024.11
1015.35
1011.39
469.413
1524.15
1514.18
1503.83
1491.94
1478.73
1464.14
1448.39
1431.58
1413.97
1395.64
1377.02
1358.08
1339.31
1320.58
1302.24
1284.11
1266.43
1249.24
1232.74
1217.47
1203.25
1191.37
1182.25
1175.05
1170.96
1168.03
1168.04
1168.69
1170.51
1172.93
1175.59
1179.01
1181.76
1184.65
1185.68
1186.93
1188.35
1189.2
1189.58
1189.52
1189.81
1189.19
1188.34
1188.01
1186.6
1184.93
1183.45
1181.48
1179.16
1176.55
1173.62
1170.42
1167.02
1163.37
1159.45
1155.22
1150.72
1145.98
1141.03
1135.86
1130.51
1124.93
1119.18
1113.24
1107.16
1100.9
1094.54
1087.99
1081.35
1074.54
1067.66
1060.63
1053.6
1046.4
1039.28
1031.87
1024.93
1016.02
1012.67
470.656
1521.92
1510.93
1499.51
1486.4
1471.59
1455.43
1437.89
1419.41
1400.01
1380.14
1360
1339.8
1319.94
1300.21
1281.14
1262.17
1244.14
1226.97
1210.96
1196.97
1185
1175.66
1169.96
1167.19
1167.81
1167.83
1168.43
1170.65
1174.53
1178.18
1181.22
1183.47
1185.48
1187.94
1188.91
1190.13
1191.09
1191.85
1192.41
1192.22
1192.32
1191.79
1190.69
1190.21
1189.01
1187.23
1185.51
1183.48
1181.12
1178.46
1175.48
1172.19
1168.69
1164.96
1160.99
1156.71
1152.15
1147.33
1142.3
1137.06
1131.65
1126.03
1120.26
1114.27
1108.15
1101.84
1095.43
1088.84
1082.16
1075.31
1068.41
1061.35
1054.29
1047.06
1039.88
1032.44
1025.46
1016.43
1013.2
472.475
1519.57
1507.39
1494.74
1480.05
1463.55
1445.45
1426.03
1405.56
1384.35
1362.77
1341.2
1319.69
1298.84
1278.16
1258.33
1238.98
1220.92
1204.82
1190.87
1179.82
1172.94
1167.85
1165.26
1165.49
1166.51
1168.95
1172.12
1175.43
1179.31
1182.29
1185.26
1186.75
1188.38
1190.52
1191.56
1192.88
1193.52
1194.1
1194.8
1194.58
1194.48
1194.08
1192.85
1192.12
1190.98
1189.25
1187.37
1185.23
1182.81
1180.1
1177.09
1173.76
1170.17
1166.36
1162.32
1158
1153.39
1148.51
1143.42
1138.12
1132.67
1127.02
1121.22
1115.21
1109.06
1102.72
1096.27
1089.64
1082.93
1076.05
1069.13
1062.05
1054.96
1047.68
1040.46
1032.98
1025.95
1016.89
1013.77
471.144
1517.08
1503.52
1489.29
1472.84
1454.31
1434.1
1412.42
1389.92
1366.65
1343.52
1320.32
1297.86
1275.77
1254.57
1233.81
1215.33
1198.32
1184.25
1173.78
1166.26
1163.73
1164.22
1164.52
1165.73
1168.71
1173
1176.87
1179.95
1182.76
1185.21
1188.06
1189.48
1191.08
1192.79
1193.85
1195.2
1195.7
1196.14
1196.83
1196.61
1196.34
1196.01
1194.8
1193.79
1192.63
1190.96
1189
1186.76
1184.25
1181.5
1178.46
1175.1
1171.45
1167.56
1163.44
1159.05
1154.41
1149.49
1144.35
1139
1133.5
1127.8
1121.96
1115.91
1109.72
1103.32
1096.82
1090.14
1083.39
1076.46
1069.51
1062.39
1055.25
1047.94
1040.66
1033.15
1026.07
1017.13
1013.37
472.095
1514.41
1499.21
1483.21
1464.52
1443.71
1420.94
1396.88
1372.06
1346.79
1322.01
1297.42
1273.96
1250.85
1229.45
1208.75
1192.35
1179.35
1169.3
1164.67
1161.34
1161.51
1162.7
1165.7
1169.44
1173.14
1177.19
1180.31
1183.22
1185.36
1187.57
1190.3
1191.79
1193.5
1194.8
1195.81
1197.14
1197.67
1198.04
1198.63
1198.43
1198.01
1197.66
1196.58
1195.35
1194.08
1192.42
1190.43
1188.12
1185.55
1182.73
1179.65
1176.27
1172.59
1168.62
1164.43
1159.98
1155.31
1150.37
1145.22
1139.82
1134.27
1128.52
1122.63
1116.53
1110.3
1103.85
1097.3
1090.56
1083.77
1076.81
1069.82
1062.65
1055.48
1048.13
1040.84
1033.29
1026.19
1017.21
1013.67
473.591
1511.5
1494.44
1476.12
1454.88
1431.32
1405.7
1379.04
1351.75
1324.56
1298.18
1272.29
1248.2
1224.12
1203.94
1185.68
1172.28
1163.68
1158.83
1159.34
1159.73
1161.43
1164.92
1169.54
1173.72
1176.95
1180.08
1182.74
1185.71
1187.68
1189.79
1192.23
1193.83
1195.62
1196.66
1197.57
1198.83
1199.42
1199.75
1200.17
1199.98
1199.45
1199.05
1198.1
1196.78
1195.36
1193.66
1191.64
1189.29
1186.66
1183.77
1180.63
1177.21
1173.49
1169.47
1165.2
1160.69
1155.98
1151
1145.81
1140.36
1134.75
1128.93
1122.98
1116.82
1110.53
1104.03
1097.44
1090.67
1083.85
1076.86
1069.85
1062.67
1055.47
1048.11
1040.81
1033.27
1026.15
1017.26
1013.21
472.343
1508.26
1488.91
1467.84
1443.56
1416.84
1387.97
1358.57
1328.8
1299.73
1272.09
1244.95
1220.84
1197.38
1179.84
1169
1160.3
1156.9
1156.33
1157.4
1160.7
1164.95
1169.07
1173.3
1176.71
1179.72
1182.29
1184.81
1187.83
1189.75
1191.84
1193.93
1195.56
1197.39
1198.36
1199.21
1200.36
1200.97
1201.25
1201.49
1201.31
1200.7
1200.23
1199.35
1198
1196.45
1194.66
1192.6
1190.23
1187.58
1184.65
1181.48
1178.03
1174.29
1170.21
1165.88
1161.29
1156.51
1151.49
1146.25
1140.74
1135.07
1129.19
1123.19
1117
1110.68
1104.17
1097.57
1090.78
1083.95
1076.95
1069.92
1062.72
1055.52
1048.16
1040.86
1033.32
1026.2
1017.15
1013.88
473.141
1504.51
1482.72
1458.05
1430.19
1399.63
1367.43
1334.91
1303.09
1272.09
1243.79
1216.13
1192.8
1174.12
1160.69
1155.21
1153.49
1154.07
1155.81
1159.51
1164.37
1168.97
1172.47
1175.8
1178.73
1181.83
1184.25
1186.73
1189.57
1191.53
1193.63
1195.36
1196.94
1198.78
1199.73
1200.56
1201.58
1202.13
1202.39
1202.49
1202.3
1201.68
1201.13
1200.24
1198.87
1197.24
1195.36
1193.23
1190.82
1188.12
1185.11
1181.86
1178.33
1174.52
1170.38
1165.99
1161.36
1156.53
1151.48
1146.23
1140.72
1135.04
1129.15
1123.15
1116.94
1110.62
1104.11
1097.51
1090.74
1083.92
1076.92
1069.88
1062.66
1055.45
1048.07
1040.76
1033.21
1026.09
1016.99
1013.67
474.45
1500.1
1475.23
1446.31
1414.12
1379.19
1343.44
1307.9
1274.27
1242.13
1213.43
1188
1167.66
1158.99
1152.41
1150.45
1151.31
1154.51
1158.93
1163.34
1167.71
1171.48
1174.66
1177.49
1180.26
1183.47
1185.85
1188.31
1190.85
1192.85
1194.97
1196.46
1197.98
1199.76
1200.75
1201.6
1202.49
1202.94
1203.18
1203.17
1202.97
1202.36
1201.74
1200.86
1199.56
1197.91
1195.94
1193.74
1191.3
1188.55
1185.5
1182.18
1178.6
1174.75
1170.59
1166.18
1161.53
1156.7
1151.64
1146.4
1140.89
1135.21
1129.3
1123.27
1117.02
1110.69
1104.16
1097.57
1090.81
1084.01
1077.02
1069.98
1062.75
1055.53
1048.13
1040.82
1033.29
1026.24
1017.06
1014.53
473.329
1494.62
1466.14
1432.05
1394.75
1354.84
1315.6
1277.39
1242.61
1210.47
1182.85
1163.44
1149.55
1147.18
1147.41
1148.9
1152.64
1157.54
1162.42
1166.2
1169.66
1172.79
1176
1178.7
1181.46
1184.61
1187
1189.47
1191.7
1193.7
1195.82
1197.21
1198.69
1200.38
1201.42
1202.32
1203.13
1203.48
1203.67
1203.68
1203.48
1202.94
1202.23
1201.23
1199.85
1198.14
1196.17
1193.98
1191.51
1188.76
1185.69
1182.37
1178.75
1174.89
1170.73
1166.34
1161.68
1156.83
1151.77
1146.51
1140.98
1135.27
1129.32
1123.23
1116.95
1110.59
1104.06
1097.47
1090.69
1083.87
1076.85
1069.82
1062.62
1055.45
1048.1
1040.84
1033.33
1026.33
1017.47
1013.46
473.893
1487.87
1454.74
1414.4
1371.04
1325.95
1283.49
1243.52
1208.73
1179.47
1156.14
1148.87
1143.37
1143.84
1146.47
1150.93
1155.67
1160.26
1164.33
1167.71
1170.74
1173.66
1176.95
1179.69
1182.5
1185.46
1187.89
1190.39
1192.42
1194.43
1196.55
1197.95
1199.42
1201.01
1202.1
1203.05
1203.81
1204.12
1204.29
1204.25
1204.17
1203.6
1202.83
1201.9
1200.57
1198.85
1196.86
1194.65
1192.16
1189.41
1186.35
1183
1179.33
1175.42
1171.25
1166.85
1162.16
1157.27
1152.14
1146.86
1141.35
1135.66
1129.7
1123.61
1117.33
1110.98
1104.45
1097.88
1091.11
1084.29
1077.29
1070.28
1063.14
1056.03
1048.74
1041.51
1033.98
1026.96
1018.08
1014.01
474.995
1478.94
1440.09
1392.09
1342.09
1291.91
1247.52
1207.29
1173.99
1152.58
1137.78
1138.4
1140.6
1144
1148.47
1153.68
1158.11
1162.05
1165.58
1168.99
1171.9
1174.75
1178.09
1180.92
1183.81
1186.57
1189.08
1191.66
1193.6
1195.63
1197.77
1199.24
1200.76
1202.24
1203.36
1204.35
1205.08
1205.34
1205.47
1205.5
1205.32
1204.8
1203.99
1202.92
1201.56
1199.93
1197.96
1195.67
1193.08
1190.25
1187.13
1183.72
1179.99
1176.04
1171.86
1167.47
1162.82
1157.96
1152.84
1147.57
1142.07
1136.4
1130.46
1124.38
1118.09
1111.73
1105.2
1098.61
1091.82
1084.98
1077.95
1070.9
1063.7
1056.51
1049.14
1041.8
1034.22
1027.04
1018.07
1014.32
473.975
1467.09
1420.7
1363.82
1306.86
1253.06
1208.55
1172.93
1145.05
1138.19
1134.41
1136.59
1140.9
1146.67
1152.17
1157.06
1161.08
1164.49
1167.65
1171.07
1174.1
1177.1
1180.41
1183.34
1186.27
1188.79
1191.32
1193.88
1195.83
1197.89
1199.97
1201.58
1203.15
1204.48
1205.59
1206.6
1207.3
1207.63
1207.8
1207.8
1207.56
1207.02
1206.15
1204.99
1203.69
1202.12
1200.15
1197.85
1195.27
1192.47
1189.35
1185.92
1182.18
1178.23
1174.04
1169.65
1164.98
1160.11
1154.96
1149.65
1144.11
1138.43
1132.49
1126.42
1120.14
1113.79
1107.26
1100.67
1093.87
1087.02
1079.98
1072.94
1065.73
1058.54
1051.17
1043.85
1036.24
1029.05
1019.86
1016.55
474.489
1451.36
1395.31
1327.67
1266.48
1211.98
1169.02
1144.72
1130.14
1132.97
1137.04
1141.9
1147.37
1152.8
1157.42
1161.4
1165.16
1168.48
1171.67
1175.21
1178.5
1181.74
1184.91
1187.84
1190.73
1193.13
1195.64
1198.1
1200.1
1202.18
1204.12
1205.79
1207.35
1208.57
1209.74
1210.8
1211.49
1211.88
1212.05
1211.97
1211.67
1211.03
1210.16
1209.02
1207.6
1205.91
1203.89
1201.57
1198.97
1196.13
1192.98
1189.55
1185.84
1181.93
1177.76
1173.37
1168.68
1163.78
1158.59
1153.23
1147.63
1141.88
1135.89
1129.79
1123.47
1117.08
1110.5
1103.85
1097
1090.11
1083.04
1075.97
1068.72
1061.5
1054.11
1046.78
1039.16
1031.98
1022.74
1019.37
475.472
1430.43
1362.13
1285.33
1223.51
1178.5
1143.39
1134.36
1134.53
1136.95
1143.64
1151.89
1157.45
1161.61
1165.33
1168.67
1172.31
1175.92
1179.47
1183.13
1186.45
1189.58
1192.43
1195.3
1198.13
1200.52
1203.04
1205.4
1207.42
1209.43
1211.22
1212.86
1214.32
1215.41
1216.45
1217.35
1217.93
1218.25
1218.28
1218.15
1217.76
1217.08
1216.14
1214.91
1213.4
1211.65
1209.57
1207.17
1204.47
1201.51
1198.26
1194.75
1190.94
1186.91
1182.61
1178.1
1173.31
1168.3
1163.01
1157.54
1151.82
1145.98
1139.89
1133.71
1127.31
1120.84
1114.15
1107.4
1100.43
1093.46
1086.3
1079.16
1071.83
1064.53
1057.05
1049.65
1041.97
1034.72
1025.43
1022.1
474.559
1402.95
1320.73
1241.94
1185.44
1153.41
1138.61
1139.5
1143.94
1152.75
1159.83
1165.66
1169.91
1173.4
1177.01
1180.6
1184.28
1187.74
1191.09
1194.33
1197.36
1200.28
1202.79
1205.45
1207.99
1210.18
1212.46
1214.5
1216.4
1218.22
1219.69
1221.15
1222.43
1223.27
1224.08
1224.75
1225.2
1225.4
1225.22
1224.79
1224.14
1223.23
1222.07
1220.64
1218.93
1216.98
1214.75
1212.24
1209.42
1206.35
1203.04
1199.47
1195.59
1191.46
1187.02
1182.39
1177.46
1172.32
1166.89
1161.29
1155.43
1149.47
1143.27
1136.99
1130.47
1123.87
1117.03
1110.15
1103.07
1095.99
1088.72
1081.48
1074.04
1066.64
1059.06
1051.56
1043.8
1036.49
1027.21
1023.65
474.862
1366.46
1276.14
1214.68
1173.14
1154.7
1151.8
1157.41
1164.84
1170.22
1174.59
1177.77
1180.71
1183.76
1186.95
1190.19
1193.32
1196.29
1199.27
1202.02
1204.84
1207.58
1209.91
1212.28
1214.45
1216.53
1218.56
1220.34
1222.21
1223.86
1225.14
1226.48
1227.6
1228.3
1228.92
1229.44
1229.89
1229.85
1229.69
1229.23
1228.48
1227.51
1226.26
1224.72
1222.86
1220.76
1218.42
1215.79
1212.83
1209.57
1206.03
1202.27
1198.24
1194
1189.49
1184.79
1179.79
1174.6
1169.11
1163.44
1157.52
1151.5
1145.25
1138.92
1132.33
1125.64
1118.71
1111.74
1104.58
1097.43
1090.09
1082.77
1075.26
1067.79
1060.15
1052.58
1044.78
1037.46
1028.21
1024.33
475.606
1252.44
1130.22
1117.2
1124.63
1145.76
1165.65
1175.85
1182.47
1183.57
1183.87
1184.83
1187.3
1190.49
1193.2
1195.89
1198.54
1201.21
1204.1
1206.51
1209.17
1211.76
1213.85
1216.01
1217.87
1219.86
1221.74
1223.25
1225.1
1226.63
1227.63
1228.87
1229.95
1230.56
1231.04
1231.41
1231.8
1231.68
1231.32
1230.73
1229.85
1228.74
1227.4
1225.78
1223.8
1221.56
1219.1
1216.39
1213.29
1209.85
1206.06
1202.14
1197.97
1193.59
1188.92
1184.09
1178.98
1173.71
1168.1
1162.35
1156.31
1150.23
1143.9
1137.51
1130.81
1124.05
1117.03
1110.05
1102.83
1095.69
1088.29
1080.98
1073.42
1065.96
1058.28
1050.73
1042.89
1035.53
1026.25
1022.51
474.353
)
;

boundaryField
{
    inlet
    {
        type            fixedValue;
        value           uniform 1800;
    }
    outlet
    {
        type            zeroGradient;
    }
    axis
    {
        type            symmetryPlane;
    }
    wall
    {
        type            zeroGradient;
    }
    frontAndBack
    {
        type            empty;
    }
}


// ************************************************************************* //
