/*--------------------------------*- C++ -*----------------------------------*\
  =========                 |
  \\      /  F ield         | OpenFOAM: The Open Source CFD Toolbox
   \\    /   O peration     | Website:  https://openfoam.org
    \\  /    A nd           | Version:  13
     \\/     M anipulation  |
\*---------------------------------------------------------------------------*/
FoamFile
{
    format      ascii;
    class       volScalarField;
    location    "0.95";
    object      p_rgh;
}
// * * * * * * * * * * * * * * * * * * * * * * * * * * * * * * * * * * * * * //

dimensions      [1 -1 -2 0 0 0 0];

internalField   nonuniform List<scalar> 
2016
(
498.225
441.749
263.103
117.337
428.58
312.561
172.638
141.25
576.19
256.478
148.747
133.015
454.583
160.68
124.08
119.396
325.106
139.669
120.094
117.905
327.794
149.277
121.715
117.576
377.794
171.728
118.354
102.851
440.957
249.844
100.627
69.0536
470.044
375.943
80.9843
43.5605
452.112
389.531
113.333
50.3627
467.083
472.78
306.961
111.904
598.749
698.548
686.435
341.843
846.34
937.643
1130.21
1042.75
1006.7
1048.33
1213.72
1158.47
1051.69
1054.97
1073.25
1023.1
1041.92
1033.93
1007.07
959.399
1006.7
1007.04
980.475
933.271
949.432
963.447
952.388
917.089
912.874
928.656
941.223
932.033
853.516
843.119
935.18
974.361
812.834
790.5
818.108
1004.12
805.888
771.353
764.847
914.605
829.494
808.557
792.141
803.158
993.114
988.137
1056.41
1103.51
970.35
979.162
1038.92
1078.37
936.097
923.129
971.046
993.566
914.422
898.838
919.166
937.43
903.941
904.633
879.056
911.552
890.077
869.507
688.047
762.341
771.521
771.597
525.649
535.226
584.578
588.989
371.331
387.758
424.345
411.433
247.673
306.204
356.407
298.32
182.893
231.46
330.696
230.044
161.909
162.911
306.884
185.998
155.362
153.133
277.104
160.572
150.358
149.145
244.893
153.066
147.757
145.723
247.999
155.113
149.65
145.529
295.413
174.662
159.336
149.891
384.797
230.985
166.851
143.924
340.382
257.218
145.817
131.715
380.989
393.483
210.909
128.352
66.1123
25.4757
14.0104
11.96
12.8733
13.2207
13.0668
12.6702
12.1985
11.712
11.3414
10.923
10.5064
10.1212
9.75708
9.40943
9.12079
8.8592
8.61644
8.39224
8.17912
7.80439
7.52614
7.41318
7.4995
7.3849
7.2463
6.89424
6.80476
6.71582
6.62622
6.53577
6.44472
6.35343
6.26213
6.1707
6.07883
5.98671
5.89584
5.80727
5.71766
5.61877
86.1784
23.4042
9.91883
10.6669
12.3318
12.9473
12.9782
12.6436
12.1716
11.6836
11.1579
10.6231
10.2155
9.84178
9.49038
9.16279
8.8604
8.59469
8.34813
8.11337
7.8908
7.6934
7.5169
7.36115
7.22925
7.11158
6.99663
6.89537
6.80342
6.71296
6.6223
6.53137
6.4403
6.34929
6.25841
6.1675
6.07624
5.98463
5.89413
5.80588
5.71642
5.61677
116.806
74.8834
27.5347
11.7088
12.1014
12.4737
12.5344
12.2862
11.8549
11.3979
10.9529
10.5278
10.1352
9.77305
9.42946
9.10411
8.80252
8.52815
8.28053
8.05676
7.85375
7.67007
7.50501
7.35691
7.22427
7.10608
6.99507
6.8933
6.7975
6.70524
6.6148
6.52513
6.43574
6.34649
6.25728
6.1677
6.07705
5.98571
5.8953
5.80699
5.71736
5.61767
118.017
109.541
77.8003
24.978
12.3411
12.3748
12.2735
11.9937
11.6365
11.2518
10.818
10.384
10.0116
9.67519
9.3404
9.01389
8.71159
8.44081
8.20002
7.98501
7.79188
7.61822
7.46233
7.32242
7.19664
7.08276
6.97739
6.87896
6.78536
6.69471
6.60573
6.51755
6.42967
6.34183
6.25385
6.16532
6.07565
5.98504
5.89514
5.80713
5.71764
5.61794
111.196
121.472
95.8294
61.1226
13.1689
12.3542
12.2115
11.8705
11.473
11.1189
10.6723
10.201
9.8524
9.55995
9.2362
8.90433
8.5926
8.32696
8.09798
7.89718
7.71838
7.55802
7.41347
7.28276
7.16413
7.05557
6.95487
6.86029
6.77
6.6824
6.59625
6.51066
6.42505
6.33911
6.25261
6.16513
6.0762
5.98605
5.89638
5.80842
5.71885
5.61906
120.661
117.233
92.9039
78.2743
50.0279
13.3297
13.9001
14.2918
11.9251
11.074
10.8319
9.99701
9.66114
9.48798
9.15082
8.78125
8.42218
8.17327
7.96393
7.78278
7.62167
7.47737
7.34689
7.22822
7.11957
7.0192
6.92535
6.83641
6.75086
6.66735
6.58477
6.50229
6.41935
6.33563
6.25091
6.16481
6.07684
5.98732
5.89799
5.81013
5.72051
5.6206
90.0895
80.416
71.4977
68.8451
71.7571
80.4369
86.5098
47.517
12.3589
29.5885
37.5344
14.0101
9.28196
10.8748
15.0557
12.356
8.16839
7.98944
7.80294
7.64812
7.50917
7.38367
7.26891
7.16358
7.06632
6.97577
6.89044
6.80885
6.72959
6.65144
6.5734
6.49469
6.41484
6.33357
6.2507
6.16593
6.07883
5.98979
5.90061
5.81267
5.72282
5.62263
41.7117
34.2472
48.245
53.3446
62.522
44.9678
18.2538
23.7896
38.3299
41.8551
45.1738
29.9957
8.30197
24.5324
33.3107
34.7146
18.6285
7.77353
7.62179
7.49466
7.38213
7.27796
7.18074
7.09022
7.00581
6.92648
6.85098
6.77801
6.70623
6.63449
6.56183
6.48754
6.41121
6.33266
6.25181
6.16842
6.08216
5.99349
5.90432
5.81612
5.72583
5.62515
24.4808
10.6844
4.9673
1.65581
0.274763
0.733058
1.0522
1.59565
2.74175
4.7567
5.21297
5.21307
19.7477
29.3335
31.6111
33.5907
35.6077
27.2608
7.42267
7.32856
7.24503
7.16376
7.08512
7.01013
6.93959
6.87275
6.80843
6.74535
6.68222
6.61788
6.55139
6.48208
6.40963
6.33396
6.25512
6.17299
6.08737
5.99882
5.90939
5.82064
5.72961
5.62813
29.2574
11.2342
2.40191
0.218083
0.492321
0.740023
0.979036
1.41213
2.12179
3.01091
3.95154
4.72805
5.21735
5.65769
8.55047
31.4774
35.0175
36.9853
28.3242
7.169
7.1057
7.04556
6.98474
6.92516
6.86899
6.81568
6.76377
6.7118
6.65844
6.60246
6.5429
6.47912
6.41086
6.33817
6.26128
6.18022
6.09494
6.00616
5.91607
5.82637
5.73422
5.63153
54.4814
16.13
2.72493
0.551987
0.612931
0.638134
0.356917
0.683319
1.56474
2.70544
3.79803
4.64867
5.23574
5.65366
5.97743
7.02691
30.5486
37.0156
39.3116
28.6054
6.97368
6.92734
6.88075
6.83575
6.79501
6.75643
6.71826
6.67872
6.63627
6.58959
6.53767
6.47987
6.416
6.3463
6.27115
6.19081
6.10544
6.01593
5.92466
5.8335
5.73972
5.63529
189.474
67.0879
-6.81545
-4.91315
-0.689909
0.222779
0.241655
0.459763
1.25882
2.50476
3.70916
4.59987
5.22426
5.67427
6.02406
6.29899
6.52783
25.2758
39.6424
42.2976
28.0374
6.80969
6.77484
6.74101
6.718
6.69609
6.67301
6.64736
6.61713
6.58076
6.53716
6.48571
6.42633
6.35943
6.28567
6.20556
6.11948
6.02859
5.93547
5.84219
5.74614
5.63932
841.651
553.561
267.911
-21.9185
-12.1826
-1.66531
0.724791
0.875108
1.48497
2.63446
3.85777
4.71856
5.33098
5.7664
6.08966
6.33531
6.52678
6.67135
21.3435
43.0686
45.807
25.4054
6.66605
6.643
6.63729
6.63537
6.62904
6.619
6.60262
6.57773
6.54316
6.49832
6.44334
6.37889
6.30594
6.22533
6.13774
6.04461
5.9488
5.8526
5.7535
5.6435
950.858
631.722
474.67
83.8482
-32.9518
-4.18833
1.3461
1.76876
2.21604
3.12293
4.15401
4.95592
5.52399
5.92032
6.20165
6.40675
6.56715
6.6931
6.81218
15.4844
46.5271
49.8249
18.2726
6.54054
6.55663
6.57496
6.5879
6.59526
6.59459
6.58253
6.55773
6.51968
6.46881
6.40617
6.33317
6.25107
6.16093
6.0645
5.96496
5.86486
5.7618
5.64766
916.458
711.993
392.143
94.4663
-7.60513
-0.723819
2.37193
2.59935
3.03928
3.77441
4.59593
5.28565
5.78762
6.12976
6.35719
6.51274
6.6396
6.7508
6.86138
6.98666
16.6986
49.8006
49.366
6.50829
6.50234
6.5167
6.54975
6.5774
6.59481
6.59745
6.58332
6.55213
6.50477
6.44295
6.36869
6.28379
6.18975
6.08872
5.98421
5.87905
5.77096
5.65158
886.032
657.941
118.162
26.7937
34.5641
9.92701
3.94372
3.56809
3.9225
4.50438
5.12674
5.677
6.09259
6.37102
6.54195
6.65031
6.72684
6.80336
6.89541
7.00982
7.32043
32.0257
51.6398
38.2066
6.43577
6.45193
6.50579
6.56348
6.60476
6.62551
6.62301
6.5985
6.55358
6.49108
6.41386
6.32444
6.22486
6.11766
6.00673
5.8952
5.78089
5.65502
874.761
717.262
133.086
25.2966
28.3924
27.9369
8.928
5.00355
4.98728
5.30969
5.71688
6.10162
6.40981
6.61418
6.71952
6.76826
6.79792
6.83841
6.90427
6.99264
7.08729
12.1653
51.7373
57.5433
22.5252
6.35756
6.44622
6.55197
6.62765
6.67125
6.681
6.66223
6.61787
6.55248
6.47
6.37385
6.26675
6.1516
6.03268
5.91338
5.79141
5.65755
891.165
846.768
330.723
21.8694
21.9035
20.534
15.2232
8.09732
6.17333
6.15008
6.32433
6.52853
6.71478
6.87525
6.91033
6.86644
6.84566
7.00183
7.42073
7.1178
7.03543
7.0506
16.1089
57.0404
58.9015
16.7294
6.3901
6.55357
6.6724
6.7405
6.76276
6.74711
6.70025
6.62876
6.5381
6.43257
6.31579
6.19062
6.06176
5.93304
5.80206
5.65868
929.281
913.062
799.392
169.493
18.8731
15.022
11.8177
9.16307
7.34437
6.98418
6.92484
6.93517
7.00602
7.04771
7.03278
6.93107
6.87582
7.4533
7.50052
7.5813
7.33661
6.99283
6.91278
11.1748
33.5238
46.1384
20.0634
6.57881
6.75326
6.84118
6.87378
6.85655
6.80268
6.72091
6.61865
6.50124
6.37175
6.23421
6.09353
5.95378
5.8123
5.65775
980.109
976.538
968.12
652.453
72.8361
14.4655
11.0443
9.17654
8.16324
7.70931
7.45413
7.278
7.19575
7.14148
7.08793
6.97466
6.86371
6.86131
7.3897
7.44033
7.54497
7.16394
6.9674
6.90902
6.88939
28.5302
33.8322
11.8546
6.86652
6.98345
7.01792
6.99259
6.9258
6.82899
6.7112
6.57799
6.43349
6.28148
6.12713
5.97478
5.82134
5.65389
1030.72
1038.39
1040.95
1038.85
510.022
28.6716
11.609
9.70002
8.79561
8.30379
7.92736
7.59582
7.30148
7.10194
7.03251
6.91836
6.77638
6.64402
6.651
6.64663
6.8551
7.94958
7.4611
7.0211
7.03882
7.12015
24.2486
20.4076
8.34364
7.18572
7.19778
7.15439
7.06783
6.95105
6.81323
6.66132
6.49939
6.33093
6.16121
5.99484
5.82808
5.64592
1077.79
1110.42
1114.71
1114.79
1042.85
417.413
26.8155
9.6927
9.10147
8.7208
8.29338
7.73831
7.22554
6.94347
6.89995
6.83123
6.63208
6.4661
6.40764
6.43416
6.57975
8.31143
8.01589
7.12506
7.18737
7.29251
9.17214
20.6105
14.2537
7.45765
7.40694
7.33679
7.22403
7.08115
6.92037
6.74778
6.56673
6.38029
6.19383
6.01228
5.83098
5.63234
827.835
864.712
1034.16
1174.54
1176.39
1168.49
635.491
13.3465
9.97649
35.8433
109.613
93.0436
40.5645
6.19283
6.49655
6.57515
6.33574
6.17483
6.19019
6.27499
6.82481
8.37355
8.5335
7.3086
7.32081
7.46615
7.64582
11.7201
12.9249
8.31207
7.65678
7.53313
7.38095
7.2103
7.02621
6.83258
6.63179
6.42652
6.2224
6.02484
5.82806
5.61118
836.554
821.105
913.717
1182.13
1209.55
1239.8
1244.64
1123.47
1222.52
1383.11
1489.44
986.966
174.808
44.6913
44.6809
11.1768
5.95741
5.87204
5.98775
6.1791
7.12932
8.41735
8.82615
8.00899
7.41024
7.5717
7.75579
7.93008
9.22667
8.42985
7.82165
7.68545
7.51328
7.32319
7.12015
6.90782
6.68841
6.46467
6.24294
6.02942
5.81702
5.58081
966.094
1058.96
1041.43
973.107
961.64
973.746
1015.32
1162.72
1342.89
1414.48
1329.41
1255.55
1552.5
1654.93
1577.37
421.195
6.38975
5.72419
5.76212
6.05919
7.84763
8.34814
8.75616
8.49271
7.4494
7.63364
7.84542
8.40071
10.9257
8.99786
7.93473
7.79197
7.61373
7.41326
7.19691
6.96915
6.7328
6.49136
6.25252
6.0236
5.79591
5.53969
1111.22
1112.18
1123.03
1132.49
1128.1
1165.95
1266.22
1360.55
1353.21
382.458
11.055
11.0978
273.127
1503.65
1671.67
1438.29
199.191
11.3594
7.26295
6.63017
6.54129
8.1608
8.5893
8.1658
7.42574
7.6721
7.92397
15.1375
17.9709
8.92493
7.99758
7.86226
7.68919
7.48547
7.2598
7.01801
6.76439
6.50416
6.24713
6.0021
5.75811
5.47919
1051.29
1023.64
1029.19
1059.65
1114.67
1192.87
1000.12
250.838
42.5832
12.3481
10.3295
10.2452
10.4343
146.995
1529.22
1340.58
184.688
10.654
7.04597
6.21474
6.08827
6.97876
8.35475
7.62938
7.34517
7.65265
8.05317
23.1673
19.0002
8.37143
8.01117
7.89421
7.73164
7.52917
7.29684
7.04192
6.77038
6.48978
6.21345
5.95252
5.69267
5.38915
963.7
940.957
958.372
993.006
887.931
348.518
67.1571
11.6091
11.028
11.6336
11.2255
7.74632
7.83378
9.7066
816.657
878.375
163.08
7.77065
6.05868
5.77173
5.723
5.89655
6.62679
7.00101
7.23444
7.61367
17.5579
23.2815
16.2575
8.1793
8.00275
7.90203
7.74365
7.54012
7.2992
7.02878
6.73694
6.4346
6.13951
5.86585
5.59471
5.2696
918.585
902.204
908.778
436.027
92.9807
15.4226
12.9647
11.7773
10.5214
16.5252
14.1333
8.07834
6.19767
14.551
137.652
222.739
106.435
6.14177
5.46916
5.46863
5.51051
5.70598
6.15407
6.66898
7.11531
9.93964
23.2182
23.6138
10.8946
8.11378
8.00558
7.89749
7.73302
7.52033
7.26252
6.96679
6.64536
6.31645
6.00483
5.72688
5.45548
5.11857
916.138
880.59
656.697
120.844
17.5521
15.4053
13.8126
11.2225
10.0783
12.0414
16.3632
14.4279
6.82025
5.21855
4.98704
5.78268
13.725
10.9534
5.36359
5.646
5.63189
5.78334
6.18252
6.64037
7.35883
22.1079
23.3162
15.5993
8.29295
8.08131
8.01041
7.88594
7.70567
7.46912
7.1747
6.83241
6.46771
6.11119
5.78908
5.51841
5.26555
4.9406
901.316
836.024
394.319
23.8709
17.1547
16.1915
14.3865
10.9451
8.83929
7.7911
7.39063
8.3296
7.28921
4.93435
4.38462
4.23994
4.44971
4.97326
5.57087
5.8242
5.84815
5.94712
6.5033
9.73667
20.0477
22.6937
20.3393
8.45462
8.17504
8.13062
8.03269
7.88046
7.6653
7.37478
7.00283
6.56406
6.11352
5.72086
5.40952
5.19119
5.0185
4.7556
808.813
690.351
183.35
20.2824
18.7241
17.9408
15.6145
10.7981
6.89968
5.24579
3.95845
3.23408
3.02117
3.20474
3.53326
3.8417
4.21405
4.99822
5.61214
5.9056
5.99043
7.43962
18.4687
20.7427
22.0274
23.1313
9.7618
8.34647
8.30155
8.22269
8.08767
7.8928
7.61394
7.22527
6.72155
6.11275
5.52238
5.58703
6.95562
5.30951
4.68893
4.61636
698.874
584.116
94.7317
21.9521
20.8162
20.0355
18.595
12.3986
9.48126
5.51727
1.64063
2.00601
2.21754
2.40208
2.658
2.93404
3.23836
5.00686
6.56712
6.06689
8.41871
18.6822
20.1827
21.4533
22.2149
12.6994
8.64096
8.57442
8.49541
8.37202
8.19268
7.94458
7.59093
7.07381
6.36664
6.16203
4.70192
5.66981
7.15901
4.25021
4.31578
4.5825
634.95
445.103
39.9883
23.4259
22.337
20.917
48.6983
48.8067
22.1998
1.74319
0.239994
0.892697
1.41237
1.80823
2.24414
12.9769
34.7651
32.0138
7.00111
6.49991
10.595
19.7582
21.1023
19.0678
11.0117
9.07994
8.97115
8.8768
8.75242
8.58297
8.3581
8.05263
7.61621
7.5792
10.4062
10.0808
8.40694
8.2
8.31241
6.8159
4.68094
5.05595
580.129
345.258
28.2082
24.4473
22.6245
22.101
63.5313
54.406
14.2728
0.648431
0.312324
0.62283
1.13783
1.91162
30.0182
41.8667
44.1884
34.8915
7.65251
7.67823
9.80176
14.9418
16.0399
9.92224
9.51163
9.43882
9.34466
9.22591
9.05911
8.84872
8.57778
8.2025
7.73167
10.4318
10.5798
8.86494
7.35073
6.67352
7.28851
5.52783
6.98767
8.27795
485.085
337.723
57.3114
23.4902
23.7074
72.3212
61.2252
4.84371
5.1289
1.55282
1.05229
0.980253
5.15361
39.1689
43.41
45.6625
42.8435
8.76206
8.67964
8.71299
9.29751
9.85115
9.86972
9.83746
9.87752
9.83845
9.74999
9.60336
9.40328
9.15464
8.84373
8.39873
7.78905
9.11832
10.4544
8.57169
7.11568
6.57214
5.65339
3.05262
4.39226
5.83801
322.758
360.859
186.866
84.8374
118.017
167.069
42.6223
4.99488
4.34088
2.95401
2.23113
5.91585
37.8395
43.4679
46.0625
42.2434
9.04987
9.08218
9.18302
9.37759
11.2209
13.2795
13.6238
12.769
11.2628
10.518
10.1658
9.98545
9.75807
9.48108
9.14045
8.66953
8.01489
7.03288
6.38241
7.48788
8.17039
7.46332
7.74166
5.83044
4.44968
5.82153
147.347
229.724
247.16
244.534
265.069
155.066
11.3405
6.60703
5.73548
4.52549
4.90533
28.7387
43.1763
45.7308
40.6728
8.43436
8.76251
9.12682
9.46507
10.6562
13.2482
13.9889
14.5781
14.9707
15.1251
14.9201
14.5887
13.505
11.9505
11.2041
10.607
9.84268
8.91243
7.7325
6.77616
5.66941
5.59404
5.84526
7.6681
7.82701
8.36542
6.54094
142.852
141.35
260.017
310.948
182.649
25.5941
10.5986
8.89648
7.32967
6.20193
20.555
42.8836
45.5185
46.8897
17.3776
8.00806
8.44329
8.90779
9.45402
10.1364
11.5484
13.4909
14.5621
14.8974
15.1602
15.9762
15.8692
15.6279
15.283
14.7792
14.0804
13.2173
12.3032
10.998
7.7851
6.66477
5.81862
5.13438
4.77009
5.47457
6.92644
6.75588
142.773
153.72
246.63
200.476
25.2237
15.1245
12.7105
11.0099
9.66454
15.7327
42.4043
46.6699
47.2025
46.5099
28.8997
7.57653
8.17508
8.68616
9.90108
10.3362
11.2087
12.0083
12.7146
13.2706
13.5981
13.8664
14.1606
13.9696
12.7961
12.3962
12.5327
12.9073
12.5767
11.7928
9.32321
7.04355
6.32296
5.71763
5.30041
5.20117
6.72904
6.7845
174.89
223.733
227.242
69.3575
26.6079
16.4801
13.9672
13.2589
13.5348
23.476
50.5274
52.388
50.5238
47.9767
48.7218
15.3394
8.3077
10.7128
11.8075
10.9174
11.2193
11.8887
12.6516
13.185
13.5907
13.8022
14.0524
13.4632
12.9564
12.4893
11.9876
11.2625
10.985
9.95457
8.43056
7.49043
7.06776
6.70716
6.30004
6.28072
6.64702
6.14285
171.574
181.071
172.422
144.856
48.238
19.754
17.2772
17.1606
18.6747
22.0241
40.4828
60.069
57.7143
53.7331
40.1507
24.6507
13.945
11.8641
10.6003
10.5873
10.7185
10.854
17.0233
18.1176
17.7156
19.8969
21.6863
22.0557
22.018
17.1166
12.8545
11.4639
10.5481
9.7784
8.99601
8.16786
7.36282
6.96355
6.50937
6.18182
6.3931
6.12983
124.099
131.936
183.199
201.152
185.128
151.048
26.7754
24.4736
22.8135
24.9659
28.0636
38.0933
44.6135
34.5964
20.4128
18.4773
18.1384
17.8244
12.7721
10.8042
11.4195
17.0283
17.063
15.1292
17.6163
19.4662
20.5409
21.8376
23.1892
24.0279
23.7093
21.3839
12.7776
10.7723
9.87703
8.91369
8.03591
7.49336
6.99394
6.53798
6.80053
7.72836
123.989
120.005
118.206
118.894
223.779
325.118
312.826
75.2129
25.3791
26.6915
28.8131
30.7613
30.3017
23.0693
18.1253
15.2326
12.8927
12.1469
11.6488
11.1929
10.9007
10.7006
10.5964
10.5521
12.601
16.4261
18.8866
21.6034
24.2608
22.1511
17.8481
14.4585
12.858
11.709
10.7582
11.5289
11.051
10.2449
9.67393
7.33874
9.3075
9.77092
)
;

boundaryField
{
    leftWall
    {
        type            fixedFluxPressure;
        gradient        uniform 0;
        value           nonuniform List<scalar> 
46
(
498.225
441.749
263.103
117.337
66.1123
25.4757
14.0104
11.96
12.8733
13.2207
13.0668
12.6702
12.1985
11.712
11.3414
10.923
10.5064
10.1212
9.75708
9.40943
9.12079
8.8592
8.61644
8.39224
8.17912
7.80439
7.52614
7.41318
7.4995
7.3849
7.2463
6.89424
6.80476
6.71582
6.62622
6.53577
6.44472
6.35343
6.26213
6.1707
6.07883
5.98671
5.89584
5.80727
5.71766
5.61877
)
;
    }
    rightWall
    {
        type            fixedFluxPressure;
        gradient        uniform 0;
        value           nonuniform List<scalar> 
46
(
380.989
393.483
210.909
128.352
123.989
120.005
118.206
118.894
223.779
325.118
312.826
75.2129
25.3791
26.6915
28.8131
30.7613
30.3017
23.0693
18.1253
15.2326
12.8927
12.1469
11.6488
11.1929
10.9007
10.7006
10.5964
10.5521
12.601
16.4261
18.8866
21.6034
24.2608
22.1511
17.8481
14.4585
12.858
11.709
10.7582
11.5289
11.051
10.2449
9.67393
7.33874
9.3075
9.77092
)
;
    }
    lowerWall
    {
        type            fixedFluxPressure;
        gradient        uniform 0;
        value           nonuniform List<scalar> 
52
(
993.114
988.137
1056.41
1103.51
993.114
970.35
936.097
914.422
903.941
890.077
771.521
584.578
424.345
356.407
330.696
306.884
277.104
244.893
247.999
295.413
384.797
340.382
380.989
829.494
808.557
792.141
803.158
498.225
428.58
576.19
454.583
325.106
327.794
377.794
440.957
470.044
452.112
467.083
598.749
846.34
1006.7
1051.69
1041.92
1006.7
949.432
912.874
853.516
812.834
805.888
829.494
836.554
966.094
)
;
    }
    atmosphere
    {
        type            prghTotalPressure;
        rho             rho;
        psi             none;
        gamma           1;
        p0              uniform 0;
        value           nonuniform List<scalar> 
44
(
5.56061
5.55685
5.55816
5.55836
5.5595
5.56097
5.56288
5.56517
5.56776
5.57055
5.57341
5.57618
5.57865
5.58057
5.58164
5.58146
5.57953
5.57526
5.56787
5.55637
5.53946
5.51551
5.48242
5.43882
5.3833
5.30552
5.19504
5.05451
4.88522
4.69753
4.52449
4.49328
4.58997
5.04916
5.69103
6.5566
6.56254
7.18368
7.31502
7.2448
6.48315
6.2773
7.57666
9.70073
)
;
        rho             rho;
    }
    frontAndBack
    {
        type            empty;
    }
}


// ************************************************************************* //
