/*--------------------------------*- C++ -*----------------------------------*\
  =========                 |
  \\      /  F ield         | OpenFOAM: The Open Source CFD Toolbox
   \\    /   O peration     | Website:  https://openfoam.org
    \\  /    A nd           | Version:  13
     \\/     M anipulation  |
\*---------------------------------------------------------------------------*/
FoamFile
{
    format      ascii;
    class       surfaceScalarField;
    location    "0.4";
    object      phi;
}
// * * * * * * * * * * * * * * * * * * * * * * * * * * * * * * * * * * * * * //

dimensions      [0 3 -1 0 0 0 0];

internalField   nonuniform List<scalar> 
3938
(
-4.84892e-05
4.84892e-05
-5.42741e-05
5.78485e-06
-5.68153e-06
-4.85925e-05
-6.42211e-05
5.85396e-05
-3.70885e-06
5.21981e-05
3.27026e-05
-3.06266e-05
7.77445e-05
-9.36344e-05
-0.000115773
0.000129296
3.30439e-05
1.91542e-05
7.97811e-05
-7.73639e-05
0.000121011
-0.000134864
-0.000152209
0.000157448
5.42118e-05
-3.50576e-05
9.60113e-05
-0.000119163
0.000124569
-0.000163422
-0.000176641
0.000149
5.03132e-05
-8.53708e-05
8.26249e-05
-0.000151475
0.000104787
-0.000185583
-0.000202513
0.000130659
4.10535e-05
-0.000126424
5.9513e-05
-0.000169935
7.55326e-05
-0.000201603
-0.000217271
9.02914e-05
2.78932e-05
-0.000154318
3.57095e-05
-0.000177751
4.63636e-05
-0.000212257
-0.000217883
4.69756e-05
1.42182e-05
-0.000168536
1.44962e-05
-0.000178029
1.26297e-05
-0.000210391
-0.000210627
5.37284e-06
3.20438e-06
-0.00017174
-8.69316e-07
-0.000173955
-1.29383e-05
-0.000198322
-0.000188859
-3.47062e-05
-3.34379e-06
-0.000168396
-8.07986e-06
-0.000169219
-2.37951e-05
-0.000182607
-0.000158342
-5.43116e-05
-6.93731e-06
-0.000161459
-1.24563e-05
-0.0001637
-2.71487e-05
-0.000167914
-0.000142609
-4.28817e-05
-9.36251e-06
-0.000152096
-1.54817e-05
-0.000157581
-2.79859e-05
-0.00015541
-0.000123439
-4.71563e-05
-1.17995e-05
-0.000140297
-1.84918e-05
-0.000150889
-3.00968e-05
-0.000143805
-0.000104335
-4.92003e-05
-1.50199e-05
-0.000125277
-2.26753e-05
-0.000143233
-3.37493e-05
-0.000132731
-8.56441e-05
-5.24404e-05
-1.99365e-05
-0.000105341
-2.94174e-05
-0.000133752
-3.93095e-05
-0.000122839
-6.82203e-05
-5.67334e-05
-2.77878e-05
-7.75527e-05
-4.03089e-05
-0.000121231
-4.6926e-05
-0.000116222
-5.57705e-05
-5.93758e-05
-3.87861e-05
-3.87666e-05
-5.64483e-05
-0.000103569
-5.81626e-05
-0.000114508
-5.4395e-05
-5.95381e-05
-4.85028e-05
9.73622e-06
-7.48167e-05
-7.72551e-05
-7.32753e-05
-0.000116049
-6.37325e-05
-6.39378e-05
-4.49556e-05
5.46918e-05
-8.19763e-05
-4.02344e-05
-8.5661e-05
-0.000112364
-8.98135e-05
-5.958e-05
-2.18438e-05
7.65356e-05
-5.95283e-05
-2.5499e-06
-8.36792e-05
-8.82134e-05
-9.88229e-05
-7.46697e-05
1.04708e-05
6.60648e-05
-9.38399e-06
1.73049e-05
-4.64028e-05
-5.11945e-05
-8.66387e-05
-5.85871e-05
3.16707e-05
3.43941e-05
3.5653e-05
1.33225e-05
4.78823e-06
-2.03297e-05
-4.84769e-05
-3.33736e-05
3.43941e-05
4.77167e-05
2.73869e-05
-2.109e-05
3.77208e-05
-3.77208e-05
5.47685e-05
-1.70477e-05
3.38771e-05
2.08914e-05
3.50807e-05
-1.20361e-06
2.85937e-05
-6.63144e-05
2.25827e-05
-1.10368e-05
8.50294e-07
4.26238e-05
5.20927e-05
-1.61618e-05
-1.13225e-05
-5.4992e-05
-3.39541e-05
1.15949e-05
-3.68908e-05
4.55606e-05
5.64183e-05
-4.12164e-05
-3.51254e-05
-1.98666e-05
-4.87573e-05
2.52268e-05
-4.63268e-05
4.31301e-05
9.81066e-05
-8.80151e-05
-3.74785e-05
1.76119e-05
-4.69257e-05
3.4674e-05
-6.06945e-05
5.68989e-05
0.000200577
-0.000163165
-3.35264e-05
5.11383e-05
-4.65011e-05
4.76487e-05
-8.85128e-05
9.89106e-05
0.000363556
-0.000251492
-2.85839e-05
7.97223e-05
-4.60588e-05
6.51236e-05
-0.000100326
0.000153178
0.000555071
-0.00029184
-2.36029e-05
0.000103325
-4.0323e-05
8.18437e-05
-8.11035e-05
0.000193958
0.000731712
-0.000257745
-1.79507e-05
0.000121276
-3.14438e-05
9.53369e-05
-5.00608e-05
0.000212575
0.000832915
-0.000151264
-1.17476e-05
0.000133023
-2.29461e-05
0.000106535
-2.63201e-05
0.000215949
0.000841274
-3.46786e-05
-5.01887e-06
0.000138042
-1.47174e-05
0.000116234
-7.53516e-06
0.000208767
0.000790544
4.31944e-05
3.64503e-06
0.000134397
-3.22449e-06
0.000123103
1.20533e-05
0.000193489
0.000700947
0.000101651
1.66984e-05
0.000117699
1.27727e-05
0.000127029
3.89086e-05
0.000167353
0.000573646
0.00016621
3.15577e-05
8.61411e-05
3.57956e-05
0.000122791
6.60896e-05
0.000137059
0.000420811
0.000218924
4.49063e-05
4.12348e-05
6.42537e-05
0.000103444
8.85629e-05
0.00011275
0.000271369
0.000238005
5.14901e-05
-1.02553e-05
8.37224e-05
7.12117e-05
9.46186e-05
0.000101854
0.000173658
0.00019233
3.63142e-05
-4.65695e-05
7.45752e-05
3.29506e-05
9.63158e-05
8.01131e-05
0.000114617
0.000155357
-1.55056e-06
-4.50189e-05
3.17481e-05
-3.48108e-07
6.84993e-05
4.33619e-05
6.28781e-05
0.000120238
-4.50189e-05
-4.5367e-05
-2.0051e-06
6.0873e-05
0.000123757
-6.52178e-05
0.000175068
-5.13109e-05
0.00021126
-3.61913e-05
0.000237167
-2.59072e-05
0.000257072
-1.99057e-05
0.000272826
-1.57536e-05
0.000284911
-1.20847e-05
0.000294324
-9.41371e-06
0.000301954
-7.62976e-06
0.00030854
-6.58578e-06
0.000314923
-6.38255e-06
0.000322085
-7.16268e-06
0.000330802
-8.71649e-06
0.000341074
-1.02724e-05
0.000352208
-1.11339e-05
0.000363474
-1.12659e-05
0.000374436
-1.09625e-05
0.000385023
-1.05861e-05
0.00039541
-1.0387e-05
0.000405916
-1.05066e-05
0.000417317
-1.14012e-05
0.000431328
-1.40102e-05
0.000448246
-1.69189e-05
0.000465252
-1.70056e-05
0.000479488
-1.4236e-05
0.000491741
-1.22532e-05
0.000503795
-1.20536e-05
0.000509057
-5.26163e-06
0.000499165
9.89106e-06
0.000476359
2.28063e-05
0.000445136
3.12229e-05
0.00040634
3.87965e-05
0.000359395
4.69452e-05
0.000308818
5.05768e-05
0.000261738
4.70802e-05
0.000212046
4.96918e-05
0.000145214
6.68322e-05
8.22617e-05
6.29518e-05
4.76897e-05
3.45723e-05
4.70415e-05
6.48223e-07
7.73453e-05
-3.0304e-05
-3.31646e-07
0.000176876
-0.000112798
0.000208665
-8.31002e-05
0.000221398
-4.89245e-05
0.000220272
-2.4781e-05
0.000218705
-1.83383e-05
0.000223556
-2.06048e-05
0.000231121
-1.96501e-05
0.000241135
-1.94276e-05
0.000251167
-1.7661e-05
0.000262984
-1.84035e-05
0.000279322
-2.27203e-05
0.000302496
-3.03362e-05
0.000337955
-4.41755e-05
0.000391944
-6.42616e-05
0.000455994
-7.5184e-05
0.000513754
-6.90262e-05
0.000556331
-5.35395e-05
0.000586191
-4.04454e-05
0.000612762
-3.69583e-05
0.000648036
-4.57811e-05
0.000707036
-7.04012e-05
0.000806137
-0.000113111
0.000942782
-0.000153564
0.00108137
-0.000155592
0.00117864
-0.00011151
0.00121844
-5.20562e-05
0.00120778
-1.38664e-06
0.00111731
8.52069e-05
0.00100023
0.000126972
0.00091379
0.000109244
0.000859434
8.55792e-05
0.000814424
8.38069e-05
0.00076945
9.19188e-05
0.000726715
9.33115e-05
0.000698149
7.56468e-05
0.000673051
7.47895e-05
0.000645181
9.47022e-05
0.000608521
9.96122e-05
0.000553618
8.94755e-05
0.000480458
7.38074e-05
0.000387109
6.30451e-05
8.5039e-05
0.000187041
-0.000142391
0.000179391
-7.54502e-05
0.000142473
-1.20063e-05
8.35364e-05
3.41556e-05
4.54683e-05
1.97298e-05
0.000124861
-9.99978e-05
0.000251108
-0.000145897
0.000391629
-0.000159949
0.000522559
-0.000148592
0.000640027
-0.000135872
0.000747987
-0.000130681
0.000847451
-0.0001298
0.000937342
-0.000134067
0.00101899
-0.000145909
0.00110321
-0.000159401
0.00119916
-0.000164984
0.00130498
-0.000159356
0.00141008
-0.000145542
0.00150286
-0.000129739
0.0015746
-0.000117524
0.00161605
-0.000111853
0.00161741
-0.000114468
0.00157911
-0.000115262
0.00152028
-9.67677e-05
0.0014627
-5.39205e-05
0.00142129
-1.06547e-05
0.00140728
1.26315e-05
0.0014471
4.53826e-05
0.00147683
9.72463e-05
0.00143614
0.000149926
0.00135785
0.000163877
0.0012826
0.000159048
0.00122212
0.000152406
0.00117034
0.00014509
0.00109127
0.000154717
0.000992571
0.000173486
0.000908411
0.000178862
0.000854786
0.000153238
0.000805668
0.000138593
0.000742779
0.000136697
0.000674701
0.000131123
0.000132644
0.000159899
-0.00015329
0.000172383
-8.79339e-05
0.000139392
2.0984e-05
0.000100654
7.28943e-05
0.000129766
-9.38237e-06
0.000202861
-0.000173093
0.00031924
-0.000262276
0.000412422
-0.000253131
0.000479929
-0.000216099
0.000534949
-0.000190892
0.000589332
-0.000185064
0.000649138
-0.000189605
0.000716932
-0.000201861
0.000791563
-0.00022054
0.000870543
-0.00023838
0.000952731
-0.000247172
0.00103716
-0.000243785
0.00111995
-0.000228333
0.00119225
-0.00020204
0.00124471
-0.000169986
0.00127151
-0.000138648
0.00126775
-0.000110716
0.00123683
-8.43321e-05
0.00119641
-5.63571e-05
0.00116996
-2.74647e-05
0.00117017
-1.08658e-05
0.0011935
-1.06961e-05
0.00124078
-1.8956e-06
0.0013165
2.15202e-05
0.00141204
5.43832e-05
0.00149387
8.20517e-05
0.00153977
0.000113144
0.00153544
0.000156741
0.00148276
0.000197766
0.0014043
0.00023318
0.00130938
0.000268411
0.00119969
0.000288546
0.00106651
0.000286414
0.0009442
0.000260908
0.000861668
0.000219229
0.000794101
0.00019869
0.00018287
0.00014432
-0.000166952
0.000102396
-4.60092e-05
7.41455e-05
4.92343e-05
0.000122513
2.4527e-05
0.000231236
-0.000118105
0.000318595
-0.000260452
0.000361519
-0.0003052
0.000373161
-0.000264774
0.000382143
-0.00022508
0.00041992
-0.000228669
0.00049179
-0.000256935
0.000584998
-0.000282813
0.00068478
-0.000301643
0.000781738
-0.000317498
0.00087044
-0.000327083
0.0009479
-0.000324632
0.00101263
-0.000308516
0.00106525
-0.000280947
0.00110702
-0.000243814
0.00113706
-0.000200027
0.00115511
-0.000156699
0.0011636
-0.000119209
0.00116839
-8.91199e-05
0.00117477
-6.27299e-05
0.00118644
-3.91425e-05
0.00120683
-3.12488e-05
0.00123366
-3.75293e-05
0.00126458
-3.28116e-05
0.00129778
-1.16885e-05
0.001333
1.91644e-05
0.00136769
4.73671e-05
0.00140155
7.92855e-05
0.00142647
0.000131813
0.00142847
0.000195766
0.00140001
0.000261641
0.00133984
0.00032858
0.00125178
0.000376609
0.00114613
0.000392062
0.00102686
0.000380182
0.000918989
0.0003271
0.000828607
0.000289072
0.000242834
8.34894e-05
-0.00016015
6.79664e-05
-3.04861e-05
0.000126221
-9.02067e-06
0.000240234
-8.94858e-05
0.000326554
-0.000204425
0.000343351
-0.00027725
0.000318514
-0.000280362
0.000328213
-0.000274473
0.000399688
-0.000296555
0.000514666
-0.000343647
0.000636318
-0.000378587
0.000737642
-0.000384137
0.000802308
-0.000366309
0.000839314
-0.000354503
0.000865101
-0.000352871
0.000888543
-0.000348073
0.000915867
-0.00033584
0.000951766
-0.000316846
0.000997486
-0.000289534
0.00104737
-0.000249907
0.00109572
-0.000205053
0.00114046
-0.000163948
0.00117887
-0.000127535
0.0012074
-9.12528e-05
0.00122515
-5.68973e-05
0.00123068
-3.67727e-05
0.0012305
-3.73552e-05
0.00123714
-3.94505e-05
0.00125563
-3.01753e-05
0.00127895
-4.15374e-06
0.00129709
2.92187e-05
0.00130187
7.45077e-05
0.00129825
0.000135432
0.00128238
0.000211636
0.00124784
0.000296179
0.00119579
0.000380639
0.00112935
0.000443045
0.00105454
0.000466873
0.000981912
0.000452809
0.000904109
0.000404903
0.000824924
0.000368257
0.000313181
8.30337e-05
-0.000196208
0.00014646
-9.39119e-05
0.000218353
-8.0914e-05
0.000257089
-0.000128222
0.000260488
-0.000207824
0.000256346
-0.000273108
0.000305621
-0.000329637
0.000418313
-0.000387165
0.000555101
-0.000433344
0.000672866
-0.000461412
0.000748787
-0.000454508
0.00077792
-0.00041327
0.000760782
-0.00034917
0.0007195
-0.000313222
0.000689271
-0.000322642
0.000675766
-0.000334569
0.000679728
-0.000339802
0.000704656
-0.000341773
0.000745993
-0.000330872
0.000796927
-0.000300842
0.000850767
-0.000258892
0.000907449
-0.00022063
0.000969097
-0.000189184
0.0010342
-0.00015636
0.0011006
-0.00012329
0.00116085
-9.70281e-05
0.00120225
-7.87501e-05
0.00122329
-6.04934e-05
0.00122975
-3.66333e-05
0.0012319
-6.3043e-06
0.00122764
3.34806e-05
0.00121338
8.87635e-05
0.00118729
0.000161525
0.00114797
0.000250953
0.00109349
0.000350656
0.00103008
0.000444051
0.000962987
0.00051014
0.000896749
0.000533111
0.000845126
0.000504431
0.00081127
0.000438759
0.000765877
0.00041365
0.000386829
1.66497e-05
-0.000207485
3.76976e-05
-0.00011496
4.43598e-05
-8.75763e-05
5.97774e-05
-0.000143639
0.000135693
-0.00028374
0.000263127
-0.000400542
0.000417924
-0.000484434
0.000554863
-0.000524104
0.000644628
-0.000523109
0.00067494
-0.000491723
0.000662856
-0.000442424
0.000638995
-0.000389409
0.000623214
-0.000333389
0.000606127
-0.000296135
0.000589379
-0.000305894
0.000586899
-0.000332088
0.000594732
-0.000347635
0.00061002
-0.000357062
0.000637211
-0.000358063
0.000682174
-0.000345805
0.000747649
-0.000324367
0.000828731
-0.000301713
0.000918562
-0.000279015
0.00101398
-0.000251774
0.00110857
-0.000217881
0.0011905
-0.000178965
0.00124758
-0.000135823
0.00127351
-8.64224e-05
0.00126799
-3.11133e-05
0.001236
2.56821e-05
0.00118884
8.06388e-05
0.00113799
0.00013962
0.00108564
0.000213872
0.00102864
0.000307947
0.000966256
0.000413044
0.000901747
0.000508561
0.000838101
0.000573785
0.000775932
0.00059528
0.000720386
0.000559977
0.000687038
0.000472107
0.000673937
0.000426752
0.000446127
-6.74593e-05
-0.000174732
-8.83131e-05
-9.41062e-05
-8.52079e-05
-9.06815e-05
1.68188e-05
-0.000245666
0.000189894
-0.000456815
0.000359216
-0.000569864
0.00047931
-0.000604528
0.000537592
-0.000582385
0.00054565
-0.000531167
0.000529642
-0.000475715
0.000523451
-0.000436233
0.000549424
-0.000415382
0.000612525
-0.00039649
0.000681944
-0.000365554
0.000717838
-0.000341787
0.000722616
-0.000336867
0.00072364
-0.000348659
0.000736874
-0.000370296
0.000769292
-0.00039048
0.00082311
-0.000399623
0.000894788
-0.000396046
0.000975403
-0.000382327
0.00105677
-0.000360383
0.00113368
-0.000328679
0.00120075
-0.000284951
0.00125038
-0.000228595
0.00127554
-0.000160991
0.00127421
-8.5088e-05
0.00124787
-4.76878e-06
0.0011978
7.5749e-05
0.00113041
0.00014803
0.00105695
0.000213076
0.000987165
0.000283658
0.000923605
0.000371507
0.000865404
0.000471246
0.000813015
0.00056095
0.000765321
0.00062148
0.000715721
0.00064488
0.000657984
0.000617713
0.000604772
0.00052532
0.000595552
0.000435971
0.000486551
-0.000106732
-0.000122311
-0.000108283
-9.25558e-05
-5.16014e-05
-0.000147363
0.000108111
-0.000405378
0.000259631
-0.000608335
0.000343504
-0.000653737
0.000369436
-0.00063046
0.000370331
-0.000583281
0.000374573
-0.000535409
0.000416258
-0.0005174
0.000521049
-0.000541024
0.000656401
-0.000550735
0.000769277
-0.000509366
0.000838816
-0.000435093
0.000869663
-0.000372633
0.00087807
-0.000345274
0.000882858
-0.000353448
0.000896321
-0.00038376
0.00092289
-0.000417049
0.00096145
-0.000438184
0.00100864
-0.000443236
0.00105957
-0.000433259
0.0011079
-0.000408713
0.00114777
-0.000368547
0.00117505
-0.000312228
0.00118654
-0.000240091
0.00118048
-0.000154926
0.0011587
-6.33108e-05
0.00112519
2.87486e-05
0.00108087
0.000120067
0.00102336
0.000205542
0.000955614
0.000280819
0.000886537
0.000352735
0.000827989
0.000430055
0.000785554
0.000513681
0.000751774
0.000594729
0.000718945
0.000654309
0.000683543
0.000680282
0.000633547
0.000667709
0.000567357
0.00059151
0.00053803
0.000465299
0.000492516
-7.04601e-05
-9.4733e-05
-5.29392e-05
-0.000110077
2.07795e-05
-0.000221081
0.000132729
-0.000517327
0.000188617
-0.000664223
0.000196302
-0.000661422
0.000195593
-0.000629751
0.000213412
-0.0006011
0.000291246
-0.000613243
0.000462302
-0.000688456
0.000676599
-0.000755321
0.000856961
-0.000731097
0.000973081
-0.000625486
0.00102625
-0.000488259
0.00103638
-0.000382764
0.00102877
-0.000337667
0.00101879
-0.000343464
0.00101106
-0.000376028
0.00100752
-0.000413515
0.00101037
-0.000441032
0.00101945
-0.000452314
0.00103076
-0.000444573
0.00103812
-0.000416074
0.00103785
-0.00036827
0.00103131
-0.000305691
0.00102095
-0.000229732
0.00100711
-0.000141084
0.000989638
-4.58412e-05
0.000971728
4.66575e-05
0.000954233
0.000137562
0.000930494
0.000229281
0.000890583
0.00032073
0.000839294
0.000404024
0.00078956
0.000479789
0.000749093
0.000554148
0.000717338
0.000626484
0.000686323
0.000685324
0.000650572
0.000716033
0.000604
0.000714282
0.000530365
0.000665144
0.000453919
0.000541745
0.000512751
-4.19034e-05
-9.9986e-05
-2.14777e-05
-0.000130502
3.29289e-05
-0.000275488
7.77402e-05
-0.000562139
7.18378e-05
-0.00065832
5.31187e-05
-0.000642703
6.65349e-05
-0.000643167
0.000148317
-0.000682882
0.000337236
-0.000802162
0.000581129
-0.000932348
0.000807257
-0.00098145
0.000996325
-0.000920165
0.00112569
-0.000754846
0.00118046
-0.000543033
0.00117775
-0.000380057
0.00114404
-0.000303956
0.00109933
-0.000298753
0.00105295
-0.000329645
0.00100937
-0.000369936
0.000972062
-0.000403727
0.000939848
-0.0004201
0.000908444
-0.000413169
0.000875284
-0.000382915
0.000844478
-0.000337464
0.000824242
-0.000285455
0.000819798
-0.000225288
0.000831992
-0.000153278
0.000857212
-7.10603e-05
0.000889994
1.38753e-05
0.000913325
0.000114231
0.000924002
0.000218603
0.00091703
0.000327703
0.000889117
0.000431937
0.000842511
0.000526394
0.000785959
0.000610701
0.000730625
0.000681817
0.000679487
0.000736462
0.000627468
0.000768053
0.000568222
0.000773527
0.000487914
0.000745452
0.000381352
0.000648307
0.000572779
-4.64069e-05
-0.000102779
-2.83377e-05
-0.000148571
7.34905e-06
-0.000311175
-4.81413e-06
-0.000549976
-4.52403e-05
-0.000617894
-5.04865e-05
-0.000637457
1.31913e-05
-0.000706845
0.000180173
-0.000849864
0.000403984
-0.00102597
0.000625696
-0.00115406
0.000826048
-0.0011818
0.000996393
-0.00109051
0.00112743
-0.000885883
0.001196
-0.000611607
0.00119331
-0.000377367
0.00113988
-0.000250521
0.00106283
-0.000221707
0.000979989
-0.000246802
0.000901073
-0.000291019
0.00082804
-0.000330695
0.000758357
-0.000350417
0.000693181
-0.000347992
0.000638773
-0.000328506
0.000605383
-0.000304074
0.000597993
-0.000278066
0.000616101
-0.000243395
0.000656855
-0.000194032
0.000714876
-0.000129082
0.000776332
-4.75811e-05
0.000834489
5.60752e-05
0.000875986
0.000177107
0.000898654
0.000305034
0.000895454
0.000435137
0.000864288
0.00055756
0.000809271
0.000665718
0.000741311
0.000749777
0.000672306
0.000805467
0.000608944
0.000831414
0.000540709
0.000841762
0.000454566
0.000831596
0.00034756
0.000755313
0.000654154
-6.47907e-05
-9.04291e-05
-5.56498e-05
-0.000157712
-4.92514e-05
-0.000317573
-9.28934e-05
-0.000506333
-0.000125436
-0.000585352
-8.9548e-05
-0.000673345
4.72813e-05
-0.000843674
0.000237793
-0.00104038
0.000412849
-0.00120103
0.000572815
-0.00131403
0.000694886
-0.00130387
0.000786529
-0.00118215
0.000873358
-0.000972712
0.000943002
-0.000681251
0.000956111
-0.000390475
0.000913049
-0.000207459
0.000838087
-0.000146745
0.000749955
-0.000158671
0.000659591
-0.000200655
0.000569539
-0.000240643
0.000486362
-0.00026724
0.000421555
-0.000283185
0.000379204
-0.000286155
0.00035517
-0.000280041
0.000344794
-0.000267689
0.000346995
-0.000245596
0.00036434
-0.000211377
0.00039876
-0.000163502
0.000449428
-9.82486e-05
0.000513358
-7.85562e-06
0.000583355
0.00010711
0.000649439
0.00023895
0.000694792
0.000389785
0.000709594
0.000542758
0.00069466
0.000680652
0.000655222
0.000789215
0.00060152
0.000859169
0.000547696
0.000885239
0.000490172
0.000899286
0.000416794
0.000904974
0.000327235
0.000844871
0.000727765
-8.44184e-05
-6.2744e-05
-9.46022e-05
-0.000147528
-0.000117058
-0.000295117
-0.000163591
-0.000459801
-0.00016493
-0.000584013
-6.77286e-05
-0.000770546
0.000103039
-0.00101444
0.000252114
-0.00118945
0.000365533
-0.00131445
0.000445197
-0.00139369
0.000479126
-0.0013378
0.000480891
-0.00118392
0.000480748
-0.000972569
0.000493161
-0.000693664
0.000503036
-0.00040035
0.000488596
-0.000193018
0.000446677
-0.000104827
0.000384387
-9.63805e-05
0.000312071
-0.000128339
0.000242011
-0.000170583
0.000189182
-0.000214411
0.000149662
-0.000243665
0.000106308
-0.000242801
5.12885e-05
-0.000225021
-6.11215e-07
-0.000215789
-2.68049e-05
-0.000219402
-2.05438e-05
-0.000217638
1.07868e-05
-0.000194833
5.93985e-05
-0.00014686
0.000120866
-6.93226e-05
0.000189404
3.85718e-05
0.000259316
0.000169038
0.000326513
0.000322588
0.000381832
0.000487438
0.000416848
0.000645636
0.000425899
0.000780164
0.000418571
0.000866497
0.000395786
0.000908024
0.000357981
0.000937091
0.000314425
0.00094853
0.000261667
0.000897628
0.000759025
-9.29575e-05
-2.91622e-05
-0.000129289
-0.000111197
-0.000169977
-0.000254429
-0.000203321
-0.000426457
-0.000160387
-0.000626946
-1.6003e-05
-0.000914931
0.000130232
-0.00116068
0.00022832
-0.00128754
0.000277706
-0.00136383
0.000267152
-0.00138314
0.000211464
-0.00128211
0.000129862
-0.00110232
5.53029e-05
-0.00089801
1.58908e-05
-0.000654252
1.43206e-05
-0.00039878
1.28312e-05
-0.000191529
-2.62949e-06
-8.93659e-05
-3.02199e-05
-6.87902e-05
-5.57801e-05
-0.000102779
-6.77026e-05
-0.00015866
-8.75612e-05
-0.000194553
-0.00014229
-0.000188936
-0.000223433
-0.000161659
-0.00029838
-0.000150074
-0.000349789
-0.000164381
-0.000383069
-0.000186121
-0.000403793
-0.000196914
-0.000408273
-0.000190352
-0.00039035
-0.000164783
-0.000348279
-0.000111394
-0.000289296
-2.0412e-05
-0.000216387
9.61292e-05
-0.00013366
0.000239862
-4.94874e-05
0.000403265
2.50921e-05
0.000571057
8.40771e-05
0.000721179
0.000125746
0.000824828
0.00013902
0.000894749
0.00013144
0.000944671
0.000118971
0.000961
0.0001178
0.000898799
0.000704811
-8.39674e-05
-4.73281e-06
-0.000140567
-5.45967e-05
-0.000187253
-0.000207743
-0.000207209
-0.000406501
-0.000119138
-0.000715017
2.88793e-05
-0.00106295
0.000128514
-0.00126031
0.00018567
-0.00134469
0.000167238
-0.0013454
6.57096e-05
-0.00128161
-7.17239e-05
-0.00114468
-0.000203921
-0.000970119
-0.000308444
-0.000793486
-0.000369271
-0.000593425
-0.000399094
-0.000368957
-0.000407247
-0.000183376
-0.000404157
-9.24555e-05
-0.000386123
-8.68246e-05
-0.000361913
-0.000126989
-0.000363234
-0.000157339
-0.000409647
-0.00014814
-0.000477701
-0.000120882
-0.00054078
-9.85792e-05
-0.000601608
-8.92457e-05
-0.000675257
-9.07319e-05
-0.000756813
-0.000104566
-0.000828964
-0.000124763
-0.000876614
-0.000142702
-0.000891844
-0.000149553
-0.000871271
-0.000131966
-0.000817004
-7.46795e-05
-0.000739871
1.89962e-05
-0.000642045
0.000142036
-0.000527989
0.000289209
-0.000410783
0.000453851
-0.000308137
0.000618533
-0.000237336
0.000754026
-0.000200578
0.000857992
-0.00018915
0.000933243
-0.000178666
0.000950516
-0.000108509
0.000828643
0.000500706
-7.62973e-05
7.62673e-06
-0.00011328
-1.76139e-05
-0.000157225
-0.000163798
-0.000165402
-0.000398324
-5.53604e-05
-0.000825058
4.94275e-05
-0.00116773
0.000107328
-0.00131821
0.000127575
-0.00136494
4.46768e-05
-0.0012625
-0.000131662
-0.00110527
-0.000305625
-0.000970717
-0.000456844
-0.000818901
-0.000568489
-0.000681841
-0.000657934
-0.00050398
-0.000714618
-0.000312273
-0.000720943
-0.000177051
-0.000697596
-0.000115803
-0.000675198
-0.000109222
-0.000683561
-0.000118626
-0.000725248
-0.000115652
-0.000769981
-0.000103406
-0.000798961
-9.19026e-05
-0.00082323
-7.43095e-05
-0.00086223
-5.02464e-05
-0.000922709
-3.02529e-05
-0.00100282
-2.44584e-05
-0.00109131
-3.62692e-05
-0.00117316
-6.08551e-05
-0.0012326
-9.01139e-05
-0.00125575
-0.00010881
-0.00124926
-8.11698e-05
-0.00121209
-1.8175e-05
-0.00113335
6.3296e-05
-0.00101412
0.000169983
-0.000873987
0.000313713
-0.000747697
0.000492243
-0.000660007
0.000666336
-0.000610611
0.000808596
-0.000576382
0.000899015
-0.000506375
0.000880508
-0.000344784
0.000667052
0.000255719
-4.93764e-05
-2.57684e-06
-6.12839e-05
-5.70625e-06
-8.50191e-05
-0.000140063
-8.2324e-05
-0.000401019
2.57814e-06
-0.00090996
4.86112e-05
-0.00121377
6.73916e-05
-0.00133699
2.86092e-05
-0.00132616
-0.000107952
-0.00112594
-0.000300062
-0.000913158
-0.000478306
-0.000792473
-0.000631367
-0.000665839
-0.000761565
-0.000551643
-0.000869304
-0.000396241
-0.000927074
-0.000254503
-0.000944585
-0.00015954
-0.000955153
-0.000105235
-0.000978537
-8.58385e-05
-0.00101046
-8.67041e-05
-0.00102807
-9.80434e-05
-0.00102099
-0.000110484
-0.00100203
-0.000110864
-0.000986131
-9.02067e-05
-0.00098525
-5.11273e-05
-0.00100428
-1.12275e-05
-0.00104185
1.3115e-05
-0.00108972
1.16018e-05
-0.00113911
-1.14644e-05
-0.00118413
-4.5091e-05
-0.00121915
-7.37965e-05
-0.00124016
-6.01518e-05
-0.00125416
-4.17661e-06
-0.00125408
6.32115e-05
-0.00123711
0.000153016
-0.00119272
0.000269318
-0.00112204
0.000421563
-0.00104106
0.000585357
-0.000950411
0.000717951
-0.000820472
0.000769076
-0.000624796
0.000684832
-0.000385753
0.000428009
0.000111942
-3.17428e-05
-4.55038e-05
2.23969e-05
-5.98459e-05
-2.00694e-05
-9.75962e-05
2.86618e-06
-0.000423954
2.35977e-05
-0.000930692
1.85366e-05
-0.00120871
-8.05298e-06
-0.0013104
-0.000120925
-0.00121329
-0.000280726
-0.000966142
-0.000438818
-0.000755066
-0.000605951
-0.00062534
-0.000763692
-0.000508099
-0.00091065
-0.000404685
-0.00102538
-0.000281508
-0.00109851
-0.000181375
-0.0011479
-0.00011015
-0.00117861
-7.45228e-05
-0.00118736
-7.70935e-05
-0.00117124
-0.000102826
-0.00113169
-0.000137588
-0.00108383
-0.00015835
-0.00104169
-0.000153001
-0.00101018
-0.000121715
-0.000996255
-6.50526e-05
-0.00100575
-1.73356e-06
-0.00102529
3.266e-05
-0.00105035
3.66584e-05
-0.00107373
1.19176e-05
-0.00109305
-2.57722e-05
-0.00111213
-5.47214e-05
-0.00111868
-5.36002e-05
-0.00111154
-1.13192e-05
-0.0011127
6.43793e-05
-0.00111673
0.000157043
-0.0011132
0.00026579
-0.00108399
0.00039235
-0.00101488
0.00051625
-0.000895844
0.000598913
-0.000725162
0.000598394
-0.000523873
0.000483544
-0.000358541
0.000262677
7.28311e-05
-3.70038e-05
-6.70871e-05
-3.28313e-05
-6.40183e-05
-1.73127e-05
-0.000113115
1.15128e-05
-0.00045278
-1.61991e-05
-0.00090298
-5.40882e-05
-0.00117082
-0.000137672
-0.00122682
-0.00028574
-0.00106522
-0.000422742
-0.00082914
-0.000553242
-0.000624566
-0.000709311
-0.00046927
-0.000870172
-0.000347238
-0.00101357
-0.000261284
-0.00111891
-0.000176173
-0.00119392
-0.000106365
-0.00124394
-6.01283e-05
-0.00126938
-4.90787e-05
-0.00127685
-6.96282e-05
-0.00127188
-0.000107793
-0.0012705
-0.000138975
-0.0012839
-0.000144943
-0.00130576
-0.000131147
-0.00132368
-0.000103789
-0.00132887
-5.98632e-05
-0.00132238
-8.22509e-06
-0.00131695
2.72268e-05
-0.00131246
3.21717e-05
-0.00130883
8.28852e-06
-0.00130376
-3.0843e-05
-0.00129119
-6.72944e-05
-0.00126759
-7.71945e-05
-0.00123454
-4.43745e-05
-0.00119905
2.88906e-05
-0.00116325
0.000121242
-0.00112137
0.00022391
-0.00106043
0.000331412
-0.000967931
0.00042375
-0.000842238
0.000473219
-0.00069651
0.000452666
-0.000565561
0.000352595
-0.000507056
0.000204171
7.0944e-05
-3.85212e-05
-6.19395e-05
-0.000120208
1.76685e-05
-7.88613e-05
-0.000154461
-4.01681e-05
-0.000491473
-8.90936e-05
-0.000854054
-0.000161352
-0.00109856
-0.000289485
-0.00109869
-0.000424803
-0.0009299
-0.000538993
-0.00071495
-0.000661995
-0.000501564
-0.000802904
-0.000328361
-0.000949305
-0.000200837
-0.00107487
-0.000135717
-0.00117081
-8.02339e-05
-0.00124747
-2.97017e-05
-0.00130609
-1.51004e-06
-0.00135132
-3.84761e-06
-0.00139529
-2.56574e-05
-0.0014506
-5.24842e-05
-0.00153093
-5.86462e-05
-0.00162252
-5.3355e-05
-0.00170566
-4.80082e-05
-0.00177145
-3.79938e-05
-0.001816
-1.532e-05
-0.00183967
1.54484e-05
-0.00185298
4.05357e-05
-0.00186322
4.24156e-05
-0.00186334
8.40802e-06
-0.00183622
-5.79657e-05
-0.00177765
-0.00012586
-0.00169915
-0.000155702
-0.00161494
-0.000128581
-0.00152858
-5.74718e-05
-0.00144005
3.27138e-05
-0.00134366
0.000127517
-0.00123306
0.000220814
-0.00110729
0.000297984
-0.000971549
0.000337474
-0.000841097
0.000322214
-0.000741854
0.000253353
-0.000693454
0.000155772
5.42841e-05
-3.66033e-05
-4.64261e-05
-0.000103793
8.48585e-05
-7.98388e-05
-0.000178415
-0.000110443
-0.000460869
-0.00017367
-0.000790826
-0.000277682
-0.000994547
-0.000415729
-0.00096064
-0.000530475
-0.000815154
-0.000630159
-0.000615266
-0.000740196
-0.000391527
-0.000865558
-0.000202999
-0.000992029
-7.4366e-05
-0.00110392
-2.38286e-05
-0.00119405
9.89513e-06
-0.00126911
4.53594e-05
-0.00133461
6.39936e-05
-0.00139894
6.04854e-05
-0.00146963
4.50286e-05
-0.00155798
3.58706e-05
-0.00166104
4.44119e-05
-0.00176881
5.44159e-05
-0.00187752
6.06969e-05
-0.00198319
6.7683e-05
-0.00207557
7.7052e-05
-0.00214305
8.29312e-05
-0.00217669
7.41713e-05
-0.00216946
3.51898e-05
-0.00211942
-4.16346e-05
-0.00203283
-0.000144556
-0.00192523
-0.000233454
-0.0018124
-0.000268534
-0.00171104
-0.000229942
-0.00162981
-0.000138697
-0.00155346
-4.36362e-05
-0.00146286
3.69165e-05
-0.00135108
0.000109031
-0.00122193
0.000168829
-0.00108641
0.000201953
-0.000961994
0.000197803
-0.000866932
0.000158291
-0.00080997
9.88099e-05
3.34772e-05
-2.23887e-05
-2.40375e-05
-1.67591e-05
7.92289e-05
-8.33381e-05
-0.000111836
-0.000163866
-0.000380341
-0.000243317
-0.000711375
-0.0003547
-0.000883165
-0.000476128
-0.000839211
-0.000573812
-0.00071747
-0.000656071
-0.000533007
-0.000742499
-0.000305098
-0.000841405
-0.000104093
-0.000942736
2.69653e-05
-0.00104207
7.55027e-05
-0.00112419
9.20128e-05
-0.00119417
0.000115349
-0.00126483
0.000134652
-0.00134463
0.000140282
-0.00143558
0.000135978
-0.00153645
0.000136737
-0.00163876
0.000146726
-0.00173851
0.000154167
-0.00183359
0.000155778
-0.00191759
0.000151676
-0.00197856
0.000138029
-0.00200332
0.000107685
-0.00198842
5.92727e-05
-0.00194023
-1.29977e-05
-0.00187404
-0.00010783
-0.00181014
-0.000208458
-0.00174179
-0.000301801
-0.0016579
-0.000352424
-0.00155958
-0.00032826
-0.00147236
-0.000225919
-0.00140529
-0.000110702
-0.00133913
-2.92431e-05
-0.001255
2.48965e-05
-0.0011533
6.71341e-05
-0.0010451
9.37473e-05
-0.000945835
9.85404e-05
-0.000869645
8.21006e-05
-0.000823031
5.21961e-05
1.72969e-05
-2.25794e-05
-1.45806e-06
-3.50504e-05
9.16999e-05
-0.000142519
-4.36776e-06
-0.000226049
-0.00029681
-0.000316102
-0.000621322
-0.000428598
-0.000770669
-0.000539997
-0.000727811
-0.000631153
-0.000626315
-0.00070207
-0.000462089
-0.000766384
-0.000240785
-0.000836661
-3.38159e-05
-0.000916528
0.000106832
-0.00101012
0.000169096
-0.00109667
0.000178566
-0.00117098
0.00018965
-0.00124686
0.000210532
-0.00133451
0.000227937
-0.0014322
0.000233667
-0.00152459
0.00022913
-0.00159538
0.000217515
-0.00163991
0.000198697
-0.00165712
0.000172984
-0.0016441
0.000138658
-0.00159802
9.19539e-05
-0.00152042
3.00856e-05
-0.00143335
-2.77999e-05
-0.00136371
-8.26406e-05
-0.0013255
-0.000146041
-0.0013218
-0.00021215
-0.00135635
-0.000267254
-0.00140597
-0.000302808
-0.00141973
-0.000314497
-0.00138706
-0.000258591
-0.00133594
-0.000161816
-0.00127707
-8.81178e-05
-0.00120658
-4.55951e-05
-0.00112282
-1.66195e-05
-0.00103404
4.96595e-06
-0.000952549
1.70476e-05
-0.000889208
1.87606e-05
-0.000849837
1.28246e-05
3.87975e-06
-2.817e-05
2.55083e-05
-8.81462e-05
0.000151676
-0.000246331
0.000153817
-0.000349262
-0.000193879
-0.000462643
-0.000507941
-0.000593137
-0.000640176
-0.00071459
-0.000606358
-0.000813619
-0.000527286
-0.000885366
-0.000390342
-0.000939507
-0.000186643
-0.000994647
2.13235e-05
-0.00106148
0.000173663
-0.00114527
0.000252893
-0.00123856
0.000271852
-0.00132596
0.000277046
-0.00141018
0.000294758
-0.00149451
0.000312268
-0.00157318
0.000312331
-0.0016204
0.000276349
-0.00161303
0.000210147
-0.00155373
0.000139398
-0.00145828
7.75315e-05
-0.00134077
2.11544e-05
-0.00121655
-3.22704e-05
-0.00110576
-8.06987e-05
-0.00102922
-0.000104347
-0.000994729
-0.000117129
-0.00100092
-0.00013985
-0.00104828
-0.000164787
-0.0011354
-0.00018014
-0.00126257
-0.000175636
-0.00141018
-0.00016689
-0.00150747
-0.000161294
-0.00151202
-0.000157272
-0.0014539
-0.000146234
-0.00137266
-0.000126841
-0.00128405
-0.000105226
-0.00119369
-8.53898e-05
-0.00111048
-6.61627e-05
-0.00104486
-4.68608e-05
-0.00100376
-2.828e-05
-9.89464e-06
-5.73339e-05
6.66804e-05
-0.000172395
0.000266737
-0.000337482
0.000318905
-0.000445943
-8.54188e-05
-0.000563387
-0.000390497
-0.000689892
-0.000513671
-0.000803455
-0.000492794
-0.000894698
-0.000436043
-0.000956594
-0.000328447
-0.000992453
-0.000150784
-0.0010214
5.0267e-05
-0.00106223
0.0002145
-0.00111903
0.000309686
-0.00119289
0.000345718
-0.0012709
0.00035505
-0.00134166
0.000365518
-0.00139252
0.000363137
-0.00140593
0.000325738
-0.001363
0.000233414
-0.00125277
9.99201e-05
-0.00110749
-5.88321e-06
-0.00097022
-5.97376e-05
-0.00086445
-8.46159e-05
-0.0007948
-0.00010192
-0.000761341
-0.000114158
-0.000750853
-0.000114835
-0.000760734
-0.000107247
-0.000811941
-8.86428e-05
-0.000910522
-6.62071e-05
-0.00103719
-5.34691e-05
-0.00118721
-2.56162e-05
-0.00135994
5.83413e-06
-0.00148089
-4.03412e-05
-0.00150131
-0.000136852
-0.0014483
-0.000199239
-0.00136277
-0.00021237
-0.00126652
-0.000201476
-0.00117082
-0.00018109
-0.00108526
-0.000151722
-0.00101913
-0.000112999
-0.000978151
-6.92552e-05
-2.3632e-05
-0.000140846
0.00016631
-0.000285809
0.0004117
-0.000440512
0.000473608
-0.000547084
2.11527e-05
-0.000659838
-0.000277742
-0.000774424
-0.000399086
-0.000880067
-0.000387151
-0.000970586
-0.000345525
-0.00103062
-0.000268415
-0.00105445
-0.000126954
-0.00105885
5.46727e-05
-0.00106946
0.000225107
-0.00110523
0.000345458
-0.00117162
0.000412104
-0.00124861
0.000432041
-0.00129788
0.000414787
-0.00129638
0.000361637
-0.00122709
0.000256449
-0.00109308
9.94024e-05
-0.000945311
-4.78472e-05
-0.000845849
-0.000105345
-0.000810751
-9.4836e-05
-0.000817531
-7.78354e-05
-0.000848682
-7.0769e-05
-0.000905289
-5.75514e-05
-0.000981788
-3.83364e-05
-0.00107248
-1.65557e-05
-0.00117751
1.63838e-05
-0.00129964
5.59275e-05
-0.00145481
0.000101703
-0.0015971
0.000116674
-0.00162759
3.63252e-05
-0.0015591
-0.000108839
-0.00147668
-0.00021927
-0.00140216
-0.000273759
-0.00132243
-0.000292095
-0.00123267
-0.00029124
-0.00113838
-0.000275379
-0.00104668
-0.000243424
-0.000970538
-0.00018914
-0.000922283
-0.00011751
-3.99008e-05
-0.000255546
0.000333841
-0.00045368
0.000609834
-0.000553996
0.000573923
-0.000643103
0.00011026
-0.000739529
-0.000181317
-0.000834544
-0.00030407
-0.000930507
-0.000291188
-0.00102778
-0.000248254
-0.00110627
-0.000189924
-0.00115177
-8.14544e-05
-0.00117096
7.38668e-05
-0.00118673
0.00024088
-0.00121748
0.000376208
-0.00125293
0.000447547
-0.00126406
0.000443178
-0.0012251
0.000375823
-0.00113194
0.000268478
-0.000998438
0.000122946
-0.000877629
-2.14064e-05
-0.000836474
-8.90018e-05
-0.000888521
-5.32987e-05
-0.0010114
2.804e-05
-0.00117895
8.97184e-05
-0.00137901
0.000129286
-0.00157866
0.000142106
-0.00173593
0.000118934
-0.0018298
7.73115e-05
-0.00185142
3.80002e-05
-0.00180171
6.21697e-06
-0.00167383
-2.61762e-05
-0.00147214
-8.50144e-05
-0.00126523
-0.000170584
-0.00112789
-0.000246182
-0.0010605
-0.00028666
-0.00103572
-0.000298536
-0.00102693
-0.000300881
-0.0010116
-0.000306567
-0.000977981
-0.000309004
-0.000929034
-0.000292371
-0.00087204
-0.000246134
-0.000826216
-0.000163334
-5.85333e-05
-0.000362534
0.00053321
-0.000568947
0.000816247
-0.000624866
0.000629842
-0.00070087
0.000186263
-0.000782418
-9.97684e-05
-0.000856923
-0.000229565
-0.000932284
-0.000215827
-0.00102166
-0.00015888
-0.00111375
-9.78297e-05
-0.00118619
-9.02116e-06
-0.00122938
0.000117058
-0.00125136
0.000262868
-0.0012606
0.000385448
-0.00124308
0.000430023
-0.00117327
0.000373364
-0.00105395
0.000256506
-0.000912065
0.000126592
-0.000802199
1.30798e-05
-0.000789364
-3.42414e-05
-0.000899152
2.07857e-05
-0.00109294
0.00014049
-0.0013159
0.000250999
-0.00152891
0.000302729
-0.00168795
0.000288326
-0.00176434
0.000218492
-0.00175454
0.000109136
-0.00166408
-1.31501e-05
-0.00151107
-0.00011501
-0.00132491
-0.000179943
-0.00113834
-0.000212739
-0.000982409
-0.000240949
-0.000867876
-0.000285117
-0.000788616
-0.000325442
-0.00073538
-0.000339895
-0.000696198
-0.000337718
-0.000663557
-0.000333523
-0.00064032
-0.000329804
-0.0006281
-0.000321223
-0.000631003
-0.000289469
-0.000645387
-0.00023175
-0.000657621
-0.000151099
-6.09782e-05
-0.000464302
0.00074602
-0.000592514
0.000944459
-0.000618655
0.000655982
-0.00069445
0.000262059
-0.000768789
-2.54292e-05
-0.000835334
-0.000163021
-0.000878638
-0.000172523
-0.000928702
-0.000108815
-0.000997811
-2.8721e-05
-0.00106503
5.82002e-05
-0.00111311
0.000165134
-0.00113215
0.000281911
-0.00111536
0.000368655
-0.00105544
0.000370105
-0.000946844
0.000264768
-0.000808983
0.000118646
-0.000694634
1.22433e-05
-0.000668824
-1.27306e-05
-0.000758857
5.57909e-05
-0.000936981
0.00019891
-0.00114587
0.00034938
-0.00133205
0.00043718
-0.00145274
0.000423415
-0.00147221
0.000307795
-0.00140578
0.00015207
-0.0012964
-2.48233e-07
-0.00118712
-0.000122428
-0.00109025
-0.000211883
-0.000993246
-0.000276947
-0.000895077
-0.000310908
-0.000817372
-0.000318654
-0.000770765
-0.000331724
-0.000743355
-0.000352852
-0.000720534
-0.000362716
-0.000687365
-0.000370887
-0.000631763
-0.000389125
-0.000559529
-0.000402038
-0.000480252
-0.0004005
-0.000413088
-0.000356632
-0.000389434
-0.000255404
-0.00041551
-0.000125024
-2.44134e-05
-0.00047366
0.00092784
-0.000530193
0.00100099
-0.000549514
0.000675302
-0.000622645
0.000335191
-0.000702738
5.46636e-05
-0.000767028
-9.87311e-05
-0.000794197
-0.000145354
-0.000800805
-0.000102207
-0.000813239
-1.62879e-05
-0.000839549
8.45105e-05
-0.000855468
0.000181053
-0.000845402
0.000271845
-0.000803868
0.00032712
-0.000744382
0.000310619
-0.000666084
0.00018647
-0.000570911
2.34725e-05
-0.000519533
-3.91342e-05
-0.000563707
3.14432e-05
-0.000690234
0.000182317
-0.00085494
0.000363616
-0.00100837
0.000502808
-0.00110767
0.000536483
-0.00113054
0.000446282
-0.00108654
0.000263793
-0.00101481
8.03401e-05
-0.000963638
-5.14165e-05
-0.000948254
-0.000137812
-0.000956268
-0.00020387
-0.00097712
-0.000256095
-0.000985285
-0.000302742
-0.000965816
-0.000338123
-0.000959819
-0.000337722
-0.000994069
-0.000318602
-0.00101631
-0.000340477
-0.000980434
-0.00040676
-0.000890253
-0.000479307
-0.000760676
-0.000531615
-0.000612704
-0.000548472
-0.000473699
-0.000495637
-0.000372769
-0.000356334
-0.00032429
-0.000173503
-4.087e-06
-0.0003777
0.00104779
-0.000398426
0.00102172
-0.000434102
0.000710979
-0.00049953
0.000400618
-0.00057686
0.000131993
-0.000639704
-3.58865e-05
-0.000666037
-0.00011902
-0.000653217
-0.000115028
-0.000604662
-6.48424e-05
-0.000563856
4.3704e-05
-0.000560623
0.00017782
-0.000537071
0.000248293
-0.000491005
0.000281054
-0.000431955
0.000251569
-0.000382174
0.000136689
-0.000304689
-5.40129e-05
-0.000276558
-6.72651e-05
-0.000359539
0.000114424
-0.000496811
0.000319589
-0.000635921
0.000502726
-0.00073799
0.000604876
-0.000790039
0.000588532
-0.000809032
0.000465275
-0.00083075
0.000285512
-0.000874047
0.000123636
-0.000932598
7.13497e-06
-0.000975815
-9.45948e-05
-0.00101852
-0.00016116
-0.00105974
-0.000214879
-0.00109208
-0.000270403
-0.00111238
-0.000317826
-0.00110883
-0.000341266
-0.00106973
-0.000357705
-0.00101965
-0.000390559
-0.000982081
-0.000444326
-0.00095201
-0.000509378
-0.000907868
-0.000575756
-0.000827565
-0.000628776
-0.000709672
-0.000613529
-0.00060071
-0.000465296
-0.000555807
-0.000218407
-1.14583e-05
-0.000225316
0.00112185
-0.000235325
0.00103173
-0.000283917
0.00075957
-0.000354231
0.000470933
-0.000423864
0.000201626
-0.000464327
4.57618e-06
-0.000463772
-0.000119576
-0.000440822
-0.000137978
-0.000357512
-0.000148152
-0.000227808
-8.59999e-05
-0.000183153
0.000133165
-0.000223067
0.000288207
-0.000234525
0.000292512
-0.000213935
0.00023098
-0.000176192
9.89454e-05
-9.26108e-05
-0.000137594
-5.5306e-05
-0.00010457
-0.000131408
0.000190526
-0.00024781
0.000435992
-0.000363202
0.000618118
-0.000453608
0.000695283
-0.000514147
0.000649071
-0.000590158
0.000541286
-0.000718063
0.000413416
-0.00087146
0.000277034
-0.000976307
0.000111982
-0.0010044
-6.65041e-05
-0.000959085
-0.000206473
-0.000873226
-0.000300738
-0.00078227
-0.000361359
-0.000702697
-0.000397399
-0.000632147
-0.000411816
-0.000575635
-0.000414218
-0.000546252
-0.000419941
-0.000551783
-0.000438795
-0.000589152
-0.00047201
-0.000651733
-0.000513175
-0.00072729
-0.000553218
-0.000768621
-0.000572198
-0.000731232
-0.000502685
-0.000646346
-0.000303293
-7.29273e-05
-6.32227e-05
0.00115039
-7.72688e-05
0.00104577
-0.000115793
0.000798094
-0.000173364
0.000528504
-0.000234201
0.000262464
-0.000234968
5.3429e-06
-0.000163814
-0.000190731
-5.15961e-05
-0.000250195
6.76418e-05
-0.00026739
0.000166857
-0.000185215
0.000257256
4.27649e-05
0.000225072
0.00032039
9.66784e-05
0.000420906
-2.94082e-06
0.000330599
-3.82054e-05
0.00013421
-3.98709e-05
-0.000135928
-7.1028e-05
-7.34126e-05
-0.000148003
0.000267501
-0.000229525
0.000517513
-0.000241081
0.000629673
-0.000250204
0.000704407
-0.000316393
0.000715259
-0.000428266
0.000653159
-0.000562469
0.000547619
-0.000659476
0.000374041
-0.000666196
0.000118702
-0.000605829
-0.000126871
-0.000499574
-0.000312729
-0.000383536
-0.000416776
-0.000281889
-0.000463006
-0.000200336
-0.000478952
-0.000137251
-0.0004749
-9.88463e-05
-0.000452622
-9.762e-05
-0.000421168
-0.000137978
-0.000398437
-0.00020924
-0.000400748
-0.000294022
-0.000428393
-0.000393791
-0.00045345
-0.000493483
-0.000472505
-0.000522248
-0.00047392
-0.00046987
-0.000355671
-0.000134609
8.9517e-05
0.00110407
8.03947e-05
0.0010549
5.13882e-05
0.000827101
1.85701e-05
0.000561322
-3.96729e-06
0.000285001
2.44361e-05
-2.30607e-05
0.000110786
-0.000277081
0.000230347
-0.000369756
0.000307688
-0.000344731
0.000366316
-0.000243843
0.000489846
-8.07646e-05
0.000580484
0.000229752
0.000514196
0.000487194
0.000368895
0.0004759
0.000200106
0.000302998
5.75803e-06
5.84199e-05
-0.00016843
0.000100775
-0.000265252
0.000364323
-0.000294454
0.000546715
-0.000265182
0.000600401
-0.000197816
0.000637041
-0.000184343
0.000701786
-0.000246452
0.000715268
-0.000295377
0.000596545
-0.000293277
0.000371941
-0.000240485
6.59099e-05
-0.000157862
-0.000209494
-4.82104e-05
-0.000422381
6.30158e-05
-0.000528002
0.000153344
-0.000553335
0.000215367
-0.000540975
0.000253758
-0.00051329
0.00027045
-0.000469315
0.000256092
-0.00040681
0.000203808
-0.000346152
0.000116089
-0.000313029
1.29517e-05
-0.000325256
-9.32218e-05
-0.000347276
-0.00021072
-0.000355008
-0.000282645
-0.000401995
-0.000268756
-0.000369561
-0.000202573
0.000218197
0.000987521
0.000247938
0.00102516
0.000231452
0.000843587
0.000216456
0.000576318
0.00020873
0.000292727
0.000221304
-3.56343e-05
0.000267315
-0.000323093
0.00032325
-0.000425691
0.000351353
-0.000372834
0.000381255
-0.000273745
0.000434952
-0.000134462
0.000576868
8.78362e-05
0.000660174
0.000403889
0.000616509
0.000519564
0.000457668
0.00046184
0.000173495
0.000342593
-5.47221e-05
0.000328992
-0.000162258
0.000471859
-0.000193226
0.000577683
-0.000199667
0.000606842
-0.000168313
0.000605687
-9.00626e-05
0.000623536
-4.80573e-06
0.000630011
8.16314e-05
0.000510107
0.000171995
0.000281577
0.000235753
2.1511e-06
0.000302764
-0.000276505
0.000387858
-0.000507474
0.000468411
-0.000608556
0.000526046
-0.000610969
0.00055365
-0.000568578
0.000558203
-0.000517844
0.000549149
-0.000460261
0.000528053
-0.000385713
0.000495172
-0.000313272
0.000443503
-0.000261359
0.000355084
-0.000236837
0.000232604
-0.000224797
9.33298e-05
-0.000215733
-2.0979e-05
-0.000287686
-7.87373e-05
-0.000311802
-0.000220557
0.000325418
0.000828313
0.000434042
0.000916532
0.000469319
0.000808309
0.000478251
0.000567386
0.000475851
0.000295127
0.000427029
1.31877e-05
0.000354398
-0.000250461
0.000344331
-0.000415624
0.000364801
-0.000393304
0.000365225
-0.000274169
0.000382997
-0.000152234
0.000475383
-4.55021e-06
0.000611808
0.000267464
0.000674844
0.000456528
0.000628968
0.000507716
0.000466817
0.000504744
0.00027532
0.000520489
0.000159999
0.000587181
0.000114242
0.00062344
9.77774e-05
0.000623307
0.00011349
0.000589974
0.000193059
0.000543966
0.000342472
0.000480599
0.000496886
0.000355693
0.000617166
0.000161297
0.000717233
-9.79153e-05
0.000803401
-0.000362673
0.000854065
-0.000558137
0.000865611
-0.000620102
0.000847878
-0.000593236
0.000811654
-0.000532354
0.000768761
-0.000474952
0.000728917
-0.000420416
0.000699096
-0.000355892
0.000681768
-0.000295944
0.000667458
-0.00024705
0.000629268
-0.000198647
0.000549788
-0.000145316
0.000439184
-0.000105129
0.000296098
-0.000144601
0.000168662
-0.000184366
-0.000158395
0.000418599
0.000628638
0.00060663
0.000728501
0.000733702
0.000681237
0.000791198
0.000509891
0.000793467
0.000292858
0.000731798
7.48566e-05
0.000614235
-0.000132898
0.000514294
-0.000315683
0.000480219
-0.00035923
0.000436741
-0.000230691
0.000407316
-0.000122809
0.000438281
-3.55145e-05
0.00055121
0.000154535
0.000671282
0.000336456
0.000735371
0.000443627
0.000735729
0.000504387
0.000689781
0.000566436
0.00064586
0.000631102
0.000618844
0.000650456
0.000625423
0.000616728
0.000663976
0.000551421
0.000750896
0.000457046
0.000892034
0.000339461
0.00105973
0.000188001
0.00122644
-5.41524e-06
0.00135563
-0.000227104
0.00139906
-0.000406109
0.00135329
-0.000512363
0.00125499
-0.000521805
0.00113746
-0.000475704
0.00102304
-0.000417938
0.000920479
-0.000372386
0.000838695
-0.000338632
0.000780688
-0.000297885
0.000740634
-0.00025589
0.000713144
-0.00021956
0.000699166
-0.000184668
0.000690094
-0.000136245
0.000665101
-8.01359e-05
0.00057894
-5.84399e-05
0.000448003
-5.34294e-05
-5.2776e-05
0.000470324
0.00039632
0.000734794
0.00046403
0.0009505
0.000465531
0.00106825
0.000392141
0.00110295
0.000258158
0.00107635
0.000101456
0.000995763
-5.23113e-05
0.00086353
-0.00018345
0.000726253
-0.000221952
0.000612088
-0.000116526
0.000516693
-2.74141e-05
0.000467837
1.33411e-05
0.000527639
9.47333e-05
0.000651823
0.000212272
0.000776633
0.000318817
0.000882987
0.000398033
0.000984331
0.000465091
0.00108759
0.000527841
0.00117996
0.000558093
0.00125933
0.000537357
0.00134668
0.000464069
0.00145335
0.000350376
0.00157792
0.000214889
0.00170964
5.62861e-05
0.00180769
-0.000103474
0.00181867
-0.000238077
0.00173612
-0.000323562
0.0015861
-0.000362347
0.00141921
-0.000354913
0.0012639
-0.000320389
0.00112767
-0.000281715
0.00100708
-0.000251797
0.000899633
-0.000231182
0.000812499
-0.00021075
0.000743289
-0.000186681
0.000684928
-0.000161198
0.000644095
-0.000143836
0.000636186
-0.000128336
0.000643808
-8.77577e-05
0.000625565
-4.01967e-05
0.000559852
1.22839e-05
1.69193e-05
0.00036928
0.00021937
0.000620552
0.000212758
0.000889182
0.000196901
0.00111926
0.000162061
0.00125049
0.000126931
0.00127099
8.09584e-05
0.0012189
-2.23875e-07
0.0011199
-8.44484e-05
0.000979631
-8.16848e-05
0.000847236
1.58693e-05
0.000742688
7.71338e-05
0.00066467
9.13586e-05
0.000656237
0.000103166
0.000714567
0.000153942
0.000810789
0.000222595
0.000932414
0.000276407
0.00107971
0.000317793
0.00125235
0.000355208
0.00143386
0.000376579
0.00160654
0.000364679
0.00175678
0.000313824
0.00187501
0.000232152
0.00195425
0.000135646
0.00197607
3.44671e-05
0.00193487
-6.22721e-05
0.00183698
-0.000140193
0.00170321
-0.000189791
0.00155239
-0.000211524
0.00140691
-0.000209439
0.00127847
-0.000191945
0.00116754
-0.000170784
0.00106801
-0.000152264
0.00097418
-0.000137354
0.000891183
-0.000127753
0.000823339
-0.000118837
0.000755656
-9.35152e-05
0.000679146
-6.73262e-05
0.000603883
-5.30721e-05
0.000550486
-3.43608e-05
0.000511852
-1.56243e-06
0.000475199
4.89361e-05
-5.82332e-06
0.000249881
0.000124845
0.000361589
0.00010105
0.000486587
7.19036e-05
0.000603679
4.49684e-05
0.000703253
2.73576e-05
0.000769553
1.46578e-05
0.000766711
2.61844e-06
0.000686535
-4.27217e-06
0.000611733
-6.88321e-06
0.000631302
-3.69994e-06
0.000700839
7.59663e-06
0.000773417
1.87812e-05
0.000835591
4.09921e-05
0.000890413
9.91202e-05
0.000950904
0.000162104
0.00103031
0.000197001
0.00114192
0.000206178
0.00128796
0.000209168
0.00145697
0.000207574
0.00162668
0.000194967
0.00177303
0.000167473
0.00187753
0.000127657
0.00193106
8.21153e-05
0.00192969
3.58339e-05
0.00187611
-8.68985e-06
0.00178328
-4.73666e-05
0.00166947
-7.59804e-05
0.00154912
-9.11705e-05
0.00143427
-9.45926e-05
0.00133183
-8.95031e-05
0.00124172
-8.06786e-05
0.00116152
-7.20611e-05
0.00109289
-6.87233e-05
0.00101887
-5.37362e-05
0.000940651
-4.06163e-05
0.000878309
-3.11734e-05
0.000836969
-2.59862e-05
0.000808198
-2.43013e-05
0.000800353
-2.65158e-05
0.00082082
-2.20282e-05
0.00089453
-2.47749e-05
-8.08102e-05
0.000177893
6.71905e-05
0.000225461
5.34818e-05
0.000260241
3.71238e-05
0.000280697
2.45125e-05
0.000291718
1.63362e-05
0.000295259
1.11174e-05
0.000289329
8.54827e-06
0.000276632
8.4252e-06
0.000260893
8.85491e-06
0.000248781
8.4124e-06
0.000248231
8.14652e-06
0.000258209
8.80315e-06
0.000289223
9.97804e-06
0.000376206
1.21372e-05
0.000523724
1.45857e-05
0.000705103
1.56231e-05
0.000895746
1.55348e-05
0.00108962
1.52898e-05
0.0012818
1.53943e-05
0.00146108
1.56946e-05
0.001613
1.55456e-05
0.00172597
1.46908e-05
0.00179484
1.32434e-05
0.0018177
1.29747e-05
0.00179524
1.3768e-05
0.00173425
1.36308e-05
0.00164596
1.2302e-05
0.0015437
1.10958e-05
0.0014388
1.03075e-05
0.00133894
1.03554e-05
0.00124737
1.08912e-05
0.00116512
1.0184e-05
0.00109076
5.63839e-06
0.00103958
-2.54971e-06
0.00100875
-9.79335e-06
0.000991798
-1.42173e-05
0.000981891
-1.60791e-05
0.000973159
-1.55696e-05
0.000962102
-1.54587e-05
0.000957366
-1.72924e-05
0.000952402
-1.98109e-05
-3.50034e-05
0.000128063
0.000181545
0.000218669
0.000243182
0.000259518
0.000270635
0.000279183
0.000287609
0.000296464
0.000304876
0.000313022
0.000321826
0.000331804
0.000343941
0.000358527
0.00037415
0.000389684
0.000404974
0.000420368
0.000436063
0.000451609
0.000466299
0.000479543
0.000492517
0.000506285
0.000519916
0.000532218
0.000543314
0.000553622
0.000563977
0.000574868
0.000585052
0.00059069
0.00058814
0.000578347
0.00056413
0.000548051
0.000532481
0.000517022
0.00049973
0.000479919
)
;

boundaryField
{
    leftWall
    {
        type            calculated;
        value           uniform 0;
    }
    rightWall
    {
        type            calculated;
        value           uniform 0;
    }
    lowerWall
    {
        type            calculated;
        value           uniform 0;
    }
    atmosphere
    {
        type            calculated;
        value           nonuniform List<scalar> 
44
(
7.76774e-05
0.000301739
0.000627096
0.000743875
0.000768642
0.000754578
0.000692229
0.000614639
0.000555128
0.000532065
0.000433684
0.000321324
0.000266184
0.000253625
0.000230407
0.000172013
9.55962e-05
-9.97976e-05
-0.000241976
-0.00031943
-0.000505169
-0.000676795
-0.000789163
-0.000806851
-0.000836419
-0.000989983
-0.000964413
-0.000906014
-0.000807584
-0.000655176
-0.000452075
-0.000344616
-0.000548435
-0.000584877
-0.000408188
-0.000200792
-6.07532e-05
0.0001065
0.000342383
0.000490156
0.000497942
0.000969517
0.000906595
0.000444915
)
;
    }
    frontAndBack
    {
        type            empty;
    }
}


// ************************************************************************* //
