/*--------------------------------*- C++ -*----------------------------------*\
  =========                 |
  \\      /  F ield         | OpenFOAM: The Open Source CFD Toolbox
   \\    /   O peration     | Website:  https://openfoam.org
    \\  /    A nd           | Version:  13
     \\/     M anipulation  |
\*---------------------------------------------------------------------------*/
FoamFile
{
    format      ascii;
    class       volScalarField;
    location    "0.4";
    object      rho;
}
// * * * * * * * * * * * * * * * * * * * * * * * * * * * * * * * * * * * * * //

dimensions      [1 -3 0 0 0 0 0];

internalField   nonuniform List<scalar> 
2016
(
840.646
921.711
982.794
982.601
840.633
840.646
976.095
993.386
840.644
912.558
998.389
997.229
906.494
994.311
999.315
964.034
998.485
999.916
999.894
455.058
999.916
999.916
953.657
123.582
999.916
999.916
756.281
31.0619
999.916
999.916
672.81
5.33657
999.916
999.757
662.061
1.28302
999.916
999.819
740.558
1.30606
999.915
999.897
785.657
23.4518
999.912
999.849
830.04
59.259
999.907
999.894
863.234
96.9242
999.901
999.85
882.584
128.491
999.895
999.877
892.509
149.659
999.882
999.842
902.243
170.028
999.862
999.825
928.22
218.42
999.838
996.958
962.579
352.93
939.077
727.777
926.125
611.03
843.417
482.516
584.056
754.638
805.104
482.721
484.381
754.638
818.426
620.435
486.346
704.916
818.426
818.426
561.723
647.556
804.964
804.964
554.965
550.869
804.964
558.402
531.268
670.338
748.964
536.403
563.64
801.192
860.606
554.044
875.699
799.909
943.067
864.973
891.257
589.934
999.541
999.102
892.454
267.477
999.589
999.535
793.252
83.703
999.629
999.549
700.075
26.0352
999.652
999.602
687.045
9.55634
999.66
999.522
709.317
14.0141
999.662
999.477
742.737
24.5309
999.662
999.596
768.847
40.7101
999.662
999.662
827.475
71.8432
999.493
999.652
966.487
131.228
997.744
999.648
999.628
362.197
948.843
996.363
999.382
884.634
927.546
962.888
999.138
998.632
927.546
927.546
988.057
996.406
927.546
927.547
933.349
966.354
988.285
988.145
987.88
987.377
986.561
985.435
984.032
982.72
981.693
980.888
980.078
975.749
960.8
933.596
901.275
870.366
846.635
836.296
834.686
833.26
827.998
815.232
802.421
796.56
772.039
650.528
538.394
598.679
699.516
702.743
703.018
703.062
703.067
703.067
703.067
476.619
17.6057
3.38477
3.38499
3.69789
1.28658
1.20518
992.88
989.24
958.94
902.107
825.126
724.246
651.222
622.875
609.291
584.751
520.57
381.81
198.036
71.1739
28.107
24.0719
25.4645
28.6941
32.352
32.1863
29.5311
22.3839
6.52961
1.18642
1.17117
1.16526
1.16339
1.16304
4.23376
15.6463
39.6262
74.1666
111.2
138.787
196.079
270.994
261.658
249.316
236.36
187.818
40.4972
1.20518
915.795
618.078
338.892
77.7298
1.29365
1.12929
1.1053
1.1016
1.10106
1.10134
1.10105
1.10277
1.1073
1.11398
1.12297
1.13465
1.15096
1.17324
1.19731
1.19766
1.19295
1.1881
1.17944
1.17052
1.16525
1.16315
1.16278
1.16304
1.1839
1.27188
1.60792
2.1834
2.44471
3.30035
1.9845
4.74985
28.5414
21.9645
92.5412
191.618
167.582
37.4755
328.234
4.64549
5.61395
9.32638
10.3866
7.71413
1.28363
1.10501
1.10365
1.10132
1.1765
1.27831
1.34825
1.41617
1.47432
1.59061
1.90353
2.15818
2.00036
1.6483
1.37476
1.39319
1.64855
1.66649
1.38242
1.20221
1.69481
2.25357
2.2423
1.89089
1.89005
2.05359
2.2321
1.75243
1.50979
1.38491
1.30178
1.22822
1.35422
41.9947
160.511
73.3376
3.73172
3.84947
5.70829
9.03691
7.84674
2.12223
1.34493
1.35652
1.41839
1.74787
2.20095
2.26597
2.28738
2.29778
2.30201
2.30293
2.30256
2.30389
2.30623
2.30941
2.312
2.31297
2.31297
2.31297
2.31186
2.30551
2.29083
2.27169
2.25361
2.23264
1.99422
2.09584
2.15981
1.88786
1.3664
1.25243
1.15066
1.09638
1.10116
1.33163
68.1899
78.053
1.75292
3.728
5.90577
4.4625
1.51033
1.5068
1.53243
2.05446
2.08465
2.12376
2.18291
2.23794
2.27556
2.29345
2.30065
2.30288
2.30278
2.29178
2.30206
2.30759
2.31145
2.31274
2.31297
2.30406
1.47924
1.3213
2.06339
2.1614
1.51615
1.06422
1.03621
1.0127
1.55596
1.83271
1.74012
1.18843
1.08255
1.05557
1.05833
1.21881
2.5076
54.9237
1.30527
1.6133
1.83406
1.51033
1.50647
1.50769
1.96411
2.02885
2.04658
1.91478
1.68886
1.62582
1.61198
1.93566
2.28408
2.29443
2.25341
1.59431
1.2205
1.58834
2.27689
2.29301
1.59936
1.0713
1.05231
1.00953
1.00485
1.00415
1.00404
1.00411
1.00445
1.0064
1.01987
1.23203
1.49537
1.23754
1.04165
1.03309
1.03846
1.05124
1.08451
25.8151
1.28253
1.28218
1.4653
1.64167
1.648
1.51635
1.87959
1.82461
1.7293
1.7293
2.06922
2.13233
1.6563
1.11041
1.52917
1.50124
1.01246
1.00996
1.01221
1.01284
1.01213
1.09962
1.16338
1.06662
1.00498
1.00401
1.00381
1.00375
1.00379
1.00395
1.00418
1.00433
1.00563
1.00999
1.02645
1.03396
1.02293
1.02529
1.03147
1.03717
1.05042
12.1547
1.28219
1.95417
2.84919
2.84446
2.70931
1.9907
1.6921
1.71171
1.7205
1.97334
2.18458
2.15726
1.6003
1.0352
1.01915
1.01231
1.00988
1.00887
1.01276
1.01861
1.00671
1.00374
1.00369
1.00369
1.00371
1.00371
1.00371
1.00372
1.00375
1.00408
1.00896
1.00528
1.00553
1.00645
1.00821
1.01314
1.01901
1.02267
1.02527
1.02947
1.03628
6.99933
1.28302
2.83813
2.86133
1.8063
1.66144
1.65471
1.66144
1.87928
2.43761
2.37426
2.19796
1.38787
1.0686
1.05226
1.03518
1.03797
1.03054
1.00766
1.00518
1.00472
1.00375
1.00369
1.00369
1.00369
1.00369
1.00371
1.00372
1.00535
1.01019
1.00489
1.00692
1.0266
1.01645
1.00816
1.02014
1.12281
1.0385
1.02532
1.02868
1.03356
1.0401
4.21549
1.29618
2.23882
2.86133
1.71232
1.65471
1.79946
2.50063
2.73774
2.69498
1.92727
1.09001
1.07395
1.0683
1.06567
1.06264
1.09833
1.07112
1.01456
1.00519
1.0041
1.00381
1.00373
1.00369
1.0037
1.0038
1.00418
1.00386
1.00526
1.03287
1.17764
1.24494
1.11028
1.02277
1.0497
1.25315
1.29683
1.29977
1.08224
1.03442
1.03971
1.04567
1.60018
1.30801
2.02369
2.86133
2.34126
2.35513
2.84101
2.81927
2.79623
1.573
1.14985
1.12879
1.0893
1.07647
1.0683
1.12892
1.10016
1.03465
1.00822
1.00511
1.00418
1.00394
1.00381
1.00384
1.00515
1.00611
1.04425
1.07209
1.09641
1.2502
1.2666
1.26978
1.14769
1.19799
1.28605
1.29692
1.29993
1.30703
1.31062
1.05698
1.04583
1.04913
1.05232
1.30826
2.22139
2.86132
2.86129
2.86095
2.85814
2.84105
1.96092
1.14923
1.1663
1.1644
1.15079
1.1827
1.11304
1.1923
1.05443
1.01267
1.00657
1.0047
1.00431
1.00415
1.00404
1.00451
1.02765
1.19706
1.36611
1.3651
1.36222
1.3618
1.27452
1.28736
1.29186
1.28681
1.27838
1.28644
1.22449
1.26928
1.31
1.31133
1.05327
1.05043
1.05523
1.31063
2.34019
2.86129
2.86117
2.85989
2.84883
2.10517
1.11408
1.12279
1.14923
1.39833
2.25271
2.60334
1.98732
1.21778
1.03307
1.01183
1.00598
1.00479
1.00457
1.00429
1.0045
1.07348
1.36481
1.36684
1.36684
1.36684
1.3651
1.3569
1.35108
1.27369
1.29197
1.28722
1.2445
1.16594
1.15797
1.15995
1.22505
1.43355
1.38087
1.12767
1.0991
1.31854
1.96489
2.8611
2.8606
2.85567
2.26148
1.07933
1.09636
1.11408
1.64276
2.873
2.87212
2.85692
2.85084
1.33383
1.0296
1.00737
1.00522
1.00498
1.00478
1.00458
1.08083
1.34013
1.35742
1.36489
1.36683
1.27873
1.20873
1.14535
1.14535
1.14535
1.15724
1.16139
1.1492
1.14995
1.15407
1.158
1.36267
1.44506
1.44399
1.4383
1.25164
1.32389
1.71871
2.85985
2.8584
2.8368
1.06785
1.0494
1.07933
1.41986
2.87319
2.87345
2.8732
2.87212
2.78523
1.18623
1.05778
1.01497
1.00569
1.00521
1.00499
1.06136
1.27607
1.33107
1.1543
1.17211
1.14896
1.14549
1.14541
1.14537
1.14534
1.14537
1.14551
1.14604
1.14732
1.14886
1.1524
1.29878
1.44518
1.44632
1.44518
1.44399
1.16375
1.32134
1.69221
2.8561
2.85037
1.942
1.01817
1.06852
1.07382
1.69894
2.87345
2.87345
2.87345
2.84544
1.49247
1.03331
1.03802
1.01047
1.00609
1.00681
1.09752
1.31595
1.34946
1.15165
1.14723
1.14624
1.14583
1.14545
1.14544
1.14541
1.14538
1.14549
1.14575
1.14592
1.14621
1.14737
1.20963
1.44182
1.44579
1.44558
1.44341
1.28635
1.00485
1.32389
1.48869
2.84158
2.80689
1.10263
1.01693
1.19339
1.22307
1.45217
2.79011
2.87345
2.84958
1.75914
1.03615
1.03455
1.02747
1.01583
1.10848
1.3172
1.52155
1.70461
1.75624
1.58308
1.33697
1.1867
1.15061
1.14919
1.15519
1.1486
1.14965
1.14707
1.14769
1.14618
1.14693
1.14904
1.15567
1.21821
1.24545
1.17125
1.07216
1.0242
1.00053
11.6156
1.34746
1.68029
2.53791
1.0128
1.01545
1.18271
1.33421
1.3615
1.90057
2.8499
2.07751
1.05153
1.04286
1.03455
1.036
1.29481
1.75411
2.0981
2.59832
2.69456
2.69596
2.69334
2.68451
2.67032
2.5911
2.52061
2.81833
2.04706
1.54229
2.39682
2.88333
2.64721
1.36831
1.15533
1.17357
1.18791
1.19083
1.18217
1.15166
1.28405
1.2365
497.402
1.34876
1.41059
1.42436
1.01276
1.01527
1.05348
1.19695
1.61701
2.4955
2.34815
1.17294
1.06555
1.05153
1.05701
1.4486
2.48541
2.51004
2.5158
2.45223
2.59987
2.6335
1.8058
1.33564
1.53647
2.81569
2.90604
2.90604
2.90604
2.9059
2.90281
2.89368
2.87965
2.84295
2.71473
2.48364
2.18004
1.98083
1.84517
1.6013
1.05551
1.01117
694.456
1.1763
1.34613
1.05887
1.01475
1.02162
1.04615
1.67705
2.96567
2.90606
1.95738
1.08289
1.07516
1.07402
1.1898
2.04798
2.45852
2.51286
1.99949
1.0521
1.01231
1.01752
1.04216
1.10655
1.90767
2.89667
2.90491
2.90604
2.90577
2.67987
1.52574
1.4241
2.25264
2.61635
2.11949
1.99111
2.12982
1.73412
1.29405
1.12361
1.00041
1.0001
819.404
1.15979
1.00441
1.00833
1.00826
1.02353
1.35899
2.84278
3.01106
2.99425
2.01271
1.08896
1.08396
1.11532
1.50145
2.29988
2.42049
1.91736
1.01912
1.00656
1.00511
1.00656
1.0164
1.1993
1.5237
1.50472
1.26572
1.125
1.05539
1.02358
1.02184
1.04669
1.06035
1.07081
1.06205
1.07444
1.09782
1.05129
1.00606
1.00601
1.0001
1
876.051
417.172
1.0044
1.00439
1.00459
1.01767
1.8087
3.02643
3.02445
3.01045
2.29545
1.1014
1.11506
1.17091
1.99403
2.1646
2.20594
1.1883
1.00391
1.00397
1.00418
1.00484
1.01222
1.01578
1.01518
1.01229
1.0109
1.00945
1.00687
1.00432
1.00333
1.0019
1.0024
1.00464
1.00436
1.00225
1.00304
1.00243
1.00056
1.00011
1
1
876.051
622.727
1.00439
1.0044
1.00556
1.01849
1.97984
3.02749
3.03138
3.02084
2.75975
1.17653
1.15543
1.20009
2.04927
2.1248
1.91534
1.00412
1.00397
1.0039
1.00402
1.00456
1.00613
1.00931
1.01455
1.01904
1.04725
1.06498
1.03676
1.03917
1.00764
1.00068
1.00014
1.00004
1.00027
1.0002
1.00014
1.0002
1.00001
1
1
1
876.051
501.67
1.0044
1.00444
1.00552
1.02624
1.80886
3.03127
3.03559
3.02948
2.98845
1.54914
1.19167
1.20878
1.72492
2.06414
1.75635
1.00677
1.00398
1.00404
1.00475
1.00874
1.01725
1.0356
1.12328
2.01429
3.79295
4.82725
2.98116
1.36816
1.18771
1.03257
1.00071
1.00003
1.00003
1.00003
1.00002
1.00001
1
1
1
1
875.441
353.837
1.00445
1.00456
1.00616
1.02183
1.69657
3.03541
3.03666
3.03571
3.02002
2.66838
1.30576
1.2606
1.34393
1.96972
1.46118
1.00828
1.0052
1.00663
1.01206
1.02695
1.06495
1.16947
1.85789
4.69983
4.83159
4.83506
4.8261
4.77527
4.28929
1.3391
1.00015
1.00004
1.00003
1.00003
1.00001
1
1
1
1
1
841.585
126.907
1.00456
1.00479
1.00716
1.02634
1.7027
3.03357
3.03568
3.03628
3.02949
2.98966
2.05375
1.30998
1.3347
1.66454
1.61695
1.10874
1.00783
1.01228
1.01604
1.06153
1.11996
1.14709
1.29408
3.08181
4.83058
4.82725
4.78814
4.74273
4.60335
1.79444
1.00034
1.00014
1.00013
1.00012
1.00007
1.00003
1.00001
1
1
1
608.058
1.0084
1.00479
1.00516
1.00825
1.0294
1.53999
3.03001
3.03687
3.03567
3.02359
2.9683
1.67571
1.33619
1.39914
1.62956
1.61992
1.63363
1.18651
1.01584
1.02333
1.68193
2.06491
2.06848
2.0606
1.70732
1.38257
2.09666
4.22797
3.64529
1.10784
1.035
1.00878
1.00924
1.00966
1.0025
1.00149
1.00078
1.00028
1.00005
1
1
210.146
1.01746
1.00516
1.0056
1.00848
1.02653
1.26349
2.88324
3.0356
3.03547
3.03025
3.00775
2.92689
2.39176
1.3331
1.1631
1.28061
1.19058
1.05255
1.02019
1.03008
1.35428
1.64225
1.23354
1.10411
1.12515
1.27558
1.76891
1.65672
1.58238
1.52749
1.90955
2.45019
2.49601
1.74677
1.2696
1.06453
1.03333
1.01544
1.00281
1.00007
1
1.14328
1.00661
1.0056
1.00599
1.00947
1.02294
1.09005
2.14357
3.03476
3.03046
3.02538
3.01311
2.9665
2.52416
1.07045
1.02688
1.02167
1.01981
1.01989
1.02053
1.03345
1.06684
1.07003
1.06516
1.08658
1.11345
1.15786
1.26588
1.68414
3.84384
4.30591
4.32176
4.32525
4.32099
4.29638
4.2371
3.15331
2.6183
1.72129
1.15537
1.00025
1.00013
1.05145
1.01712
1.00601
1.09435
1.25292
1.02302
1.03385
1.23365
2.77214
3.02535
3.02292
3.00347
2.73966
1.27396
1.02127
1.0195
1.01941
1.01948
1.01964
1.01995
1.02083
1.0238
1.03176
1.04725
1.11236
1.27549
1.40715
1.43622
1.83503
3.67441
4.32017
4.32679
4.32176
3.86132
3.60461
3.68153
3.71283
3.71377
3.71342
3.69776
1.20623
1.00001
1.07789
1.04773
1.19506
2.16633
1.169
1.01775
1.01985
1.03096
1.44359
2.98297
3.00371
2.98388
2.64198
1.02124
1.01949
1.01941
1.01939
1.01941
1.01948
1.01993
1.02208
1.02987
1.04906
1.62588
2.49145
2.49145
2.49145
2.48451
2.02624
1.05001
1.66379
2.88011
1.94769
1.03932
1.04001
1.04318
2.03294
2.96957
3.51525
3.58089
3.42239
1.75028
1.1023
1.0766
1.31349
2.28646
1.60532
1.01763
1.01771
1.0199
1.03154
1.51105
2.97531
2.95002
2.9287
2.08817
1.01945
1.01939
1.01939
1.01939
1.01941
1.01962
1.02088
1.03879
1.06305
1.16386
1.49546
2.27485
2.47976
2.08155
1.1175
1.03935
1.03927
1.03924
1.03924
1.03922
1.03932
1.03997
1.04263
1.04632
1.02534
1.89514
1.98957
1
1.15378
1.1286
2.25779
2.3164
1.89718
1.01771
1.01757
1.03372
1.04577
1.10092
1.22446
2.49793
2.89717
2.8919
2.2129
1.01945
1.01939
1.01941
1.01943
1.01966
1.03872
1.12222
1.09736
1.04446
1.04165
1.04093
1.04087
1.04072
1.04034
1.03947
1.0393
1.03924
1.03922
1.03929
1.03937
1.03973
1.04198
1.04013
1.01051
1.00797
1.00396
1.01548
1.19043
1.25074
2.3164
2.32341
2.17538
1.01757
1.02064
1.11271
2.35453
2.32531
1.20532
1.20273
1.86146
2.86717
2.85861
1.35683
1.02184
1.01942
1.23911
1.16595
1.05365
1.07192
1.04527
1.04431
1.04334
1.0416
1.04086
1.04091
1.04118
1.04063
1.042
1.04136
1.03943
1.03937
1.03961
1.04004
1.1084
1.25305
1.16058
1.00502
1.0001
1.00001
1.20294
1.23922
2.32117
2.32341
2.03239
1.039
1.02427
1.29954
7.87269
8.85339
5.09843
1.23827
1.348
1.71458
2.02425
1.35915
1.80316
2.63709
2.81245
2.65158
1.26469
1.04793
1.04671
1.04535
1.04434
1.35432
1.37975
1.1722
1.09106
1.09645
1.16459
1.16129
1.07037
1.03969
1.04003
1.04146
1.06936
1.25273
1.25948
1.18445
1.02974
1
1.30835
1.24255
2.25096
2.32341
1.66951
1.03113
1.02785
2.22004
8.85339
8.91203
8.88448
4.36064
1.23026
1.11423
1.04544
1.02227
1.73394
2.81245
2.83179
2.8418
2.77165
1.52626
1.04867
1.31805
2.09783
2.48755
2.03013
1.23989
1.23295
1.2051
1.18471
1.17199
1.08266
1.04168
1.04147
1.24808
1.58009
1.29475
1.24632
1.56974
1.40726
1.00293
1.66116
1.28387
1.41651
1.80931
1.22766
1.0353
1.03148
1.03366
5.8177
8.87772
8.89616
4.19524
1.15037
1.04896
1.02333
1.01687
1.02387
2.54332
2.83711
2.83241
2.84166
2.82607
2.57046
2.67365
2.66928
2.64564
1.48374
1.084
1.0692
1.06264
1.07914
1.05053
1.03801
1.03967
1.15708
1.90541
1.90206
1.76842
1.30045
2.39065
2.18303
1.1128
2.62143
1.39679
1.17277
1.07674
1.04135
1.03436
1.03366
1.03366
1.03372
6.92548
8.86864
3.25516
1.08467
1.02902
1.01723
1.01413
1.01198
1.08429
1.59713
2.57701
2.818
2.7762
2.70497
2.67404
2.67434
2.66489
1.85373
1.13285
1.07113
1.04806
1.03987
1.0379
1.03844
1.08154
1.90521
1.90541
1.54485
1.46518
3.24553
3.29492
3.3135
1.558
4.37565
1.86716
1.28648
1.11433
1.05683
1.03869
1.03426
1.03346
1.03781
1.74623
8.16608
3.35131
1.08168
1.02357
1.0141
1.01189
1.01047
1.01648
1.03415
1.10945
1.35309
1.3216
1.32949
1.36038
1.35188
1.36727
1.4589
1.27952
1.14778
1.11319
1.0585
1.03976
1.03843
1.28833
1.87996
1.90541
1.37811
1.35178
2.87364
3.32286
3.31249
2.25494
190.93
4.00469
1.75468
1.2531
1.10567
1.05425
1.04247
1.04241
1.0461
1.09909
4.21182
4.38672
1.71192
1.03487
1.01488
1.01047
1.00946
1.00885
1.00982
1.01358
1.01886
1.01575
1.01827
1.0236
1.03029
1.04955
1.20858
1.25628
1.25763
1.25763
1.25763
1.12568
1.02914
1.04333
1.32814
1.51482
1.3375
1.3496
1.35093
1.61954
3.28832
2.32403
843.381
509.118
225.183
90.0234
43.1982
21.3167
7.60437
5.70408
8.19919
7.95378
5.84757
1.48999
1.07836
1.02925
1.01364
1.00948
1.00878
1.00878
1.00878
1.00918
1.00861
1.00836
1.00811
1.00854
1.00961
1.01362
1.02211
1.15842
1.25651
1.25763
1.25373
1.10931
1.01613
1.02998
1.04844
1.08472
1.18824
1.33777
1.37646
1.6698
2.018
13.2921
995.792
984.227
919.133
851.053
798.797
704.445
678.494
725.215
804.036
765.486
508.85
217.847
96.7171
20.4037
1.03036
1.01371
1.00947
1.00878
1.00911
1.00861
1.00823
1.00804
1.00797
1.00774
1.00774
1.00776
1.00778
1.00779
1.00797
1.01366
1.01358
1.01411
1.01517
1.58871
4.84088
12.7559
24.4756
38.4466
51.5098
62.8469
80.2294
144.101
988.166
987.732
987.558
986.719
985.624
984.563
983.455
982.487
981.695
981.17
977.85
964.175
941.372
912.5
879.209
845.591
814.254
766.222
696.867
674.686
683.535
686.836
686.739
600.874
462.782
517.992
578.765
580.36
580.688
580.825
580.825
580.493
353.692
359.305
610.778
671.031
672.456
672.69
672.718
672.699
629.826
184.005
)
;

boundaryField
{
    leftWall
    {
        type            calculated;
        value           nonuniform List<scalar> 
46
(
840.646
921.711
982.794
982.601
988.285
988.145
987.88
987.377
986.561
985.435
984.032
982.72
981.693
980.888
980.078
975.749
960.8
933.596
901.275
870.366
846.635
836.296
834.686
833.26
827.998
815.232
802.421
796.56
772.039
650.528
538.394
598.679
699.516
702.743
703.018
703.062
703.067
703.067
703.067
476.619
17.6057
3.38477
3.38499
3.69789
1.28658
1.20518
)
;
    }
    rightWall
    {
        type            calculated;
        value           nonuniform List<scalar> 
46
(
927.546
927.547
933.349
966.354
988.166
987.732
987.558
986.719
985.624
984.563
983.455
982.487
981.695
981.17
977.85
964.175
941.372
912.5
879.209
845.591
814.254
766.222
696.867
674.686
683.535
686.836
686.739
600.874
462.782
517.992
578.765
580.36
580.688
580.825
580.825
580.493
353.692
359.305
610.778
671.031
672.456
672.69
672.718
672.699
629.826
184.005
)
;
    }
    lowerWall
    {
        type            calculated;
        value           nonuniform List<scalar> 
52
(
804.964
804.964
554.965
550.869
804.964
804.964
748.964
860.606
943.067
999.541
999.589
999.629
999.652
999.66
999.662
999.662
999.662
999.493
997.744
948.843
927.546
927.546
927.546
818.426
818.426
561.723
647.556
840.646
840.633
840.644
906.494
998.485
999.916
999.916
999.916
999.916
999.916
999.915
999.912
999.907
999.901
999.895
999.882
999.862
999.838
939.077
843.417
805.104
818.426
818.426
876.051
876.051
)
;
    }
    atmosphere
    {
        type            calculated;
        value           nonuniform List<scalar> 
44
(
1.20518
1.20518
37.4755
73.3376
78.053
54.9237
25.8151
12.1547
6.99933
4.21549
1.60018
1.05232
1.05523
1.0991
1.25164
1.16375
1.00485
1
1
1
1
1
1
1
1
1
1
1
1
1
1
1
1
1
1
1
1
1.1128
1.558
2.25494
2.32403
13.2921
144.101
184.005
)
;
    }
    frontAndBack
    {
        type            empty;
    }
}


// ************************************************************************* //
