/*--------------------------------*- C++ -*----------------------------------*\
  =========                 |
  \\      /  F ield         | OpenFOAM: The Open Source CFD Toolbox
   \\    /   O peration     | Website:  https://openfoam.org
    \\  /    A nd           | Version:  13
     \\/     M anipulation  |
\*---------------------------------------------------------------------------*/
FoamFile
{
    format      ascii;
    class       volVectorField;
    location    "0.4";
    object      U;
}
// * * * * * * * * * * * * * * * * * * * * * * * * * * * * * * * * * * * * * //

dimensions      [0 1 -1 0 0 0 0];

internalField   nonuniform List<vector> 
2016
(
(0.139171 -0.226074 0)
(0.0348174 -0.365197 0)
(-0.215217 -0.171355 0)
(-0.24648 0.128232 0)
(0.352115 -0.182085 0)
(0.000411191 0.114619 0)
(-0.384768 0.306781 0)
(-0.532012 0.560031 0)
(0.291207 -0.0199325 0)
(-0.289315 0.329651 0)
(-0.66683 0.575096 0)
(-0.794168 0.749547 0)
(-0.048885 0.125379 0)
(-0.570942 0.442781 0)
(-0.862277 0.603463 0)
(-0.968732 0.709579 0)
(-0.366748 0.124657 0)
(-0.805938 0.420055 0)
(-1.01264 0.464465 0)
(-1.10045 0.571284 0)
(-0.634738 0.0952766 0)
(-0.946974 0.342177 0)
(-1.12294 0.26677 0)
(-1.20649 0.422122 0)
(-0.827315 0.0571777 0)
(-1.00981 0.235221 0)
(-1.19637 0.106075 0)
(-1.26072 0.27431 0)
(-0.940473 0.0195508 0)
(-1.01959 0.127195 0)
(-1.21733 -0.0027544 0)
(-1.26119 0.0797307 0)
(-0.982361 -0.00849581 0)
(-1.00201 0.0442552 0)
(-1.17024 -0.0621969 0)
(-1.20291 -0.102248 0)
(-0.974238 -0.0247115 0)
(-0.980073 -0.00930747 0)
(-1.08529 -0.0951359 0)
(-0.907738 -0.203187 0)
(-0.943395 -0.0359383 0)
(-0.950272 -0.0384926 0)
(-0.997349 -0.110945 0)
(-0.877096 -0.20749 0)
(-0.897207 -0.0455302 0)
(-0.916896 -0.0573383 0)
(-0.920496 -0.122855 0)
(-0.757428 -0.201067 0)
(-0.838552 -0.0556727 0)
(-0.881142 -0.07508 0)
(-0.853336 -0.137453 0)
(-0.647638 -0.205309 0)
(-0.764392 -0.068355 0)
(-0.842082 -0.099244 0)
(-0.788984 -0.160961 0)
(-0.542012 -0.219126 0)
(-0.665193 -0.0858948 0)
(-0.793798 -0.138119 0)
(-0.727381 -0.199915 0)
(-0.436664 -0.240949 0)
(-0.525456 -0.111418 0)
(-0.727108 -0.201064 0)
(-0.675488 -0.262329 0)
(-0.344501 -0.263438 0)
(-0.331712 -0.145572 0)
(-0.636645 -0.289247 0)
(-0.6465 -0.353484 0)
(-0.29475 -0.296134 0)
(-0.0881116 -0.177143 0)
(-0.526667 -0.371851 0)
(-0.649489 -0.453898 0)
(-0.330967 -0.357966 0)
(0.179127 -0.164519 0)
(-0.38497 -0.363757 0)
(-0.68259 -0.497739 0)
(-0.398603 -0.427275 0)
(0.402481 -0.102857 0)
(-0.113499 -0.18209 0)
(-0.616196 -0.407367 0)
(-0.604145 -0.475685 0)
(0.466983 -0.0181907 0)
(0.0766116 0.0911588 0)
(-0.410146 -0.160364 0)
(-0.544443 -0.321683 0)
(0.330286 0.0657036 0)
(0.158301 0.224669 0)
(-0.146013 0.198311 0)
(-0.416052 -0.132699 0)
(0.0901358 0.0951544 0)
(0.0177946 0.246166 0)
(-0.0626493 0.2853 0)
(-0.145619 -0.00921553 0)
(-0.106884 0.0927276 0)
(-0.0450376 0.247386 0)
(0.0217051 0.281594 0)
(0.100601 0.0658498 0)
(-0.369273 0.0579793 0)
(-0.188772 0.17168 0)
(0.187142 0.0830438 0)
(0.279642 -0.0712438 0)
(-0.392211 -0.0585943 0)
(0.0554883 -0.0841356 0)
(0.30404 -0.197539 0)
(0.290429 -0.158574 0)
(-0.204891 -0.160768 0)
(0.108145 -0.212016 0)
(0.245443 -0.239284 0)
(0.35855 -0.211556 0)
(-0.00316395 -0.163477 0)
(0.162455 -0.227883 0)
(0.235 -0.212046 0)
(0.756776 -0.389585 0)
(0.195714 -0.145406 0)
(0.225108 -0.20444 0)
(0.418519 -0.220927 0)
(1.54398 -0.688395 0)
(0.372888 -0.121395 0)
(0.316263 -0.176242 0)
(0.727074 -0.230693 0)
(2.60241 -0.882476 0)
(0.525085 -0.0963141 0)
(0.418149 -0.148784 0)
(1.01606 -0.205295 0)
(3.72851 -0.791601 0)
(0.64603 -0.0705168 0)
(0.506455 -0.117171 0)
(1.183 -0.16318 0)
(4.62763 -0.504817 0)
(0.732022 -0.0458699 0)
(0.577415 -0.0805328 0)
(1.23794 -0.123936 0)
(4.88232 -0.230921 0)
(0.780476 -0.0213109 0)
(0.634651 -0.0382845 0)
(1.22591 -0.0871095 0)
(4.70538 -0.0416369 0)
(0.793326 0.0096752 0)
(0.680678 0.0153903 0)
(1.15954 -0.0379282 0)
(4.31418 0.0999899 0)
(0.742883 0.0480692 0)
(0.723165 0.0929252 0)
(1.03925 0.0480952 0)
(3.68288 0.239665 0)
(0.61386 0.0908931 0)
(0.737216 0.19135 0)
(0.871238 0.181918 0)
(2.84209 0.36944 0)
(0.392591 0.12527 0)
(0.683583 0.292089 0)
(0.701316 0.350888 0)
(1.97398 0.477664 0)
(0.105651 0.131015 0)
(0.528412 0.351504 0)
(0.614941 0.445397 0)
(1.21231 0.547315 0)
(-0.232264 0.0247073 0)
(0.291377 0.295163 0)
(0.544245 0.436618 0)
(0.772301 0.56535 0)
(-0.346072 -0.153329 0)
(0.0217503 0.124491 0)
(0.346128 0.241195 0)
(0.509071 0.450231 0)
(-0.113075 -0.207417 0)
(-0.0125819 -0.275075 0)
(0.186146 -0.141967 0)
(0.253977 0.130303 0)
(-0.225684 0.486823 0)
(-0.17445 0.807744 0)
(-0.119251 1.05249 0)
(-0.0723088 1.22369 0)
(-0.0403098 1.34696 0)
(-0.0174754 1.43656 0)
(-0.000636116 1.50791 0)
(0.0105897 1.56545 0)
(0.0166917 1.61108 0)
(0.0185713 1.64839 0)
(0.0160978 1.68153 0)
(0.00893079 1.71634 0)
(-0.00137824 1.75891 0)
(-0.0117333 1.81101 0)
(-0.01991 1.86961 0)
(-0.025286 1.93058 0)
(-0.0281638 1.99081 0)
(-0.0291469 2.04893 0)
(-0.0291396 2.10528 0)
(-0.0287938 2.16116 0)
(-0.0277662 2.21855 0)
(-0.0255035 2.28465 0)
(-0.0242327 2.37072 0)
(-0.0271637 2.4668 0)
(-0.0359404 2.55363 0)
(-0.0497855 2.61939 0)
(-0.0706541 2.68185 0)
(-0.103266 2.74931 0)
(-0.138931 2.74488 0)
(-0.156221 2.6478 0)
(-0.151639 2.49591 0)
(-0.13754 2.31003 0)
(-0.118448 2.07775 0)
(-0.0968053 1.79775 0)
(-0.0731676 1.54485 0)
(-0.0198299 1.3298 0)
(0.094312 1.00227 0)
(0.111938 0.350245 0)
(-0.0740532 0.295429 0)
(-0.239083 0.52837 0)
(-0.393954 0.0343267 0)
(-0.164732 0.464588 0)
(-0.511951 0.82421 0)
(-0.419066 1.05236 0)
(-0.323285 1.17488 0)
(-0.256538 1.21358 0)
(-0.211296 1.1911 0)
(-0.177569 1.18387 0)
(-0.147632 1.21961 0)
(-0.123793 1.27475 0)
(-0.106616 1.32905 0)
(-0.0955805 1.38517 0)
(-0.0905204 1.46037 0)
(-0.0917114 1.56459 0)
(-0.0991944 1.7085 0)
(-0.111006 1.93452 0)
(-0.118216 2.28048 0)
(-0.109655 2.63581 0)
(-0.0950653 2.90807 0)
(-0.0870463 3.09247 0)
(-0.0880184 3.23101 0)
(-0.0960713 3.38079 0)
(-0.11747 3.60774 0)
(-0.167899 4.00426 0)
(-0.251853 4.67313 0)
(-0.299587 5.54329 0)
(-0.206043 6.16513 0)
(-0.0535171 6.4973 0)
(0.0458082 6.57384 0)
(0.238571 6.57289 0)
(0.21928 5.57259 0)
(0.256787 5.07937 0)
(0.329345 4.77611 0)
(0.401936 4.51609 0)
(0.475669 4.27537 0)
(0.519785 4.02441 0)
(0.508413 3.81794 0)
(0.492022 3.71389 0)
(0.484449 3.56479 0)
(0.473724 3.3927 0)
(0.390454 3.1873 0)
(0.253724 2.86852 0)
(0.143607 2.43677 0)
(0.241411 1.63359 0)
(-0.749903 0.921033 0)
(-0.558539 1.0438 0)
(-0.246862 0.962129 0)
(0.00654267 0.647833 0)
(0.0242138 0.179365 0)
(-0.161082 0.402347 0)
(-0.156183 0.934433 0)
(-0.162859 1.70109 0)
(-0.155412 2.47148 0)
(-0.170375 3.15459 0)
(-0.219669 3.75295 0)
(-0.28417 4.30609 0)
(-0.375762 4.82192 0)
(-0.517832 5.28909 0)
(-0.626444 5.7273 0)
(-0.623024 6.19529 0)
(-0.523509 6.73362 0)
(-0.404921 7.3184 0)
(-0.33878 7.87027 0)
(-0.362562 8.32756 0)
(-0.508263 8.64696 0)
(-0.79015 8.78415 0)
(-1.05471 8.68525 0)
(-1.05527 8.39547 0)
(-0.810851 8.04163 0)
(-0.468338 7.74727 0)
(-0.134724 7.5736 0)
(0.310798 7.68268 0)
(0.94953 7.91089 0)
(1.11354 7.93958 0)
(0.883714 7.54625 0)
(0.716999 7.12151 0)
(0.645551 6.69343 0)
(0.586587 6.47766 0)
(0.473087 6.17284 0)
(0.438647 5.66731 0)
(0.53125 4.9981 0)
(0.573593 4.75433 0)
(0.590513 4.51274 0)
(0.561954 4.19915 0)
(0.502544 3.82261 0)
(0.517397 3.39518 0)
(-0.867508 0.835136 0)
(-0.449344 0.895727 0)
(0.0701627 0.960169 0)
(0.407604 0.636906 0)
(0.21823 0.396532 0)
(-0.706154 0.963956 0)
(-1.26974 1.43697 0)
(-1.39069 1.9547 0)
(-1.2755 2.41298 0)
(-1.13047 2.76052 0)
(-1.03161 3.02082 0)
(-0.976613 3.31859 0)
(-0.962456 3.67481 0)
(-0.997909 4.06443 0)
(-1.05463 4.4815 0)
(-1.09596 4.9118 0)
(-1.10233 5.35707 0)
(-1.06337 5.81761 0)
(-0.981952 6.25418 0)
(-0.879358 6.6034 0)
(-0.768053 6.82309 0)
(-0.628099 6.89055 0)
(-0.433365 6.78711 0)
(-0.183027 6.57799 0)
(0.0990625 6.36465 0)
(0.268604 6.2683 0)
(0.239918 6.35067 0)
(0.240094 6.53863 0)
(0.334765 6.86126 0)
(0.506843 7.3232 0)
(0.708065 7.8553 0)
(0.879225 8.24615 0)
(0.996155 8.3838 0)
(1.0238 8.20062 0)
(1.07256 7.84802 0)
(1.23541 7.33896 0)
(1.2971 6.71959 0)
(1.14641 6.14708 0)
(0.900644 5.39234 0)
(0.890554 4.8485 0)
(0.857067 4.44273 0)
(0.826824 4.03928 0)
(-0.898341 0.737858 0)
(-0.316272 0.875143 0)
(0.246757 0.416653 0)
(0.324728 0.327878 0)
(-0.367862 0.91694 0)
(-1.20039 1.58419 0)
(-1.60827 1.94684 0)
(-1.42533 1.97535 0)
(-1.11364 1.99801 0)
(-0.973816 2.12152 0)
(-1.01892 2.41656 0)
(-1.13671 2.8748 0)
(-1.28969 3.42328 0)
(-1.44535 3.96942 0)
(-1.5571 4.47034 0)
(-1.58612 4.91669 0)
(-1.52556 5.30089 0)
(-1.39074 5.61798 0)
(-1.1945 5.87338 0)
(-0.964704 6.06941 0)
(-0.738808 6.19688 0)
(-0.544691 6.26418 0)
(-0.404827 6.29656 0)
(-0.324041 6.32149 0)
(-0.298242 6.36398 0)
(-0.305979 6.44703 0)
(-0.304332 6.57346 0)
(-0.250837 6.73276 0)
(-0.135858 6.9076 0)
(0.011611 7.08552 0)
(0.152996 7.27013 0)
(0.342903 7.47177 0)
(0.654211 7.66248 0)
(1.01763 7.74928 0)
(1.36969 7.68171 0)
(1.70096 7.43066 0)
(1.86749 7.02641 0)
(1.86439 6.47852 0)
(1.79861 5.81145 0)
(1.40872 5.28676 0)
(1.2846 4.66796 0)
(1.13787 4.16491 0)
(-0.809517 0.610061 0)
(-0.0719449 0.369216 0)
(0.223698 0.401329 0)
(-0.0905016 0.932587 0)
(-0.861939 1.61118 0)
(-1.50883 1.93221 0)
(-1.55858 1.81063 0)
(-1.32778 1.65057 0)
(-1.26228 1.86164 0)
(-1.4693 2.44597 0)
(-1.72659 3.12152 0)
(-1.88721 3.738 0)
(-1.95144 4.19906 0)
(-1.97532 4.46194 0)
(-1.97337 4.60398 0)
(-1.92624 4.71857 0)
(-1.82886 4.85294 0)
(-1.6836 5.02616 0)
(-1.48324 5.24826 0)
(-1.23783 5.51786 0)
(-0.99486 5.78501 0)
(-0.787432 6.0374 0)
(-0.611487 6.27257 0)
(-0.423997 6.45389 0)
(-0.210798 6.58019 0)
(-0.120151 6.63974 0)
(-0.183699 6.63266 0)
(-0.179442 6.64126 0)
(-0.0523726 6.70421 0)
(0.143262 6.83054 0)
(0.325927 6.9573 0)
(0.489148 7.02055 0)
(0.739522 7.03398 0)
(1.07676 6.99158 0)
(1.47945 6.86305 0)
(1.89653 6.6206 0)
(2.19783 6.29571 0)
(2.3377 5.90134 0)
(2.34887 5.40718 0)
(2.07137 5.07031 0)
(1.82058 4.79116 0)
(1.50266 4.07488 0)
(-0.858978 0.350877 0)
(-0.282134 0.613933 0)
(-0.2902 1.00703 0)
(-0.744731 1.31701 0)
(-1.22773 1.43299 0)
(-1.40471 1.37554 0)
(-1.41902 1.41072 0)
(-1.62554 1.89396 0)
(-1.93562 2.61086 0)
(-2.2525 3.36855 0)
(-2.38032 3.903 0)
(-2.27355 4.16873 0)
(-2.00728 4.20356 0)
(-1.85992 4.0103 0)
(-1.84275 3.77028 0)
(-1.85106 3.63643 0)
(-1.83217 3.63095 0)
(-1.76442 3.7178 0)
(-1.65733 3.88977 0)
(-1.45726 4.16477 0)
(-1.19848 4.44698 0)
(-0.960516 4.73141 0)
(-0.753217 5.05051 0)
(-0.541039 5.40757 0)
(-0.355827 5.76401 0)
(-0.22679 6.10607 0)
(-0.170131 6.39821 0)
(-0.166649 6.57438 0)
(-0.166277 6.63351 0)
(-0.115203 6.63458 0)
(0.054415 6.63147 0)
(0.353074 6.59716 0)
(0.745589 6.49246 0)
(1.21177 6.33116 0)
(1.7127 6.07908 0)
(2.19381 5.7442 0)
(2.55428 5.37896 0)
(2.69545 5.02767 0)
(2.59454 4.64404 0)
(2.33271 4.27797 0)
(2.12921 4.55415 0)
(1.87196 3.73944 0)
(-1.2338 0.0245093 0)
(-0.774205 0.18611 0)
(-0.605101 0.27081 0)
(-0.710702 0.19904 0)
(-1.12414 0.425701 0)
(-1.61381 1.02178 0)
(-2.12679 1.83648 0)
(-2.51467 2.66364 0)
(-2.7067 3.31174 0)
(-2.68983 3.64076 0)
(-2.48998 3.64984 0)
(-2.17021 3.4815 0)
(-1.76855 3.38606 0)
(-1.52322 3.36219 0)
(-1.63734 3.1849 0)
(-1.75528 3.1194 0)
(-1.7894 3.20052 0)
(-1.82679 3.24975 0)
(-1.80695 3.34741 0)
(-1.69453 3.53694 0)
(-1.52053 3.83317 0)
(-1.35464 4.23333 0)
(-1.21467 4.7028 0)
(-1.07006 5.2094 0)
(-0.906868 5.73277 0)
(-0.752291 6.22233 0)
(-0.608763 6.61289 0)
(-0.438723 6.84509 0)
(-0.222695 6.89631 0)
(0.0257836 6.78 0)
(0.284612 6.54497 0)
(0.585532 6.2708 0)
(0.982032 6.0008 0)
(1.48469 5.71789 0)
(2.04765 5.39817 0)
(2.56283 5.05013 0)
(2.91979 4.69384 0)
(3.03462 4.36251 0)
(2.84275 4.04124 0)
(2.42774 3.59315 0)
(2.2824 3.87251 0)
(2.24516 3.3459 0)
(-1.05215 -0.238027 0)
(-0.516968 -0.449168 0)
(-0.391589 -0.527065 0)
(-0.874473 -0.33997 0)
(-1.87146 0.537548 0)
(-2.62552 1.51771 0)
(-3.06042 2.33701 0)
(-3.11545 2.81325 0)
(-2.91855 2.97988 0)
(-2.60413 2.91773 0)
(-2.28253 2.80001 0)
(-2.04865 2.81005 0)
(-1.85203 3.09815 0)
(-1.68497 3.535 0)
(-1.64012 3.80683 0)
(-1.72646 3.90563 0)
(-1.84989 3.9022 0)
(-1.95153 3.92831 0)
(-2.01214 4.04136 0)
(-2.01161 4.26817 0)
(-1.95898 4.61672 0)
(-1.87569 5.03849 0)
(-1.7704 5.48367 0)
(-1.62915 5.91644 0)
(-1.43629 6.31106 0)
(-1.18637 6.63516 0)
(-0.880852 6.84528 0)
(-0.522756 6.91172 0)
(-0.132594 6.83764 0)
(0.246496 6.62634 0)
(0.589269 6.29379 0)
(0.92723 5.89495 0)
(1.32807 5.50115 0)
(1.83252 5.14855 0)
(2.40014 4.82875 0)
(2.90762 4.531 0)
(3.24167 4.2589 0)
(3.34901 4.00318 0)
(3.16003 3.75835 0)
(2.64477 3.28469 0)
(2.29683 3.24302 0)
(2.52388 3.04418 0)
(-0.708903 -0.362643 0)
(-0.431943 -0.677703 0)
(-0.611056 -0.588554 0)
(-1.78178 0.139982 0)
(-3.03205 1.07583 0)
(-3.48026 1.69871 0)
(-3.43666 1.96973 0)
(-3.16752 1.98559 0)
(-2.82963 2.00705 0)
(-2.5388 2.06295 0)
(-2.42276 2.42585 0)
(-2.42446 3.15251 0)
(-2.34402 3.92118 0)
(-2.12816 4.39375 0)
(-1.92984 4.63398 0)
(-1.84714 4.7271 0)
(-1.89786 4.75542 0)
(-2.0474 4.79451 0)
(-2.20854 4.89684 0)
(-2.3055 5.07169 0)
(-2.31807 5.30607 0)
(-2.25819 5.57695 0)
(-2.13558 5.85183 0)
(-1.94365 6.09535 0)
(-1.67151 6.27987 0)
(-1.31564 6.38815 0)
(-0.88991 6.40551 0)
(-0.424572 6.32717 0)
(0.0657298 6.17461 0)
(0.562977 5.96868 0)
(1.00424 5.69213 0)
(1.36569 5.344 0)
(1.72889 4.96083 0)
(2.1704 4.60114 0)
(2.66936 4.33603 0)
(3.13298 4.16483 0)
(3.4537 3.97078 0)
(3.58283 3.78283 0)
(3.46732 3.61721 0)
(2.99484 3.22319 0)
(2.38822 2.80621 0)
(2.7154 2.91456 0)
(-0.551064 -0.254033 0)
(-0.536759 -0.411653 0)
(-1.00813 -0.2605 0)
(-2.59762 0.543149 0)
(-3.53264 0.925081 0)
(-3.59886 1.04329 0)
(-3.39196 1.04146 0)
(-3.11635 1.05071 0)
(-2.91036 1.27693 0)
(-3.00141 1.8975 0)
(-3.36476 3.08403 0)
(-3.37593 4.20359 0)
(-3.00701 5.01171 0)
(-2.47 5.46146 0)
(-2.04115 5.58978 0)
(-1.86134 5.58374 0)
(-1.90873 5.53819 0)
(-2.08649 5.48501 0)
(-2.28594 5.44349 0)
(-2.42045 5.43556 0)
(-2.46475 5.46848 0)
(-2.41898 5.52879 0)
(-2.28012 5.58532 0)
(-2.04166 5.6055 0)
(-1.70543 5.58331 0)
(-1.2766 5.53426 0)
(-0.771523 5.47495 0)
(-0.238173 5.39284 0)
(0.262463 5.28542 0)
(0.737251 5.19127 0)
(1.20979 5.10148 0)
(1.6668 4.93528 0)
(2.07923 4.67052 0)
(2.46407 4.38277 0)
(2.86161 4.14084 0)
(3.26324 3.95254 0)
(3.58679 3.81328 0)
(3.74844 3.6024 0)
(3.71864 3.4214 0)
(3.38061 3.11932 0)
(2.68129 2.50772 0)
(2.67177 2.36141 0)
(-0.537323 -0.251147 0)
(-0.656189 -0.200719 0)
(-1.33804 -0.0539735 0)
(-2.9714 0.461293 0)
(-3.61393 0.393313 0)
(-3.51029 0.303922 0)
(-3.35107 0.272864 0)
(-3.31605 0.429144 0)
(-3.63129 1.21613 0)
(-4.32392 2.48543 0)
(-4.64979 3.76967 0)
(-4.40545 4.89981 0)
(-3.64866 5.78947 0)
(-2.72387 6.31106 0)
(-2.03953 6.41853 0)
(-1.75184 6.30264 0)
(-1.77561 6.07935 0)
(-1.95254 5.81839 0)
(-2.15905 5.56013 0)
(-2.32128 5.33589 0)
(-2.39919 5.15108 0)
(-2.36515 4.98149 0)
(-2.20133 4.80812 0)
(-1.92162 4.62717 0)
(-1.56761 4.48182 0)
(-1.16039 4.40348 0)
(-0.702437 4.43288 0)
(-0.21063 4.54521 0)
(0.284088 4.70475 0)
(0.775854 4.87075 0)
(1.29283 4.97982 0)
(1.81637 4.99044 0)
(2.28803 4.90044 0)
(2.7138 4.69479 0)
(3.10959 4.40139 0)
(3.47093 4.08335 0)
(3.76934 3.80855 0)
(3.94973 3.5502 0)
(3.97558 3.23583 0)
(3.78178 2.91534 0)
(3.17219 2.33566 0)
(2.82391 1.73293 0)
(-0.548339 -0.287627 0)
(-0.749753 -0.23379 0)
(-1.59174 -0.0289645 0)
(-3.03317 0.121443 0)
(-3.43824 -0.192654 0)
(-3.37186 -0.323384 0)
(-3.52421 -0.198792 0)
(-3.9789 0.35705 0)
(-4.95088 1.63073 0)
(-5.65735 2.80944 0)
(-5.86047 3.93009 0)
(-5.43759 4.90877 0)
(-4.40278 5.73673 0)
(-3.06899 6.37481 0)
(-2.03052 6.55345 0)
(-1.5002 6.37443 0)
(-1.41869 5.98498 0)
(-1.57454 5.5222 0)
(-1.80201 5.06756 0)
(-2.00426 4.65528 0)
(-2.10669 4.26929 0)
(-2.06968 3.89705 0)
(-1.89925 3.57346 0)
(-1.67542 3.3236 0)
(-1.47684 3.2074 0)
(-1.27043 3.23244 0)
(-0.99744 3.40327 0)
(-0.637364 3.68116 0)
(-0.185787 4.01009 0)
(0.355212 4.35285 0)
(0.950685 4.62967 0)
(1.60635 4.81482 0)
(2.27323 4.87621 0)
(2.87788 4.79105 0)
(3.40699 4.55048 0)
(3.82505 4.19343 0)
(4.11163 3.80309 0)
(4.26497 3.46683 0)
(4.31677 3.14844 0)
(4.21881 2.72046 0)
(3.75469 2.2164 0)
(3.25041 1.43496 0)
(-0.527081 -0.344243 0)
(-0.823128 -0.341003 0)
(-1.71859 -0.174482 0)
(-2.84567 -0.365156 0)
(-3.18356 -0.691825 0)
(-3.44676 -0.684729 0)
(-4.06101 -0.263775 0)
(-5.13567 0.805397 0)
(-6.06008 1.80762 0)
(-6.7343 2.72837 0)
(-6.81227 3.43631 0)
(-6.29176 3.94189 0)
(-5.20898 4.37996 0)
(-3.62931 4.98524 0)
(-2.13096 5.26042 0)
(-1.25802 5.14941 0)
(-0.992979 4.78161 0)
(-1.08256 4.30325 0)
(-1.31528 3.80044 0)
(-1.53279 3.30205 0)
(-1.63836 2.81737 0)
(-1.64052 2.41107 0)
(-1.59719 2.13167 0)
(-1.58133 1.96164 0)
(-1.54584 1.86381 0)
(-1.4148 1.83312 0)
(-1.17172 1.89864 0)
(-0.833316 2.03285 0)
(-0.402793 2.25398 0)
(0.158131 2.55215 0)
(0.795084 2.91312 0)
(1.47884 3.32796 0)
(2.21813 3.66586 0)
(2.96481 3.8461 0)
(3.63555 3.83696 0)
(4.15447 3.68484 0)
(4.49011 3.38633 0)
(4.62076 3.10696 0)
(4.67241 2.84916 0)
(4.66717 2.48336 0)
(4.31633 2.08928 0)
(3.73714 1.35695 0)
(-0.423152 -0.394726 0)
(-0.835764 -0.465589 0)
(-1.67173 -0.461085 0)
(-2.57555 -0.812825 0)
(-3.08268 -1.01673 0)
(-3.79088 -0.786162 0)
(-4.99792 0.100547 0)
(-6.05931 1.03005 0)
(-6.85725 1.77343 0)
(-7.40677 2.24517 0)
(-7.26753 2.47365 0)
(-6.55344 2.5372 0)
(-5.43401 2.49941 0)
(-3.90012 2.67506 0)
(-2.26794 2.76073 0)
(-1.12803 2.77957 0)
(-0.686754 2.60042 0)
(-0.677361 2.2793 0)
(-0.861943 1.87829 0)
(-1.04869 1.44917 0)
(-1.20988 1.11597 0)
(-1.37311 0.900737 0)
(-1.46841 0.691321 0)
(-1.44533 0.439115 0)
(-1.32407 0.112343 0)
(-1.1884 -0.133367 0)
(-1.0611 -0.163104 0)
(-0.910395 -0.0655244 0)
(-0.660493 0.166527 0)
(-0.2386 0.435592 0)
(0.362014 0.800671 0)
(1.0976 1.16806 0)
(1.928 1.58922 0)
(2.78457 1.94648 0)
(3.58254 2.21261 0)
(4.24239 2.32854 0)
(4.68172 2.28007 0)
(4.84456 2.24231 0)
(4.94852 2.08276 0)
(5.0134 1.82074 0)
(4.73936 1.68363 0)
(4.04284 1.1927 0)
(-0.25244 -0.384207 0)
(-0.734666 -0.568589 0)
(-1.49655 -0.741822 0)
(-2.36086 -1.10186 0)
(-3.20569 -1.17599 0)
(-4.4863 -0.538838 0)
(-5.9026 0.408915 0)
(-6.7103 1.02321 0)
(-7.27243 1.5256 0)
(-7.5927 1.50336 0)
(-7.18743 1.26173 0)
(-6.25784 0.869216 0)
(-5.10743 0.414807 0)
(-3.68452 0.204342 0)
(-2.20465 0.0987027 0)
(-1.08305 0.183852 0)
(-0.547179 0.120484 0)
(-0.425321 -0.0489513 0)
(-0.544595 -0.258683 0)
(-0.805373 -0.388512 0)
(-1.10858 -0.404372 0)
(-1.23867 -0.583482 0)
(-1.11464 -0.98628 0)
(-0.92946 -1.43979 0)
(-0.964687 -1.78974 0)
(-1.12625 -1.989 0)
(-1.1941 -2.12437 0)
(-1.08494 -2.23656 0)
(-0.844655 -2.21925 0)
(-0.486792 -2.05607 0)
(0.025141 -1.76821 0)
(0.713832 -1.41548 0)
(1.53819 -0.965611 0)
(2.43578 -0.483755 0)
(3.31732 -0.019123 0)
(4.08304 0.320148 0)
(4.57962 0.608358 0)
(4.86807 0.770898 0)
(5.07933 0.783694 0)
(5.15029 0.677678 0)
(4.89494 0.722597 0)
(4.20861 0.778521 0)
(0.00586766 -0.301402 0)
(-0.491132 -0.579599 0)
(-1.26354 -0.861969 0)
(-2.24178 -1.19614 0)
(-3.55301 -1.1029 0)
(-5.36467 -0.130256 0)
(-6.57469 0.47951 0)
(-7.12209 0.91371 0)
(-7.36403 1.16301 0)
(-7.26764 0.646998 0)
(-6.57987 -0.0448925 0)
(-5.57288 -0.793968 0)
(-4.50722 -1.45942 0)
(-3.30989 -1.83778 0)
(-2.04441 -2.10912 0)
(-0.990667 -2.08216 0)
(-0.425921 -2.13905 0)
(-0.331374 -2.13254 0)
(-0.599153 -2.04294 0)
(-0.926375 -1.93458 0)
(-0.981311 -2.05033 0)
(-0.800193 -2.40931 0)
(-0.641118 -2.78708 0)
(-0.656625 -3.05671 0)
(-0.716794 -3.41796 0)
(-0.778859 -3.86066 0)
(-0.839141 -4.30528 0)
(-0.867291 -4.64782 0)
(-0.803982 -4.8326 0)
(-0.582555 -4.82139 0)
(-0.158429 -4.61198 0)
(0.439155 -4.24577 0)
(1.15725 -3.76226 0)
(1.97682 -3.16763 0)
(2.84546 -2.51838 0)
(3.65747 -1.90712 0)
(4.25679 -1.40182 0)
(4.70849 -1.13041 0)
(5.04424 -0.978755 0)
(5.18264 -1.01001 0)
(4.83782 -0.773688 0)
(3.61298 0.171469 0)
(-0.118992 -0.26459 0)
(-0.122694 -0.470111 0)
(-1.02834 -0.751203 0)
(-2.21047 -1.05787 0)
(-4.16255 -0.701695 0)
(-6.09194 0.142094 0)
(-6.98164 0.430868 0)
(-7.33831 0.712576 0)
(-7.09967 0.712466 0)
(-6.48354 -0.233088 0)
(-5.66536 -1.26904 0)
(-4.75906 -2.14852 0)
(-3.91454 -2.80772 0)
(-2.94175 -3.32421 0)
(-1.7652 -3.77155 0)
(-0.87689 -3.82827 0)
(-0.524495 -3.7986 0)
(-0.598544 -3.6686 0)
(-0.757536 -3.61362 0)
(-0.754816 -3.78576 0)
(-0.634847 -4.07822 0)
(-0.544325 -4.26358 0)
(-0.466503 -4.37498 0)
(-0.378953 -4.52343 0)
(-0.345203 -4.77819 0)
(-0.406049 -5.16277 0)
(-0.525874 -5.64763 0)
(-0.671176 -6.14173 0)
(-0.797467 -6.53926 0)
(-0.804301 -6.76001 0)
(-0.615666 -6.81282 0)
(-0.229012 -6.71082 0)
(0.350663 -6.3852 0)
(1.12758 -5.82802 0)
(2.05742 -5.10183 0)
(3.01353 -4.34949 0)
(3.84936 -3.71945 0)
(4.519 -3.36287 0)
(4.99844 -3.16159 0)
(5.0463 -3.01485 0)
(4.09143 -2.31125 0)
(1.66185 -0.863916 0)
(0.178964 -0.201697 0)
(-0.129872 -0.260209 0)
(-0.85536 -0.360729 0)
(-2.11514 -0.714308 0)
(-4.74526 -0.135939 0)
(-6.46154 0.220362 0)
(-7.17354 0.320028 0)
(-7.31943 0.372968 0)
(-6.47154 -0.0325781 0)
(-5.3792 -1.12691 0)
(-4.7089 -2.20226 0)
(-3.97242 -3.05669 0)
(-3.33165 -3.77422 0)
(-2.41678 -4.46661 0)
(-1.49862 -4.90039 0)
(-0.956947 -5.02019 0)
(-0.681884 -5.09444 0)
(-0.54739 -5.18022 0)
(-0.488111 -5.36066 0)
(-0.455359 -5.5452 0)
(-0.435346 -5.56585 0)
(-0.391528 -5.46754 0)
(-0.273984 -5.35381 0)
(-0.100931 -5.295 0)
(0.0586095 -5.34025 0)
(0.138403 -5.49506 0)
(0.0998446 -5.7434 0)
(-0.0315764 -6.02294 0)
(-0.224571 -6.27626 0)
(-0.430152 -6.50468 0)
(-0.299219 -6.65902 0)
(0.0420164 -6.74426 0)
(0.40632 -6.77531 0)
(0.808774 -6.74937 0)
(1.41412 -6.62453 0)
(2.34599 -6.28382 0)
(3.36171 -5.8207 0)
(4.21026 -5.36438 0)
(4.6712 -4.8244 0)
(4.37323 -3.99355 0)
(2.94217 -2.6797 0)
(0.835551 -1.41583 0)
(-0.13869 -0.324678 0)
(0.095231 0.116072 0)
(-0.598438 0.0279677 0)
(-2.10699 -0.273898 0)
(-4.99488 0.216908 0)
(-6.53064 0.110286 0)
(-7.17148 0.0900292 0)
(-6.91856 -0.220491 0)
(-5.57675 -1.04632 0)
(-4.37939 -1.95783 0)
(-3.78659 -2.89082 0)
(-3.15158 -3.70139 0)
(-2.5735 -4.54627 0)
(-1.79948 -5.29434 0)
(-1.15969 -5.74639 0)
(-0.700753 -6.05864 0)
(-0.413973 -6.28555 0)
(-0.350628 -6.40546 0)
(-0.442836 -6.39586 0)
(-0.600746 -6.23557 0)
(-0.745537 -5.97427 0)
(-0.794431 -5.72515 0)
(-0.703985 -5.52897 0)
(-0.460153 -5.39056 0)
(-0.155933 -5.37255 0)
(0.0435403 -5.46251 0)
(0.0870789 -5.5936 0)
(-0.0290208 -5.73081 0)
(-0.206927 -5.85193 0)
(-0.311433 -5.96743 0)
(-0.256727 -6.03021 0)
(-0.0211655 -6.00952 0)
(0.375597 -5.99666 0)
(0.885843 -6.02457 0)
(1.51295 -6.0381 0)
(2.2524 -5.96949 0)
(3.01274 -5.72144 0)
(3.58399 -5.21173 0)
(3.68718 -4.40217 0)
(3.09574 -3.36081 0)
(1.75705 -2.26105 0)
(0.466463 -1.73373 0)
(-0.372629 -0.316473 0)
(-0.717074 -0.10499 0)
(-0.327884 -0.154581 0)
(-2.34219 -0.021362 0)
(-4.93597 0.0924209 0)
(-6.41572 -0.174614 0)
(-6.88444 -0.404136 0)
(-6.09408 -1.13637 0)
(-4.7781 -1.94459 0)
(-3.72571 -2.61224 0)
(-2.92148 -3.43583 0)
(-2.29169 -4.25115 0)
(-1.76946 -5.13239 0)
(-1.21275 -5.80639 0)
(-0.774159 -6.25594 0)
(-0.467476 -6.60063 0)
(-0.352648 -6.79585 0)
(-0.444166 -6.87955 0)
(-0.628839 -6.87837 0)
(-0.86219 -6.83834 0)
(-0.960877 -6.86306 0)
(-0.863549 -6.98753 0)
(-0.626222 -7.12366 0)
(-0.285997 -7.18809 0)
(0.0607783 -7.16316 0)
(0.239187 -7.11747 0)
(0.252942 -7.08074 0)
(0.133893 -7.06237 0)
(-0.049854 -7.04871 0)
(-0.209019 -7.01156 0)
(-0.273879 -6.92341 0)
(-0.104003 -6.76772 0)
(0.321137 -6.56341 0)
(0.829931 -6.37378 0)
(1.40028 -6.17813 0)
(2.01423 -5.92311 0)
(2.55978 -5.51408 0)
(2.86329 -4.90842 0)
(2.74548 -4.12589 0)
(2.11122 -3.29952 0)
(1.12983 -2.78085 0)
(0.371979 -2.75359 0)
(-0.34629 -0.243944 0)
(-0.123736 -0.251745 0)
(-0.9082 -0.868827 0)
(-2.65243 -0.102237 0)
(-4.70956 -0.318881 0)
(-6.11996 -0.610941 0)
(-6.26396 -1.14669 0)
(-5.30702 -2.00019 0)
(-4.12823 -2.63001 0)
(-3.01544 -3.21968 0)
(-2.12737 -3.94488 0)
(-1.4498 -4.73691 0)
(-1.04846 -5.50237 0)
(-0.683589 -6.08884 0)
(-0.369216 -6.54293 0)
(-0.171819 -6.90546 0)
(-0.165947 -7.17701 0)
(-0.297308 -7.3912 0)
(-0.509588 -7.64016 0)
(-0.60376 -8.0144 0)
(-0.567807 -8.50826 0)
(-0.514752 -9.00226 0)
(-0.437922 -9.41458 0)
(-0.277736 -9.7168 0)
(-0.068399 -9.89248 0)
(0.10406 -9.97585 0)
(0.151134 -10.0225 0)
(0.0177205 -10.0646 0)
(-0.248895 -10.0205 0)
(-0.498162 -9.78871 0)
(-0.5788 -9.39995 0)
(-0.419159 -8.94998 0)
(-0.0560426 -8.48712 0)
(0.428021 -8.01082 0)
(0.964486 -7.52531 0)
(1.50821 -6.97115 0)
(1.96271 -6.32149 0)
(2.18069 -5.60164 0)
(2.0519 -4.83757 0)
(1.5779 -4.17083 0)
(0.939903 -3.79988 0)
(0.331116 -3.69586 0)
(-0.291797 -0.196813 0)
(0.493387 -0.216128 0)
(-0.898748 -0.606094 0)
(-2.58378 -0.431986 0)
(-4.41396 -0.732058 0)
(-5.6299 -1.13867 0)
(-5.49873 -1.87697 0)
(-4.6637 -2.63955 0)
(-3.54676 -3.14931 0)
(-2.36604 -3.68212 0)
(-1.40559 -4.3142 0)
(-0.716569 -5.02145 0)
(-0.414039 -5.6778 0)
(-0.180251 -6.219 0)
(0.0468067 -6.66112 0)
(0.158553 -7.03082 0)
(0.12804 -7.36987 0)
(0.0238022 -7.70803 0)
(-0.0646691 -8.14025 0)
(-0.0422413 -8.67092 0)
(-0.00976362 -9.24827 0)
(0.0027225 -9.83733 0)
(0.0325561 -10.428 0)
(0.113675 -10.9794 0)
(0.234124 -11.4274 0)
(0.327552 -11.7116 0)
(0.290433 -11.7857 0)
(0.034208 -11.623 0)
(-0.4152 -11.2334 0)
(-0.87449 -10.6847 0)
(-1.08602 -10.0666 0)
(-0.930234 -9.47455 0)
(-0.52303 -8.99509 0)
(-0.051897 -8.60291 0)
(0.419991 -8.16628 0)
(0.86748 -7.61238 0)
(1.23261 -6.94994 0)
(1.42785 -6.21456 0)
(1.37864 -5.4808 0)
(1.09354 -4.85718 0)
(0.674111 -4.44785 0)
(0.228074 -4.29947 0)
(-0.203099 -0.0716067 0)
(0.4054 -0.198092 0)
(-0.802303 -0.0139168 0)
(-2.21332 -0.769045 0)
(-4.04026 -1.12797 0)
(-5.03888 -1.64051 0)
(-4.80779 -2.3993 0)
(-4.09881 -3.08842 0)
(-3.06321 -3.53092 0)
(-1.83586 -3.97979 0)
(-0.784045 -4.50706 0)
(-0.10021 -5.08832 0)
(0.137004 -5.67215 0)
(0.27071 -6.2015 0)
(0.428837 -6.62331 0)
(0.518828 -7.01632 0)
(0.511793 -7.42846 0)
(0.450807 -7.91091 0)
(0.447497 -8.47302 0)
(0.521997 -9.06377 0)
(0.592015 -9.64242 0)
(0.639893 -10.2046 0)
(0.680603 -10.7327 0)
(0.701862 -11.1653 0)
(0.653536 -11.4237 0)
(0.479607 -11.456 0)
(0.12255 -11.2665 0)
(-0.445395 -10.8959 0)
(-1.10577 -10.5169 0)
(-1.66271 -10.1358 0)
(-1.8659 -9.69281 0)
(-1.58971 -9.17873 0)
(-0.989389 -8.63428 0)
(-0.417965 -8.2033 0)
(-0.00952933 -7.85451 0)
(0.319095 -7.43146 0)
(0.590699 -6.88485 0)
(0.750812 -6.26503 0)
(0.757858 -5.64724 0)
(0.620566 -5.11791 0)
(0.392751 -4.76381 0)
(0.132635 -4.64188 0)
(-0.0743573 -0.0665811 0)
(0.445666 -0.20578 0)
(-0.340288 -0.257398 0)
(-1.8137 -1.12854 0)
(-3.57845 -1.52121 0)
(-4.43361 -2.07657 0)
(-4.19306 -2.78231 0)
(-3.59552 -3.43859 0)
(-2.65485 -3.84347 0)
(-1.43895 -4.19049 0)
(-0.335714 -4.56572 0)
(0.382785 -4.97834 0)
(0.655072 -5.48428 0)
(0.702372 -6.02208 0)
(0.80202 -6.48196 0)
(0.922693 -6.89527 0)
(0.995473 -7.34548 0)
(1.01189 -7.88562 0)
(1.023 -8.46072 0)
(1.04627 -8.94122 0)
(1.04416 -9.26967 0)
(1.0027 -9.44887 0)
(0.907124 -9.47071 0)
(0.724095 -9.30702 0)
(0.421234 -8.92665 0)
(0.0468973 -8.42839 0)
(-0.368435 -7.95658 0)
(-0.823042 -7.63971 0)
(-1.26863 -7.51745 0)
(-1.66531 -7.56488 0)
(-1.93271 -7.84214 0)
(-1.93976 -8.14971 0)
(-1.44563 -8.09357 0)
(-0.787474 -7.79741 0)
(-0.326932 -7.47137 0)
(-0.0690137 -7.10536 0)
(0.108821 -6.65685 0)
(0.23694 -6.14803 0)
(0.287311 -5.6417 0)
(0.255246 -5.20388 0)
(0.166767 -4.90672 0)
(0.0549815 -4.80625 0)
(0.0753411 -0.0792675 0)
(0.547827 -0.208165 0)
(0.393043 -0.663115 0)
(-1.30817 -1.51877 0)
(-3.02942 -1.96303 0)
(-3.77946 -2.5277 0)
(-3.56658 -3.17977 0)
(-3.08059 -3.80589 0)
(-2.2709 -4.1834 0)
(-1.123 -4.44276 0)
(-0.00715681 -4.68363 0)
(0.779551 -4.97309 0)
(1.17236 -5.33324 0)
(1.22441 -5.77592 0)
(1.25243 -6.22637 0)
(1.36555 -6.65393 0)
(1.47956 -7.05382 0)
(1.51967 -7.46802 0)
(1.44384 -7.81253 0)
(1.27263 -7.92057 0)
(1.05672 -7.73832 0)
(0.81371 -7.34312 0)
(0.529703 -6.82134 0)
(0.200218 -6.2248 0)
(-0.130015 -5.57895 0)
(-0.333256 -5.131 0)
(-0.494336 -4.88922 0)
(-0.696227 -4.8054 0)
(-0.907483 -4.92242 0)
(-1.07021 -5.25373 0)
(-1.18888 -5.73544 0)
(-1.3122 -6.44734 0)
(-1.25862 -7.26195 0)
(-0.948769 -7.45859 0)
(-0.646361 -7.23956 0)
(-0.454605 -6.86776 0)
(-0.326468 -6.44961 0)
(-0.223243 -6.00861 0)
(-0.139278 -5.57167 0)
(-0.0796107 -5.18794 0)
(-0.0426723 -4.92431 0)
(-0.0163036 -4.83594 0)
(0.181374 -0.101441 0)
(1.07103 -0.419392 0)
(1.26997 -1.19695 0)
(-0.744399 -1.96313 0)
(-2.40609 -2.4637 0)
(-3.08474 -3.01662 0)
(-2.94067 -3.62503 0)
(-2.58136 -4.20313 0)
(-1.91995 -4.56387 0)
(-0.877659 -4.75991 0)
(0.247611 -4.87892 0)
(1.10364 -5.03888 0)
(1.55427 -5.27611 0)
(1.68648 -5.59015 0)
(1.70098 -5.97187 0)
(1.77945 -6.35889 0)
(1.85328 -6.67924 0)
(1.80032 -6.86596 0)
(1.48496 -6.80706 0)
(0.960442 -6.41123 0)
(0.419634 -5.73693 0)
(0.00247759 -5.01322 0)
(-0.282974 -4.41641 0)
(-0.497598 -3.99403 0)
(-0.643144 -3.73847 0)
(-0.67334 -3.64222 0)
(-0.648527 -3.64688 0)
(-0.676604 -3.76564 0)
(-0.728974 -4.12621 0)
(-0.771328 -4.69838 0)
(-0.689835 -5.37018 0)
(-0.502537 -6.09589 0)
(-0.401958 -7.07263 0)
(-0.64244 -7.3979 0)
(-0.876291 -7.21491 0)
(-0.897126 -6.83599 0)
(-0.800808 -6.38138 0)
(-0.68528 -5.90634 0)
(-0.56002 -5.45196 0)
(-0.414 -5.06328 0)
(-0.254037 -4.80016 0)
(-0.0878767 -4.71057 0)
(0.520423 -0.257046 0)
(1.75394 -0.970734 0)
(2.1519 -1.87935 0)
(-0.176564 -2.42791 0)
(-1.78989 -2.96486 0)
(-2.4362 -3.46061 0)
(-2.3576 -4.00183 0)
(-2.10863 -4.55037 0)
(-1.62185 -4.93158 0)
(-0.775411 -5.11352 0)
(0.247201 -5.13628 0)
(1.14136 -5.15162 0)
(1.71993 -5.24621 0)
(2.0115 -5.47977 0)
(2.12901 -5.88201 0)
(2.16481 -6.22991 0)
(2.06196 -6.37222 0)
(1.7113 -6.23304 0)
(1.01218 -5.72406 0)
(0.0946775 -4.88737 0)
(-0.447297 -4.24032 0)
(-0.593258 -3.94916 0)
(-0.599243 -3.94058 0)
(-0.642352 -4.02117 0)
(-0.679931 -4.22553 0)
(-0.665098 -4.55967 0)
(-0.591193 -4.9733 0)
(-0.39829 -5.4966 0)
(-0.127182 -6.01667 0)
(0.17809 -6.53628 0)
(0.59974 -7.47988 0)
(0.600573 -8.05658 0)
(-0.131811 -7.83394 0)
(-0.944393 -7.35035 0)
(-1.33891 -6.96731 0)
(-1.42238 -6.62036 0)
(-1.37156 -6.21973 0)
(-1.25508 -5.75661 0)
(-1.0669 -5.28632 0)
(-0.797692 -4.8478 0)
(-0.484338 -4.53825 0)
(-0.164944 -4.4284 0)
(1.28123 -0.661769 0)
(2.68153 -1.75782 0)
(2.82882 -2.59393 0)
(0.321603 -2.89376 0)
(-1.23807 -3.40067 0)
(-1.87234 -3.80577 0)
(-1.8045 -4.2476 0)
(-1.59098 -4.77472 0)
(-1.24027 -5.23226 0)
(-0.569432 -5.5353 0)
(0.342596 -5.66712 0)
(1.26929 -5.71397 0)
(1.99205 -5.81546 0)
(2.39885 -6.01471 0)
(2.46184 -6.16148 0)
(2.24093 -6.09158 0)
(1.79464 -5.78885 0)
(1.04216 -5.21731 0)
(0.0947927 -4.50443 0)
(-0.587959 -4.02058 0)
(-0.690142 -4.06381 0)
(-0.449088 -4.56058 0)
(-0.197708 -5.27597 0)
(0.0250136 -6.16558 0)
(0.252475 -7.22131 0)
(0.406066 -8.12954 0)
(0.513858 -8.7487 0)
(0.630361 -9.02813 0)
(0.762286 -8.98245 0)
(0.745768 -8.51175 0)
(0.3271 -7.67613 0)
(-0.419375 -6.58554 0)
(-1.0586 -5.72717 0)
(-1.41974 -5.24032 0)
(-1.56904 -5.0307 0)
(-1.64274 -4.9877 0)
(-1.70102 -5.01479 0)
(-1.69204 -4.84098 0)
(-1.55367 -4.62246 0)
(-1.2337 -4.35094 0)
(-0.759683 -4.07806 0)
(-0.255835 -3.95142 0)
(2.26796 -1.21374 0)
(3.8837 -2.37647 0)
(3.267 -2.9704 0)
(0.79267 -3.18202 0)
(-0.760262 -3.63811 0)
(-1.41782 -3.97882 0)
(-1.32845 -4.30304 0)
(-1.06385 -4.72637 0)
(-0.771033 -5.19668 0)
(-0.252839 -5.62126 0)
(0.508689 -5.90479 0)
(1.38373 -6.04675 0)
(2.11105 -6.12516 0)
(2.45123 -6.15871 0)
(2.31913 -5.93755 0)
(1.80235 -5.42908 0)
(1.08094 -4.77253 0)
(0.262554 -4.08886 0)
(-0.336463 -3.70858 0)
(-0.343663 -3.94105 0)
(0.177466 -4.7549 0)
(0.779429 -5.85007 0)
(1.17261 -6.96895 0)
(1.29289 -7.90523 0)
(1.15081 -8.49528 0)
(0.77063 -8.6573 0)
(0.254045 -8.39472 0)
(-0.253322 -7.78289 0)
(-0.648454 -6.9014 0)
(-0.893337 -5.89784 0)
(-1.07113 -5.09899 0)
(-1.31489 -4.45754 0)
(-1.56017 -3.98097 0)
(-1.67889 -3.66848 0)
(-1.69098 -3.45634 0)
(-1.67345 -3.29407 0)
(-1.65966 -3.16285 0)
(-1.63269 -3.06502 0)
(-1.51723 -2.99273 0)
(-1.29285 -3.068 0)
(-0.886033 -3.19004 0)
(-0.33264 -3.20282 0)
(3.4543 -1.81757 0)
(4.84192 -2.69034 0)
(3.49328 -2.96136 0)
(1.20404 -3.15599 0)
(-0.321285 -3.55062 0)
(-1.0625 -3.93041 0)
(-1.00457 -4.15149 0)
(-0.643186 -4.34027 0)
(-0.277786 -4.65837 0)
(0.165948 -5.01648 0)
(0.773264 -5.31313 0)
(1.47135 -5.49505 0)
(2.03765 -5.56427 0)
(2.17123 -5.37222 0)
(1.71567 -4.89278 0)
(0.976025 -4.23661 0)
(0.283894 -3.56152 0)
(-0.121772 -3.16178 0)
(-0.0140188 -3.30883 0)
(0.597814 -4.02546 0)
(1.37774 -5.05349 0)
(1.95488 -6.09266 0)
(2.11806 -6.89313 0)
(1.83153 -7.24479 0)
(1.17212 -7.08587 0)
(0.330151 -6.59181 0)
(-0.460707 -5.99318 0)
(-1.04203 -5.49972 0)
(-1.40353 -5.06116 0)
(-1.55866 -4.5636 0)
(-1.63626 -4.12221 0)
(-1.76905 -3.80731 0)
(-1.90009 -3.65814 0)
(-1.91952 -3.55634 0)
(-1.88529 -3.44112 0)
(-1.86896 -3.24072 0)
(-1.85116 -2.90128 0)
(-1.80166 -2.52719 0)
(-1.60522 -2.13216 0)
(-1.19786 -1.83506 0)
(-0.611567 -1.89355 0)
(-0.21201 -2.19038 0)
(4.57268 -2.04606 0)
(5.28304 -2.4766 0)
(3.5275 -2.61092 0)
(1.56857 -2.82204 0)
(0.0243169 -3.19419 0)
(-0.713977 -3.60584 0)
(-0.858628 -3.8239 0)
(-0.527397 -3.83791 0)
(-0.0305866 -3.86752 0)
(0.440589 -3.99701 0)
(0.967325 -4.14447 0)
(1.51735 -4.15995 0)
(1.86566 -4.15563 0)
(1.75776 -3.84234 0)
(1.09649 -3.40291 0)
(0.269515 -2.92383 0)
(-0.156431 -2.49437 0)
(0.0116697 -2.48294 0)
(0.66055 -2.95008 0)
(1.56272 -3.72902 0)
(2.35245 -4.58083 0)
(2.66807 -5.26236 0)
(2.31789 -5.57284 0)
(1.35654 -5.44414 0)
(0.391714 -5.09876 0)
(-0.330074 -4.74165 0)
(-0.80516 -4.59671 0)
(-1.18011 -4.58947 0)
(-1.48934 -4.65047 0)
(-1.71072 -4.83148 0)
(-1.80212 -4.80861 0)
(-1.81746 -4.5708 0)
(-1.82951 -4.64345 0)
(-1.87472 -5.00401 0)
(-2.0735 -4.92787 0)
(-2.33023 -4.6138 0)
(-2.48301 -4.0159 0)
(-2.51446 -3.33256 0)
(-2.29059 -2.64002 0)
(-1.69955 -1.97434 0)
(-0.957647 -1.62098 0)
(-0.159553 -1.64509 0)
(5.37631 -1.66691 0)
(5.45348 -1.86951 0)
(3.67362 -2.05004 0)
(1.9639 -2.26855 0)
(0.518308 -2.51821 0)
(-0.355321 -2.99178 0)
(-0.707162 -3.22327 0)
(-0.577651 -3.20682 0)
(-0.141029 -2.98978 0)
(0.466111 -2.72784 0)
(0.981825 -2.77325 0)
(1.38163 -2.74545 0)
(1.64675 -2.57149 0)
(1.54816 -2.42756 0)
(0.853151 -1.95451 0)
(-0.0169145 -1.51634 0)
(-0.216548 -1.19221 0)
(0.399921 -1.4075 0)
(1.35205 -2.04324 0)
(2.35179 -2.79448 0)
(3.03138 -3.42289 0)
(3.06872 -3.81692 0)
(2.4398 -3.95163 0)
(1.44016 -3.96104 0)
(0.471093 -4.08971 0)
(-0.216597 -4.3824 0)
(-0.656296 -4.6179 0)
(-0.960353 -4.80057 0)
(-1.19661 -5.04046 0)
(-1.4678 -5.25771 0)
(-1.70357 -5.37651 0)
(-1.74163 -5.42889 0)
(-1.72225 -5.30593 0)
(-1.9686 -5.07257 0)
(-2.39111 -4.86201 0)
(-2.84957 -4.69939 0)
(-3.25624 -4.51768 0)
(-3.44926 -4.25699 0)
(-3.13747 -3.80913 0)
(-2.22959 -3.12453 0)
(-1.02565 -2.69257 0)
(0.0508929 -2.69033 0)
(5.85973 -0.892907 0)
(5.51575 -1.08848 0)
(3.96954 -1.33297 0)
(2.34505 -1.56232 0)
(0.914913 -1.80299 0)
(-0.0677762 -2.23084 0)
(-0.542072 -2.23675 0)
(-0.585694 -2.24176 0)
(-0.448928 -1.85518 0)
(0.0447221 -1.26826 0)
(1.01106 -0.863275 0)
(1.40553 -1.12052 0)
(1.42964 -1.26582 0)
(1.2004 -1.21626 0)
(0.591309 -1.09663 0)
(-0.643034 -0.471097 0)
(-0.600419 -0.14594 0)
(0.677515 -0.339771 0)
(2.00019 -0.907057 0)
(3.08469 -1.53624 0)
(3.51564 -2.07507 0)
(3.28381 -2.42327 0)
(2.63944 -2.64031 0)
(1.80779 -3.1087 0)
(1.05107 -3.88625 0)
(0.349668 -4.60054 0)
(-0.313718 -4.8908 0)
(-0.867297 -4.78748 0)
(-1.28357 -4.44046 0)
(-1.61578 -4.00318 0)
(-1.85802 -3.58708 0)
(-2.00489 -3.21692 0)
(-2.09277 -2.90996 0)
(-2.20399 -2.70102 0)
(-2.39551 -2.6408 0)
(-2.65431 -2.74528 0)
(-2.95621 -2.97561 0)
(-3.26219 -3.31817 0)
(-3.31447 -3.71397 0)
(-2.61566 -3.74351 0)
(-1.24729 -3.31745 0)
(-0.184249 -2.89678 0)
(6.13084 -0.0956673 0)
(5.56596 -0.316434 0)
(4.19847 -0.574609 0)
(2.70233 -0.701135 0)
(1.25893 -0.889115 0)
(0.0446384 -1.33458 0)
(-0.829322 -0.893205 0)
(-0.932656 -0.722521 0)
(-1.15838 0.237016 0)
(-0.799333 0.703073 0)
(0.679899 0.978629 0)
(1.86026 1.26624 0)
(1.84771 0.713374 0)
(1.36904 0.100508 0)
(0.515183 -0.221287 0)
(-0.934406 0.0156671 0)
(-0.83966 -0.187913 0)
(1.16851 -0.434209 0)
(2.60228 -1.05314 0)
(3.41252 -1.27054 0)
(3.8415 -1.12673 0)
(3.62103 -1.32889 0)
(3.13544 -1.74994 0)
(2.56644 -2.45763 0)
(1.81282 -3.12274 0)
(0.726621 -3.33308 0)
(-0.481595 -3.08167 0)
(-1.38486 -2.64303 0)
(-1.92299 -2.10205 0)
(-2.21908 -1.57591 0)
(-2.36201 -1.13615 0)
(-2.38008 -0.787822 0)
(-2.3113 -0.549088 0)
(-2.23532 -0.448377 0)
(-2.22754 -0.547494 0)
(-2.32845 -0.833183 0)
(-2.49454 -1.22043 0)
(-2.65478 -1.61868 0)
(-2.82415 -2.17405 0)
(-2.71082 -2.55255 0)
(-1.81752 -2.40559 0)
(-0.465051 -2.05211 0)
(6.16353 0.505405 0)
(5.63792 0.482752 0)
(4.35864 0.184593 0)
(2.95291 0.161966 0)
(1.47034 0.0215242 0)
(-0.0432145 0.0207528 0)
(-1.33219 0.253533 0)
(-1.82871 0.831824 0)
(-1.83573 1.45787 0)
(-1.34249 1.71972 0)
(-0.336531 1.97776 0)
(1.57869 2.70394 0)
(2.60988 2.79934 0)
(2.20542 2.10476 0)
(1.15998 1.3189 0)
(-0.28868 0.771323 0)
(0.270803 -0.600189 0)
(1.89977 -1.19645 0)
(2.93979 -1.44543 0)
(3.30683 -1.48795 0)
(3.63497 -1.16755 0)
(4.0056 -0.707687 0)
(3.85887 -1.03224 0)
(3.25347 -1.50105 0)
(2.12491 -1.61765 0)
(0.480252 -1.20504 0)
(-0.941498 -0.873037 0)
(-2.00172 -0.47254 0)
(-2.55519 0.0666422 0)
(-2.74744 0.560463 0)
(-2.76234 0.939388 0)
(-2.67254 1.17178 0)
(-2.47176 1.28585 0)
(-2.18939 1.30264 0)
(-1.94739 1.13375 0)
(-1.88135 0.800691 0)
(-2.03745 0.317429 0)
(-2.17639 -0.175555 0)
(-2.25888 -0.725781 0)
(-2.44696 -1.26544 0)
(-2.11776 -1.34896 0)
(-0.950938 -1.05704 0)
(5.67264 0.875764 0)
(5.65028 1.35241 0)
(4.49433 1.07416 0)
(3.06677 1.00717 0)
(1.56051 1.02251 0)
(-0.237611 1.18202 0)
(-1.73566 1.10891 0)
(-2.20006 1.48442 0)
(-1.96644 1.69076 0)
(-1.45176 1.77709 0)
(-0.695333 1.93331 0)
(0.534334 2.35752 0)
(2.37934 3.15375 0)
(2.8112 3.22686 0)
(2.13144 2.66743 0)
(1.07729 1.81678 0)
(1.08958 0.229932 0)
(2.26356 -0.821794 0)
(3.02686 -0.949601 0)
(3.19462 -1.00336 0)
(3.26622 -0.996446 0)
(3.54745 -0.616806 0)
(3.7677 -0.168294 0)
(3.04072 0.0334756 0)
(1.67968 0.57487 0)
(0.138259 1.14836 0)
(-1.36813 1.43033 0)
(-2.54553 1.66867 0)
(-3.10296 2.10827 0)
(-3.17123 2.43712 0)
(-3.02417 2.65777 0)
(-2.8105 2.72788 0)
(-2.53415 2.68813 0)
(-2.14387 2.61386 0)
(-1.74801 2.46275 0)
(-1.47378 2.31593 0)
(-1.40929 2.04294 0)
(-1.47159 1.43268 0)
(-1.5275 0.779648 0)
(-1.95337 0.117662 0)
(-1.95624 -0.253774 0)
(-1.34448 -0.373948 0)
(4.89849 1.16739 0)
(5.29646 2.15221 0)
(4.52034 2.244 0)
(3.09996 2.18879 0)
(1.55746 2.34755 0)
(-0.122217 2.36985 0)
(-1.63224 1.93452 0)
(-2.33006 1.59234 0)
(-2.01304 1.77291 0)
(-1.48455 1.77691 0)
(-0.738558 1.72931 0)
(0.251043 2.00076 0)
(1.90014 2.71921 0)
(2.7354 3.22271 0)
(2.7236 3.25854 0)
(2.40499 2.84875 0)
(2.25731 1.93613 0)
(2.72792 0.825529 0)
(3.16321 0.510881 0)
(3.26205 0.459585 0)
(3.14397 0.437746 0)
(3.02063 0.673017 0)
(2.84615 1.26111 0)
(2.22764 1.9669 0)
(1.13505 2.67338 0)
(-0.283719 3.3508 0)
(-1.80878 3.8389 0)
(-3.00111 4.10717 0)
(-3.44989 4.2198 0)
(-3.37902 4.17035 0)
(-3.07282 4.03859 0)
(-2.76593 3.83814 0)
(-2.4506 3.61079 0)
(-2.06026 3.42917 0)
(-1.68175 3.32197 0)
(-1.35896 3.31204 0)
(-1.1006 3.22136 0)
(-0.877466 2.88733 0)
(-0.723241 2.39868 0)
(-1.0865 1.88005 0)
(-1.36259 1.2245 0)
(-1.09815 0.463283 0)
(3.91649 1.42842 0)
(4.44961 2.75027 0)
(4.12021 3.41208 0)
(3.01413 3.70922 0)
(1.66298 3.88739 0)
(0.303141 3.82788 0)
(-1.036 3.39717 0)
(-2.11731 2.68809 0)
(-2.1524 2.43002 0)
(-1.38705 2.18543 0)
(-0.81303 1.9524 0)
(-0.18212 1.99089 0)
(1.16867 2.40033 0)
(2.21054 2.99788 0)
(2.6808 3.48017 0)
(2.88295 3.65364 0)
(3.12225 3.61086 0)
(3.38762 3.24433 0)
(3.46701 2.91242 0)
(3.40461 2.9438 0)
(3.16625 3.0678 0)
(2.79409 3.38758 0)
(2.30415 3.92334 0)
(1.62329 4.6848 0)
(0.653425 5.52233 0)
(-0.618269 6.40563 0)
(-1.91372 6.87991 0)
(-2.8595 6.79708 0)
(-3.11924 6.36938 0)
(-2.9353 5.80424 0)
(-2.61226 5.22959 0)
(-2.32479 4.69913 0)
(-2.0845 4.21357 0)
(-1.79499 3.88634 0)
(-1.50803 3.6979 0)
(-1.29478 3.53296 0)
(-1.07548 3.39313 0)
(-0.762408 3.35877 0)
(-0.461226 3.35485 0)
(-0.432145 3.1441 0)
(-0.553031 2.62334 0)
(-0.571224 1.65383 0)
(2.80078 1.48084 0)
(3.14868 3.06105 0)
(3.01517 4.31253 0)
(2.4171 5.02926 0)
(1.54582 5.34463 0)
(0.561354 5.36956 0)
(-0.431293 5.13914 0)
(-1.31415 4.61348 0)
(-1.63161 3.94049 0)
(-1.00199 3.16814 0)
(-0.514889 2.5563 0)
(-0.210167 2.40302 0)
(0.521823 2.36852 0)
(1.4284 2.81121 0)
(2.10862 3.48126 0)
(2.5672 4.06364 0)
(2.98303 4.57027 0)
(3.37472 5.05403 0)
(3.5097 5.48122 0)
(3.33051 5.91442 0)
(2.92863 6.23093 0)
(2.32168 6.8099 0)
(1.57031 7.32073 0)
(0.635249 7.96069 0)
(-0.479274 8.62337 0)
(-1.48918 8.95711 0)
(-2.16317 8.77275 0)
(-2.46626 8.13026 0)
(-2.40046 7.29362 0)
(-2.13734 6.49079 0)
(-1.85447 5.78677 0)
(-1.64349 5.16472 0)
(-1.5023 4.5911 0)
(-1.34215 4.12604 0)
(-1.18999 3.77653 0)
(-1.05744 3.47003 0)
(-0.939254 3.1607 0)
(-0.752411 3.03942 0)
(-0.43795 3.15763 0)
(-0.19774 3.15015 0)
(-0.0270596 2.99135 0)
(-0.0443666 2.39003 0)
(1.65494 1.1698 0)
(1.84422 2.27207 0)
(1.82664 3.69351 0)
(1.55763 5.01014 0)
(1.12644 5.9101 0)
(0.624211 6.28633 0)
(0.0134778 6.18546 0)
(-0.642566 5.70568 0)
(-0.797446 5.10213 0)
(0.0102093 4.54937 0)
(0.368161 3.61884 0)
(0.446122 3.38323 0)
(0.572297 3.24503 0)
(0.91106 3.23943 0)
(1.31259 3.64919 0)
(1.67117 4.22832 0)
(1.99369 4.87603 0)
(2.29872 5.6429 0)
(2.4721 6.50419 0)
(2.39307 7.37621 0)
(2.03204 8.16622 0)
(1.44957 8.85032 0)
(0.750998 9.34665 0)
(-0.00556921 9.61407 0)
(-0.676214 9.57434 0)
(-1.15164 9.2286 0)
(-1.41011 8.64546 0)
(-1.51079 7.92325 0)
(-1.46458 7.17323 0)
(-1.32939 6.4992 0)
(-1.18221 5.92301 0)
(-1.06414 5.41537 0)
(-0.978412 4.93899 0)
(-0.91325 4.503 0)
(-0.814593 4.16616 0)
(-0.695704 3.84043 0)
(-0.624792 3.47776 0)
(-0.633393 3.09438 0)
(-0.562471 2.73169 0)
(-0.287907 2.62581 0)
(0.179723 2.38752 0)
(0.311886 2.38164 0)
(0.858334 0.915177 0)
(0.805499 1.43471 0)
(0.646326 2.07014 0)
(0.432455 2.67326 0)
(0.256344 3.18275 0)
(0.110558 3.63248 0)
(-0.0557054 3.91288 0)
(-0.172138 3.63198 0)
(-0.1501 2.9299 0)
(-0.0681944 2.84462 0)
(0.118389 3.27086 0)
(0.277109 3.64895 0)
(0.415948 3.8976 0)
(0.788567 4.16562 0)
(1.18658 4.46685 0)
(1.43652 4.80405 0)
(1.58767 5.2444 0)
(1.69227 5.85882 0)
(1.73644 6.63509 0)
(1.67001 7.4797 0)
(1.46347 8.27235 0)
(1.14685 8.90441 0)
(0.781425 9.30446 0)
(0.404536 9.43727 0)
(0.0220056 9.30037 0)
(-0.332604 8.93511 0)
(-0.588642 8.41524 0)
(-0.72 7.8243 0)
(-0.751377 7.23659 0)
(-0.709004 6.70284 0)
(-0.634991 6.24051 0)
(-0.557606 5.82199 0)
(-0.484514 5.45555 0)
(-0.446456 5.12176 0)
(-0.346648 4.76808 0)
(-0.101714 4.40396 0)
(0.117271 4.14164 0)
(0.262454 3.99183 0)
(0.32775 3.83835 0)
(0.356553 3.91425 0)
(0.370828 3.9926 0)
(-0.363802 4.72848 0)
(0.492774 0.716613 0)
(0.375597 0.980824 0)
(0.255055 1.19089 0)
(0.173531 1.32752 0)
(0.129434 1.40375 0)
(0.107866 1.43912 0)
(0.102103 1.43186 0)
(0.104816 1.38405 0)
(0.100752 1.30931 0)
(0.0828323 1.23447 0)
(0.0639668 1.19919 0)
(0.0561709 1.23084 0)
(0.0637684 1.30382 0)
(0.106794 1.52174 0)
(0.226309 2.13833 0)
(0.253846 2.98166 0)
(0.221936 3.88731 0)
(0.19266 4.81123 0)
(0.170151 5.74857 0)
(0.143126 6.66098 0)
(0.100379 7.48138 0)
(0.0395051 8.14077 0)
(-0.0358047 8.5919 0)
(-0.094859 8.8219 0)
(-0.12926 8.83503 0)
(-0.155136 8.62434 0)
(-0.181308 8.24387 0)
(-0.204404 7.76302 0)
(-0.221551 7.24374 0)
(-0.232928 6.73804 0)
(-0.244297 6.27219 0)
(-0.261103 5.84931 0)
(-0.335013 5.47406 0)
(-0.372492 5.12285 0)
(-0.413821 4.94479 0)
(-0.533784 4.85084 0)
(-0.647111 4.78928 0)
(-0.739287 4.74765 0)
(-0.799548 4.71213 0)
(-0.7616 4.62208 0)
(-0.7209 4.70427 0)
(-0.696741 4.42736 0)
(0.24836 0.456076 0)
(0.199915 0.75203 0)
(0.149424 0.97947 0)
(0.106221 1.13506 0)
(0.0661251 1.23388 0)
(0.0296398 1.29566 0)
(0.00468789 1.33729 0)
(-0.0034293 1.37578 0)
(0.00104016 1.41875 0)
(0.0114875 1.46081 0)
(0.0248492 1.50006 0)
(0.0393911 1.54073 0)
(0.0532145 1.58533 0)
(0.0643222 1.63793 0)
(0.0741695 1.70338 0)
(0.0842933 1.7784 0)
(0.0948095 1.85528 0)
(0.104932 1.92961 0)
(0.114645 2.00267 0)
(0.124678 2.079 0)
(0.135331 2.15599 0)
(0.146709 2.23062 0)
(0.158804 2.29941 0)
(0.171542 2.35737 0)
(0.187132 2.42241 0)
(0.20572 2.49393 0)
(0.226085 2.55668 0)
(0.248442 2.61271 0)
(0.273007 2.66405 0)
(0.302333 2.71292 0)
(0.341281 2.76551 0)
(0.38683 2.81823 0)
(0.42645 2.85369 0)
(0.476109 2.87428 0)
(0.536403 2.84861 0)
(0.584817 2.77863 0)
(0.635305 2.69875 0)
(0.704625 2.6219 0)
(0.752324 2.55499 0)
(0.68304 2.44046 0)
(0.573298 2.36999 0)
(0.396426 2.16769 0)
)
;

boundaryField
{
    leftWall
    {
        type            noSlip;
    }
    rightWall
    {
        type            noSlip;
    }
    lowerWall
    {
        type            noSlip;
    }
    atmosphere
    {
        type            pressureInletOutletVelocity;
        value           nonuniform List<vector> 
44
(
(-0.164732 0.464588 0)
(0.241411 1.63359 0)
(0.517397 3.39518 0)
(0.826824 4.03928 0)
(1.13787 4.16491 0)
(1.50266 4.07488 0)
(1.87196 3.73944 0)
(2.24516 3.3459 0)
(2.52388 3.04418 0)
(2.7154 2.91456 0)
(2.67177 2.36141 0)
(2.82391 1.73293 0)
(3.25041 1.43496 0)
(3.73714 1.35695 0)
(4.04284 1.1927 0)
(4.20861 0.778521 0)
(3.61298 0.171469 0)
(0 -0.863916 0)
(0 -1.41583 0)
(0 -1.73373 0)
(0 -2.75359 0)
(0 -3.69586 0)
(0 -4.29947 0)
(0 -4.64188 0)
(0 -4.80625 0)
(0 -4.83594 0)
(0 -4.71057 0)
(0 -4.4284 0)
(0 -3.95142 0)
(0 -3.20282 0)
(0 -2.19038 0)
(0 -1.64509 0)
(0 -2.69033 0)
(0 -2.89678 0)
(0 -2.05211 0)
(0 -1.05704 0)
(0 -0.373948 0)
(-1.09815 0.463283 0)
(-0.571224 1.65383 0)
(-0.0443666 2.39003 0)
(0.311886 2.38164 0)
(-0.363802 4.72848 0)
(-0.696741 4.42736 0)
(0.396426 2.16769 0)
)
;
    }
    frontAndBack
    {
        type            empty;
    }
}


// ************************************************************************* //
