/*--------------------------------*- C++ -*----------------------------------*\
  =========                 |
  \\      /  F ield         | OpenFOAM: The Open Source CFD Toolbox
   \\    /   O peration     | Website:  https://openfoam.org
    \\  /    A nd           | Version:  13
     \\/     M anipulation  |
\*---------------------------------------------------------------------------*/
FoamFile
{
    format      ascii;
    class       volScalarField;
    location    "0.8";
    object      p;
}
// * * * * * * * * * * * * * * * * * * * * * * * * * * * * * * * * * * * * * //

dimensions      [1 -1 -2 0 0 0 0];

internalField   nonuniform List<scalar> 
2016
(
939.221
789.801
627.979
573.769
964.823
797.986
594.12
403.882
1067.74
894.922
538.08
141.724
1000.99
841.144
312.756
77.074
829.526
670.029
165.145
53.4615
708.136
545.951
265.817
64.4448
674.381
517.435
373.72
190.401
667.334
521.79
388.989
241.607
660.559
518.388
393.478
236.757
665.475
501.186
392.487
255.405
685.164
504.692
395.706
269.421
704.816
542.822
412.767
290.412
716.399
576.549
441.66
314.803
724.727
598.679
466.581
334.053
746.37
627.435
485.162
349.64
763.468
650.718
499.607
362.088
731.696
609.488
476.24
365.625
625.317
512.408
419.551
351.555
530.98
435.139
371.483
315.962
524.424
434.271
370.901
265.4
645.594
596.927
489.151
186.968
806.367
800.717
785.1
135.065
909.054
915.253
1122.02
444.603
112.424
40.0186
38.3901
36.2304
147.768
53.5968
39.0343
35.8032
266.628
158.059
46.7198
36.1803
436.365
335.167
188.956
102.739
547.82
455.212
322.995
202.592
582.543
488.383
368.271
244.082
601.114
498.738
380.335
255.717
645.69
517.477
375.34
252.746
694.647
532.935
380.125
264.583
725.575
557.959
430.18
320.065
722.738
599.197
505.355
398.776
667.524
556.909
449.743
338.149
599.779
408.148
194.156
58.0698
641.337
360.317
68.6578
14.8323
872.251
481.186
65.8675
29.9908
1152.56
721.762
141.177
33.2354
1123.78
798.444
347.295
44.3272
804.754
519.883
302.367
140.146
752.893
541.929
363.955
220.374
554.256
386.574
155.024
49.6342
19.6535
39.5179
25.7151
25.9993
26.8721
27.159
26.9632
26.7484
26.6447
28.0472
23.3132
24.5096
16.9676
13.3077
8.58367
9.57652
11.1099
8.34365
1.05172
0.690579
0.487411
0.293284
0.0967784
-0.0918568
-0.264871
-0.400179
-0.498468
-0.553748
-0.586366
-0.628531
-0.704832
-0.808615
-0.929443
-1.05906
-1.19255
-1.32634
-1.45495
-1.5698
195.142
73.0873
33.733
26.8421
25.6453
24.5333
24.6844
25.7495
26.6553
27.0414
27.2752
27.409
27.1187
26.0682
24.6034
25.6018
24.9104
19.172
13.7359
24.4774
9.78594
1.75395
-0.171826
0.381621
0.399504
0.241306
0.0808778
-0.0865415
-0.263505
-0.420998
-0.514907
-0.560947
-0.591098
-0.645325
-0.735668
-0.849846
-0.975097
-1.1052
-1.23646
-1.3653
-1.48835
-1.60599
52.8858
31.5375
26.5211
25.699
25.8568
25.7401
25.645
25.9843
26.4229
26.6235
26.6521
26.696
26.519
26.115
25.9536
26.0951
25.9875
25.1176
23.8235
15.6395
12.8426
2.29717
0.867212
0.493826
0.455755
0.308827
0.156389
0.0087129
-0.118051
-0.249164
-0.372384
-0.477328
-0.568084
-0.659128
-0.75965
-0.870228
-0.989011
-1.11354
-1.24164
-1.37048
-1.4965
-1.61668
33.266
26.2924
25.8333
25.8244
25.8547
25.8404
25.8443
26.0407
26.2492
26.3679
26.382
26.3326
26.2102
26.0025
25.8789
25.9036
25.8116
25.5949
25.4987
23.9458
14.4288
0.69066
2.76121
0.471482
0.569501
0.34382
0.188541
0.0445258
-0.0937852
-0.213468
-0.323278
-0.430364
-0.538032
-0.648635
-0.763835
-0.883762
-1.00775
-1.13488
-1.26373
-1.39215
-1.51757
-1.63835
29.9251
25.875
25.3401
25.5098
25.7765
25.9131
25.9855
26.0927
26.2005
26.2609
26.258
26.1947
26.047
25.8847
25.772
25.7182
25.6225
25.4862
25.3721
25.0963
21.5513
14.1664
9.1076
2.5595
0.637992
0.361664
0.212595
0.0926379
-0.0317763
-0.157975
-0.281217
-0.400468
-0.518583
-0.638734
-0.762366
-0.889391
-1.01915
-1.15078
-1.28306
-1.41391
-1.54098
-1.66328
31.6512
26.1548
25.5033
25.6501
25.8415
26.0063
26.0768
26.1325
26.1788
26.1935
26.1669
26.0941
25.9716
25.822
25.6858
25.5775
25.4659
25.3458
25.2142
24.982
24.2432
18.0449
11.5532
8.16605
0.551822
0.297207
0.20017
0.11074
0.00329547
-0.113448
-0.237539
-0.365708
-0.495629
-0.627244
-0.760856
-0.896266
-1.03286
-1.16981
-1.30597
-1.43945
-1.56832
-1.69229
43.0166
27.0208
25.9357
26.1539
26.1898
26.192
26.1841
26.1711
26.1625
26.1376
26.0887
26.0096
25.8988
25.7662
25.622
25.4743
25.3202
25.1619
24.9916
24.7231
24.4233
22.9634
15.7495
7.99461
2.14468
0.283586
0.231212
0.15172
0.0562761
-0.0619985
-0.191622
-0.328186
-0.469044
-0.612444
-0.757325
-0.902742
-1.04772
-1.19128
-1.3323
-1.46905
-1.60018
-1.72608
90.006
30.1556
25.5835
26.6841
26.6064
26.3634
26.2554
26.1824
26.1326
26.076
26.0049
25.9142
25.8031
25.673
25.5262
25.3625
25.1794
24.9749
24.7444
24.4571
24.0856
23.5295
20.0451
14.4196
8.10129
0.514694
0.248591
0.220924
0.126708
0.00133766
-0.138801
-0.287173
-0.440739
-0.597015
-0.754175
-0.910666
-1.06504
-1.21611
-1.36273
-1.50336
-1.63734
-1.76561
103.493
36.8265
25.1279
26.7707
26.6301
26.3776
26.2456
26.1569
26.0858
26.0066
25.9157
25.8098
25.6873
25.5475
25.3898
25.2129
25.0132
24.7834
24.5093
24.175
23.7545
23.2118
22.4906
18.0803
9.42241
2.35069
0.413281
0.379824
0.220825
0.0755647
-0.0782971
-0.241656
-0.410617
-0.581913
-0.752992
-0.921808
-1.08654
-1.24583
-1.3986
-1.54368
-1.68104
-1.81206
98.4502
41.6845
26.3969
26.4427
26.3554
26.2593
26.1902
26.1122
26.0279
25.9286
25.8167
25.6915
25.5513
25.3943
25.2189
25.0237
24.806
24.5594
24.2698
23.9217
23.5174
23.0462
22.6498
21.7783
16.288
8.15701
1.48379
0.500499
0.313723
0.151924
-0.0126617
-0.192706
-0.379835
-0.568597
-0.755556
-0.938144
-1.11422
-1.28237
-1.44178
-1.59177
-1.7329
-1.8668
118.478
50.8734
27.1346
26.3778
26.1989
26.1955
26.1706
26.0822
25.9722
25.8471
25.709
25.559
25.3929
25.2104
25.0101
24.7916
24.5533
24.2913
23.9976
23.6633
23.2946
22.9117
22.5411
22.2126
20.1025
13.2924
5.26492
0.601978
0.370905
0.231829
0.0584534
-0.141325
-0.350382
-0.559542
-0.764528
-0.962423
-1.15081
-1.32834
-1.49469
-1.64986
-1.79482
-1.93139
153.988
55.4541
27.55
26.6433
26.3625
26.3157
26.2327
26.0874
25.9255
25.7665
25.5952
25.4108
25.2091
24.991
24.7566
24.5082
24.2472
23.9726
23.6794
23.3653
23.0391
22.7232
22.4211
22.1552
21.6789
16.5643
7.33307
1.20089
0.511247
0.357779
0.139271
-0.090002
-0.325678
-0.558474
-0.783554
-0.998168
-1.19973
-1.38698
-1.56026
-1.72045
-1.86889
-2.00761
194.557
73.5769
28.1121
26.8076
26.6442
26.5001
26.3182
26.0997
25.8762
25.6868
25.4736
25.2447
24.9943
24.7243
24.4431
24.1564
23.8706
23.5874
23.3019
23.0106
22.7263
22.4607
22.2261
21.9959
21.6762
19.3867
11.8079
3.08029
0.834793
0.508333
0.2215
-0.0464768
-0.311831
-0.570615
-0.817477
-1.04986
-1.26519
-1.4622
-1.64198
-1.80643
-1.9574
-2.09731
225.869
101.097
30.7312
26.8699
26.7951
26.5946
26.3535
26.0888
25.8162
25.5922
25.3338
25.0494
24.7319
24.3888
24.038
23.6986
23.3837
23.0982
22.8323
22.5757
22.3387
22.122
21.9404
21.7671
21.5407
20.8934
15.4434
5.87501
1.02525
0.556178
0.271796
-0.0241226
-0.318268
-0.603447
-0.872801
-1.12329
-1.35234
-1.55863
-1.74386
-1.91105
-2.06283
-2.20231
242.524
124.311
42.1775
26.9441
26.7775
26.6067
26.3275
26.0599
25.748
25.4692
25.1615
24.8027
24.3905
23.9403
23.4752
23.0547
22.6964
22.411
22.1835
21.9886
21.8213
21.6831
21.571
21.4816
21.3626
21.1236
17.0931
7.92927
1.52792
0.643221
0.317098
-0.0249362
-0.353505
-0.665678
-0.957473
-1.22601
-1.46802
-1.68205
-1.87062
-2.03794
-2.18774
-2.32415
256.387
134.049
49.5135
27.0106
26.7684
26.6329
26.3145
26.0195
25.6858
25.3462
24.9549
24.4808
23.927
23.315
22.6945
22.1245
21.7005
21.4169
21.2333
21.1312
21.0779
21.0696
21.0712
21.0702
21.0197
20.8357
18.6435
10.9789
2.20842
0.76742
0.34517
-0.0580957
-0.428042
-0.768125
-1.08155
-1.36743
-1.62096
-1.83986
-2.02779
-2.19092
-2.33447
-2.46372
264.037
123.363
44.5884
27.0549
26.8319
26.6685
26.3736
26.0548
25.687
25.2607
24.7344
24.075
23.2682
22.3546
21.4546
20.671
20.108
19.8354
19.7833
19.8732
20.0232
20.2002
20.3836
20.5269
20.5797
20.5315
19.6854
13.3194
3.09689
0.886009
0.308236
-0.147494
-0.554356
-0.920747
-1.25475
-1.55775
-1.82176
-2.04153
-2.22241
-2.37418
-2.50475
-2.62075
260.167
95.5278
31.1707
27.122
26.9346
26.7588
26.5075
26.1986
25.8038
25.2672
24.5473
23.5803
22.2822
20.7909
19.3915
18.295
17.5028
17.2612
17.4999
17.9844
18.5153
19.0107
19.4556
19.7954
20.0263
20.1299
19.9654
14.8808
6.63877
0.854939
0.0930723
-0.318968
-0.73788
-1.12873
-1.48664
-1.81066
-2.08444
-2.2991
-2.46312
-2.59218
-2.69916
-2.79285
198.723
62.9899
27.6293
27.2433
27.0558
26.888
26.7024
26.4405
26.0385
25.4075
24.4379
22.9906
21.0131
18.9102
17.0661
15.6061
14.6759
14.2381
14.44
15.2195
16.271
17.3272
18.1899
18.7936
19.1911
19.2646
19.3815
14.7351
8.70515
1.42969
-0.100361
-0.522205
-0.964525
-1.39176
-1.785
-2.14137
-2.42762
-2.62947
-2.76144
-2.84959
-2.916
-2.97356
78.6333
30.8973
27.4309
27.2494
27.116
27.0044
26.9118
26.7155
26.3685
25.7125
24.5199
22.5708
20.0859
17.7021
15.5439
13.6877
12.3375
11.553
11.4775
12.1481
13.4681
15.036
16.4623
17.457
17.9898
17.9548
17.5184
13.6891
10.4742
4.18461
0.0690075
-0.771827
-1.21778
-1.71018
-2.16156
-2.57474
-2.88356
-3.06092
-3.13472
-3.15121
-3.14928
-3.14924
42.329
28.0719
27.5106
27.2326
27.1198
27.0331
27.0051
27.0111
26.8666
26.2619
24.9254
22.6033
19.8855
17.2622
14.7143
12.4229
10.6656
9.52617
9.24959
9.75368
10.9867
12.717
14.4839
15.8569
16.5362
16.5882
15.3018
13.9108
9.90937
4.95067
1.37135
-0.632449
-1.42257
-2.08003
-2.63335
-3.15844
-3.51599
-3.64571
-3.61041
-3.50015
-3.38496
-3.29331
36.5737
27.6798
26.9473
26.962
27.0937
27.2004
27.4112
27.5746
27.6745
27.123
25.6588
23.1291
20.2015
17.3426
14.5144
11.8972
9.76485
8.38776
7.9436
8.35603
9.4785
11.0982
12.9157
14.4438
15.2493
15.4074
13.8164
11.8354
8.67909
4.12172
1.06199
0.792066
-1.371
-2.57329
-3.27766
-3.97755
-4.40627
-4.44557
-4.21809
-3.89542
-3.59912
-3.37346
34.5371
27.3432
27.1132
26.5994
27.1098
27.7794
28.2599
28.6646
28.6001
27.9723
26.374
23.713
20.5548
17.5012
14.5731
11.8766
9.63409
8.10803
7.5033
7.83911
8.92337
10.489
12.2095
13.7455
14.5903
14.5845
13.1615
11.042
8.36019
3.41812
-0.234624
-2.03931
-1.10395
-3.07352
-4.21271
-5.28643
-5.89153
-5.75943
-5.15988
-4.41506
-3.7674
-3.31201
-26.6359
31.1034
31.5587
27.3463
26.4299
27.2035
28.0884
28.6902
28.734
28.0691
26.3157
23.5371
20.2653
17.0853
14.1948
11.6689
9.66348
8.28781
7.71125
8.0173
9.09941
10.6671
12.3775
13.8925
14.8037
14.7873
13.6604
11.4921
8.72719
5.04092
-0.186336
-2.94575
-0.557123
-3.34626
-5.42411
-7.06247
-8.02097
-7.85004
-6.68995
-5.12411
-3.85467
-3.01858
23.1274
29.0701
29.671
27.5617
26.3398
26.312
27.1221
27.8033
27.8285
27.0047
25.0391
22.1174
18.7692
15.599
12.8751
10.7223
9.21884
8.32038
8.05322
8.48827
9.62188
11.2535
13.0189
14.5859
15.6201
15.7386
14.8413
12.8509
9.84541
6.34905
1.4562
-4.57708
-2.79873
-3.50025
-6.35509
-8.95675
-10.6946
-9.95001
-7.74528
-5.53681
-3.62755
-2.32637
29.4805
29.4321
28.2932
26.9188
25.9436
25.499
25.815
26.1418
25.8461
24.723
22.4772
19.3724
15.9604
12.8669
10.461
8.853
7.9961
7.79218
8.13513
8.96018
10.2587
11.9459
13.8196
15.4937
16.6171
16.9567
16.3234
14.6632
11.8088
7.8846
4.11204
0.703053
-2.01822
-4.82361
-7.60065
-9.7857
-11.1395
-10.3552
-7.7971
-5.04406
-2.60049
-1.24857
30.4887
28.2359
27.155
26.0898
25.2619
24.6917
24.4138
24.1247
23.2969
21.8026
19.2774
15.9981
12.5403
9.55102
7.42527
6.25665
5.97287
6.46084
7.52412
8.93045
10.5904
12.4522
14.3654
16.1066
17.3716
17.9275
17.6834
16.591
14.4027
11.1226
7.4667
3.66284
1.14523
-1.37117
-5.04101
-7.22022
-7.83457
-7.1714
-5.60371
-3.49728
-1.53587
-0.571603
29.8147
24.9121
24.5575
24.0358
23.7468
23.4194
22.9619
22.2612
21.0604
19.2384
16.5116
13.0718
9.50756
6.52452
4.54225
3.65606
3.75536
4.66274
6.20714
8.18444
10.2713
12.3435
14.3821
16.1372
17.4256
18.1563
18.2716
17.6482
16.1097
13.6834
10.7524
7.55398
4.60106
1.67352
-1.08126
-2.93324
-3.95602
-4.18876
-3.34899
-1.86849
-0.386699
-0.300384
59.7736
36.3246
21.9328
21.7596
21.6448
21.6362
21.3866
20.6536
19.4097
17.4587
14.7043
11.1981
7.59354
4.57277
2.66205
1.92587
2.21114
3.20651
4.86966
7.06906
9.42124
11.67
13.7651
15.5593
16.9274
17.7172
17.871
17.3402
16.1469
14.3797
12.2197
9.81544
7.25183
4.44911
1.70014
-0.366308
-1.58883
-2.04868
-1.71723
-0.946694
0.0171683
-0.313192
120.694
66.2996
25.3782
19.9292
19.288
19.6678
19.8583
19.3409
18.2525
16.5644
14.0318
10.6839
7.19084
4.17287
2.23037
1.45497
1.67097
2.62347
4.26372
6.3977
8.65962
10.8067
12.782
14.5177
15.8509
16.6534
16.8676
16.4573
15.4333
13.9303
12.1301
10.148
8.00634
5.6279
3.17017
1.16432
-0.156297
-0.906608
-1.05749
-0.800071
-0.181867
-0.445583
147.945
89.165
49.9952
18.7094
17.0494
18.1289
18.6959
18.4507
17.6408
16.3455
14.3274
11.5464
8.4239
5.55875
3.47839
2.42816
2.37002
3.17193
4.69633
6.60325
8.53702
10.3077
11.9247
13.3752
14.4941
15.245
15.4826
15.1391
14.3069
13.0839
11.5106
9.72676
7.85136
5.88796
3.86046
2.05167
0.672549
-0.308142
-0.837355
-0.925264
-0.547572
-0.494829
154.178
94.2767
64.8053
18.566
16.6572
17.62
18.1948
18.1358
17.5921
16.6448
15.2028
13.218
10.82
8.40079
6.42091
5.22089
4.86612
5.2485
6.17366
7.50307
8.98929
10.3399
11.4552
12.3704
13.1084
13.6846
13.9193
13.6731
13.0264
11.998
10.6503
9.10832
7.48859
5.82829
4.18696
2.66476
1.34315
0.280711
-0.463223
-0.818987
-0.729823
-0.421525
153.398
92.2751
65.6312
19.9035
18.2776
18.1343
18.4258
18.4123
18.0071
17.2963
16.2595
14.9135
13.3187
11.6311
10.0994
8.96208
8.32289
8.11114
8.1869
8.61932
9.44954
10.3502
11.0818
11.6442
12.0415
12.2744
12.3695
12.1941
11.6806
10.8371
9.72412
8.42494
7.0324
5.62009
4.25606
2.99616
1.87525
0.917718
0.148916
-0.355602
-0.584975
-0.242083
169.609
103.972
59.3624
19.7838
19.3388
18.9457
19.0435
18.9865
18.6309
18.0743
17.3128
16.3742
15.3035
14.183
13.1118
12.1537
11.3331
10.5897
10.0522
9.82846
9.95968
10.2895
10.6473
10.9293
11.0412
11.0659
11.0848
10.9314
10.4743
9.74359
8.80017
7.70431
6.52103
5.31985
4.16421
3.10379
2.16562
1.36207
0.697988
0.21187
-0.170737
0.0366062
216.321
114.738
44.6004
20.0225
19.4857
19.4156
19.5531
19.5227
19.2391
18.7966
18.216
17.522
16.7594
15.9759
15.1829
14.3516
13.4491
12.4661
11.5385
10.9315
10.5201
10.2745
10.1822
10.1358
10.0908
10.1088
10.0968
9.90102
9.4642
8.80687
7.97805
7.01913
5.97826
4.91948
3.91354
3.01345
2.23595
1.57811
1.02189
0.610293
0.214759
0.266004
271.007
126.338
38.1459
20.1821
19.7988
19.8147
19.984
19.9947
19.7775
19.4073
18.9271
18.3678
17.7676
17.1525
16.4989
15.7513
14.8347
13.8137
12.7687
11.7684
10.8931
10.2173
9.72377
9.39365
9.24902
9.25625
9.22765
9.04512
8.65526
8.06606
7.32111
6.44571
5.46835
4.46116
3.52953
2.75036
2.11729
1.58765
1.12084
0.757326
0.382949
0.325987
253.023
126.796
40.8727
20.4848
20.2809
20.3091
20.4555
20.4497
20.2564
19.9282
19.509
19.0221
18.4955
17.9572
17.3932
16.6957
15.7828
14.7242
13.5137
12.1897
11.0311
10.1252
9.36018
8.80749
8.54101
8.48652
8.46028
8.32966
8.00597
7.48843
6.80862
5.98027
4.97848
3.92254
3.0069
2.33722
1.86769
1.47589
1.09309
0.754071
0.389518
0.258241
90.9141
90.6488
51.9266
21.0975
20.8169
20.8453
20.9017
20.8276
20.6544
20.3872
20.0326
19.5943
19.1017
18.6097
18.0332
17.221
16.1868
15.0209
13.6883
12.2605
10.9904
9.93129
9.01229
8.31308
7.93445
7.8583
7.886
7.82129
7.53765
7.00491
6.30924
5.50343
4.36862
3.09373
2.20751
1.75594
1.51583
1.25222
0.924972
0.603956
0.307509
0.187754
15.7064
-0.957869
37.8942
23.8881
21.2718
21.2831
21.1795
21.0467
20.9132
20.7711
20.5258
20.138
19.6461
19.1271
18.5634
17.7708
16.6843
15.5255
14.1513
12.5031
10.7188
9.12173
7.763
6.90188
6.77147
7.07921
7.44129
7.55475
7.31582
6.7084
5.92675
5.16111
3.48442
1.29901
0.459095
0.755195
1.11267
1.11269
0.8765
0.498599
0.161397
0.151899
25.5307
21.9282
22.2926
26.4917
23.0489
21.8216
21.2855
21.0673
21.0992
21.14
21.0135
20.6595
20.138
19.6088
19.1554
18.7333
18.2218
17.3123
15.7365
13.3411
10.0791
6.73164
4.51236
4.12348
4.7136
5.96128
7.09366
7.65319
7.40119
6.65218
6.3136
5.70563
3.44255
-0.109243
-1.49068
-0.332671
0.633507
0.843304
0.481942
0.0995677
0.00678732
0.214015
28.4176
26.2031
24.534
25.4296
23.7593
21.7498
20.9206
20.781
21.2611
21.6133
21.5797
21.1997
20.5878
20.0601
19.758
19.7787
19.976
19.7559
18.1472
15.3021
11.0556
4.57915
-0.222812
0.430062
2.4168
5.04102
6.88175
7.94645
8.12721
5.84449
3.84377
3.15776
2.56626
1.1985
0.432437
0.499397
0.737242
0.71662
0.545411
0.374874
0.309221
0.350099
26.1258
26.5839
25.7624
25.3614
23.7854
21.4141
19.7668
20.2695
21.5073
22.1498
21.8737
20.9742
20.2283
19.9713
20.289
21.1609
22.0782
22.2985
20.4877
15.6778
10.4763
6.47703
2.77955
1.83331
2.48128
4.54067
6.63801
7.53245
6.92275
5.42314
3.61904
2.72379
2.14375
1.67829
1.37145
1.17411
1.0746
0.995232
0.886642
0.743378
0.541313
0.340589
33.4437
26.6107
26.1705
26.4428
26.3401
24.2639
19.6959
19.0393
21.2255
23.1862
23.6144
21.0938
19.1192
17.7178
18.1178
20.3473
22.6325
23.1877
19.7419
14.6136
10.7262
8.55292
4.86562
3.12023
3.00876
4.78279
6.90566
8.28657
8.03735
6.30464
4.10972
2.09402
1.49387
1.47663
1.42315
1.36207
1.28674
1.1925
1.05386
0.859908
0.598504
0.27482
64.4263
27.2166
26.8421
26.9774
27.1727
27.6587
26.9979
23.3107
24.8077
24.4111
22.6927
22.0982
22.492
22.7578
21.3312
23.2606
24.3057
23.9031
16.6043
14.1124
9.86145
5.85603
5.65315
6.30663
4.78714
6.56235
8.04868
8.59099
7.60807
3.80607
1.53858
7.46632
1.73403
1.6281
1.55832
1.49208
1.39448
1.26913
1.10457
0.883668
0.591813
0.235198
)
;

boundaryField
{
    leftWall
    {
        type            calculated;
        value           nonuniform List<scalar> 
46
(
939.221
789.801
627.979
573.769
554.256
386.574
155.024
49.6342
19.6535
39.5179
25.7151
25.9993
26.8721
27.159
26.9632
26.7484
26.6447
28.0472
23.3132
24.5096
16.9676
13.3077
8.58367
9.57652
11.1099
8.34365
1.05172
0.690579
0.487411
0.293284
0.0967784
-0.0918568
-0.264871
-0.400179
-0.498468
-0.553748
-0.586366
-0.628531
-0.704832
-0.808615
-0.929443
-1.05906
-1.19255
-1.32634
-1.45495
-1.5698
)
;
    }
    rightWall
    {
        type            calculated;
        value           nonuniform List<scalar> 
46
(
752.893
541.929
363.955
220.374
64.4263
27.2166
26.8421
26.9774
27.1727
27.6587
26.9979
23.3107
24.8077
24.4111
22.6927
22.0982
22.492
22.7578
21.3312
23.2606
24.3057
23.9031
16.6043
14.1124
9.86145
5.85603
5.65315
6.30663
4.78714
6.56235
8.04868
8.59099
7.60807
3.80607
1.53858
7.46632
1.73403
1.6281
1.55832
1.49208
1.39448
1.26913
1.10457
0.883668
0.591813
0.235198
)
;
    }
    lowerWall
    {
        type            calculated;
        value           nonuniform List<scalar> 
52
(
112.424
40.0186
38.3901
36.2304
158.719
194.67
317.206
492.936
606.627
641.351
659.75
703.853
752.994
784.212
781.375
726.161
658.416
699.963
930.877
1211.2
1182.42
863.404
811.543
909.054
915.253
1122.02
444.603
997.784
1023.4
1126.34
1059.62
888.16
766.771
733.016
725.97
719.016
723.934
743.443
759.521
773.62
783.422
805.076
820.004
779.277
668.73
568.66
560.545
682.567
843.345
946.869
-23.5902
23.811
)
;
    }
    atmosphere
    {
        type            calculated;
        value           nonuniform List<scalar> 
44
(
-1.61401
-1.66554
-1.67249
-1.69581
-1.72195
-1.75199
-1.78676
-1.82731
-1.87482
-1.93059
-1.99604
-2.07281
-2.16259
-2.26689
-2.38678
-2.52239
-2.67269
-2.8344
-2.99953
-3.15329
-3.26774
-3.29695
-3.15966
-2.7851
-2.1702
-1.02988
0
0
0
0
0
0
0
0
0
0
0
0
0
0
0
0
0
0
)
;
    }
    frontAndBack
    {
        type            empty;
    }
}


// ************************************************************************* //
