/*--------------------------------*- C++ -*----------------------------------*\
  =========                 |
  \\      /  F ield         | OpenFOAM: The Open Source CFD Toolbox
   \\    /   O peration     | Website:  https://openfoam.org
    \\  /    A nd           | Version:  13
     \\/     M anipulation  |
\*---------------------------------------------------------------------------*/
FoamFile
{
    format      ascii;
    class       volScalarField;
    location    "0.15";
    object      p_rgh;
}
// * * * * * * * * * * * * * * * * * * * * * * * * * * * * * * * * * * * * * //

dimensions      [1 -1 -2 0 0 0 0];

internalField   nonuniform List<scalar> 
2016
(
2524.38
2519.25
2509.11
2494.24
2528.35
2522.93
2512.24
2496.58
2523.69
2517.95
2506.7
2490.32
2512.56
2506.7
2495.21
2478.5
2497.51
2491.56
2479.87
2462.84
2478.92
2472.72
2460.52
2442.76
2456.2
2449.52
2436.42
2417.4
2428.88
2421.49
2407.01
2386.06
2396.78
2388.32
2371.79
2347.97
2359.93
2349.9
2330.34
2302.31
2318.85
2306.52
2282.54
2248.33
2274.89
2259.18
2228.67
2185.32
2230.74
2210.02
2169.77
2112.81
2191.45
2163.19
2108.4
2031.11
2165.73
2126.02
2049.35
1941.37
2167.89
2110.14
2000.46
1845.58
2220.2
2132.59
1975.01
1747.27
2357.89
2213.65
1996.44
1652.1
2597.31
2396.42
2106.51
1571.49
2954.36
2713.17
2320.64
1540.39
3386.19
3189.2
2741.25
1634.25
3777.52
3754.35
3354.23
2186.71
4059.51
4267.49
4081.4
2882.99
2.52224
2.52479
2.43648
2.15014
2.46237
2.43111
2.3361
2.15292
2.40915
2.35916
2.2506
2.04282
2.40341
2.35606
2.26243
2.09663
2.45101
2.41463
2.34099
2.21844
2.5438
2.51947
2.47036
2.39374
2.66499
2.65114
2.62403
2.5848
2.79963
2.79416
2.78434
2.77261
2.93639
2.93698
2.93939
2.94617
3.06754
3.0722
3.08261
3.10092
3.18837
3.19556
3.21077
3.23559
3.29633
3.30493
3.32273
3.35078
3.39032
3.39958
3.41852
3.44778
3.47004
3.4795
3.49869
3.52798
3.53558
3.54501
3.56399
3.59272
3.58733
3.59659
3.61519
3.64318
3.62568
3.63475
3.65294
3.68022
3.65099
3.65992
3.67778
3.70452
3.6635
3.67236
3.69007
3.71654
2474.49
2449.95
2421.98
2391.38
2359
2325.67
2292.24
2259.36
2227.75
2198.27
2170.64
2142.43
1925.07
476.922
5.4653
5.46226
5.46861
5.48409
5.50818
5.53706
5.56809
5.5994
5.62866
5.65474
5.67756
5.69707
5.71314
5.72566
5.73477
5.74086
5.74446
5.74607
5.74609
5.74482
5.74242
5.73902
5.73479
5.72983
5.72405
5.71754
5.71056
5.70278
2475.82
2450.09
2420.84
2388.96
2355.34
2320.93
2286.58
2252.96
2220.78
2190.79
2162.49
2132.37
1835.07
370.048
5.46045
5.45187
5.45817
5.4764
5.50274
5.53358
5.56614
5.5984
5.62834
5.655
5.67827
5.69801
5.71411
5.72656
5.73556
5.74157
5.74511
5.74669
5.74669
5.7454
5.74299
5.73957
5.73531
5.73032
5.72451
5.71795
5.71092
5.70299
2468.72
2442.11
2412.06
2379.53
2345.49
2310.92
2276.7
2243.49
2211.98
2182.83
2155.43
2126.41
1810.1
342.198
5.42937
5.42642
5.43748
5.46093
5.49213
5.52671
5.56216
5.59659
5.6281
5.65582
5.67972
5.69975
5.71592
5.72832
5.73724
5.74314
5.74658
5.74806
5.74797
5.7466
5.74411
5.74062
5.73631
5.73128
5.72544
5.71886
5.7118
5.70383
2456.52
2429.52
2399.12
2366.35
2332.2
2297.68
2263.67
2230.81
2199.8
2171.18
2144.19
2115.07
1730.01
270.668
5.38087
5.38636
5.40595
5.43736
5.47563
5.51619
5.5563
5.59412
5.62796
5.6572
5.68196
5.70238
5.71864
5.73097
5.73974
5.74548
5.74876
5.75008
5.74984
5.74833
5.74572
5.74214
5.73775
5.73265
5.72678
5.72017
5.71308
5.70511
2440.4
2412.86
2381.9
2348.62
2314.12
2279.48
2245.6
2213.19
2182.9
2155.18
2129.06
2099.91
1607.67
185.037
5.30897
5.3289
5.36101
5.40374
5.45231
5.50167
5.54857
5.59112
5.62803
5.65917
5.68499
5.70586
5.7222
5.7344
5.74296
5.74847
5.75151
5.75262
5.75219
5.75052
5.74776
5.74407
5.73958
5.73441
5.72849
5.72186
5.71475
5.70678
2419.4
2390.77
2358.75
2324.56
2289.44
2254.58
2220.97
2189.32
2160.26
2133.95
2109.25
2080.22
1432.55
96.5661
5.20761
5.25124
5.30015
5.35789
5.42074
5.48252
5.53876
5.58755
5.62833
5.66171
5.68871
5.71006
5.72644
5.73847
5.74675
5.75196
5.75473
5.75559
5.75493
5.75305
5.75014
5.74631
5.74171
5.73646
5.7305
5.72385
5.71673
5.70878
2392.47
2362.11
2328.42
2292.84
2256.83
2221.73
2188.59
2158.16
2130.96
2106.75
2084.13
2052.87
1196.62
17.5968
5.09761
5.15378
5.21878
5.29488
5.37756
5.45702
5.52588
5.58275
5.62839
5.66452
5.69289
5.71475
5.73116
5.74296
5.75092
5.7558
5.75825
5.75882
5.75792
5.75583
5.75274
5.74878
5.74407
5.73874
5.73273
5.72608
5.71895
5.71103
2358.75
2325.76
2289.56
2251.9
2214.5
2178.94
2146.37
2117.64
2093.13
2071.98
2052.02
1987.7
867.985
4.98739
4.96887
5.02683
5.10456
5.20368
5.31661
5.42288
5.50914
5.57613
5.62765
5.66714
5.69716
5.7196
5.73605
5.7476
5.75522
5.75975
5.76188
5.76217
5.76102
5.75872
5.75546
5.75136
5.74655
5.74114
5.7351
5.72845
5.72134
5.71346
2317.12
2280.2
2240.24
2199.42
2159.9
2123.64
2092.06
2066.05
2045.62
2029.03
2012.82
1850.45
543.19
4.72331
4.77825
4.83994
4.92871
5.05792
5.2177
5.36922
5.48438
5.56599
5.62489
5.66862
5.70075
5.72402
5.74064
5.75204
5.75938
5.7636
5.76543
5.76546
5.76408
5.76158
5.75816
5.75394
5.74904
5.74356
5.73751
5.73088
5.7238
5.71599
2266.24
2223.57
2178.11
2132.73
2090.16
2052.76
2022.04
1998.83
1983.13
1973.17
1962.84
1567.93
233.198
4.43404
4.51377
4.55235
4.62582
4.77978
5.01278
5.25733
5.43411
5.54575
5.61682
5.66694
5.70242
5.72719
5.7444
5.75588
5.76309
5.76709
5.76871
5.76852
5.76694
5.76428
5.76072
5.7564
5.75143
5.74592
5.73987
5.73327
5.72625
5.71853
2204.65
2153.57
2100.12
2047.86
1999.96
1959.28
1928.45
1909.82
1903.49
1905.31
1904.71
1163.88
25.9035
4.23495
4.20572
4.14441
4.15819
4.30121
4.63509
5.04669
5.33651
5.50687
5.59981
5.66047
5.7012
5.72856
5.74696
5.75884
5.76613
5.77006
5.77153
5.77119
5.76947
5.76668
5.76302
5.75863
5.75363
5.7481
5.74208
5.73555
5.72861
5.72101
2130.38
2066.85
2001.22
1938.13
1882.05
1838.06
1810.98
1801.52
1803.56
1811.08
1754.6
636.614
4.01598
4.09221
3.88053
3.62987
4.15027
5.04738
5.04644
4.7703
5.20524
5.45341
5.5762
5.65092
5.69789
5.72836
5.74833
5.76086
5.76839
5.77236
5.77378
5.77336
5.77155
5.76867
5.76495
5.76054
5.75553
5.75003
5.74406
5.73763
5.73079
5.72335
2041.09
1959
1875.81
1799.06
1735.14
1687.38
1655.54
1637.36
1622.54
1021.39
532.836
141.644
4.22929
4.06357
3.70931
3.31513
4.33379
6.62097
6.6715
4.54895
5.10766
5.41187
5.55615
5.64248
5.69462
5.72751
5.74885
5.76208
5.7699
5.77397
5.7754
5.77494
5.77308
5.77017
5.76643
5.76202
5.75705
5.75161
5.74573
5.73942
5.73274
5.72549
1934.42
1825.88
1720.22
1626.88
1544.73
1471.1
1369.94
642.46
192.638
30.5774
18.7598
50.8457
54.0321
13.5736
3.66782
3.30167
4.33946
6.51869
5.90721
4.58055
5.10164
5.40533
5.54854
5.6379
5.6929
5.72707
5.74916
5.76283
5.77082
5.77494
5.77637
5.77589
5.77402
5.7711
5.76738
5.76302
5.75812
5.75278
5.74703
5.74089
5.73438
5.72736
1807.66
1661.93
1522.26
1392.36
1271.88
706.869
212.295
11.1322
6.54541
6.44789
6.23055
7.39971
18.7536
24.5047
24.4983
17.2381
8.22706
6.14788
3.8776
4.63725
5.16332
5.42991
5.55682
5.63927
5.69395
5.72806
5.74992
5.76348
5.77136
5.77538
5.77674
5.77622
5.77433
5.77143
5.76776
5.76348
5.7587
5.7535
5.74792
5.74198
5.73569
5.72893
1655.33
1449.62
1245.51
948.47
339.306
28.7576
7.50294
5.71051
5.5036
5.88951
5.99374
6.0398
5.81322
6.16666
6.9088
6.09642
4.02794
3.79778
4.3649
4.90318
5.26643
5.46741
5.57703
5.64926
5.69904
5.73122
5.75148
5.76424
5.77168
5.77533
5.77652
5.77591
5.774
5.77113
5.76754
5.76337
5.75875
5.75373
5.74836
5.74266
5.73663
5.73017
1463.17
1156.37
717.365
158.443
12.9765
6.17748
5.23828
5.31519
5.45615
5.62409
5.75681
5.76342
5.56095
5.06656
4.55626
4.32374
4.31932
4.52784
4.84094
5.14368
5.36767
5.51292
5.60452
5.66574
5.70794
5.73604
5.75399
5.76526
5.7719
5.77473
5.77572
5.77499
5.77303
5.7702
5.7667
5.76268
5.75825
5.75346
5.74834
5.74292
5.73718
5.73106
1205.72
675.39
108.452
10.6421
5.51697
4.98183
5.07878
5.23857
5.42539
5.57733
5.67747
5.68327
5.55717
5.31439
5.05895
4.88992
4.84908
4.94585
5.12348
5.30764
5.45686
5.56361
5.63611
5.68529
5.71916
5.74213
5.75706
5.76633
5.77161
5.77396
5.77442
5.77345
5.77141
5.76862
5.76524
5.76141
5.75721
5.75268
5.74787
5.74277
5.73737
5.7316
839.617
166.238
12.7039
5.34789
4.68662
4.8394
5.0834
5.2788
5.45368
5.59119
5.66905
5.6729
5.59876
5.46337
5.31244
5.20789
5.18226
5.23559
5.3368
5.44732
5.54316
5.6165
5.66912
5.7059
5.73147
5.74892
5.76032
5.76728
5.77108
5.7726
5.77251
5.77125
5.76914
5.76639
5.76317
5.75955
5.75563
5.75142
5.74695
5.74222
5.73719
5.73183
473.46
45.8793
10.8427
5.06753
4.52988
4.81042
5.13248
5.35434
5.5186
5.64462
5.71965
5.73423
5.69195
5.61007
5.5191
5.45215
5.42779
5.44767
5.49851
5.56066
5.61877
5.66579
5.70093
5.72608
5.74364
5.75557
5.76327
5.76781
5.77003
5.77058
5.76992
5.76839
5.7662
5.76353
5.76049
5.75714
5.75354
5.7497
5.74563
5.74131
5.7367
5.73175
388.614
67.9313
15.0824
5.99607
4.68081
4.98149
5.34278
5.51348
5.63362
5.75218
5.82879
5.84611
5.81556
5.7561
5.68933
5.63502
5.6055
5.60351
5.62273
5.65235
5.68289
5.70911
5.72942
5.74418
5.75443
5.76121
5.76537
5.76753
5.7682
5.76779
5.76658
5.7648
5.76257
5.76002
5.75721
5.75418
5.75096
5.74754
5.74393
5.74008
5.73597
5.7315
636.515
115.882
31.1163
10.2133
5.73484
5.51687
5.71729
5.72469
5.7557
5.88733
5.98389
5.9993
5.96464
5.90602
5.84151
5.78533
5.74595
5.72556
5.72099
5.72632
5.73575
5.74535
5.75329
5.75908
5.76289
5.76509
5.76605
5.76606
5.76533
5.76406
5.76239
5.76043
5.75824
5.75588
5.75336
5.75071
5.74792
5.74499
5.7419
5.7386
5.73506
5.73118
886.466
633.266
270.905
26.5284
9.63012
6.66698
5.92746
5.74737
5.82391
6.04925
6.19127
6.19391
6.13617
6.05848
5.97944
5.91041
5.85657
5.819
5.79567
5.78277
5.77626
5.77303
5.77114
5.76963
5.76813
5.76654
5.76485
5.76306
5.76118
5.75925
5.75727
5.75524
5.75319
5.75109
5.74895
5.74675
5.74447
5.74209
5.73958
5.7369
5.73401
5.73082
101.817
182.157
238.351
227.246
87.3808
12.905
7.61915
6.23332
6.06194
6.344
6.47388
6.42866
6.31767
6.20131
6.09581
6.00717
5.93729
5.88494
5.84742
5.8214
5.80352
5.79101
5.78192
5.77501
5.76956
5.76514
5.76149
5.75841
5.75575
5.7534
5.7513
5.74937
5.74756
5.74583
5.74413
5.74244
5.74073
5.73895
5.73708
5.73507
5.73288
5.73043
-0.285212
2.54946
16.9426
39.1236
88.8472
76.0424
19.6397
7.83193
7.06535
7.05931
6.89547
6.68269
6.48528
6.31709
6.18071
6.07288
5.98927
5.92586
5.87852
5.84378
5.81842
5.79976
5.78585
5.7753
5.7672
5.76091
5.75599
5.75212
5.74905
5.74658
5.74456
5.74287
5.74143
5.74015
5.73899
5.73788
5.73678
5.73565
5.73446
5.73315
5.7317
5.73003
1.18092
1.42132
-0.816011
-4.4351
0.463967
30.3034
31.027
27.3908
9.8696
7.83098
7.25542
6.85903
6.58979
6.38259
6.22505
6.1053
6.01371
5.94388
5.89127
5.85152
5.82179
5.79948
5.78266
5.76992
5.76024
5.75291
5.74737
5.74321
5.74011
5.73783
5.73615
5.73493
5.73404
5.73339
5.7329
5.73251
5.73216
5.73182
5.73142
5.73094
5.73034
5.72956
1.62881
0.691778
-1.37398
-4.2022
-5.6132
-4.59293
14.9972
21.4352
8.28808
7.48711
7.04104
6.74222
6.51877
6.33583
6.19324
6.08257
5.99658
5.93001
5.8787
5.83955
5.8097
5.78704
5.76988
5.7569
5.74715
5.73993
5.73466
5.73091
5.72835
5.72669
5.72572
5.72527
5.72519
5.72539
5.72577
5.72627
5.72682
5.7274
5.72794
5.72842
5.7288
5.72903
1.62189
0.833063
-0.622397
-2.45032
-3.51181
-3.96396
-0.643755
4.45832
6.25629
6.37274
6.43964
6.39423
6.29465
6.18672
6.08971
6.00764
5.94032
5.8862
5.84331
5.80971
5.78365
5.76371
5.74858
5.73724
5.72888
5.72289
5.71876
5.71611
5.71461
5.71399
5.71405
5.71462
5.71555
5.71676
5.71814
5.71963
5.72119
5.72275
5.7243
5.72579
5.7272
5.72849
1.8041
1.28505
0.50964
-0.360126
-0.867804
-0.743041
0.684134
3.01151
4.70001
5.48989
5.86448
5.99296
6.01094
5.98411
5.94166
5.8968
5.8553
5.81933
5.78937
5.76516
5.746
5.73115
5.71999
5.7118
5.70605
5.70224
5.70002
5.69906
5.69909
5.69989
5.70127
5.70309
5.70523
5.70759
5.71009
5.71268
5.7153
5.71793
5.72053
5.72308
5.72555
5.72793
2.02627
1.73765
1.37849
1.07685
1.04128
1.43406
2.34292
3.51776
4.47863
5.09478
5.45536
5.64694
5.73745
5.77201
5.77725
5.76836
5.75371
5.7378
5.7229
5.71006
5.6996
5.69151
5.68567
5.68177
5.67952
5.67865
5.67893
5.68015
5.6821
5.68463
5.68759
5.69086
5.69436
5.698
5.70172
5.70549
5.70925
5.71299
5.71668
5.72032
5.72389
5.72736
2.28416
2.14379
2.00947
1.95629
2.08848
2.44293
3.07069
3.79411
4.40551
4.8601
5.17092
5.37587
5.50186
5.57546
5.61613
5.63695
5.64632
5.64949
5.64966
5.64869
5.64765
5.64711
5.6473
5.64843
5.65032
5.65288
5.65609
5.65983
5.66401
5.6685
5.67323
5.67812
5.6831
5.68812
5.69315
5.69814
5.70309
5.70798
5.7128
5.71754
5.72221
5.7268
2.53555
2.4868
2.4668
2.51614
2.67291
2.97939
3.41224
3.89696
4.33795
4.69673
4.96979
5.16871
5.30879
5.40458
5.46904
5.5121
5.54098
5.56066
5.57455
5.58488
5.59312
5.60021
5.60672
5.61303
5.61952
5.62573
5.63212
5.63863
5.64522
5.65184
5.65848
5.66509
5.67164
5.67811
5.68448
5.69075
5.69691
5.70297
5.70892
5.71477
5.72055
5.72624
2.76375
2.76865
2.805
2.8945
3.05536
3.30777
3.62547
3.97199
4.30286
4.5911
4.82754
5.01265
5.15496
5.26156
5.34058
5.39908
5.4427
5.47572
5.50129
5.52168
5.53848
5.55283
5.56548
5.57696
5.58754
5.59792
5.60766
5.61705
5.62615
5.63499
5.6436
5.65198
5.66015
5.6681
5.67585
5.68341
5.69079
5.69801
5.70509
5.71205
5.71892
5.72569
2.96233
2.9968
3.05976
3.16293
3.31491
3.52139
3.76737
4.03138
4.28959
4.52489
4.72888
4.89634
5.0347
5.14479
5.23166
5.30009
5.35422
5.39745
5.43248
5.46138
5.4857
5.50662
5.52499
5.54144
5.55641
5.5703
5.58337
5.59563
5.60724
5.6183
5.62889
5.63906
5.64884
5.65827
5.66739
5.67623
5.68481
5.69318
5.70137
5.70941
5.71733
5.72516
3.13138
3.18068
3.25433
3.35842
3.49668
3.66896
3.86676
4.07722
4.28624
4.48244
4.65879
4.81162
4.94207
5.05108
5.14122
5.21545
5.27663
5.32732
5.36969
5.40551
5.43619
5.46285
5.48634
5.50732
5.52632
5.54372
5.55983
5.57484
5.58888
5.6021
5.61462
5.62653
5.63789
5.64877
5.65922
5.6693
5.67906
5.68855
5.6978
5.70688
5.71582
5.72466
3.27343
3.32916
3.40527
3.50477
3.62876
3.77578
3.94023
4.11406
4.28839
4.45553
4.61002
4.74873
4.87087
4.97663
5.06722
5.14438
5.20999
5.2659
5.31377
5.35504
5.39093
5.42242
5.45035
5.47536
5.49796
5.51858
5.53754
5.55514
5.57142
5.58669
5.60105
5.61462
5.62749
5.63975
5.65148
5.66275
5.67362
5.68416
5.69443
5.70449
5.71439
5.72418
3.39178
3.44922
3.52377
3.61673
3.72794
3.85579
3.99634
4.1442
4.29347
4.43876
4.57592
4.70224
4.81638
4.91796
5.00739
5.0856
5.15377
5.21316
5.26502
5.31046
5.35049
5.38598
5.41765
5.44611
5.47188
5.49535
5.51687
5.53668
5.55517
5.57234
5.58842
5.60353
5.61781
5.63136
5.64429
5.65666
5.66857
5.6801
5.69131
5.70228
5.71307
5.72374
3.48948
3.54611
3.61731
3.70346
3.80392
3.91709
4.04006
4.16902
4.29982
4.42857
4.55205
4.66797
4.77488
4.8721
4.95956
5.03768
5.10712
5.16873
5.22338
5.27194
5.31519
5.35388
5.38864
5.42001
5.44848
5.47444
5.49823
5.52015
5.54044
5.55932
5.57693
5.59345
5.60901
5.62373
5.63774
5.65113
5.66399
5.67641
5.68848
5.70027
5.71187
5.72334
3.56904
3.62376
3.69113
3.77101
3.86268
3.96456
4.07441
4.18939
4.30643
4.42262
4.5354
4.64285
4.74352
4.83664
4.92185
4.99925
5.06915
5.13208
5.18863
5.23944
5.28515
5.32635
5.36359
5.39735
5.42807
5.45613
5.48186
5.50555
5.52746
5.54782
5.56677
5.58452
5.60121
5.61698
5.63195
5.64623
5.65993
5.67314
5.68597
5.6985
5.71081
5.72299
3.63259
3.68505
3.74878
3.82338
3.90797
4.00121
4.10123
4.20584
4.31266
4.41937
4.52392
4.62461
4.72013
4.80965
4.89268
4.96908
5.03897
5.10261
5.1604
5.21282
5.26035
5.30347
5.34264
5.3783
5.41084
5.44062
5.46795
5.49313
5.5164
5.53799
5.55809
5.57689
5.59454
5.6112
5.62699
5.64203
5.65645
5.67035
5.68383
5.69698
5.70991
5.72269
3.68174
3.73205
3.79264
3.86296
3.94212
4.02889
4.12171
4.21874
4.31806
4.41776
4.51614
4.61164
4.7031
4.78965
4.87077
4.94616
5.01579
5.07977
5.13836
5.19188
5.24071
5.28524
5.32588
5.36299
5.39694
5.42807
5.45667
5.48302
5.50738
5.52996
5.551
5.57066
5.5891
5.60647
5.62293
5.63861
5.65361
5.66807
5.68207
5.69574
5.70917
5.72245
3.71764
3.76618
3.8243
3.89139
3.96663
4.04882
4.13655
4.22828
4.32233
4.41707
4.51106
4.6028
4.69124
4.77556
4.85515
4.92968
4.99899
5.0631
5.12215
5.17639
5.22611
5.27164
5.31332
5.35148
5.38647
5.41859
5.44813
5.47536
5.50054
5.52389
5.54562
5.56591
5.58494
5.60287
5.61984
5.63599
5.65145
5.66632
5.68074
5.6948
5.70861
5.72226
3.74111
3.78842
3.84486
3.90981
3.98251
4.06174
4.14623
4.23458
4.32527
4.41684
4.50802
4.59731
4.68377
4.76658
4.84513
4.91903
4.98807
5.0522
5.11152
5.16619
5.21646
5.26262
5.30496
5.3438
5.37946
5.41223
5.44239
5.47021
5.49593
5.51979
5.54198
5.56271
5.58215
5.60045
5.61776
5.63424
5.64999
5.66516
5.67985
5.69417
5.70824
5.72214
3.75272
3.79942
3.85506
3.91897
3.99034
4.0681
4.15101
4.23771
4.32678
4.41681
4.50659
4.59468
4.68016
4.76222
4.84024
4.91381
4.9827
5.04684
5.10627
5.16114
5.21167
5.25813
5.3008
5.33998
5.37597
5.40906
5.43953
5.46764
5.49364
5.51775
5.54018
5.56112
5.58075
5.59922
5.61671
5.63333
5.64923
5.66454
5.67936
5.69382
5.70802
5.72206
)
;

boundaryField
{
    leftWall
    {
        type            fixedFluxPressure;
        gradient        uniform 0;
        value           nonuniform List<scalar> 
46
(
2524.38
2519.25
2509.11
2494.24
2474.49
2449.95
2421.98
2391.38
2359
2325.67
2292.24
2259.36
2227.75
2198.27
2170.64
2142.43
1925.07
476.922
5.4653
5.46226
5.46861
5.48409
5.50818
5.53706
5.56809
5.5994
5.62866
5.65474
5.67756
5.69707
5.71314
5.72566
5.73477
5.74086
5.74446
5.74607
5.74609
5.74482
5.74242
5.73902
5.73479
5.72983
5.72405
5.71754
5.71056
5.70278
)
;
    }
    rightWall
    {
        type            fixedFluxPressure;
        gradient        uniform 0;
        value           nonuniform List<scalar> 
46
(
3.6635
3.67236
3.69007
3.71654
3.75272
3.79942
3.85506
3.91897
3.99034
4.0681
4.15101
4.23771
4.32678
4.41681
4.50659
4.59468
4.68016
4.76222
4.84024
4.91381
4.9827
5.04684
5.10627
5.16114
5.21167
5.25813
5.3008
5.33998
5.37597
5.40906
5.43953
5.46764
5.49364
5.51775
5.54018
5.56112
5.58075
5.59922
5.61671
5.63333
5.64923
5.66454
5.67936
5.69382
5.70802
5.72206
)
;
    }
    lowerWall
    {
        type            fixedFluxPressure;
        gradient        uniform 0;
        value           nonuniform List<scalar> 
52
(
2.52224
2.52479
2.43648
2.15014
2.52224
2.46237
2.40915
2.40341
2.45101
2.5438
2.66499
2.79963
2.93639
3.06754
3.18837
3.29633
3.39032
3.47004
3.53558
3.58733
3.62568
3.65099
3.6635
4059.51
4267.49
4081.4
2882.99
2524.38
2528.35
2523.69
2512.56
2497.51
2478.92
2456.2
2428.88
2396.78
2359.93
2318.85
2274.89
2230.74
2191.45
2165.73
2167.89
2220.2
2357.89
2597.31
2954.36
3386.19
3777.52
4059.51
101.817
-0.285212
)
;
    }
    atmosphere
    {
        type            prghTotalPressure;
        rho             rho;
        psi             none;
        gamma           1;
        p0              uniform 0;
        value           nonuniform List<scalar> 
44
(
5.69843
5.69835
5.69922
5.70053
5.70223
5.70425
5.70654
5.70902
5.71161
5.71423
5.7168
5.71925
5.72151
5.72353
5.72526
5.72668
5.72776
5.72851
5.72893
5.72904
5.72904
5.72904
5.72904
5.72904
5.72904
5.72904
5.72904
5.72904
5.72904
5.72904
5.72904
5.72904
5.72904
5.72904
5.72904
5.72904
5.72904
5.72904
5.72904
5.72904
5.72904
5.72904
5.72904
5.72904
)
;
        rho             rho;
    }
    frontAndBack
    {
        type            empty;
    }
}


// ************************************************************************* //
