/*--------------------------------*- C++ -*----------------------------------*\
  =========                 |
  \\      /  F ield         | OpenFOAM: The Open Source CFD Toolbox
   \\    /   O peration     | Website:  https://openfoam.org
    \\  /    A nd           | Version:  13
     \\/     M anipulation  |
\*---------------------------------------------------------------------------*/
FoamFile
{
    format      ascii;
    class       volScalarField;
    location    "0.00250005";
    object      mag(U);
}
// * * * * * * * * * * * * * * * * * * * * * * * * * * * * * * * * * * * * * //

dimensions      [0 1 -1 0 0 0 0];

internalField   nonuniform List<scalar> 
8000
(
301.963
302.055
302.321
302.807
303.511
304.391
305.375
306.312
307.07
307.602
307.868
307.887
307.751
307.614
307.6
307.831
308.315
308.964
309.671
310.353
311.055
311.827
312.788
313.83
314.771
315.607
316.428
317.465
318.591
319.562
320.482
321.423
322.393
323.44
324.602
325.887
327.298
328.804
330.32
331.719
332.941
334.159
335.602
337.296
339.148
340.811
342.088
343.466
345.237
346.992
348.392
349.933
351.953
353.975
355.742
357.6
359.444
361.081
363.013
365.192
367.366
369.801
372.502
374.494
375.96
378.131
380.865
383.578
386.142
388.841
391.878
394.616
396.529
398.623
401.48
404.661
407.929
410.378
412.326
414.996
418.069
421.214
424.704
428.199
430.856
433.323
436.437
439.808
443.525
447.792
452.104
455.86
459.68
464.233
469.284
474.542
479.163
483.591
489.13
495.274
500.925
505.282
509.394
515.096
522.132
529.586
536.994
543.52
550.167
558.827
568.915
579.091
588.518
596.331
604.007
614.343
626.986
640.164
652.539
666.345
301.678
301.771
302.045
302.543
303.267
304.171
305.181
306.14
306.913
307.453
307.722
307.744
307.616
307.495
307.495
307.724
308.21
308.866
309.589
310.3
311.029
311.802
312.716
313.756
314.732
315.589
316.392
317.404
318.549
319.534
320.45
321.387
322.359
323.411
324.578
325.868
327.284
328.79
330.305
331.708
332.938
334.16
335.608
337.311
339.168
340.809
342.051
343.42
345.2
346.936
348.325
349.879
351.891
353.954
355.798
357.656
359.427
361.022
362.969
365.249
367.517
369.78
372.273
374.635
376.355
378.226
380.775
383.437
386.001
388.721
391.787
394.676
396.702
398.716
401.504
404.64
407.851
410.304
412.307
415.042
418.197
421.361
424.751
427.888
430.321
433.117
436.692
440.286
443.937
447.963
451.926
455.638
459.762
464.422
469.373
474.525
479.118
483.59
489.152
495.259
500.873
505.226
509.342
515.059
522.117
529.572
536.966
543.507
550.164
558.796
568.865
579.039
588.5
596.395
604.107
614.423
627.074
640.284
652.702
666.561
301.137
301.235
301.522
302.049
302.814
303.765
304.826
305.828
306.628
307.181
307.456
307.482
307.368
307.272
307.313
307.561
308.049
308.707
309.46
310.229
311.005
311.816
312.677
313.673
314.706
315.616
316.434
317.423
318.57
319.578
320.49
321.424
322.398
323.452
324.617
325.906
327.315
328.807
330.31
331.713
332.948
334.169
335.617
337.331
339.188
340.786
341.974
343.334
345.13
346.853
348.23
349.797
351.808
353.913
355.84
357.711
359.394
360.94
362.913
365.248
367.645
369.876
372.094
374.533
376.669
378.556
380.845
383.344
385.831
388.55
391.595
394.622
396.861
398.842
401.517
404.606
407.751
410.161
412.214
415.044
418.287
421.504
424.761
427.434
429.782
433.006
436.898
440.775
444.544
448.09
451.41
455.291
459.975
464.768
469.532
474.459
478.972
483.525
489.147
495.211
500.781
505.127
509.237
514.961
522.041
529.5
536.884
543.454
550.12
558.712
568.755
578.928
588.441
596.453
604.215
614.505
627.173
640.439
652.931
666.864
300.36
300.466
300.774
301.342
302.166
303.189
304.321
305.382
306.218
306.789
307.07
307.103
307.011
306.94
307.036
307.332
307.822
308.473
309.24
310.065
310.889
311.743
312.612
313.516
314.507
315.486
316.369
317.356
318.471
319.482
320.393
321.33
322.312
323.376
324.555
325.859
327.274
328.763
330.262
331.672
332.921
334.157
335.632
337.367
339.211
340.769
341.924
343.276
345.077
346.794
348.181
349.765
351.749
353.806
355.728
357.667
359.425
360.936
362.851
365.19
367.646
369.974
372.078
374.329
376.745
378.976
381.15
383.433
385.855
388.53
391.45
394.441
396.862
398.933
401.537
404.609
407.72
410.062
412.128
415.018
418.267
421.528
424.751
427.224
429.64
433.136
437.082
440.933
444.718
447.987
451.106
455.265
460.243
465.131
469.758
474.403
478.758
483.406
489.126
495.161
500.707
505.072
509.164
514.85
521.928
529.393
536.8
543.427
550.104
558.647
568.666
578.848
588.414
596.531
604.348
614.63
627.331
640.671
653.262
667.311
299.361
299.483
299.818
300.441
301.346
302.463
303.688
304.821
305.697
306.289
306.583
306.627
306.564
306.537
306.687
307.053
307.585
308.25
309.02
309.888
310.79
311.698
312.623
313.53
314.409
315.347
316.363
317.478
318.584
319.538
320.455
321.401
322.386
323.452
324.629
325.922
327.32
328.789
330.264
331.658
332.904
334.156
335.653
337.382
339.19
340.71
341.852
343.215
345.027
346.739
348.129
349.721
351.694
353.679
355.536
357.547
359.493
361.01
362.799
365.152
367.663
370.185
372.381
374.215
376.263
378.743
381.359
383.766
386.08
388.652
391.448
394.271
396.656
398.837
401.512
404.616
407.697
409.948
411.998
414.895
418.092
421.371
424.661
427.194
429.715
433.3
437.204
440.945
444.632
447.768
450.919
455.27
460.373
465.342
469.925
474.294
478.448
483.202
489.037
495.059
500.601
505.084
509.191
514.738
521.733
529.177
536.634
543.366
550.071
558.56
568.551
578.736
588.341
596.538
604.409
614.707
627.457
640.886
653.596
667.777
298.132
298.295
298.667
299.356
300.36
301.593
302.93
304.144
305.06
305.674
305.986
306.054
306.024
306.058
306.255
306.671
307.273
307.98
308.758
309.614
310.551
311.512
312.467
313.407
314.295
315.143
316.165
317.353
318.431
319.379
320.314
321.27
322.263
323.347
324.545
325.85
327.259
328.736
330.198
331.574
332.832
334.126
335.658
337.395
339.183
340.679
341.819
343.193
345.007
346.71
348.103
349.714
351.694
353.587
355.37
357.452
359.605
361.194
362.821
365.062
367.512
370.062
372.422
374.18
376.005
378.481
381.291
384.043
386.471
388.904
391.606
394.209
396.38
398.659
401.494
404.661
407.737
409.912
411.93
414.795
417.93
421.215
424.628
427.347
429.937
433.492
437.338
440.962
444.542
447.676
450.917
455.334
460.452
465.433
470.011
474.199
478.198
483.032
488.937
494.925
500.456
505.182
509.425
514.747
521.546
528.928
536.446
543.332
550.103
558.536
568.499
578.686
588.319
596.576
604.509
614.854
627.677
641.215
654.064
668.412
296.68
296.911
297.336
298.111
299.232
300.597
302.059
303.358
304.316
304.951
305.286
305.398
305.421
305.517
305.778
306.249
306.931
307.728
308.564
309.432
310.351
311.362
312.406
313.393
314.295
315.14
316.198
317.413
318.483
319.444
320.398
321.365
322.361
323.452
324.647
325.938
327.33
328.78
330.198
331.535
332.789
334.11
335.667
337.393
339.138
340.57
341.69
343.111
344.97
346.674
348.045
349.656
351.648
353.522
355.298
357.386
359.664
361.406
362.879
364.885
367.275
369.864
372.376
374.282
376.095
378.469
381.175
383.923
386.451
388.976
391.74
394.152
396.127
398.527
401.484
404.692
407.725
409.809
411.814
414.675
417.787
421.08
424.575
427.463
430.101
433.584
437.397
440.937
444.419
447.621
450.969
455.368
460.411
465.304
469.876
474.045
478.006
482.869
488.778
494.702
500.161
505.196
509.792
514.901
521.344
528.595
536.165
543.219
550.09
558.493
568.424
578.603
588.244
596.54
604.546
614.976
627.896
641.564
654.575
669.109
295.002
295.332
295.828
296.707
297.967
299.483
301.075
302.457
303.463
304.122
304.475
304.64
304.748
304.917
305.248
305.782
306.516
307.384
308.284
309.191
310.107
311.074
312.134
313.177
314.104
314.964
316.023
317.233
318.292
319.253
320.215
321.187
322.199
323.313
324.535
325.867
327.288
328.725
330.105
331.42
332.709
334.086
335.675
337.407
339.134
340.516
341.617
343.062
344.929
346.637
348.015
349.65
351.662
353.591
355.409
357.408
359.618
361.521
362.979
364.742
367.066
369.684
372.212
374.28
376.391
378.842
381.278
383.637
386.091
388.835
391.803
394.191
396.056
398.483
401.485
404.735
407.756
409.779
411.782
414.676
417.81
421.106
424.619
427.581
430.232
433.665
437.483
440.99
444.399
447.674
451.118
455.474
460.39
465.131
469.685
473.943
477.948
482.813
488.704
494.536
499.819
505.005
510.13
515.272
521.285
528.328
535.927
543.136
550.132
558.544
568.46
578.631
588.264
596.579
604.664
615.211
628.255
642.073
655.26
670.009
293.107
293.565
294.155
295.157
296.574
298.251
299.984
301.453
302.504
303.198
303.58
303.793
304.003
304.294
304.709
305.307
306.102
307.043
308.02
308.99
309.969
310.943
311.964
313.053
314.08
315.015
316.094
317.292
318.36
319.341
320.32
321.297
322.315
323.429
324.655
325.985
327.375
328.762
330.09
331.38
332.678
334.073
335.669
337.383
339.081
340.444
341.537
342.989
344.873
346.602
347.971
349.569
351.565
353.575
355.508
357.45
359.51
361.514
363.142
364.799
366.97
369.465
371.764
373.882
376.386
379.152
381.455
383.454
385.871
388.74
391.793
394.172
395.989
398.404
401.409
404.675
407.69
409.693
411.72
414.673
417.852
421.155
424.665
427.603
430.201
433.606
437.453
440.995
444.37
447.655
451.167
455.516
460.322
464.93
469.459
473.782
477.846
482.743
488.642
494.407
499.487
504.643
510.214
515.614
521.317
528.097
535.679
542.977
550.087
558.556
568.477
578.633
588.237
596.541
604.713
615.412
628.606
642.594
655.977
670.964
290.996
291.608
292.315
293.46
295.05
296.903
298.782
300.338
301.44
302.174
302.603
302.879
303.181
303.603
304.135
304.8
305.63
306.618
307.664
308.68
309.697
310.71
311.694
312.718
313.789
314.821
315.93
317.092
318.134
319.126
320.112
321.088
322.118
323.256
324.529
325.911
327.323
328.697
330.005
331.293
332.612
334.038
335.664
337.382
339.086
340.484
341.559
342.951
344.811
346.569
347.96
349.531
351.507
353.546
355.533
357.536
359.546
361.376
363.138
365.029
367.064
369.186
371.331
373.727
376.493
379.328
381.509
383.339
385.749
388.667
391.76
394.187
396.008
398.388
401.376
404.631
407.638
409.658
411.736
414.752
417.987
421.317
424.805
427.646
430.167
433.564
437.426
441.029
444.421
447.657
451.182
455.566
460.322
464.857
469.358
473.647
477.73
482.705
488.649
494.389
499.303
504.341
510.127
515.823
521.448
528.009
535.539
542.84
550.045
558.638
568.594
578.737
588.298
596.567
604.818
615.693
629.056
643.229
656.823
672.07
288.674
289.463
290.316
291.625
293.403
295.443
297.468
299.115
300.278
301.062
301.548
301.917
302.321
302.863
303.533
304.296
305.182
306.21
307.33
308.438
309.519
310.59
311.615
312.603
313.658
314.833
316.045
317.177
318.21
319.227
320.231
321.214
322.249
323.393
324.668
326.029
327.4
328.733
330.014
331.294
332.596
333.991
335.59
337.3
339.022
340.472
341.564
342.923
344.762
346.509
347.868
349.392
351.355
353.419
355.471
357.507
359.298
360.963
363.004
365.315
367.258
368.936
371.034
373.609
376.486
379.381
381.491
383.242
385.667
388.578
391.657
394.141
396.001
398.357
401.326
404.542
407.513
409.557
411.696
414.759
418.025
421.384
424.868
427.614
430.059
433.45
437.289
440.931
444.365
447.543
451.061
455.508
460.28
464.812
469.281
473.447
477.511
482.596
488.601
494.369
499.189
504.101
509.947
515.805
521.441
527.904
535.376
542.612
549.874
558.611
568.626
578.761
588.273
596.487
604.815
615.886
629.44
643.815
657.638
673.168
286.142
287.132
288.156
289.65
291.632
293.87
296.039
297.778
299.016
299.862
300.424
300.895
301.417
302.074
302.867
303.74
304.698
305.749
306.899
308.079
309.216
310.316
311.354
312.324
313.364
314.598
315.834
316.927
317.967
318.996
319.992
320.975
322.031
323.212
324.533
325.939
327.336
328.674
329.96
331.256
332.58
333.969
335.538
337.241
338.975
340.492
341.629
342.941
344.74
346.489
347.847
349.362
351.32
353.362
355.432
357.479
359.114
360.731
362.967
365.446
367.315
368.858
370.989
373.606
376.503
379.41
381.49
383.208
385.626
388.508
391.559
394.1
396.03
398.394
401.361
404.553
407.486
409.543
411.735
414.825
418.099
421.48
424.974
427.652
430.035
433.41
437.209
440.871
444.336
447.446
450.954
455.475
460.292
464.861
469.293
473.298
477.326
482.51
488.546
494.357
499.147
503.936
509.758
515.698
521.384
527.837
535.253
542.394
549.711
558.613
568.71
578.854
588.323
596.481
604.879
616.148
629.902
644.494
658.559
674.395
283.406
284.616
285.84
287.541
289.74
292.187
294.493
296.322
297.657
298.584
299.243
299.831
300.483
301.26
302.174
303.171
304.224
305.34
306.527
307.779
309.01
310.171
311.258
312.26
313.349
314.628
315.872
316.978
318.06
319.121
320.117
321.102
322.17
323.365
324.681
326.057
327.403
328.701
329.972
331.256
332.584
333.961
335.48
337.146
338.854
340.364
341.529
342.869
344.684
346.479
347.845
349.28
351.145
353.152
355.303
357.367
358.932
360.608
362.956
365.48
367.307
368.831
370.998
373.582
376.42
379.316
381.44
383.176
385.569
388.411
391.42
393.994
395.988
398.37
401.337
404.515
407.425
409.492
411.71
414.785
418.014
421.398
424.929
427.606
429.96
433.295
437.044
440.724
444.214
447.267
450.77
455.35
460.209
464.827
469.245
473.129
477.147
482.41
488.443
494.273
499.069
503.764
509.529
515.528
521.283
527.742
535.067
542.101
549.497
558.554
568.704
578.848
588.287
596.408
604.886
616.356
630.319
645.143
659.469
675.636
280.469
281.917
283.366
285.296
287.724
290.384
292.831
294.757
296.194
297.227
298.006
298.723
299.509
300.408
301.434
302.544
303.693
304.878
306.089
307.368
308.66
309.861
310.968
311.986
313.096
314.378
315.607
316.717
317.815
318.874
319.859
320.852
321.944
323.176
324.527
325.933
327.318
328.649
329.936
331.221
332.572
333.986
335.515
337.179
338.873
340.318
341.441
342.811
344.66
346.548
347.957
349.282
351.048
353.053
355.261
357.31
358.842
360.562
362.928
365.468
367.353
368.921
371.114
373.67
376.394
379.213
381.397
383.181
385.541
388.35
391.324
393.914
395.961
398.365
401.34
404.53
407.475
409.574
411.787
414.815
417.994
421.356
424.915
427.648
430.001
433.269
436.963
440.667
444.17
447.167
450.67
455.29
460.169
464.824
469.245
473.076
477.095
482.389
488.382
494.187
498.976
503.578
509.272
515.362
521.267
527.765
534.936
541.823
549.315
558.546
568.768
578.924
588.346
596.442
604.993
616.651
630.822
645.886
660.491
677.013
277.34
279.04
280.737
282.917
285.584
288.459
291.058
293.093
294.635
295.788
296.718
297.585
298.508
299.533
300.676
301.91
303.178
304.458
305.726
307.05
308.414
309.698
310.866
311.939
313.096
314.399
315.644
316.801
317.932
318.993
319.981
320.991
322.098
323.328
324.656
326.026
327.381
328.688
329.956
331.228
332.56
333.953
335.463
337.113
338.806
340.231
341.321
342.679
344.52
346.471
347.964
349.203
350.864
352.891
355.145
357.204
358.751
360.5
362.848
365.395
367.38
368.985
371.156
373.707
376.335
379.047
381.283
383.136
385.475
388.261
391.209
393.797
395.869
398.284
401.257
404.459
407.451
409.58
411.76
414.754
417.91
421.228
424.76
427.557
429.943
433.147
436.801
440.546
444.075
447.024
450.511
455.146
460.013
464.67
469.138
473.021
477.067
482.365
488.322
494.085
498.837
503.353
508.985
515.17
521.265
527.822
534.786
541.49
549.091
558.477
568.743
578.898
588.309
596.404
605.042
616.88
631.263
646.581
661.486
678.398
274.025
275.987
277.954
280.4
283.316
286.411
289.17
291.326
292.989
294.274
295.372
296.409
297.471
298.617
299.877
301.228
302.605
303.967
305.289
306.629
308.027
309.36
310.559
311.655
312.833
314.132
315.364
316.551
317.696
318.724
319.709
320.742
321.876
323.136
324.497
325.9
327.288
328.629
329.935
331.241
332.591
333.977
335.47
337.11
338.818
340.309
341.397
342.665
344.439
346.404
348.007
349.233
350.8
352.821
355.083
357.162
358.734
360.48
362.796
365.352
367.462
369.112
371.227
373.78
376.35
378.959
381.209
383.118
385.449
388.225
391.168
393.754
395.827
398.238
401.207
404.426
407.496
409.687
411.841
414.813
417.96
421.218
424.695
427.539
429.955
433.097
436.737
440.542
444.107
447.01
450.449
455.07
459.921
464.567
469.066
473.032
477.137
482.428
488.338
494.034
498.691
503.083
508.653
514.947
521.275
527.943
534.702
541.218
548.915
558.444
568.772
578.948
588.367
596.476
605.188
617.182
631.766
647.344
662.567
679.9
270.533
272.765
275.019
277.747
280.921
284.24
287.166
289.461
291.264
292.697
293.972
295.192
296.407
297.687
299.072
300.552
302.051
303.514
304.923
306.32
307.774
309.184
310.445
311.595
312.827
314.171
315.453
316.678
317.816
318.834
319.83
320.879
322.021
323.279
324.62
326
327.36
328.669
329.939
331.223
332.57
333.936
335.373
336.978
338.697
340.284
341.419
342.594
344.27
346.195
347.91
349.198
350.694
352.687
354.936
357.043
358.665
360.414
362.705
365.262
367.488
369.189
371.226
373.746
376.271
378.811
381.081
383.047
385.377
388.15
391.092
393.668
395.722
398.118
401.079
404.302
407.431
409.677
411.806
414.774
417.938
421.137
424.522
427.371
429.83
432.963
436.605
440.457
444.084
446.976
450.348
454.922
459.731
464.359
468.902
472.984
477.179
482.482
488.361
493.988
498.524
502.778
508.316
514.747
521.297
528.054
534.612
540.946
548.71
558.33
568.687
578.872
588.314
596.463
605.26
617.398
632.186
648.036
663.604
681.4
266.875
269.383
271.934
274.956
278.398
281.945
285.049
287.497
289.459
291.057
292.515
293.925
295.304
296.722
298.232
299.833
301.438
302.985
304.465
305.903
307.384
308.827
310.115
311.293
312.554
313.912
315.212
316.441
317.555
318.563
319.564
320.627
321.791
323.079
324.462
325.891
327.298
328.624
329.878
331.157
332.573
334.022
335.45
336.992
338.669
340.333
341.582
342.692
344.23
346.064
347.846
349.246
350.702
352.637
354.852
356.979
358.653
360.41
362.681
365.231
367.546
369.298
371.276
373.764
376.257
378.746
381.012
383.012
385.352
388.134
391.098
393.677
395.698
398.062
401.012
404.233
407.416
409.735
411.858
414.836
418.045
421.196
424.482
427.303
429.776
432.911
436.568
440.451
444.15
447.063
450.345
454.836
459.593
464.2
468.769
472.952
477.25
482.577
488.417
493.964
498.343
502.432
507.948
514.51
521.257
528.126
534.562
540.761
548.565
558.241
568.627
578.846
588.343
596.561
605.428
617.675
632.651
648.78
664.711
683.004
263.062
265.847
268.707
272.033
275.748
279.527
282.82
285.439
287.575
289.36
291.013
292.619
294.174
295.745
297.394
299.128
300.851
302.502
304.082
305.6
307.146
308.656
310.005
311.247
312.56
313.96
315.308
316.55
317.661
318.688
319.708
320.773
321.928
323.204
324.57
325.978
327.36
328.656
329.864
331.092
332.483
333.973
335.426
336.924
338.528
340.175
341.575
342.719
344.12
345.859
347.663
349.186
350.653
352.524
354.7
356.837
358.567
360.342
362.6
365.144
367.521
369.317
371.242
373.691
376.163
378.624
380.886
382.91
385.271
388.071
391.055
393.615
395.591
397.934
400.877
404.08
407.289
409.672
411.801
414.779
418.036
421.164
424.347
427.104
429.591
432.768
436.463
440.369
444.137
447.09
450.289
454.678
459.367
463.956
468.564
472.834
477.239
482.613
488.431
493.927
498.178
502.129
507.65
514.328
521.211
528.152
534.539
540.639
548.398
558.066
568.458
578.703
588.264
596.58
605.525
617.864
633.024
649.444
665.765
684.601
259.104
262.168
265.34
268.976
272.972
276.987
280.481
283.289
285.617
287.605
289.461
291.264
293.003
294.733
296.521
298.379
300.21
301.945
303.6
305.174
306.758
308.3
309.676
310.95
312.28
313.713
315.081
316.301
317.395
318.421
319.457
320.535
321.712
323.012
324.413
325.861
327.279
328.615
329.85
331.072
332.446
333.981
335.519
337.036
338.588
340.149
341.626
342.865
344.149
345.776
347.571
349.2
350.701
352.5
354.633
356.773
358.547
360.341
362.592
365.131
367.544
369.366
371.257
373.679
376.143
378.596
380.842
382.86
385.233
388.059
391.082
393.659
395.597
397.901
400.829
404.01
407.23
409.677
411.826
414.8
418.101
421.238
424.346
427.022
429.503
432.721
436.443
440.355
444.185
447.201
450.312
454.574
459.198
463.79
468.423
472.724
477.194
482.622
488.435
493.895
498.054
501.89
507.39
514.126
521.097
528.11
534.56
540.632
548.284
557.902
568.303
578.605
588.272
596.72
605.735
618.128
633.455
650.164
666.892
686.307
255.016
258.358
261.845
265.793
270.073
274.329
278.036
281.053
283.592
285.797
287.864
289.871
291.803
293.708
295.651
297.647
299.604
301.452
303.207
304.871
306.529
308.139
309.581
310.921
312.297
313.772
315.177
316.41
317.51
318.546
319.594
320.675
321.843
323.124
324.5
325.919
327.309
328.627
329.856
331.05
332.368
333.866
335.418
336.957
338.519
340.052
341.504
342.801
344.077
345.62
347.401
349.109
350.647
352.396
354.496
356.638
358.447
360.261
362.512
365.053
367.488
369.323
371.187
373.58
376.039
378.506
380.748
382.756
385.141
387.988
391.041
393.603
395.495
397.785
400.709
403.862
407.072
409.562
411.732
414.701
418.03
421.179
424.236
426.837
429.323
432.598
436.344
440.253
444.137
447.226
450.274
454.417
458.984
463.588
468.251
472.562
477.076
482.545
488.35
493.817
497.997
501.793
507.251
513.992
520.971
527.997
534.562
540.677
548.189
557.698
568.067
578.399
588.168
596.777
605.876
618.305
633.792
650.803
667.967
688.011
250.807
254.424
258.227
262.487
267.053
271.556
275.488
278.732
281.497
283.932
286.221
288.435
290.562
292.644
294.738
296.867
298.94
300.883
302.716
304.44
306.141
307.787
309.267
310.643
312.033
313.508
314.925
316.166
317.267
318.299
319.347
320.444
321.641
322.961
324.37
325.816
327.228
328.571
329.856
331.109
332.417
333.866
335.406
336.977
338.583
340.133
341.534
342.82
344.111
345.613
347.375
349.117
350.669
352.384
354.462
356.606
358.437
360.261
362.513
365.061
367.505
369.338
371.179
373.542
375.996
378.493
380.746
382.73
385.107
387.974
391.061
393.642
395.51
397.772
400.688
403.819
407.014
409.533
411.72
414.682
418.028
421.196
424.224
426.766
429.258
432.574
436.328
440.222
444.142
447.303
450.294
454.308
458.835
463.474
468.159
472.444
476.953
482.435
488.23
493.696
497.934
501.755
507.163
513.867
520.809
527.811
534.543
540.791
548.146
557.493
567.827
578.217
588.129
596.939
606.125
618.561
634.19
651.502
669.117
689.828
246.496
250.384
254.496
259.067
263.92
268.675
272.844
276.332
279.34
282.017
284.537
286.968
289.298
291.568
293.831
296.11
298.319
300.386
302.324
304.142
305.931
307.65
309.192
310.626
312.06
313.556
314.994
316.266
317.392
318.437
319.478
320.562
321.744
323.054
324.451
325.871
327.248
328.557
329.827
331.1
332.398
333.77
335.246
336.807
338.439
340.046
341.453
342.694
343.985
345.512
347.294
349.041
350.577
352.275
354.348
356.498
358.344
360.176
362.436
364.993
367.427
369.244
371.079
373.427
375.884
378.418
380.686
382.648
385.014
387.893
390.997
393.576
395.421
397.672
400.583
403.693
406.868
409.4
411.599
414.553
417.904
421.093
424.112
426.623
429.14
432.497
436.248
440.118
444.061
447.286
450.248
454.175
458.673
463.34
468.041
472.297
476.8
482.297
488.081
493.541
497.871
501.803
507.211
513.843
520.675
527.577
534.453
540.914
548.164
557.3
567.546
577.948
587.973
596.994
606.291
618.724
634.487
652.108
670.205
691.647
242.091
246.245
250.661
255.538
260.678
265.689
270.109
273.855
277.119
280.049
282.808
285.46
287.996
290.453
292.882
295.304
297.634
299.804
301.82
303.707
305.564
307.322
308.884
310.337
311.806
313.308
314.731
316.02
317.168
318.222
319.256
320.344
321.553
322.901
324.343
325.803
327.203
328.524
329.809
331.132
332.492
333.833
335.243
336.795
338.439
340.092
341.522
342.699
343.962
345.527
347.347
349.097
350.589
352.265
354.344
356.505
358.358
360.186
362.441
365.012
367.438
369.223
371.042
373.378
375.847
378.426
380.713
382.652
384.995
387.877
391.001
393.602
395.44
397.674
400.582
403.683
406.847
409.381
411.576
414.514
417.852
421.055
424.079
426.575
429.118
432.512
436.256
440.096
444.046
447.323
450.264
454.108
458.585
463.278
467.984
472.201
476.668
482.144
487.913
493.356
497.736
501.803
507.285
513.868
520.551
527.301
534.279
541.014
548.228
557.119
567.258
577.685
587.851
597.123
606.545
618.96
634.84
652.771
671.364
693.584
237.613
242.026
246.738
251.912
257.335
262.609
267.291
271.311
274.844
278.036
281.044
283.925
286.676
289.333
291.946
294.532
297.005
299.299
301.421
303.424
305.383
307.199
308.808
310.307
311.835
313.377
314.804
316.103
317.279
318.351
319.383
320.455
321.638
322.959
324.389
325.847
327.231
328.513
329.757
331.058
332.44
333.772
335.111
336.62
338.271
339.969
341.409
342.562
343.84
345.435
347.298
349.052
350.499
352.158
354.247
356.419
358.279
360.108
362.368
364.946
367.334
369.084
370.916
373.263
375.753
378.371
380.665
382.584
384.918
387.796
390.918
393.527
395.365
397.586
400.488
403.578
406.732
409.259
411.446
414.373
417.7
420.921
423.969
426.475
429.056
432.485
436.212
440.013
443.956
447.266
450.21
454.026
458.501
463.21
467.897
472.072
476.522
481.995
487.763
493.193
497.596
501.805
507.427
514.003
520.51
527.033
534.035
541.073
548.355
557.007
566.985
577.381
587.634
597.137
606.71
619.115
635.101
653.348
672.464
695.533
233.068
237.729
242.727
248.192
253.896
259.438
264.393
268.699
272.511
275.974
279.235
282.35
285.317
288.173
290.966
293.708
296.305
298.7
300.905
303.004
305.031
306.869
308.499
310.023
311.578
313.145
314.583
315.88
317.06
318.146
319.185
320.271
321.478
322.828
324.287
325.783
327.209
328.511
329.757
331.068
332.499
333.869
335.163
336.621
338.277
340.001
341.417
342.552
343.85
345.445
347.342
349.125
350.537
352.163
354.259
356.444
358.313
360.141
362.398
364.973
367.314
369.023
370.865
373.219
375.734
378.393
380.693
382.595
384.919
387.787
390.905
393.538
395.393
397.605
400.5
403.582
406.73
409.254
411.428
414.324
417.621
420.848
423.921
426.437
429.051
432.522
436.246
440.011
443.937
447.269
450.221
454.017
458.482
463.193
467.848
471.965
476.395
481.854
487.602
492.992
497.365
501.677
507.471
514.139
520.521
526.783
533.724
541.032
548.47
556.927
566.72
577.082
587.442
597.21
606.961
619.354
635.437
654
673.658
697.63
228.48
233.381
238.652
244.397
250.377
256.19
261.431
266.03
270.133
273.874
277.398
280.755
283.95
287.016
290.009
292.927
295.668
298.186
300.51
302.74
304.859
306.741
308.428
310.005
311.599
313.2
314.668
315.972
317.15
318.241
319.293
320.372
321.55
322.862
324.295
325.774
327.202
328.5
329.712
330.989
332.405
333.795
335.069
336.476
338.128
339.855
341.244
342.399
343.756
345.367
347.279
349.077
350.466
352.071
354.172
356.36
358.234
360.072
362.334
364.901
367.18
368.856
370.735
373.114
375.663
378.349
380.634
382.524
384.858
387.712
390.805
393.451
395.325
397.524
400.412
403.496
406.641
409.14
411.291
414.171
417.452
420.699
423.813
426.355
429.002
432.509
436.225
439.945
443.835
447.165
450.142
453.964
458.444
463.155
467.763
471.823
476.25
481.716
487.46
492.812
497.16
501.58
507.531
514.296
520.608
526.611
533.426
540.948
548.595
556.939
566.529
576.805
587.199
597.18
607.121
619.526
635.694
654.573
674.798
699.76
223.842
228.975
234.508
240.523
246.776
252.867
258.401
263.304
267.703
271.729
275.518
279.122
282.542
285.817
289.005
292.087
294.951
297.572
299.999
302.332
304.501
306.407
308.126
309.745
311.359
312.978
314.475
315.791
316.96
318.044
319.109
320.217
321.428
322.768
324.218
325.717
327.177
328.512
329.746
331.025
332.442
333.879
335.17
336.522
338.142
339.855
341.218
342.386
343.793
345.415
347.314
349.128
350.514
352.092
354.199
356.394
358.273
360.119
362.377
364.922
367.131
368.774
370.682
373.08
375.659
378.376
380.646
382.52
384.866
387.713
390.789
393.458
395.364
397.552
400.424
403.515
406.661
409.128
411.243
414.103
417.353
420.604
423.748
426.303
428.974
432.524
436.259
439.954
443.807
447.125
450.124
453.97
458.457
463.158
467.7
471.686
476.106
481.577
487.302
492.589
496.891
501.406
507.482
514.358
520.686
526.481
533.124
540.766
548.633
556.955
566.351
576.526
586.968
597.189
607.348
619.774
636.024
655.226
676.043
702.066
219.2
224.546
230.325
236.599
243.119
249.491
255.325
260.536
265.238
269.555
273.62
277.477
281.134
284.632
288.034
291.295
294.306
297.057
299.625
302.081
304.319
306.278
308.057
309.74
311.385
313.017
314.539
315.87
317.042
318.123
319.185
320.284
321.476
322.784
324.203
325.682
327.133
328.479
329.712
330.956
332.337
333.782
335.099
336.424
338.006
339.69
341.035
342.236
343.704
345.352
347.232
349.065
350.469
352.022
354.119
356.301
358.182
360.056
362.326
364.845
366.974
368.591
370.554
372.988
375.605
378.338
380.571
382.438
384.811
387.638
390.676
393.361
395.296
397.471
400.337
403.436
406.586
409.018
411.101
413.939
417.173
420.453
423.646
426.225
428.915
432.498
436.245
439.91
443.705
446.99
450.026
453.937
458.453
463.147
467.612
471.528
475.963
481.446
487.161
492.401
496.689
501.319
507.499
514.443
520.805
526.44
532.897
540.598
548.665
557.028
566.271
576.317
586.734
597.113
607.477
619.952
636.274
655.793
677.223
704.414
214.514
220.068
226.082
232.607
239.392
246.049
252.19
257.717
262.725
267.337
271.68
275.792
279.684
283.403
287.009
290.433
293.571
296.438
299.13
301.678
303.955
305.951
307.768
309.5
311.181
312.819
314.358
315.711
316.89
317.961
319.026
320.155
321.383
322.725
324.16
325.646
327.11
328.49
329.755
331.007
332.381
333.838
335.196
336.515
338.046
339.686
341.01
342.232
343.738
345.399
347.255
349.109
350.551
352.078
354.153
356.316
358.2
360.104
362.379
364.866
366.908
368.497
370.502
372.959
375.609
378.365
380.569
382.421
384.817
387.646
390.665
393.367
395.339
397.501
400.347
403.456
406.609
409.003
411.041
413.856
417.069
420.358
423.582
426.168
428.869
432.491
436.282
439.946
443.677
446.916
449.986
453.948
458.483
463.164
467.539
471.37
475.809
481.298
487.006
492.183
496.432
501.158
507.422
514.416
520.859
526.397
532.661
540.355
548.577
557.039
566.173
576.084
586.482
597.045
607.641
620.177
636.577
656.426
678.506
706.966
209.871
215.609
221.835
228.597
235.64
242.582
249.032
254.874
260.193
265.105
269.731
274.106
278.245
282.202
286.026
289.627
292.917
295.931
298.776
301.43
303.767
305.825
307.699
309.489
311.213
312.851
314.388
315.757
316.948
318.024
319.081
320.187
321.392
322.718
324.132
325.597
327.047
328.428
329.705
330.946
332.285
333.725
335.109
336.452
337.953
339.53
340.825
342.083
343.636
345.319
347.162
349.047
350.535
352.039
354.075
356.202
358.09
360.04
362.335
364.792
366.742
368.312
370.379
372.874
375.564
378.327
380.484
382.334
384.76
387.566
390.545
393.265
395.272
397.426
400.265
403.386
406.542
408.902
410.907
413.698
416.898
420.221
423.493
426.096
428.805
432.451
436.267
439.917
443.583
446.765
449.875
453.916
458.488
463.156
467.429
471.187
475.657
481.165
486.87
492.003
496.252
501.092
507.433
514.446
520.952
526.434
532.517
540.171
548.513
557.081
566.163
575.948
586.274
596.925
607.711
620.329
636.795
656.958
679.707
709.578
205.158
211.083
217.517
224.512
231.817
239.052
245.818
251.981
257.613
262.827
267.737
272.374
276.758
280.951
284.98
288.74
292.166
295.317
298.293
301.024
303.407
305.515
307.436
309.274
311.041
312.693
314.231
315.619
316.828
317.908
318.966
320.091
321.327
322.683
324.119
325.586
327.04
328.434
329.741
331.004
332.341
333.767
335.177
336.561
338.044
339.55
340.8
342.077
343.655
345.348
347.184
349.099
350.647
352.129
354.106
356.191
358.086
360.084
362.396
364.819
366.676
368.22
370.33
372.844
375.566
378.348
380.474
382.312
384.765
387.578
390.54
393.271
395.311
397.455
400.278
403.405
406.564
408.887
410.845
413.611
416.798
420.137
423.435
426.04
428.749
432.424
436.291
439.959
443.552
446.668
449.813
453.914
458.502
463.157
467.332
471.014
475.499
481.007
486.717
491.8
496.01
500.933
507.337
514.357
520.945
526.415
532.329
539.911
548.324
557.009
566.087
575.753
586.014
596.783
607.782
620.489
637.036
657.537
681.006
712.444
200.572
206.641
213.253
220.462
228.018
235.536
242.612
249.091
255.037
260.556
265.754
270.661
275.299
279.744
283.991
287.925
291.51
294.825
297.947
300.767
303.219
305.393
307.369
309.246
311.042
312.707
314.241
315.633
316.855
317.943
318.997
320.097
321.305
322.647
324.077
325.533
326.971
328.356
329.668
330.939
332.26
333.654
335.071
336.492
337.978
339.422
340.629
341.929
343.536
345.246
347.091
349.043
350.651
352.118
354.023
356.052
357.962
360.017
362.357
364.749
366.516
368.05
370.216
372.764
375.527
378.308
380.389
382.228
384.704
387.493
390.422
393.172
395.243
397.383
400.205
403.343
406.503
408.799
410.726
413.466
416.648
420.021
423.361
425.98
428.691
432.383
436.272
439.938
443.468
446.521
449.702
453.879
458.503
463.144
467.219
470.838
475.355
480.876
486.586
491.631
495.846
500.873
507.337
514.349
520.989
526.464
532.241
539.737
548.199
556.986
566.084
575.666
585.837
596.632
607.783
620.584
637.197
658.009
682.213
715.42
195.824
202.059
208.857
216.292
224.112
231.93
239.326
246.131
252.395
258.222
263.71
268.884
273.778
278.468
282.922
287.018
290.75
294.219
297.467
300.362
302.878
305.114
307.143
309.056
310.884
312.579
314.127
315.527
316.764
317.868
318.928
320.039
321.268
322.628
324.079
325.546
326.983
328.369
329.695
330.994
332.327
333.705
335.119
336.572
338.072
339.464
340.624
341.929
343.541
345.258
347.114
349.099
350.774
352.228
354.043
356.019
357.951
360.056
362.416
364.78
366.461
367.972
370.169
372.734
375.528
378.322
380.375
382.207
384.706
387.504
390.421
393.176
395.274
397.408
400.218
403.361
406.517
408.788
410.673
413.385
416.561
419.952
423.315
425.931
428.635
432.345
436.282
439.976
443.44
446.424
449.636
453.862
458.498
463.126
467.121
470.68
475.203
480.713
486.427
491.437
495.614
500.694
507.204
514.208
520.901
526.411
532.061
539.459
547.943
556.814
565.957
575.466
585.553
596.411
607.736
620.63
637.32
658.476
683.493
718.749
191.358
197.7
204.638
212.264
220.322
228.416
236.115
243.229
249.805
255.937
261.714
267.161
272.319
277.265
281.933
286.208
290.104
293.742
297.122
300.099
302.689
304.99
307.068
309.004
310.846
312.561
314.12
315.517
316.756
317.868
318.928
320.022
321.225
322.57
324.02
325.489
326.914
328.284
329.606
330.916
332.254
333.608
335.011
336.482
337.993
339.358
340.488
341.793
343.413
345.146
347.025
349.049
350.779
352.217
353.945
355.87
357.827
359.981
362.376
364.716
366.32
367.823
370.062
372.658
375.488
378.276
380.292
382.129
384.643
387.418
390.308
393.082
395.203
397.335
400.15
403.303
406.457
408.713
410.573
413.259
416.433
419.857
423.252
425.88
428.586
432.306
436.258
439.956
443.367
446.295
449.537
453.823
458.49
463.103
467.018
470.531
475.076
480.589
486.299
491.276
495.46
500.62
507.176
514.17
520.89
526.432
531.995
539.296
547.79
556.735
565.922
575.387
585.394
596.243
607.667
620.644
637.395
658.848
684.674
722.338
186.514
192.996
200.109
207.968
216.304
224.709
232.737
240.184
247.085
253.531
259.604
265.328
270.756
275.953
280.83
285.28
289.339
293.141
296.645
299.704
302.372
304.741
306.876
308.845
310.713
312.466
314.05
315.447
316.691
317.825
318.901
320.003
321.214
322.569
324.031
325.515
326.943
328.308
329.633
330.962
332.32
333.665
335.055
336.539
338.06
339.412
340.517
341.801
343.409
345.153
347.055
349.111
350.888
352.303
353.943
355.839
357.83
360.015
362.43
364.748
366.284
367.766
370.021
372.634
375.489
378.285
380.279
382.112
384.641
387.424
390.308
393.084
395.225
397.353
400.159
403.313
406.463
408.706
410.533
413.188
416.359
419.797
423.212
425.837
428.529
432.258
436.249
439.975
443.333
446.205
449.469
453.785
458.457
463.063
466.922
470.392
474.93
480.425
486.138
491.095
495.245
500.423
507.004
513.99
520.74
526.328
531.809
539.01
547.501
556.491
565.723
575.155
585.086
595.957
607.504
620.55
637.363
659.148
685.89
726.549
182.271
188.828
196.046
204.07
212.624
221.284
229.598
237.341
244.544
251.285
257.642
263.638
269.332
274.778
279.867
284.494
288.722
292.682
296.302
299.441
302.18
304.605
306.781
308.771
310.651
312.428
314.027
315.419
316.652
317.787
318.869
319.963
321.157
322.496
323.957
325.446
326.87
328.218
329.536
330.872
332.241
333.579
334.956
336.441
337.966
339.319
340.412
341.676
343.281
345.046
346.978
349.068
350.874
352.257
353.83
355.713
357.722
359.929
362.38
364.687
366.169
367.643
369.924
372.562
375.444
378.232
380.2
382.038
384.578
387.341
390.207
392.998
395.157
397.282
400.094
403.255
406.404
408.64
410.453
413.085
416.256
419.719
423.154
425.787
428.482
432.217
436.215
439.944
443.27
446.101
449.383
453.74
458.433
463.03
466.839
470.281
474.829
480.319
486.028
490.963
495.121
500.352
506.963
513.943
520.704
526.325
531.761
538.886
547.371
556.406
565.675
575.089
584.966
595.817
607.418
620.518
637.373
659.418
687.02
731.225
177.144
183.81
191.205
199.487
208.348
217.347
226.014
234.109
241.656
248.729
255.401
261.693
267.673
273.384
278.699
283.523
287.933
292.062
295.811
299.049
301.876
304.375
306.608
308.643
310.563
312.377
313.997
315.389
316.621
317.772
318.874
319.974
321.17
322.511
323.977
325.479
326.907
328.253
329.569
330.914
332.297
333.635
335.002
336.489
338.016
339.377
340.46
341.691
343.283
345.061
347.016
349.132
350.957
352.301
353.825
355.71
357.732
359.952
362.424
364.719
366.158
367.612
369.893
372.543
375.443
378.237
380.194
382.026
384.57
387.339
390.202
392.998
395.17
397.288
400.089
403.251
406.4
408.635
410.424
413.029
416.195
419.665
423.116
425.748
428.425
432.158
436.183
439.934
443.228
446.022
449.312
453.68
458.374
462.969
466.75
470.163
474.694
480.167
485.882
490.816
494.948
500.167
506.782
513.759
520.538
526.197
531.582
538.624
547.095
556.142
565.438
574.839
584.66
595.505
607.167
620.291
637.165
659.487
688.049
737.002
173.406
180.126
187.596
196.005
205.043
214.259
223.171
231.526
239.343
246.684
253.617
260.163
266.387
272.325
277.837
282.828
287.39
291.652
295.5
298.811
301.695
304.239
306.504
308.561
310.495
312.318
313.942
315.33
316.56
317.712
318.816
319.914
321.1
322.432
323.897
325.4
326.827
328.163
329.477
330.823
332.214
333.55
334.911
336.395
337.922
339.289
340.369
341.582
343.171
344.967
346.94
349.076
350.91
352.227
353.721
355.613
357.64
359.867
362.36
364.652
366.068
367.516
369.807
372.472
375.385
378.175
380.12
381.956
384.505
387.263
390.116
392.921
395.104
397.221
400.024
403.189
406.339
408.575
410.359
412.949
416.114
419.597
423.06
425.699
428.377
432.112
436.14
439.893
443.173
445.95
449.248
453.632
458.34
462.933
466.695
470.099
474.631
480.1
485.812
490.739
494.881
500.125
506.755
513.731
520.514
526.195
531.565
538.568
547.032
556.101
565.417
574.813
584.609
595.442
607.127
620.273
637.166
659.683
689.102
749.988
167.359
174.162
181.839
190.563
199.978
209.602
218.934
227.705
235.926
243.656
250.963
257.863
264.422
270.67
276.459
281.695
286.476
290.932
294.938
298.379
301.374
304.005
306.338
308.449
310.422
312.276
313.923
315.327
316.567
317.729
318.845
319.946
321.131
322.462
323.928
325.436
326.868
328.205
329.517
330.866
332.261
333.601
334.954
336.436
337.967
339.343
340.422
341.615
343.193
344.99
346.968
349.118
350.965
352.261
353.734
355.627
357.653
359.878
362.382
364.68
366.084
367.516
369.795
372.456
375.376
378.177
380.126
381.952
384.493
387.25
390.102
392.916
395.107
397.215
400.004
403.167
406.325
408.574
410.342
412.909
416.065
419.547
423.025
425.669
428.327
432.047
436.083
439.852
443.129
445.891
449.175
453.549
458.258
462.857
466.619
470.002
474.505
479.961
485.681
490.624
494.751
499.962
506.576
513.551
520.353
526.058
531.397
538.341
546.78
555.846
565.164
574.549
584.316
595.125
606.805
619.913
636.735
659.379
689.2
786.387
671.421
679.496
688.72
698.243
708.105
718.46
729.173
739.888
750.257
760.091
769.371
778.185
786.648
794.865
802.902
810.796
818.564
826.214
833.755
841.195
848.542
855.807
863.001
870.141
877.251
884.367
891.543
898.864
906.448
914.437
922.959
932.087
941.801
952.003
962.533
973.209
983.868
994.377
1004.64
1014.6
1024.24
1033.52
1042.46
1051.09
1059.44
1067.59
1075.67
1083.76
1092.02
1100.54
1109.39
1118.49
1127.65
1136.56
1144.85
1148.66
1146.82
1140.9
1127.66
1100.81
1048.97
954.961
804.336
599.881
429.326
378.93
395.348
415.068
422.6
416.935
408.47
397.435
385.305
374.702
370.049
379.278
346.455
602.991
36.9892
1350.68
671.66
679.775
689.036
698.589
708.469
718.835
729.56
740.292
750.686
760.556
769.879
778.743
787.26
795.532
803.625
811.576
819.401
827.11
834.708
842.204
849.607
856.924
864.171
871.36
878.519
885.679
892.898
900.257
907.876
915.896
924.446
933.595
943.329
953.548
964.09
974.774
985.435
995.935
1006.19
1016.12
1025.72
1034.97
1043.87
1052.44
1060.74
1068.83
1076.82
1084.85
1093.02
1101.45
1110.19
1119.18
1128.22
1136.97
1145.03
1148.67
1146.68
1140.5
1126.86
1099.39
1046.63
951.428
799.772
595.385
428.727
381.54
397.103
415.774
422.73
416.676
407.072
393.69
377.14
357.737
326.78
336.466
96.0102
416.775
1594.42
1741.42
671.996
680.158
689.471
699.066
708.98
719.373
730.127
740.897
751.347
761.288
770.697
779.654
788.273
796.65
804.851
812.912
820.848
828.668
836.378
843.985
851.495
858.918
866.264
873.55
880.798
888.042
895.338
902.765
910.444
918.514
927.105
936.287
946.056
956.31
966.881
977.588
988.26
998.763
1009
1018.92
1028.48
1037.67
1046.5
1054.98
1063.16
1071.14
1078.99
1086.87
1094.88
1103.14
1111.71
1120.5
1129.31
1137.76
1145.4
1148.68
1146.4
1139.73
1125.32
1096.71
1042.28
944.965
791.46
587.117
427.539
386.191
400.171
417.201
423.736
418.585
410.713
400.385
389.108
380.377
376.549
385.928
360.873
584.005
116.691
1336.64
672.484
680.717
690.113
699.789
709.769
720.213
731.018
741.848
752.376
762.416
771.941
781.028
789.785
798.306
806.656
814.869
822.961
830.937
838.803
846.565
854.228
861.799
869.288
876.71
884.085
891.446
898.848
906.372
914.133
922.275
930.927
940.169
949.987
960.274
970.873
981.599
992.282
1002.79
1013
1022.87
1032.37
1041.47
1050.18
1058.53
1066.55
1074.34
1082
1089.64
1097.43
1105.45
1113.75
1122.27
1130.74
1138.76
1145.73
1148.41
1145.68
1138.29
1122.82
1092.65
1035.97
935.806
779.918
575.946
426.22
392.741
404.33
418.772
424.387
419.809
412.594
402.929
392.507
385.695
384.652
394.726
379.445
623.506
43.8896
1394.35
672.997
681.305
690.799
700.577
710.648
721.171
732.05
742.966
753.601
763.773
773.45
782.707
791.644
800.353
808.895
817.304
825.596
833.774
841.842
849.804
857.662
865.422
873.093
880.686
888.221
895.728
903.261
910.896
918.752
926.968
935.677
944.967
954.835
965.172
975.813
986.57
997.265
1007.76
1017.94
1027.75
1037.15
1046.14
1054.69
1062.84
1070.65
1078.19
1085.58
1092.93
1100.41
1108.12
1116.1
1124.29
1132.43
1140.08
1146.08
1147.54
1143.93
1135.53
1118.95
1087.28
1028.27
925.07
766.777
563.837
425.262
400.38
409.341
420.765
425.259
421.369
415.017
406.131
396.609
389.533
386.318
403.422
370.27
641.435
70.4062
1452.06
673.686
682.086
691.702
701.61
711.8
722.426
733.404
744.43
755.198
765.53
775.393
784.852
794.006
802.939
811.713
820.359
828.888
837.307
845.615
853.813
861.902
869.886
877.77
885.564
893.285
900.964
908.648
916.417
924.384
932.691
941.475
950.829
960.745
971.116
981.774
992.532
1003.21
1013.66
1023.77
1033.48
1042.75
1051.55
1059.9
1067.81
1075.33
1082.56
1089.6
1096.57
1103.65
1110.94
1118.49
1126.25
1134.02
1141.59
1145.66
1145.05
1141.33
1132.53
1114.84
1081.12
1019.18
912.956
753.04
552.237
424.742
407.995
414.715
423.351
426.664
423.241
417.559
409.245
399.365
391.38
388.139
396.685
367.596
654.698
57.6468
1409.04
674.446
682.949
692.702
702.76
713.089
723.844
734.947
746.112
757.045
767.572
777.658
787.359
796.768
805.967
815.011
823.932
832.741
841.438
850.023
858.491
866.843
875.079
883.202
891.219
899.146
907.009
914.853
922.757
930.831
939.221
948.073
957.48
967.419
977.796
988.45
999.187
1009.82
1020.21
1030.22
1039.79
1048.88
1057.47
1065.54
1073.15
1080.32
1087.16
1093.76
1100.28
1106.86
1113.63
1120.63
1127.77
1134.82
1141.44
1144.67
1143.46
1138.87
1128.9
1109.6
1073.72
1009.07
900.399
739.872
542.715
425.547
415.477
420.769
427.437
429.738
426.483
421.304
413.557
403.807
393.758
384.117
392.994
283.752
665.513
545.19
1623.81
675.413
684.03
693.936
704.157
714.643
725.541
736.79
748.117
759.24
769.991
780.328
790.305
800.004
809.503
818.855
828.087
837.21
846.219
855.111
863.879
872.521
881.033
889.415
897.674
905.82
913.877
921.891
929.934
938.116
946.58
955.482
964.919
974.873
985.248
995.877
1006.57
1017.11
1027.38
1037.23
1046.59
1055.43
1063.72
1071.46
1078.68
1085.42
1091.78
1097.87
1103.83
1109.83
1115.99
1122.35
1128.79
1135.03
1140.54
1142.94
1141.19
1135.69
1124.45
1103.52
1065.54
998.374
887.599
727.088
534.593
426.834
422.139
426.914
432.645
434.314
430.852
425.324
416.447
403.369
385.402
359.233
319.301
177.243
148.695
1544
1720.06
676.441
685.186
695.256
705.657
716.318
727.383
738.802
750.319
761.665
772.672
783.298
793.587
803.614
813.454
823.153
832.735
842.207
851.564
860.795
869.892
878.849
887.657
896.316
904.826
913.198
921.454
929.636
937.815
946.104
954.656
963.619
973.045
982.944
993.233
1003.75
1014.32
1024.72
1034.8
1044.44
1053.55
1062.08
1070.01
1077.34
1084.1
1090.34
1096.13
1101.62
1106.95
1112.29
1117.77
1123.43
1129.13
1134.6
1138.83
1140.06
1137.71
1131.41
1119.17
1096.91
1057.05
987.592
875.118
715.11
527.615
428.083
427.593
432.554
438.398
440.249
437.035
432.161
425.046
415.539
404.978
396.766
394.709
380.112
554.116
129.25
1369.74
677.623
686.499
696.743
707.337
718.186
729.435
741.044
752.775
764.368
775.661
786.607
797.243
807.636
817.854
827.937
837.907
847.765
857.502
867.103
876.556
885.849
894.972
903.92
912.692
921.294
929.747
938.087
946.387
954.755
963.349
972.307
981.695
991.527
1001.72
1012.11
1022.51
1032.71
1042.53
1051.86
1060.61
1068.73
1076.2
1083.03
1089.23
1094.86
1100.01
1104.81
1109.42
1114
1118.71
1123.6
1128.58
1133.42
1136.3
1136.22
1133.44
1126.64
1113.59
1090.01
1048.34
976.837
863.126
703.97
521.488
429.016
431.701
437.555
444.459
446.827
443.595
438.831
432.326
423.955
416.222
411.73
414.806
406.434
622.828
82.7781
1361.63
678.812
687.837
698.276
709.085
720.149
731.61
743.44
755.416
767.292
778.906
790.211
801.233
812.034
822.672
833.181
843.58
853.861
864.011
874.013
883.846
893.496
902.949
912.195
921.23
930.059
938.699
947.189
955.599
964.052
972.699
981.611
990.886
1000.55
1010.53
1020.68
1030.81
1040.7
1050.18
1059.13
1067.44
1075.08
1082
1088.23
1093.79
1098.74
1103.17
1107.21
1111.03
1114.81
1118.69
1122.81
1127.07
1130.98
1133.07
1132.52
1129.05
1121.45
1107.48
1082.75
1039.55
966.296
851.515
693.283
516.1
429.445
434.457
442.45
451.139
453.895
450.264
445.413
439.206
431.698
425.587
422.733
427.326
413.549
643.29
42.5509
1374.91
680.13
689.317
699.969
711.014
722.317
734.013
746.088
758.334
770.518
782.483
794.179
805.625
816.872
827.968
838.943
849.804
860.542
871.136
881.562
891.796
901.817
911.607
921.151
930.445
939.489
948.299
956.914
965.411
973.905
982.499
991.292
1000.39
1009.83
1019.54
1029.39
1039.15
1048.65
1057.69
1066.13
1073.9
1080.93
1087.22
1092.76
1097.59
1101.78
1105.43
1108.67
1111.67
1114.62
1117.79
1121.23
1124.86
1127.75
1129.08
1128.34
1124.46
1116.25
1101.47
1075.62
1030.85
955.759
839.836
682.361
510.398
429.161
436.46
446.981
457.585
460.787
456.72
451.49
444.957
437.363
431.284
428.199
432.27
405.692
650.583
51.783
1393.3
681.483
690.857
701.754
713.07
724.646
736.611
748.961
761.509
774.031
786.382
798.506
810.413
822.146
833.74
845.217
856.578
867.803
878.867
889.737
900.386
910.785
920.913
930.751
940.288
949.525
958.475
967.174
975.717
984.223
992.727
1001.34
1010.17
1019.27
1028.58
1037.97
1047.26
1056.23
1064.71
1072.54
1079.66
1086
1091.56
1096.34
1100.4
1103.8
1106.63
1109.06
1111.3
1113.62
1116.2
1119.06
1122.08
1124.26
1124.91
1123.67
1119.54
1111.07
1095.7
1068.75
1022.31
945.212
827.928
670.941
504.285
428.611
438.095
450.988
463.384
467.119
462.673
456.876
449.744
441.698
434.386
429.861
432.614
401.151
651.072
66.1782
1401.99
682.977
692.555
703.723
715.343
727.222
739.484
752.137
765.008
777.895
790.659
803.242
815.645
827.898
840.027
852.041
863.93
875.669
887.222
898.551
909.621
920.398
930.855
940.97
950.731
960.137
969.206
977.997
986.581
994.964
1003.23
1011.52
1019.95
1028.59
1037.38
1046.22
1054.9
1063.24
1071.04
1078.16
1084.53
1090.1
1094.87
1098.85
1102.11
1104.71
1106.78
1108.55
1110.23
1112.01
1114.07
1116.47
1118.84
1120.55
1121.01
1119.44
1114.88
1105.92
1089.87
1061.83
1013.73
934.518
815.614
658.958
497.988
428.166
439.642
454.653
468.573
472.757
467.925
461.404
453.345
444.177
434.885
428.766
432.565
404.034
697.735
222.226
1480.29
684.502
694.319
705.802
717.769
729.997
742.595
755.583
768.813
782.098
795.308
808.385
821.322
834.133
846.831
859.414
871.859
884.133
896.189
907.984
919.471
930.616
941.382
951.747
961.693
971.218
980.335
989.121
997.644
1005.85
1013.82
1021.71
1029.62
1037.65
1045.78
1053.9
1061.84
1069.4
1076.4
1082.71
1088.27
1093.02
1096.98
1100.18
1102.68
1104.6
1106.13
1107.42
1108.64
1109.98
1111.63
1113.66
1115.54
1116.87
1117.23
1115.49
1110.59
1101.07
1084.18
1054.89
1004.92
923.37
802.671
646.332
491.637
428.077
441.3
458.099
473.193
477.668
472.523
465.434
456.673
446.654
435.934
424.121
423.346
315.807
695.91
1055.73
1741.35
686.149
696.227
708.059
720.416
733.032
746.003
759.363
772.983
786.696
800.385
813.988
827.49
840.892
854.191
867.368
880.391
893.211
905.776
918.03
929.922
941.411
952.457
963.031
973.119
982.723
991.895
1000.67
1008.95
1016.81
1024.32
1031.64
1038.89
1046.16
1053.48
1060.74
1067.81
1074.48
1080.6
1086.04
1090.76
1094.7
1097.89
1100.38
1102.31
1103.77
1104.92
1105.85
1106.76
1107.83
1109.18
1110.91
1112.44
1113.48
1113.63
1111.69
1106.5
1096.43
1078.59
1047.85
995.803
911.764
789.158
633.218
485.538
428.722
443.335
461.463
477.275
481.814
476.363
468.621
458.679
446.284
430.062
406.444
355.387
283.625
90.5225
1466.48
1649.53
687.823
698.201
710.429
723.227
736.284
749.68
763.457
777.511
791.695
805.899
820.065
834.168
848.193
862.12
875.914
889.527
902.898
915.963
928.66
940.929
952.723
964
974.73
984.9
994.526
1003.65
1012.22
1020.16
1027.53
1034.44
1041.03
1047.45
1053.83
1060.19
1066.48
1072.58
1078.3
1083.5
1088.09
1092
1095.21
1097.77
1099.78
1101.32
1102.48
1103.37
1104.12
1104.85
1105.74
1106.92
1108.35
1109.59
1110.4
1110.28
1108.03
1102.45
1091.79
1073
1040.68
986.384
899.653
774.959
619.399
479.602
430.166
445.701
464.577
480.671
485.201
479.747
472.035
462.361
451.023
438.355
424.886
413.911
400.285
510.448
94.5508
1422.37
689.61
700.312
712.974
726.26
739.808
753.679
767.925
782.46
797.155
811.913
826.677
841.412
856.085
870.661
885.083
899.288
913.201
926.746
939.851
952.451
964.493
975.93
986.73
996.876
1006.42
1015.39
1023.62
1031.08
1037.82
1043.96
1049.66
1055.09
1060.42
1065.71
1070.95
1076.02
1080.79
1085.13
1088.92
1092.14
1094.8
1096.94
1098.63
1099.95
1100.95
1101.73
1102.38
1103.04
1103.83
1104.87
1106.01
1106.94
1107.56
1107.13
1104.51
1098.47
1087.15
1067.32
1033.39
976.694
887.102
760.168
604.993
474.19
432.87
448.607
467.417
483.319
487.793
482.494
474.963
465.5
454.546
442.747
431.731
427.762
423.346
634.074
234.259
1428.29
691.421
702.491
715.642
729.477
743.579
757.991
772.769
787.845
803.107
818.465
833.863
849.257
864.602
879.838
894.89
909.676
924.106
938.093
951.554
964.419
976.63
988.143
998.938
1009.04
1018.44
1026.97
1034.58
1041.33
1047.26
1052.48
1057.16
1061.5
1065.69
1069.87
1074.05
1078.15
1082.04
1085.62
1088.79
1091.51
1093.8
1095.69
1097.22
1098.43
1099.37
1100.11
1100.74
1101.35
1102.06
1103.05
1103.81
1104.36
1104.84
1104.12
1101.11
1094.58
1082.54
1061.59
1025.91
966.644
873.989
744.569
589.61
469.101
436.68
451.646
469.489
484.874
489.457
484.57
477.507
468.525
458.242
447.84
441.828
443.688
443.906
632.488
180.524
1494.25
693.348
704.817
718.5
732.939
747.661
762.68
778.058
793.74
809.624
825.629
841.696
857.775
873.802
889.697
905.364
920.701
935.603
949.97
963.711
976.75
989.027
1000.5
1011.16
1021.04
1030.01
1037.94
1044.82
1050.67
1055.6
1059.74
1063.28
1066.46
1069.52
1072.62
1075.84
1079.11
1082.31
1085.32
1088.04
1090.45
1092.53
1094.31
1095.76
1096.93
1097.85
1098.57
1099.17
1099.74
1100.38
1101.24
1101.75
1101.98
1102.2
1101.21
1097.86
1090.81
1078
1055.84
1018.28
956.324
860.543
728.641
573.892
464.829
441.842
454.892
470.835
485.48
490.39
486.06
479.44
470.577
459.939
448.076
434.724
417.678
327.823
374.883
1255.6
1590.17
695.31
707.23
721.509
736.624
752.045
767.755
783.816
800.181
816.756
833.459
850.232
867.012
883.723
900.26
916.508
932.346
947.65
962.309
976.224
989.313
1001.51
1012.78
1023.15
1032.61
1040.93
1048.02
1053.92
1058.71
1062.5
1065.48
1067.86
1069.91
1071.92
1074.11
1076.57
1079.22
1081.92
1084.54
1086.98
1089.21
1091.2
1092.91
1094.34
1095.5
1096.39
1097.08
1097.63
1098.15
1098.72
1099.45
1099.75
1099.78
1099.73
1098.44
1094.71
1087.12
1073.49
1050.03
1010.45
945.604
846.545
712.075
557.735
461.04
447.782
458.201
471.839
485.566
490.722
486.934
480.748
472.145
461.864
451.181
443.767
442.679
428.305
610.339
76.7347
1386.54
697.395
709.802
724.735
740.599
756.801
773.291
790.121
807.251
824.586
842.04
859.548
877.038
894.416
911.558
928.329
944.586
960.192
975.023
988.973
1001.96
1013.94
1024.91
1034.85
1043.47
1050.77
1056.77
1061.53
1065.13
1067.75
1069.57
1070.86
1071.94
1073.13
1074.66
1076.6
1078.85
1081.22
1083.59
1085.87
1088
1089.91
1091.59
1093
1094.11
1094.95
1095.59
1096.08
1096.56
1097.09
1097.68
1097.83
1097.7
1097.41
1095.81
1091.67
1083.49
1068.99
1044.18
1002.5
934.764
832.661
696.215
543.728
458.598
453.468
461.984
474.006
486.811
491.757
488.092
481.956
473.32
463.068
452.844
447.337
450.374
450.945
660.067
212.581
1413.07
699.522
712.478
728.146
744.853
761.939
779.315
797.019
815.009
833.18
851.439
869.707
887.902
905.911
923.594
940.798
957.361
973.129
987.973
1001.78
1014.48
1026.05
1036.46
1045.5
1053.07
1059.18
1063.92
1067.41
1069.8
1071.28
1072.09
1072.52
1072.9
1073.54
1074.67
1076.3
1078.28
1080.44
1082.64
1084.79
1086.83
1088.69
1090.32
1091.66
1092.71
1093.51
1094.09
1094.54
1094.99
1095.49
1095.98
1095.98
1095.72
1095.21
1093.28
1088.7
1079.91
1064.46
1038.17
994.239
923.412
818.168
679.858
530.496
456.151
457.955
466.067
477.399
489.121
493.228
489.238
482.873
474.166
463.933
453.785
448.676
453.196
461.491
689.316
230.669
1459.81
701.781
715.339
731.819
749.465
767.544
785.918
804.606
823.551
842.636
861.746
880.786
899.657
918.233
936.36
953.866
970.574
986.322
1000.97
1014.41
1026.59
1037.48
1046.94
1054.79
1061.06
1065.81
1069.22
1071.45
1072.73
1073.28
1073.35
1073.22
1073.22
1073.59
1074.49
1075.92
1077.7
1079.68
1081.73
1083.76
1085.7
1087.48
1089.03
1090.31
1091.31
1092.05
1092.6
1093.04
1093.48
1093.99
1094.35
1094.18
1093.83
1093.11
1090.86
1085.84
1076.39
1059.93
1032.09
985.803
911.866
803.581
663.783
519.991
454.526
460.511
470.648
482.423
492.495
494.854
490.292
483.585
474.661
463.968
452.54
443.011
446.303
442.388
714.343
260.298
1543.48
704.103
718.344
735.742
754.45
773.654
793.161
812.954
832.956
853.029
873.026
892.829
912.321
931.364
949.792
967.421
984.064
999.552
1013.74
1026.55
1037.94
1047.81
1055.93
1062.33
1067.11
1070.45
1072.59
1073.75
1074.19
1074.11
1073.78
1073.41
1073.26
1073.5
1074.25
1075.49
1077.1
1078.91
1080.82
1082.74
1084.56
1086.24
1087.71
1088.93
1089.89
1090.61
1091.15
1091.59
1092.03
1092.6
1092.77
1092.39
1092
1091.07
1088.5
1083.01
1072.88
1055.35
1025.75
976.846
899.469
787.985
647.439
510.806
453.235
462.366
475.072
487.597
495.632
495.925
491.324
484.696
475.775
464.856
452.821
440.342
442.969
345.272
726.693
623.932
1651.8
706.596
721.588
740.009
759.909
780.379
801.155
822.177
843.335
864.452
885.347
905.871
925.888
945.249
963.78
981.293
997.598
1012.53
1025.95
1037.85
1048.13
1056.51
1063.02
1067.8
1071.11
1073.21
1074.35
1074.76
1074.68
1074.31
1073.83
1073.4
1073.18
1073.33
1073.94
1075.02
1076.46
1078.12
1079.88
1081.65
1083.36
1084.96
1086.36
1087.55
1088.49
1089.2
1089.73
1090.17
1090.63
1091.25
1091.23
1090.63
1090.2
1089.11
1086.22
1080.24
1069.38
1050.73
1019.36
967.793
886.961
772.373
631.69
502.322
452.429
463.772
478.312
491.573
497.583
495.928
491.625
485.174
476
463.67
446.569
410.799
358.894
23.2295
417.756
1418.73
1583.63
709.188
725.042
744.626
765.879
787.784
809.987
832.367
854.766
876.962
898.732
919.891
940.281
959.747
978.118
995.206
1010.83
1024.85
1037.24
1047.89
1056.43
1062.99
1067.78
1071.11
1073.24
1074.44
1074.94
1074.97
1074.68
1074.23
1073.74
1073.3
1073.01
1073.05
1073.51
1074.44
1075.73
1077.24
1078.87
1080.52
1082.14
1083.66
1085.02
1086.18
1087.11
1087.82
1088.35
1088.79
1089.25
1089.87
1089.74
1089
1088.46
1087.15
1083.92
1077.42
1065.79
1045.89
1012.56
958.053
873.683
756.329
615.618
494.623
452.783
465.409
480.807
494.117
498.792
496.005
491.659
485.385
476.736
465.482
451.168
429.177
424.922
277.295
585.549
377.504
1376.04
711.991
728.808
749.711
772.496
796.015
819.805
843.659
867.356
890.622
913.185
934.824
955.36
974.638
992.497
1008.78
1023.33
1036.13
1047.04
1055.72
1062.34
1067.16
1070.51
1072.7
1074.02
1074.71
1074.93
1074.82
1074.49
1074.05
1073.54
1073.04
1072.66
1072.58
1072.93
1073.71
1074.87
1076.26
1077.78
1079.33
1080.86
1082.33
1083.66
1084.8
1085.73
1086.43
1086.96
1087.4
1087.85
1088.44
1088.26
1087.43
1086.74
1085.19
1081.6
1074.6
1062.17
1041.03
1005.75
948.292
860.289
740.225
599.52
487.804
454.104
466.787
481.993
494.893
499.003
495.693
490.991
484.822
476.948
467.415
456.745
445.564
454.754
411.337
647.991
180.513
1348.85
714.928
732.87
755.297
779.84
805.187
830.733
856.16
881.171
905.433
928.629
950.499
970.855
989.548
1006.44
1021.42
1034.47
1045.51
1054.27
1060.92
1065.79
1069.21
1071.53
1073.04
1073.96
1074.46
1074.61
1074.51
1074.2
1073.73
1073.16
1072.56
1072.07
1071.88
1072.15
1072.86
1073.92
1075.21
1076.63
1078.1
1079.58
1081
1082.31
1083.43
1084.35
1085.04
1085.57
1086.02
1086.45
1087
1086.76
1085.87
1085.02
1083.22
1079.25
1071.66
1058.32
1035.76
998.283
937.747
846.33
723.719
583.46
482.032
456.665
468.419
482.569
494.782
498.567
495.014
490.083
483.999
476.852
468.968
461.66
457.503
467.992
466.454
657.438
196.969
1322.7
718.134
737.368
761.554
788.11
815.51
842.963
870.015
896.279
921.365
944.912
966.639
986.358
1003.96
1019.38
1032.68
1043.76
1052.46
1059.01
1063.82
1067.32
1069.8
1071.57
1072.79
1073.58
1074.03
1074.19
1074.07
1073.72
1073.16
1072.49
1071.78
1071.2
1070.94
1071.16
1071.81
1072.8
1074
1075.35
1076.76
1078.19
1079.56
1080.84
1081.96
1082.87
1083.57
1084.09
1084.54
1084.97
1085.46
1085.17
1084.23
1083.24
1081.2
1076.87
1068.72
1054.53
1030.58
990.89
927.141
832.216
706.881
567.288
476.815
459.702
469.63
482.07
493.437
497.081
493.512
488.511
482.528
476.007
469.568
465.413
465.135
475.304
487.429
669.026
196.877
1320.02
721.538
742.319
768.584
797.467
827.161
856.643
885.3
912.649
938.25
961.715
982.757
1001.21
1017.01
1030.29
1041.18
1049.69
1056.12
1060.92
1064.53
1067.27
1069.37
1070.97
1072.14
1072.96
1073.42
1073.56
1073.37
1072.93
1072.27
1071.51
1070.74
1070.13
1069.86
1070.05
1070.65
1071.58
1072.73
1074
1075.36
1076.74
1078.09
1079.35
1080.46
1081.37
1082.07
1082.59
1083.03
1083.45
1083.87
1083.52
1082.54
1081.4
1079.08
1074.32
1065.53
1050.31
1024.75
982.629
915.688
817.672
690.175
552.128
472.491
463.1
471.047
481.682
491.959
495.204
491.567
486.536
480.682
474.674
469.576
467.466
469.208
479.548
491.605
666.437
174.827
1316.04
725.317
747.934
776.65
808.201
840.408
871.962
902.074
930.172
955.778
978.508
998.141
1014.66
1028.23
1038.99
1047.11
1053.12
1057.73
1061.39
1064.38
1066.82
1068.8
1070.36
1071.5
1072.25
1072.62
1072.62
1072.29
1071.71
1070.96
1070.13
1069.34
1068.71
1068.44
1068.62
1069.19
1070.06
1071.16
1072.39
1073.69
1075.04
1076.36
1077.6
1078.7
1079.62
1080.33
1080.86
1081.3
1081.72
1082.06
1081.63
1080.62
1079.37
1076.8
1071.68
1062.31
1046.16
1019.02
974.381
904.005
802.403
672.645
537.374
467.992
465.088
471.511
480.62
489.658
492.329
488.688
483.728
478.107
472.588
468.784
468.03
470.706
481.26
489.679
661.817
159.477
1315.35
729.435
754.309
785.949
820.54
855.426
888.972
920.208
948.488
973.326
994.366
1011.47
1024.8
1035.01
1042.77
1048.61
1053.17
1056.96
1060.24
1063.11
1065.57
1067.63
1069.23
1070.37
1071.05
1071.31
1071.2
1070.78
1070.15
1069.38
1068.53
1067.74
1067.13
1066.85
1067.03
1067.59
1068.43
1069.48
1070.67
1071.94
1073.24
1074.54
1075.78
1076.87
1077.8
1078.51
1079.04
1079.49
1079.94
1080.16
1079.6
1078.58
1077.17
1074.32
1068.71
1058.62
1041.33
1012.45
965.314
891.879
787.101
655.423
523.921
463.229
465.202
471.443
479.569
486.846
488.357
484.73
480.041
474.784
469.657
466.685
466.689
469.776
480.13
484.277
658.815
146.843
1314.43
734.156
761.79
796.861
834.806
872.398
907.643
939.373
966.909
989.916
1008.35
1022.56
1033.06
1040.16
1044.95
1048.96
1052.67
1056.16
1059.35
1062.18
1064.57
1066.49
1067.9
1068.82
1069.29
1069.38
1069.14
1068.63
1067.96
1067.15
1066.3
1065.5
1064.89
1064.63
1064.81
1065.35
1066.18
1067.19
1068.35
1069.6
1070.9
1072.19
1073.41
1074.52
1075.45
1076.17
1076.71
1077.18
1077.69
1077.73
1076.98
1076.03
1074.58
1071.5
1065.49
1054.75
1036.36
1005.6
955.511
878.286
769.87
636.378
510.071
456.724
461.767
469.027
476.476
481.981
482.381
478.942
474.704
469.983
465.424
463.067
463.582
466.958
476.988
477.883
655.198
145.209
1313.7
739.573
770.652
809.69
851.158
891.233
927.576
958.767
983.999
1003.12
1016.73
1026.01
1032.6
1037.77
1042.19
1046.27
1050.18
1053.85
1057.19
1060.08
1062.44
1064.27
1065.59
1066.42
1066.85
1066.9
1066.64
1066.12
1065.44
1064.62
1063.77
1062.97
1062.38
1062.14
1062.34
1062.89
1063.71
1064.71
1065.85
1067.07
1068.35
1069.63
1070.85
1071.96
1072.9
1073.63
1074.18
1074.65
1075.24
1075.09
1074.14
1073.22
1071.63
1068.24
1061.7
1050.16
1030.63
998.189
945.672
865.089
753.063
617.439
496.367
449.555
456.372
464.538
470.979
474.317
473.582
470.54
466.857
462.608
458.45
456.454
457.33
460.956
470.789
468.847
650.902
153.691
1314.46
746.12
781.421
824.932
869.854
911.666
947.849
977.138
999.115
1014.32
1024.22
1030.03
1033.63
1037.03
1040.7
1044.52
1048.26
1051.7
1054.74
1057.31
1059.38
1060.98
1062.12
1062.83
1063.17
1063.15
1062.82
1062.25
1061.53
1060.69
1059.82
1059.04
1058.49
1058.29
1058.5
1059.08
1059.9
1060.89
1062.02
1063.26
1064.55
1065.84
1067.07
1068.2
1069.15
1069.89
1070.45
1070.95
1071.54
1071.3
1070.27
1069.34
1067.65
1064.02
1057.02
1044.65
1023.64
988.83
932.976
848.24
732.115
594.382
479.054
438.709
446.285
454.874
461.271
463.476
461.978
459.26
456.024
452.26
448.638
447.081
448.206
451.888
461.555
457.79
647.516
190.026
1318.28
753.726
793.9
842.443
890.952
933.162
965.701
988.222
1002.76
1011.82
1017.74
1022.43
1026.94
1031.63
1036.35
1040.75
1044.64
1048.02
1050.91
1053.36
1055.37
1056.96
1058.1
1058.83
1059.18
1059.14
1058.79
1058.2
1057.44
1056.57
1055.69
1054.91
1054.37
1054.21
1054.46
1055.04
1055.85
1056.84
1057.96
1059.18
1060.47
1061.75
1062.99
1064.11
1065.06
1065.81
1066.38
1066.87
1067.45
1067.15
1066.05
1065
1063.1
1059.13
1051.66
1038.59
1016.57
980.154
921.663
833.184
712.642
571.456
460.479
425.609
432.777
440.285
445.505
446.623
444.724
442.169
439.138
435.667
432.412
431.2
432.609
436.402
445.933
439.475
641.775
235.852
1339.09
762.606
807.058
860.356
913.248
957.286
986.962
1001.09
1005.72
1009.03
1013.17
1018.12
1023.11
1027.38
1030.88
1034.08
1037.18
1040.17
1042.93
1045.36
1047.38
1048.93
1050.02
1050.67
1050.94
1050.86
1050.49
1049.88
1049.12
1048.27
1047.43
1046.71
1046.24
1046.16
1046.47
1047.1
1047.96
1048.98
1050.13
1051.4
1052.72
1054.06
1055.34
1056.52
1057.51
1058.29
1058.89
1059.41
1060
1059.7
1058.6
1057.48
1055.38
1051.04
1042.87
1028.58
1004.56
965.199
902.522
808.794
682.595
537.99
431.548
402.63
409.914
417.869
423.388
424.173
421.893
419.202
416.172
412.915
410.038
409.151
410.655
414.184
422.682
410.489
624.803
281.713
1387.7
777.644
823.63
875.147
922.548
959.569
982.122
992.512
997.188
1001.32
1006.26
1011.97
1017.63
1022.55
1026.56
1029.95
1033.08
1036.02
1038.72
1041.1
1043.06
1044.57
1045.62
1046.24
1046.47
1046.34
1045.88
1045.18
1044.32
1043.36
1042.42
1041.63
1041.12
1041.01
1041.28
1041.86
1042.67
1043.65
1044.77
1045.98
1047.26
1048.54
1049.79
1050.92
1051.88
1052.62
1053.19
1053.67
1054.21
1053.84
1052.67
1051.43
1049.13
1044.54
1036
1021.15
996.24
955.254
889.747
791.634
658.979
505.827
396.512
369.451
374.92
381.692
386.841
387.442
384.799
381.804
378.536
375.145
372.266
371.51
373.118
376.181
381.922
342.185
565.209
333.849
1494.17
817.546
872.047
919.594
936.478
935.194
938.441
945.58
955.451
965.268
972.772
977.201
980.367
983.927
987.765
991.561
995.057
998.126
1000.78
1003.04
1004.94
1006.48
1007.65
1008.43
1008.82
1008.84
1008.54
1008
1007.31
1006.56
1005.84
1005.29
1005.04
1005.2
1005.73
1006.54
1007.56
1008.76
1010.1
1011.55
1013.07
1014.6
1016.08
1017.45
1018.63
1019.58
1020.36
1021.05
1021.75
1021.48
1020.34
1018.96
1016.24
1010.83
1000.94
983.911
955.469
908.835
834.725
724.785
576.479
413.19
303.043
279.683
288.027
297.737
304.32
304.44
300.958
297.266
293.362
289.505
286.654
286.763
289.629
293.286
298.324
243.484
309.658
933.375
1581.46
)
;

boundaryField
{
    inlet
    {
        type            calculated;
        value           nonuniform List<scalar> 
40
(
301.963
301.678
301.137
300.36
299.361
298.132
296.68
295.002
293.107
290.996
288.674
286.142
283.406
280.469
277.34
274.025
270.533
266.875
263.062
259.104
255.016
250.807
246.496
242.091
237.613
233.068
228.48
223.842
219.2
214.514
209.871
205.158
200.572
195.824
191.358
186.514
182.271
177.144
173.406
167.359
)
;
    }
    outlet
    {
        type            calculated;
        value           nonuniform List<scalar> 
40
(
1350.68
1741.42
1336.64
1394.35
1452.06
1409.04
1623.81
1720.06
1369.74
1361.63
1374.91
1393.3
1401.99
1480.29
1741.35
1649.53
1422.37
1428.29
1494.25
1590.17
1386.54
1413.07
1459.81
1543.48
1651.8
1583.63
1376.04
1348.85
1322.7
1320.02
1316.04
1315.35
1314.43
1313.7
1314.46
1318.28
1339.09
1387.7
1494.17
1581.46
)
;
    }
    axis
    {
        type            symmetryPlane;
    }
    wall
    {
        type            calculated;
        value           nonuniform List<scalar> 
200
(
167.359
174.161
181.837
190.561
199.975
209.599
218.932
227.703
235.923
243.654
250.961
257.861
264.42
270.668
276.457
281.694
286.475
290.93
294.937
298.378
301.373
304.004
306.337
308.448
310.42
312.275
313.922
315.326
316.566
317.728
318.844
319.945
321.131
322.462
323.927
325.435
326.867
328.204
329.516
330.865
332.26
333.6
334.953
336.435
337.966
339.342
340.421
341.614
343.192
344.989
346.967
349.118
350.964
352.26
353.733
355.627
357.652
359.877
362.38
364.679
366.082
367.515
369.794
372.455
375.375
378.176
380.125
381.951
384.492
387.249
390.101
392.915
395.106
397.214
400.003
403.165
406.324
408.572
410.341
412.907
416.063
419.546
423.023
425.667
428.325
432.046
436.082
439.851
443.127
445.889
449.173
453.548
458.256
462.855
466.616
470
474.503
479.959
485.679
490.622
494.748
499.96
506.574
513.549
520.35
526.055
531.394
538.338
546.778
555.844
565.162
574.546
584.313
595.122
606.801
619.908
636.729
659.369
689.165
786.063
781.857
849.843
910.217
934.272
934.676
938.105
945.096
954.845
964.711
972.387
976.977
980.218
983.8
987.64
991.441
994.946
998.028
1000.69
1002.96
1004.87
1006.42
1007.59
1008.37
1008.76
1008.78
1008.49
1007.96
1007.27
1006.52
1005.81
1005.26
1005.01
1005.17
1005.71
1006.52
1007.54
1008.74
1010.08
1011.53
1013.05
1014.58
1016.07
1017.43
1018.61
1019.56
1020.34
1021.04
1021.73
1021.46
1020.32
1018.95
1016.23
1010.82
1000.93
983.907
955.468
908.835
834.723
724.768
576.416
413.124
302.966
279.503
287.93
297.68
304.285
304.416
300.935
297.245
293.344
289.487
286.634
286.74
289.61
293.275
298.322
243.372
305.647
862.594
1581.43
)
;
    }
    frontAndBack
    {
        type            empty;
    }
}


// ************************************************************************* //
