#           x             T        mag(U)             p
     -1.17952       1801.47       266.065        200571
      -1.1626        1802.9       267.705        201129
     -1.14584        1804.5       269.121        201751
     -1.12926       1806.36       270.047        202478
     -1.11284       1808.22       270.763        203209
     -1.09658       1810.11       271.172        203950
     -1.08049       1811.99       271.309        204691
     -1.06456       1813.87        271.22        205435
      -1.0488       1815.77       270.984        206189
     -1.03319       1817.67       270.698        206951
     -1.01773       1819.56       270.446        207710
     -1.00244       1821.39       270.286        208450
    -0.987294       1823.14        270.25        209161
    -0.972304       1824.81       270.335        209842
    -0.957464       1826.42       270.514        210503
    -0.942774       1828.01        270.75        211152
    -0.928232       1829.59       271.017        211793
    -0.913836       1831.16       271.307        212422
    -0.899585       1832.67       271.631        213025
    -0.885477       1834.09       272.005        213589
    -0.871511        1835.4       272.444        214104
    -0.857686       1836.58       272.953        214568
    -0.844001       1837.65        273.53        214988
    -0.830453       1838.63       274.171        215373
    -0.817041       1839.54       274.878        215734
    -0.803764        1840.4       275.662        216076
    -0.790621       1841.21       276.549        216401
    -0.777611       1841.97       277.566        216710
    -0.764731       1842.69       278.734        217008
    -0.751981       1843.39       280.054        217303
    -0.739359        1844.1       281.513        217605
    -0.726864       1844.83       283.101        217916
    -0.714496       1845.56       284.825        218230
    -0.702251       1846.27         286.7        218532
     -0.69013       1846.94       288.728        218811
    -0.678131       1847.56       290.882        219067
    -0.666253       1848.16       293.109        219310
    -0.654494       1848.78       295.353        219555
    -0.642853       1849.42       297.576        219809
     -0.63133       1850.08       299.783        220067
    -0.619923        1850.7       302.009        220315
    -0.608631       1851.26       304.294        220540
    -0.597452       1851.76       306.654        220740
    -0.586386       1852.21       309.078        220927
    -0.575431       1852.66       311.547        221115
    -0.564586       1853.12       314.046        221314
    -0.553851       1853.62       316.569        221526
    -0.543224       1854.12       319.124        221742
    -0.532704       1854.61       321.727        221950
    -0.522289       1855.03       324.395        222135
     -0.51198       1855.37       327.129        222285
    -0.501774       1855.62       329.913        222399
    -0.491671        1855.8        332.73        222482
    -0.481669       1855.92       335.561        222542
    -0.471769       1856.02       338.384        222588
    -0.461968        1856.1       341.185        222627
    -0.452265       1856.18       343.962        222665
    -0.442661       1856.26       346.727        222701
    -0.433153       1856.34       349.501        222733
     -0.42374       1856.39       352.292        222753
    -0.414423       1856.41       355.107        222759
    -0.405199       1856.38       357.962        222747
    -0.396068       1856.31       360.872        222714
    -0.387029       1856.17       363.843        222658
    -0.378081       1855.97       366.882        222577
    -0.369223       1855.71        369.99        222472
    -0.360455       1855.41       373.152        222349
    -0.351774        1855.1        376.35        222216
    -0.343181       1854.77        379.58        222077
    -0.334675       1854.45        382.85        221928
    -0.326254       1854.09       386.169        221766
    -0.317917       1853.71       389.534        221588
    -0.309665       1853.31       392.927        221397
    -0.301496        1852.9       396.327        221201
    -0.293409       1852.47       399.734        220999
    -0.285403       1852.01       403.169        220784
    -0.277479       1851.49       406.673        220543
    -0.269633       1850.87       410.276        220266
    -0.261867       1850.18       413.972        219959
    -0.254179       1849.45       417.719        219640
    -0.246568       1848.74       421.467        219329
    -0.239034       1848.07       425.201        219035
    -0.231576       1847.43       428.949        218752
    -0.224193       1846.77        432.76        218463
    -0.216884       1846.06        436.67        218154
    -0.209649       1845.28       440.697        217816
    -0.202487       1844.44       444.833        217450
    -0.195396       1843.53        449.06        217063
    -0.188377       1842.59       453.347        216661
    -0.181429       1841.62        457.66        216249
    -0.174551       1840.63       461.965        215838
    -0.167742       1839.67       466.233        215439
    -0.161001       1838.76       470.443        215062
    -0.154328       1837.89       474.592        214711
    -0.147723       1837.07       478.716        214375
    -0.141184       1836.22       482.892        214033
    -0.134711       1835.26       487.221        213649
    -0.128303       1834.12        491.81        213189
    -0.121959       1832.71        496.75        212619
     -0.11568       1830.97       502.101        211916
    -0.109463       1828.86       507.886        211067
    -0.103309       1826.39       514.109        210070
   -0.0972172       1823.54        520.76        208926
   -0.0911866       1820.35       527.799        207650
   -0.0852167       1816.86       535.179        206264
   -0.0793069       1813.12       542.872        204784
   -0.0734566       1809.15       550.879        203220
   -0.0676652       1804.93       559.231        201571
   -0.0619321       1800.44       567.982        199824
   -0.0562566       1795.61       577.211        197960
   -0.0506383       1790.37       587.016        195952
   -0.0450766       1784.64       597.503        193771
   -0.0395709       1778.31         608.8        191381
   -0.0341206       1771.25       621.053        188743
   -0.0287251        1763.3       634.446        185804
    -0.023384       1754.27       649.188        182507
   -0.0180966       1743.91       665.553        178776
   -0.0128624       1731.92       683.855        174527
  -0.00768098        1717.9       704.438        169658
  -0.00255168       1702.94       725.735        164552
  0.000439078       1692.63       740.183        161080
   0.00132501       1687.95       746.652        159522
   0.00222662       1684.34       751.535        158333
   0.00314419        1680.6       756.551        157109
   0.00407801       1676.73       761.702        155850
   0.00502836       1672.65       767.089        154528
   0.00599553       1668.27       772.791        153122
   0.00697982       1663.66       778.749        151648
   0.00798154       1658.86        784.88        150127
     0.009001       1653.88       791.184        148559
    0.0100385       1648.66       797.727        146927
    0.0110944       1643.13       804.549        145214
    0.0121689       1637.28       811.675        143417
    0.0132625        1631.1       819.142        141536
    0.0143754       1624.61       826.937        139582
    0.0155081       1617.84       835.047        137561
    0.0166608       1610.78        843.46        135477
