/*--------------------------------*- C++ -*----------------------------------*\
  =========                 |
  \\      /  F ield         | OpenFOAM: The Open Source CFD Toolbox
   \\    /   O peration     | Website:  https://openfoam.org
    \\  /    A nd           | Version:  13
     \\/     M anipulation  |
\*---------------------------------------------------------------------------*/
FoamFile
{
    format      ascii;
    class       volScalarField;
    location    "0.012";
    object      T;
}
// * * * * * * * * * * * * * * * * * * * * * * * * * * * * * * * * * * * * * //

dimensions      [0 0 0 1 0 0 0];

internalField   nonuniform List<scalar> 
8000
(
1801.05
1799.97
1800.08
1800.07
1800.03
1799.96
1799.88
1799.79
1799.71
1799.62
1799.55
1799.48
1799.41
1799.34
1799.27
1799.19
1799.1
1799.02
1798.93
1798.86
1798.8
1798.75
1798.7
1798.65
1798.59
1798.5
1798.39
1798.24
1798.05
1797.83
1797.59
1797.32
1797.05
1796.76
1796.48
1796.19
1795.9
1795.6
1795.29
1794.97
1794.63
1794.26
1793.88
1793.48
1793.06
1792.63
1792.18
1791.72
1791.25
1790.76
1790.25
1789.73
1789.19
1788.62
1788.02
1787.4
1786.75
1786.08
1785.38
1784.67
1783.93
1783.18
1782.41
1781.62
1780.81
1779.98
1779.12
1778.23
1777.31
1776.36
1775.37
1774.33
1773.26
1772.14
1770.98
1769.78
1768.54
1767.25
1765.91
1764.53
1763.1
1761.62
1760.09
1758.5
1756.85
1755.14
1753.36
1751.51
1749.59
1747.59
1745.5
1743.32
1741.05
1738.68
1736.21
1733.62
1730.92
1728.09
1725.12
1722.01
1718.75
1715.31
1711.7
1707.88
1703.85
1699.56
1695.02
1690.16
1684.99
1679.4
1673.43
1666.9
1659.87
1652.06
1643.57
1633.95
1623.39
1611.12
1597.52
1581.31
1801.05
1799.96
1800.08
1800.07
1800.03
1799.96
1799.88
1799.79
1799.71
1799.62
1799.55
1799.48
1799.41
1799.35
1799.27
1799.19
1799.11
1799.02
1798.94
1798.87
1798.8
1798.75
1798.7
1798.65
1798.58
1798.49
1798.38
1798.23
1798.04
1797.82
1797.58
1797.32
1797.04
1796.76
1796.47
1796.19
1795.9
1795.6
1795.29
1794.96
1794.62
1794.26
1793.88
1793.48
1793.06
1792.63
1792.18
1791.72
1791.25
1790.76
1790.26
1789.73
1789.19
1788.62
1788.02
1787.4
1786.75
1786.08
1785.39
1784.67
1783.94
1783.19
1782.42
1781.63
1780.82
1779.98
1779.13
1778.24
1777.32
1776.36
1775.37
1774.34
1773.26
1772.15
1770.99
1769.79
1768.54
1767.25
1765.91
1764.53
1763.1
1761.62
1760.09
1758.5
1756.86
1755.15
1753.37
1751.52
1749.6
1747.59
1745.51
1743.33
1741.06
1738.69
1736.22
1733.63
1730.93
1728.1
1725.13
1722.02
1718.76
1715.32
1711.71
1707.89
1703.86
1699.57
1695.04
1690.17
1685.01
1679.42
1673.45
1666.92
1659.88
1652.07
1643.58
1633.96
1623.38
1611.09
1597.44
1581.18
1801.05
1799.96
1800.07
1800.06
1800.02
1799.95
1799.87
1799.79
1799.71
1799.63
1799.55
1799.48
1799.42
1799.35
1799.28
1799.2
1799.12
1799.03
1798.95
1798.87
1798.81
1798.75
1798.7
1798.64
1798.58
1798.49
1798.37
1798.21
1798.03
1797.81
1797.57
1797.31
1797.04
1796.75
1796.47
1796.18
1795.89
1795.59
1795.28
1794.96
1794.62
1794.26
1793.88
1793.48
1793.06
1792.63
1792.18
1791.72
1791.25
1790.76
1790.26
1789.73
1789.19
1788.62
1788.03
1787.4
1786.76
1786.09
1785.4
1784.68
1783.95
1783.2
1782.43
1781.64
1780.83
1779.99
1779.13
1778.24
1777.32
1776.37
1775.38
1774.34
1773.27
1772.15
1770.99
1769.79
1768.55
1767.26
1765.92
1764.54
1763.11
1761.63
1760.1
1758.51
1756.87
1755.16
1753.38
1751.53
1749.61
1747.6
1745.52
1743.34
1741.07
1738.7
1736.23
1733.64
1730.94
1728.11
1725.15
1722.04
1718.78
1715.34
1711.73
1707.91
1703.88
1699.59
1695.06
1690.2
1685.03
1679.45
1673.48
1666.95
1659.91
1652.1
1643.6
1633.97
1623.37
1611.04
1597.32
1580.96
1801.04
1799.95
1800.07
1800.06
1800.01
1799.95
1799.87
1799.79
1799.71
1799.63
1799.56
1799.49
1799.43
1799.36
1799.29
1799.22
1799.13
1799.05
1798.96
1798.89
1798.82
1798.76
1798.7
1798.64
1798.57
1798.47
1798.35
1798.2
1798.01
1797.8
1797.56
1797.3
1797.03
1796.75
1796.46
1796.18
1795.89
1795.59
1795.28
1794.95
1794.61
1794.25
1793.87
1793.47
1793.06
1792.63
1792.18
1791.72
1791.25
1790.76
1790.26
1789.74
1789.19
1788.62
1788.03
1787.41
1786.77
1786.1
1785.41
1784.69
1783.96
1783.21
1782.44
1781.65
1780.84
1780
1779.14
1778.25
1777.33
1776.38
1775.38
1774.35
1773.28
1772.16
1771
1769.8
1768.56
1767.27
1765.93
1764.55
1763.13
1761.65
1760.12
1758.53
1756.88
1755.17
1753.39
1751.55
1749.62
1747.62
1745.53
1743.36
1741.09
1738.72
1736.25
1733.67
1730.97
1728.14
1725.18
1722.07
1718.81
1715.37
1711.76
1707.94
1703.91
1699.63
1695.09
1690.23
1685.07
1679.49
1673.51
1666.99
1659.95
1652.14
1643.63
1633.99
1623.34
1610.97
1597.14
1580.63
1801.04
1799.95
1800.06
1800.05
1800
1799.94
1799.87
1799.79
1799.71
1799.64
1799.57
1799.51
1799.44
1799.38
1799.31
1799.23
1799.15
1799.06
1798.98
1798.9
1798.83
1798.76
1798.7
1798.63
1798.55
1798.45
1798.33
1798.18
1797.99
1797.78
1797.54
1797.28
1797.01
1796.74
1796.46
1796.17
1795.88
1795.58
1795.27
1794.95
1794.61
1794.25
1793.87
1793.47
1793.06
1792.63
1792.18
1791.72
1791.25
1790.77
1790.26
1789.74
1789.2
1788.63
1788.04
1787.42
1786.77
1786.11
1785.42
1784.71
1783.98
1783.23
1782.46
1781.67
1780.85
1780.02
1779.16
1778.27
1777.34
1776.39
1775.39
1774.36
1773.29
1772.17
1771.01
1769.81
1768.57
1767.28
1765.95
1764.57
1763.14
1761.66
1760.13
1758.54
1756.9
1755.19
1753.41
1751.56
1749.64
1747.64
1745.55
1743.38
1741.11
1738.75
1736.28
1733.69
1730.99
1728.17
1725.21
1722.1
1718.84
1715.41
1711.8
1707.98
1703.95
1699.67
1695.14
1690.28
1685.11
1679.53
1673.56
1667.04
1659.99
1652.19
1643.66
1634.01
1623.32
1610.88
1596.92
1580.22
1801.04
1799.94
1800.05
1800.03
1799.99
1799.93
1799.87
1799.79
1799.72
1799.65
1799.58
1799.52
1799.46
1799.4
1799.33
1799.25
1799.17
1799.08
1799
1798.92
1798.84
1798.77
1798.7
1798.63
1798.54
1798.44
1798.31
1798.15
1797.97
1797.75
1797.52
1797.26
1797
1796.73
1796.45
1796.16
1795.87
1795.57
1795.26
1794.94
1794.6
1794.24
1793.86
1793.47
1793.05
1792.63
1792.18
1791.73
1791.26
1790.77
1790.27
1789.74
1789.2
1788.63
1788.04
1787.43
1786.79
1786.12
1785.43
1784.72
1783.99
1783.24
1782.47
1781.68
1780.87
1780.04
1779.17
1778.28
1777.36
1776.4
1775.4
1774.37
1773.3
1772.18
1771.03
1769.83
1768.59
1767.3
1765.97
1764.59
1763.16
1761.68
1760.15
1758.57
1756.92
1755.21
1753.43
1751.59
1749.66
1747.66
1745.58
1743.4
1741.14
1738.77
1736.31
1733.72
1731.03
1728.2
1725.24
1722.14
1718.88
1715.45
1711.84
1708.02
1704
1699.72
1695.18
1690.33
1685.17
1679.59
1673.62
1667.1
1660.05
1652.25
1643.7
1634.04
1623.29
1610.78
1596.66
1579.73
1801.03
1799.93
1800.04
1800.02
1799.98
1799.93
1799.86
1799.79
1799.72
1799.66
1799.59
1799.53
1799.48
1799.41
1799.35
1799.27
1799.19
1799.11
1799.02
1798.94
1798.86
1798.78
1798.7
1798.62
1798.53
1798.42
1798.28
1798.12
1797.94
1797.73
1797.5
1797.25
1796.98
1796.71
1796.44
1796.15
1795.86
1795.57
1795.26
1794.93
1794.59
1794.23
1793.86
1793.46
1793.05
1792.63
1792.18
1791.73
1791.26
1790.77
1790.27
1789.75
1789.21
1788.64
1788.05
1787.44
1786.8
1786.13
1785.45
1784.74
1784.01
1783.27
1782.5
1781.71
1780.89
1780.05
1779.19
1778.3
1777.37
1776.41
1775.42
1774.38
1773.31
1772.2
1771.04
1769.84
1768.6
1767.32
1765.99
1764.61
1763.18
1761.71
1760.18
1758.59
1756.94
1755.23
1753.46
1751.61
1749.69
1747.69
1745.61
1743.43
1741.17
1738.81
1736.34
1733.76
1731.06
1728.24
1725.29
1722.18
1718.93
1715.5
1711.89
1708.08
1704.05
1699.77
1695.24
1690.39
1685.23
1679.66
1673.68
1667.17
1660.11
1652.31
1643.74
1634.07
1623.26
1610.67
1596.37
1579.17
1801.02
1799.92
1800.02
1800.01
1799.97
1799.92
1799.86
1799.79
1799.73
1799.67
1799.61
1799.55
1799.5
1799.44
1799.37
1799.3
1799.22
1799.13
1799.04
1798.96
1798.87
1798.79
1798.7
1798.61
1798.51
1798.39
1798.26
1798.1
1797.91
1797.7
1797.47
1797.23
1796.97
1796.7
1796.43
1796.14
1795.86
1795.56
1795.25
1794.92
1794.58
1794.23
1793.85
1793.46
1793.05
1792.63
1792.19
1791.73
1791.26
1790.78
1790.28
1789.75
1789.21
1788.65
1788.06
1787.45
1786.81
1786.15
1785.47
1784.76
1784.04
1783.29
1782.52
1781.73
1780.92
1780.08
1779.21
1778.31
1777.39
1776.43
1775.43
1774.4
1773.32
1772.21
1771.06
1769.86
1768.62
1767.34
1766.01
1764.63
1763.21
1761.73
1760.2
1758.61
1756.97
1755.26
1753.48
1751.64
1749.72
1747.72
1745.64
1743.47
1741.2
1738.84
1736.38
1733.8
1731.11
1728.28
1725.33
1722.23
1718.98
1715.55
1711.95
1708.13
1704.11
1699.84
1695.3
1690.46
1685.29
1679.73
1673.75
1667.25
1660.18
1652.39
1643.8
1634.11
1623.23
1610.55
1596.05
1578.55
1801.02
1799.91
1800.01
1799.99
1799.96
1799.91
1799.85
1799.8
1799.74
1799.68
1799.62
1799.57
1799.52
1799.46
1799.4
1799.32
1799.24
1799.16
1799.07
1798.98
1798.89
1798.8
1798.71
1798.61
1798.5
1798.37
1798.23
1798.07
1797.88
1797.67
1797.45
1797.21
1796.95
1796.69
1796.42
1796.14
1795.85
1795.55
1795.24
1794.91
1794.57
1794.22
1793.85
1793.46
1793.05
1792.63
1792.19
1791.74
1791.27
1790.78
1790.28
1789.76
1789.22
1788.65
1788.07
1787.46
1786.82
1786.17
1785.49
1784.78
1784.06
1783.31
1782.55
1781.75
1780.94
1780.1
1779.23
1778.33
1777.41
1776.44
1775.45
1774.41
1773.34
1772.23
1771.07
1769.88
1768.64
1767.36
1766.03
1764.66
1763.23
1761.76
1760.23
1758.64
1757
1755.29
1753.51
1751.67
1749.75
1747.75
1745.67
1743.5
1741.24
1738.88
1736.42
1733.84
1731.15
1728.33
1725.38
1722.28
1719.03
1715.61
1712
1708.2
1704.17
1699.9
1695.37
1690.53
1685.37
1679.81
1673.83
1667.33
1660.26
1652.47
1643.86
1634.16
1623.21
1610.44
1595.71
1577.87
1801.01
1799.9
1799.99
1799.97
1799.94
1799.9
1799.85
1799.8
1799.75
1799.69
1799.64
1799.59
1799.54
1799.48
1799.42
1799.35
1799.27
1799.19
1799.1
1799
1798.91
1798.81
1798.71
1798.6
1798.48
1798.35
1798.2
1798.04
1797.85
1797.65
1797.42
1797.19
1796.94
1796.67
1796.4
1796.13
1795.84
1795.54
1795.23
1794.9
1794.57
1794.21
1793.84
1793.45
1793.05
1792.63
1792.19
1791.74
1791.27
1790.79
1790.29
1789.77
1789.23
1788.66
1788.08
1787.47
1786.84
1786.18
1785.51
1784.81
1784.08
1783.34
1782.57
1781.78
1780.96
1780.12
1779.25
1778.35
1777.42
1776.46
1775.46
1774.43
1773.36
1772.25
1771.09
1769.9
1768.66
1767.38
1766.06
1764.68
1763.26
1761.79
1760.26
1758.67
1757.03
1755.32
1753.55
1751.7
1749.78
1747.78
1745.7
1743.54
1741.28
1738.92
1736.46
1733.89
1731.2
1728.38
1725.43
1722.34
1719.09
1715.67
1712.07
1708.26
1704.24
1699.97
1695.45
1690.61
1685.45
1679.89
1673.92
1667.42
1660.35
1652.56
1643.93
1634.21
1623.19
1610.32
1595.36
1577.14
1801
1799.89
1799.98
1799.96
1799.93
1799.89
1799.85
1799.8
1799.75
1799.71
1799.66
1799.61
1799.56
1799.51
1799.45
1799.38
1799.3
1799.21
1799.12
1799.03
1798.93
1798.83
1798.72
1798.6
1798.47
1798.33
1798.18
1798.01
1797.82
1797.62
1797.4
1797.16
1796.92
1796.66
1796.39
1796.12
1795.83
1795.53
1795.22
1794.9
1794.56
1794.2
1793.83
1793.45
1793.05
1792.63
1792.2
1791.75
1791.28
1790.8
1790.29
1789.77
1789.23
1788.67
1788.09
1787.48
1786.85
1786.2
1785.53
1784.83
1784.11
1783.37
1782.6
1781.81
1780.99
1780.15
1779.28
1778.38
1777.44
1776.48
1775.48
1774.45
1773.37
1772.26
1771.11
1769.92
1768.69
1767.41
1766.08
1764.71
1763.29
1761.82
1760.29
1758.7
1757.06
1755.35
1753.58
1751.73
1749.82
1747.82
1745.74
1743.58
1741.32
1738.96
1736.5
1733.93
1731.25
1728.43
1725.49
1722.4
1719.15
1715.73
1712.13
1708.33
1704.31
1700.05
1695.52
1690.69
1685.53
1679.98
1674.01
1667.52
1660.44
1652.65
1644.01
1634.27
1623.18
1610.21
1595
1576.37
1801
1799.88
1799.96
1799.94
1799.92
1799.88
1799.85
1799.81
1799.77
1799.72
1799.68
1799.63
1799.59
1799.53
1799.47
1799.4
1799.33
1799.24
1799.15
1799.05
1798.95
1798.84
1798.72
1798.6
1798.46
1798.31
1798.15
1797.98
1797.79
1797.59
1797.37
1797.14
1796.9
1796.65
1796.38
1796.11
1795.82
1795.52
1795.21
1794.89
1794.55
1794.2
1793.83
1793.45
1793.05
1792.63
1792.2
1791.75
1791.29
1790.8
1790.3
1789.78
1789.24
1788.68
1788.1
1787.49
1786.87
1786.22
1785.55
1784.85
1784.13
1783.39
1782.63
1781.83
1781.02
1780.17
1779.3
1778.4
1777.46
1776.5
1775.5
1774.46
1773.39
1772.28
1771.13
1769.94
1768.71
1767.43
1766.11
1764.74
1763.32
1761.85
1760.32
1758.74
1757.09
1755.39
1753.61
1751.77
1749.85
1747.86
1745.78
1743.62
1741.36
1739.01
1736.55
1733.98
1731.3
1728.49
1725.54
1722.46
1719.21
1715.8
1712.2
1708.4
1704.39
1700.13
1695.6
1690.78
1685.62
1680.08
1674.1
1667.62
1660.54
1652.76
1644.09
1634.34
1623.18
1610.1
1594.63
1575.56
1800.99
1799.86
1799.94
1799.92
1799.9
1799.88
1799.85
1799.81
1799.78
1799.74
1799.7
1799.66
1799.61
1799.56
1799.5
1799.43
1799.36
1799.27
1799.18
1799.08
1798.97
1798.85
1798.73
1798.59
1798.45
1798.3
1798.13
1797.95
1797.76
1797.56
1797.35
1797.12
1796.89
1796.63
1796.37
1796.1
1795.81
1795.51
1795.2
1794.88
1794.54
1794.19
1793.82
1793.44
1793.05
1792.63
1792.2
1791.76
1791.29
1790.81
1790.31
1789.79
1789.25
1788.69
1788.11
1787.51
1786.88
1786.24
1785.57
1784.88
1784.16
1783.42
1782.65
1781.86
1781.04
1780.2
1779.32
1778.42
1777.49
1776.52
1775.52
1774.48
1773.41
1772.3
1771.16
1769.97
1768.74
1767.46
1766.14
1764.77
1763.35
1761.88
1760.35
1758.77
1757.13
1755.42
1753.65
1751.8
1749.89
1747.9
1745.82
1743.66
1741.4
1739.05
1736.6
1734.03
1731.35
1728.55
1725.6
1722.52
1719.28
1715.86
1712.27
1708.48
1704.46
1700.21
1695.69
1690.87
1685.71
1680.17
1674.2
1667.72
1660.64
1652.86
1644.18
1634.42
1623.19
1610
1594.26
1574.73
1800.98
1799.85
1799.93
1799.91
1799.89
1799.87
1799.85
1799.82
1799.79
1799.75
1799.72
1799.68
1799.64
1799.58
1799.53
1799.46
1799.38
1799.3
1799.21
1799.1
1798.99
1798.87
1798.74
1798.59
1798.44
1798.28
1798.11
1797.93
1797.74
1797.54
1797.33
1797.1
1796.87
1796.62
1796.36
1796.09
1795.8
1795.51
1795.19
1794.87
1794.53
1794.18
1793.82
1793.44
1793.04
1792.63
1792.21
1791.76
1791.3
1790.82
1790.32
1789.8
1789.26
1788.7
1788.12
1787.52
1786.9
1786.26
1785.59
1784.9
1784.19
1783.45
1782.68
1781.89
1781.07
1780.22
1779.35
1778.44
1777.51
1776.54
1775.54
1774.5
1773.43
1772.32
1771.18
1769.99
1768.76
1767.49
1766.17
1764.8
1763.38
1761.91
1760.39
1758.8
1757.16
1755.46
1753.68
1751.84
1749.93
1747.93
1745.86
1743.7
1741.45
1739.1
1736.65
1734.09
1731.41
1728.6
1725.66
1722.58
1719.34
1715.93
1712.34
1708.55
1704.54
1700.29
1695.77
1690.96
1685.8
1680.27
1674.3
1667.83
1660.75
1652.97
1644.28
1634.5
1623.21
1609.92
1593.89
1573.87
1800.97
1799.84
1799.91
1799.89
1799.88
1799.86
1799.84
1799.82
1799.8
1799.77
1799.74
1799.7
1799.66
1799.61
1799.55
1799.49
1799.41
1799.33
1799.23
1799.13
1799.01
1798.88
1798.74
1798.59
1798.43
1798.26
1798.09
1797.9
1797.71
1797.51
1797.31
1797.09
1796.85
1796.61
1796.35
1796.08
1795.8
1795.5
1795.19
1794.86
1794.53
1794.18
1793.81
1793.44
1793.04
1792.64
1792.21
1791.77
1791.3
1790.82
1790.32
1789.8
1789.27
1788.71
1788.13
1787.53
1786.91
1786.27
1785.61
1784.92
1784.21
1783.47
1782.71
1781.92
1781.1
1780.25
1779.37
1778.47
1777.53
1776.56
1775.56
1774.52
1773.45
1772.35
1771.2
1770.01
1768.79
1767.51
1766.2
1764.83
1763.41
1761.94
1760.42
1758.84
1757.2
1755.49
1753.72
1751.88
1749.97
1747.97
1745.9
1743.74
1741.49
1739.15
1736.7
1734.14
1731.46
1728.66
1725.72
1722.65
1719.41
1716
1712.41
1708.63
1704.62
1700.37
1695.86
1691.05
1685.9
1680.37
1674.4
1667.94
1660.86
1653.09
1644.38
1634.59
1623.24
1609.84
1593.53
1572.99
1800.97
1799.83
1799.9
1799.88
1799.87
1799.86
1799.84
1799.83
1799.81
1799.79
1799.76
1799.72
1799.68
1799.63
1799.58
1799.51
1799.44
1799.35
1799.26
1799.15
1799.03
1798.9
1798.75
1798.59
1798.43
1798.25
1798.07
1797.88
1797.69
1797.49
1797.28
1797.07
1796.84
1796.6
1796.34
1796.07
1795.79
1795.49
1795.18
1794.86
1794.52
1794.17
1793.81
1793.44
1793.05
1792.64
1792.21
1791.77
1791.31
1790.83
1790.33
1789.81
1789.28
1788.72
1788.14
1787.55
1786.93
1786.29
1785.63
1784.95
1784.24
1783.5
1782.74
1781.94
1781.12
1780.28
1779.4
1778.49
1777.55
1776.58
1775.58
1774.54
1773.47
1772.37
1771.22
1770.04
1768.81
1767.54
1766.23
1764.86
1763.45
1761.98
1760.46
1758.87
1757.23
1755.53
1753.76
1751.92
1750
1748.02
1745.94
1743.79
1741.54
1739.2
1736.75
1734.19
1731.52
1728.72
1725.79
1722.71
1719.48
1716.08
1712.49
1708.71
1704.7
1700.46
1695.94
1691.14
1685.99
1680.48
1674.51
1668.06
1660.98
1653.21
1644.5
1634.69
1623.28
1609.78
1593.18
1572.1
1800.96
1799.82
1799.88
1799.86
1799.85
1799.85
1799.84
1799.83
1799.82
1799.8
1799.78
1799.75
1799.71
1799.66
1799.6
1799.54
1799.46
1799.38
1799.28
1799.18
1799.05
1798.91
1798.76
1798.6
1798.42
1798.24
1798.05
1797.86
1797.67
1797.47
1797.27
1797.05
1796.83
1796.59
1796.34
1796.07
1795.78
1795.49
1795.18
1794.85
1794.52
1794.17
1793.81
1793.44
1793.05
1792.64
1792.22
1791.78
1791.32
1790.84
1790.34
1789.82
1789.28
1788.73
1788.15
1787.56
1786.95
1786.31
1785.65
1784.97
1784.26
1783.53
1782.76
1781.97
1781.15
1780.3
1779.42
1778.51
1777.57
1776.6
1775.6
1774.56
1773.49
1772.39
1771.25
1770.06
1768.84
1767.57
1766.26
1764.89
1763.48
1762.01
1760.49
1758.91
1757.27
1755.57
1753.8
1751.96
1750.04
1748.06
1745.99
1743.83
1741.59
1739.25
1736.8
1734.25
1731.58
1728.78
1725.85
1722.78
1719.54
1716.15
1712.56
1708.79
1704.78
1700.55
1696.03
1691.24
1686.09
1680.58
1674.62
1668.17
1661.09
1653.33
1644.61
1634.8
1623.33
1609.74
1592.84
1571.2
1800.95
1799.81
1799.87
1799.85
1799.84
1799.84
1799.84
1799.84
1799.83
1799.82
1799.8
1799.77
1799.73
1799.68
1799.62
1799.56
1799.49
1799.4
1799.31
1799.2
1799.07
1798.93
1798.77
1798.6
1798.42
1798.23
1798.04
1797.84
1797.65
1797.45
1797.25
1797.04
1796.82
1796.58
1796.33
1796.06
1795.78
1795.48
1795.17
1794.85
1794.51
1794.17
1793.81
1793.44
1793.05
1792.65
1792.22
1791.78
1791.33
1790.85
1790.35
1789.83
1789.29
1788.74
1788.17
1787.57
1786.96
1786.33
1785.67
1784.99
1784.28
1783.55
1782.79
1782
1781.18
1780.33
1779.45
1778.54
1777.6
1776.62
1775.62
1774.59
1773.52
1772.41
1771.27
1770.09
1768.86
1767.6
1766.29
1764.92
1763.51
1762.05
1760.52
1758.95
1757.31
1755.6
1753.83
1752
1750.09
1748.1
1746.03
1743.88
1741.63
1739.29
1736.85
1734.3
1731.63
1728.84
1725.91
1722.84
1719.61
1716.22
1712.64
1708.86
1704.86
1700.63
1696.12
1691.33
1686.19
1680.69
1674.73
1668.29
1661.21
1653.46
1644.73
1634.91
1623.4
1609.71
1592.52
1570.3
1800.95
1799.8
1799.86
1799.83
1799.83
1799.84
1799.84
1799.84
1799.84
1799.83
1799.81
1799.79
1799.75
1799.7
1799.65
1799.58
1799.51
1799.43
1799.33
1799.22
1799.09
1798.94
1798.78
1798.6
1798.41
1798.22
1798.02
1797.83
1797.63
1797.43
1797.23
1797.02
1796.8
1796.57
1796.32
1796.06
1795.78
1795.48
1795.17
1794.84
1794.51
1794.16
1793.81
1793.44
1793.05
1792.65
1792.23
1791.79
1791.33
1790.86
1790.36
1789.84
1789.3
1788.75
1788.18
1787.59
1786.98
1786.35
1785.69
1785.01
1784.31
1783.58
1782.82
1782.02
1781.2
1780.35
1779.47
1778.56
1777.62
1776.65
1775.64
1774.61
1773.54
1772.43
1771.29
1770.11
1768.89
1767.63
1766.31
1764.96
1763.54
1762.08
1760.56
1758.98
1757.34
1755.64
1753.87
1752.04
1750.13
1748.14
1746.07
1743.92
1741.68
1739.34
1736.9
1734.36
1731.69
1728.9
1725.97
1722.91
1719.68
1716.29
1712.71
1708.94
1704.95
1700.72
1696.22
1691.43
1686.29
1680.79
1674.84
1668.41
1661.34
1653.59
1644.86
1635.03
1623.48
1609.7
1592.22
1569.4
1800.94
1799.8
1799.85
1799.82
1799.83
1799.83
1799.84
1799.85
1799.85
1799.85
1799.83
1799.81
1799.77
1799.72
1799.67
1799.6
1799.53
1799.45
1799.35
1799.24
1799.11
1798.96
1798.79
1798.61
1798.41
1798.21
1798.01
1797.81
1797.61
1797.42
1797.22
1797.01
1796.8
1796.56
1796.32
1796.05
1795.77
1795.48
1795.17
1794.84
1794.51
1794.16
1793.81
1793.44
1793.05
1792.65
1792.24
1791.8
1791.34
1790.86
1790.37
1789.85
1789.32
1788.76
1788.19
1787.6
1786.99
1786.36
1785.71
1785.04
1784.33
1783.6
1782.84
1782.05
1781.23
1780.38
1779.5
1778.58
1777.64
1776.67
1775.67
1774.63
1773.56
1772.46
1771.32
1770.14
1768.92
1767.66
1766.35
1764.99
1763.58
1762.11
1760.59
1759.02
1757.38
1755.68
1753.91
1752.08
1750.17
1748.18
1746.12
1743.97
1741.73
1739.39
1736.96
1734.41
1731.75
1728.96
1726.04
1722.98
1719.75
1716.37
1712.79
1709.02
1705.03
1700.81
1696.31
1691.52
1686.39
1680.9
1674.95
1668.53
1661.46
1653.72
1644.99
1635.16
1623.57
1609.7
1591.93
1568.5
1800.94
1799.79
1799.84
1799.81
1799.82
1799.83
1799.84
1799.85
1799.86
1799.86
1799.85
1799.83
1799.79
1799.74
1799.69
1799.62
1799.55
1799.47
1799.37
1799.26
1799.13
1798.97
1798.8
1798.61
1798.41
1798.21
1798
1797.8
1797.6
1797.4
1797.2
1797
1796.79
1796.56
1796.31
1796.05
1795.77
1795.47
1795.16
1794.84
1794.51
1794.16
1793.81
1793.44
1793.06
1792.66
1792.24
1791.81
1791.35
1790.87
1790.38
1789.86
1789.33
1788.77
1788.2
1787.62
1787.01
1786.38
1785.73
1785.06
1784.36
1783.63
1782.87
1782.08
1781.26
1780.4
1779.52
1778.61
1777.67
1776.69
1775.69
1774.65
1773.58
1772.48
1771.34
1770.17
1768.95
1767.68
1766.38
1765.02
1763.61
1762.15
1760.63
1759.05
1757.42
1755.72
1753.95
1752.12
1750.21
1748.23
1746.16
1744.02
1741.78
1739.45
1737.01
1734.47
1731.81
1729.02
1726.1
1723.04
1719.82
1716.44
1712.87
1709.1
1705.11
1700.9
1696.4
1691.62
1686.49
1681.01
1675.07
1668.65
1661.59
1653.85
1645.13
1635.29
1623.67
1609.72
1591.67
1567.62
1800.93
1799.78
1799.83
1799.8
1799.81
1799.82
1799.84
1799.86
1799.87
1799.88
1799.87
1799.84
1799.81
1799.76
1799.71
1799.64
1799.57
1799.49
1799.4
1799.28
1799.15
1798.99
1798.81
1798.62
1798.41
1798.2
1797.99
1797.79
1797.59
1797.39
1797.19
1796.99
1796.78
1796.55
1796.31
1796.05
1795.77
1795.47
1795.16
1794.84
1794.51
1794.16
1793.81
1793.44
1793.06
1792.67
1792.25
1791.82
1791.36
1790.88
1790.39
1789.87
1789.34
1788.79
1788.22
1787.63
1787.03
1786.4
1785.75
1785.08
1784.38
1783.65
1782.89
1782.1
1781.28
1780.43
1779.55
1778.63
1777.69
1776.72
1775.71
1774.68
1773.61
1772.51
1771.37
1770.19
1768.97
1767.71
1766.41
1765.05
1763.64
1762.18
1760.67
1759.09
1757.45
1755.76
1753.99
1752.16
1750.25
1748.27
1746.21
1744.06
1741.83
1739.5
1737.06
1734.52
1731.86
1729.08
1726.17
1723.11
1719.89
1716.51
1712.94
1709.18
1705.2
1700.98
1696.49
1691.72
1686.59
1681.12
1675.18
1668.77
1661.72
1653.98
1645.27
1635.43
1623.78
1609.76
1591.43
1566.74
1800.93
1799.78
1799.82
1799.79
1799.8
1799.81
1799.84
1799.86
1799.88
1799.89
1799.88
1799.86
1799.82
1799.78
1799.72
1799.66
1799.59
1799.51
1799.41
1799.3
1799.16
1799
1798.82
1798.62
1798.41
1798.2
1797.99
1797.78
1797.58
1797.38
1797.18
1796.98
1796.77
1796.55
1796.31
1796.05
1795.77
1795.47
1795.16
1794.84
1794.51
1794.16
1793.81
1793.45
1793.07
1792.67
1792.26
1791.82
1791.37
1790.89
1790.4
1789.88
1789.35
1788.8
1788.23
1787.65
1787.04
1786.42
1785.77
1785.1
1784.4
1783.67
1782.92
1782.13
1781.31
1780.45
1779.57
1778.66
1777.71
1776.74
1775.73
1774.7
1773.63
1772.53
1771.39
1770.22
1769
1767.74
1766.44
1765.08
1763.68
1762.22
1760.7
1759.13
1757.49
1755.79
1754.03
1752.2
1750.29
1748.31
1746.25
1744.11
1741.87
1739.55
1737.11
1734.58
1731.92
1729.14
1726.23
1723.18
1719.96
1716.58
1713.02
1709.26
1705.28
1701.07
1696.58
1691.81
1686.7
1681.23
1675.29
1668.89
1661.84
1654.12
1645.41
1635.57
1623.9
1609.82
1591.23
1565.88
1800.92
1799.78
1799.81
1799.78
1799.79
1799.81
1799.84
1799.87
1799.89
1799.9
1799.9
1799.88
1799.84
1799.8
1799.74
1799.68
1799.61
1799.53
1799.43
1799.32
1799.18
1799.02
1798.83
1798.63
1798.42
1798.2
1797.98
1797.77
1797.57
1797.37
1797.17
1796.98
1796.77
1796.55
1796.31
1796.05
1795.77
1795.47
1795.16
1794.84
1794.51
1794.17
1793.81
1793.45
1793.07
1792.68
1792.27
1791.83
1791.38
1790.9
1790.41
1789.89
1789.36
1788.81
1788.24
1787.66
1787.06
1786.43
1785.79
1785.12
1784.42
1783.7
1782.94
1782.15
1781.33
1780.48
1779.6
1778.68
1777.74
1776.76
1775.76
1774.72
1773.66
1772.56
1771.42
1770.25
1769.03
1767.77
1766.47
1765.12
1763.71
1762.25
1760.74
1759.17
1757.53
1755.83
1754.07
1752.24
1750.34
1748.36
1746.3
1744.16
1741.92
1739.6
1737.17
1734.63
1731.98
1729.2
1726.29
1723.24
1720.03
1716.66
1713.09
1709.34
1705.36
1701.16
1696.67
1691.91
1686.8
1681.33
1675.41
1669.01
1661.97
1654.26
1645.55
1635.71
1624.03
1609.89
1591.04
1565.05
1800.92
1799.77
1799.81
1799.78
1799.79
1799.81
1799.84
1799.87
1799.9
1799.91
1799.91
1799.89
1799.86
1799.81
1799.76
1799.7
1799.63
1799.55
1799.45
1799.33
1799.19
1799.03
1798.84
1798.64
1798.42
1798.2
1797.98
1797.76
1797.56
1797.36
1797.17
1796.97
1796.76
1796.54
1796.3
1796.05
1795.77
1795.47
1795.16
1794.84
1794.51
1794.17
1793.82
1793.45
1793.08
1792.68
1792.27
1791.84
1791.39
1790.92
1790.42
1789.91
1789.37
1788.82
1788.26
1787.67
1787.07
1786.45
1785.81
1785.14
1784.44
1783.72
1782.96
1782.18
1781.36
1780.5
1779.62
1778.71
1777.76
1776.79
1775.78
1774.75
1773.68
1772.58
1771.45
1770.27
1769.06
1767.8
1766.5
1765.15
1763.75
1762.29
1760.77
1759.2
1757.57
1755.87
1754.11
1752.28
1750.38
1748.4
1746.34
1744.2
1741.97
1739.65
1737.22
1734.69
1732.04
1729.26
1726.35
1723.31
1720.1
1716.73
1713.17
1709.42
1705.44
1701.24
1696.76
1692
1686.9
1681.44
1675.52
1669.13
1662.1
1654.39
1645.7
1635.86
1624.17
1609.98
1590.89
1564.23
1800.92
1799.77
1799.8
1799.77
1799.78
1799.81
1799.84
1799.88
1799.91
1799.93
1799.92
1799.91
1799.87
1799.83
1799.77
1799.71
1799.64
1799.56
1799.46
1799.35
1799.21
1799.04
1798.85
1798.64
1798.42
1798.19
1797.97
1797.76
1797.55
1797.35
1797.16
1796.96
1796.76
1796.54
1796.3
1796.05
1795.77
1795.47
1795.17
1794.84
1794.51
1794.17
1793.82
1793.46
1793.08
1792.69
1792.28
1791.85
1791.4
1790.92
1790.43
1789.92
1789.38
1788.84
1788.27
1787.69
1787.09
1786.47
1785.83
1785.16
1784.46
1783.74
1782.99
1782.2
1781.38
1780.53
1779.64
1778.73
1777.79
1776.81
1775.81
1774.77
1773.71
1772.61
1771.47
1770.3
1769.09
1767.84
1766.53
1765.18
1763.78
1762.32
1760.81
1759.24
1757.61
1755.91
1754.15
1752.32
1750.42
1748.44
1746.39
1744.25
1742.02
1739.7
1737.27
1734.74
1732.09
1729.32
1726.42
1723.37
1720.16
1716.8
1713.24
1709.5
1705.52
1701.33
1696.85
1692.1
1686.99
1681.54
1675.63
1669.25
1662.23
1654.53
1645.84
1636.01
1624.32
1610.08
1590.77
1563.45
1800.91
1799.76
1799.79
1799.76
1799.78
1799.8
1799.84
1799.89
1799.92
1799.94
1799.94
1799.92
1799.89
1799.84
1799.79
1799.72
1799.66
1799.57
1799.48
1799.36
1799.22
1799.05
1798.86
1798.65
1798.42
1798.19
1797.97
1797.75
1797.54
1797.35
1797.15
1796.96
1796.75
1796.54
1796.3
1796.04
1795.77
1795.48
1795.17
1794.84
1794.51
1794.17
1793.82
1793.46
1793.09
1792.7
1792.29
1791.86
1791.41
1790.93
1790.44
1789.93
1789.4
1788.85
1788.28
1787.7
1787.1
1786.48
1785.84
1785.18
1784.48
1783.76
1783.01
1782.22
1781.4
1780.55
1779.67
1778.75
1777.81
1776.84
1775.83
1774.8
1773.73
1772.64
1771.5
1770.33
1769.12
1767.87
1766.57
1765.22
1763.82
1762.36
1760.85
1759.28
1757.65
1755.95
1754.19
1752.36
1750.46
1748.49
1746.43
1744.3
1742.07
1739.75
1737.32
1734.8
1732.15
1729.38
1726.48
1723.43
1720.23
1716.87
1713.31
1709.57
1705.6
1701.41
1696.94
1692.19
1687.09
1681.65
1675.74
1669.37
1662.36
1654.67
1645.99
1636.16
1624.48
1610.2
1590.69
1562.69
1800.91
1799.76
1799.79
1799.76
1799.77
1799.8
1799.85
1799.89
1799.93
1799.95
1799.95
1799.93
1799.9
1799.85
1799.8
1799.74
1799.67
1799.59
1799.49
1799.37
1799.23
1799.06
1798.87
1798.65
1798.42
1798.19
1797.97
1797.75
1797.54
1797.34
1797.15
1796.95
1796.75
1796.53
1796.3
1796.04
1795.77
1795.48
1795.17
1794.85
1794.51
1794.17
1793.82
1793.46
1793.09
1792.7
1792.29
1791.87
1791.41
1790.94
1790.45
1789.94
1789.41
1788.86
1788.29
1787.71
1787.11
1786.5
1785.86
1785.19
1784.5
1783.78
1783.03
1782.24
1781.43
1780.58
1779.69
1778.78
1777.84
1776.86
1775.86
1774.82
1773.76
1772.66
1771.53
1770.36
1769.15
1767.9
1766.6
1765.25
1763.85
1762.39
1760.88
1759.31
1757.68
1755.99
1754.23
1752.4
1750.5
1748.53
1746.48
1744.34
1742.11
1739.8
1737.37
1734.85
1732.2
1729.44
1726.53
1723.49
1720.29
1716.93
1713.38
1709.65
1705.68
1701.49
1697.03
1692.29
1687.19
1681.75
1675.85
1669.49
1662.49
1654.8
1646.14
1636.32
1624.65
1610.34
1590.63
1561.98
1800.91
1799.76
1799.78
1799.75
1799.77
1799.8
1799.85
1799.9
1799.94
1799.96
1799.96
1799.95
1799.91
1799.86
1799.81
1799.75
1799.68
1799.6
1799.5
1799.38
1799.24
1799.07
1798.87
1798.66
1798.43
1798.19
1797.96
1797.74
1797.53
1797.33
1797.14
1796.95
1796.75
1796.53
1796.3
1796.04
1795.77
1795.48
1795.17
1794.85
1794.52
1794.18
1793.83
1793.47
1793.09
1792.71
1792.3
1791.87
1791.42
1790.95
1790.46
1789.95
1789.41
1788.87
1788.3
1787.72
1787.13
1786.51
1785.87
1785.21
1784.52
1783.8
1783.05
1782.27
1781.45
1780.6
1779.72
1778.8
1777.86
1776.89
1775.88
1774.85
1773.79
1772.69
1771.56
1770.39
1769.18
1767.93
1766.63
1765.28
1763.88
1762.43
1760.92
1759.35
1757.72
1756.03
1754.27
1752.44
1750.54
1748.57
1746.52
1744.38
1742.16
1739.84
1737.42
1734.9
1732.25
1729.49
1726.59
1723.56
1720.36
1717
1713.45
1709.72
1705.76
1701.58
1697.11
1692.38
1687.29
1681.86
1675.97
1669.61
1662.61
1654.94
1646.29
1636.48
1624.82
1610.49
1590.62
1561.3
1800.9
1799.76
1799.78
1799.75
1799.76
1799.8
1799.85
1799.9
1799.94
1799.96
1799.97
1799.95
1799.92
1799.87
1799.82
1799.76
1799.69
1799.61
1799.51
1799.39
1799.25
1799.07
1798.88
1798.66
1798.43
1798.19
1797.96
1797.74
1797.53
1797.33
1797.14
1796.94
1796.74
1796.53
1796.3
1796.04
1795.77
1795.48
1795.17
1794.85
1794.52
1794.18
1793.83
1793.47
1793.1
1792.71
1792.3
1791.88
1791.43
1790.96
1790.47
1789.95
1789.42
1788.88
1788.31
1787.74
1787.14
1786.52
1785.89
1785.23
1784.54
1783.82
1783.07
1782.29
1781.47
1780.62
1779.74
1778.83
1777.89
1776.91
1775.91
1774.88
1773.81
1772.72
1771.59
1770.42
1769.21
1767.96
1766.66
1765.31
1763.91
1762.46
1760.95
1759.38
1757.75
1756.06
1754.3
1752.48
1750.58
1748.61
1746.56
1744.42
1742.2
1739.89
1737.47
1734.95
1732.31
1729.55
1726.65
1723.62
1720.42
1717.07
1713.53
1709.8
1705.84
1701.66
1697.2
1692.47
1687.39
1681.96
1676.08
1669.73
1662.74
1655.08
1646.44
1636.64
1625
1610.65
1590.65
1560.7
1800.9
1799.76
1799.78
1799.75
1799.76
1799.8
1799.85
1799.9
1799.95
1799.97
1799.98
1799.96
1799.93
1799.88
1799.83
1799.76
1799.69
1799.61
1799.52
1799.4
1799.25
1799.08
1798.88
1798.66
1798.43
1798.19
1797.96
1797.74
1797.52
1797.32
1797.13
1796.94
1796.74
1796.53
1796.3
1796.04
1795.77
1795.48
1795.17
1794.85
1794.52
1794.18
1793.83
1793.47
1793.1
1792.71
1792.31
1791.88
1791.44
1790.96
1790.47
1789.96
1789.43
1788.89
1788.33
1787.75
1787.15
1786.54
1785.9
1785.24
1784.56
1783.84
1783.09
1782.31
1781.5
1780.65
1779.77
1778.85
1777.91
1776.94
1775.93
1774.9
1773.84
1772.74
1771.61
1770.44
1769.23
1767.98
1766.68
1765.34
1763.94
1762.49
1760.98
1759.41
1757.78
1756.09
1754.34
1752.51
1750.61
1748.65
1746.6
1744.46
1742.24
1739.93
1737.51
1734.99
1732.36
1729.6
1726.71
1723.68
1720.49
1717.14
1713.6
1709.87
1705.92
1701.74
1697.29
1692.56
1687.48
1682.06
1676.19
1669.84
1662.87
1655.22
1646.6
1636.81
1625.19
1610.83
1590.71
1560.19
1800.89
1799.76
1799.78
1799.75
1799.76
1799.8
1799.85
1799.9
1799.95
1799.97
1799.98
1799.97
1799.93
1799.89
1799.83
1799.77
1799.7
1799.62
1799.52
1799.4
1799.26
1799.09
1798.89
1798.67
1798.43
1798.19
1797.96
1797.73
1797.52
1797.32
1797.13
1796.94
1796.74
1796.53
1796.3
1796.04
1795.77
1795.48
1795.17
1794.85
1794.52
1794.18
1793.83
1793.48
1793.1
1792.72
1792.31
1791.89
1791.44
1790.97
1790.48
1789.97
1789.44
1788.9
1788.34
1787.76
1787.16
1786.55
1785.92
1785.26
1784.57
1783.86
1783.11
1782.33
1781.52
1780.67
1779.79
1778.88
1777.93
1776.96
1775.96
1774.92
1773.86
1772.76
1771.63
1770.47
1769.26
1768.01
1766.71
1765.36
1763.97
1762.51
1761.01
1759.44
1757.81
1756.12
1754.37
1752.54
1750.65
1748.68
1746.63
1744.5
1742.28
1739.97
1737.56
1735.04
1732.41
1729.65
1726.76
1723.74
1720.55
1717.2
1713.67
1709.94
1705.99
1701.82
1697.37
1692.65
1687.58
1682.16
1676.29
1669.96
1663
1655.36
1646.75
1636.98
1625.38
1611.03
1590.82
1559.8
1800.89
1799.76
1799.78
1799.75
1799.76
1799.79
1799.85
1799.9
1799.95
1799.98
1799.98
1799.97
1799.94
1799.89
1799.84
1799.77
1799.7
1799.62
1799.53
1799.41
1799.27
1799.09
1798.89
1798.67
1798.43
1798.19
1797.96
1797.73
1797.52
1797.32
1797.13
1796.94
1796.74
1796.53
1796.3
1796.05
1795.77
1795.48
1795.17
1794.85
1794.52
1794.18
1793.84
1793.48
1793.11
1792.72
1792.32
1791.9
1791.45
1790.98
1790.49
1789.98
1789.45
1788.91
1788.35
1787.77
1787.18
1786.57
1785.93
1785.27
1784.59
1783.88
1783.13
1782.35
1781.54
1780.69
1779.81
1778.9
1777.95
1776.98
1775.98
1774.94
1773.88
1772.78
1771.65
1770.48
1769.28
1768.03
1766.73
1765.39
1763.99
1762.54
1761.03
1759.47
1757.84
1756.15
1754.4
1752.57
1750.68
1748.71
1746.67
1744.54
1742.32
1740.01
1737.6
1735.09
1732.46
1729.71
1726.82
1723.8
1720.61
1717.26
1713.73
1710.01
1706.06
1701.89
1697.45
1692.73
1687.66
1682.26
1676.39
1670.07
1663.12
1655.49
1646.9
1637.15
1625.58
1611.25
1590.97
1559.56
1800.88
1799.76
1799.78
1799.75
1799.77
1799.8
1799.85
1799.9
1799.95
1799.98
1799.98
1799.97
1799.94
1799.89
1799.84
1799.78
1799.71
1799.63
1799.53
1799.42
1799.27
1799.1
1798.9
1798.68
1798.44
1798.2
1797.96
1797.73
1797.52
1797.32
1797.13
1796.94
1796.74
1796.53
1796.3
1796.05
1795.78
1795.48
1795.18
1794.86
1794.52
1794.19
1793.84
1793.48
1793.11
1792.73
1792.33
1791.9
1791.46
1790.99
1790.5
1789.99
1789.46
1788.92
1788.36
1787.78
1787.19
1786.58
1785.95
1785.29
1784.61
1783.89
1783.15
1782.37
1781.56
1780.71
1779.83
1778.92
1777.97
1777
1775.99
1774.96
1773.9
1772.8
1771.67
1770.5
1769.29
1768.04
1766.75
1765.41
1764.01
1762.56
1761.06
1759.49
1757.87
1756.18
1754.42
1752.6
1750.71
1748.74
1746.7
1744.57
1742.36
1740.05
1737.64
1735.13
1732.51
1729.76
1726.87
1723.85
1720.66
1717.32
1713.79
1710.07
1706.13
1701.96
1697.52
1692.8
1687.74
1682.34
1676.49
1670.18
1663.24
1655.63
1647.06
1637.32
1625.78
1611.46
1591.14
1559.49
1800.88
1799.76
1799.78
1799.76
1799.77
1799.79
1799.85
1799.9
1799.95
1799.98
1799.99
1799.97
1799.94
1799.9
1799.84
1799.78
1799.71
1799.63
1799.54
1799.42
1799.28
1799.1
1798.9
1798.68
1798.44
1798.2
1797.96
1797.74
1797.52
1797.32
1797.13
1796.94
1796.74
1796.53
1796.3
1796.05
1795.78
1795.49
1795.18
1794.86
1794.53
1794.19
1793.84
1793.49
1793.12
1792.73
1792.33
1791.91
1791.47
1791
1790.51
1790
1789.47
1788.93
1788.37
1787.8
1787.21
1786.6
1785.96
1785.31
1784.62
1783.91
1783.17
1782.39
1781.58
1780.73
1779.84
1778.93
1777.99
1777.01
1776.01
1774.97
1773.91
1772.81
1771.68
1770.51
1769.31
1768.06
1766.77
1765.42
1764.03
1762.58
1761.08
1759.51
1757.89
1756.2
1754.45
1752.63
1750.74
1748.77
1746.73
1744.6
1742.39
1740.08
1737.67
1735.17
1732.55
1729.8
1726.91
1723.89
1720.71
1717.37
1713.84
1710.12
1706.18
1702.02
1697.58
1692.86
1687.8
1682.41
1676.56
1670.25
1663.32
1655.71
1647.15
1637.42
1625.9
1611.6
1591.25
1559.58
1800.88
1799.77
1799.78
1799.76
1799.77
1799.8
1799.85
1799.9
1799.95
1799.98
1799.99
1799.98
1799.94
1799.9
1799.85
1799.78
1799.72
1799.64
1799.54
1799.43
1799.28
1799.11
1798.91
1798.69
1798.45
1798.21
1797.97
1797.74
1797.53
1797.33
1797.13
1796.94
1796.74
1796.54
1796.31
1796.06
1795.78
1795.49
1795.19
1794.87
1794.54
1794.2
1793.85
1793.49
1793.13
1792.74
1792.34
1791.92
1791.48
1791.01
1790.52
1790.02
1789.49
1788.95
1788.39
1787.82
1787.22
1786.61
1785.98
1785.33
1784.64
1783.93
1783.18
1782.41
1781.59
1780.74
1779.86
1778.94
1778
1777.02
1776.02
1774.98
1773.92
1772.82
1771.69
1770.53
1769.32
1768.08
1766.78
1765.44
1764.05
1762.6
1761.1
1759.54
1757.91
1756.23
1754.48
1752.66
1750.77
1748.8
1746.76
1744.63
1742.42
1740.12
1737.71
1735.21
1732.58
1729.83
1726.94
1723.92
1720.74
1717.41
1713.88
1710.17
1706.23
1702.07
1697.64
1692.93
1687.88
1682.49
1676.64
1670.34
1663.41
1655.81
1647.26
1637.55
1626.05
1611.77
1591.38
1559.91
1800.87
1799.77
1799.78
1799.76
1799.77
1799.8
1799.85
1799.9
1799.95
1799.98
1799.99
1799.98
1799.94
1799.9
1799.85
1799.79
1799.72
1799.64
1799.55
1799.43
1799.29
1799.12
1798.92
1798.69
1798.46
1798.21
1797.98
1797.75
1797.53
1797.33
1797.14
1796.95
1796.75
1796.54
1796.31
1796.06
1795.79
1795.5
1795.19
1794.87
1794.54
1794.21
1793.86
1793.5
1793.14
1792.75
1792.35
1791.93
1791.49
1791.02
1790.54
1790.03
1789.51
1788.96
1788.41
1787.83
1787.24
1786.63
1786
1785.35
1784.66
1783.95
1783.2
1782.42
1781.6
1780.75
1779.86
1778.95
1778
1777.03
1776.02
1774.98
1773.92
1772.83
1771.7
1770.54
1769.34
1768.09
1766.8
1765.46
1764.07
1762.62
1761.12
1759.56
1757.94
1756.25
1754.5
1752.68
1750.79
1748.83
1746.78
1744.65
1742.44
1740.13
1737.72
1735.2
1732.57
1729.82
1726.94
1723.91
1720.73
1717.39
1713.87
1710.16
1706.22
1702.06
1697.62
1692.92
1687.87
1682.47
1676.63
1670.33
1663.4
1655.79
1647.24
1637.53
1626.03
1611.74
1591.35
1560.08
1800.86
1799.78
1799.78
1799.76
1799.77
1799.8
1799.85
1799.9
1799.95
1799.98
1799.99
1799.98
1799.95
1799.9
1799.85
1799.79
1799.72
1799.65
1799.55
1799.44
1799.3
1799.13
1798.93
1798.7
1798.47
1798.22
1797.99
1797.76
1797.54
1797.34
1797.15
1796.96
1796.76
1796.55
1796.32
1796.07
1795.8
1795.51
1795.2
1794.89
1794.56
1794.22
1793.87
1793.52
1793.15
1792.77
1792.37
1791.95
1791.51
1791.04
1790.55
1790.05
1789.52
1788.98
1788.43
1787.85
1787.26
1786.65
1786.02
1785.37
1784.68
1783.96
1783.21
1782.42
1781.6
1780.75
1779.87
1778.95
1778.01
1777.03
1776.03
1774.99
1773.93
1772.84
1771.72
1770.55
1769.35
1768.11
1766.82
1765.48
1764.09
1762.65
1761.14
1759.59
1757.96
1756.28
1754.53
1752.72
1750.83
1748.87
1746.82
1744.7
1742.48
1740.18
1737.77
1735.25
1732.62
1729.87
1726.98
1723.97
1720.79
1717.45
1713.93
1710.22
1706.29
1702.14
1697.71
1693.01
1687.97
1682.58
1676.74
1670.44
1663.51
1655.92
1647.38
1637.68
1626.21
1611.96
1591.58
1560.69
1800.86
1799.78
1799.78
1799.76
1799.77
1799.79
1799.85
1799.9
1799.95
1799.98
1799.99
1799.98
1799.95
1799.9
1799.85
1799.79
1799.73
1799.65
1799.56
1799.44
1799.3
1799.13
1798.94
1798.71
1798.48
1798.23
1797.99
1797.76
1797.55
1797.35
1797.15
1796.96
1796.77
1796.56
1796.33
1796.08
1795.81
1795.52
1795.22
1794.9
1794.57
1794.23
1793.89
1793.53
1793.17
1792.78
1792.38
1791.96
1791.52
1791.06
1790.57
1790.07
1789.54
1789
1788.44
1787.87
1787.28
1786.67
1786.04
1785.38
1784.7
1783.97
1783.22
1782.42
1781.6
1780.75
1779.87
1778.95
1778.01
1777.03
1776.02
1774.99
1773.92
1772.83
1771.7
1770.54
1769.33
1768.09
1766.79
1765.45
1764.06
1762.62
1761.11
1759.55
1757.93
1756.24
1754.49
1752.67
1750.78
1748.81
1746.77
1744.65
1742.44
1740.14
1737.73
1735.22
1732.58
1729.84
1726.95
1723.93
1720.76
1717.42
1713.9
1710.19
1706.26
1702.1
1697.67
1692.98
1687.93
1682.54
1676.7
1670.4
1663.48
1655.89
1647.36
1637.67
1626.21
1612.03
1591.58
1561.23
1800.85
1799.8
1799.78
1799.76
1799.77
1799.8
1799.85
1799.9
1799.95
1799.98
1799.99
1799.98
1799.95
1799.91
1799.86
1799.8
1799.73
1799.66
1799.56
1799.45
1799.31
1799.14
1798.94
1798.72
1798.49
1798.24
1798
1797.77
1797.56
1797.35
1797.16
1796.97
1796.77
1796.57
1796.34
1796.09
1795.82
1795.54
1795.23
1794.91
1794.58
1794.25
1793.9
1793.55
1793.18
1792.8
1792.4
1791.98
1791.54
1791.08
1790.59
1790.09
1789.56
1789.02
1788.47
1787.89
1787.3
1786.69
1786.06
1785.41
1784.72
1783.99
1783.23
1782.44
1781.62
1780.77
1779.88
1778.97
1778.02
1777.05
1776.05
1775.03
1773.98
1772.89
1771.76
1770.6
1769.4
1768.16
1766.87
1765.53
1764.14
1762.7
1761.2
1759.64
1758.03
1756.34
1754.6
1752.78
1750.9
1748.94
1746.9
1744.78
1742.57
1740.28
1737.87
1735.36
1732.73
1729.99
1727.11
1724.1
1720.93
1717.6
1714.08
1710.38
1706.46
1702.32
1697.9
1693.22
1688.19
1682.82
1676.99
1670.71
1663.81
1656.25
1647.75
1638.1
1626.71
1612.67
1592.37
1563.27
1571.1
1567.79
1564.36
1560.75
1556.98
1553.02
1548.89
1544.54
1539.99
1535.23
1530.32
1525.25
1519.81
1514.15
1508.2
1501.85
1495.3
1488.53
1481.51
1474.22
1466.63
1458.76
1450.61
1442.17
1433.44
1424.45
1415.18
1405.65
1395.86
1385.83
1375.55
1365.06
1354.35
1343.44
1332.34
1321.08
1309.65
1298.08
1286.37
1274.56
1262.63
1250.63
1238.54
1226.41
1214.21
1202
1189.73
1177.49
1165.21
1152.98
1140.72
1128.51
1116.22
1103.95
1091.51
1079
1066.27
1053.51
1040.68
1028.32
1016.22
1004.81
993.869
983.565
974.049
965.331
957.433
950.492
944.798
939.998
936.577
932.956
933.141
934.372
937.792
943.084
951.011
957.807
974.785
439.862
1570.9
1567.58
1564.12
1560.48
1556.68
1552.69
1548.5
1544.11
1539.5
1534.65
1529.52
1524.34
1518.94
1513.3
1507.26
1500.95
1494.36
1487.52
1480.4
1473.02
1465.34
1457.39
1449.14
1440.62
1431.82
1422.75
1413.4
1403.8
1393.95
1383.86
1373.53
1363
1352.24
1341.31
1330.18
1318.9
1307.45
1295.88
1284.17
1272.36
1260.44
1248.46
1236.38
1224.27
1212.1
1199.91
1187.68
1175.45
1163.2
1150.96
1138.65
1126.34
1113.92
1101.44
1088.85
1076.25
1063.67
1051.43
1039.43
1028.12
1016.92
1006.25
995.96
986.503
977.2
969.376
961.926
955.527
950.474
946.708
944.41
944.79
946.154
948.348
950.986
953.73
956.15
958.367
966.016
443.09
1570.59
1567.21
1563.71
1560.03
1556.17
1552.13
1547.88
1543.43
1538.77
1533.89
1528.79
1523.4
1517.85
1512.03
1505.87
1499.48
1492.79
1485.8
1478.55
1471.02
1463.21
1455.12
1446.75
1438.11
1429.18
1419.99
1410.54
1400.84
1390.89
1380.71
1370.31
1359.7
1348.88
1337.89
1326.72
1315.4
1303.93
1292.34
1280.61
1268.8
1256.88
1244.9
1232.84
1220.74
1208.58
1196.4
1184.18
1171.95
1159.66
1147.33
1134.9
1122.39
1109.78
1097.11
1084.55
1072.23
1060.31
1049.11
1038.34
1027.84
1018.02
1008.22
999.137
991.016
982.99
976.119
970.66
965.684
961.864
960.472
959.476
960.154
960.531
961.527
961.304
961.47
960.862
960.292
964.387
440.116
1570.13
1566.69
1563.13
1559.37
1555.44
1551.31
1546.97
1542.42
1537.66
1532.67
1527.45
1521.89
1516.14
1510.1
1503.82
1497.28
1490.43
1483.27
1475.82
1468.1
1460.1
1451.83
1443.28
1434.45
1425.35
1416
1406.39
1396.54
1386.46
1376.15
1365.64
1354.93
1344.04
1332.97
1321.75
1310.38
1298.88
1287.27
1275.53
1263.72
1251.81
1239.84
1227.81
1215.73
1203.6
1191.44
1179.21
1166.94
1154.55
1142.07
1129.48
1116.8
1104.22
1091.89
1079.98
1068.85
1058.34
1048.29
1038.87
1029.16
1020.59
1012.57
1004.57
998.188
992.656
986.904
984.267
981.87
979.489
979.321
978.139
976.65
974.784
973.048
970.436
968.115
965.495
961.801
963.067
440.994
1569.54
1566.02
1562.37
1558.52
1554.48
1550.23
1545.77
1541.09
1536.18
1531.03
1525.63
1519.91
1513.96
1507.69
1501.19
1494.42
1487.35
1479.97
1472.29
1464.32
1456.08
1447.56
1438.78
1429.72
1420.41
1410.85
1401.05
1391.02
1380.77
1370.32
1359.68
1348.86
1337.86
1326.72
1315.43
1304.02
1292.48
1280.85
1269.11
1257.3
1245.4
1233.45
1221.44
1209.37
1197.25
1185.05
1172.75
1160.35
1147.81
1135.18
1122.62
1110.23
1098.33
1087.22
1076.75
1067.06
1057.99
1048.77
1040.72
1032.91
1025.24
1019.6
1013.72
1008.81
1006.63
1002.85
1001.6
1001.28
998.332
996.351
994.122
990.497
986.287
982.303
978.089
974.088
970.517
964.875
965.241
442.927
1568.83
1565.21
1561.46
1557.49
1553.32
1548.93
1544.32
1539.46
1534.36
1529.01
1523.4
1517.5
1511.27
1504.74
1497.95
1490.9
1483.56
1475.9
1467.94
1459.69
1451.15
1442.35
1433.28
1423.96
1414.39
1404.59
1394.56
1384.33
1373.89
1363.27
1352.48
1341.54
1330.44
1319.21
1307.86
1296.39
1284.83
1273.17
1261.43
1249.62
1237.74
1225.79
1213.79
1201.7
1189.52
1177.23
1164.79
1152.25
1139.76
1127.36
1115.5
1104.36
1093.98
1084.6
1075.76
1067
1059.35
1051.66
1044.63
1039.45
1033.5
1029.82
1027.4
1023.93
1023.65
1022.2
1019.06
1017.66
1014.55
1010.19
1006.01
1001.44
996.335
991.288
986.26
981.434
977.077
970.195
970.203
447.275
1568.01
1564.27
1560.4
1556.29
1551.97
1547.41
1542.6
1537.54
1532.22
1526.63
1520.77
1514.61
1508.07
1501.23
1494.12
1486.73
1479.06
1471.07
1462.78
1454.19
1445.32
1436.18
1426.79
1417.16
1407.3
1397.23
1386.95
1376.49
1365.85
1355.05
1344.11
1333.02
1321.82
1310.5
1299.07
1287.56
1275.95
1264.28
1252.53
1240.71
1228.83
1216.87
1204.82
1192.66
1180.39
1167.97
1155.62
1143.3
1131.54
1120.41
1110.11
1101.01
1092.3
1084.05
1076.81
1069.19
1062.86
1057.77
1052
1049.34
1046.51
1044.01
1044.04
1041.77
1039.38
1037.92
1034.12
1029.93
1025.88
1021.08
1015.88
1010.7
1005.44
1000.1
994.632
989.098
983.825
976.796
974.925
454.675
1567.09
1563.21
1559.19
1554.92
1550.42
1545.66
1540.64
1535.34
1529.75
1523.88
1517.75
1511.24
1504.35
1497.16
1489.68
1481.91
1473.84
1465.47
1456.8
1447.83
1438.58
1429.07
1419.32
1409.35
1399.18
1388.81
1378.26
1367.56
1356.7
1345.72
1334.6
1323.38
1312.06
1300.65
1289.15
1277.58
1265.95
1254.24
1242.48
1230.63
1218.71
1206.69
1194.57
1182.31
1170.05
1157.82
1146.15
1135.01
1124.85
1116.08
1107.74
1100.13
1093.17
1085.83
1080.17
1074.88
1069.71
1067.53
1064.2
1062.96
1062.68
1059.9
1058.52
1056.76
1052.61
1048.91
1044.96
1040.14
1035.08
1030.05
1024.87
1019.53
1013.97
1008.3
1002.44
996.403
990.519
983.185
980.485
458.237
1566.07
1562.03
1557.85
1553.4
1548.69
1543.7
1538.42
1532.84
1526.95
1520.77
1514.29
1507.37
1500.1
1492.52
1484.61
1476.4
1467.88
1459.07
1449.97
1440.58
1430.92
1421.01
1410.88
1400.54
1390.02
1379.35
1368.52
1357.56
1346.49
1335.3
1324.03
1312.66
1301.23
1289.72
1278.16
1266.53
1254.85
1243.11
1231.3
1219.4
1207.43
1195.36
1183.28
1171.23
1159.63
1148.66
1138.66
1129.87
1121.66
1114.55
1107.97
1101.26
1096.2
1090.82
1086.67
1084.4
1081.09
1080.82
1079.62
1077.17
1076.41
1073.9
1069.91
1066.77
1062.82
1058.15
1053.4
1048.62
1043.62
1038.36
1032.89
1027.3
1021.47
1015.47
1009.26
1002.87
996.628
989.211
985.264
467.925
1564.96
1560.74
1556.38
1551.71
1546.76
1541.51
1535.94
1530.04
1523.81
1517.28
1510.35
1503
1495.3
1487.26
1478.88
1470.18
1461.17
1451.87
1442.28
1432.42
1422.31
1411.98
1401.44
1390.72
1379.85
1368.85
1357.74
1346.53
1335.23
1323.85
1312.41
1300.91
1289.36
1277.77
1266.12
1254.43
1242.69
1230.89
1219.03
1207.08
1195.14
1183.22
1171.64
1160.63
1150.71
1142.16
1134.54
1128.08
1121.81
1115.7
1110.78
1105.59
1102.38
1099.74
1097.28
1097.48
1095.49
1093.92
1093.02
1089.77
1086.48
1083.49
1079.4
1075.03
1070.63
1066.13
1061.36
1056.29
1051.02
1045.61
1039.93
1034.04
1027.92
1021.66
1015.27
1008.69
1002.3
994.486
990.782
476.428
1563.77
1559.35
1554.78
1549.87
1544.65
1539.09
1533.19
1526.92
1520.32
1513.36
1505.93
1498.1
1489.91
1481.36
1472.45
1463.21
1453.65
1443.81
1433.69
1423.33
1412.74
1401.96
1391
1379.89
1368.67
1357.35
1345.94
1334.47
1322.95
1311.38
1299.78
1288.14
1276.48
1264.79
1253.07
1241.3
1229.53
1217.69
1205.89
1194.2
1182.78
1171.95
1162.13
1153.5
1145.94
1139.5
1133.57
1128.51
1124.04
1119.46
1116.7
1113.72
1112.35
1112.37
1110.2
1109.61
1108.3
1104.88
1102.34
1099.18
1095.08
1091.05
1086.88
1082.58
1077.99
1073.14
1068.15
1062.99
1057.52
1051.81
1045.89
1039.81
1033.56
1027.14
1020.59
1013.83
1007.32
999.196
995.654
483.671
1562.5
1557.85
1553.05
1547.87
1542.34
1536.44
1530.15
1523.48
1516.45
1508.97
1500.99
1492.64
1483.89
1474.77
1465.28
1455.44
1445.29
1434.86
1424.18
1413.28
1402.19
1390.94
1379.55
1368.06
1356.47
1344.83
1333.14
1321.42
1309.67
1297.92
1286.16
1274.39
1262.62
1250.82
1239.05
1227.25
1215.47
1203.85
1192.39
1181.6
1171.55
1162.89
1155.95
1150.33
1145
1140.26
1135.78
1131.69
1129.2
1126.78
1126.4
1125.79
1124.12
1124.06
1122.08
1119.19
1117.18
1113.82
1110.01
1106.36
1102.37
1098.21
1093.77
1089.11
1084.35
1079.38
1074.11
1068.62
1062.96
1057.13
1051.1
1044.87
1038.47
1031.9
1025.24
1018.36
1011.74
1003.43
1000.01
490.032
1561.15
1556.25
1551.19
1545.69
1539.82
1533.53
1526.82
1519.69
1512.16
1504.06
1495.52
1486.56
1477.19
1467.43
1457.3
1446.82
1436.03
1424.98
1413.7
1402.24
1390.63
1378.9
1367.09
1355.19
1343.26
1331.3
1319.33
1307.37
1295.41
1283.47
1271.57
1259.67
1247.81
1235.99
1224.22
1212.69
1201.38
1190.68
1180.96
1172.29
1165.03
1158.9
1153.76
1149.83
1146.23
1142.98
1140.59
1138.31
1138.18
1137.66
1136.9
1136.95
1134.81
1132.69
1130.64
1127.24
1124.03
1120.7
1116.93
1113.02
1108.8
1104.38
1099.82
1095
1089.88
1084.59
1079.16
1073.56
1067.76
1061.75
1055.57
1049.22
1042.73
1036.06
1029.31
1022.31
1015.59
1007.23
1003.51
495.225
1559.73
1554.54
1549.19
1543.35
1537.08
1530.35
1523.16
1515.53
1507.36
1498.64
1489.45
1479.82
1469.76
1459.29
1448.46
1437.28
1425.82
1414.11
1402.22
1390.18
1378.04
1365.83
1353.58
1341.31
1329.03
1316.77
1304.53
1292.32
1280.18
1268.06
1256.04
1244.08
1232.18
1220.54
1209.11
1198.2
1188.21
1179.2
1172.13
1166.76
1162.6
1159.09
1155.29
1152.06
1149.94
1148.84
1149.29
1148.69
1148.24
1148.34
1146.27
1144.88
1143.04
1139.89
1137.11
1133.96
1130.45
1126.85
1122.94
1118.85
1114.53
1109.9
1104.99
1099.91
1094.68
1089.26
1083.63
1077.82
1071.86
1065.74
1059.47
1053.01
1046.41
1039.64
1032.82
1025.74
1018.97
1010.49
1006.8
498.91
1558.23
1552.73
1547.05
1540.81
1534.11
1526.88
1519.15
1510.92
1502.05
1492.63
1482.72
1472.34
1461.52
1450.28
1438.68
1426.77
1414.59
1402.22
1389.69
1377.08
1364.4
1351.72
1339.03
1326.39
1313.77
1301.21
1288.73
1276.3
1264
1251.79
1239.71
1227.92
1216.4
1205.53
1195.58
1186.73
1179.51
1173.45
1168.57
1165.13
1162.69
1160.61
1158.65
1157.4
1157.85
1157.72
1158.31
1158.47
1156.63
1155.86
1153.92
1151.13
1149.05
1146.18
1143
1139.72
1136.12
1132.33
1128.28
1123.93
1119.32
1114.53
1109.54
1104.32
1098.88
1093.26
1087.5
1081.56
1075.47
1069.19
1062.78
1056.23
1049.58
1042.75
1035.88
1028.72
1021.87
1013.32
1009.47
502.062
1556.66
1550.81
1544.76
1538.08
1530.87
1523.09
1514.76
1505.8
1496.17
1485.99
1475.26
1464.06
1452.38
1440.33
1427.9
1415.21
1402.29
1389.24
1376.08
1362.88
1349.7
1336.52
1323.45
1310.39
1297.49
1284.63
1271.93
1259.39
1246.95
1234.87
1223.01
1211.67
1201.35
1191.87
1184.02
1178.31
1174.43
1171.77
1169.32
1166.89
1164.88
1165.06
1165.87
1166.07
1167.18
1166.58
1165.7
1165.76
1163.73
1161.68
1159.95
1157.02
1154.34
1151.54
1148.31
1144.88
1141.13
1137.07
1132.79
1128.3
1123.59
1118.63
1113.46
1108.09
1102.56
1096.82
1090.89
1084.77
1078.54
1072.16
1065.68
1059.04
1052.32
1045.41
1038.47
1031.25
1024.38
1015.71
1011.96
504.985
1555.02
1548.77
1542.3
1535.13
1527.35
1518.93
1509.91
1500.11
1489.66
1478.61
1467.01
1454.87
1442.3
1429.33
1416.05
1402.54
1388.88
1375.12
1361.36
1347.57
1333.89
1320.25
1306.75
1293.38
1280.13
1267.13
1254.23
1241.77
1229.53
1217.97
1207.39
1197.73
1190.21
1183.86
1178.84
1175.29
1173.27
1172.16
1171.01
1170.88
1170.86
1172.15
1174.01
1173.99
1174.26
1173.71
1171.56
1170.91
1169.34
1166.77
1164.88
1162.24
1159.24
1156.24
1152.89
1149.25
1145.37
1141.2
1136.78
1132.11
1127.23
1122.17
1116.91
1111.42
1105.72
1099.83
1093.79
1087.58
1081.25
1074.75
1068.17
1061.44
1054.65
1047.69
1040.71
1033.42
1026.49
1017.66
1014.17
507.617
1553.31
1546.61
1539.68
1531.93
1523.51
1514.39
1504.52
1493.82
1482.44
1470.43
1457.82
1444.7
1431.14
1417.21
1403.05
1388.69
1374.29
1359.84
1345.45
1331.14
1316.91
1302.89
1288.96
1275.32
1261.86
1248.76
1236.04
1223.84
1212.45
1202.11
1193.35
1186.52
1181.84
1179.31
1178.09
1176.42
1174.7
1175.1
1176.09
1178.19
1178.83
1179.79
1180.91
1180.23
1179.61
1179.31
1177
1175.42
1174.01
1171.5
1169.26
1166.72
1163.63
1160.35
1156.85
1153.08
1149.05
1144.76
1140.23
1135.46
1130.47
1125.26
1119.85
1114.24
1108.46
1102.47
1096.32
1089.98
1083.55
1076.97
1070.33
1063.53
1056.67
1049.62
1042.56
1035.23
1028.28
1019.38
1016.02
509.869
1551.52
1544.31
1536.86
1528.46
1519.31
1509.38
1498.52
1486.84
1474.43
1461.33
1447.64
1433.42
1418.81
1403.9
1388.79
1373.64
1358.43
1343.36
1328.33
1313.49
1298.81
1284.35
1270.18
1256.29
1242.91
1230.07
1218.12
1207.34
1198.23
1191.16
1185.56
1182.11
1179.16
1178.41
1178.39
1178.58
1179.35
1181.04
1182.72
1185.01
1185.54
1185.48
1185.82
1185.01
1183.76
1183.5
1181.8
1179.61
1178.01
1175.65
1173.12
1170.47
1167.38
1163.97
1160.3
1156.37
1152.24
1147.85
1143.23
1138.34
1133.24
1127.92
1122.41
1116.69
1110.79
1104.69
1098.46
1092.07
1085.57
1078.91
1072.18
1065.29
1058.36
1051.25
1044.15
1036.76
1029.76
1020.92
1017.16
508.125
1549.65
1541.87
1533.82
1524.68
1514.68
1503.81
1491.86
1479.08
1465.48
1451.22
1436.29
1420.97
1405.19
1389.31
1373.24
1357.26
1341.34
1325.56
1309.99
1294.6
1279.56
1264.78
1250.48
1236.8
1223.78
1212
1201.52
1192.81
1186.64
1183.12
1181.52
1181.09
1180.04
1180.14
1181.65
1183.9
1186.53
1187.82
1188.85
1190.27
1190.7
1190.13
1189.99
1189.32
1187.6
1187.08
1185.85
1183.55
1181.58
1179.22
1176.52
1173.71
1170.58
1167.09
1163.32
1159.27
1154.99
1150.5
1145.79
1140.84
1135.65
1130.21
1124.58
1118.76
1112.78
1106.62
1100.32
1093.84
1087.27
1080.55
1073.76
1066.8
1059.8
1052.61
1045.45
1038.01
1030.99
1022.13
1018.42
509.358
1547.71
1539.27
1530.52
1520.54
1509.64
1497.56
1484.45
1470.38
1455.53
1439.88
1423.75
1407.09
1390.29
1373.26
1356.37
1339.51
1322.9
1306.46
1290.33
1274.56
1259.19
1244.48
1230.39
1217.73
1206.37
1197.19
1190.34
1185.35
1182.22
1180.65
1180.84
1181.46
1182.79
1184.72
1187.29
1189.66
1192.21
1193
1193.48
1194.02
1194.51
1193.93
1193.42
1193.03
1191.27
1190.22
1189.1
1186.98
1184.76
1182.3
1179.5
1176.53
1173.32
1169.78
1165.92
1161.77
1157.39
1152.8
1148
1142.96
1137.68
1132.16
1126.45
1120.54
1114.47
1108.23
1101.88
1095.36
1088.75
1081.96
1075.09
1068.05
1060.98
1053.74
1046.54
1039.06
1032
1023.06
1019.58
511.345
1545.68
1536.48
1526.93
1516
1503.93
1490.59
1476.12
1460.66
1444.32
1427.28
1409.72
1391.84
1373.81
1355.84
1337.97
1320.4
1303
1286.05
1269.41
1253.5
1238.16
1224.02
1211.17
1200.07
1191.33
1185.17
1182.11
1181.98
1181.76
1181.43
1182.47
1185.13
1188.16
1191.12
1192.93
1194.42
1196.29
1197.1
1197.42
1197.42
1197.79
1197.31
1196.47
1196.16
1194.65
1193.07
1191.81
1189.86
1187.56
1184.99
1182.1
1178.99
1175.66
1172.05
1168.15
1163.93
1159.46
1154.76
1149.87
1144.74
1139.39
1133.79
1128
1122.01
1115.9
1109.61
1103.21
1096.63
1089.96
1083.1
1076.18
1069.09
1061.97
1054.68
1047.44
1039.93
1032.84
1024
1019.92
509.795
1543.56
1533.48
1523
1510.93
1497.55
1482.76
1466.75
1449.7
1431.77
1413.16
1394.19
1374.94
1355.84
1336.78
1318.15
1299.68
1281.8
1264.23
1247.65
1231.87
1217.52
1205.17
1195.61
1188.21
1183.71
1180.77
1180.17
1180.76
1182.43
1184.67
1187.15
1190.36
1192.97
1195.82
1196.91
1198.07
1199.4
1200.14
1200.71
1200.47
1200.58
1200.3
1199.22
1198.73
1197.55
1195.75
1194.19
1192.26
1189.95
1187.33
1184.38
1181.14
1177.7
1174.01
1170.04
1165.78
1161.25
1156.47
1151.47
1146.25
1140.83
1135.17
1129.34
1123.3
1117.13
1110.78
1104.34
1097.72
1091.01
1084.11
1077.14
1070
1062.85
1055.53
1048.25
1040.71
1033.6
1024.61
1020.98
511.016
1541.34
1530.22
1518.65
1505.35
1490.35
1473.93
1456.13
1437.35
1417.59
1397.44
1376.89
1356.4
1336.14
1316.12
1296.7
1277.46
1259.16
1241.68
1225.41
1211.02
1198.56
1189.04
1182.72
1179.68
1180.14
1180.12
1180.56
1182.54
1186.13
1189.64
1192.61
1194.8
1196.66
1199.09
1200.09
1201.32
1202.19
1202.75
1203.52
1203.21
1203.05
1202.89
1201.67
1200.94
1199.92
1198.14
1196.32
1194.3
1191.95
1189.3
1186.31
1183
1179.45
1175.66
1171.63
1167.32
1162.74
1157.87
1152.79
1147.49
1142
1136.29
1130.42
1124.34
1118.14
1111.75
1105.26
1098.59
1091.83
1084.88
1077.88
1070.71
1063.52
1056.16
1048.84
1041.26
1034.12
1024.99
1021.63
512.819
1539
1526.69
1513.84
1498.95
1482.21
1463.85
1444.09
1423.32
1401.7
1379.82
1357.78
1336.04
1314.66
1293.81
1273.48
1254.05
1235.5
1219.22
1204.65
1193.47
1185.85
1180.73
1177.81
1177.81
1178.65
1181
1183.95
1187.02
1190.7
1193.6
1196.53
1198.03
1199.56
1201.65
1202.69
1204.02
1204.65
1205.05
1205.85
1205.64
1205.24
1205.08
1203.93
1202.9
1201.87
1200.19
1198.25
1196.09
1193.67
1190.98
1187.98
1184.62
1180.99
1177.1
1173
1168.64
1164
1159.08
1153.94
1148.57
1143.03
1137.28
1131.38
1125.28
1119.05
1112.63
1106.1
1099.39
1092.59
1085.61
1078.59
1071.39
1064.17
1056.76
1049.4
1041.78
1034.58
1025.46
1021.99
511.43
1536.52
1522.81
1508.36
1491.68
1472.88
1452.34
1430.32
1407.45
1383.74
1360.3
1336.57
1313.9
1291.24
1269.91
1248.68
1229.98
1212.5
1198.09
1186.92
1179.22
1176.23
1176.64
1176.81
1177.9
1180.62
1184.7
1188.48
1191.44
1194.11
1196.46
1199.26
1200.7
1202.26
1203.92
1204.94
1206.29
1206.85
1207.14
1207.82
1207.71
1207.15
1206.91
1205.91
1204.66
1203.52
1201.91
1199.91
1197.65
1195.14
1192.39
1189.36
1185.98
1182.3
1178.34
1174.15
1169.72
1165.04
1160.08
1154.89
1149.47
1143.88
1138.09
1132.16
1126.04
1119.78
1113.31
1106.73
1099.95
1093.1
1086.09
1079.03
1071.79
1064.53
1057.09
1049.69
1042.04
1034.82
1025.82
1021.9
512.424
1533.86
1518.5
1502.23
1483.27
1462.15
1439.03
1414.55
1389.36
1363.6
1338.48
1313.37
1289.64
1266.01
1244.44
1223.32
1206.49
1192.9
1182.55
1177.39
1173.86
1173.91
1174.92
1177.82
1181.34
1184.85
1188.72
1191.79
1194.66
1196.7
1198.8
1201.46
1202.96
1204.66
1205.93
1206.89
1208.2
1208.82
1209.08
1209.6
1209.53
1208.9
1208.54
1207.65
1206.32
1205.01
1203.37
1201.36
1199.04
1196.46
1193.63
1190.56
1187.16
1183.45
1179.43
1175.18
1170.67
1165.95
1160.97
1155.76
1150.31
1144.68
1138.85
1132.9
1126.74
1120.44
1113.92
1107.28
1100.44
1093.54
1086.48
1079.39
1072.12
1064.83
1057.37
1049.96
1042.29
1035.07
1026.08
1022.2
513.996
1530.96
1513.7
1495.1
1473.52
1449.66
1423.56
1396.54
1368.7
1341.14
1314.26
1287.95
1263.44
1239.09
1218.41
1199.77
1185.83
1176.45
1171.31
1171.86
1172.4
1173.85
1176.96
1181.37
1185.43
1188.58
1191.55
1194.16
1197.1
1199
1201.02
1203.38
1204.96
1206.74
1207.81
1208.66
1209.88
1210.55
1210.79
1211.16
1211.07
1210.41
1209.98
1209.14
1207.78
1206.32
1204.61
1202.58
1200.22
1197.59
1194.69
1191.56
1188.13
1184.4
1180.33
1176
1171.42
1166.63
1161.61
1156.36
1150.85
1145.18
1139.3
1133.29
1127.06
1120.7
1114.12
1107.42
1100.53
1093.59
1086.48
1079.36
1072.07
1064.77
1057.3
1049.85
1042.18
1034.92
1025.94
1021.83
512.726
1527.7
1508.18
1486.79
1462.1
1435.02
1405.63
1375.83
1345.41
1316.04
1287.74
1260.35
1235.59
1212.09
1193.77
1182.28
1173.61
1169.39
1168.74
1169.78
1172.98
1177
1180.92
1184.98
1188.35
1191.32
1193.75
1196.21
1199.17
1201.06
1203.11
1205.1
1206.69
1208.51
1209.52
1210.31
1211.44
1212.08
1212.31
1212.54
1212.41
1211.73
1211.22
1210.38
1209.02
1207.46
1205.66
1203.58
1201.2
1198.53
1195.59
1192.41
1188.97
1185.24
1181.14
1176.75
1172.08
1167.22
1162.13
1156.82
1151.26
1145.53
1139.6
1133.55
1127.28
1120.89
1114.26
1107.54
1100.62
1093.67
1086.54
1079.4
1072.1
1064.79
1057.3
1049.83
1042.15
1034.91
1025.81
1022.1
513.567
1523.93
1501.94
1476.96
1448.61
1417.64
1384.81
1351.92
1319.29
1288.15
1258.93
1231.21
1207.14
1188.25
1174.01
1167.67
1166.18
1167.13
1168.57
1171.76
1176.38
1180.9
1184.34
1187.46
1190.33
1193.38
1195.7
1198.12
1200.89
1202.85
1204.93
1206.56
1208.09
1209.9
1210.9
1211.68
1212.7
1213.24
1213.47
1213.6
1213.42
1212.77
1212.19
1211.28
1209.92
1208.31
1206.45
1204.32
1201.9
1199.17
1196.14
1192.86
1189.34
1185.54
1181.39
1176.93
1172.2
1167.27
1162.12
1156.8
1151.24
1145.52
1139.58
1133.52
1127.23
1120.82
1114.2
1107.48
1100.58
1093.63
1086.52
1079.37
1072.05
1064.74
1057.26
1049.84
1042.15
1034.9
1025.7
1022.19
514.943
1519.47
1494.42
1465.18
1432.37
1397.02
1360.47
1324.67
1290
1257.91
1228.14
1202.49
1181.58
1172.43
1165.49
1162.93
1163.77
1167.06
1171.44
1175.54
1179.6
1183.32
1186.51
1189.15
1191.85
1194.98
1197.3
1199.74
1202.18
1204.18
1206.3
1207.71
1209.17
1210.91
1211.91
1212.73
1213.65
1214.05
1214.29
1214.34
1214.12
1213.5
1212.85
1211.92
1210.62
1209.05
1207.17
1205
1202.54
1199.76
1196.64
1193.28
1189.68
1185.83
1181.66
1177.2
1172.44
1167.48
1162.3
1156.97
1151.42
1145.71
1139.76
1133.66
1127.34
1120.92
1114.29
1107.59
1100.7
1093.76
1086.63
1079.48
1072.14
1064.84
1057.39
1050.05
1042.37
1035.12
1025.82
1023.05
513.791
1513.94
1485.27
1450.79
1412.8
1372.36
1332.3
1293.67
1258.04
1225.54
1197.36
1177.17
1162.68
1160.02
1160.27
1161.6
1165.01
1169.74
1174.71
1178.43
1181.5
1184.54
1187.74
1190.33
1193.05
1196.08
1198.45
1200.9
1203.01
1205.03
1207.15
1208.48
1209.91
1211.55
1212.57
1213.47
1214.3
1214.63
1214.82
1214.85
1214.64
1214.14
1213.36
1212.32
1210.97
1209.31
1207.33
1205.12
1202.64
1199.88
1196.79
1193.43
1189.79
1185.92
1181.76
1177.33
1172.59
1167.63
1162.44
1157.11
1151.55
1145.81
1139.81
1133.65
1127.27
1120.79
1114.13
1107.42
1100.53
1093.6
1086.47
1079.34
1072.03
1064.74
1057.27
1049.88
1042.22
1035.08
1026.13
1021.95
514.408
1507.08
1473.73
1432.94
1388.79
1343.04
1299.78
1259.17
1223.83
1193.65
1170.12
1162.18
1156.13
1156.52
1159.2
1163.52
1168.01
1172.31
1176.4
1179.86
1182.58
1185.36
1188.58
1191.29
1194.08
1196.89
1199.32
1201.79
1203.71
1205.74
1207.84
1209.2
1210.66
1212.18
1213.22
1214.19
1214.98
1215.27
1215.43
1215.45
1215.31
1214.73
1213.96
1213.03
1211.74
1210.01
1207.98
1205.72
1203.19
1200.42
1197.35
1193.99
1190.3
1186.37
1182.18
1177.77
1173.05
1168.09
1162.87
1157.51
1151.93
1146.2
1140.2
1134.04
1127.64
1121.17
1114.5
1107.81
1100.94
1094.03
1086.93
1079.83
1072.57
1065.33
1057.87
1050.47
1042.84
1035.68
1026.73
1022.41
515.558
1498.04
1458.85
1410.31
1359.46
1308.41
1263.37
1222.19
1188.65
1166.03
1150.81
1151.32
1153.26
1156.46
1160.97
1166.17
1170.51
1174.06
1177.47
1180.99
1183.73
1186.44
1189.62
1192.47
1195.37
1197.95
1200.48
1203
1204.84
1206.9
1208.99
1210.44
1211.97
1213.38
1214.44
1215.47
1216.24
1216.51
1216.66
1216.63
1216.45
1215.92
1215.13
1214.06
1212.69
1211.07
1209.13
1206.86
1204.28
1201.44
1198.29
1194.84
1191.08
1187.1
1182.88
1178.46
1173.74
1168.78
1163.56
1158.19
1152.61
1146.88
1140.89
1134.74
1128.35
1121.89
1115.24
1108.55
1101.65
1094.69
1087.54
1080.37
1073.04
1065.73
1058.25
1050.83
1043.14
1035.8
1026.71
1022.72
514.487
1485.97
1439.1
1381.53
1323.68
1268.86
1223.86
1187.08
1158.95
1151.3
1147.17
1149.31
1153.44
1159.02
1164.51
1169.43
1173.46
1176.47
1179.39
1182.81
1185.82
1188.75
1191.87
1194.83
1197.74
1200.13
1202.66
1205.13
1207.02
1209.1
1211.11
1212.72
1214.32
1215.59
1216.64
1217.71
1218.44
1218.74
1218.93
1218.88
1218.65
1218.12
1217.29
1216.11
1214.78
1213.23
1211.32
1209.04
1206.46
1203.63
1200.49
1197.04
1193.27
1189.27
1185.04
1180.6
1175.87
1170.91
1165.67
1160.28
1154.65
1148.89
1142.87
1136.71
1130.33
1123.87
1117.23
1110.54
1103.64
1096.69
1089.54
1082.38
1075.04
1067.73
1060.24
1052.82
1045.1
1037.78
1028.52
1024.92
515.056
1469.93
1413.23
1344.73
1282.63
1226.96
1183.79
1158.05
1143.1
1145.82
1149.79
1154.51
1159.83
1165.15
1169.65
1173.59
1177.39
1180.4
1183.32
1186.75
1190.1
1193.33
1196.32
1199.26
1202.08
1204.4
1206.91
1209.28
1211.27
1213.34
1215.19
1216.88
1218.47
1219.62
1220.72
1221.83
1222.54
1222.91
1223.09
1223.02
1222.71
1222.13
1221.27
1220.1
1218.65
1216.97
1214.98
1212.68
1210.09
1207.25
1204.09
1200.64
1196.89
1192.92
1188.69
1184.25
1179.51
1174.54
1169.28
1163.84
1158.15
1152.32
1146.23
1140.03
1133.6
1127.11
1120.42
1113.69
1106.74
1099.75
1092.57
1085.39
1078.02
1070.68
1063.16
1055.71
1047.97
1040.66
1031.37
1027.74
516.084
1448.65
1379.53
1301.64
1238.97
1192.69
1157.63
1147.23
1147.37
1149.75
1156.02
1164.29
1169.93
1174
1177.45
1180.61
1184.26
1187.8
1191.16
1194.65
1198.06
1201.15
1203.81
1206.65
1209.41
1211.79
1214.28
1216.55
1218.58
1220.54
1222.26
1223.92
1225.39
1226.44
1227.46
1228.39
1228.96
1229.25
1229.3
1229.17
1228.78
1228.12
1227.2
1225.98
1224.44
1222.67
1220.6
1218.23
1215.55
1212.61
1209.36
1205.82
1201.96
1197.88
1193.52
1188.95
1184.1
1179.05
1173.69
1168.16
1162.35
1156.41
1150.21
1143.92
1137.41
1130.84
1124.06
1117.23
1110.17
1103.1
1095.83
1088.57
1081.12
1073.7
1066.09
1058.57
1050.76
1043.37
1034.03
1030.41
515.114
1420.74
1337.58
1257.52
1200.21
1167.08
1152.06
1152.73
1156.9
1165.66
1172.58
1178.18
1182.43
1185.76
1189.07
1192.52
1196.15
1199.67
1202.9
1205.92
1208.99
1211.83
1214.23
1216.83
1219.3
1221.52
1223.73
1225.7
1227.61
1229.34
1230.78
1232.26
1233.52
1234.34
1235.16
1235.8
1236.2
1236.41
1236.24
1235.84
1235.21
1234.33
1233.18
1231.75
1230.04
1228.06
1225.8
1223.29
1220.48
1217.42
1214.09
1210.5
1206.57
1202.39
1197.9
1193.2
1188.23
1183.06
1177.59
1171.92
1165.97
1159.89
1153.58
1147.19
1140.56
1133.88
1126.97
1120
1112.82
1105.64
1098.26
1090.89
1083.33
1075.81
1068.11
1060.49
1052.6
1045.14
1035.78
1031.99
515.462
1383.63
1292.57
1229.71
1187.58
1168.32
1165.23
1170.84
1178.18
1183.38
1187.68
1190.61
1193.33
1196.23
1199.2
1202.27
1205.24
1208.25
1211.15
1213.74
1216.47
1219.1
1221.45
1223.72
1225.81
1227.91
1229.84
1231.6
1233.44
1234.98
1236.27
1237.58
1238.64
1239.44
1240.08
1240.53
1240.88
1240.87
1240.74
1240.3
1239.57
1238.62
1237.39
1235.86
1234.03
1231.91
1229.52
1226.87
1223.9
1220.65
1217.11
1213.33
1209.26
1204.95
1200.36
1195.6
1190.56
1185.34
1179.82
1174.09
1168.07
1161.93
1155.56
1149.11
1142.43
1135.68
1128.67
1121.61
1114.35
1107.09
1099.64
1092.2
1084.57
1076.98
1069.21
1061.52
1053.58
1046.1
1036.77
1032.71
516.246
1268
1144.77
1130.1
1137.78
1159.32
1178.93
1189.3
1195.99
1196.9
1197.06
1197.76
1199.88
1202.81
1205.61
1208.11
1210.43
1213.18
1216.01
1218.3
1220.78
1223.2
1225.48
1227.49
1229.25
1231.3
1233.03
1234.56
1236.38
1237.75
1238.8
1240.02
1241.01
1241.7
1242.26
1242.49
1242.78
1242.69
1242.38
1241.82
1240.98
1239.88
1238.54
1236.94
1235
1232.76
1230.26
1227.51
1224.39
1220.95
1217.16
1213.21
1208.99
1204.55
1199.8
1194.91
1189.76
1184.46
1178.82
1173
1166.85
1160.63
1154.17
1147.68
1140.9
1134.08
1126.97
1119.9
1112.58
1105.33
1097.82
1090.39
1082.7
1075.12
1067.31
1059.63
1051.66
1044.15
1034.78
1030.85
514.919
)
;

boundaryField
{
    inlet
    {
        type            fixedValue;
        value           uniform 1800;
    }
    outlet
    {
        type            zeroGradient;
    }
    axis
    {
        type            symmetryPlane;
    }
    wall
    {
        type            zeroGradient;
    }
    frontAndBack
    {
        type            empty;
    }
}


// ************************************************************************* //
