/*--------------------------------*- C++ -*----------------------------------*\
  =========                 |
  \\      /  F ield         | OpenFOAM: The Open Source CFD Toolbox
   \\    /   O peration     | Website:  https://openfoam.org
    \\  /    A nd           | Version:  13
     \\/     M anipulation  |
\*---------------------------------------------------------------------------*/
FoamFile
{
    format      ascii;
    class       volScalarField;
    location    "0.9";
    object      Ux;
}
// * * * * * * * * * * * * * * * * * * * * * * * * * * * * * * * * * * * * * //

dimensions      [0 1 -1 0 0 0 0];

internalField   nonuniform List<scalar> 
400
(
0.000245739
6.47479e-05
-0.00132852
-0.00359657
-0.00636682
-0.00933673
-0.0122553
-0.0148908
-0.0170055
-0.0183538
-0.0187095
-0.0179161
-0.0159489
-0.0129665
-0.00933247
-0.00558354
-0.00233525
-0.000135802
0.000716452
0.000395088
-0.000140986
-0.00190013
-0.00621854
-0.0122858
-0.0193498
-0.0267668
-0.0339372
-0.0402838
-0.0452367
-0.048251
-0.0488701
-0.046817
-0.0421024
-0.0351114
-0.0266244
-0.0177521
-0.00975495
-0.00375725
-0.000427127
0.000262549
-0.000666667
-0.00426787
-0.011582
-0.0211533
-0.0319058
-0.0429807
-0.0535519
-0.0628117
-0.0699733
-0.0743034
-0.0752025
-0.072316
-0.0656579
-0.0557122
-0.0434747
-0.0303948
-0.0181718
-0.00840011
-0.00221459
-6.20116e-05
-0.00115107
-0.00652377
-0.0167242
-0.0295638
-0.0436373
-0.0579283
-0.0714691
-0.0833121
-0.0925347
-0.0982731
-0.0998033
-0.0966558
-0.0887501
-0.0765276
-0.0610427
-0.0439654
-0.0274059
-0.0135201
-0.00411297
-0.000363469
-0.00157135
-0.00854157
-0.0213821
-0.0371957
-0.054268
-0.0714683
-0.0877509
-0.102099
-0.113512
-0.121025
-0.123777
-0.121113
-0.112734
-0.0988783
-0.0804986
-0.0593787
-0.0380535
-0.0194089
-0.00620867
-0.000651226
-0.00192132
-0.0102557
-0.0253816
-0.0437876
-0.0634984
-0.0833129
-0.102164
-0.119024
-0.132865
-0.142646
-0.147351
-0.146071
-0.138168
-0.123503
-0.102727
-0.0775724
-0.0509542
-0.0266544
-0.00877964
-0.000989519
-0.00219003
-0.0115988
-0.0285536
-0.0490599
-0.0709463
-0.0929867
-0.114145
-0.133441
-0.149875
-0.162366
-0.169747
-0.170832
-0.164555
-0.150225
-0.127952
-0.0991412
-0.0668901
-0.0359342
-0.0121814
-0.00146181
-0.00236312
-0.0125008
-0.0307273
-0.0527109
-0.0761516
-0.0998406
-0.122822
-0.144224
-0.163139
-0.178516
-0.189104
-0.193465
-0.190078
-0.17759
-0.155311
-0.123927
-0.0862835
-0.0478682
-0.0168124
-0.00217034
-0.00242977
-0.0129088
-0.0317648
-0.0544666
-0.0786447
-0.103142
-0.12713
-0.149905
-0.170734
-0.188698
-0.202582
-0.210813
-0.211502
-0.202622
-0.182477
-0.150577
-0.108828
-0.06284
-0.0230988
-0.0032493
-0.00239422
-0.0128264
-0.0316303
-0.0541782
-0.0780739
-0.102242
-0.126025
-0.148949
-0.170545
-0.190153
-0.206763
-0.218866
-0.224425
-0.220883
-0.205484
-0.17617
-0.13306
-0.0807278
-0.0314635
-0.00488769
-0.00229178
-0.0123664
-0.0304829
-0.05195
-0.074373
-0.0967956
-0.118778
-0.140141
-0.160763
-0.180374
-0.198355
-0.213512
-0.223989
-0.22702
-0.218989
-0.196126
-0.155977
-0.100518
-0.0422319
-0.0073546
-0.00221195
-0.0118192
-0.0287853
-0.0482752
-0.0679249
-0.0869712
-0.105266
-0.122988
-0.140428
-0.157795
-0.175021
-0.191559
-0.206007
-0.215807
-0.217071
-0.204586
-0.172919
-0.119874
-0.0554053
-0.0110067
-0.00233797
-0.0117484
-0.0274194
-0.0441426
-0.0596601
-0.0735639
-0.0861233
-0.0979454
-0.109783
-0.122368
-0.136256
-0.151626
-0.167911
-0.183353
-0.194447
-0.195335
-0.177927
-0.134848
-0.070235
-0.0162268
-0.00302365
-0.0131378
-0.0277957
-0.041052
-0.0509798
-0.0578507
-0.0625534
-0.0662121
-0.0700527
-0.0753037
-0.0831073
-0.0943822
-0.109545
-0.128047
-0.147598
-0.162932
-0.164515
-0.139921
-0.0845807
-0.0231898
-0.004938
-0.0176109
-0.0318778
-0.0407501
-0.0432436
-0.0408866
-0.0354677
-0.0287193
-0.0223197
-0.0179055
-0.0170821
-0.0213882
-0.0321597
-0.050193
-0.0750379
-0.103416
-0.126421
-0.12823
-0.0941377
-0.0312762
-0.00927041
-0.0275879
-0.0416667
-0.043951
-0.0359384
-0.0213086
-0.00303911
0.016493
0.0352347
0.0512854
0.0627603
0.0677147
0.0641164
0.0500102
0.0238842
-0.0139699
-0.0577823
-0.0916627
-0.091799
-0.0379667
-0.0177333
-0.0454328
-0.0560512
-0.0453603
-0.0208186
0.0107993
0.045353
0.0800521
0.112737
0.14151
0.164472
0.179548
0.184316
0.176085
0.151826
0.108822
0.0477419
-0.0203886
-0.0674406
-0.0372274
-0.0307489
-0.0670636
-0.0569559
-0.017372
0.0336182
0.0875666
0.140673
0.19075
0.236259
0.275846
0.30802
0.330947
0.342191
0.338896
0.317203
0.272282
0.199631
0.0996853
-0.00554772
-0.0154146
-0.0282182
-0.0421572
0.0373211
0.126877
0.208084
0.280393
0.344617
0.401079
0.449892
0.490892
0.523456
0.546407
0.557796
0.555307
0.535109
0.491698
0.416735
0.297084
0.132817
0.0673675
0.261528
0.324151
0.455394
0.560474
0.63313
0.686884
0.729305
0.763464
0.790879
0.812335
0.828006
0.837553
0.840203
0.834636
0.818622
0.788856
0.737913
0.647985
0.474696
0.341588
)
;

boundaryField
{
    movingWall
    {
        type            calculated;
        value           uniform 1;
    }
    fixedWalls
    {
        type            calculated;
        value           uniform 0;
    }
    frontAndBack
    {
        type            empty;
    }
}


// ************************************************************************* //
