/*--------------------------------*- C++ -*----------------------------------*\
  =========                 |
  \\      /  F ield         | OpenFOAM: The Open Source CFD Toolbox
   \\    /   O peration     | Website:  https://openfoam.org
    \\  /    A nd           | Version:  13
     \\/     M anipulation  |
\*---------------------------------------------------------------------------*/
FoamFile
{
    format      ascii;
    class       volVectorField;
    location    "0.55";
    object      U;
}
// * * * * * * * * * * * * * * * * * * * * * * * * * * * * * * * * * * * * * //

dimensions      [0 1 -1 0 0 0 0];

internalField   nonuniform List<vector> 
2016
(
(-0.028147 0.0185138 0)
(-0.0293444 0.0512999 0)
(-0.0084706 0.0671238 0)
(0.0198408 0.0392549 0)
(-0.0550915 0.00961365 0)
(-0.0332716 0.0231407 0)
(0.0218675 0.0156686 0)
(0.0997044 -0.0148353 0)
(-0.0571079 -0.00503105 0)
(-0.0314547 -0.0161411 0)
(0.0415397 -0.0291071 0)
(0.183794 -0.0597743 0)
(-0.0361631 -0.0146141 0)
(-0.0120912 -0.0432032 0)
(0.0751694 -0.0622936 0)
(0.244401 -0.0852088 0)
(0.00207498 -0.0222031 0)
(0.0212344 -0.0671182 0)
(0.106029 -0.0962669 0)
(0.260419 -0.10552 0)
(0.0537981 -0.026372 0)
(0.0662121 -0.0808243 0)
(0.129495 -0.118132 0)
(0.240386 -0.11963 0)
(0.108414 -0.0252478 0)
(0.11435 -0.0766788 0)
(0.150496 -0.112782 0)
(0.214735 -0.114739 0)
(0.156638 -0.0199646 0)
(0.157035 -0.059587 0)
(0.170865 -0.0862867 0)
(0.20117 -0.087615 0)
(0.191641 -0.013287 0)
(0.187219 -0.0389127 0)
(0.185624 -0.0554313 0)
(0.195513 -0.0533591 0)
(0.212305 -0.0072376 0)
(0.204417 -0.0207299 0)
(0.193088 -0.0300791 0)
(0.192855 -0.0266742 0)
(0.22119 -0.00226517 0)
(0.212363 -0.00672391 0)
(0.195442 -0.0109576 0)
(0.192206 -0.0103865 0)
(0.221396 0.00231257 0)
(0.214368 0.00339043 0)
(0.195859 0.00389474 0)
(0.191251 0.000176243 0)
(0.213865 0.00646076 0)
(0.213451 0.0114265 0)
(0.195525 0.014718 0)
(0.188989 0.00892169 0)
(0.200306 0.0102533 0)
(0.210554 0.0181674 0)
(0.193727 0.0222233 0)
(0.186205 0.0171312 0)
(0.181454 0.0141289 0)
(0.206482 0.0245824 0)
(0.191165 0.0274155 0)
(0.184082 0.0252683 0)
(0.157036 0.0186301 0)
(0.20196 0.0318853 0)
(0.189061 0.0323436 0)
(0.183168 0.0335661 0)
(0.125889 0.0239847 0)
(0.196587 0.0410922 0)
(0.189119 0.0387548 0)
(0.184154 0.0404668 0)
(0.0865929 0.0296023 0)
(0.188616 0.0526797 0)
(0.193433 0.0490905 0)
(0.189351 0.0464711 0)
(0.0377193 0.0339524 0)
(0.174332 0.0653041 0)
(0.202056 0.064477 0)
(0.199356 0.0557545 0)
(-0.0189159 0.0328678 0)
(0.149701 0.075644 0)
(0.21018 0.0813371 0)
(0.213873 0.0700926 0)
(-0.0853787 -0.00804269 0)
(0.113381 0.0630149 0)
(0.2065 0.0869278 0)
(0.222618 0.0946035 0)
(-0.0927755 -0.0723937 0)
(0.0655549 0.0280619 0)
(0.170969 0.0600472 0)
(0.227181 0.123876 0)
(-0.0253567 -0.077045 0)
(0.0248032 -0.0544993 0)
(0.111424 0.0108181 0)
(0.113996 0.222946 0)
(-0.843516 0.235694 0)
(-0.48693 0.665948 0)
(0.238668 0.743396 0)
(0.341357 -0.127211 0)
(-0.487808 -0.340279 0)
(0.189804 -0.447725 0)
(0.448164 -0.39683 0)
(0.556753 -0.457594 0)
(0.00939152 -0.709915 0)
(0.228015 -0.785593 0)
(0.414435 -0.746061 0)
(0.550662 -0.682214 0)
(0.622863 -0.706824 0)
(0.245686 -0.930945 0)
(0.30312 -0.937399 0)
(0.418006 -0.852094 0)
(1.59018 -0.345454 0)
(0.467691 -0.30819 0)
(0.241057 -0.826226 0)
(0.291291 -0.90088 0)
(1.6395 0.156702 0)
(1.57248 1.1276 0)
(1.07461 1.57383 0)
(0.72937 1.70177 0)
(-0.375089 0.43416 0)
(-0.562305 1.82022 0)
(-0.379419 3.23572 0)
(0.0850286 4.35384 0)
(-1.57551 -0.0499056 0)
(-2.51607 1.03391 0)
(-1.82106 2.26216 0)
(-0.982369 3.30496 0)
(-1.98117 -0.349285 0)
(-3.45071 0.731012 0)
(-2.98408 1.32951 0)
(-2.19442 1.9788 0)
(-2.3672 -0.651952 0)
(-3.63104 0.468377 0)
(-3.07683 0.831244 0)
(-2.68321 1.67642 0)
(-2.53782 -0.72684 0)
(-3.5975 0.44558 0)
(-4.21789 0.0212352 0)
(-4.34068 0.860896 0)
(-2.48424 -0.639406 0)
(-3.45636 0.418187 0)
(-4.55895 -0.524689 0)
(-4.66845 -0.325949 0)
(-2.32776 -0.559012 0)
(-3.10023 0.141706 0)
(-4.01624 -0.920674 0)
(-4.36236 -1.44995 0)
(-2.17451 -0.475058 0)
(-2.52838 0.0636679 0)
(-3.1727 -0.935065 0)
(-3.8367 -1.99214 0)
(-2.04291 -0.391779 0)
(-2.22182 -0.0813197 0)
(-2.11201 -0.598146 0)
(-2.78306 -1.86757 0)
(-1.85967 -0.336418 0)
(-2.01641 -0.290685 0)
(-1.30705 -0.425738 0)
(-1.51823 -1.24945 0)
(-1.44332 -0.326254 0)
(-1.58263 -0.77033 0)
(-0.890296 -1.04191 0)
(0.107508 -0.134159 0)
(-0.791342 -0.383077 0)
(-0.812325 -1.20491 0)
(-0.583078 -1.69273 0)
(-0.307702 -1.64934 0)
(-0.176936 -0.169621 0)
(-0.184942 -0.629842 0)
(-0.0570624 -1.14322 0)
(0.0352974 -1.44513 0)
(0.0453657 -0.0505611 0)
(0.0773064 -0.181104 0)
(0.0281399 -0.396229 0)
(-0.100666 -0.204504 0)
(-0.111264 -0.0934358 0)
(-0.0506483 -0.0194794 0)
(-0.0345633 0.0134107 0)
(-0.0235699 0.0416961 0)
(-0.0154732 0.0644314 0)
(-0.00877941 0.0808981 0)
(-0.00408901 0.0903176 0)
(-0.00117929 0.0955208 0)
(0.000348669 0.0984818 0)
(0.000965376 0.100036 0)
(0.00107344 0.101043 0)
(0.000935677 0.101984 0)
(0.000693063 0.10304 0)
(0.000447046 0.104307 0)
(0.000259802 0.105795 0)
(0.000157298 0.10746 0)
(0.00014368 0.109238 0)
(0.000196687 0.11107 0)
(0.000276985 0.112904 0)
(0.000346387 0.114711 0)
(0.000379037 0.116464 0)
(0.000380971 0.118133 0)
(0.00039067 0.119662 0)
(0.000472354 0.120953 0)
(0.000686761 0.12187 0)
(0.00110914 0.122299 0)
(0.00170289 0.121951 0)
(0.00241766 0.120808 0)
(0.00324893 0.118857 0)
(0.00411412 0.116039 0)
(0.00494099 0.112547 0)
(0.00561265 0.10857 0)
(0.00603803 0.10387 0)
(0.00599121 0.0987299 0)
(0.0053221 0.0945021 0)
(0.00414617 0.0911755 0)
(0.00273438 0.0890717 0)
(0.00111441 0.0868152 0)
(0.190587 -0.135346 0)
(0.225424 -0.330066 0)
(-0.0337798 -0.330674 0)
(-0.20026 -0.0440307 0)
(-0.111892 -0.150928 0)
(-0.0386231 -0.0795548 0)
(-0.0366542 -0.0806871 0)
(-0.0291382 -0.0691461 0)
(-0.0216043 -0.0614698 0)
(-0.0146804 -0.0546585 0)
(-0.00988269 -0.049106 0)
(-0.0065858 -0.0440385 0)
(-0.00451762 -0.0393724 0)
(-0.00336883 -0.0350792 0)
(-0.00286537 -0.0309983 0)
(-0.00277528 -0.0270095 0)
(-0.0029112 -0.0230224 0)
(-0.00313758 -0.0189594 0)
(-0.00337481 -0.0147619 0)
(-0.00358108 -0.0103941 0)
(-0.00373627 -0.00584456 0)
(-0.00383454 -0.00112621 0)
(-0.00387272 0.00371242 0)
(-0.00383959 0.00858655 0)
(-0.00371576 0.0133903 0)
(-0.00347517 0.0180098 0)
(-0.00309967 0.0223585 0)
(-0.00258043 0.0263928 0)
(-0.00193575 0.0301685 0)
(-0.00118252 0.0337337 0)
(-0.000372674 0.0373973 0)
(0.00043035 0.0411349 0)
(0.00118903 0.0450336 0)
(0.0018235 0.0492315 0)
(0.0023592 0.0539007 0)
(0.00270111 0.0588229 0)
(0.00287654 0.0635986 0)
(0.00278238 0.0682282 0)
(0.00243672 0.0729691 0)
(0.00194266 0.0766125 0)
(0.00139564 0.0795025 0)
(0.000592729 0.0803569 0)
(0.318666 -0.172222 0)
(0.260172 -0.236744 0)
(-0.186466 0.0510325 0)
(-0.236019 0.10715 0)
(-0.0926576 -0.0494463 0)
(-0.0667855 0.00149618 0)
(-0.0529564 -0.0248626 0)
(-0.0378764 -0.0175039 0)
(-0.0282886 -0.0187338 0)
(-0.020703 -0.0173211 0)
(-0.0151145 -0.0155662 0)
(-0.0113393 -0.0134556 0)
(-0.00900094 -0.0108726 0)
(-0.00771863 -0.00795929 0)
(-0.00719634 -0.00473992 0)
(-0.0071694 -0.0012678 0)
(-0.00742429 0.00242595 0)
(-0.00781911 0.00631324 0)
(-0.00824864 0.010366 0)
(-0.0086561 0.0145537 0)
(-0.00899728 0.0188484 0)
(-0.00922752 0.0232106 0)
(-0.00931873 0.02759 0)
(-0.00924047 0.031925 0)
(-0.00897817 0.0361589 0)
(-0.00853424 0.0402303 0)
(-0.00793419 0.044097 0)
(-0.00721465 0.0477249 0)
(-0.00645908 0.0511021 0)
(-0.00574848 0.0542417 0)
(-0.0051046 0.057178 0)
(-0.00457473 0.0599495 0)
(-0.00418176 0.0626235 0)
(-0.00392567 0.0653349 0)
(-0.00373691 0.0682188 0)
(-0.00356778 0.0711331 0)
(-0.00335987 0.0737024 0)
(-0.00294986 0.0759963 0)
(-0.00241374 0.07853 0)
(-0.00166532 0.0804209 0)
(-0.000854289 0.0819968 0)
(-0.000244136 0.0821976 0)
(0.358604 -0.152797 0)
(0.0439322 -0.0490075 0)
(-0.309951 0.130806 0)
(-0.197273 0.0571013 0)
(-0.0303676 -0.0104847 0)
(-0.0534316 0.0124064 0)
(-0.0426601 -0.00202623 0)
(-0.0346191 0.00206693 0)
(-0.026226 0.00135433 0)
(-0.019769 0.00136767 0)
(-0.0151353 0.00169346 0)
(-0.0121917 0.00244178 0)
(-0.0105434 0.00369328 0)
(-0.00984433 0.00551021 0)
(-0.00977398 0.00778606 0)
(-0.0100917 0.0104837 0)
(-0.0106207 0.0135366 0)
(-0.0112083 0.0168793 0)
(-0.0117705 0.0204449 0)
(-0.0122534 0.024163 0)
(-0.0126186 0.0279905 0)
(-0.0128334 0.0318756 0)
(-0.0128738 0.0357713 0)
(-0.0127149 0.0396426 0)
(-0.0123419 0.0434544 0)
(-0.0117518 0.0471725 0)
(-0.0109584 0.0507692 0)
(-0.0100035 0.0541766 0)
(-0.00894215 0.0573552 0)
(-0.00783996 0.0602998 0)
(-0.00676539 0.0629839 0)
(-0.00578851 0.0653893 0)
(-0.00497077 0.0675298 0)
(-0.00433531 0.0695354 0)
(-0.0038435 0.0716147 0)
(-0.00340505 0.0736465 0)
(-0.00299475 0.0753577 0)
(-0.00244471 0.0767844 0)
(-0.00192315 0.0785982 0)
(-0.0012628 0.080066 0)
(-0.000617829 0.0813432 0)
(-5.88607e-05 0.0813028 0)
(0.3265 -0.118956 0)
(0.00124274 -0.00358696 0)
(-0.304703 -0.041888 0)
(-0.10521 -0.00712022 0)
(-0.048603 -0.00582304 0)
(-0.062362 0.0128831 0)
(-0.0441394 0.0138908 0)
(-0.0342876 0.0121143 0)
(-0.0256604 0.00983377 0)
(-0.0191028 0.00766966 0)
(-0.0149422 0.00608303 0)
(-0.0126352 0.00539556 0)
(-0.0116005 0.00553753 0)
(-0.0115088 0.00654026 0)
(-0.0119991 0.00828817 0)
(-0.012784 0.010616 0)
(-0.0136969 0.0134629 0)
(-0.0145925 0.0167278 0)
(-0.0153969 0.020282 0)
(-0.0160531 0.0240395 0)
(-0.0165264 0.0279368 0)
(-0.0167998 0.0319094 0)
(-0.0168533 0.0359007 0)
(-0.0166705 0.0398654 0)
(-0.0162356 0.0437654 0)
(-0.0155438 0.0475668 0)
(-0.0146072 0.0512269 0)
(-0.0134829 0.0546918 0)
(-0.0122107 0.0579168 0)
(-0.0108893 0.0608737 0)
(-0.00962695 0.0635517 0)
(-0.00853568 0.065935 0)
(-0.00770318 0.0680471 0)
(-0.00715127 0.0700361 0)
(-0.00682122 0.0721291 0)
(-0.00655332 0.0742107 0)
(-0.00618484 0.0760348 0)
(-0.00560427 0.0775416 0)
(-0.004636 0.0793722 0)
(-0.00335895 0.0808521 0)
(-0.00193936 0.0822049 0)
(-0.000506459 0.0821552 0)
(0.262441 -0.0989333 0)
(-0.0038608 -0.0177298 0)
(-0.359312 -0.0400192 0)
(-0.144506 0.0754387 0)
(-0.0685035 0.0383736 0)
(-0.0603553 0.0342603 0)
(-0.0411119 0.0304635 0)
(-0.0294907 0.0233427 0)
(-0.0214528 0.0181351 0)
(-0.0157143 0.0128409 0)
(-0.0127222 0.0086932 0)
(-0.0116617 0.0061907 0)
(-0.0117665 0.00524393 0)
(-0.0126143 0.0056149 0)
(-0.0138957 0.00701562 0)
(-0.0153288 0.00921796 0)
(-0.0167525 0.0120725 0)
(-0.0180363 0.0154426 0)
(-0.0191226 0.0191762 0)
(-0.0199664 0.0231587 0)
(-0.0205473 0.0272955 0)
(-0.0208609 0.0315035 0)
(-0.0209015 0.0357163 0)
(-0.0206626 0.0398847 0)
(-0.020132 0.0439684 0)
(-0.0193046 0.0479345 0)
(-0.0181918 0.0517376 0)
(-0.0168313 0.0553289 0)
(-0.0152831 0.0586692 0)
(-0.0136466 0.0617243 0)
(-0.0120536 0.0644817 0)
(-0.0106538 0.0669338 0)
(-0.00955371 0.0691018 0)
(-0.00879554 0.0711118 0)
(-0.00829453 0.0731995 0)
(-0.00788429 0.0752606 0)
(-0.00736924 0.076962 0)
(-0.00665706 0.0783933 0)
(-0.00545353 0.0801816 0)
(-0.00391849 0.0815822 0)
(-0.00221704 0.082894 0)
(-0.000647831 0.0827549 0)
(0.210109 -0.0918974 0)
(-0.0213868 -0.0385737 0)
(-0.47172 -0.0174999 0)
(-0.166431 0.119618 0)
(-0.0416135 0.0595574 0)
(-0.0513398 0.0417756 0)
(-0.0340593 0.0397882 0)
(-0.023454 0.0318575 0)
(-0.0149247 0.0259331 0)
(-0.00963142 0.0181945 0)
(-0.00821211 0.0111244 0)
(-0.0091616 0.00641534 0)
(-0.0110617 0.00420596 0)
(-0.0133156 0.00403334 0)
(-0.0156286 0.00528221 0)
(-0.0178687 0.00750577 0)
(-0.019919 0.0105024 0)
(-0.0216816 0.0141007 0)
(-0.023097 0.0181018 0)
(-0.0241455 0.0223749 0)
(-0.0248399 0.0268007 0)
(-0.0251874 0.0312834 0)
(-0.0251992 0.0357477 0)
(-0.0248822 0.0401397 0)
(-0.0242368 0.0444214 0)
(-0.0232589 0.0485602 0)
(-0.0219604 0.0525179 0)
(-0.0203658 0.0562502 0)
(-0.0185402 0.0597122 0)
(-0.0165983 0.0628656 0)
(-0.0147008 0.0656926 0)
(-0.0130397 0.0681876 0)
(-0.0117483 0.070365 0)
(-0.0108996 0.0723625 0)
(-0.0103627 0.0744197 0)
(-0.00994875 0.076439 0)
(-0.00939501 0.0781086 0)
(-0.00842938 0.0795362 0)
(-0.00701049 0.0813051 0)
(-0.00509258 0.0826639 0)
(-0.00297139 0.0839131 0)
(-0.000880756 0.0838205 0)
(0.184039 -0.0793815 0)
(-0.0384593 -0.0521996 0)
(-0.578437 -0.0315504 0)
(-0.16096 0.0899595 0)
(-0.0153821 0.0498701 0)
(-0.0466826 0.0260473 0)
(-0.0268763 0.0340381 0)
(-0.0197991 0.0275193 0)
(-0.00826354 0.0270149 0)
(-0.00150251 0.0201565 0)
(-0.0012215 0.011694 0)
(-0.00481235 0.00512268 0)
(-0.00943206 0.00174452 0)
(-0.0137358 0.00119348 0)
(-0.0174054 0.00254242 0)
(-0.0205784 0.00506406 0)
(-0.0233198 0.00840278 0)
(-0.0256105 0.012361 0)
(-0.0273846 0.0167563 0)
(-0.0286473 0.0214175 0)
(-0.0294362 0.0262091 0)
(-0.0297897 0.0310308 0)
(-0.0297424 0.0357985 0)
(-0.0293171 0.0404565 0)
(-0.0285278 0.044969 0)
(-0.0273763 0.0493081 0)
(-0.0258659 0.0534429 0)
(-0.0240167 0.0573353 0)
(-0.0218907 0.0609364 0)
(-0.019605 0.0642034 0)
(-0.0173581 0.0671109 0)
(-0.0153786 0.0696633 0)
(-0.0138552 0.0718561 0)
(-0.0128468 0.0738298 0)
(-0.0122308 0.075844 0)
(-0.0117428 0.0778188 0)
(-0.0110927 0.0795175 0)
(-0.0100154 0.0808982 0)
(-0.00835013 0.0825897 0)
(-0.00610548 0.0839545 0)
(-0.00357946 0.0852445 0)
(-0.0010316 0.085122 0)
(0.178568 -0.05612 0)
(-0.0227772 -0.0566286 0)
(-0.675534 -0.0613692 0)
(-0.185083 0.050389 0)
(0.00805124 0.0534475 0)
(-0.0407288 -0.0091213 0)
(-0.0264091 0.0155483 0)
(-0.0213261 0.00634984 0)
(-0.00621109 0.0160751 0)
(0.00518407 0.0135636 0)
(0.00642136 0.00697545 0)
(0.000654818 0.000560153 0)
(-0.00721396 -0.00296325 0)
(-0.0141562 -0.00334697 0)
(-0.01951 -0.00151052 0)
(-0.0237196 0.00162393 0)
(-0.0271873 0.00557088 0)
(-0.0300024 0.0101027 0)
(-0.0321264 0.0150422 0)
(-0.0335789 0.0202191 0)
(-0.0344266 0.0254848 0)
(-0.0347448 0.0307252 0)
(-0.0345951 0.0358596 0)
(-0.0340208 0.0408334 0)
(-0.0330522 0.0456145 0)
(-0.0316979 0.0501839 0)
(-0.0299533 0.0545194 0)
(-0.0278318 0.058587 0)
(-0.0253875 0.0623473 0)
(-0.0227253 0.0657457 0)
(-0.0200956 0.0687481 0)
(-0.0177627 0.0713493 0)
(-0.0159738 0.0735591 0)
(-0.0147912 0.0755203 0)
(-0.0140853 0.0775066 0)
(-0.0135369 0.0794547 0)
(-0.0128168 0.0810747 0)
(-0.0116011 0.0824485 0)
(-0.00969262 0.0841541 0)
(-0.00711114 0.0855053 0)
(-0.00418145 0.0868034 0)
(-0.00125135 0.0866522 0)
(0.18373 -0.0294564 0)
(0.0186148 -0.051725 0)
(-0.743816 -0.0874031 0)
(-0.235806 -0.0216648 0)
(0.0407067 0.0835064 0)
(-0.0223393 -0.0493916 0)
(-0.0299541 -0.0100321 0)
(-0.0290407 -0.0232711 0)
(-0.0112773 -0.00746702 0)
(0.00679936 -0.00292833 0)
(0.0113227 -0.00501586 0)
(0.00487976 -0.00876775 0)
(-0.00563925 -0.0106932 0)
(-0.0151908 -0.00985942 0)
(-0.0223281 -0.00697777 0)
(-0.027608 -0.00287318 0)
(-0.0317605 0.00196983 0)
(-0.0350481 0.00731663 0)
(-0.0374689 0.0129927 0)
(-0.0390507 0.0188265 0)
(-0.0399004 0.0246724 0)
(-0.0401267 0.0304184 0)
(-0.0398153 0.0359851 0)
(-0.0390364 0.0413232 0)
(-0.0378387 0.0464082 0)
(-0.0362403 0.0512341 0)
(-0.0342339 0.0557864 0)
(-0.0318165 0.0600392 0)
(-0.0290207 0.0639753 0)
(-0.025975 0.0675177 0)
(-0.0229217 0.0706172 0)
(-0.0201912 0.073284 0)
(-0.0180856 0.075514 0)
(-0.0167011 0.0774555 0)
(-0.0158921 0.0793968 0)
(-0.015296 0.0812896 0)
(-0.0145079 0.0829179 0)
(-0.0131627 0.0842452 0)
(-0.0110245 0.0858778 0)
(-0.00811614 0.0872569 0)
(-0.00481902 0.0885746 0)
(-0.00143861 0.0884334 0)
(0.191406 -0.00604756 0)
(0.0647686 -0.0399399 0)
(-0.739489 -0.12768 0)
(-0.36456 -0.163896 0)
(0.0569757 0.147034 0)
(0.0284303 -0.0613852 0)
(-0.0270371 -0.0276407 0)
(-0.0397622 -0.0499265 0)
(-0.0221885 -0.0353464 0)
(0.00274489 -0.0255496 0)
(0.01139 -0.0229408 0)
(0.00563923 -0.0224557 0)
(-0.00628382 -0.0212536 0)
(-0.0177204 -0.0182629 0)
(-0.0263278 -0.0137847 0)
(-0.0325515 -0.00836559 0)
(-0.037298 -0.00234783 0)
(-0.0409577 0.00405691 0)
(-0.0435771 0.0106661 0)
(-0.0452032 0.0173078 0)
(-0.0459656 0.0238437 0)
(-0.0460132 0.0301789 0)
(-0.0454609 0.0362431 0)
(-0.0444035 0.0419905 0)
(-0.0429113 0.0474099 0)
(-0.0410181 0.0525079 0)
(-0.0387184 0.057287 0)
(-0.0359799 0.0617387 0)
(-0.0328129 0.0658365 0)
(-0.0293515 0.0695246 0)
(-0.0258366 0.0727513 0)
(-0.0226634 0.0754817 0)
(-0.0202049 0.0777324 0)
(-0.0185779 0.0796547 0)
(-0.0176583 0.0815499 0)
(-0.017006 0.0833985 0)
(-0.016145 0.0849305 0)
(-0.0146987 0.0862298 0)
(-0.0123411 0.0878739 0)
(-0.00910621 0.0892385 0)
(-0.00544511 0.0905979 0)
(-0.00167244 0.0904082 0)
(0.199127 0.0124128 0)
(0.121282 -0.0227679 0)
(-0.580294 -0.138971 0)
(-0.557725 -0.355469 0)
(-0.0326204 0.1259 0)
(0.0975449 0.00180615 0)
(-0.0148335 -0.0302781 0)
(-0.0444247 -0.0549469 0)
(-0.0326854 -0.0561938 0)
(-0.00343529 -0.0469287 0)
(0.00800635 -0.0422076 0)
(0.00276708 -0.0383558 0)
(-0.00993005 -0.0338207 0)
(-0.0224231 -0.0282061 0)
(-0.031955 -0.021768 0)
(-0.0388685 -0.0147338 0)
(-0.0440712 -0.00727428 0)
(-0.0479737 0.000421121 0)
(-0.0506452 0.00815223 0)
(-0.0521737 0.0157533 0)
(-0.0527261 0.0230969 0)
(-0.0524775 0.030101 0)
(-0.0515808 0.0367166 0)
(-0.0501559 0.0429105 0)
(-0.0482989 0.048683 0)
(-0.0460561 0.0540559 0)
(-0.0434157 0.0590601 0)
(-0.0403284 0.0637072 0)
(-0.0367728 0.0679733 0)
(-0.0328551 0.0718093 0)
(-0.0288404 0.0751535 0)
(-0.0251861 0.0779532 0)
(-0.022323 0.080236 0)
(-0.0204151 0.082131 0)
(-0.0193657 0.0839587 0)
(-0.0186703 0.0857445 0)
(-0.0177779 0.0872294 0)
(-0.016166 0.088446 0)
(-0.0136246 0.090042 0)
(-0.0101096 0.0914276 0)
(-0.00610513 0.0927598 0)
(-0.00188273 0.0926207 0)
(0.204581 0.0272671 0)
(0.184279 -0.00786948 0)
(-0.2313 -0.0628731 0)
(-0.756652 -0.445213 0)
(-0.249839 -0.0744036 0)
(0.137386 0.0610318 0)
(0.0587005 0.0228101 0)
(-0.0231347 -0.021317 0)
(-0.0301472 -0.0593294 0)
(-0.00724207 -0.0623652 0)
(0.0030276 -0.0604892 0)
(-0.0031945 -0.0548866 0)
(-0.0165973 -0.0475949 0)
(-0.0295233 -0.0393259 0)
(-0.0394915 -0.0307337 0)
(-0.0468384 -0.0218281 0)
(-0.0523304 -0.0126651 0)
(-0.0563022 -0.00344244 0)
(-0.0588421 0.00560261 0)
(-0.0600907 0.0143004 0)
(-0.0602673 0.0225511 0)
(-0.0595757 0.0302947 0)
(-0.0582049 0.0374997 0)
(-0.0563089 0.0441559 0)
(-0.0540037 0.050285 0)
(-0.0513441 0.0559347 0)
(-0.0483155 0.0611565 0)
(-0.0448499 0.0659836 0)
(-0.0408792 0.0704022 0)
(-0.0364957 0.0743809 0)
(-0.0319406 0.07784 0)
(-0.0277522 0.0807059 0)
(-0.0244121 0.0830276 0)
(-0.0222201 0.0848905 0)
(-0.0210107 0.0866248 0)
(-0.0202554 0.0883168 0)
(-0.0193118 0.0897363 0)
(-0.0176193 0.0908927 0)
(-0.0148771 0.0924041 0)
(-0.0110918 0.0937655 0)
(-0.00675748 0.0951641 0)
(-0.00211231 0.094961 0)
(0.205571 0.0358997 0)
(0.216462 0.00793382 0)
(-0.0363146 0.00543116 0)
(-0.832923 -0.215068 0)
(-0.398321 -0.195946 0)
(-0.00412991 0.0601639 0)
(0.0724362 0.0210841 0)
(0.0382779 0.00987636 0)
(0.00493238 -0.0610018 0)
(0.00478802 -0.0738064 0)
(0.00211711 -0.0774123 0)
(-0.00971576 -0.0711429 0)
(-0.0254051 -0.0617993 0)
(-0.0388812 -0.0513868 0)
(-0.0491373 -0.0405223 0)
(-0.0567345 -0.0294611 0)
(-0.0623248 -0.0183067 0)
(-0.0661364 -0.00733004 0)
(-0.0683102 0.00320165 0)
(-0.069052 0.0131283 0)
(-0.0686495 0.0223719 0)
(-0.0673433 0.0309003 0)
(-0.0653538 0.0387057 0)
(-0.0628646 0.0458163 0)
(-0.06001 0.0522896 0)
(-0.0568525 0.0581924 0)
(-0.0533862 0.0636021 0)
(-0.0495156 0.0685861 0)
(-0.04513 0.0731341 0)
(-0.0402512 0.0772449 0)
(-0.0351377 0.0808204 0)
(-0.0303551 0.0837662 0)
(-0.0264867 0.0860902 0)
(-0.0239679 0.0878955 0)
(-0.0225675 0.0895567 0)
(-0.0217459 0.0911455 0)
(-0.0207745 0.0924504 0)
(-0.0189801 0.0934873 0)
(-0.0160883 0.094924 0)
(-0.012061 0.0962618 0)
(-0.0074307 0.0976321 0)
(-0.00235265 0.0974897 0)
(0.202805 0.0351553 0)
(0.225159 0.0261857 0)
(0.0480599 0.0324129 0)
(-0.694185 -0.105121 0)
(-0.408024 -0.24044 0)
(-0.054504 -0.0989319 0)
(0.0687888 -0.133115 0)
(0.0643225 -0.0796296 0)
(0.0350462 -0.112657 0)
(0.0149515 -0.107528 0)
(-0.000551402 -0.103297 0)
(-0.0194228 -0.0910334 0)
(-0.0367135 -0.0781429 0)
(-0.0507485 -0.0646284 0)
(-0.0612083 -0.0510017 0)
(-0.0688958 -0.0373656 0)
(-0.0743395 -0.0239018 0)
(-0.0776806 -0.0109418 0)
(-0.0791719 0.00123778 0)
(-0.0791413 0.0124927 0)
(-0.0779181 0.0227673 0)
(-0.075801 0.0320816 0)
(-0.0730311 0.0404653 0)
(-0.0698088 0.0479942 0)
(-0.0662954 0.0547694 0)
(-0.0625704 0.0608798 0)
(-0.0586149 0.0664276 0)
(-0.0543071 0.0715152 0)
(-0.0494949 0.0761763 0)
(-0.0441137 0.0804081 0)
(-0.0384211 0.0840927 0)
(-0.0330055 0.0871189 0)
(-0.0285883 0.0894345 0)
(-0.025627 0.091177 0)
(-0.0240071 0.0927411 0)
(-0.0231138 0.0941713 0)
(-0.0221066 0.0953667 0)
(-0.0202651 0.0962849 0)
(-0.0172181 0.0975835 0)
(-0.0129677 0.0988883 0)
(-0.00808522 0.100329 0)
(-0.00261402 0.100105 0)
(0.197247 0.0329018 0)
(0.215066 0.0487511 0)
(0.114313 0.0518544 0)
(-0.452691 -0.066712 0)
(-0.401008 -0.353858 0)
(-0.0493415 -0.194673 0)
(0.0236358 -0.23663 0)
(0.0385315 -0.161003 0)
(0.0270043 -0.154773 0)
(0.00613809 -0.139155 0)
(-0.013093 -0.126077 0)
(-0.0335424 -0.11086 0)
(-0.0512407 -0.0952402 0)
(-0.0656383 -0.0786655 0)
(-0.0761415 -0.0617972 0)
(-0.0836685 -0.0451848 0)
(-0.0886633 -0.0290752 0)
(-0.091165 -0.0138925 0)
(-0.0916154 5.85254e-05 0)
(-0.0904747 0.0127029 0)
(-0.0881293 0.0240161 0)
(-0.0849436 0.0340662 0)
(-0.0811839 0.0429622 0)
(-0.0770766 0.0508276 0)
(-0.0727977 0.0578051 0)
(-0.0684306 0.0640363 0)
(-0.0639472 0.0696621 0)
(-0.0591878 0.0748078 0)
(-0.0539339 0.079539 0)
(-0.0480684 0.0838702 0)
(-0.0418066 0.0876586 0)
(-0.0357111 0.0907449 0)
(-0.0306661 0.0930878 0)
(-0.0271903 0.0947784 0)
(-0.0253076 0.0962004 0)
(-0.0243278 0.0974735 0)
(-0.0233044 0.0984716 0)
(-0.0214315 0.0992215 0)
(-0.0182587 0.100429 0)
(-0.0138473 0.101651 0)
(-0.00876867 0.103021 0)
(-0.00288662 0.102856 0)
(0.19188 0.0285161 0)
(0.200528 0.0507166 0)
(0.171065 0.0345871 0)
(-0.301761 -0.0729582 0)
(-0.434811 -0.28487 0)
(-0.0791626 -0.165109 0)
(-0.0244702 -0.210711 0)
(0.00223504 -0.183316 0)
(0.00939247 -0.168746 0)
(-0.00940736 -0.160127 0)
(-0.0283991 -0.145615 0)
(-0.0492118 -0.13073 0)
(-0.0685057 -0.113154 0)
(-0.0838997 -0.0933963 0)
(-0.094449 -0.0726527 0)
(-0.101443 -0.0525714 0)
(-0.105573 -0.0334889 0)
(-0.106737 -0.0158352 0)
(-0.105691 4.54491e-05 0)
(-0.103025 0.0141397 0)
(-0.0991995 0.0264593 0)
(-0.0946525 0.0371613 0)
(-0.0896789 0.0464401 0)
(-0.0845314 0.054487 0)
(-0.0793894 0.0615235 0)
(-0.0743237 0.0677442 0)
(-0.0692967 0.0733346 0)
(-0.0641119 0.0784648 0)
(-0.0584591 0.0832155 0)
(-0.0521387 0.0875937 0)
(-0.0452907 0.0915036 0)
(-0.0384762 0.094702 0)
(-0.0327155 0.0970746 0)
(-0.0286572 0.0987008 0)
(-0.0264374 0.0999509 0)
(-0.0253464 0.100999 0)
(-0.0243112 0.101793 0)
(-0.0224273 0.102355 0)
(-0.0192041 0.103344 0)
(-0.0147071 0.104419 0)
(-0.00941548 0.105845 0)
(-0.0031181 0.105613 0)
(0.19337 0.0275355 0)
(0.201387 0.0378477 0)
(0.229081 0.0134503 0)
(-0.083227 -0.0318173 0)
(-0.454868 -0.288154 0)
(-0.0459028 -0.102663 0)
(0.00261028 -0.164491 0)
(-0.00847714 -0.208053 0)
(0.00343297 -0.18417 0)
(-0.0188839 -0.185034 0)
(-0.0417698 -0.169137 0)
(-0.0656167 -0.153417 0)
(-0.0881801 -0.132839 0)
(-0.106042 -0.109092 0)
(-0.116869 -0.0836266 0)
(-0.122696 -0.059231 0)
(-0.12539 -0.0367065 0)
(-0.124589 -0.0163118 0)
(-0.121462 0.00161689 0)
(-0.116755 0.0171622 0)
(-0.111037 0.0304088 0)
(-0.104794 0.0416187 0)
(-0.0983659 0.0511047 0)
(-0.0920028 0.0591363 0)
(-0.0858938 0.0660288 0)
(-0.0801026 0.0720541 0)
(-0.0745519 0.0774538 0)
(-0.0689923 0.0824553 0)
(-0.0630163 0.0871656 0)
(-0.056305 0.0915977 0)
(-0.0488626 0.0956378 0)
(-0.041336 0.0989495 0)
(-0.0347442 0.101381 0)
(-0.030031 0.102961 0)
(-0.027382 0.104 0)
(-0.0261269 0.104786 0)
(-0.0250776 0.10527 0)
(-0.023215 0.105535 0)
(-0.0199414 0.10629 0)
(-0.0154071 0.107241 0)
(-0.00999814 0.108635 0)
(-0.0034799 0.108365 0)
(0.202383 0.0358871 0)
(0.213095 0.0320186 0)
(0.248188 0.0174581 0)
(0.0416055 0.0209171 0)
(-0.46484 -0.210829 0)
(-0.0517646 -0.0927304 0)
(0.0552712 -0.121066 0)
(0.0101803 -0.243761 0)
(0.0010171 -0.211567 0)
(-0.0285732 -0.224664 0)
(-0.0571525 -0.206479 0)
(-0.0855437 -0.184668 0)
(-0.112172 -0.156204 0)
(-0.133008 -0.12581 0)
(-0.144309 -0.0945463 0)
(-0.148163 -0.0647918 0)
(-0.148506 -0.0381755 0)
(-0.144952 -0.0147818 0)
(-0.139001 0.00529678 0)
(-0.131652 0.0221924 0)
(-0.123524 0.0361863 0)
(-0.1152 0.0476921 0)
(-0.107045 0.0571355 0)
(-0.0992944 0.0648937 0)
(-0.0921274 0.0713737 0)
(-0.0855793 0.0769608 0)
(-0.0795524 0.0819806 0)
(-0.0737094 0.086719 0)
(-0.0675478 0.0913116 0)
(-0.0605512 0.0957844 0)
(-0.0525853 0.0999529 0)
(-0.0443021 0.103445 0)
(-0.0367854 0.105971 0)
(-0.0312591 0.107479 0)
(-0.0280683 0.108307 0)
(-0.0265784 0.108744 0)
(-0.0255005 0.108878 0)
(-0.023692 0.108868 0)
(-0.0205338 0.109305 0)
(-0.0159947 0.109993 0)
(-0.0106012 0.111302 0)
(-0.00373756 0.111078 0)
(0.222438 0.0497202 0)
(0.231195 0.0275939 0)
(0.246533 0.00763258 0)
(0.129672 0.013092 0)
(-0.352857 -0.225676 0)
(-0.114907 -0.218882 0)
(0.106052 -0.158071 0)
(0.0383821 -0.275357 0)
(0.00846853 -0.259328 0)
(-0.0319703 -0.281104 0)
(-0.0756488 -0.262466 0)
(-0.115242 -0.228993 0)
(-0.145792 -0.18601 0)
(-0.167173 -0.143771 0)
(-0.177877 -0.104392 0)
(-0.178926 -0.0683676 0)
(-0.175442 -0.0369501 0)
(-0.167993 -0.010375 0)
(-0.158241 0.0117681 0)
(-0.147518 0.0297713 0)
(-0.136391 0.0442153 0)
(-0.125574 0.0556353 0)
(-0.115388 0.0646639 0)
(-0.106097 0.0717888 0)
(-0.0978084 0.0775336 0)
(-0.0905356 0.0823892 0)
(-0.0841262 0.0867764 0)
(-0.0781642 0.0910594 0)
(-0.0719971 0.0954397 0)
(-0.0648895 0.0999639 0)
(-0.0565217 0.10433 0)
(-0.0474353 0.10807 0)
(-0.0388885 0.110782 0)
(-0.0323233 0.112274 0)
(-0.0284348 0.112868 0)
(-0.0266548 0.112939 0)
(-0.0255485 0.112604 0)
(-0.0238645 0.11209 0)
(-0.0208915 0.112229 0)
(-0.0164892 0.112737 0)
(-0.0111142 0.113979 0)
(-0.00394488 0.11364 0)
(0.247023 0.0749027 0)
(0.25893 0.0280917 0)
(0.260543 -0.0192823 0)
(0.226564 -0.00973932 0)
(-0.137377 -0.19917 0)
(-0.159757 -0.333368 0)
(0.143881 -0.188794 0)
(0.0839445 -0.300093 0)
(0.0385289 -0.31911 0)
(-0.0279755 -0.349738 0)
(-0.103129 -0.329576 0)
(-0.161362 -0.284568 0)
(-0.197095 -0.223886 0)
(-0.21459 -0.163491 0)
(-0.219873 -0.111303 0)
(-0.215893 -0.0680806 0)
(-0.206662 -0.031662 0)
(-0.193585 -0.0018844 0)
(-0.178997 0.0219485 0)
(-0.163954 0.0405616 0)
(-0.149243 0.054949 0)
(-0.135477 0.0657612 0)
(-0.122971 0.073851 0)
(-0.111977 0.0798469 0)
(-0.102536 0.0844191 0)
(-0.0946427 0.0881648 0)
(-0.0880453 0.091618 0)
(-0.0822145 0.0952297 0)
(-0.0762964 0.0992706 0)
(-0.0693319 0.103806 0)
(-0.0607377 0.10847 0)
(-0.0508675 0.112646 0)
(-0.041128 0.115734 0)
(-0.0332986 0.117329 0)
(-0.0284821 0.117694 0)
(-0.02627 0.117327 0)
(-0.0251661 0.116454 0)
(-0.0236467 0.115395 0)
(-0.0207999 0.115045 0)
(-0.0166963 0.115277 0)
(-0.011515 0.116473 0)
(-0.00424431 0.115989 0)
(0.330118 0.104132 0)
(0.30953 0.0265845 0)
(0.293079 -0.0389041 0)
(0.297205 -0.0293063 0)
(0.000551062 -0.13906 0)
(-0.189107 -0.221738 0)
(0.198512 -0.177358 0)
(0.148076 -0.31438 0)
(0.0851744 -0.378055 0)
(-0.0237248 -0.40428 0)
(-0.138977 -0.385064 0)
(-0.223986 -0.334129 0)
(-0.270926 -0.261079 0)
(-0.282793 -0.181411 0)
(-0.274025 -0.112596 0)
(-0.259131 -0.0606109 0)
(-0.241871 -0.0203447 0)
(-0.221213 0.0119958 0)
(-0.200536 0.0366342 0)
(-0.18031 0.0551942 0)
(-0.161385 0.0687629 0)
(-0.144248 0.0783006 0)
(-0.129189 0.084786 0)
(-0.116386 0.0890351 0)
(-0.105842 0.0918646 0)
(-0.0974851 0.0940075 0)
(-0.0909851 0.096152 0)
(-0.085661 0.0988414 0)
(-0.0804184 0.102409 0)
(-0.0739586 0.106947 0)
(-0.0653831 0.112065 0)
(-0.0547864 0.11695 0)
(-0.0436896 0.120707 0)
(-0.0343204 0.122636 0)
(-0.0282375 0.122863 0)
(-0.0253501 0.121973 0)
(-0.0241325 0.120385 0)
(-0.0228251 0.118697 0)
(-0.0203484 0.117786 0)
(-0.0166444 0.117559 0)
(-0.0118268 0.118614 0)
(-0.00453404 0.118046 0)
(0.389581 0.233263 0)
(0.392135 0.047252 0)
(0.34441 -0.0515974 0)
(0.33694 -0.0601769 0)
(0.0867978 -0.129521 0)
(-0.265021 -0.162738 0)
(0.298255 -0.0314538 0)
(0.252339 -0.301827 0)
(0.140013 -0.393213 0)
(-0.024312 -0.421515 0)
(-0.183587 -0.399832 0)
(-0.295195 -0.350011 0)
(-0.359868 -0.276731 0)
(-0.371069 -0.183594 0)
(-0.341687 -0.103489 0)
(-0.307373 -0.0418527 0)
(-0.27924 -0.000503736 0)
(-0.249831 0.0327549 0)
(-0.221823 0.0567007 0)
(-0.19569 0.0740733 0)
(-0.171992 0.0858757 0)
(-0.151131 0.0932372 0)
(-0.13333 0.0973018 0)
(-0.118692 0.0990391 0)
(-0.107186 0.0994296 0)
(-0.0986191 0.0993713 0)
(-0.0926065 0.0997269 0)
(-0.088308 0.101188 0)
(-0.0843137 0.104191 0)
(-0.0789253 0.108834 0)
(-0.0707815 0.114686 0)
(-0.0595843 0.120711 0)
(-0.0469275 0.125568 0)
(-0.0355336 0.128181 0)
(-0.027656 0.128442 0)
(-0.0237504 0.126978 0)
(-0.0222988 0.124498 0)
(-0.0212415 0.121887 0)
(-0.0193831 0.120235 0)
(-0.0163234 0.119524 0)
(-0.011969 0.120376 0)
(-0.00476351 0.119688 0)
(0.507333 0.160753 0)
(0.500754 -0.0498943 0)
(0.404247 -0.0933397 0)
(0.370822 -0.118576 0)
(0.1373 -0.156655 0)
(-0.457538 -0.188719 0)
(0.437687 0.158218 0)
(0.439773 -0.147061 0)
(0.200649 -0.325504 0)
(-0.0239492 -0.358401 0)
(-0.234798 -0.345325 0)
(-0.3586 -0.311486 0)
(-0.44151 -0.254117 0)
(-0.463319 -0.153038 0)
(-0.414557 -0.0784643 0)
(-0.356608 -0.0103081 0)
(-0.315075 0.0291173 0)
(-0.276716 0.0606821 0)
(-0.241084 0.0823845 0)
(-0.208732 0.0970918 0)
(-0.180012 0.105947 0)
(-0.155268 0.110096 0)
(-0.134662 0.110771 0)
(-0.118262 0.109093 0)
(-0.105988 0.106245 0)
(-0.0975812 0.103307 0)
(-0.0925739 0.101328 0)
(-0.0899157 0.10124 0)
(-0.0878863 0.103597 0)
(-0.0843141 0.108516 0)
(-0.0772073 0.11556 0)
(-0.0656708 0.123361 0)
(-0.0512442 0.130007 0)
(-0.0371982 0.133829 0)
(-0.0268393 0.134324 0)
(-0.0214182 0.132207 0)
(-0.0195832 0.128645 0)
(-0.0188677 0.124884 0)
(-0.017758 0.122284 0)
(-0.0155667 0.121022 0)
(-0.0118578 0.121607 0)
(-0.00492223 0.120709 0)
(0.509837 0.0562224 0)
(0.578847 -0.154961 0)
(0.456255 -0.160519 0)
(0.402685 -0.184125 0)
(0.148256 -0.196467 0)
(-0.616 -0.281458 0)
(0.31627 0.0629051 0)
(0.639641 0.155435 0)
(0.380077 -0.127938 0)
(0.0132872 -0.20753 0)
(-0.247134 -0.206719 0)
(-0.378547 -0.212462 0)
(-0.498724 -0.195689 0)
(-0.544196 -0.0920949 0)
(-0.480791 -0.0366312 0)
(-0.404383 0.0308039 0)
(-0.34741 0.0674966 0)
(-0.299672 0.0957008 0)
(-0.256568 0.113921 0)
(-0.218033 0.124642 0)
(-0.184272 0.129282 0)
(-0.155608 0.128992 0)
(-0.132256 0.125131 0)
(-0.11424 0.118982 0)
(-0.101482 0.111929 0)
(-0.0937115 0.10527 0)
(-0.0903717 0.100361 0)
(-0.0901558 0.0983905 0)
(-0.0910355 0.100088 0)
(-0.0902404 0.105657 0)
(-0.0849689 0.114543 0)
(-0.0735709 0.124821 0)
(-0.0571497 0.133907 0)
(-0.0396724 0.139477 0)
(-0.0259313 0.140437 0)
(-0.0183508 0.137558 0)
(-0.0158947 0.132638 0)
(-0.0156389 0.127479 0)
(-0.0154595 0.123753 0)
(-0.0143353 0.121853 0)
(-0.011491 0.122107 0)
(-0.00503486 0.120966 0)
(0.562524 -0.141729 0)
(0.631285 -0.26824 0)
(0.483896 -0.254592 0)
(0.418193 -0.248015 0)
(0.153315 -0.24358 0)
(-0.575558 -0.430919 0)
(-0.0828153 -0.353001 0)
(0.6383 0.213461 0)
(0.542232 0.053495 0)
(0.141458 -0.000168973 0)
(-0.189555 -0.0680854 0)
(-0.339991 -0.102477 0)
(-0.543801 -0.112849 0)
(-0.615412 -0.020098 0)
(-0.540384 0.0197037 0)
(-0.453102 0.0789253 0)
(-0.379758 0.115351 0)
(-0.320238 0.140315 0)
(-0.268388 0.15465 0)
(-0.222721 0.160214 0)
(-0.183212 0.159073 0)
(-0.150158 0.152606 0)
(-0.12383 0.14239 0)
(-0.1043 0.130014 0)
(-0.0915329 0.117092 0)
(-0.08531 0.105229 0)
(-0.0849858 0.0962634 0)
(-0.0890069 0.0918463 0)
(-0.0946948 0.0930963 0)
(-0.0983961 0.100331 0)
(-0.0960413 0.112598 0)
(-0.0850825 0.126944 0)
(-0.0660441 0.139254 0)
(-0.0435382 0.146683 0)
(-0.0245158 0.1479 0)
(-0.0135294 0.143722 0)
(-0.0101246 0.136738 0)
(-0.0106883 0.12966 0)
(-0.011968 0.124538 0)
(-0.0124148 0.121826 0)
(-0.010918 0.121616 0)
(-0.00493709 0.12026 0)
(0.622049 -0.414153 0)
(0.619267 -0.413203 0)
(0.465697 -0.360619 0)
(0.407981 -0.311534 0)
(0.219125 -0.276259 0)
(-0.301321 -0.457488 0)
(-0.379908 -0.79514 0)
(0.22062 -0.292677 0)
(0.506809 0.0361601 0)
(0.205541 0.00864441 0)
(-0.158983 -0.0806431 0)
(-0.32265 -0.0668297 0)
(-0.599826 -0.0235561 0)
(-0.673793 0.036393 0)
(-0.596337 0.0785684 0)
(-0.501123 0.127734 0)
(-0.413869 0.166599 0)
(-0.339871 0.190997 0)
(-0.276347 0.202408 0)
(-0.221441 0.202772 0)
(-0.174833 0.194745 0)
(-0.1366 0.180521 0)
(-0.106932 0.16212 0)
(-0.0859777 0.141476 0)
(-0.0738149 0.120489 0)
(-0.0704031 0.101142 0)
(-0.0751736 0.0860313 0)
(-0.0862444 0.0778166 0)
(-0.0999639 0.0782358 0)
(-0.111297 0.0876824 0)
(-0.113819 0.105725 0)
(-0.10231 0.128959 0)
(-0.0782419 0.148449 0)
(-0.0484159 0.157983 0)
(-0.0221424 0.157994 0)
(-0.00623765 0.151095 0)
(-0.00145566 0.140949 0)
(-0.00335127 0.131268 0)
(-0.0070278 0.124378 0)
(-0.00969583 0.120405 0)
(-0.00968661 0.119729 0)
(-0.00467548 0.117887 0)
(0.586214 -0.619567 0)
(0.531807 -0.52607 0)
(0.402269 -0.436615 0)
(0.357287 -0.356897 0)
(0.277529 -0.285674 0)
(-0.00914733 -0.353676 0)
(-0.308859 -0.660105 0)
(-0.147915 -0.71789 0)
(0.175543 -0.311219 0)
(0.137206 -0.0562291 0)
(-0.111059 -0.155155 0)
(-0.400633 -0.0588828 0)
(-0.671327 0.0286993 0)
(-0.721799 0.0595953 0)
(-0.651559 0.119227 0)
(-0.549586 0.171576 0)
(-0.44943 0.214153 0)
(-0.359335 0.239631 0)
(-0.280858 0.248599 0)
(-0.213947 0.24394 0)
(-0.158372 0.228762 0)
(-0.113857 0.205998 0)
(-0.0802319 0.17814 0)
(-0.0574466 0.147368 0)
(-0.0458659 0.115621 0)
(-0.0456927 0.0850418 0)
(-0.057148 0.0593046 0)
(-0.0777763 0.0420595 0)
(-0.10276 0.0350053 0)
(-0.126453 0.0407999 0)
(-0.140908 0.0645548 0)
(-0.132424 0.106186 0)
(-0.0976227 0.149927 0)
(-0.0526908 0.172086 0)
(-0.0157233 0.171413 0)
(0.0056017 0.159415 0)
(0.0112434 0.144408 0)
(0.00704163 0.131253 0)
(7.6086e-05 0.122358 0)
(-0.00566016 0.117303 0)
(-0.00752067 0.115645 0)
(-0.00401423 0.113122 0)
(0.434321 -0.761666 0)
(0.370849 -0.644423 0)
(0.291642 -0.529147 0)
(0.263657 -0.407759 0)
(0.241374 -0.292044 0)
(0.181311 -0.221807 0)
(-0.0353445 -0.312056 0)
(-0.24216 -0.523856 0)
(-0.228022 -0.544092 0)
(0.0974173 -0.203623 0)
(-0.118322 -0.0827624 0)
(-0.494271 -0.0498208 0)
(-0.738084 0.0194008 0)
(-0.783691 0.0749744 0)
(-0.723096 0.161034 0)
(-0.608294 0.227262 0)
(-0.486793 0.270557 0)
(-0.376379 0.291201 0)
(-0.280344 0.292522 0)
(-0.19921 0.279138 0)
(-0.132743 0.254425 0)
(-0.0804521 0.221138 0)
(-0.0417641 0.181708 0)
(-0.0162746 0.137843 0)
(-0.00388496 0.0910892 0)
(-0.00618609 0.0434154 0)
(-0.0238586 -0.000561437 0)
(-0.0535248 -0.0373816 0)
(-0.0904441 -0.0651194 0)
(-0.134778 -0.0737149 0)
(-0.179063 -0.0502299 0)
(-0.194197 0.00962131 0)
(-0.152228 0.0960489 0)
(-0.0729067 0.16586 0)
(-0.00837921 0.18293 0)
(0.0231961 0.168262 0)
(0.0281367 0.146049 0)
(0.0195572 0.12824 0)
(0.00838982 0.117207 0)
(-0.000515888 0.110871 0)
(-0.00481744 0.10847 0)
(-0.00277388 0.105021 0)
(0.297401 -0.859677 0)
(0.21881 -0.793971 0)
(0.123117 -0.710631 0)
(0.0762604 -0.561539 0)
(0.0816895 -0.356933 0)
(0.113788 -0.181731 0)
(0.125942 -0.0676759 0)
(-0.0107426 -0.119224 0)
(-0.269217 -0.274454 0)
(-0.450907 -0.379704 0)
(-0.271744 -0.0341105 0)
(-0.473066 -0.0263038 0)
(-0.79884 -0.0153068 0)
(-0.88867 0.143384 0)
(-0.819842 0.281071 0)
(-0.670188 0.354445 0)
(-0.512957 0.374009 0)
(-0.377714 0.367209 0)
(-0.264216 0.346203 0)
(-0.169543 0.314183 0)
(-0.0922921 0.273055 0)
(-0.032049 0.224447 0)
(0.0125725 0.169173 0)
(0.0428944 0.107605 0)
(0.0589681 0.040907 0)
(0.0552692 -0.0262501 0)
(0.0320677 -0.0885921 0)
(-0.00572596 -0.144941 0)
(-0.0626874 -0.188419 0)
(-0.146091 -0.204197 0)
(-0.238057 -0.18377 0)
(-0.295356 -0.12732 0)
(-0.276574 -0.0296464 0)
(-0.148759 0.0985603 0)
(-0.0218794 0.168387 0)
(0.0427683 0.168362 0)
(0.0533223 0.143265 0)
(0.038302 0.121726 0)
(0.0198559 0.10899 0)
(0.00644054 0.100934 0)
(-0.000554166 0.0972968 0)
(-0.000943281 0.0927792 0)
(0.466726 1.62168 0)
(0.274789 1.47813 0)
(0.144162 1.19082 0)
(0.0142566 0.674079 0)
(-0.195222 0.251359 0)
(-0.212329 -0.368643 0)
(-0.0481581 0.00247726 0)
(0.0680957 0.179019 0)
(0.045761 0.162013 0)
(-0.279496 -0.0372922 0)
(-0.545211 -0.191179 0)
(-0.500132 -0.0352656 0)
(-0.921241 -0.0146984 0)
(-1.08779 0.297035 0)
(-0.935145 0.5388 0)
(-0.685014 0.628497 0)
(-0.480373 0.584814 0)
(-0.333421 0.503029 0)
(-0.214185 0.431903 0)
(-0.112984 0.367416 0)
(-0.0303812 0.300247 0)
(0.036388 0.229888 0)
(0.0882852 0.156536 0)
(0.125709 0.0773535 0)
(0.143086 -0.00559705 0)
(0.132851 -0.0822411 0)
(0.1001 -0.147322 0)
(0.04601 -0.197866 0)
(-0.0414522 -0.226234 0)
(-0.160799 -0.227103 0)
(-0.286817 -0.205027 0)
(-0.383449 -0.171176 0)
(-0.411237 -0.105946 0)
(-0.284913 -0.00344412 0)
(-0.081609 0.119061 0)
(0.0441425 0.153026 0)
(0.0750031 0.133677 0)
(0.0567338 0.109458 0)
(0.0321004 0.09465 0)
(0.0149824 0.0849994 0)
(0.00520976 0.0800511 0)
(0.00153132 0.0740669 0)
(0.567066 4.87552 0)
(0.807447 4.85484 0)
(0.926121 4.54752 0)
(1.04189 4.06465 0)
(1.29257 3.64846 0)
(0.665035 1.93022 0)
(-0.229594 1.1929 0)
(-0.209112 0.572428 0)
(0.00868671 0.423758 0)
(0.0538305 0.403302 0)
(-0.281509 0.2074 0)
(-0.54324 -0.12886 0)
(-1.22809 0.0524658 0)
(-1.50089 0.449574 0)
(-1.17538 0.7841 0)
(-0.667016 0.954047 0)
(-0.343375 0.88459 0)
(-0.204058 0.7103 0)
(-0.110807 0.564315 0)
(-0.0208016 0.455301 0)
(0.0597447 0.359395 0)
(0.127519 0.267786 0)
(0.182645 0.179103 0)
(0.219958 0.0923994 0)
(0.228532 0.0100881 0)
(0.204399 -0.0590621 0)
(0.154263 -0.109116 0)
(0.0782299 -0.137862 0)
(-0.030483 -0.14557 0)
(-0.16395 -0.132492 0)
(-0.298871 -0.100837 0)
(-0.406855 -0.0780418 0)
(-0.464586 -0.0423094 0)
(-0.399103 -0.0249593 0)
(-0.173072 0.0722015 0)
(0.0262978 0.131731 0)
(0.0960984 0.121983 0)
(0.0799246 0.0964463 0)
(0.0471247 0.0777052 0)
(0.0253882 0.0630107 0)
(0.0125375 0.0552462 0)
(0.00518593 0.0477361 0)
(-0.302402 4.07113 0)
(0.294352 4.48338 0)
(0.667771 4.53311 0)
(1.00642 4.32933 0)
(1.54786 4.29143 0)
(1.78994 3.7895 0)
(1.61467 3.11791 0)
(0.525517 1.60215 0)
(0.141006 0.735691 0)
(0.130166 0.591882 0)
(0.111337 0.524519 0)
(-0.363083 0.112333 0)
(-1.66021 0.241119 0)
(-1.98829 0.519967 0)
(-1.60112 0.729136 0)
(-0.862712 0.947853 0)
(-0.247523 1.00513 0)
(-0.0162708 0.886617 0)
(0.0509253 0.723683 0)
(0.108083 0.582106 0)
(0.17573 0.465937 0)
(0.235645 0.361056 0)
(0.280698 0.264294 0)
(0.307301 0.180134 0)
(0.304351 0.110927 0)
(0.263946 0.0554284 0)
(0.189661 0.0131748 0)
(0.0881862 -0.0126928 0)
(-0.0394142 -0.0205579 0)
(-0.189682 -0.0117002 0)
(-0.332937 0.0254501 0)
(-0.429374 0.0614064 0)
(-0.465126 0.0969366 0)
(-0.4237 0.0853602 0)
(-0.235103 0.0817663 0)
(0.00175981 0.119886 0)
(0.113705 0.108659 0)
(0.107677 0.0761612 0)
(0.0729514 0.0530001 0)
(0.0436369 0.0344905 0)
(0.0232259 0.0221016 0)
(0.0108975 0.0113105 0)
(-1.1291 3.04374 0)
(0.049748 4.02148 0)
(0.857305 4.40511 0)
(1.36679 4.35036 0)
(1.6516 4.11424 0)
(2.03415 3.90218 0)
(2.47472 3.63958 0)
(2.29712 2.55458 0)
(0.905829 1.12719 0)
(0.273201 0.66963 0)
(0.241502 0.622552 0)
(-0.0786749 0.55396 0)
(-1.90359 0.566962 0)
(-2.07918 0.53995 0)
(-1.68211 0.502729 0)
(-0.993761 0.639071 0)
(-0.344761 0.738614 0)
(0.0511645 0.859647 0)
(0.204596 0.840395 0)
(0.256561 0.731707 0)
(0.29943 0.610268 0)
(0.345387 0.504085 0)
(0.377544 0.409968 0)
(0.385965 0.331356 0)
(0.366665 0.272372 0)
(0.315904 0.226969 0)
(0.232122 0.188499 0)
(0.114204 0.157119 0)
(-0.0378977 0.139011 0)
(-0.216487 0.141295 0)
(-0.384585 0.168224 0)
(-0.482534 0.203809 0)
(-0.485027 0.233866 0)
(-0.403058 0.23385 0)
(-0.223169 0.170615 0)
(0.0213653 0.134814 0)
(0.153885 0.0968808 0)
(0.136969 0.0442466 0)
(0.0909618 0.0117682 0)
(0.061395 -0.00928916 0)
(0.0397047 -0.0231931 0)
(0.0178419 -0.0356244 0)
(-1.91826 2.55169 0)
(-0.540619 3.29492 0)
(0.903351 3.77907 0)
(1.77462 3.71641 0)
(2.04864 3.30438 0)
(2.38679 3.08026 0)
(2.95816 2.91737 0)
(3.50283 2.44212 0)
(1.99519 1.37267 0)
(0.624178 0.715787 0)
(0.3337 0.596393 0)
(-0.207034 0.588337 0)
(-1.69989 0.744521 0)
(-1.87406 0.481507 0)
(-1.59384 0.215771 0)
(-0.951068 0.378731 0)
(-0.541502 0.45893 0)
(-0.0980781 0.705056 0)
(0.223646 0.872121 0)
(0.375026 0.870793 0)
(0.431471 0.773847 0)
(0.459351 0.664367 0)
(0.472649 0.572627 0)
(0.460874 0.499804 0)
(0.42047 0.445915 0)
(0.357953 0.406504 0)
(0.268965 0.376736 0)
(0.144438 0.355421 0)
(-0.0207855 0.345616 0)
(-0.220222 0.354034 0)
(-0.409324 0.374214 0)
(-0.512577 0.385849 0)
(-0.494855 0.383011 0)
(-0.370172 0.354106 0)
(-0.15597 0.269375 0)
(0.0955958 0.173464 0)
(0.224723 0.0928178 0)
(0.190357 0.0208584 0)
(0.128138 -0.028817 0)
(0.0794085 -0.0609239 0)
(0.0500704 -0.0797534 0)
(0.0229753 -0.0919391 0)
(-3.26961 1.35836 0)
(-1.46988 1.74686 0)
(0.641828 2.06169 0)
(2.04883 2.00318 0)
(2.33762 1.85077 0)
(2.61186 1.76195 0)
(3.21347 1.64462 0)
(4.04059 1.5371 0)
(3.05211 1.08584 0)
(0.903713 0.636459 0)
(0.443696 0.499817 0)
(-0.349878 0.611165 0)
(-1.34783 0.541598 0)
(-1.60389 0.342949 0)
(-1.51855 -0.0118697 0)
(-1.09986 0.23459 0)
(-0.819931 0.30797 0)
(-0.37292 0.552435 0)
(0.102101 0.817094 0)
(0.404964 0.948195 0)
(0.533893 0.934435 0)
(0.56423 0.841156 0)
(0.555435 0.735957 0)
(0.52145 0.653236 0)
(0.464541 0.597285 0)
(0.386473 0.563479 0)
(0.284458 0.546891 0)
(0.15025 0.545795 0)
(-0.0237746 0.561349 0)
(-0.226221 0.587954 0)
(-0.407223 0.599008 0)
(-0.496164 0.575751 0)
(-0.451904 0.525848 0)
(-0.288233 0.437157 0)
(-0.0505508 0.307282 0)
(0.209133 0.172809 0)
(0.325865 0.0707792 0)
(0.265152 -0.00251445 0)
(0.183875 -0.0591219 0)
(0.121794 -0.107815 0)
(0.0787452 -0.139464 0)
(0.0322745 -0.152932 0)
(-3.2557 -0.261978 0)
(-1.21532 -0.115731 0)
(0.283442 0.374704 0)
(1.56479 0.554701 0)
(2.15055 0.682336 0)
(2.6439 0.53993 0)
(3.22981 0.401035 0)
(4.04247 0.380678 0)
(3.55754 0.31045 0)
(1.03775 0.459197 0)
(0.493538 0.307083 0)
(-0.433411 0.510898 0)
(-1.10307 0.150726 0)
(-1.39393 0.123851 0)
(-1.5656 -0.0384707 0)
(-1.2586 -0.0358199 0)
(-1.00473 -0.0550176 0)
(-0.729725 0.0706006 0)
(-0.21965 0.414464 0)
(0.256426 0.752863 0)
(0.552901 0.945323 0)
(0.681869 0.987129 0)
(0.687788 0.933197 0)
(0.623202 0.850013 0)
(0.525649 0.777718 0)
(0.411532 0.730562 0)
(0.282855 0.711455 0)
(0.12742 0.720171 0)
(-0.056497 0.750294 0)
(-0.240732 0.777266 0)
(-0.376398 0.75857 0)
(-0.425591 0.691624 0)
(-0.339373 0.590987 0)
(-0.131146 0.420349 0)
(0.142692 0.231231 0)
(0.356525 0.0844091 0)
(0.407958 0.00295101 0)
(0.327983 -0.0581241 0)
(0.248315 -0.127362 0)
(0.173337 -0.194738 0)
(0.106867 -0.227727 0)
(0.039377 -0.238164 0)
(-3.14221 -1.67352 0)
(-1.22831 -1.49113 0)
(0.425794 -0.86518 0)
(1.41489 -0.698377 0)
(2.17005 -0.519504 0)
(2.83853 -0.774044 0)
(3.56454 -1.19287 0)
(4.02223 -1.18197 0)
(3.1705 -0.540032 0)
(0.894352 0.229457 0)
(0.558369 0.0303237 0)
(-0.657015 0.160199 0)
(-0.894061 -0.271473 0)
(-1.29481 -0.284461 0)
(-1.30141 -0.431482 0)
(-1.03185 -0.704329 0)
(-0.965581 -0.999365 0)
(-0.98806 -0.9799 0)
(-0.658888 -0.640131 0)
(-0.206664 -0.0625992 0)
(0.212332 0.402871 0)
(0.529321 0.727781 0)
(0.681318 0.875876 0)
(0.691868 0.912828 0)
(0.612477 0.897001 0)
(0.47511 0.867574 0)
(0.305906 0.849151 0)
(0.118381 0.850351 0)
(-0.0780822 0.852334 0)
(-0.224714 0.83553 0)
(-0.312469 0.767556 0)
(-0.327601 0.65798 0)
(-0.152273 0.487242 0)
(0.0759474 0.217484 0)
(0.324329 0.02611 0)
(0.47275 -0.064967 0)
(0.488488 -0.118126 0)
(0.419035 -0.18661 0)
(0.328913 -0.256362 0)
(0.220553 -0.315668 0)
(0.122879 -0.338857 0)
(0.0407548 -0.343534 0)
(-3.36222 -2.55327 0)
(-1.81019 -2.6876 0)
(0.0841974 -2.37339 0)
(1.53248 -2.15131 0)
(2.5154 -2.14452 0)
(3.29796 -2.37965 0)
(3.61124 -2.48172 0)
(3.00039 -1.60891 0)
(1.66782 -0.345688 0)
(0.741554 0.0354896 0)
(0.536629 -0.205979 0)
(-0.53103 -0.289511 0)
(-0.664231 -0.525597 0)
(-0.859047 -0.774703 0)
(-0.924607 -1.10075 0)
(-0.825836 -1.16507 0)
(-0.839104 -1.21235 0)
(-0.994466 -1.34887 0)
(-1.08909 -1.44189 0)
(-0.831433 -1.08673 0)
(-0.351957 -0.579339 0)
(0.146881 -0.0486742 0)
(0.459292 0.299339 0)
(0.586334 0.493176 0)
(0.580981 0.599767 0)
(0.483664 0.644075 0)
(0.324698 0.64971 0)
(0.137007 0.63795 0)
(-0.0194105 0.620893 0)
(-0.134662 0.592615 0)
(-0.253135 0.493268 0)
(-0.250952 0.345302 0)
(0.191488 0.0514732 0)
(0.43088 -0.243681 0)
(0.510425 -0.363076 0)
(0.543863 -0.435423 0)
(0.518799 -0.423436 0)
(0.461723 -0.412629 0)
(0.381465 -0.415261 0)
(0.267557 -0.429145 0)
(0.141281 -0.442256 0)
(0.0371314 -0.448024 0)
(-2.63808 -2.8668 0)
(-1.70921 -3.51143 0)
(-0.259911 -3.7074 0)
(1.30998 -3.54709 0)
(2.47978 -3.42589 0)
(2.95432 -3.06999 0)
(2.60366 -2.20345 0)
(1.87197 -0.885955 0)
(1.24841 -0.162641 0)
(0.770484 -0.0836824 0)
(0.600942 -0.354085 0)
(-0.296391 -0.287069 0)
(-0.463149 -0.496013 0)
(-0.597208 -0.70516 0)
(-0.731554 -0.970676 0)
(-0.769199 -1.09079 0)
(-0.747068 -1.08645 0)
(-0.850602 -1.18695 0)
(-1.04413 -1.38637 0)
(-1.14774 -1.48381 0)
(-0.973379 -1.29003 0)
(-0.412339 -0.878707 0)
(0.0897878 -0.492162 0)
(0.32212 -0.243813 0)
(0.409445 -0.0803077 0)
(0.369488 0.0182177 0)
(0.278359 0.0367424 0)
(0.116506 0.0720904 0)
(-0.0744708 0.0148934 0)
(-0.0864371 -0.0597501 0)
(0.0718473 -0.433891 0)
(0.335162 -0.833704 0)
(0.466756 -0.996279 0)
(0.496508 -0.9995 0)
(0.493523 -0.911239 0)
(0.458665 -0.84621 0)
(0.42932 -0.730734 0)
(0.392668 -0.648647 0)
(0.32091 -0.607376 0)
(0.249086 -0.576819 0)
(0.175988 -0.551085 0)
(0.0542382 -0.539197 0)
(-1.45353 -2.72743 0)
(-0.842617 -3.48171 0)
(0.134453 -4.07175 0)
(1.09953 -4.0701 0)
(1.71169 -3.4869 0)
(1.72695 -2.44462 0)
(1.42624 -1.28483 0)
(1.0251 -0.474593 0)
(0.878706 -0.107324 0)
(0.892685 -0.164345 0)
(0.64715 -0.220941 0)
(-0.199259 -0.0559026 0)
(-0.295032 -0.249155 0)
(-0.375942 -0.38466 0)
(-0.526685 -0.590167 0)
(-0.6931 -0.788676 0)
(-0.705405 -0.887234 0)
(-0.668874 -0.926745 0)
(-0.762714 -1.11954 0)
(-0.94507 -1.40276 0)
(-1.10725 -1.57965 0)
(-0.818142 -1.47882 0)
(-0.266389 -1.32876 0)
(0.100133 -1.12722 0)
(0.311122 -0.979616 0)
(0.358516 -0.868206 0)
(0.226606 -0.827396 0)
(0.0625152 -0.813789 0)
(0.129909 -0.908091 0)
(0.266978 -1.05829 0)
(0.389112 -1.2492 0)
(0.438863 -1.30701 0)
(0.414036 -1.24735 0)
(0.385201 -1.14684 0)
(0.368476 -1.01633 0)
(0.361724 -0.8861 0)
(0.372725 -0.77813 0)
(0.378181 -0.708794 0)
(0.328947 -0.689555 0)
(0.183344 -0.737522 0)
(0.0168174 -0.760796 0)
(-0.0237143 -0.6899 0)
(0.0418295 -2.42376 0)
(-0.10592 -3.10957 0)
(0.17501 -3.40687 0)
(0.432469 -2.93634 0)
(0.559819 -2.06483 0)
(0.584785 -1.24417 0)
(0.58774 -0.599923 0)
(0.657164 -0.342098 0)
(0.794922 -0.209999 0)
(0.877008 -0.170108 0)
(0.485846 0.134458 0)
(-0.0373307 0.231707 0)
(-0.194151 0.0979957 0)
(-0.223602 -0.00303059 0)
(-0.283373 -0.129031 0)
(-0.461247 -0.310661 0)
(-0.649698 -0.600957 0)
(-0.530547 -0.723058 0)
(-0.481161 -0.848484 0)
(-0.571728 -1.14158 0)
(-0.681461 -1.55587 0)
(-0.675391 -1.70382 0)
(-0.250405 -1.79162 0)
(0.122106 -1.79644 0)
(0.216114 -1.7198 0)
(0.211572 -1.61803 0)
(0.14727 -1.53052 0)
(0.205996 -1.45094 0)
(0.319216 -1.36349 0)
(0.418272 -1.32628 0)
(0.434252 -1.33057 0)
(0.358516 -1.29684 0)
(0.294866 -1.22869 0)
(0.264206 -1.12801 0)
(0.232467 -1.01709 0)
(0.218764 -0.896341 0)
(0.250537 -0.773893 0)
(0.321057 -0.659469 0)
(0.386876 -0.547285 0)
(0.377378 -0.467079 0)
(0.235161 -0.452049 0)
(0.0128804 -0.4846 0)
(-0.0129524 -1.21215 0)
(0.139237 -1.24085 0)
(0.157729 -1.18955 0)
(0.179098 -1.11569 0)
(0.210005 -0.994259 0)
(0.270526 -0.839496 0)
(0.377147 -0.656184 0)
(0.534317 -0.472715 0)
(0.659979 -0.249792 0)
(0.567289 -0.0199489 0)
(0.223588 0.333474 0)
(-0.00527035 0.402501 0)
(-0.115163 0.350242 0)
(-0.152095 0.261092 0)
(-0.161956 0.165343 0)
(-0.164256 0.0536855 0)
(-0.303457 -0.157388 0)
(-0.336744 -0.596572 0)
(-0.274551 -0.703786 0)
(-0.292477 -0.915072 0)
(-0.337158 -1.23121 0)
(-0.31561 -1.625 0)
(-0.253939 -1.71039 0)
(-0.146697 -1.71854 0)
(0.0472071 -1.61017 0)
(0.0990059 -1.52984 0)
(0.0409557 -1.50691 0)
(-0.03139 -1.55653 0)
(-0.0161874 -1.5485 0)
(0.100891 -1.40215 0)
(0.207851 -1.26664 0)
(0.191941 -1.06461 0)
(0.12737 -0.891238 0)
(0.0672855 -0.830736 0)
(-0.00353249 -0.755882 0)
(-0.0350075 -0.701579 0)
(-0.00817222 -0.669204 0)
(0.0334172 -0.617189 0)
(0.0302634 -0.507068 0)
(-0.0657892 -0.268498 0)
(-0.0783392 -0.233804 0)
(-0.101475 -0.290407 0)
(0.0646176 -1.51678 0)
(0.07131 -1.43731 0)
(0.0656323 -1.36749 0)
(0.0714637 -1.2824 0)
(0.0942476 -1.18324 0)
(0.135333 -1.04478 0)
(0.19487 -0.838143 0)
(0.265167 -0.545434 0)
(0.302653 -0.18165 0)
(0.196703 0.172185 0)
(0.0812865 0.401102 0)
(-0.0134539 0.471918 0)
(-0.0547972 0.394737 0)
(-0.042862 0.273703 0)
(-0.0215944 0.182061 0)
(-0.0280768 0.0862509 0)
(-0.0203576 0.0528739 0)
(-0.0782871 -0.223609 0)
(-0.109277 -0.359624 0)
(-0.076959 -0.501172 0)
(-0.0766614 -0.647613 0)
(-0.0181851 -0.871578 0)
(0.0805782 -1.06772 0)
(0.101634 -1.2072 0)
(0.119376 -1.12677 0)
(0.156627 -1.0332 0)
(0.181835 -0.939557 0)
(0.19802 -0.865216 0)
(0.200803 -0.793407 0)
(0.186492 -0.702761 0)
(0.173559 -0.58384 0)
(0.178651 -0.450325 0)
(0.194353 -0.321341 0)
(0.213203 -0.196304 0)
(0.22162 -0.0981519 0)
(0.229342 -0.0410211 0)
(0.233814 0.0161672 0)
(0.240604 0.121363 0)
(0.245942 0.225737 0)
(0.25157 0.32053 0)
(0.245563 0.350244 0)
(0.232729 0.413008 0)
)
;

boundaryField
{
    leftWall
    {
        type            noSlip;
    }
    rightWall
    {
        type            noSlip;
    }
    lowerWall
    {
        type            noSlip;
    }
    atmosphere
    {
        type            pressureInletOutletVelocity;
        value           nonuniform List<vector> 
44
(
(0.00111441 0.0868152 0)
(0.000592729 0.0803569 0)
(-0.000244136 0.0821976 0)
(-5.88607e-05 0.0813028 0)
(-0.000506459 0.0821552 0)
(-0.000647831 0.0827549 0)
(-0.000880756 0.0838205 0)
(-0.0010316 0.085122 0)
(-0.00125135 0.0866522 0)
(-0.00143861 0.0884334 0)
(-0.00167244 0.0904082 0)
(-0.00188273 0.0926207 0)
(-0.00211231 0.094961 0)
(-0.00235265 0.0974897 0)
(-0.00261402 0.100105 0)
(-0.00288662 0.102856 0)
(-0.0031181 0.105613 0)
(-0.0034799 0.108365 0)
(-0.00373756 0.111078 0)
(-0.00394488 0.11364 0)
(-0.00424431 0.115989 0)
(-0.00453404 0.118046 0)
(-0.00476351 0.119688 0)
(-0.00492223 0.120709 0)
(-0.00503486 0.120966 0)
(-0.00493709 0.12026 0)
(-0.00467548 0.117887 0)
(-0.00401423 0.113122 0)
(-0.00277388 0.105021 0)
(-0.000943281 0.0927792 0)
(0.00153132 0.0740669 0)
(0.00518593 0.0477361 0)
(0.0108975 0.0113105 0)
(0 -0.0356244 0)
(0 -0.0919391 0)
(0 -0.152932 0)
(0 -0.238164 0)
(0 -0.343534 0)
(0 -0.448024 0)
(0 -0.539197 0)
(0 -0.6899 0)
(0 -0.4846 0)
(0 -0.290407 0)
(0.232729 0.413008 0)
)
;
    }
    frontAndBack
    {
        type            empty;
    }
}


// ************************************************************************* //
