/*--------------------------------*- C++ -*----------------------------------*\
  =========                 |
  \\      /  F ield         | OpenFOAM: The Open Source CFD Toolbox
   \\    /   O peration     | Website:  https://openfoam.org
    \\  /    A nd           | Version:  13
     \\/     M anipulation  |
\*---------------------------------------------------------------------------*/
FoamFile
{
    format      ascii;
    class       volScalarField;
    location    "0.0115";
    object      mag(U);
}
// * * * * * * * * * * * * * * * * * * * * * * * * * * * * * * * * * * * * * //

dimensions      [0 1 -1 0 0 0 0];

internalField   nonuniform List<scalar> 
8000
(
157.114
159.419
160.867
162.349
163.748
165.106
166.421
167.706
168.971
170.231
171.498
172.782
174.097
175.451
176.853
178.31
179.825
181.398
183.027
184.707
186.433
188.199
190
191.832
193.692
195.579
197.494
199.44
201.418
203.431
205.481
207.566
209.686
211.835
214.008
216.198
218.398
220.602
222.805
225.006
227.205
229.405
231.611
233.831
236.071
238.34
240.642
242.984
245.367
247.793
250.261
252.769
255.317
257.901
260.52
263.174
265.861
268.584
271.346
274.148
276.995
279.891
282.84
285.845
288.91
292.037
295.227
298.481
301.799
305.182
308.629
312.142
315.72
319.365
323.079
326.865
330.725
334.663
338.683
342.789
346.986
351.279
355.671
360.167
364.771
369.488
374.321
379.276
384.355
389.565
394.909
400.394
406.025
411.811
417.757
423.876
430.171
436.662
443.351
450.264
457.403
464.8
472.459
480.421
488.689
497.319
506.312
515.747
525.624
536.054
547.034
558.732
571.135
584.509
598.816
614.494
631.434
650.371
671.017
694.394
157.262
159.561
160.997
162.469
163.861
165.213
166.524
167.807
169.073
170.334
171.601
172.887
174.202
175.556
176.958
178.415
179.928
181.499
183.126
184.805
186.529
188.294
190.094
191.925
193.784
195.671
197.586
199.529
201.505
203.515
205.56
207.64
209.753
211.895
214.061
216.245
218.439
220.638
222.838
225.036
227.234
229.433
231.64
233.86
236.101
238.37
240.674
243.015
245.398
247.824
250.292
252.801
255.348
257.932
260.552
263.206
265.895
268.619
271.381
274.185
277.034
279.931
282.881
285.888
288.954
292.081
295.271
298.526
301.845
305.228
308.677
312.19
315.77
319.416
323.132
326.92
330.782
334.722
338.744
342.852
347.051
351.345
355.739
360.236
364.842
369.56
374.394
379.35
384.43
389.642
394.987
400.475
406.108
411.897
417.846
423.968
430.267
436.761
443.455
450.371
457.515
464.916
472.58
480.546
488.819
497.454
506.453
515.893
525.775
536.212
547.198
558.902
571.313
584.694
599.012
614.698
631.656
650.598
671.268
694.627
157.25
159.554
160.992
162.464
163.857
165.212
166.528
167.817
169.091
170.361
171.637
172.932
174.255
175.615
177.022
178.481
179.997
181.568
183.195
184.872
186.595
188.359
190.158
191.988
193.847
195.733
197.646
199.588
201.56
203.565
205.603
207.674
209.777
211.908
214.061
216.231
218.412
220.598
222.786
224.974
227.163
229.356
231.558
233.775
236.015
238.283
240.587
242.929
245.312
247.738
250.207
252.715
255.263
257.847
260.466
263.12
265.809
268.533
271.296
274.1
276.949
279.847
282.798
285.805
288.872
292
295.19
298.444
301.763
305.146
308.594
312.107
315.686
319.332
323.048
326.836
330.698
334.638
338.66
342.769
346.969
351.263
355.657
360.154
364.76
369.478
374.312
379.267
384.347
389.558
394.902
400.389
406.021
411.809
417.756
423.877
430.175
436.668
443.361
450.276
457.419
464.819
472.482
480.447
488.719
497.352
506.35
515.789
525.671
536.104
547.092
558.794
571.21
584.591
598.926
614.624
631.635
650.634
671.451
694.993
157.042
159.355
160.798
162.276
163.675
165.038
166.364
167.666
168.955
170.24
171.532
172.84
174.176
175.547
176.962
178.426
179.945
181.517
183.143
184.819
186.54
188.302
190.099
191.928
193.786
195.671
197.583
199.522
201.491
203.491
205.521
207.584
209.675
211.792
213.931
216.087
218.253
220.427
222.603
224.782
226.964
229.152
231.351
233.567
235.806
238.075
240.379
242.721
245.106
247.532
250
252.509
255.056
257.64
260.26
262.914
265.604
268.33
271.094
273.9
276.752
279.652
282.605
285.614
288.681
291.81
295.001
298.256
301.575
304.959
308.407
311.92
315.5
319.148
322.864
326.653
330.517
334.459
338.483
342.593
346.793
351.089
355.483
359.981
364.587
369.305
374.139
379.094
384.173
389.383
394.727
400.214
405.845
411.632
417.58
423.7
429.998
436.491
443.184
450.099
457.242
464.642
472.305
480.27
488.542
497.174
506.172
515.608
525.49
535.922
546.911
558.611
571.033
584.417
598.772
614.487
631.561
650.626
671.62
695.366
156.684
159.004
160.448
161.929
163.332
164.703
166.041
167.358
168.662
169.965
171.274
172.598
173.948
175.331
176.755
178.226
179.748
181.322
182.947
184.622
186.341
188.1
189.895
191.722
193.578
195.462
197.373
199.31
201.276
203.271
205.296
207.349
209.43
211.536
213.663
215.805
217.96
220.122
222.289
224.461
226.638
228.824
231.023
233.24
235.481
237.752
240.059
242.403
244.789
247.217
249.686
252.195
254.743
257.327
259.948
262.603
265.295
268.023
270.79
273.6
276.454
279.358
282.314
285.326
288.397
291.528
294.722
297.978
301.299
304.684
308.133
311.649
315.23
318.88
322.599
326.39
330.256
334.201
338.228
342.341
346.544
350.842
355.239
359.74
364.347
369.067
373.902
378.858
383.938
389.149
394.494
399.981
405.613
411.401
417.35
423.471
429.771
436.265
442.96
449.877
457.022
464.424
472.089
480.055
488.329
496.962
505.962
515.4
525.284
535.716
546.709
558.411
570.843
584.232
598.616
614.355
631.513
650.665
671.884
695.896
156.176
158.501
159.946
161.429
162.837
164.216
165.566
166.898
168.221
169.542
170.869
172.211
173.576
174.972
176.406
177.884
179.411
180.987
182.613
184.286
186.003
187.76
189.553
191.379
193.234
195.117
197.027
198.964
200.928
202.92
204.94
206.987
209.06
211.156
213.272
215.403
217.547
219.7
221.86
224.027
226.201
228.386
230.585
232.804
235.049
237.323
239.633
241.98
244.368
246.797
249.267
251.777
254.326
256.912
259.534
262.191
264.885
267.617
270.388
273.202
276.061
278.97
281.931
284.947
288.022
291.157
294.353
297.612
300.935
304.323
307.775
311.292
314.877
318.529
322.251
326.046
329.916
333.865
337.895
342.012
346.22
350.521
354.922
359.425
364.035
368.757
373.595
378.552
383.634
388.847
394.193
399.681
405.315
411.105
417.055
423.179
429.481
435.977
442.675
449.594
456.742
464.146
471.814
479.781
488.058
496.693
505.695
515.133
525.021
535.453
546.451
558.153
570.597
583.992
598.408
614.175
631.428
650.685
672.17
696.509
155.518
157.85
159.295
160.779
162.192
163.58
164.944
166.293
167.635
168.977
170.324
171.685
173.068
174.478
175.925
177.412
178.945
180.524
182.151
183.824
185.54
187.295
189.087
190.911
192.766
194.65
196.56
198.497
200.461
202.451
204.467
206.509
208.575
210.662
212.769
214.89
217.025
219.17
221.323
223.485
225.657
227.842
230.043
232.265
234.513
236.792
239.105
241.456
243.847
246.278
248.75
251.261
253.811
256.398
259.022
261.682
264.38
267.116
269.892
272.711
275.576
278.491
281.458
284.48
287.559
290.699
293.899
297.162
300.488
303.879
307.334
310.855
314.443
318.099
321.825
325.625
329.499
333.453
337.489
341.611
345.823
350.129
354.534
359.041
363.655
368.38
373.221
378.181
383.266
388.48
393.829
399.319
404.956
410.748
416.701
422.827
429.132
435.632
442.332
449.254
456.406
463.813
471.484
479.455
487.735
496.371
505.377
514.816
524.707
535.139
546.143
557.847
570.303
583.706
598.156
613.956
631.313
650.69
672.478
697.197
154.704
157.044
158.489
159.977
161.396
162.796
164.175
165.544
166.908
168.272
169.643
171.026
172.428
173.856
175.317
176.816
178.357
179.941
181.571
183.244
184.96
186.714
188.505
190.33
192.185
194.07
195.982
197.92
199.884
201.873
203.887
205.925
207.985
210.064
212.161
214.274
216.4
218.537
220.684
222.842
225.013
227.198
229.402
231.628
233.881
236.164
238.482
240.837
243.231
245.664
248.138
250.651
253.203
255.792
258.418
261.082
263.784
266.525
269.307
272.132
275.004
277.926
280.9
283.928
287.014
290.159
293.364
296.631
299.962
303.356
306.815
310.34
313.932
317.593
321.324
325.129
329.009
332.969
337.01
341.138
345.356
349.668
354.078
358.59
363.209
367.938
372.783
377.747
382.834
388.052
393.404
398.897
404.537
410.332
416.289
422.418
428.727
435.23
441.935
448.861
456.017
463.427
471.103
479.076
487.361
495.999
505.009
514.449
524.344
534.777
545.787
557.492
569.961
583.373
597.859
613.694
631.163
650.674
672.796
697.948
153.745
156.092
157.538
159.031
160.458
161.87
163.267
164.657
166.046
167.435
168.831
170.239
171.664
173.112
174.59
176.103
177.654
179.246
180.88
182.556
184.272
186.027
187.819
189.644
191.501
193.387
195.301
197.241
199.207
201.196
203.209
205.243
207.297
209.369
211.458
213.562
215.679
217.808
219.95
222.105
224.274
226.461
228.667
230.898
233.156
235.445
237.768
240.127
242.524
244.961
247.437
249.952
252.506
255.098
257.728
260.396
263.102
265.849
268.637
271.47
274.35
277.28
280.261
283.297
286.39
289.541
292.752
296.025
299.36
302.759
306.223
309.753
313.35
317.016
320.753
324.564
328.451
332.417
336.465
340.6
344.825
349.143
353.559
358.077
362.701
367.436
372.285
377.253
382.345
387.567
392.923
398.42
404.063
409.863
415.824
421.957
428.271
434.778
441.488
448.418
455.579
462.993
470.674
478.651
486.94
495.581
504.595
514.037
523.937
534.371
545.387
557.094
569.576
582.997
597.52
613.394
630.978
650.636
673.117
698.756
152.639
154.994
156.444
157.944
159.38
160.808
162.225
163.639
165.054
166.471
167.895
169.33
170.781
172.252
173.75
175.279
176.843
178.445
180.085
181.765
183.484
185.241
187.034
188.862
190.721
192.61
194.527
196.471
198.438
200.428
202.44
204.47
206.519
208.584
210.665
212.76
214.869
216.991
219.128
221.279
223.448
225.636
227.846
230.082
232.345
234.64
236.968
239.332
241.734
244.174
246.653
249.171
251.727
254.322
256.956
259.628
262.341
265.094
267.89
270.731
273.62
276.558
279.548
282.592
285.692
288.851
292.068
295.347
298.688
302.093
305.562
309.097
312.7
316.373
320.116
323.934
327.828
331.802
335.858
340
344.232
348.558
352.982
357.506
362.137
366.877
371.732
376.705
381.802
387.028
392.389
397.891
403.539
409.343
415.309
421.447
427.766
434.279
440.994
447.929
455.096
462.515
470.201
478.182
486.476
495.12
504.139
513.583
523.488
533.924
544.946
556.656
569.151
582.582
597.141
613.055
630.759
650.574
673.435
699.614
151.41
153.773
155.224
156.733
158.181
159.625
161.064
162.504
163.946
165.394
166.848
168.312
169.791
171.288
172.808
174.356
175.935
177.548
179.197
180.883
182.607
184.367
186.163
187.993
189.856
191.749
193.67
195.617
197.587
199.578
201.588
203.615
205.659
207.717
209.79
211.876
213.977
216.092
218.224
220.373
222.541
224.731
226.945
229.185
231.455
233.755
236.09
238.459
240.865
243.309
245.792
248.313
250.872
253.471
256.109
258.787
261.505
264.266
267.071
269.921
272.818
275.766
278.766
281.819
284.928
288.094
291.319
294.604
297.952
301.362
304.838
308.379
311.989
315.668
319.419
323.245
327.147
331.129
335.193
339.344
343.585
347.919
352.35
356.883
361.52
366.267
371.128
376.108
381.21
386.442
391.808
397.315
402.969
408.778
414.75
420.894
427.219
433.737
440.458
447.399
454.572
461.996
469.688
477.674
485.973
494.621
503.645
513.092
523.002
533.439
544.468
556.181
568.689
582.13
596.724
612.681
630.497
650.474
673.735
700.498
150.061
152.432
153.888
155.407
156.869
158.332
159.794
161.262
162.735
164.214
165.7
167.196
168.704
170.229
171.774
173.343
174.939
176.566
178.225
179.919
181.649
183.414
185.214
187.049
188.916
190.813
192.738
194.688
196.66
198.652
200.661
202.686
204.724
206.775
208.839
210.917
213.009
215.118
217.245
219.391
221.559
223.751
225.969
228.215
230.491
232.798
235.139
237.514
239.925
242.374
244.86
247.385
249.948
252.551
255.194
257.878
260.603
263.372
266.185
269.045
271.953
274.911
277.92
280.983
284.101
287.276
290.509
293.802
297.157
300.574
304.056
307.605
311.222
314.909
318.668
322.502
326.413
330.404
334.477
338.638
342.887
347.23
351.67
356.211
360.857
365.611
370.479
375.465
380.575
385.813
391.185
396.698
402.358
408.173
414.151
420.301
426.633
433.157
439.885
446.832
454.012
461.442
469.14
477.131
485.436
494.088
503.118
512.568
522.483
532.922
543.957
555.673
568.193
581.645
596.273
612.273
630.2
650.349
674.025
701.419
148.626
151.004
152.464
153.993
155.47
156.953
158.44
159.936
161.439
162.951
164.47
165.998
167.538
169.091
170.662
172.254
173.869
175.511
177.183
178.886
180.623
182.394
184.199
186.039
187.91
189.812
191.741
193.695
195.669
197.661
199.668
201.689
203.721
205.765
207.82
209.89
211.974
214.076
216.198
218.342
220.51
222.705
224.927
227.179
229.461
231.775
234.122
236.504
238.921
241.374
243.864
246.393
248.961
251.569
254.218
256.908
259.641
262.418
265.241
268.111
271.029
273.998
277.018
280.091
283.219
286.404
289.645
292.947
296.309
299.734
303.224
306.78
310.405
314.1
317.868
321.711
325.631
329.632
333.716
337.886
342.145
346.498
350.948
355.497
360.151
364.914
369.79
374.784
379.9
385.145
390.524
396.044
401.711
407.533
413.518
419.675
426.013
432.544
439.28
446.233
453.42
460.856
468.561
476.558
484.869
493.526
502.561
512.014
521.934
532.376
543.417
555.136
567.667
581.13
595.789
611.832
629.878
650.204
674.306
702.378
147.108
149.493
150.958
152.5
153.992
155.497
157.01
158.535
160.071
161.616
163.169
164.731
166.302
167.886
169.484
171.1
172.735
174.394
176.079
177.793
179.538
181.316
183.128
184.973
186.849
188.755
190.688
192.644
194.619
196.611
198.615
200.631
202.656
204.692
206.739
208.8
210.876
212.972
215.09
217.232
219.4
221.598
223.825
226.082
228.372
230.693
233.047
235.435
237.858
240.317
242.812
245.346
247.919
250.532
253.187
255.884
258.625
261.411
264.244
267.125
270.054
273.034
276.066
279.15
282.289
285.483
288.734
292.044
295.415
298.848
302.346
305.911
309.544
313.248
317.026
320.878
324.808
328.819
332.914
337.094
341.365
345.728
350.187
354.747
359.41
364.182
369.066
374.068
379.192
384.445
389.832
395.359
401.033
406.862
412.854
419.019
425.364
431.903
438.646
445.607
452.801
460.244
467.956
475.958
484.276
492.937
501.978
511.435
521.36
531.805
542.852
554.574
567.116
580.589
595.277
611.363
629.513
650.017
674.549
703.354
145.54
147.93
149.399
150.954
152.464
153.99
155.53
157.085
158.652
160.23
161.817
163.412
165.015
166.629
168.255
169.895
171.552
173.228
174.928
176.653
178.407
180.193
182.01
183.86
185.741
187.651
189.586
191.544
193.519
195.508
197.509
199.519
201.537
203.564
205.602
207.654
209.723
211.812
213.926
216.067
218.236
220.437
222.669
224.933
227.229
229.558
231.92
234.315
236.744
239.208
241.709
244.248
246.827
249.446
252.107
254.812
257.562
260.358
263.201
266.093
269.034
272.026
275.07
278.165
281.315
284.519
287.78
291.1
294.48
297.922
301.429
305.003
308.645
312.359
316.146
320.009
323.95
327.972
332.077
336.269
340.551
344.925
349.395
353.965
358.638
363.419
368.313
373.323
378.456
383.717
389.112
394.646
400.329
406.166
412.166
418.338
424.692
431.238
437.989
444.957
452.158
459.608
467.328
475.336
483.661
492.327
501.374
510.834
520.765
531.212
542.265
553.991
566.542
580.025
594.739
610.867
629.116
649.799
674.771
704.338
143.918
146.313
147.788
149.357
150.885
152.435
154.002
155.588
157.188
158.799
160.42
162.048
163.684
165.329
166.983
168.648
170.326
172.021
173.735
175.473
177.236
179.029
180.853
182.708
184.592
186.504
188.441
190.398
192.371
194.357
196.352
198.355
200.365
202.383
204.412
206.455
208.517
210.601
212.711
214.851
217.022
219.226
221.464
223.734
226.039
228.375
230.745
233.148
235.584
238.055
240.562
243.107
245.691
248.317
250.986
253.699
256.458
259.264
262.118
265.022
267.975
270.979
274.035
277.142
280.303
283.519
286.791
290.12
293.51
296.962
300.478
304.061
307.714
311.438
315.235
319.109
323.061
327.095
331.212
335.415
339.708
344.094
348.575
353.156
357.84
362.631
367.535
372.554
377.696
382.966
388.369
393.912
399.603
405.448
411.456
417.636
423.998
430.552
437.312
444.288
451.497
458.954
466.681
474.696
483.027
491.699
500.751
510.216
520.152
530.602
541.661
553.389
565.949
579.441
594.179
610.346
628.688
649.55
674.962
705.329
142.272
144.67
146.149
147.733
149.28
150.854
152.448
154.064
155.696
157.34
158.993
160.655
162.323
163.998
165.68
167.37
169.07
170.783
172.512
174.261
176.034
177.834
179.663
181.521
183.408
185.321
187.256
189.211
191.181
193.161
195.149
197.144
199.145
201.154
203.173
205.208
207.263
209.342
211.45
213.589
215.762
217.971
220.214
222.493
224.805
227.15
229.528
231.939
234.382
236.86
239.374
241.926
244.517
247.15
249.827
252.548
255.317
258.134
261
263.915
266.881
269.898
272.966
276.086
279.259
282.486
285.769
289.11
292.51
295.971
299.498
303.091
306.754
310.489
314.297
318.182
322.146
326.192
330.321
334.537
338.842
343.24
347.733
352.325
357.02
361.822
366.736
371.765
376.917
382.195
387.608
393.159
398.859
404.713
410.73
416.918
423.289
429.851
436.619
443.603
450.82
458.285
466.019
474.04
482.379
491.056
500.114
509.582
519.524
529.977
541.041
552.772
565.34
578.84
593.6
609.804
628.23
649.271
675.119
706.336
140.586
142.987
144.473
146.073
147.64
149.24
150.862
152.508
154.172
155.85
157.537
159.232
160.932
162.638
164.347
166.062
167.784
169.515
171.259
173.02
174.802
176.609
178.442
180.302
182.189
184.1
186.033
187.983
189.946
191.919
193.899
195.884
197.876
199.875
201.886
203.913
205.961
208.037
210.142
212.283
214.459
216.672
218.922
221.209
223.53
225.884
228.271
230.691
233.143
235.629
238.15
240.709
243.308
245.949
248.634
251.365
254.144
256.972
259.85
262.778
265.757
268.787
271.868
275.001
278.187
281.426
284.72
288.072
291.483
294.955
298.493
302.097
305.77
309.516
313.337
317.234
321.21
325.268
329.41
333.639
337.957
342.367
346.872
351.476
356.183
360.996
365.92
370.96
376.121
381.409
386.831
392.392
398.1
403.963
409.989
416.186
422.566
429.136
435.913
442.905
450.131
457.603
465.345
473.373
481.718
490.4
499.465
508.937
518.884
529.34
540.408
552.143
564.717
578.226
593.003
609.243
627.746
648.958
675.224
707.359
138.885
141.287
142.779
144.396
145.985
147.609
149.26
150.937
152.632
154.342
156.062
157.789
159.52
161.256
162.993
164.732
166.475
168.224
169.982
171.754
173.544
175.355
177.191
179.051
180.936
182.843
184.77
186.714
188.669
190.632
192.602
194.577
196.558
198.548
200.55
202.57
204.614
206.686
208.791
210.933
213.113
215.332
217.59
219.885
222.216
224.58
226.977
229.406
231.867
234.362
236.891
239.459
242.066
244.715
247.409
250.151
252.941
255.78
258.671
261.612
264.604
267.648
270.743
273.889
277.088
280.34
283.647
287.01
290.432
293.916
297.465
301.081
304.766
308.524
312.356
316.266
320.255
324.326
328.481
332.723
337.054
341.477
345.995
350.611
355.33
360.154
365.089
370.14
375.312
380.61
386.041
391.612
397.33
403.202
409.237
415.443
421.832
428.411
435.196
442.197
449.431
456.911
464.661
472.695
481.048
489.735
498.806
508.283
518.234
528.693
539.766
551.503
564.083
577.599
592.391
608.663
627.238
648.607
675.296
708.348
137.147
139.549
141.05
142.685
144.296
145.947
147.627
149.335
151.062
152.805
154.558
156.318
158.082
159.847
161.611
163.375
165.139
166.905
168.677
170.459
172.256
174.071
175.907
177.765
179.645
181.546
183.465
185.399
187.343
189.296
191.254
193.218
195.189
197.169
199.164
201.178
203.217
205.288
207.394
209.539
211.724
213.95
216.217
218.522
220.862
223.238
225.645
228.085
230.556
233.06
235.599
238.175
240.792
243.451
246.155
248.907
251.709
254.561
257.464
260.419
263.426
266.484
269.593
272.753
275.965
279.23
282.55
285.926
289.361
292.857
296.417
300.045
303.743
307.513
311.358
315.281
319.283
323.368
327.537
331.792
336.137
340.573
345.104
349.733
354.464
359.3
364.247
369.309
374.491
379.8
385.242
390.822
396.55
402.431
408.476
414.691
421.089
427.677
434.472
441.48
448.723
456.211
463.969
472.01
480.369
489.063
498.139
507.62
517.577
528.039
539.116
550.856
563.441
576.962
591.767
608.069
626.702
648.237
675.337
709.354
135.39
137.792
139.3
140.955
142.589
144.268
145.977
147.715
149.475
151.249
153.034
154.826
156.62
158.414
160.206
161.994
163.778
165.561
167.346
169.137
170.938
172.755
174.589
176.442
178.316
180.207
182.116
184.037
185.969
187.909
189.855
191.808
193.768
195.739
197.727
199.736
201.773
203.843
205.951
208.1
210.292
212.527
214.803
217.118
219.47
221.857
224.276
226.727
229.209
231.724
234.273
236.86
239.486
242.156
244.872
247.635
250.449
253.315
256.232
259.201
262.222
265.295
268.418
271.593
274.82
278.099
281.433
284.822
288.269
291.778
295.352
298.992
302.703
306.486
310.345
314.281
318.298
322.396
326.579
330.848
335.207
339.657
344.202
348.844
353.587
358.436
363.395
368.468
373.661
378.981
384.433
390.024
395.762
401.653
407.707
413.932
420.339
426.937
433.74
440.757
448.009
455.504
463.27
471.318
479.685
488.384
497.466
506.952
516.913
527.378
538.459
550.201
562.79
576.317
591.132
607.46
626.144
647.838
675.336
710.331
133.59
135.99
137.509
139.184
140.843
142.55
144.289
146.059
147.85
149.657
151.475
153.3
155.126
156.949
158.768
160.579
162.384
164.183
165.98
167.779
169.585
171.401
173.232
175.078
176.942
178.822
180.717
182.624
184.542
186.468
188.401
190.341
192.291
194.255
196.236
198.242
200.278
202.349
204.461
206.616
208.815
211.059
213.346
215.673
218.037
220.437
222.869
225.332
227.826
230.353
232.914
235.512
238.149
240.831
243.558
246.335
249.162
252.042
254.974
257.958
260.994
264.082
267.221
270.412
273.653
276.947
280.295
283.698
287.159
290.682
294.269
297.923
301.647
305.444
309.317
313.268
317.298
321.411
325.609
329.893
334.266
338.73
343.289
347.944
352.701
357.563
362.534
367.619
372.824
378.154
383.617
389.219
394.967
400.868
406.933
413.167
419.584
426.191
433.003
440.029
447.289
454.793
462.567
470.622
478.995
487.7
496.789
506.278
516.244
526.713
537.797
549.541
562.134
575.665
590.489
606.838
625.567
647.406
675.253
711.38
131.762
134.162
135.69
137.387
139.072
140.807
142.576
144.377
146.2
148.039
149.889
151.745
153.601
155.454
157.299
159.134
160.958
162.773
164.582
166.388
168.196
170.01
171.835
173.672
175.524
177.39
179.27
181.161
183.063
184.974
186.893
188.822
190.762
192.719
194.695
196.699
198.735
200.809
202.925
205.087
207.295
209.549
211.848
214.188
216.566
218.979
221.424
223.901
226.409
228.948
231.522
234.132
236.782
239.476
242.217
245.008
247.849
250.743
253.691
256.691
259.743
262.847
266.003
269.209
272.467
275.776
279.139
282.557
286.033
289.57
293.171
296.839
300.578
304.39
308.277
312.242
316.288
320.416
324.629
328.928
333.315
337.794
342.367
347.037
351.807
356.682
361.666
366.763
371.98
377.322
382.796
388.408
394.167
400.079
406.153
412.398
418.824
425.441
432.262
439.297
446.566
454.078
461.859
469.922
478.302
487.013
496.107
505.602
515.573
526.044
537.132
548.878
561.474
575.008
589.838
606.207
624.971
646.941
675.157
712.303
129.884
132.281
133.821
135.54
137.251
139.015
140.815
142.647
144.503
146.375
148.258
150.147
152.036
153.918
155.791
157.65
159.494
161.325
163.145
164.957
166.767
168.579
170.396
172.223
174.061
175.911
177.774
179.648
181.533
183.429
185.334
187.251
189.182
191.132
193.105
195.107
197.145
199.223
201.345
203.515
205.733
207.999
210.31
212.663
215.056
217.483
219.944
222.435
224.957
227.511
230.098
232.722
235.386
238.094
240.849
243.654
246.511
249.421
252.385
255.402
258.471
261.592
264.765
267.988
271.262
274.588
277.967
281.4
284.892
288.444
292.06
295.743
299.497
303.324
307.226
311.207
315.268
319.412
323.64
327.955
332.358
336.852
341.439
346.123
350.908
355.796
360.793
365.903
371.132
376.486
381.971
387.595
393.365
399.287
405.372
411.626
418.063
424.688
431.519
438.563
445.841
453.361
461.151
469.22
477.608
486.325
495.425
504.925
514.9
525.375
536.465
548.214
560.812
574.349
589.183
605.567
624.359
646.458
674.968
713.364
127.971
130.366
131.918
133.661
135.399
137.193
139.023
140.886
142.774
144.678
146.594
148.515
150.435
152.348
154.248
156.131
157.996
159.843
161.674
163.493
165.304
167.112
168.922
170.737
172.56
174.393
176.238
178.094
179.962
181.841
183.733
185.639
187.562
189.505
191.475
193.477
195.517
197.6
199.729
201.908
204.136
206.414
208.739
211.107
213.514
215.957
218.433
220.94
223.478
226.046
228.649
231.287
233.966
236.689
239.46
242.281
245.154
248.081
251.061
254.095
257.182
260.321
263.512
266.752
270.044
273.387
276.783
280.233
283.74
287.308
290.94
294.639
298.409
302.251
306.17
310.166
314.243
318.403
322.647
326.978
331.397
335.906
340.509
345.208
350.006
354.908
359.918
365.041
370.283
375.648
381.146
386.78
392.561
398.494
404.59
410.854
417.301
423.936
430.777
437.83
445.116
452.645
460.443
468.52
476.915
485.639
494.745
504.249
514.229
524.707
535.801
547.552
560.151
573.69
588.527
604.923
623.737
645.942
674.773
714.261
126.005
128.398
129.963
131.729
133.494
135.317
137.179
139.074
140.994
142.933
144.883
146.839
148.793
150.738
152.667
154.577
156.464
158.328
160.172
161.998
163.811
165.616
167.418
169.221
171.029
172.845
174.672
176.51
178.36
180.224
182.102
183.996
185.911
187.849
189.817
191.819
193.862
195.949
198.086
200.274
202.514
204.804
207.143
209.526
211.949
214.408
216.9
219.423
221.977
224.562
227.18
229.834
232.529
235.268
238.055
240.892
243.783
246.727
249.725
252.778
255.883
259.041
262.249
265.508
268.818
272.179
275.592
279.059
282.583
286.167
289.816
293.531
297.317
301.176
305.111
309.124
313.218
317.394
321.655
326.002
330.437
334.962
339.58
344.293
349.106
354.022
359.045
364.181
369.435
374.813
380.323
385.969
391.761
397.704
403.811
410.085
416.542
423.188
430.038
437.1
444.396
451.933
459.74
467.825
476.227
484.957
494.07
503.579
513.563
524.045
535.142
546.894
559.494
573.035
587.872
604.278
623.105
645.415
674.477
715.35
124.008
126.399
127.979
129.768
131.561
133.414
135.307
137.234
139.188
141.16
143.146
145.137
147.125
149.103
151.063
153
154.911
156.795
158.652
160.487
162.304
164.107
165.901
167.693
169.487
171.287
173.096
174.916
176.749
178.597
180.462
182.346
184.252
186.186
188.151
190.153
192.198
194.291
196.435
198.632
200.883
203.186
205.538
207.936
210.375
212.85
215.359
217.899
220.469
223.07
225.705
228.376
231.088
233.843
236.647
239.502
242.41
245.372
248.389
251.46
254.584
257.761
260.988
264.266
267.594
270.973
274.404
277.889
281.43
285.031
288.697
292.429
296.232
300.107
304.059
308.089
312.2
316.393
320.67
325.033
329.484
334.024
338.657
343.385
348.213
353.142
358.179
363.328
368.595
373.985
379.506
385.164
390.967
396.922
403.039
409.324
415.792
422.447
429.308
436.38
443.685
451.231
459.046
467.139
475.548
484.285
493.403
502.917
512.906
523.391
534.491
546.245
558.846
572.387
587.224
603.635
622.472
644.857
674.195
716.243
121.969
124.36
125.954
127.766
129.587
131.47
133.395
135.356
137.345
139.355
141.379
143.408
145.435
147.449
149.443
151.411
153.349
155.254
157.129
158.976
160.798
162.601
164.391
166.173
167.955
169.739
171.532
173.335
175.152
176.986
178.837
180.711
182.609
184.537
186.499
188.501
190.548
192.645
194.795
197.001
199.262
201.577
203.943
206.355
208.809
211.3
213.826
216.382
218.969
221.588
224.239
226.927
229.655
232.428
235.249
238.122
241.048
244.028
247.064
250.154
253.297
256.493
259.739
263.036
266.382
269.78
273.229
276.731
280.29
283.908
287.591
291.34
295.16
299.053
303.022
307.069
311.197
315.406
319.699
324.078
328.544
333.1
337.748
342.491
347.332
352.276
357.326
362.487
367.767
373.169
378.702
384.371
390.186
396.152
402.28
408.577
415.055
421.721
428.591
435.673
442.987
450.541
458.365
466.465
474.881
483.624
492.748
502.267
512.26
522.749
533.85
545.606
558.207
571.749
586.584
602.999
621.836
644.306
673.774
717.418
119.924
122.314
123.924
125.76
127.61
129.524
131.482
133.479
135.505
137.553
139.616
141.686
143.751
145.804
147.835
149.836
151.803
153.734
155.629
157.489
159.32
161.126
162.914
164.69
166.461
168.233
170.011
171.8
173.602
175.421
177.261
179.123
181.013
182.934
184.893
186.893
188.941
191.041
193.197
195.41
197.68
200.006
202.383
204.809
207.278
209.784
212.326
214.898
217.502
220.137
222.805
225.509
228.254
231.044
233.882
236.772
239.716
242.715
245.769
248.878
252.04
255.254
258.519
261.834
265.199
268.615
272.082
275.602
279.177
282.813
286.513
290.28
294.117
298.027
302.012
306.076
310.219
314.444
318.753
323.147
327.628
332.198
336.861
341.617
346.472
351.429
356.492
361.666
366.958
372.372
377.917
383.598
389.425
395.402
401.541
407.848
414.337
421.012
427.892
434.982
442.305
449.867
457.698
465.805
474.227
482.976
492.105
501.629
511.626
522.117
533.222
544.978
557.58
571.12
585.953
602.367
621.205
643.728
673.326
718.43
117.874
120.266
121.891
123.75
125.63
127.577
129.571
131.606
133.673
135.763
137.87
139.983
142.092
144.187
146.258
148.297
150.297
152.257
154.175
156.054
157.897
159.71
161.499
163.272
165.036
166.798
168.564
170.339
172.128
173.935
175.762
177.614
179.495
181.409
183.363
185.36
187.407
189.508
191.667
193.885
196.162
198.497
200.885
203.323
205.805
208.326
210.881
213.469
216.088
218.739
221.423
224.143
226.905
229.711
232.566
235.473
238.434
241.45
244.522
247.648
250.828
254.06
257.343
260.677
264.059
267.493
270.977
274.514
278.106
281.759
285.475
289.259
293.113
297.038
301.039
305.118
309.276
313.516
317.839
322.247
326.742
331.326
336.003
340.773
345.641
350.611
355.687
360.873
366.176
371.602
377.159
382.851
388.689
394.677
400.826
407.143
413.64
420.324
427.212
434.309
441.639
449.208
457.045
465.157
473.586
482.339
491.473
501
511.001
521.494
532.599
544.356
556.955
570.492
585.319
601.73
620.559
643.12
672.838
719.688
115.87
118.264
119.907
121.791
123.703
125.686
127.72
129.795
131.904
134.038
136.189
138.347
140.501
142.64
144.753
146.831
148.868
150.859
152.804
154.704
156.562
158.385
160.179
161.953
163.713
165.468
167.225
168.99
170.767
172.562
174.378
176.22
178.091
179.997
181.944
183.936
185.98
188.08
190.24
192.461
194.744
197.085
199.482
201.93
204.423
206.956
209.525
212.126
214.759
217.424
220.122
222.857
225.634
228.455
231.325
234.248
237.225
240.257
243.345
246.488
249.685
252.934
256.234
259.583
262.983
266.433
269.933
273.486
277.095
280.763
284.496
288.295
292.163
296.103
300.118
304.21
308.381
312.633
316.97
321.391
325.899
330.497
335.186
339.968
344.849
349.83
354.918
360.115
365.43
370.867
376.435
382.138
387.985
393.981
400.139
406.463
412.967
419.657
426.55
433.653
440.988
448.562
456.404
464.521
472.954
481.71
490.847
500.375
510.376
520.867
531.969
543.72
556.312
569.843
584.66
601.062
619.879
642.464
672.263
720.645
113.931
116.328
117.991
119.902
121.848
123.87
125.945
128.063
130.217
132.398
134.596
136.802
139.004
141.189
143.347
145.468
147.543
149.568
151.542
153.466
155.343
157.179
158.982
160.759
162.519
164.27
166.021
167.778
169.546
171.33
173.136
174.966
176.827
178.724
180.663
182.649
184.688
186.784
188.943
191.164
193.449
195.795
198.198
200.654
203.156
205.699
208.278
210.891
213.536
216.213
218.924
221.673
224.462
227.297
230.18
233.117
236.108
239.154
242.257
245.415
248.627
251.891
255.206
258.571
261.985
265.45
268.966
272.533
276.155
279.838
283.585
287.397
291.278
295.229
299.255
303.358
307.541
311.805
316.154
320.587
325.108
329.717
334.418
339.212
344.105
349.097
354.195
359.403
364.728
370.174
375.75
381.46
387.313
393.315
399.478
405.805
412.313
419.007
425.905
433.012
440.351
447.929
455.774
463.895
472.329
481.085
490.219
499.743
509.736
520.218
531.31
543.052
555.635
569.155
583.959
600.349
619.144
641.737
671.545
721.545
112.119
114.522
116.209
118.15
120.135
122.197
124.315
126.478
128.677
130.904
133.148
135.401
137.65
139.881
142.083
144.245
146.358
148.418
150.422
152.371
154.268
156.12
157.934
159.717
161.48
163.231
164.978
166.729
168.489
170.264
172.06
173.88
175.731
177.618
179.547
181.525
183.557
185.649
187.803
190.024
192.309
194.657
197.063
199.524
202.032
204.583
207.171
209.793
212.447
215.134
217.856
220.614
223.415
226.26
229.155
232.103
235.106
238.165
241.28
244.45
247.675
250.951
254.279
257.657
261.085
264.562
268.091
271.671
275.307
279.003
282.76
286.582
290.471
294.431
298.466
302.579
306.772
311.048
315.407
319.851
324.383
329.003
333.714
338.518
343.42
348.422
353.53
358.746
364.079
369.531
375.111
380.824
386.679
392.682
398.845
405.174
411.684
418.381
425.281
432.391
439.733
447.313
455.16
463.281
471.713
480.463
489.586
499.095
509.074
519.545
530.628
542.362
554.936
568.446
583.237
599.61
618.382
640.963
670.79
721.934
110.464
112.876
114.589
116.561
118.585
120.689
122.85
125.057
127.301
129.574
131.865
134.164
136.459
138.735
140.98
143.183
145.333
147.427
149.46
151.435
153.354
155.222
157.048
158.84
160.608
162.36
164.106
165.852
167.607
169.374
171.16
172.971
174.811
176.688
178.607
180.576
182.6
184.685
186.834
189.051
191.334
193.681
196.09
198.553
201.066
203.621
206.215
208.844
211.505
214.2
216.929
219.696
222.504
225.358
228.262
231.219
234.231
237.299
240.424
243.604
246.839
250.127
253.465
256.853
260.292
263.78
267.32
270.911
274.555
278.258
282.022
285.849
289.744
293.711
297.755
301.877
306.08
310.365
314.734
319.189
323.73
328.359
333.08
337.893
342.804
347.814
352.929
358.15
363.485
368.936
374.513
380.222
386.075
392.077
398.24
404.572
411.085
417.785
424.689
431.803
439.148
446.729
454.577
462.695
471.12
479.856
488.961
498.457
508.43
518.901
529.986
541.723
554.298
567.81
582.598
598.97
617.727
640.334
670.13
722.246
109.03
111.453
113.198
115.203
117.265
119.409
121.611
123.86
126.146
128.46
130.794
133.135
135.471
137.787
140.07
142.308
144.492
146.615
148.676
150.674
152.613
154.498
156.336
158.137
159.911
161.666
163.411
165.155
166.905
168.666
170.444
172.246
174.077
175.943
177.853
179.812
181.828
183.905
186.049
188.26
190.54
192.886
195.294
197.758
200.272
202.831
205.428
208.061
210.727
213.426
216.161
218.933
221.747
224.607
227.516
230.479
233.498
236.573
239.705
242.893
246.136
249.431
252.777
256.174
259.62
263.117
266.666
270.265
273.916
277.622
281.387
285.217
289.117
293.091
297.143
301.274
305.486
309.78
314.158
318.62
323.169
327.806
332.533
337.353
342.27
347.285
352.402
357.625
362.957
368.404
373.975
379.68
385.531
391.534
397.701
404.037
410.555
417.259
424.167
431.284
438.632
446.214
454.061
462.176
470.595
479.324
488.431
497.938
507.922
518.4
529.485
541.216
553.779
567.273
582.036
598.374
617.077
639.634
669.34
722.078
107.835
110.27
112.047
114.079
116.174
118.353
120.592
122.878
125.203
127.557
129.93
132.309
134.682
137.033
139.35
141.619
143.831
145.981
148.065
150.084
152.04
153.94
155.79
157.6
159.379
161.137
162.883
164.626
166.372
168.127
169.899
171.693
173.515
175.373
177.274
179.224
181.231
183.301
185.438
187.644
189.919
192.262
194.667
197.13
199.645
202.205
204.804
207.439
210.108
212.81
215.548
218.323
221.14
224.003
226.916
229.883
232.905
235.985
239.122
242.314
245.562
248.863
252.215
255.617
259.069
262.573
266.128
269.731
273.378
277.079
280.843
284.677
288.584
292.567
296.627
300.767
304.987
309.288
313.673
318.142
322.697
327.34
332.074
336.899
341.82
346.84
351.959
357.177
362.499
367.934
373.499
379.204
385.06
391.071
397.248
403.593
410.12
416.834
423.753
430.882
438.244
445.845
453.715
461.865
470.342
479.158
488.357
497.931
507.956
518.458
529.559
541.304
553.877
567.38
582.148
598.488
617.181
639.751
669.405
722.745
106.915
109.37
111.178
113.233
115.354
117.561
119.831
122.15
124.508
126.894
129.298
131.708
134.11
136.489
138.83
141.123
143.358
145.528
147.63
149.664
151.635
153.546
155.405
157.222
159.007
160.768
162.515
164.257
166
167.752
169.519
171.307
173.122
174.973
176.866
178.809
180.809
182.872
185.003
187.203
189.474
191.814
194.217
196.678
199.191
201.751
204.351
206.987
209.657
212.36
215.099
217.875
220.692
223.557
226.471
229.44
232.464
235.546
238.685
241.88
245.131
248.435
251.789
255.195
258.65
262.157
265.714
269.317
272.963
276.66
280.426
284.267
288.184
292.178
296.247
300.394
304.621
308.928
313.318
317.791
322.351
326.998
331.734
336.562
341.484
346.503
351.62
356.836
362.162
367.612
373.197
378.921
384.795
390.82
397.005
403.357
409.889
416.607
423.527
430.656
438.015
445.613
453.478
461.619
470.08
478.872
488.047
497.607
507.626
518.124
529.219
540.953
553.513
566.996
581.738
598.042
616.679
639.19
668.635
722.32
106.253
108.72
110.551
112.613
114.751
116.978
119.272
121.618
124.004
126.419
128.851
131.288
133.715
136.116
138.479
140.79
143.042
145.227
147.343
149.39
151.371
153.291
155.157
156.98
158.768
160.532
162.28
164.021
165.763
167.512
169.276
171.059
172.87
174.715
176.602
178.539
180.532
182.59
184.715
186.911
189.177
191.513
193.913
196.372
198.884
201.443
204.043
206.679
209.35
212.053
214.791
217.567
220.383
223.247
226.16
229.128
232.152
235.234
238.374
241.57
244.822
248.126
251.482
254.889
258.345
261.853
265.411
269.006
272.633
276.328
280.105
283.96
287.888
291.888
295.961
300.111
304.339
308.649
313.042
317.52
322.084
326.737
331.482
336.32
341.257
346.298
351.452
356.727
362.123
367.635
373.268
379.029
384.928
390.974
397.178
403.546
410.093
416.823
423.755
430.895
438.265
445.872
453.745
461.894
470.36
479.151
488.321
497.88
507.902
518.409
529.515
541.263
553.836
567.335
582.091
598.412
617.064
639.599
668.949
723.612
105.842
108.341
110.175
112.245
114.395
116.638
118.952
121.321
123.733
126.174
128.63
131.089
133.535
135.953
138.329
140.653
142.914
145.108
147.232
149.285
151.271
153.196
155.067
156.894
158.685
160.451
162.2
163.942
165.684
167.432
169.194
170.976
172.784
174.626
176.51
178.444
180.434
182.488
184.61
186.803
189.067
191.401
193.799
196.257
198.768
201.327
203.926
206.562
209.233
211.936
214.673
217.446
220.26
223.12
226.03
228.996
232.019
235.1
238.238
241.433
244.683
247.986
251.34
254.744
258.198
261.699
265.241
268.82
272.472
276.21
280.014
283.878
287.806
291.802
295.871
300.017
304.242
308.549
312.938
317.411
321.97
326.617
331.356
336.187
341.116
346.148
351.29
356.553
361.943
367.46
373.104
378.878
384.788
390.842
397.053
403.427
409.977
416.71
423.644
430.784
438.154
445.76
453.633
461.778
470.239
479.022
488.185
497.738
507.759
518.266
529.374
541.123
553.698
567.198
581.955
598.276
616.924
639.453
668.66
723.713
105.622
108.085
109.932
111.988
114.137
116.381
118.698
121.073
123.49
125.939
128.404
130.872
133.327
135.754
138.14
140.472
142.742
144.944
147.075
149.135
151.127
153.057
154.932
156.761
158.553
160.32
162.07
163.811
165.552
167.299
169.059
170.839
172.644
174.484
176.365
178.295
180.281
182.332
184.45
186.639
188.901
191.231
193.628
196.084
198.594
201.152
203.752
206.389
209.059
211.761
214.496
217.268
220.081
222.941
225.851
228.816
231.839
234.92
238.06
241.256
244.508
247.814
251.171
254.58
258.036
261.536
265.103
268.789
272.583
276.407
280.248
284.127
288.06
292.06
296.133
300.282
304.512
308.822
313.215
317.692
322.256
326.907
331.649
336.484
341.416
346.45
351.594
356.856
362.248
367.772
373.429
379.217
385.141
391.208
397.431
403.816
410.377
417.12
424.064
431.215
438.594
446.211
454.092
462.248
470.716
479.508
488.678
498.242
508.274
518.795
529.916
541.681
554.27
567.788
582.562
598.905
617.574
640.095
669.284
725.278
709.261
713.943
718.747
723.757
728.963
734.386
740.027
745.901
752.015
758.359
764.867
771.483
778.476
785.645
793.154
801.114
809.278
817.642
826.239
835.089
844.194
853.549
863.145
872.97
883.014
893.263
903.706
914.325
925.112
936.043
947.112
958.293
969.577
980.94
992.375
1003.85
1015.37
1026.9
1038.44
1049.97
1061.47
1072.94
1084.36
1095.72
1107.02
1118.23
1129.36
1140.39
1151.32
1162.14
1172.88
1183.52
1194.12
1204.68
1215.3
1225.95
1236.68
1247.38
1257.9
1267.86
1277.29
1285.96
1294.16
1301.47
1308.14
1313.9
1319.08
1322.88
1326.15
1328.44
1330.22
1333.02
1331.64
1331.1
1328.86
1324.79
1319.3
1311.17
1083.96
1645.52
709.491
714.17
718.971
723.974
729.173
734.582
740.208
746.064
752.156
758.52
765.193
771.971
779.003
786.223
793.816
801.667
809.773
818.111
826.681
835.484
844.522
853.787
863.274
872.968
882.865
892.946
903.204
913.619
924.184
934.876
945.687
956.593
967.589
978.647
989.766
1000.92
1012.1
1023.28
1034.47
1045.64
1056.79
1067.9
1078.97
1089.96
1100.91
1111.77
1122.56
1133.25
1143.87
1154.39
1164.87
1175.26
1185.66
1196.01
1206.37
1216.68
1226.86
1236.83
1246.56
1255.77
1264.87
1273.78
1282.29
1290.66
1298.22
1305.56
1311.8
1317.97
1322.4
1325.81
1327.17
1327.83
1324.82
1324.71
1321.62
1320.82
1319.57
1314.46
1079.19
1652.7
710.006
714.754
719.63
724.713
730.006
735.511
741.248
747.209
753.419
759.856
766.535
773.521
780.616
788.009
795.792
803.783
812.055
820.59
829.372
838.387
847.637
857.112
866.812
876.72
886.833
897.128
907.6
918.224
928.996
939.886
950.893
961.984
973.16
984.387
995.668
1006.97
1018.29
1029.61
1040.92
1052.2
1063.45
1074.63
1085.77
1096.82
1107.81
1118.7
1129.51
1140.22
1150.88
1161.46
1172.06
1182.59
1193.17
1203.65
1213.93
1223.93
1233.42
1242.21
1250.44
1258.31
1265.76
1273.23
1279.81
1286.4
1291.72
1298.01
1301.12
1306.69
1307.99
1312.63
1311.22
1315.08
1311.3
1313.67
1311.5
1313.78
1313.19
1313.69
1093.68
1646.2
710.544
715.373
720.33
725.507
730.896
736.512
742.359
748.446
754.768
761.334
768.13
775.299
782.681
790.326
798.2
806.317
814.737
823.442
832.403
841.597
851.02
860.657
870.509
880.556
890.795
901.201
911.772
922.476
933.314
944.251
955.291
966.396
977.576
988.787
1000.05
1011.31
1022.59
1033.85
1045.11
1056.32
1067.51
1078.62
1089.71
1100.7
1111.65
1122.51
1133.33
1144.09
1154.89
1165.63
1176.43
1187.17
1197.73
1208.09
1217.87
1227.09
1235.5
1243.42
1250.89
1258.53
1265.4
1271.67
1277.62
1282.89
1285.5
1291.26
1292.4
1294.66
1294.74
1299.16
1295.56
1300.85
1299.9
1303.19
1303.9
1306.82
1308.38
1310.49
1099.88
1638.86
711.293
716.231
721.298
726.597
732.122
737.881
743.889
750.138
756.647
763.398
770.417
777.783
785.377
793.306
801.442
809.815
818.477
827.418
836.624
846.062
855.728
865.594
875.666
885.914
896.342
906.916
917.639
928.472
939.423
950.448
961.561
972.714
983.927
995.15
1006.41
1017.65
1028.9
1040.1
1051.31
1062.44
1073.55
1084.58
1095.58
1106.49
1117.37
1128.18
1139.03
1149.84
1160.73
1171.56
1182.28
1192.82
1202.73
1212.02
1220.55
1228.28
1235.52
1242.49
1249
1255.1
1261.13
1266.01
1268.79
1275.05
1275.95
1278.42
1281.51
1281
1281.54
1286.32
1285.56
1289.77
1291.53
1295.37
1297.17
1300.67
1302.1
1304.89
1095.68
1639.29
712.175
717.247
722.446
727.899
733.587
739.529
745.729
752.193
758.925
765.925
773.197
780.782
788.681
796.906
805.35
814.032
822.982
832.204
841.692
851.416
861.361
871.497
881.822
892.304
902.947
913.71
924.602
935.577
946.65
957.769
968.957
980.157
991.402
1002.63
1013.88
1025.09
1036.31
1047.46
1058.6
1069.66
1080.7
1091.65
1102.59
1113.45
1124.33
1135.18
1146.1
1156.94
1167.71
1178.26
1188.24
1197.58
1206.19
1213.81
1220.94
1227.41
1233.72
1239.6
1245.43
1249.78
1252.97
1258.5
1258.59
1262.36
1264.53
1263.28
1266.98
1269.81
1269.93
1274.99
1277.21
1281.68
1284.02
1288.93
1291.29
1296.09
1298.34
1302.06
1102.39
1641.18
713.183
718.414
723.77
729.405
735.287
741.447
747.875
754.597
761.593
768.889
776.444
784.317
792.583
801.14
809.951
818.99
828.295
837.846
847.668
857.707
867.973
878.405
889.019
899.754
910.636
921.598
932.673
943.79
954.988
966.194
977.451
988.689
999.953
1011.17
1022.4
1033.57
1044.72
1055.8
1066.86
1077.84
1088.8
1099.69
1110.6
1121.47
1132.42
1143.36
1154.26
1164.98
1175.21
1184.71
1193.47
1201.07
1208.04
1214.32
1220.1
1225.76
1231.3
1235.12
1239.01
1243.23
1243.16
1247.47
1247.8
1247.58
1251.66
1253.18
1254.28
1259.36
1261.68
1266.01
1268.67
1273.74
1276.62
1281.75
1284.64
1289.87
1292.93
1297.13
1095.64
1660.02
714.307
719.718
725.26
731.101
737.215
743.623
750.327
757.34
764.656
772.277
780.168
788.425
797.074
806.022
815.229
824.69
834.39
844.34
854.525
864.932
875.536
886.304
897.215
908.237
919.358
930.543
941.793
953.067
964.378
975.677
986.991
998.264
1009.54
1020.74
1031.94
1043.05
1054.15
1065.15
1076.14
1087.04
1097.96
1108.8
1119.69
1130.52
1141.33
1151.88
1161.92
1171.36
1180.09
1187.58
1194.23
1200.34
1205.87
1211.49
1216.92
1220.69
1225.44
1228.26
1229.23
1233.35
1231.66
1233.81
1237.04
1237.62
1239.73
1244.32
1246.46
1250.7
1253.57
1258.58
1261.57
1266.65
1269.93
1275.43
1278.97
1284.52
1288.16
1292.77
1102.08
1659.71
715.538
721.157
726.91
732.987
739.371
746.058
753.09
760.426
768.122
776.09
784.38
793.105
802.195
811.556
821.229
831.129
841.306
851.673
862.294
873.075
884.067
895.163
906.412
917.699
929.095
940.474
951.927
963.322
974.766
986.121
997.507
1008.78
1020.07
1031.24
1042.4
1053.45
1064.48
1075.43
1086.35
1097.24
1108.14
1119.02
1129.92
1140.72
1151.06
1160.8
1169.5
1177.17
1183.64
1189.48
1194.22
1199.34
1203.95
1207.38
1212.07
1213.58
1215.76
1219.04
1216.55
1220.88
1222.2
1223.18
1226.22
1229.96
1232.06
1236.13
1239.13
1243.85
1246.81
1251.73
1255.22
1260.57
1264.27
1269.75
1273.55
1279.2
1283.21
1287.9
1111.25
1650.07
716.869
722.726
728.711
735.067
741.742
748.77
756.148
763.886
771.968
780.361
789.143
798.38
807.923
817.795
827.935
838.369
849.012
859.893
870.939
882.17
893.527
905.003
916.552
928.151
939.768
951.386
962.981
974.539
986.05
997.506
1008.89
1020.21
1031.44
1042.62
1053.7
1064.72
1075.69
1086.57
1097.46
1108.21
1118.93
1129.39
1139.42
1148.84
1157.35
1164.82
1171.07
1176.67
1181.27
1186.47
1191.27
1195.08
1199.24
1200.37
1203.15
1204.97
1203.29
1207.96
1207.65
1209.98
1212.96
1216.14
1218.25
1222.24
1225.26
1229.63
1232.46
1237.22
1240.81
1245.94
1249.67
1255.04
1259.02
1264.69
1268.79
1274.55
1278.85
1283.69
1119.09
1638.82
718.286
724.407
730.66
737.325
744.34
751.742
759.528
767.703
776.233
785.104
794.497
804.229
814.347
824.715
835.45
846.376
857.611
868.952
880.537
892.163
903.972
915.765
927.677
939.511
951.41
963.18
974.973
986.61
998.247
1009.71
1021.17
1032.42
1043.71
1054.76
1065.9
1076.78
1087.78
1098.59
1109.46
1120.16
1130.56
1140.58
1149.36
1157.02
1163.37
1168.73
1173.07
1176.84
1180.33
1183.74
1187.01
1188.18
1190.91
1191.45
1191.38
1195.29
1194.22
1197.57
1199.99
1202.91
1205.13
1209.09
1212.04
1216.08
1218.86
1223.48
1227.04
1231.88
1235.56
1240.75
1244.82
1250.33
1254.54
1260.23
1264.57
1270.43
1275.05
1279.88
1124.08
1632.28
719.801
726.216
732.77
739.781
747.181
755.008
763.253
771.915
780.942
790.434
800.395
810.761
821.419
832.447
843.709
855.292
867.017
878.98
890.99
903.156
915.299
927.523
939.675
951.84
963.891
975.9
987.777
999.564
1011.22
1022.77
1034.19
1045.49
1056.67
1067.79
1078.72
1089.67
1100.27
1110.82
1120.69
1130.06
1138.43
1146.13
1152.26
1157.16
1161.42
1165.6
1169.69
1173.54
1176.35
1177.85
1179.36
1179.76
1180.21
1182.86
1182.33
1185.9
1187.49
1190.32
1192.63
1196.35
1199.14
1203.02
1205.81
1210.33
1213.82
1218.39
1221.96
1226.96
1231.02
1236.29
1240.47
1246
1250.44
1256.26
1260.83
1266.71
1271.51
1276.35
1127.06
1626.35
721.414
728.153
735.048
742.438
750.285
758.57
767.354
776.525
786.152
796.313
806.957
817.922
829.292
840.912
852.888
865.011
877.419
889.84
902.474
914.987
927.656
940.109
952.673
964.965
977.324
989.386
1001.47
1013.26
1025.05
1036.54
1048.03
1059.24
1070.45
1081.46
1092.41
1103.05
1113.7
1123.41
1132.72
1140.41
1146.96
1152.1
1156.05
1158.83
1161.09
1163.7
1166.18
1167.32
1168.74
1169.85
1168.55
1171.76
1171.84
1173.91
1175.88
1178.62
1180.76
1184.25
1186.85
1190.47
1193.29
1197.64
1201.04
1205.41
1208.94
1213.81
1217.82
1222.84
1226.94
1232.28
1236.76
1242.42
1247.04
1252.85
1257.55
1263.48
1268.49
1273.34
1127.76
1625.92
723.095
730.21
737.466
745.31
753.626
762.468
771.802
781.588
791.924
802.817
814.144
825.852
837.91
850.273
862.897
875.716
888.681
901.738
914.792
927.871
940.801
953.732
966.41
979.087
991.457
1003.8
1015.85
1027.81
1039.53
1051.13
1062.47
1073.75
1084.69
1095.38
1105.61
1114.9
1123.38
1130.75
1137.14
1142.05
1145.75
1148.64
1152.15
1155.82
1158.13
1158.76
1160.08
1159.3
1159.21
1162.22
1160.72
1163.52
1165.5
1167.2
1169.48
1172.72
1175.07
1178.58
1181.31
1185.35
1188.62
1192.77
1196.25
1201
1204.93
1209.75
1213.8
1219
1223.46
1228.9
1233.49
1239.11
1243.87
1249.74
1254.61
1260.53
1265.68
1270.53
1128.43
1622.2
724.867
732.392
740.064
748.407
757.262
766.718
776.673
787.158
798.309
809.963
822.078
834.554
847.406
860.52
873.863
887.371
900.942
914.566
928.129
941.6
954.97
968.1
981.174
993.86
1006.6
1018.82
1031.15
1042.98
1054.82
1066.29
1077.67
1088.63
1099.57
1109.51
1119.19
1127.32
1134.08
1139.35
1143.19
1145.85
1146.69
1148.53
1149.47
1150.69
1151.85
1149.92
1151.45
1152.64
1151.22
1154.73
1155.34
1156.87
1159.5
1161.98
1164.16
1167.39
1169.98
1173.81
1176.9
1180.8
1184.17
1188.7
1192.49
1197.12
1201.12
1206.21
1210.63
1215.89
1220.41
1225.87
1230.65
1236.36
1241.26
1247.1
1252.06
1257.99
1263.35
1268.21
1129.1
1620.91
726.731
734.7
742.851
751.735
761.223
771.333
782.013
793.338
805.312
817.852
830.762
844.159
857.781
871.744
885.818
900.002
914.236
928.339
942.446
956.244
970.017
983.38
996.68
1009.6
1022.31
1034.85
1046.92
1059.03
1070.51
1081.93
1092.69
1102.69
1111.62
1119.04
1125.68
1131.18
1134.97
1137.52
1139.89
1142.88
1145.13
1145.28
1144.35
1142.95
1144.95
1143.42
1143.94
1146.49
1145.69
1148.14
1150.24
1151.9
1154.14
1157.05
1159.4
1162.78
1165.61
1169.33
1172.6
1176.86
1180.47
1184.84
1188.73
1193.65
1197.98
1203.08
1207.55
1212.9
1217.66
1223.23
1228.11
1233.79
1238.77
1244.65
1249.79
1255.73
1261.24
1266.06
1130.65
1615.61
728.682
737.15
745.838
755.326
765.536
776.36
787.88
800.116
813.086
826.436
840.426
854.572
869.258
883.887
898.867
913.637
928.54
943.124
957.676
971.865
985.869
999.601
1012.92
1026.16
1038.83
1051.39
1063.58
1075.23
1086.98
1097.45
1107.9
1116.7
1123.8
1129.67
1133.71
1136.35
1137.42
1137.9
1138.58
1139.24
1137.87
1138.74
1137.54
1135.98
1138.14
1138.32
1137.92
1140.96
1141.42
1143.02
1145.41
1147.61
1149.77
1152.85
1155.42
1158.8
1161.81
1165.74
1169.18
1173.35
1177.13
1181.8
1185.95
1190.81
1195.19
1200.42
1205.15
1210.59
1215.42
1220.98
1225.97
1231.72
1236.86
1242.73
1247.95
1253.89
1259.53
1264.36
1131.02
1612.8
730.698
739.763
749.009
759.239
770.189
781.883
794.347
807.656
821.534
836.033
850.865
866.184
881.591
897.271
912.842
928.441
943.758
959.001
973.739
988.484
1002.55
1016.61
1030.1
1043.24
1056.23
1068.34
1080.51
1091.36
1101.66
1110.07
1116.92
1122.85
1126.87
1130.43
1131.7
1133.89
1136.28
1135.52
1134.39
1133.9
1131.29
1131.65
1132.08
1130.6
1132.22
1133.73
1133.31
1135.97
1137.4
1138.89
1140.98
1143.53
1145.86
1148.95
1151.68
1155.22
1158.36
1162.22
1165.82
1170.24
1174.2
1178.8
1183.03
1188.07
1192.7
1197.97
1202.73
1208.19
1213.17
1218.84
1223.96
1229.73
1234.94
1240.85
1246.21
1252.2
1257.96
1262.78
1127.78
1614.69
732.812
742.524
752.436
763.467
775.293
787.934
801.556
815.892
830.962
846.453
862.504
878.705
895.2
911.64
928.008
944.235
960.103
975.691
991.009
1005.68
1020.44
1034.14
1048.15
1061
1073.84
1085.85
1097.08
1107.38
1115.88
1122.7
1127.68
1130.5
1132.5
1132.89
1132.26
1131.57
1131.48
1129.9
1128.32
1127.78
1125.99
1126.01
1127.69
1126.68
1127.38
1129.44
1129.51
1131.58
1133.58
1135.44
1137.4
1140.04
1142.53
1145.75
1148.65
1152.22
1155.55
1159.58
1163.29
1167.65
1171.74
1176.56
1181.02
1186.06
1190.7
1196.02
1200.97
1206.53
1211.62
1217.27
1222.46
1228.28
1233.64
1239.6
1245.06
1251.02
1256.86
1261.67
1130.96
1611.53
735.038
745.484
756.143
768.091
780.919
794.695
809.393
825.122
841.177
858.147
875.043
892.622
909.812
927.271
944.307
961.033
977.565
993.372
1009.08
1024.11
1038.69
1052.94
1066.25
1079.36
1090.98
1101.55
1110.07
1116.64
1122.15
1125.87
1128.3
1129.23
1131.16
1130.54
1129.76
1127.53
1126.39
1123.96
1123.08
1123.03
1122.31
1121.83
1123.68
1123.53
1123.53
1125.68
1126.27
1127.91
1129.91
1132.12
1134.17
1136.83
1139.38
1142.62
1145.67
1149.37
1152.8
1156.82
1160.64
1165.14
1169.36
1174.15
1178.65
1183.79
1188.63
1194.01
1199
1204.53
1209.69
1215.43
1220.77
1226.64
1232.07
1238.03
1243.57
1249.57
1255.5
1260.29
1130.48
1610.15
737.377
748.611
760.199
773.073
787.064
802.001
818.392
834.964
852.964
870.525
889.408
907.264
926.187
943.783
961.937
978.988
995.897
1012.31
1027.94
1043.38
1057.82
1071.87
1085.08
1096.78
1108.03
1115.99
1122.98
1127.24
1129.71
1130.38
1130.04
1129.24
1127.83
1126.24
1124.03
1121.8
1120.91
1119.3
1118.59
1118.79
1118.88
1117.97
1119.58
1120.45
1120.25
1122.29
1123.43
1125
1126.86
1129.24
1131.52
1134.3
1136.94
1140.23
1143.4
1147.15
1150.74
1154.9
1158.86
1163.36
1167.68
1172.61
1177.3
1182.48
1187.36
1192.75
1197.86
1203.5
1208.79
1214.54
1219.92
1225.81
1231.35
1237.39
1243.04
1249.06
1255.07
1259.87
1128.14
1612.57
739.771
752.04
764.508
778.676
793.794
810.62
827.845
846.674
865.193
885.191
904.101
924.347
942.837
962.459
980.063
998.49
1015.19
1032.13
1047.92
1063.07
1077.57
1090.36
1102.12
1110.52
1117.88
1122.42
1126.23
1127.99
1128.41
1128.8
1128.03
1126.25
1123.25
1121.8
1119.27
1117.65
1117.01
1116.1
1115.32
1115.29
1116.09
1115.15
1116.02
1117.45
1117.48
1119.11
1120.63
1122.28
1124.06
1126.43
1128.82
1131.74
1134.49
1137.78
1141
1144.79
1148.45
1152.63
1156.67
1161.25
1165.65
1170.55
1175.24
1180.44
1185.41
1190.85
1195.99
1201.58
1206.89
1212.68
1218.19
1224.13
1229.73
1235.72
1241.36
1247.32
1253.33
1258.09
1130.1
1609.61
742.326
755.634
769.355
784.747
801.677
819.574
839.132
858.732
879.807
900.035
921.551
941.317
962.295
980.883
1000.71
1017.91
1036.45
1052.18
1068.83
1082.82
1097.03
1107.91
1117.47
1124.27
1128.31
1130.48
1130.44
1129.67
1128.14
1125.68
1123.47
1120.99
1118.36
1117.3
1114.98
1114.28
1113.33
1112.8
1112.08
1111.8
1113.05
1112.7
1112.86
1114.56
1115.09
1116.5
1118.12
1119.95
1121.83
1124.22
1126.7
1129.73
1132.66
1136.05
1139.37
1143.21
1147
1151.31
1155.5
1160.15
1164.66
1169.65
1174.49
1179.77
1184.83
1190.31
1195.58
1201.28
1206.75
1212.62
1218.22
1224.19
1229.88
1235.96
1241.77
1247.83
1254.03
1258.82
1131.89
1608
744.96
759.645
774.587
791.584
809.963
830.288
850.87
873.181
894.794
917.691
939.066
961.249
981.504
1002.12
1020.98
1039.96
1057.07
1074.09
1088.6
1101.95
1111.99
1118.95
1124.28
1127.85
1128.93
1129.63
1129.14
1127.46
1124.89
1121.6
1119.82
1117.18
1115.28
1114.19
1112.12
1111.79
1110.68
1110.23
1109.68
1109.13
1110.3
1110.57
1110.33
1111.92
1112.83
1114.19
1115.74
1117.65
1119.61
1122.01
1124.5
1127.56
1130.58
1134.01
1137.37
1141.21
1145.04
1149.34
1153.57
1158.23
1162.78
1167.73
1172.55
1177.79
1182.88
1188.35
1193.64
1199.28
1204.72
1210.52
1216.12
1222.06
1227.74
1233.73
1239.48
1245.44
1251.57
1256.28
1127.19
1610.03
747.788
763.876
780.53
799.055
820.045
841.528
865.184
888.174
912.769
935.711
959.611
981.271
1003.43
1023.46
1043.5
1061.87
1079.36
1094.13
1109.02
1117.35
1126.29
1130.23
1132.73
1131.79
1130.78
1128.66
1125.88
1123.18
1120.34
1117.48
1116.24
1113.77
1112.39
1111.14
1109.38
1109.09
1108
1107.46
1107.37
1106.86
1107.61
1108.47
1108.34
1109.65
1110.82
1112.28
1113.87
1115.86
1117.94
1120.43
1123.01
1126.1
1129.24
1132.79
1136.3
1140.22
1144.16
1148.57
1152.94
1157.71
1162.38
1167.43
1172.38
1177.72
1182.93
1188.5
1193.92
1199.67
1205.27
1211.19
1216.9
1222.92
1228.7
1234.77
1240.61
1246.64
1252.85
1257.58
1131.65
1607.6
750.764
768.69
787.089
808.182
830.522
855.467
879.902
906.498
930.98
957.214
980.068
1004.56
1025.2
1047.4
1066.11
1084.8
1100.2
1111.86
1121.53
1125.69
1130.27
1131.34
1132.05
1131.18
1128.71
1125.53
1122.25
1120.06
1117.4
1115.17
1113.62
1111.28
1110.28
1109.03
1107.54
1107.05
1106.01
1105.36
1105.52
1105.22
1105.36
1106.49
1106.7
1107.71
1108.96
1110.49
1112.14
1114.15
1116.27
1118.78
1121.39
1124.47
1127.64
1131.2
1134.76
1138.69
1142.65
1147.02
1151.39
1156.13
1160.81
1165.82
1170.73
1175.97
1181.11
1186.58
1191.92
1197.58
1203.09
1208.89
1214.52
1220.43
1226.16
1232.17
1238.03
1244.06
1250.3
1255.08
1129.59
1606.52
754.025
773.785
794.695
817.637
843.628
869.733
898.178
924.9
953.122
978.271
1004.41
1026.98
1050.41
1070.45
1090.54
1105.18
1119.25
1127.42
1133
1136.26
1134.8
1133.59
1130.88
1127.92
1124.89
1121.89
1118.9
1117.33
1114.76
1112.81
1110.98
1108.84
1108.14
1106.73
1105.47
1104.93
1104.07
1103.42
1103.72
1103.7
1103.56
1104.73
1105.26
1106.24
1107.49
1109.08
1110.83
1112.93
1115.15
1117.76
1120.48
1123.61
1126.87
1130.53
1134.24
1138.3
1142.39
1146.86
1151.34
1156.19
1160.99
1166.09
1171.13
1176.48
1181.78
1187.37
1192.88
1198.66
1204.33
1210.25
1216
1222.02
1227.87
1233.97
1239.94
1246.09
1252.46
1257.28
1131.11
1608.46
757.518
779.715
803.014
829.596
857.433
887.573
917.072
947.271
975.329
1003.33
1027.96
1053.2
1074.45
1095.21
1110.89
1121.08
1128.88
1133.23
1134.52
1135.69
1134.7
1131.77
1128.15
1124.76
1122.24
1119.59
1117.15
1115.26
1112.81
1111.12
1109.26
1107.41
1106.59
1105.11
1103.93
1103.36
1102.61
1101.9
1102.2
1102.35
1102.18
1103.25
1103.94
1104.99
1106.24
1107.82
1109.6
1111.74
1114.02
1116.64
1119.36
1122.42
1125.59
1129.13
1132.75
1136.7
1140.7
1145.06
1149.46
1154.23
1159
1164.08
1169.11
1174.42
1179.69
1185.22
1190.7
1196.46
1202.15
1208.1
1213.92
1219.97
1225.89
1232.03
1237.99
1244.05
1250.35
1255.12
1131.15
1606.31
761.444
786.334
813.33
842.361
874.718
906.434
939.919
970.403
1001.32
1028.16
1055.56
1077.55
1101.89
1113.96
1129.07
1134.78
1139.63
1139.19
1137.79
1134.53
1131.25
1127.95
1124.72
1121.72
1119.72
1117.17
1114.9
1112.69
1110.43
1109.07
1107.24
1105.62
1104.66
1103.27
1102.31
1101.85
1101.24
1100.53
1100.83
1101.1
1101.06
1101.99
1102.74
1103.87
1105.18
1106.81
1108.67
1110.89
1113.28
1116.02
1118.86
1122.03
1125.31
1128.98
1132.78
1136.91
1141.08
1145.56
1150.07
1154.9
1159.74
1164.86
1169.96
1175.32
1180.65
1186.25
1191.82
1197.63
1203.34
1209.25
1215.03
1221.02
1226.97
1233.2
1239.24
1245.22
1251.49
1256.17
1132.57
1605.48
766.036
794.168
824.331
858.769
892.96
929.897
963.622
997.509
1027.91
1055.76
1082.92
1102.99
1121.81
1128.02
1135.74
1138.06
1139.4
1138.78
1135.91
1132.17
1128.52
1125.72
1122.96
1120.4
1118.11
1115.62
1113.5
1111.15
1109.08
1107.72
1105.87
1104.36
1103.22
1101.78
1100.95
1100.51
1099.91
1099.22
1099.5
1099.84
1099.94
1100.76
1101.5
1102.66
1104.04
1105.65
1107.42
1109.49
1111.74
1114.35
1117.1
1120.18
1123.4
1127.01
1130.79
1134.92
1139.13
1143.61
1148.11
1152.91
1157.76
1162.89
1168.03
1173.43
1178.83
1184.48
1190.1
1195.91
1201.62
1207.5
1213.31
1219.34
1225.29
1231.4
1237.32
1243.3
1249.69
1254.43
1129.49
1607.28
771.627
802.924
838.859
876.067
916.587
953.827
992.793
1024.31
1058.7
1082.55
1111.65
1123.52
1136.92
1142.72
1144.01
1142.83
1139.37
1135.81
1132.38
1128.99
1125.76
1123.4
1120.85
1118.42
1115.86
1113.45
1111.5
1109.26
1107.38
1105.99
1104.22
1102.85
1101.68
1100.31
1099.57
1099.14
1098.49
1097.88
1098.07
1098.38
1098.56
1099.29
1100.1
1101.33
1102.76
1104.43
1106.3
1108.51
1110.95
1113.73
1116.67
1119.88
1123.25
1126.97
1130.86
1135.07
1139.37
1143.94
1148.59
1153.52
1158.5
1163.74
1168.99
1174.47
1179.93
1185.6
1191.22
1197.03
1202.77
1208.74
1214.67
1220.81
1226.79
1232.85
1238.76
1244.76
1251.3
1256.13
1132.46
1605.45
778.285
814.303
854.326
898.862
940.972
984.088
1021.63
1056.47
1087.5
1111.88
1130.75
1136.47
1142.86
1144.63
1144.79
1141.88
1137.98
1133.69
1130.61
1127.75
1124.98
1122.31
1119.69
1117.23
1114.47
1112.11
1110.11
1107.91
1105.99
1104.36
1102.59
1101.28
1100.05
1098.67
1097.89
1097.4
1096.8
1096.28
1096.41
1096.7
1096.97
1097.51
1098.39
1099.52
1100.83
1102.44
1104.31
1106.54
1109.02
1111.84
1114.84
1118.14
1121.6
1125.36
1129.28
1133.5
1137.86
1142.49
1147.24
1152.17
1157.1
1162.24
1167.41
1172.77
1178.14
1183.7
1189.24
1194.97
1200.65
1206.53
1212.36
1218.35
1224.26
1230.35
1236.43
1242.41
1248.74
1253.47
1130.46
1604.99
786.526
827.014
875.398
922.991
972.707
1014.4
1056.45
1086.65
1119.33
1134.71
1146.03
1150.92
1149.65
1146.54
1142.44
1138.48
1134.67
1130.97
1128.03
1125.4
1122.95
1120.18
1117.57
1115.1
1112.43
1110.14
1108.05
1105.99
1104.13
1102.37
1100.72
1099.49
1098.23
1096.91
1096.07
1095.57
1095.08
1094.61
1094.96
1095.12
1095.58
1096.35
1097.37
1098.63
1100.15
1101.98
1104.02
1106.38
1108.96
1111.88
1115.01
1118.44
1122.01
1125.83
1129.8
1134.08
1138.51
1143.19
1147.92
1152.85
1157.84
1163.08
1168.38
1173.89
1179.39
1185.07
1190.71
1196.55
1202.36
1208.36
1214.29
1220.34
1226.26
1232.32
1238.34
1244.52
1250.91
1255.75
1132.19
1606.72
797
845.169
898.643
955.478
1005.5
1051.36
1088.27
1117.13
1137.6
1145.72
1147.05
1148.35
1146.27
1142.16
1136.94
1132.86
1129.57
1126.77
1124.05
1121.67
1119.36
1116.65
1114.12
1111.75
1109.5
1107.45
1105.54
1103.8
1102.13
1100.54
1099.07
1097.9
1096.71
1095.52
1094.66
1094.14
1093.71
1093.36
1093.66
1093.82
1094.38
1095.21
1096.2
1097.54
1099.11
1100.98
1103.07
1105.43
1107.99
1110.85
1113.91
1117.24
1120.72
1124.45
1128.34
1132.52
1136.85
1141.43
1146.07
1150.96
1155.95
1161.18
1166.49
1171.99
1177.5
1183.16
1188.8
1194.62
1200.43
1206.41
1212.34
1218.35
1224.23
1230.19
1236.16
1242.28
1248.67
1253.4
1130.1
1605.03
811.183
865.521
931.6
988.48
1045.09
1082.58
1120.83
1138.8
1146.65
1150.37
1147.25
1141.76
1136.54
1132.5
1129.48
1126.95
1124.67
1122.4
1119.74
1117.34
1115.09
1112.51
1110.14
1107.95
1105.96
1104.03
1102.21
1100.64
1099.09
1097.57
1096.21
1095.12
1094.01
1093.03
1092.21
1091.78
1091.43
1091.27
1091.36
1091.61
1092.12
1092.91
1093.89
1095.18
1096.73
1098.6
1100.74
1103.13
1105.69
1108.5
1111.53
1114.83
1118.29
1121.96
1125.78
1129.86
1134.09
1138.59
1143.19
1148.05
1153.03
1158.27
1163.6
1169.14
1174.71
1180.47
1186.23
1192.19
1198.14
1204.25
1210.32
1216.52
1222.69
1229.02
1235.33
1241.63
1248.27
1253.19
1129.55
1604.54
829.397
896.45
965.106
1027.95
1073.34
1104.82
1128.64
1139.64
1139.46
1139.33
1136.43
1133.83
1130.34
1126.85
1124.44
1121.85
1119.62
1117.31
1114.48
1111.91
1109.78
1107.52
1105.32
1103.18
1101.25
1099.24
1097.3
1095.74
1094.21
1092.65
1091.34
1090.31
1089.34
1088.53
1087.77
1087.46
1087.22
1087.29
1087.5
1087.86
1088.52
1089.41
1090.49
1091.82
1093.37
1095.21
1097.31
1099.64
1102.15
1104.9
1107.89
1111.17
1114.64
1118.36
1122.25
1126.4
1130.72
1135.33
1140.08
1145.09
1150.22
1155.58
1161.03
1166.7
1172.4
1178.27
1184.14
1190.19
1196.21
1202.38
1208.51
1214.78
1221.01
1227.38
1233.69
1239.96
1246.62
1251.54
1125.81
1606.06
851.824
925.734
1004.83
1050.67
1095.57
1119.71
1130.59
1138.5
1136.21
1132.06
1126.52
1124.21
1123.61
1122.05
1119.84
1117.21
1114.9
1112.75
1110.24
1107.68
1105.31
1103.16
1100.92
1098.77
1096.9
1094.95
1093.1
1091.44
1089.88
1088.38
1086.96
1085.86
1084.95
1084.17
1083.43
1083.2
1082.93
1083.08
1083.43
1083.92
1084.7
1085.69
1086.88
1088.3
1089.92
1091.78
1093.87
1096.21
1098.74
1101.52
1104.52
1107.84
1111.36
1115.18
1119.19
1123.49
1127.96
1132.74
1137.65
1142.83
1148.11
1153.6
1159.17
1164.95
1170.77
1176.75
1182.7
1188.81
1194.88
1201.1
1207.26
1213.58
1219.82
1226.2
1232.5
1238.76
1245.38
1250.26
1124.75
1604.66
878.536
959.602
1031.74
1074.68
1108.52
1135.69
1140.15
1140.28
1136.92
1134.23
1130.83
1127
1124.25
1122.33
1120.03
1117.37
1114.83
1112.29
1109.62
1106.71
1103.94
1101.56
1099.11
1096.85
1094.79
1092.7
1090.85
1089
1087.34
1085.85
1084.35
1083.21
1082.27
1081.46
1080.82
1080.59
1080.36
1080.53
1080.87
1081.41
1082.2
1083.2
1084.37
1085.82
1087.5
1089.42
1091.59
1094.05
1096.75
1099.72
1102.92
1106.43
1110.19
1114.23
1118.44
1122.89
1127.49
1132.34
1137.32
1142.52
1147.81
1153.29
1158.81
1164.52
1170.24
1176.1
1181.94
1187.92
1193.86
1199.95
1205.98
1212.15
1218.26
1224.47
1230.61
1236.72
1243.23
1248.05
1121.52
1604.52
936.185
1042.71
1119.74
1156.94
1170.26
1167.7
1159.14
1149.6
1144.28
1139.58
1136.73
1133.58
1130.05
1126.79
1123.45
1120.08
1116.65
1113.3
1110.36
1107.35
1104.43
1101.83
1099.28
1096.96
1094.65
1092.48
1090.6
1088.57
1086.85
1085.43
1083.9
1082.69
1081.78
1080.94
1080.34
1080.06
1079.68
1079.73
1080
1080.51
1081.24
1082.2
1083.43
1085
1086.89
1089.09
1091.57
1094.39
1097.48
1100.84
1104.38
1108.14
1112.12
1116.33
1120.65
1125.17
1129.8
1134.65
1139.62
1144.82
1150.07
1155.49
1160.92
1166.51
1172.09
1177.86
1183.62
1189.52
1195.37
1201.36
1207.29
1213.37
1219.39
1225.5
1231.54
1237.57
1244
1248.81
1122.15
1605.99
1013.97
1120.49
1173.4
1181.7
1185
1171.83
1162.7
1158.2
1150.49
1145.93
1142.46
1138.56
1133.97
1129.19
1125.08
1121.52
1117.68
1113.91
1110.9
1107.79
1104.75
1102.06
1099.5
1097.24
1094.8
1092.6
1090.72
1088.56
1086.83
1085.54
1083.97
1082.71
1081.81
1081
1080.42
1080.04
1079.56
1079.74
1079.92
1080.36
1081.05
1081.97
1083.14
1084.68
1086.56
1088.76
1091.26
1094.13
1097.34
1100.88
1104.6
1108.55
1112.59
1116.83
1121.15
1125.63
1130.15
1134.89
1139.74
1144.82
1149.97
1155.28
1160.57
1166
1171.42
1177.03
1182.65
1188.41
1194.12
1199.96
1205.76
1211.7
1217.59
1223.55
1229.46
1235.39
1241.8
1246.54
1119.76
1604.37
)
;

boundaryField
{
    inlet
    {
        type            calculated;
        value           nonuniform List<scalar> 
40
(
157.114
157.262
157.25
157.042
156.684
156.176
155.518
154.704
153.745
152.639
151.41
150.061
148.626
147.108
145.54
143.918
142.272
140.586
138.885
137.147
135.39
133.59
131.762
129.884
127.971
126.005
124.008
121.969
119.924
117.874
115.87
113.931
112.119
110.464
109.03
107.835
106.915
106.253
105.842
105.622
)
;
    }
    outlet
    {
        type            calculated;
        value           nonuniform List<scalar> 
40
(
1645.52
1652.7
1646.2
1638.86
1639.29
1641.18
1660.02
1659.71
1650.07
1638.82
1632.28
1626.35
1625.92
1622.2
1620.91
1615.61
1612.8
1614.69
1611.53
1610.15
1612.57
1609.61
1608
1610.03
1607.6
1606.52
1608.46
1606.31
1605.48
1607.28
1605.45
1604.99
1606.72
1605.03
1604.54
1606.06
1604.66
1604.52
1605.99
1604.37
)
;
    }
    axis
    {
        type            symmetryPlane;
    }
    wall
    {
        type            calculated;
        value           nonuniform List<scalar> 
200
(
105.622
108.085
109.932
111.988
114.137
116.381
118.698
121.072
123.49
125.939
128.404
130.872
133.327
135.754
138.139
140.472
142.742
144.944
147.075
149.135
151.127
153.057
154.932
156.761
158.553
160.32
162.069
163.811
165.552
167.299
169.059
170.839
172.644
174.484
176.365
178.295
180.281
182.331
184.45
186.639
188.9
191.231
193.627
196.084
198.594
201.152
203.752
206.389
209.059
211.761
214.496
217.268
220.081
222.941
225.851
228.816
231.839
234.92
238.06
241.256
244.508
247.813
251.171
254.58
258.036
261.536
265.103
268.789
272.583
276.407
280.248
284.126
288.06
292.06
296.133
300.282
304.511
308.822
313.215
317.692
322.256
326.907
331.649
336.484
341.416
346.45
351.593
356.856
362.248
367.772
373.429
379.216
385.14
391.208
397.431
403.815
410.376
417.12
424.064
431.214
438.594
446.21
454.092
462.248
470.716
479.508
488.678
498.242
508.274
518.795
529.915
541.681
554.27
567.788
582.562
598.904
617.573
640.094
669.282
725.271
973.544
1092.98
1166.53
1180.93
1184.99
1171.77
1162.62
1158.16
1150.48
1145.93
1142.45
1138.56
1133.97
1129.18
1125.07
1121.52
1117.67
1113.91
1110.89
1107.79
1104.75
1102.05
1099.5
1097.23
1094.8
1092.6
1090.72
1088.56
1086.83
1085.53
1083.97
1082.71
1081.81
1081
1080.42
1080.04
1079.56
1079.74
1079.92
1080.36
1081.05
1081.97
1083.14
1084.68
1086.56
1088.76
1091.25
1094.13
1097.34
1100.88
1104.6
1108.55
1112.58
1116.83
1121.15
1125.62
1130.15
1134.88
1139.73
1144.82
1149.96
1155.27
1160.56
1165.99
1171.42
1177.03
1182.65
1188.4
1194.12
1199.95
1205.76
1211.69
1217.58
1223.54
1229.45
1235.38
1241.79
1246.53
1119.75
1604.36
)
;
    }
    frontAndBack
    {
        type            empty;
    }
}


// ************************************************************************* //
