/*--------------------------------*- C++ -*----------------------------------*\
  =========                 |
  \\      /  F ield         | OpenFOAM: The Open Source CFD Toolbox
   \\    /   O peration     | Website:  https://openfoam.org
    \\  /    A nd           | Version:  13
     \\/     M anipulation  |
\*---------------------------------------------------------------------------*/
FoamFile
{
    format      ascii;
    class       volScalarField;
    location    "0.0115";
    object      p;
}
// * * * * * * * * * * * * * * * * * * * * * * * * * * * * * * * * * * * * * //

dimensions      [1 -1 -2 0 0 0 0];

internalField   nonuniform List<scalar> 
8000
(
200325
199844
199800
199712
199625
199530
199430
199327
199222
199116
199008
198898
198784
198667
198543
198413
198276
198133
197986
197836
197684
197534
197386
197242
197102
196966
196833
196702
196571
196437
196299
196156
196007
195853
195694
195532
195368
195205
195043
194883
194724
194567
194408
194247
194080
193906
193722
193529
193324
193108
192883
192649
192407
192159
191907
191650
191389
191125
190856
190581
190300
190012
189713
189405
189085
188754
188410
188054
187687
187307
186917
186516
186104
185681
185247
184801
184343
183872
183386
182884
182365
181828
181272
180695
180097
179476
178832
178163
177470
176750
176003
175228
174425
173591
172725
171824
170890
169914
168901
167840
166735
165575
164364
163087
161751
160335
158848
157263
155593
153799
151901
149841
147648
145237
142652
139760
136634
133064
129187
124678
200323
199842
199797
199709
199622
199526
199427
199324
199219
199112
199005
198894
198781
198663
198540
198410
198273
198131
197984
197835
197684
197534
197387
197244
197104
196968
196836
196705
196573
196439
196302
196158
196010
195856
195697
195535
195372
195208
195046
194886
194727
194569
194410
194248
194081
193906
193722
193528
193323
193108
192883
192649
192408
192160
191908
191652
191391
191127
190858
190583
190302
190013
189715
189406
189086
188755
188411
188056
187688
187309
186919
186518
186106
185683
185249
184804
184345
183874
183388
182886
182367
181830
181274
180697
180099
179478
178834
178165
177472
176752
176006
175231
174428
173594
172729
171828
170893
169918
168904
167843
166739
165579
164368
163091
161755
160339
158852
157267
155597
153804
151905
149846
147652
145242
142655
139762
136631
133056
129166
124642
200323
199841
199795
199706
199618
199522
199423
199320
199215
199109
199001
198890
198777
198659
198536
198406
198270
198128
197982
197834
197684
197535
197389
197246
197107
196972
196840
196709
196577
196443
196305
196162
196014
195860
195702
195540
195377
195214
195052
194891
194732
194573
194413
194251
194082
193907
193723
193528
193323
193108
192883
192650
192409
192162
191910
191654
191394
191129
190860
190586
190305
190015
189717
189408
189088
188757
188414
188058
187691
187312
186923
186522
186110
185687
185253
184808
184349
183878
183391
182889
182370
181833
181277
180700
180102
179481
178837
178168
177475
176756
176010
175236
174433
173599
172734
171834
170899
169924
168911
167850
166745
165586
164375
163098
161762
160346
158859
157275
155605
153813
151913
149855
147660
145250
142660
139766
136627
133042
129132
124580
200323
199838
199791
199701
199612
199516
199417
199314
199209
199103
198994
198884
198771
198653
198529
198400
198265
198124
197979
197832
197684
197537
197392
197250
197112
196978
196846
196714
196583
196449
196311
196168
196020
195866
195708
195547
195385
195222
195059
194898
194738
194579
194418
194254
194084
193908
193723
193528
193323
193108
192884
192651
192411
192165
191914
191658
191398
191134
190864
190590
190308
190019
189720
189411
189091
188760
188417
188062
187695
187317
186927
186527
186116
185693
185259
184813
184355
183883
183396
182894
182375
181837
181281
180704
180105
179485
178841
178173
177480
176761
176016
175242
174440
173606
172742
171842
170907
169933
168919
167859
166755
165595
164384
163108
161771
160356
158870
157286
155616
153824
151924
149867
147671
145261
142667
139770
136621
133022
129083
124493
200322
199835
199786
199695
199605
199509
199409
199306
199202
199095
198987
198876
198763
198644
198521
198393
198258
198119
197976
197830
197684
197539
197396
197255
197119
196985
196853
196722
196590
196456
196318
196175
196027
195874
195717
195556
195394
195231
195069
194907
194746
194585
194423
194257
194087
193909
193723
193528
193323
193109
192885
192653
192414
192168
191918
191662
191403
191139
190869
190594
190313
190023
189724
189415
189095
188764
188421
188066
187700
187322
186934
186533
186122
185700
185266
184820
184361
183889
183402
182899
182380
181842
181286
180708
180110
179490
178846
178179
177487
176768
176023
175250
174449
173615
172751
171852
170918
169944
168930
167870
166766
165607
164396
163120
161784
160369
158882
157300
155629
153839
151939
149883
147685
145276
142677
139777
136613
132997
129022
124381
200321
199832
199780
199687
199597
199500
199400
199297
199193
199086
198978
198867
198753
198635
198512
198384
198251
198113
197972
197829
197685
197541
197400
197262
197126
196993
196861
196730
196598
196464
196326
196183
196036
195883
195727
195567
195405
195243
195080
194918
194756
194593
194429
194262
194090
193911
193724
193528
193323
193109
192886
192655
192416
192172
191922
191668
191408
191145
190875
190600
190318
190028
189728
189419
189099
188768
188426
188072
187706
187329
186941
186541
186130
185708
185274
184828
184369
183897
183409
182906
182386
181848
181291
180714
180116
179496
178853
178186
177494
176776
176032
175260
174459
173626
172763
171864
170930
169956
168943
167884
166779
165621
164410
163135
161798
160384
158897
157316
155645
153856
151955
149901
147701
145293
142689
139785
136605
132969
128950
124248
200320
199827
199774
199679
199588
199490
199390
199287
199183
199076
198967
198856
198742
198624
198502
198374
198242
198107
197967
197827
197685
197544
197405
197268
197134
197002
196870
196739
196607
196473
196335
196192
196045
195893
195738
195579
195417
195255
195092
194929
194766
194602
194436
194267
194093
193912
193725
193528
193323
193109
192887
192657
192420
192176
191928
191674
191415
191151
190882
190606
190324
190033
189733
189424
189104
188773
188431
188078
187713
187336
186949
186550
186139
185717
185284
184837
184378
183905
183417
182914
182394
181855
181298
180721
180123
179503
178860
178193
177502
176785
176042
175270
174470
173638
172775
171877
170944
169971
168958
167899
166795
165636
164425
163151
161814
160402
158915
157334
155664
153876
151975
149922
147720
145313
142702
139795
136597
132938
128869
124096
200319
199823
199767
199671
199578
199480
199379
199276
199171
199065
198956
198845
198730
198612
198490
198364
198234
198100
197963
197825
197686
197548
197411
197276
197143
197011
196880
196749
196617
196482
196344
196202
196055
195904
195749
195591
195430
195268
195105
194942
194777
194612
194444
194272
194096
193914
193725
193529
193323
193110
192888
192659
192423
192181
191933
191680
191422
191158
190889
190613
190330
190039
189739
189430
189110
188779
188437
188084
187720
187344
186957
186559
186149
185727
185294
184847
184388
183915
183426
182922
182402
181863
181306
180728
180130
179510
178868
178202
177512
176796
176053
175282
174483
173652
172790
171892
170959
169987
168974
167916
166811
165654
164443
163169
161833
160421
158934
157355
155684
153898
151996
149945
147742
145336
142719
139807
136590
132906
128781
123927
200318
199818
199760
199661
199567
199468
199367
199264
199159
199053
198944
198832
198718
198600
198478
198353
198224
198092
197958
197823
197687
197552
197417
197284
197152
197022
196891
196760
196628
196493
196354
196212
196066
195916
195761
195604
195444
195282
195119
194955
194789
194622
194452
194279
194100
193917
193727
193529
193324
193111
192890
192662
192427
192186
191939
191687
191429
191166
190897
190621
190337
190046
189745
189435
189116
188785
188444
188091
187728
187353
186967
186569
186159
185738
185305
184858
184399
183925
183436
182932
182410
181871
181314
180736
180138
179519
178877
178212
177522
176807
176065
175295
174496
173666
172805
171908
170976
170004
168992
167934
166830
165673
164462
163189
161852
160441
158955
157377
155706
153922
152020
149971
147765
145360
142737
139821
136584
132873
128688
123743
200317
199814
199753
199652
199557
199457
199355
199252
199147
199040
198931
198819
198705
198587
198466
198342
198215
198085
197954
197821
197688
197556
197424
197293
197162
197032
196902
196771
196638
196503
196365
196223
196077
195927
195774
195618
195458
195297
195134
194968
194802
194632
194461
194285
194105
193919
193728
193530
193324
193112
192892
192665
192431
192192
191946
191694
191437
191174
190905
190628
190345
190053
189752
189442
189122
188792
188451
188099
187736
187362
186976
186579
186170
185749
185316
184870
184410
183935
183446
182941
182420
181880
181322
180745
180147
179528
178887
178222
177533
176818
176077
175309
174511
173682
172821
171925
170993
170022
169010
167953
166849
165693
164482
163210
161873
160463
158977
157401
155730
153948
152045
149998
147791
145387
142758
139837
136580
132841
128590
123547
200316
199809
199746
199642
199546
199445
199343
199239
199134
199027
198917
198805
198691
198574
198453
198331
198205
198078
197949
197820
197690
197560
197431
197302
197173
197044
196914
196783
196649
196514
196375
196233
196088
195939
195787
195631
195473
195312
195148
194982
194814
194643
194469
194292
194110
193922
193730
193531
193325
193113
192894
192668
192436
192197
191953
191702
191445
191183
190913
190636
190352
190060
189759
189448
189128
188798
188458
188107
187745
187371
186987
186590
186182
185761
185328
184881
184421
183947
183457
182952
182429
181890
181332
180754
180156
179537
178897
178232
177544
176831
176091
175323
174526
173698
172838
171943
171012
170041
169030
167973
166869
165714
164503
163232
161896
160487
159000
157426
155755
153975
152072
150027
147819
145416
142781
139856
136578
132809
128490
123339
200315
199804
199739
199633
199535
199433
199330
199226
199121
199013
198904
198792
198677
198560
198441
198319
198196
198071
197945
197819
197692
197565
197438
197311
197183
197055
196925
196794
196661
196525
196386
196244
196099
195951
195799
195645
195487
195326
195163
194996
194827
194654
194478
194299
194115
193926
193732
193532
193326
193114
192896
192671
192440
192203
191959
191710
191454
191191
190922
190645
190360
190067
189766
189455
189135
188805
188465
188115
187754
187381
186997
186601
186193
185773
185340
184893
184433
183958
183468
182962
182440
181900
181341
180764
180166
179548
178907
178244
177556
176844
176105
175338
174542
173715
172855
171961
171031
170061
169050
167994
166891
165735
164525
163255
161919
160511
159025
157452
155782
154003
152101
150058
147848
145446
142806
139877
136578
132780
128389
123123
200314
199799
199732
199624
199524
199421
199318
199213
199107
198999
198890
198778
198663
198547
198428
198308
198186
198064
197941
197818
197694
197570
197445
197320
197194
197066
196937
196805
196672
196536
196397
196255
196110
195963
195812
195658
195501
195341
195177
195010
194840
194666
194488
194306
194120
193929
193734
193533
193327
193116
192898
192675
192445
192209
191966
191718
191462
191200
190930
190653
190368
190075
189773
189462
189142
188813
188473
188123
187763
187391
187008
186613
186205
185785
185352
184906
184445
183970
183480
182973
182450
181910
181351
180774
180176
179558
178918
178255
177569
176857
176119
175353
174558
173732
172873
171980
171050
170081
169071
168015
166912
165758
164548
163278
161943
160536
159051
157479
155809
154033
152131
150089
147880
145479
142834
139900
136581
132754
128287
122898
200314
199795
199726
199615
199514
199410
199305
199200
199094
198986
198876
198764
198649
198533
198416
198297
198177
198058
197937
197817
197696
197575
197453
197329
197204
197077
196948
196817
196683
196546
196407
196265
196121
195974
195824
195671
195515
195355
195191
195024
194852
194677
194497
194313
194125
193933
193736
193535
193329
193117
192901
192678
192450
192215
191973
191725
191471
191209
190939
190662
190376
190083
189780
189470
189150
188820
188481
188132
187772
187401
187018
186624
186217
185798
185365
184918
184458
183982
183491
182985
182461
181920
181362
180784
180187
179569
178929
178267
177581
176871
176133
175369
174574
173749
172892
171999
171070
170102
169092
168037
166935
165781
164572
163303
161968
160562
159077
157507
155838
154063
152161
150122
147912
145512
142863
139925
136587
132730
128186
122668
200313
199790
199720
199606
199504
199398
199293
199188
199081
198973
198862
198750
198636
198520
198404
198286
198169
198051
197934
197816
197698
197580
197460
197338
197214
197088
196959
196828
196694
196557
196417
196276
196132
195985
195836
195684
195528
195369
195205
195037
194865
194688
194506
194320
194131
193937
193739
193537
193330
193119
192903
192682
192454
192221
191980
191733
191479
191217
190948
190670
190384
190090
189788
189477
189157
188828
188489
188140
187781
187411
187029
186635
186229
185810
185377
184931
184470
183994
183503
182996
182472
181931
181372
180795
180198
179580
178941
178280
177595
176885
176148
175384
174591
173767
172910
172019
171090
170123
169113
168060
166957
165805
164596
163327
161993
160589
159104
157535
155867
154094
152193
150156
147946
145547
142895
139953
136597
132710
128088
122433
200312
199786
199714
199598
199494
199388
199282
199176
199069
198960
198849
198737
198623
198508
198392
198276
198160
198045
197931
197816
197701
197585
197467
197347
197225
197099
196970
196839
196704
196567
196427
196286
196142
195996
195848
195696
195541
195382
195219
195050
194877
194698
194515
194328
194136
193941
193742
193539
193332
193122
192906
192685
192459
192227
191987
191741
191487
191226
190956
190679
190393
190098
189796
189484
189164
188835
188497
188149
187790
187421
187040
186647
186241
185822
185390
184944
184483
184007
183515
183008
182484
181942
181383
180806
180209
179592
178953
178292
177608
176899
176163
175401
174608
173785
172929
172039
171111
170144
169135
168082
166980
165828
164620
163353
162019
160616
159132
157565
155897
154126
152226
150191
147981
145584
142928
139983
136609
132694
127991
122195
200312
199781
199708
199590
199485
199377
199271
199164
199056
198947
198836
198724
198610
198495
198381
198266
198153
198040
197928
197816
197703
197590
197474
197356
197234
197109
196981
196849
196714
196577
196437
196295
196152
196007
195859
195708
195554
195395
195232
195063
194888
194709
194524
194335
194142
193945
193745
193541
193334
193124
192909
192689
192464
192233
191994
191749
191496
191235
190965
190687
190401
190106
189803
189492
189172
188843
188505
188158
187800
187431
187051
186658
186253
185835
185403
184956
184495
184019
183527
183019
182495
181954
181394
180817
180220
179603
178965
178305
177621
176913
176179
175417
174625
173803
172948
172058
171131
170165
169157
168105
167004
165852
164644
163378
162045
160643
159160
157594
155928
154158
152259
150226
148017
145621
142963
140015
136625
132683
127899
121955
200311
199778
199704
199584
199477
199368
199260
199153
199045
198935
198824
198712
198598
198484
198370
198257
198145
198035
197925
197816
197706
197595
197481
197364
197244
197119
196991
196859
196724
196586
196446
196305
196162
196017
195870
195720
195566
195408
195244
195075
194900
194719
194533
194342
194148
193949
193748
193544
193337
193126
192912
192693
192469
192239
192001
191757
191504
191243
190974
190696
190409
190114
189811
189500
189180
188851
188513
188166
187809
187441
187061
186669
186265
185847
185415
184969
184508
184031
183539
183031
182507
181965
181406
180828
180232
179615
178977
178318
177635
176928
176194
175433
174642
173821
172967
172078
171152
170187
169179
168128
167027
165877
164669
163404
162071
160670
159188
157624
155958
154191
152293
150262
148053
145659
143000
140049
136645
132676
127810
121715
200311
199774
199699
199577
199469
199358
199250
199142
199034
198924
198813
198700
198587
198473
198360
198249
198138
198030
197923
197816
197708
197599
197487
197372
197253
197129
197001
196869
196733
196595
196455
196314
196171
196026
195880
195730
195577
195419
195256
195086
194911
194729
194542
194349
194153
193954
193751
193547
193339
193129
192915
192697
192474
192244
192008
191764
191512
191251
190982
190704
190417
190122
189819
189507
189187
188859
188521
188175
187818
187451
187072
186680
186276
185859
185427
184981
184520
184043
183551
183043
182518
181976
181417
180840
180243
179627
178990
178331
177649
176942
176209
175449
174660
173839
172986
172098
171172
170208
169201
168150
167050
165901
164694
163429
162097
160698
159217
157654
155989
154224
152327
150298
148091
145698
143038
140084
136668
132673
127728
121475
200311
199770
199695
199571
199462
199350
199241
199133
199024
198914
198802
198690
198576
198463
198351
198241
198132
198026
197921
197816
197711
197604
197494
197380
197261
197138
197010
196878
196742
196604
196464
196322
196179
196035
195889
195741
195588
195431
195267
195097
194921
194738
194550
194356
194159
193958
193755
193549
193342
193132
192918
192701
192479
192250
192015
191771
191520
191259
190990
190712
190425
190130
189826
189515
189195
188866
188529
188183
187827
187460
187082
186691
186288
185870
185439
184993
184532
184056
183563
183055
182530
181988
181428
180851
180255
179639
179002
178344
177662
176957
176225
175466
174677
173857
173005
172118
171193
170229
169223
168173
167073
165925
164718
163455
162124
160726
159245
157684
156021
154257
152362
150335
148129
145738
143077
140122
136695
132676
127650
121237
200310
199767
199691
199565
199455
199342
199233
199123
199014
198904
198792
198679
198566
198454
198342
198233
198126
198022
197919
197816
197713
197608
197500
197387
197270
197147
197019
196887
196751
196612
196472
196330
196187
196044
195898
195750
195598
195441
195278
195108
194931
194748
194558
194363
194165
193963
193759
193553
193345
193135
192922
192705
192484
192256
192021
191779
191527
191267
190998
190720
190433
190138
189834
189522
189202
188874
188537
188192
187836
187470
187092
186702
186299
185882
185451
185005
184544
184067
183575
183066
182541
181999
181440
180863
180266
179651
179015
178357
177676
176971
176240
175482
174694
173875
173023
172137
171213
170250
169244
168195
167097
165949
164743
163481
162150
160753
159274
157714
156052
154290
152396
150372
148167
145778
143118
140161
136725
132683
127579
121002
200310
199764
199688
199561
199449
199336
199225
199115
199006
198895
198783
198670
198557
198445
198335
198227
198121
198018
197917
197817
197716
197612
197506
197394
197277
197155
197027
196895
196759
196620
196479
196338
196195
196052
195907
195759
195608
195451
195288
195118
194941
194756
194566
194370
194170
193967
193762
193556
193348
193138
192925
192709
192488
192261
192028
191786
191535
191275
191006
190728
190441
190145
189841
189529
189210
188882
188545
188200
187845
187479
187102
186712
186310
185893
185462
185017
184556
184079
183587
183078
182553
182011
181451
180874
180278
179663
179027
178370
177690
176986
176255
175498
174710
173893
173042
172156
171233
170271
169266
168218
167120
165973
164768
163506
162176
160781
159302
157744
156083
154323
152431
150409
148206
145818
143159
140202
136758
132696
127515
120772
200310
199761
199685
199556
199443
199329
199218
199108
198997
198886
198774
198662
198549
198437
198328
198221
198117
198015
197916
197817
197718
197616
197511
197401
197285
197163
197035
196903
196766
196627
196486
196345
196202
196059
195915
195768
195617
195460
195297
195127
194950
194765
194573
194377
194176
193972
193766
193559
193351
193141
192929
192713
192493
192267
192034
191792
191542
191282
191014
190735
190448
190153
189849
189537
189217
188889
188553
188208
187853
187488
187111
186722
186320
185904
185474
185028
184567
184091
183598
183089
182564
182022
181462
180885
180290
179675
179040
178383
177703
177000
176270
175514
174727
173910
173060
172176
171253
170292
169287
168240
167142
165996
164792
163532
162203
160808
159331
157774
156115
154356
152466
150446
148244
145859
143201
140243
136794
132712
127459
120545
200310
199759
199683
199553
199439
199324
199212
199101
198991
198879
198767
198654
198542
198430
198321
198215
198112
198013
197915
197818
197720
197620
197516
197407
197291
197170
197042
196910
196773
196634
196493
196352
196209
196067
195923
195776
195625
195469
195306
195136
194958
194773
194581
194383
194181
193976
193770
193562
193354
193144
192932
192717
192498
192272
192040
191799
191549
191290
191021
190743
190456
190160
189856
189544
189224
188897
188561
188216
187862
187497
187121
186732
186331
185915
185485
185039
184579
184102
183609
183101
182575
182033
181474
180897
180301
179687
179052
178396
177717
177014
176285
175529
174743
173928
173078
172194
171272
170312
169308
168262
167165
166019
164816
163557
162229
160835
159359
157804
156146
154389
152500
150482
148283
145900
143244
140286
136832
132734
127410
120326
200310
199757
199681
199549
199434
199319
199206
199095
198984
198873
198760
198647
198535
198424
198316
198210
198109
198010
197914
197819
197722
197624
197521
197412
197298
197177
197049
196917
196780
196641
196500
196358
196216
196073
195930
195783
195633
195477
195315
195144
194966
194780
194587
194389
194186
193981
193774
193566
193357
193147
192936
192721
192502
192277
192045
191805
191556
191297
191028
190750
190463
190167
189863
189551
189231
188904
188568
188224
187870
187506
187130
186742
186341
185925
185495
185050
184590
184113
183620
183112
182586
182044
181485
180908
180313
179699
179064
178409
177730
177028
176300
175545
174760
173945
173096
172213
171291
170332
169329
168283
167187
166042
164840
163581
162254
160862
159387
157833
156177
154422
152535
150519
148322
145941
143288
140330
136874
132760
127369
120111
200310
199755
199680
199547
199431
199315
199202
199090
198979
198867
198755
198642
198529
198419
198311
198206
198106
198008
197913
197819
197724
197627
197525
197418
197304
197183
197056
196923
196786
196647
196506
196364
196222
196080
195936
195790
195641
195485
195323
195152
194974
194787
194594
194395
194192
193985
193778
193569
193360
193151
192939
192725
192507
192283
192051
191811
191562
191304
191035
190757
190470
190174
189870
189558
189238
188911
188575
188231
187878
187514
187139
186751
186350
185935
185506
185061
184600
184124
183631
183123
182597
182055
181496
180919
180324
179711
179076
178421
177743
177042
176314
175560
174776
173961
173113
172231
171310
170352
169349
168304
167209
166065
164863
163606
162280
160889
159415
157862
156207
154454
152569
150555
148361
145982
143331
140375
136918
132790
127337
119906
200311
199754
199678
199545
199428
199311
199197
199085
198974
198862
198749
198636
198524
198414
198306
198203
198103
198007
197913
197820
197726
197630
197529
197423
197309
197189
197062
196929
196792
196653
196511
196370
196228
196086
195942
195797
195647
195492
195330
195160
194981
194794
194600
194401
194197
193990
193782
193573
193364
193154
192943
192729
192511
192288
192057
191817
191569
191310
191042
190764
190476
190181
189877
189565
189245
188918
188583
188239
187886
187522
187147
186760
186360
185945
185516
185071
184611
184134
183642
183133
182608
182066
181507
180930
180336
179722
179088
178434
177756
177056
176328
175575
174791
173978
173130
172249
171329
170371
169369
168325
167230
166088
164886
163630
162305
160915
159442
157891
156238
154487
152603
150592
148399
146023
143375
140420
136964
132824
127314
119707
200311
199753
199678
199544
199426
199308
199194
199082
198970
198858
198745
198632
198520
198410
198303
198200
198101
198005
197913
197821
197728
197633
197533
197427
197314
197194
197067
196935
196798
196658
196517
196375
196233
196091
195948
195803
195654
195499
195337
195166
194988
194801
194606
194406
194202
193994
193786
193577
193367
193157
192947
192733
192516
192292
192062
191823
191575
191316
191048
190770
190483
190187
189883
189571
189252
188925
188590
188246
187893
187530
187156
186769
186369
185955
185526
185081
184621
184145
183652
183144
182618
182077
181518
180941
180347
179734
179100
178446
177769
177069
176343
175590
174807
173994
173147
172266
171347
170390
169389
168345
167251
166109
164909
163654
162330
160941
159469
157920
156268
154518
152637
150627
148438
146064
143419
140466
137011
132863
127300
119521
200311
199753
199677
199542
199424
199306
199191
199079
198967
198854
198741
198628
198516
198406
198300
198197
198099
198004
197913
197822
197730
197636
197537
197431
197319
197199
197073
196940
196803
196663
196522
196380
196238
196096
195954
195809
195660
195505
195343
195173
194994
194807
194612
194411
194206
193999
193790
193580
193371
193161
192950
192737
192520
192297
192067
191829
191581
191323
191054
190777
190490
190194
189890
189578
189258
188931
188597
188253
187901
187538
187164
186778
186378
185964
185535
185091
184631
184155
183662
183154
182629
182087
181528
180952
180358
179745
179112
178458
177782
177082
176356
175604
174822
174010
173163
172283
171365
170409
169408
168365
167272
166131
164932
163677
162354
160966
159496
157948
156297
154550
152670
150663
148476
146104
143463
140512
137061
132905
127297
119344
200312
199753
199677
199542
199423
199304
199189
199076
198964
198851
198738
198625
198513
198404
198297
198195
198098
198004
197913
197823
197732
197639
197540
197435
197323
197204
197077
196945
196808
196668
196526
196384
196243
196101
195959
195814
195665
195511
195349
195179
195000
194813
194618
194417
194211
194003
193794
193584
193374
193164
192954
192741
192524
192302
192072
191834
191586
191329
191061
190783
190496
190200
189896
189584
189265
188938
188603
188260
187908
187546
187172
186786
186387
185973
185544
185100
184641
184165
183672
183164
182639
182097
181539
180963
180369
179756
179124
178470
177794
177095
176370
175618
174837
174025
173179
172300
171382
170427
169427
168385
167293
166152
164954
163700
162378
160991
159522
157976
156326
154581
152703
150698
148513
146144
143507
140558
137111
132950
127303
119186
200312
199754
199677
199542
199422
199303
199188
199074
198962
198849
198736
198623
198511
198401
198295
198194
198097
198003
197913
197824
197734
197641
197543
197439
197327
197208
197082
196949
196812
196672
196531
196389
196247
196106
195963
195819
195670
195516
195354
195184
195005
194818
194623
194421
194216
194007
193797
193587
193378
193168
192957
192745
192528
192306
192077
191839
191592
191334
191066
190789
190502
190206
189902
189590
189271
188944
188610
188267
187915
187553
187180
186794
186395
185982
185553
185110
184650
184174
183682
183174
182649
182107
181549
180973
180379
179767
179135
178482
177807
177108
176383
175632
174851
174040
173195
172317
171399
170444
169445
168404
167312
166173
164975
163722
162401
161016
159548
158003
156355
154611
152735
150732
148550
146184
143550
140604
137162
132999
127318
119050
200312
199755
199677
199542
199422
199302
199187
199073
198960
198848
198734
198621
198509
198400
198294
198193
198096
198003
197914
197825
197736
197643
197546
197442
197331
197212
197086
196954
196817
196676
196535
196393
196251
196110
195968
195823
195675
195521
195360
195190
195011
194823
194628
194426
194220
194011
193801
193591
193381
193171
192961
192749
192532
192311
192082
191844
191597
191340
191072
190795
190508
190212
189908
189596
189277
188951
188616
188274
187922
187560
187187
186802
186403
185990
185562
185119
184659
184184
183692
183183
182659
182117
181559
180984
180390
179778
179146
178494
177819
177121
176396
175646
174865
174055
173211
172333
171416
170462
169463
168423
167332
166193
164996
163744
162424
161040
159573
158029
156383
154640
152766
150765
148586
146223
143592
140650
137213
133050
127343
118941
200312
199756
199678
199542
199421
199301
199186
199072
198959
198846
198733
198620
198508
198399
198293
198192
198096
198003
197914
197826
197737
197645
197549
197445
197335
197216
197090
196958
196820
196680
196539
196397
196255
196114
195972
195828
195680
195526
195364
195194
195015
194828
194632
194431
194224
194015
193805
193595
193385
193175
192965
192752
192536
192315
192086
191849
191602
191345
191078
190800
190513
190218
189914
189602
189283
188957
188623
188280
187929
187567
187194
186809
186411
185998
185570
185127
184668
184192
183701
183193
182668
182127
181569
180994
180400
179789
179157
178505
177830
177133
176409
175659
174879
174069
173225
172348
171432
170478
169481
168441
167351
166213
165016
163766
162446
161063
159597
158054
156409
154668
152796
150798
148621
146260
143634
140695
137265
133104
127378
118870
200312
199758
199679
199544
199422
199302
199186
199072
198959
198846
198733
198619
198508
198398
198293
198192
198096
198004
197915
197827
197739
197648
197551
197448
197338
197219
197094
196961
196824
196684
196542
196400
196259
196118
195976
195832
195684
195530
195369
195199
195020
194832
194637
194435
194228
194019
193809
193598
193388
193178
192968
192756
192540
192319
192091
191854
191607
191350
191083
190806
190519
190223
189920
189608
189289
188963
188629
188286
187935
187574
187202
186817
186418
186006
185578
185135
184676
184201
183710
183202
182677
182137
181579
181004
180411
179799
179168
178516
177842
177145
176421
175672
174892
174083
173240
172363
171448
170495
169498
168458
167369
166232
165036
163786
162467
161085
159620
158079
156436
154697
152827
150830
148656
146299
143676
140741
137317
133160
127419
118847
200312
199760
199679
199544
199422
199302
199186
199072
198958
198845
198732
198619
198507
198398
198293
198192
198096
198004
197916
197828
197740
197650
197554
197451
197341
197223
197097
196965
196827
196687
196545
196404
196262
196121
195979
195835
195687
195534
195373
195203
195024
194837
194641
194439
194232
194023
193812
193602
193392
193182
192972
192759
192544
192323
192095
191858
191612
191355
191088
190811
190524
190229
189925
189614
189295
188969
188635
188293
187942
187581
187208
186823
186425
186013
185586
185143
184684
184209
183718
183210
182686
182146
181588
181013
180420
179809
179178
178527
177853
177156
176432
175683
174904
174095
173253
172377
171462
170510
169513
168475
167386
166250
165055
163806
162488
161105
159639
158097
156454
154716
152847
150852
148679
146323
143703
140771
137352
133199
127452
118871
200311
199764
199680
199546
199424
199303
199187
199073
198959
198846
198733
198620
198508
198398
198293
198192
198097
198005
197917
197830
197742
197652
197556
197454
197344
197226
197100
196968
196831
196690
196549
196407
196265
196124
195982
195839
195691
195538
195377
195207
195028
194841
194645
194443
194236
194027
193816
193605
193395
193185
192975
192763
192548
192327
192099
191863
191616
191360
191093
190816
190529
190234
189930
189619
189300
188974
188640
188299
187948
187587
187215
186830
186433
186021
185594
185151
184693
184218
183727
183219
182695
182155
181597
181023
180430
179819
179188
178537
177863
177167
176444
175695
174917
174109
173267
172392
171478
170526
169530
168493
167405
166270
165076
163828
162512
161131
159667
158127
156486
154749
152882
150889
148719
146366
143751
140823
137412
133269
127512
118967
200311
199766
199680
199546
199424
199303
199187
199072
198959
198846
198733
198620
198508
198399
198294
198193
198097
198006
197918
197831
197744
197653
197558
197456
197346
197228
197103
196970
196833
196693
196551
196409
196268
196127
195985
195841
195694
195541
195380
195210
195032
194844
194649
194447
194240
194030
193819
193608
193398
193188
192978
192766
192551
192331
192103
191867
191621
191364
191098
190821
190534
190239
189935
189624
189306
188980
188646
188304
187953
187592
187220
186836
186439
186027
185600
185158
184700
184225
183734
183227
182703
182163
181606
181031
180439
179828
179198
178546
177871
177173
176450
175701
174923
174114
173272
172397
171482
170531
169535
168497
167409
166274
165080
163831
162515
161134
159672
158134
156495
154760
152895
150903
148735
146384
143771
140846
137439
133305
127550
119040
200310
199773
199683
199550
199427
199306
199189
199075
198961
198848
198735
198622
198510
198400
198295
198194
198098
198007
197919
197832
197745
197655
197560
197458
197348
197231
197105
196973
196836
196696
196554
196412
196271
196130
195988
195844
195697
195544
195383
195214
195035
194848
194652
194450
194243
194034
193823
193612
193402
193192
192982
192770
192555
192334
192107
191871
191625
191369
191102
190826
190539
190244
189941
189630
189311
188985
188652
188310
187959
187598
187226
186842
186445
186034
185607
185166
184707
184233
183743
183236
182712
182172
181616
181042
180450
179840
179210
178559
177885
177188
176465
175717
174939
174131
173290
172415
171502
170551
169556
168519
167432
166298
165105
163858
162543
161165
159705
158168
156531
154797
152934
150944
148779
146432
143824
140905
137508
133383
127635
119170
200308
199774
199683
199550
199426
199306
199189
199075
198961
198848
198735
198622
198510
198401
198295
198195
198099
198008
197920
197833
197746
197656
197561
197459
197350
197232
197107
196975
196838
196698
196556
196414
196272
196131
195990
195846
195699
195546
195385
195216
195038
194850
194655
194453
194246
194036
193825
193614
193404
193194
192984
192772
192557
192337
192110
191874
191628
191372
191106
190829
190543
190248
189945
189634
189315
188989
188656
188314
187959
187595
187221
186837
186439
186027
185600
185158
184699
184224
183733
183226
182701
182161
181603
181028
180435
179824
179193
178542
177869
177174
176452
175705
174928
174121
173279
172405
171492
170541
169546
168509
167422
166287
165095
163848
162532
161153
159693
158156
156518
154785
152922
150933
148770
146423
143817
140900
137506
133383
127633
119181
200307
199786
199686
199554
199431
199310
199193
199079
198965
198852
198738
198625
198513
198404
198299
198198
198102
198011
197923
197836
197749
197659
197564
197463
197354
197236
197111
196979
196842
196702
196561
196419
196277
196136
195994
195851
195704
195551
195391
195222
195044
194856
194661
194459
194252
194043
193832
193621
193410
193200
192990
192779
192564
192344
192116
191881
191635
191379
191113
190837
190551
190256
189953
189642
189324
188998
188664
188323
187973
187613
187242
186859
186462
186051
185625
185184
184726
184252
183762
183256
182732
182193
181636
181063
180472
179862
179232
178583
177911
177216
176496
175749
174973
174167
173327
172453
171542
170593
169600
168565
167480
166347
165157
163913
162601
161225
159768
158235
156601
154871
153014
151029
148872
146532
143935
141028
137651
133558
127854
119628
121881
120986
120064
119100
118098
117053
115967
114835
113658
112436
111181
109900
108536
107131
105672
104127
102548
100935
99280.9
97583
95840.7
94055.9
92230.9
90369.3
88473.8
86548.4
84596.3
82621.9
80628.5
78621.2
76603.1
74579.8
72554.2
70532.2
68516.2
66512.2
64522
62551.3
60601.4
58677.8
56780.9
54916
53082.7
51286
49524.6
47803.7
46120.9
44481.3
42882
41327.1
39812.3
38340.2
36902.5
35501.8
34124.7
32776
31446.7
30147.4
28887.4
27699
26578.1
25548.8
24585.9
23704.4
22917.1
22199.2
21564.5
21026.2
20584.2
20206.5
19948.2
19671.4
19665.7
19744
19977.7
20362.6
20906.4
21727.6
13596.4
2.44537e+06
121828
120928
119999
119029
118018
116965
115867
114725
113532
112289
110981
109672
108319
106923
105441
103907
102323
100695
99022.8
97306.7
95547.1
93746.6
91907.2
90032.3
88124.8
86188.7
84227.2
82245
80245.3
78233.3
76212.3
74187.7
72162.6
70142.5
68130.1
66130.9
64146.7
62183.3
60241.5
58326.9
56439.6
54585
52762.2
50976.5
49226.3
47516.6
45844.9
44215.8
42625.2
41076.7
39562.8
38087.5
36639.8
35224.8
33838.3
32487.4
31181.2
29940
28762.1
27684.2
26638.3
25675
24770.3
23944
23169.8
22529.1
21907.2
21404.6
21008.6
20710.7
20502
20527.9
20635.8
20792.3
20984.8
21208.5
21369.4
21659
13089
2.50926e+06
121743
120832
119892
118909
117885
116818
115707
114549
113345
112094
110798
109440
108050
106613
105103
103553
101947
100291
98590.2
96847.1
95062.7
93239.5
91379.2
89485.2
87560.2
85608.7
83633.8
81640.6
79632.2
77614
75589.2
73563.2
71539.1
69522.1
67514.8
65522.6
63547.1
61593.6
59663.1
57760.8
55886.7
54045.9
52237.7
50466.7
48731.5
47036.4
45378.7
43761.2
42178.2
40632.6
39114.7
37629.2
36172.3
34749.2
33378.3
32067.9
30838.7
29714.9
28652.9
27661.6
26740.5
25841.5
25054.4
24329.4
23631.6
23084.5
22611.4
22176
21892.7
21764.1
21647.4
21710.7
21748.4
21816.5
21802
21823.1
21758.9
21760
13228.2
2.43855e+06
121620
120692
119736
118735
117692
116604
115469
114288
113060
111784
110461
109062
107626
106136
104602
103023
101386
99695.8
97958.4
96179.3
94360.6
92505.3
90615.1
88693.7
86744.1
84771
82777.6
80769.3
78749.4
76723.3
74694.1
72667.3
70645.5
68634.1
66635.3
64654
62692
60754
58841
56957.6
55103.9
53284.3
51498.1
49749.3
48036
46361.3
44720.2
43114.8
41536.6
39990
38469.5
36982.8
35546.3
34174.4
32888.6
31716.7
30630.2
29637.2
28703.3
27776
26988.5
26222.6
25514.9
24969.4
24422.6
23973.2
23742.4
23459.2
23312.1
23305.5
23156.7
23054.1
22924.5
22771.6
22552.5
22372.7
22132.4
21966.7
13303.6
2.44443e+06
121461
120513
119535
118510
117441
116324
115159
113945
112682
111368
110003
108567
107090
105547
103966
102339
100658
98924
97142.1
95318.5
93456.7
91560.7
89633
87677.9
85698.4
83699.6
81684.8
79659.6
77627.4
75593.5
73561.1
71535.2
69518.6
67516
65529.5
63563.6
61619.8
59702.4
57812.2
55953
54125
52331.4
50571.7
48848
47157.8
45501.6
43872.4
42273.5
40699.3
39156.7
37662.2
36226.7
34887.3
33662.7
32536.3
31533.5
30588.9
29673.9
28892.1
28107.1
27410.5
26878.1
26288.8
25910
25638.3
25290.5
25246.2
25124.6
24878.3
24771.8
24551.6
24220.2
23884.4
23556
23197.9
22878.5
22534.4
22278.6
13487.1
2.47692e+06
121272
120296
119293
118238
117137
115985
114782
113527
112219
110858
109443
107966
106430
104830
103188
101501
99765.6
97979.4
96145.3
94269.9
92357.6
90414.3
88443.1
86449.3
84436
82408.8
80371.1
78328.6
76284.4
74244.1
72210.4
70188.3
68180
66190
64220.1
62274.1
60353.5
58461.4
56598.9
54768.5
52970.5
51206
49474.6
47775.7
46105.3
44462.2
42843.6
41254.4
39710.8
38220.4
36831.4
35554.8
34396.8
33380.1
32421.1
31522
30734.5
29930.8
29272
28735.6
28143.3
27834.9
27516.1
27242.2
27217.4
26993.3
26789
26663
26328.7
25964.7
25612.2
25195.2
24747.5
24318.4
23891.4
23499.6
23078.2
22746.8
14047
2.41005e+06
121052
120046
119012
117922
116782
115588
114340
113035
111674
110257
108785
107254
105647
103982
102271
100515
98713.4
96864.7
94970.6
93036.7
91068.3
89072.3
87053.3
85017
82967.7
80910.7
78849.9
76790.6
74736.2
72691.5
70659.5
68644.3
66648.1
64674.7
62725.5
60803.8
58910.5
57048
55216.9
53418.2
51651.6
49916.9
48211.8
46534
44882.2
43254.7
41675.6
40143.4
38713.6
37394.1
36204
35173
34198.5
33319
32531.5
31719.1
31096.9
30528.2
29964.7
29707.3
29348.7
29175.8
29131.6
28863.4
28720.2
28546.3
28153.7
27798.8
27415.7
26957.1
26485.5
26023.6
25557.9
25088.7
24610.8
24148.6
23650.2
23266.7
14520.9
2.40837e+06
120806
119764
118693
117563
116378
115135
113834
112471
111048
109567
108030
106425
104742
103004
101215
99381.8
97503.6
95583
93620.9
91622.8
89593.9
87542
85472.5
83392.6
81306.3
79220.3
77137.5
75063.9
73001.8
70956.5
68929.6
66925.7
64945.7
62993.2
61069.2
59175.6
57313.5
55483.2
53685.8
51919.2
50183.4
48476
46795.7
45138.9
43524.3
41954.3
40488.7
39127.4
37910.1
36878.9
35922.3
35072.9
34284.6
33490.3
32891.4
32282.9
31786.2
31519.2
31137.8
31069.2
30958.3
30698.1
30614.1
30378.3
29969.8
29638.1
29234.3
28758.1
28281
27808.5
27323.2
26827.2
26322.2
25816.2
25297.6
24781.7
24224.2
23794.2
15138.2
2.3911e+06
120535
119452
118340
117162
115926
114627
113263
111835
110341
108787
107178
105479
103714
101893
100020
98099.6
96136.6
94135.1
92098
90030.7
87938.3
85828.8
83708.6
81585.1
79463.7
77350.4
75248.8
73164
71098.8
69056.5
67040.2
65051.1
63092.7
61164.8
59270.2
57408.1
55579.4
53783.3
52019.3
50284.5
48581.3
46905.1
45268.6
43678.1
42177.8
40800.1
39559.8
38496.6
37529.7
36698.1
35934.6
35191
34613.9
34000.1
33581.6
33268
32929.6
32916.8
32712.8
32526.8
32439.4
32120.9
31755.8
31438.8
31011.9
30540.9
30075.7
29603.6
29110.5
28599.1
28079.2
27554.1
27013.7
26463.8
25903.2
25348.5
24755
24294.9
15752
2.38195e+06
120240
119111
117953
116722
115427
114063
112629
111125
109553
107919
106211
104417
102560
100648
98680.1
96666.1
94610.3
92521.5
90403.3
88262.8
86105
83938.3
81768.6
79604.6
77451
75314.4
73198.4
71107.1
69043.4
67009.6
65007.6
63039.8
61105.4
59208.2
57343.9
55517
53722.1
51961.2
50232.2
48533.2
46876.2
45259.5
43724.8
42307.1
41040.4
39981.5
39055
38270.8
37536.4
36825
36239.7
35656.9
35289.6
34942.5
34711.3
34695.2
34446.5
34340.7
34195.1
33833.4
33523.8
33179.1
32735.4
32284.6
31831.7
31367.8
30877
30364.9
29844.4
29311.7
28758.1
28190.8
27614.2
27034.3
26448.7
25868.3
25249
24763
16340.2
2.37524e+06
119924
118742
117532
116241
114879
113442
111929
110339
108679
106953
105131
103234
101277
99260.8
97191.6
95076
92923
90741
88538.4
86321.9
84098.9
81876.1
79661.1
77460.2
75280.1
73125.5
71000.5
68908.7
66851.4
64831.9
62849.2
60906.6
59001.8
57135.5
55308.2
53514.2
51761.4
50041.1
48365.6
46745.2
45198.2
43762.7
42483.8
41393.1
40441.1
39638.3
38936.5
38311.4
37778
37253.3
36896.9
36550.6
36405.2
36339.4
36128.5
36082.5
35882.5
35541.1
35260.6
34879.3
34437.8
34000.2
33550
33090.9
32601.7
32095.6
31583.5
31052.3
30495.5
29923.2
29340.8
28749.6
28150.5
27544.8
26935.3
26332.6
25692.6
25187.1
16857.8
2.36744e+06
119586
118347
117078
115719
114283
112763
111160
109476
107718
105876
103936
101928
99856.1
97728
95547.7
93325.7
91070
88793.4
86503.7
84212.2
81924.4
79650.4
77393.6
75163.4
72962.2
70797
68669.3
66583.2
64538.3
62538.1
60580.6
58665.9
56796.4
54963.2
53176.5
51428.1
49722
48079.5
46495.7
45036.2
43702
42577.8
41683.9
40973.3
40325.6
39713.9
39187.8
38688.2
38358.5
38106.3
37998
37919.4
37782.6
37705
37472.1
37201.3
36924.9
36534.4
36124.1
35696.2
35245.9
34788.5
34299.6
33798.3
33290.4
32759.4
32202.3
31632.1
31052.2
30460.5
29857
29242
28621.6
27995.8
27368.3
26746.2
26087.5
25563.3
17335.9
2.35507e+06
119229
117925
116591
115156
113635
112022
110318
108529
106661
104683
102619
100488
98292.2
96041.8
93743.3
91409.3
89049
86676.4
84302
81936.7
79589.9
77267.7
74978
72723.4
70510.5
68341.2
66218.3
64144
62118.8
60141.8
58216
56334.9
54502.6
52720.7
50984.3
49323.8
47731.5
46256.4
44943.4
43793.2
42841.2
42059.7
41404
40890.4
40467.5
40036.7
39749.3
39486.8
39375.2
39411.2
39277.2
39193.7
39064.6
38774.7
38475.6
38127.6
37744.7
37330.5
36903.9
36458.9
35976.4
35482.2
34977.6
34444.9
33886.6
33318
32740.4
32149.5
31545
30928.8
30305.6
29673.7
29037.6
28393.7
27749.7
27110.3
26437.2
25899.7
17731.3
2.34946e+06
118853
117477
116070
114549
112933
111216
109400
107496
105489
103372
101174
98906.3
96576.5
94194.3
91772.5
89321.5
86857.4
84389.7
81935.3
79501.7
77101.6
74740
72422.3
70154.4
67935.1
65771.5
63660.2
61604.5
59606.1
57659.7
55770.5
53937.7
52153.5
50450.3
48813.1
47286
45916.5
44700.9
43758.3
43057.8
42518
42067.2
41594.4
41162.7
40915.2
40746.8
40762.3
40768.3
40613
40633.6
40470
40182.9
40014.4
39679.5
39284.1
38908
38501.8
38066.6
37606.5
37132.2
36637.9
36111.7
35559
34993.4
34416.6
33823.3
33215.9
32598.6
31974.5
31340.9
30700.2
30049.7
29397.6
28739.4
28084.2
27431.5
26746.1
26197
18059.3
2.35116e+06
118459
117003
115514
113897
112175
110339
108400
106364
104198
101934
99589.2
97173.5
94699.2
92179.2
89627.5
87061
84491.1
81936.9
79405.2
76915.8
74467.2
72077.9
69739.6
67466
65251.1
63097.4
61009.9
58978.7
57017
55115.1
53277.1
51523.9
49850.9
48305.8
46918.2
45710.3
44735.7
43932.4
43285.2
42838.3
42522.6
42243.9
42013.3
41809.6
41870.8
41864.4
41866.5
41950.2
41722.3
41554.1
41394.8
41017.9
40739.3
40428.1
40026.5
39615.2
39179.2
38719
38241
37733.5
37198.1
36646.5
36078.8
35488.2
34880.7
34261.9
33635.2
32997.7
32352.1
31697.2
31039.5
30375.5
29712.7
29043.3
28376.9
27711.9
27014.8
26458.1
18331.5
2.35087e+06
118046
116500
114921
113196
111354
109388
107311
105114
102783
100360
97851.8
95279.8
92650.1
89988.4
87304.6
84623.1
81953.5
79317.8
76722
74181.7
71702.5
69286.3
66946.4
64667.7
62471.4
60336.3
58278.4
56294.4
54375.2
52551.6
50805.9
49172.8
47715
46405.5
45334.2
44566.4
44045.7
43697.8
43375.7
43056.2
42794.8
42784.5
42916.8
42907.6
43022.7
43006.1
42827.8
42830.3
42639
42315.5
42123.3
41778.4
41414.4
41079.5
40680.5
40247.9
39791.7
39300.3
38784.3
38252.8
37702.5
37125.9
36529.3
35917.3
35293.1
34653.3
34003
33342.6
32679
32008.8
31338.3
30660.9
29986.2
29305.6
28629.3
27954.8
27246.9
26681.1
18586
2.34421e+06
117614
115970
114288
112442
110464
108352
106122
103737
101234
98632.7
95953.4
93209
90422.3
87612.6
84800.5
82005.9
79248.3
76536.3
73893.5
71310.1
68812.7
66384.6
64044.1
61784.6
59601.4
57514.2
55493.1
53587
51760.2
50073.2
48561.6
47211.1
46172.5
45308.3
44635.7
44162
43883.8
43740.9
43587.5
43557
43555.5
43679.8
43959.1
43941.1
43936.9
43916.1
43622
43498
43345.1
42999.1
42747.5
42434.2
42043.8
41662.9
41249.4
40795.7
40314.1
39806
39273.7
38714.4
38135.6
37540.2
36928.7
36296.7
35650
34989.5
34322.4
33646.1
32967.1
32281.1
31596.9
30907.5
30223.2
29532.6
28846.4
28162.1
27444
26868.7
18801
2.34569e+06
117166
115410
113614
111630
109500
107228
104807
102229
99532.7
96742.5
93875
90952.7
88004.9
85045.2
82113.9
79211.8
76377.1
73607.7
70919
68320.5
65800.7
63387.9
61050.3
58824.9
56681.9
54650.8
52726.6
50924.8
49280.1
47818.1
46599.9
45663.9
45029.5
44685.2
44521.4
44305.4
44066.6
44112.6
44233.3
44501.2
44592.2
44673.8
44848
44773.9
44650.2
44624.9
44350.1
44102.4
43941.9
43624.9
43318.2
42999
42605.5
42186.3
41744.3
41273.5
40776.9
40248.6
39694.7
39118.6
38523.3
37905.4
37270.8
36620.4
35959.8
35285
34602.9
33910.1
33216.8
32517.9
31822.8
31122.2
30427
29725
29029.5
28336.5
27612.1
27028.8
18954.7
2.36099e+06
116700
114817
112892
110752
108452
105999
103359
100571
97668.1
94669.2
91605.2
88499.6
85385.3
82290.5
79235.7
76253.2
73344.9
70536.7
67819.1
65207.5
62698
60292.5
58001.2
55813.1
53760.8
51838.7
50093.3
48552.4
47273.1
46298.3
45533.4
45062.3
44667.6
44564.4
44552.4
44577.2
44658.5
44889.6
45094.6
45396.1
45483.7
45449
45492.6
45413.6
45218.3
45176.4
44981.9
44674.7
44465.2
44168
43828.9
43483.5
43086
42648.1
42184.1
41691.5
41175
40633.5
40066.4
39470.8
38854.6
38219.2
37570.1
36904.4
36228
35538.1
34843.4
34139.4
33435.6
32724.9
32018
31305.3
30599.4
29887.5
29183.9
28482.8
27752.5
27165.4
19133.6
2.32317e+06
116215
114188
112117
109802
107303
104640
101766
98753.3
95615.1
92404.2
89122.5
85843.2
82558.7
79340.5
76180.9
73124.8
70170.9
67327
64605.3
61990
59512.1
57142.6
54916.1
52840.1
50915.7
49213.8
47729.8
46522.3
45674.9
45193.9
44978.9
44919.5
44779.7
44785.2
44969.9
45267.6
45599.3
45795.4
45909
46097.8
46175.6
46086.1
46052.1
45987.5
45746.4
45660.4
45516.1
45210.2
44942.3
44636.8
44279.4
43908
43502
43052.4
42570.2
42059.5
41525.4
40965.7
40382.8
39774.4
39145.2
38493.2
37826.8
37145.7
36457.5
35757.6
35053.1
34338
33623
32901.1
32184.1
31461.1
30745.4
30023.7
29312.3
28604.5
27869.5
27279.1
19256
2.32437e+06
115710
113520
111282
108767
106069
103133
100016
96741.4
93369.1
89908.7
86434.7
82954.1
79538
76189.1
72958.5
69839.4
66857.6
64000
61280
58704.8
56263.7
54002.2
51885.3
50037.7
48412.1
47128.4
46183.4
45499.9
45075.8
44857.7
44882.9
44960.7
45134.4
45375.4
45718.4
46030.7
46364.1
46495.9
46536.2
46611.2
46687.4
46608.2
46523
46482.5
46249.1
46091.3
45951
45673.8
45372
45046.3
44675.4
44281.8
43860.9
43402.2
42908.5
42381
41829.1
41254.2
40657.9
40035.5
39392.3
38727.3
38049.5
37356.5
36656.6
35945
35230.8
34507.4
33784.6
33053.7
32326.3
31592.1
30866.5
30136.7
29419.3
28706.1
27966.6
27371.2
19342.9
2.34237e+06
115186
112807
110377
107641
104678
101470
98071.1
94527.8
90885.1
87191.5
83498.8
79856.7
76295.3
72867.3
69557.5
66426.7
63404.1
60581.9
57873.4
55389.9
53042.5
50955.6
49095.3
47529.1
46314.1
45473.8
45056.3
45036.3
45005.8
44959
45092.6
45432
45843.2
46219.4
46487.4
46666.6
46917.6
47047.5
47080
47078.6
47131.7
47073.3
46947.5
46905.8
46711.4
46486.1
46318.8
46062.5
45751.9
45408.7
45022.8
44608.3
44170.8
43701.1
43197.3
42658.4
42092.5
41501.1
40889.5
40255.1
39602
38926.7
38238
37533.7
36824.2
36104.3
35382.7
34650.9
33919.3
33178.7
32442.5
31700
30967.7
30231.8
29508.4
28790.3
28045.9
27449.9
19446.2
2.30845e+06
114640
112043
109391
106391
103138
99624.5
95918.8
92073.6
88159.1
84214.2
80330.8
76522.8
72862.3
69355.8
66020.7
62857.9
59872
57066.1
54478
52112.6
50004.6
48252.5
46908.4
45894.4
45275.9
44880.5
44792.8
44869.2
45085.9
45382
45700.3
46128.7
46485.4
46855.8
47033.9
47158.9
47352.7
47462.5
47534.7
47502.5
47514.7
47486.1
47331.1
47259.5
47106.2
46858.6
46645.4
46388.3
46076.5
45723.8
45328.1
44896.9
44441.7
43959.1
43445.8
42897.1
42319.5
41714.5
41089.7
40443.2
39780
39096.1
38399.8
37687.6
36969.9
36241.3
35511.6
34772.4
34034.2
33286.5
32543.3
31793.1
31054.4
30313
29585
28863.3
28114.2
27514.4
19550.4
2.30986e+06
114070
111221
108308
105030
101419
97570.9
93516.3
89364
85153
80981.4
76909.4
72968.8
69241.9
65670.5
62353.7
59172
56266.3
53576.9
51157.8
49080.9
47319.1
46007.3
45142.5
44732.8
44792.1
44787.7
44842
45098.8
45562.3
46043.6
46420.2
46736.3
46977.7
47306.4
47466.7
47606.8
47745.9
47821.8
47921.6
47885.4
47857.3
47841.7
47677.1
47567.7
47432.3
47190.7
46940.2
46666.7
46348.9
45990
45588.8
45146.8
44676.3
44178.4
43653.4
43095.8
42508.8
41892
41255.2
40597.6
39925.4
39233.7
38530.5
37811.2
37086.9
36351.2
35614.3
34867.3
34121.4
33366.4
32617.4
31862.6
31120
30373.9
29640.2
28913.7
28157.5
27553.9
19599.3
2.32516e+06
113472
110330
107117
103485
99500.1
95263.1
90845.5
86354.7
81867.3
77468.5
73250
69206.2
65438.8
61854.3
58550.5
55454.7
52667.4
50244.8
48189
46607.9
45581.4
44877.6
44486.9
44482.5
44591.9
44896.2
45284.4
45685.2
46173.2
46573.2
46951
47183.6
47371.1
47669.1
47823.6
47986.1
48094.3
48142.2
48244.4
48228.4
48165.2
48143.7
47997.6
47845.4
47703.1
47475.4
47207
46912.7
46582.9
46217.8
45813.7
45365.2
44882.1
44369.4
43832.1
43265
42669.6
42043.8
41397.7
40730.4
40049.6
39350.6
38641.8
37917.6
37188.5
36446.7
35703.5
34949.6
34197.8
33437.8
32685.4
31927.1
31180.9
30430.4
29691.9
28960.6
28198.6
27592.5
19679.2
2.29455e+06
112840
109358
105773
101745
97334.1
92677.6
87854.1
83042.6
78260.8
73706.2
69335.1
65275.8
61460.3
57942.1
54666.4
51811.8
49312.4
47253.4
45731.6
44664.5
44277.7
44329
44351.7
44491.7
44845.6
45375.3
45888.4
46269.3
46640.3
46954.7
47330
47551.2
47739.2
47990.9
48132.4
48302.4
48403.6
48433.2
48517.6
48522.5
48437
48396.2
48273.5
48093.9
47931.9
47710.6
47436.1
47125.8
46783.3
46409.7
46000.9
45547.7
45056
44530.4
43980
43402.2
42799
42166.4
41512.9
40836.7
40147.4
39441.4
38727.5
37998.6
37264.3
36516.1
35766.2
35005.3
34247.5
33482.3
32726.2
31964.7
31214.7
30460
29718.9
28985.1
28223.9
27617
19689.1
2.29506e+06
112165
108287
104282
99761.7
94881.2
89749.1
84518.6
79376.6
74351.7
69660.7
65215.8
61161.8
57359.1
53981.9
50867.8
48434.3
46548
45144.5
44448.8
43959.9
43963.4
44094.4
44471.5
44934.7
45396.4
45906.5
46329.8
46698.4
46993
47267
47637.7
47858.3
48068.9
48269.8
48396.6
48564.5
48676.2
48702.2
48761.2
48774.3
48681.4
48618
48508.3
48322.5
48135.1
47908.9
47631.9
47312.7
46959.4
46575.2
46158.8
45700.8
45203.4
44668.2
44106.8
43519.1
42909.3
42272.3
41614.2
40931.5
40235.7
39523.6
38805.1
38072.3
37334.1
36580.9
35825.7
35058.6
34295.6
33525.3
32765.4
32000.5
31247.1
30488.1
29745
29009.9
28251.9
27642.1
19706.9
2.30845e+06
111430
107101
102568
97492.7
92081.3
86430.4
80810.8
75342
70145.3
65367.7
60895
56941.8
53181.1
50150.6
47497.1
45589.7
44306.1
43627.8
43702.2
43754.1
43939.6
44350
44924.1
45468.6
45875.2
46280.1
46632.8
47023.3
47302
47561.6
47899.4
48120.8
48350.5
48521.1
48631.3
48789.2
48907.9
48934.9
48970.2
48978.6
48885.5
48809.3
48703.8
48519.6
48312.5
48075.6
47794.7
47470
47108.2
46712.6
46286.4
45822.9
45321.6
44779.9
44208.9
43610.8
42993.2
42350.3
41686.3
40997.3
40295.3
39577.1
38852.7
38113.4
37368.3
36608.5
35846.9
35074.2
34307.1
33533.5
32769.8
32000.4
31244.6
30485.2
29740.4
29001.7
28235.2
27623.9
19730.8
2.28126e+06
110607
105748
100596
94878.8
88878
82684.2
76695.5
70960.8
65646.9
60883.9
56430.9
52681.1
49203.3
46687.7
45071.5
43949.9
43370.5
43266.8
43402.1
43822.7
44347.9
44854.6
45383.2
45837
46217.7
46561.4
46887.4
47296.4
47570.6
47830.9
48123.6
48340.6
48580.9
48745.9
48846.6
48994.6
49109.8
49139.2
49155.8
49155.6
49064
48978.5
48869.3
48686.7
48468.2
48219
47931.4
47603
47236.3
46833.6
46401.5
45936
45434.3
44889.7
44312.3
43705.2
43080
42430.3
41760.1
41063.5
40354.4
39628.8
38898
38151.7
37400.3
36634.4
35868
35091.3
34321.7
33545.5
32778.8
32004.9
31246.6
30487.4
29743.3
29003.1
28230.3
27615.2
19755.4
2.28163e+06
109655
104228
98293.5
91853.8
85174
78480.8
72130
66263.1
60894.4
56256.3
51975.2
48535.1
45876.6
43992.9
43108.7
42936.1
43047.7
43225
43636.7
44236.7
44835.2
45275.9
45693.1
46074.7
46477.3
46809
47129.2
47523.5
47798.5
48071.1
48316.3
48523.7
48769.5
48934.4
49032.8
49171.5
49273.6
49304.4
49309.1
49303.1
49217.3
49123.6
49005.5
48821.3
48595.5
48335.2
48039.8
47706.4
47333.9
46921
46476.7
46000.1
45490.3
44939.4
44355.3
43739.9
43106.2
42449.5
41776.9
41080.9
40372.1
39644.7
38910.3
38160
37405.3
36636.1
35867.6
35090
34320.5
33544.4
32778.4
32004.6
31244.2
30479.6
29730.7
28992.6
28222.6
27611.2
19768.6
2.29384e+06
108532
102413
95578.5
88303.3
80922.8
73756.6
67168.3
61251.1
56027.8
51563.5
47832.1
44985.7
43736
42849.5
42500.8
42607
43024
43585.3
44112.3
44642.7
45143
45553.5
45917.3
46273.3
46700.5
47033
47354.3
47711.9
47988.1
48275.5
48490.6
48687.8
48931.7
49096.6
49201.6
49331.5
49413.2
49443
49444.8
49428.3
49346.1
49250.2
49124.3
48938.9
48712.1
48447.5
48148.2
47811.1
47432.9
47009.4
46552.7
46064.4
45546.6
44990.7
44402.5
43781
43140.1
42476.1
41800.6
41104.9
40397
39668.5
38931.7
38178
37421.1
36649.1
35879.1
35100.4
34331.4
33556.5
32794.4
32023.7
31260.3
30485.9
29729.5
28992.7
28229.9
27627.6
19865
2.27026e+06
107145
100231
92331.1
84153.3
76039.8
68539.4
61830.2
56075.3
51142
47128.7
44392.9
42490.4
42131.4
42191.3
42344.7
42768.7
43369.7
44023.7
44507.7
44921.3
45325.8
45746.7
46108
46464.2
46890.7
47224.9
47553.6
47867
48141.5
48439.1
48641.7
48831.6
49067.8
49229.8
49345.4
49467
49532.6
49555.9
49559.6
49538.4
49461.5
49345.3
49203
49017.6
48790
48521.5
48216.4
47871.7
47487.2
47059.9
46597.9
46101.1
45575.1
45014.3
44424.7
43801.5
43156.7
42486.8
41805
41103.4
40389.9
39655.1
38912.2
38152.8
37391.9
36619.2
35851.1
35074.1
34304.2
33524.8
32755.2
31979.8
31219.4
30455.8
29708.9
28969.6
28202.5
27588.5
19754.1
2.27024e+06
105448
97528.6
88413.7
79259.2
70507.2
62851.3
56247.5
50896.4
46647.6
43479.8
42476.9
41697.5
41730.7
42054.6
42609.6
43189.5
43752.3
44299
44751.4
45120.8
45482.3
45911.8
46285.9
46653.6
47056.4
47388.1
47724.9
48005.8
48275.7
48576.2
48776.6
48965.2
49187.9
49343.6
49467
49581.2
49636.2
49653.1
49650.8
49619.8
49554.6
49444
49293.9
49112
48882.8
48605.4
48290.6
47936.4
47547.9
47120.5
46656.9
46151.9
45617.1
45050.8
44460.1
43835.6
43187.6
42511.9
41822.3
41113.2
40395.1
39655.7
38909.2
38145.9
37383.2
36610.3
35844.6
35068.9
34298.8
33516.8
32744.3
31968.1
31212.8
30459
29721.7
28980.7
28213.6
27586.9
19725.8
2.28135e+06
103248
94127.1
83618.6
73557.3
64335.9
56890.5
50690
45980.7
43038.4
41071
41117
41345.1
41736.7
42305.3
42999.2
43562.9
44028.1
44467.6
44917.6
45286.4
45635.8
46064.1
46450.1
46829.7
47196.1
47524.9
47866.4
48127.1
48391.9
48687.4
48891.4
49084
49290.9
49439.2
49568.9
49678.6
49727.2
49738.2
49725.6
49698.5
49617.8
49496.5
49340.6
49140.1
48902.6
48623.5
48302.4
47940.4
47543.9
47107.4
46633
46119.4
45579.9
45012.5
44421.7
43797.2
43149.1
42474.2
41786.7
41078.8
40360.6
39618.9
38868.5
38101.3
37335.4
36559.3
35789.3
35008.3
34232.9
33448.4
32675.4
31898.3
31137.9
30374.4
29623.9
28878.9
28109.5
27494.8
19694.7
2.26051e+06
100361
89728.5
77766.9
66969.6
57725.5
50899.4
45823.3
42134.7
41177.5
40590.9
40835.3
41340.1
42047.1
42736.6
43349.2
43842.6
44226.9
44592.2
45027.7
45421.5
45791.7
46214.2
46603
46984.5
47312.8
47635.1
47972.7
48228.2
48491.6
48772.6
48988.9
49189.3
49371.3
49509.1
49640.4
49741.4
49786.6
49796.8
49783.1
49748.8
49667.3
49543.6
49377.9
49173.9
48939.2
48657.3
48330.4
47964.9
47567.4
47128.8
46650.3
46131.4
45587.5
45015.9
44421.9
43794.6
43144.5
42466.1
41775.4
41062.1
40339.1
39592.8
38839.5
38069.7
37303
36526.2
35755.9
34973.4
34197.6
33412.8
32640.6
31863.8
31103.8
30340.9
29590.7
28846.4
28075.6
27461.3
19683.3
2.26067e+06
96588.1
84122.1
70607.8
59804.8
51201.9
45193.7
41891.7
39897.7
40150.4
40585.4
41174.4
41834.8
42494.4
43044.8
43504.4
43953.7
44322.3
44676.3
45112.1
45541.4
45944.6
46342.9
46715.3
47085.4
47394.3
47714.5
48044.2
48304.9
48572
48834.3
49053.7
49257.9
49422.7
49559.2
49695.1
49792.4
49840.8
49849.4
49833.8
49787
49700.3
49571.6
49406.2
49199.2
48950.7
48658
48324.7
47953.3
47549.8
47106.1
46625.6
46107.7
45566.1
44995.3
44402.1
43776.2
43127.9
42449.5
41757.3
41040.2
40313.4
39563.7
38809
38037.3
37269.4
36490.4
35717.6
34932.5
34156.4
33371.9
32601
31824.9
31064.7
30300.4
29549.3
28806.3
28035.5
27424.2
19630.4
2.2705e+06
91592.8
76951.1
62510.7
52444.4
46015.2
41166.4
39841.8
39598.8
39871.3
40599.7
41589.4
42258.3
42725
43132.1
43514.8
43956.4
44378.9
44775.6
45217.9
45654.3
46053.6
46403
46760.6
47130.8
47444.6
47774.1
48095.3
48366.9
48636.7
48884.3
49110.7
49317
49474.5
49609.8
49738.1
49829
49870.7
49878.3
49862.6
49814.6
49726.9
49602.1
49436.3
49225.3
48976.9
48686.4
48352.7
47976.6
47566.7
47116.2
46630.4
46106.3
45557.5
44978.3
44379.8
43751.2
43103.1
42423.8
41730.3
41009.8
40280.6
39529.1
38774.7
38002.8
37235.3
36454.9
35680.8
34894.3
34118.8
33334.8
32565
31788.7
31028
30262.2
29511.6
28769.4
27999.1
27387.3
19608
2.25231e+06
84871.5
68074.2
54180.9
45608.9
41218.4
39006.7
39044.5
39477.2
40520.5
41314.9
41937.3
42430.3
42805
43185
43611.3
44083.5
44537.7
44957.4
45370.2
45782.8
46183.4
46523.5
46883.1
47243.9
47558.6
47883.4
48181.3
48459.5
48731.4
48959.5
49181.5
49392.1
49540.6
49669.1
49788.6
49871.1
49927
49928.4
49895
49833.2
49734.6
49595.2
49417.3
49197.6
48939.8
48642.4
48307.6
47932.7
47524.4
47079
46603.4
46090.2
45549
44973
44376.2
43748.5
43101.7
42422.3
41726.8
41002.6
40270.8
39517.8
38764
37991.9
37224
36441
35665.1
34877.9
34103.1
33319.3
32550.1
31773.4
31012.1
30245.8
29495.3
28754
27985.7
27373.5
19583
2.25183e+06
75774.3
58549.8
47888.6
41806.6
38930.8
38636.5
39332
40268.3
40921.2
41497.2
41910.1
42296.4
42710
43131.5
43572.9
44017.3
44466.7
44911.1
45311.7
45719.3
46133.7
46496.8
46856.9
47198.5
47527.1
47851
48142.2
48440.6
48717.7
48942.4
49166.4
49379.8
49530
49658.7
49773.9
49862.4
49913
49938.2
49907.8
49845.2
49750.3
49617.8
49443.3
49222.4
48961.4
48663.9
48331.4
47956.1
47543.7
47094
46616.7
46102.6
45560.9
44986.2
44392.1
43767.6
43124.4
42448.9
41755.3
41032.4
40301.4
39550.6
38799.3
38030.4
37263.1
36478.5
35700.3
34913
34137.2
33353.5
32583
31805.6
31042.2
30275
29522.4
28782.6
28016.2
27403.4
19576.7
2.26037e+06
54669.2
36907.3
33198.7
34022.7
36378.2
38823.5
40307.7
41267.1
41566.8
41766.8
42000.5
42393.3
42890.5
43371.1
43790
44193.9
44643.8
45121.2
45501.5
45892.9
46307.2
46668.2
47021.3
47336.9
47665.3
47987.1
48257.9
48561.7
48839.3
49033.9
49255.3
49470.1
49613.5
49730.9
49828.4
49905.9
49961.7
49953
49917.5
49845.2
49735.1
49591.6
49413.2
49185
48912.3
48605.6
48269.3
47886.6
47462.8
46996.8
46506.9
45980.5
45427.5
44835.6
44228.9
43593.3
42945.6
42261.1
41561.2
40828
40093.4
39336.4
38585.1
37810.6
37042
36253.1
35479
34691.1
33921.4
33137.9
32373.5
31596.4
30839.1
30073.2
29327.6
28588.6
27823.8
27213.9
19447.7
2.24007e+06
)
;

boundaryField
{
    inlet
    {
        type            fixedValue;
        value           uniform 200000;
    }
    outlet
    {
        type            fixedValue;
        value           uniform 9000;
    }
    axis
    {
        type            symmetryPlane;
    }
    wall
    {
        type            zeroGradient;
    }
    frontAndBack
    {
        type            empty;
    }
}


// ************************************************************************* //
