/*--------------------------------*- C++ -*----------------------------------*\
  =========                 |
  \\      /  F ield         | OpenFOAM: The Open Source CFD Toolbox
   \\    /   O peration     | Website:  https://openfoam.org
    \\  /    A nd           | Version:  13
     \\/     M anipulation  |
\*---------------------------------------------------------------------------*/
FoamFile
{
    format      ascii;
    class       volScalarField;
    location    "1";
    object      rho;
}
// * * * * * * * * * * * * * * * * * * * * * * * * * * * * * * * * * * * * * //

dimensions      [1 -3 0 0 0 0 0];

internalField   nonuniform List<scalar> 
2016
(
944.166
595.328
8.25443
33.067
864.949
157.016
8.25443
8.51432
672.635
8.57202
8.40435
8.57202
564.056
9.22804
8.57202
17.6278
551.417
35.0279
22.3601
39.7017
472.764
50.921
44.7914
18.9276
377.166
48.1907
33.2817
27.2297
508.616
46.7733
11.7637
5.21049
926.638
100.431
18.1822
1.38911
995.757
364.065
13.4011
8.7726
996.024
925.574
122.826
11.6817
996.024
996.022
267.736
7.90548
996.024
996.023
440.764
4.21791
996.024
996.021
752.478
22.2895
996.021
994.712
990.59
226.277
996.007
995.997
995.807
847.259
995.997
995.921
995.848
995.192
811.109
991.195
995.522
995.315
754.135
878.626
995.315
988.986
365.831
410.059
824.073
971.977
350.917
350.767
387.176
873.075
377.464
350.767
350.767
887.337
411.404
375.887
360.339
495.512
759.216
784.345
973.226
953.109
759.216
992.981
995.995
994.972
864.539
996.879
996.503
992.049
996.489
997.672
966.243
592.736
998.048
997.855
771.947
98.8528
998.061
998.048
324.704
19.0982
998.061
967.817
134.809
16.6891
998.061
786.536
79.4626
13.6239
998.061
587.953
31.558
10.6871
997.691
242.078
10.6954
9.38401
899.987
80.4016
9.82583
9.06751
571.951
39.2436
9.12003
9.16203
401.566
28.0796
10.0985
9.68847
347.725
28.0084
28.5678
56.6207
344.385
30.4794
46.4412
56.6115
445.721
34.7241
43.771
56.6213
721.53
36.9722
38.6927
56.0405
916.42
151.053
33.1314
7.22861
992.395
895.005
402.701
7.67175
43.5137
43.5137
43.5137
42.8408
41.8069
24.3827
2.26444
1.13977
1.0531
1.03784
1.08771
1.10572
1.10576
1.10576
1.09701
1.07792
1.08524
1.08525
1.08477
1.08464
1.07814
1.0149
1.00564
1.00902
1.07474
1.07566
1.05289
1.00021
1
1
1
1
1
1
1
1
1
1
1
1
1
1
31.2279
29.6933
4.25384
1.15894
1.17475
2.6683
3.70059
1.75427
1.04443
1.03005
1.02497
1.02715
1.01782
1.01024
1.00359
1.00397
1.00547
1.00287
1
1
1
1.00223
1.00636
1.00876
1.00853
1.00636
1.00136
1
1
1
1
1
1
1
1
1
1
1
1
1
1
1
15.3569
7.15916
1.01068
1.00688
1.07272
1.55396
1.76324
1.27684
1.0403
1.01201
1.00094
1.00015
1.00003
1.00002
1.00001
1.00001
1
1
1
1
1
1
1.00001
1.00002
1
1
1
1
1
1
1
1
1
1
1
1
1
1
1
1
1
1
34.6003
5.89274
1.00495
1.00512
1.02572
1.02065
1.01152
1.00607
1.00363
1.00093
1.00017
1.00003
1.00001
1.00001
1
1
1
1
1
1
1
1
1
1
1
1
1
1
1
1
1
1
1
1
1
1
1
1
1
1
1
1
24.418
1.00491
1.00484
1.00496
1.00574
1.0055
1.00584
1.00503
1.00338
1.00325
1.00078
1.00199
1.00002
1
1
1
1
1
1
1
1
1
1
1
1
1
1
1
1
1
1
1
1
1
1
1
1
1
1
1
1
1
1.00837
1.00487
1.00865
1.00506
1.00506
1.00506
1.00545
1.00837
1.02778
2.43071
4.60177
3.75395
1.26232
1
1
1
1
1
1
1
1
1
1
1
1
1
1
1
1
1
1
1
1
1
1
1
1
1
1
1
1
1
5.18616
1.024
1.17777
6.10226
13.2893
11.0835
2.24264
1.01988
2.59611
9.64233
9.66609
9.51624
2.55227
1
1
1
1
1
1
1
1
1
1
1
1
1
1
1
1
1
1
1
1
1
1
1
1
1
1
1
1
1
3.78917
13.4167
13.4451
13.4697
13.4401
13.3032
9.71797
1.26388
4.75175
9.66609
9.66609
9.66609
9.55335
3.80526
1
1
1
1
1
1
1
1
1
1
1
1
1
1
1
1
1
1
1
1
1
1
1
1
1
1
1
1
1.27212
3.28616
3.808
2.27667
1.63822
1.66996
1.59507
1.22719
4.74865
9.59038
9.65625
9.53699
9.33164
9.12829
7.33948
1.30871
1
1
1
1
1
1
1
1
1
1
1
1
1
1
1
1
1
1
1
1
1
1
1
1
1
1
1.08836
1.01167
1.00218
1.00018
1.00012
1.00379
1.01205
1.0183
1.01959
1.00112
1.00997
1.49886
7.74241
9.00146
8.91999
8.95883
3.74904
1
1
1
1
1
1
1
1
1
1
1
1
1
1
1
1
1
1
1
1
1
1
1
1
1
1.72131
1.00195
1.00015
1.00012
1.0001
1.00008
1.00009
1.00003
1.00004
1.00007
1.00038
1.00307
1.15504
6.22248
8.95883
8.96482
8.97081
5.92228
1
1
1
1
1
1
1
1
1
1
1
1
1
1
1
1
1
1
1
1
1
1
1
1
1.18992
1.00294
1.00041
1.00009
1.00004
1.00003
1.00003
1.00003
1.00003
1.00002
1.00004
1.00042
1.00078
1.00882
2.42688
8.77746
8.97081
9.00289
7.26435
1.00096
1
1
1
1
1
1
1
1
1
1
1
1
1
1
1
1
1
1
1
1
1
1
1.07634
1.04029
31.5102
104.252
29.8163
1.22649
1.46604
1.02867
1.00002
1.00002
1.00002
1.00003
1.00016
1.00023
1.00158
1.04515
6.04563
9.03852
9.04661
7.45024
1.00061
1
1
1
1
1
1
1
1
1
1
1
1
1
1
1
1
1
1
1
1
1
1.9829
3.96662
389.281
897.126
848.915
377.152
5.54795
1.86208
1.0884
1.00002
1.00002
1.00002
1.00002
1.00005
1.00023
1.0007
1.0087
3.20905
9.05116
9.07327
6.82707
1.00005
1
1
1
1
1
1
1
1
1
1
1
1
1
1
1
1
1
1
1
1
224.456
606.106
947.628
949.471
949.471
698.527
54.106
1.51808
1.0013
1.00002
1.00002
1.00009
1.00029
1.00021
1.00026
1.00037
1.00065
1.00537
1.82421
9.10094
11.4279
4.61525
1.00002
1
1
1
1
1
1
1
1
1
1
1
1
1
1
1
1
1
1
1
905.742
993.795
881.404
447.046
596.483
511.567
49.9827
3.45056
1.17435
1.00004
1.00002
1.00003
1.00087
1.00214
1.00128
1.00066
1.00085
1.00096
1.00667
3.48905
11.7781
11.8346
1.58959
1.00002
1.00001
1.00008
1.00003
1
1
1
1
1
1
1
1
1
1
1
1
1
1
1
994.484
994.81
847.776
193.252
52.5952
161.074
49.9388
3.42753
1.18208
1.00036
1.00004
1.00008
1.00009
1.00334
1.01001
1.00533
1.00085
1.00085
1.00094
1.50216
10.0742
12.1486
11.0874
1.0916
1.03167
1.00562
1.00106
1.00019
1.00001
1
1
1
1
1
1
1
1
1
1
1
1
1
995.075
994.754
940.524
332.81
33.681
20.1849
42.8316
5.89967
1.03811
1.00271
1.00023
1.00014
1.00018
1.00026
1.00687
1.02575
1.00717
1.00089
1.01224
1.01305
1.96642
10.1987
12.5887
12.5887
4.35683
1.47617
1.79641
1.00057
1.00015
1.00002
1
1
1
1
1
1
1
1
1
1
1
1
989.707
994.823
994.847
745.293
104.616
12.8897
10.7519
5.40196
1.11162
1.01818
1.00169
1.0015
1.00049
1.00043
1.003
1.03184
1.01528
1.00095
1.00618
1.05629
1.09591
1.52375
3.395
3.28477
6.54157
6.56787
5.57237
1.00773
1.00287
1.00062
1.00002
1
1
1
1
1
1
1
1
1
1
1
993.225
994.847
994.877
994.868
562.344
28.2133
3.06683
1.66776
1.23
1.06205
1.0146
1.00487
1.01019
1.02715
1.06326
1.07628
1.033
1.00179
1.00339
1.01058
1.07778
1.20449
1.21168
1.16113
1.11009
2.66711
5.33039
4.12682
1.61017
1.00255
1.00042
1.00001
1
1
1
1
1
1
1
1
1
1
994.748
994.877
994.883
994.883
976.833
495.121
11.6046
2.41139
1.56238
1.2047
1.05167
1.04703
1.05128
1.1296
1.28416
1.1124
1.02402
1.00632
1.00429
1.00641
1.0148
1.01718
1.17838
1.13832
1.10834
1.10297
1.16568
3.339
3.50096
1.85732
1.00515
1.00059
1
1
1
1
1
1
1
1
1
1
994.838
994.882
994.884
994.883
994.884
964.744
643.907
98.7615
2.856
1.43623
1.18241
1.2004
2.43732
1.63447
3.65304
5.45503
1.9404
1.03281
1.01092
1.00832
1.01657
1.02313
1.02998
1.11266
1.18065
1.09978
1.08827
1.08423
2.81859
2.79153
1.30048
1.00585
1.00013
1
1
1
1
1
1
1
1
1
714.44
736.193
706.235
815.018
982.183
989.362
989.286
665
103.046
3.45574
1.61071
23.9259
178.155
214.703
86.0106
3.17383
1.14829
1.05661
1.02291
1.01881
1.02352
1.02431
1.02491
1.09587
1.18153
1.17813
1.08304
1.0777
1.25312
2.28423
1.58758
1.008
1.00021
1.00001
1
1
1
1
1
1
1
1
529.775
527.478
526.136
527.112
804.162
988.219
989.086
957.647
743.127
683.875
749.028
776.271
776.271
734.165
284.246
77.5157
92.2912
104.416
60.8573
6.54262
1.10856
1.05227
1.0279
1.04676
1.15374
1.32333
1.24568
1.07716
1.06037
1.11921
1.13013
1.05459
1.00011
1
1
1
1
1
1
1
1
1
841.745
888.869
938.153
930.606
811.625
802.023
801.73
802.023
838.788
872.34
856.924
767.972
428.559
151.887
315.302
653.882
660.833
660.039
297.337
5.67386
1.63911
1.14225
1.06267
1.06526
1.07512
1.33042
1.39759
1.27415
1.05039
1.03893
1.038
1.02102
1.00015
1
1
1
1
1
1
1
1
1
996.243
996.369
996.378
996.378
995.925
969.932
892.849
893.715
910.663
910.354
286.944
2.70168
2.22974
2.18246
2.18216
45.0267
540.119
660.833
469.069
34.3637
1.9237
1.23868
1.0941
1.05861
1.07793
1.28234
1.40986
1.41198
1.16607
1.03915
1.03591
1.035
1.00479
1.00001
1
1
1
1
1
1
1
1
995.806
996.319
996.376
996.38
996.376
996.37
996.087
829.361
439.122
228.035
58.7003
5.45402
2.72097
2.2195
2.18106
2.25725
44.6831
621.74
410.44
23.7087
2.00762
1.23172
1.06406
1.04282
1.09272
1.40269
1.41311
1.41066
1.2121
1.04954
1.08401
1.08369
1.00296
1
1
1
1
1
1
1
1
1
994.215
979.913
989.537
996.376
996.37
722.589
361.191
126.989
11.2907
10.2528
10.2384
11.5898
6.29306
2.504
2.27966
2.27366
6.50586
526.301
334.734
13.1799
1.71097
1.09249
1.04035
1.0381
1.30187
1.40943
1.41127
1.38442
1.18372
1.25988
1.62114
1.07922
1.00027
1.00001
1
1
1
1
1
1
1
1
703.809
969.007
989.493
814.909
520.836
66.1126
12.0392
11.9811
11.6968
11.2912
10.9911
16.1869
15.5993
4.69787
2.39326
2.30564
21.0216
323.099
176.274
3.34401
1.17971
1.04234
1.03803
1.03734
1.25436
1.4011
1.40934
1.12699
1.16137
3.20609
1.86863
1.0112
1.00035
1.00001
1
1
1
1
1
1
1
1
251.49
905.935
989.185
762.88
141.972
14.2423
12.9059
11.9823
15.2237
18.8382
18.2992
17.5368
13.7731
3.14586
2.32231
2.2871
11.7759
25.3752
38.6565
13.2027
1.13119
1.04237
1.03732
1.03681
1.05142
1.35417
1.12721
1.12001
2.81559
3.24547
1.66055
1.00671
1.00019
1
1
1
1
1
1
1
1
1
143.246
834.459
987.786
722.586
81.9494
18.198
14.2217
25.1344
26.8357
19.1912
7.34583
1.6178
3.03514
4.52068
2.5805
2.28159
2.64966
2.08813
2.22121
6.13433
2.81285
1.05246
1.03717
1.03608
1.03636
1.04353
1.05844
1.76122
3.49683
3.02025
1.16798
1.00354
1.00002
1
1
1
1
1
1.00002
1.00006
1.00002
1
188.225
830.271
951.423
461.264
30.3226
23.5041
63.1743
61.5723
13.3106
1.39974
1.13041
1.07206
1.06097
1.89649
2.59864
2.50599
2.00774
1.35723
1.1449
1.20448
1.18996
1.05815
1.03591
1.03589
1.03608
1.03635
1.36136
3.49166
3.49166
1.45817
1.01122
1.00033
1
1
1.0002
1.00389
1.00518
1.00332
1
1
1
1
459.755
846.908
684.939
79.6907
31.5426
87.2504
85.7622
15.5576
1.43642
1.14006
1.07296
1.06053
1.05914
1.06111
2.13741
2.42833
2.103
1.16729
1.06008
1.03985
1.03632
1.0359
1.03589
1.0359
1.03592
1.28413
3.41469
3.47512
2.7443
1.00332
1.0001
1.00001
1
1
1.00022
1.0047
1.00526
1.00307
1
1
1
1
473.35
786.393
248.983
35.7966
33.1652
186.744
89.4901
1.68206
1.22915
1.07853
1.06062
1.05914
1.05914
1.05925
1.10105
1.88151
1.73964
1.25226
1.06583
1.03703
1.03612
1.03616
1.0359
1.03597
2.12352
3.42858
3.4414
3.4534
1.08009
1.00036
1.00004
1
1
1
1.00004
1.00046
1.00129
1.00437
1.00584
1.00457
1
1
453.618
613.404
193.014
39.7826
142.664
186.744
52.3589
1.97805
1.14986
1.06505
1.06058
1.05999
1.05914
1.12342
1.61437
1.34483
1.30309
1.14836
1.04591
1.04236
1.03703
1.75509
2.51573
3.14833
3.40313
3.41626
3.4294
1.55408
1.00105
1.00006
1.00001
1
1
1
1.00002
1.00006
1.00061
1.03565
1.00607
1.00111
1
1
269.381
577.503
381.265
169.532
181.99
186.659
32.2586
1.97295
1.19018
1.07034
1.06295
1.1078
1.2468
2.49653
2.50203
2.13428
1.13468
1.10392
1.0555
2.18588
3.26421
3.3925
3.37681
3.35672
3.36585
3.21553
1.45562
1.003
1.00027
1.00001
1.00001
1
1
1
1.00046
1.0006
1.11068
1.00357
1.00165
1.00099
1.00011
1
68.2203
170.062
73.4482
171.917
184.533
98.07
5.87133
2.91149
2.37077
2.45511
6.11555
6.58952
5.03178
1.45934
1.4209
1.29802
1.15664
2.32419
3.37463
3.38917
3.39257
3.39257
3.39209
3.29456
2.04795
1.21607
1.00415
1.00051
1.00003
1.00001
1.00001
1
1
1.01
1.00197
1.49727
1.93335
1.00229
1.00157
1.00083
1.00017
1.00997
10.8153
12.6885
12.9949
29.3684
51.811
9.43297
5.92165
5.58871
10.2998
11.3431
10.8264
4.99052
1.44541
1.48922
1.44958
1.6012
3.34987
3.38588
3.38588
3.38588
3.38917
2.34876
1.68842
1.23755
1.03518
1.00401
1.00046
1.00004
1.00001
1
1
1
1
1.02536
1.08366
2.04447
2.06685
1.89097
1.46793
1.70781
2.01726
1.44924
19.0363
14.2734
27.7786
12.1272
6.71974
6.71974
6.57844
11.4915
11.8598
11.8598
5.17737
1.41214
1.4194
1.44714
1.62275
3.35017
3.37488
3.38208
3.38588
2.75772
1.32152
1.3171
1.36368
1.4029
1.35235
1.09981
1.00006
1.00001
1
1
1
1
1
1.00001
1.45249
2.06685
2.07495
2.08718
2.09578
2.10263
2.10404
1.76641
44.661
8.08292
7.75715
7.39638
7.14015
6.9017
14.7298
14.0056
8.97334
1.5643
1.40106
1.39696
1.40313
1.42329
1.47534
1.80948
3.43834
2.0306
1.2786
1.24755
1.24863
1.30223
1.59913
1.59913
1.59913
1.59669
1.5039
1.21862
1.12085
1.03395
1.00085
1.00002
1
1.00001
1.1142
1.93282
2.08428
2.09569
2.10263
2.10475
2.10377
1.70574
46.5702
8.4686
8.0841
8.66317
15.8561
15.9504
16.0299
9.83321
1.45654
1.39342
1.39052
1.38996
1.39171
1.40193
1.44442
2.38967
3.63168
1.26054
1.24756
1.24756
1.24753
1.24754
1.25223
1.40891
1.36735
1.27291
1.29852
1.29959
1.20559
1.06743
1.00112
1.0002
1.01476
1.00412
1.00435
1.08022
1.35957
1.41454
1.62062
2.09638
2.09469
1.36097
37.2613
19.4391
42.731
23.8705
10.34
10.8945
16.0267
15.1084
1.44358
1.39079
1.39003
1.38959
1.38978
1.39087
1.39582
2.17202
4.18547
1.93484
1.36241
1.24753
1.24753
1.38463
1.33946
1.23493
1.22245
1.21466
1.21009
1.20818
1.21008
1.1455
1.06954
1.03724
1.00585
1.00431
1.00595
1.01023
1.0225
1.05402
1.1048
1.12605
1.19719
1.21215
6.22363
30.2264
64.1269
62.5283
9.38598
9.02502
13.2735
17.7074
18.0985
14.6715
2.59857
1.38971
1.38976
1.39007
1.39178
3.16374
7.55655
2.42796
1.27036
1.24756
1.35848
2.0203
2.05129
1.56943
1.38574
1.86212
3.24151
2.68936
1.24308
1.1512
2.22043
3.33195
3.31976
2.65643
1.32923
1.06521
1.32188
2.80236
3.18281
2.72619
1.48507
1.21848
5.33857
5.33857
8.78095
70.613
50.6063
9.07039
9.02488
11.2774
18.0897
18.102
17.9953
17.2035
15.6543
12.7302
12.4483
13.8549
13.7139
5.11038
1.25548
1.25031
1.25416
1.26339
2.50422
3.22271
3.26728
3.2914
3.2914
3.2914
3.21566
3.25862
3.33195
3.33553
3.33553
3.33553
3.32547
3.2579
3.203
3.19149
3.1912
3.1912
3.18698
2.78511
)
;

boundaryField
{
    leftWall
    {
        type            calculated;
        value           nonuniform List<scalar> 
46
(
944.166
595.328
8.25443
33.067
43.5137
43.5137
43.5137
42.8408
41.8069
24.3827
2.26444
1.13977
1.0531
1.03784
1.08771
1.10572
1.10576
1.10576
1.09701
1.07792
1.08524
1.08525
1.08477
1.08464
1.07814
1.0149
1.00564
1.00902
1.07474
1.07566
1.05289
1.00021
1
1
1
1
1
1
1
1
1
1
1
1
1
1
)
;
    }
    rightWall
    {
        type            calculated;
        value           nonuniform List<scalar> 
46
(
992.395
895.005
402.701
7.67175
5.33857
5.33857
8.78095
70.613
50.6063
9.07039
9.02488
11.2774
18.0897
18.102
17.9953
17.2035
15.6543
12.7302
12.4483
13.8549
13.7139
5.11038
1.25548
1.25031
1.25416
1.26339
2.50422
3.22271
3.26728
3.2914
3.2914
3.2914
3.21566
3.25862
3.33195
3.33553
3.33553
3.33553
3.32547
3.2579
3.203
3.19149
3.1912
3.1912
3.18698
2.78511
)
;
    }
    lowerWall
    {
        type            calculated;
        value           nonuniform List<scalar> 
52
(
759.216
784.345
973.226
953.109
759.216
759.216
864.539
996.489
998.048
998.061
998.061
998.061
998.061
997.691
899.987
571.951
401.566
347.725
344.385
445.721
721.53
916.42
992.395
411.404
375.887
360.339
495.512
944.166
864.949
672.635
564.056
551.417
472.764
377.166
508.616
926.638
995.757
996.024
996.024
996.024
996.024
996.021
996.007
995.997
811.109
754.135
365.831
350.917
377.464
411.404
529.775
841.745
)
;
    }
    atmosphere
    {
        type            calculated;
        value           nonuniform List<scalar> 
44
(
1
1
1
1
1
1
1
1
1
1
1
1
1
1
1
1
1
1
1
1
1
1
1
1
1
1
1
1
1
1
1
1
1
1
1
1
1
1
1.76641
1.70574
1.36097
1.21215
1.21848
2.78511
)
;
    }
    frontAndBack
    {
        type            empty;
    }
}


// ************************************************************************* //
