/*--------------------------------*- C++ -*----------------------------------*\
  =========                 |
  \\      /  F ield         | OpenFOAM: The Open Source CFD Toolbox
   \\    /   O peration     | Website:  https://openfoam.org
    \\  /    A nd           | Version:  13
     \\/     M anipulation  |
\*---------------------------------------------------------------------------*/
FoamFile
{
    format      ascii;
    class       volScalarField;
    location    "0.0025";
    object      p;
}
// * * * * * * * * * * * * * * * * * * * * * * * * * * * * * * * * * * * * * //

dimensions      [1 -1 -2 0 0 0 0];

internalField   nonuniform List<scalar> 
8000
(
200424
200096
200227
200407
200647
200959
201291
201681
202079
202469
202834
203164
203459
203723
203956
204181
204401
204602
204776
204913
205011
205070
205099
205109
205122
205135
205148
205150
205128
205071
204974
204842
204684
204512
204338
204164
203990
203808
203609
203384
203125
202832
202510
202165
201806
201441
201071
200698
200315
199918
199500
199055
198581
198077
197546
196993
196423
195840
195248
194648
194038
193415
192776
192116
191432
190723
189987
189225
188439
187631
186805
185964
185108
184239
183357
182459
181545
180611
179657
178678
177674
176641
175579
174486
173362
172207
171020
169800
168547
167259
165936
164575
163175
161735
160252
158724
157148
155522
153847
152120
150341
148509
146624
144689
142698
140649
138542
136378
134165
131894
129576
127185
124738
122179
119534
116702
113732
110451
106965
103003
200429
200095
200227
200407
200648
200961
201292
201682
202080
202470
202835
203167
203463
203727
203962
204187
204406
204607
204780
204917
205015
205074
205103
205114
205126
205139
205150
205151
205128
205071
204974
204842
204684
204514
204339
204165
203990
203808
203608
203382
203124
202831
202510
202166
201808
201443
201073
200699
200317
199919
199501
199056
198582
198078
197548
196996
196427
195845
195254
194654
194044
193421
192782
192122
191439
190730
189995
189233
188448
187641
186816
185974
185119
184250
183367
182469
181555
180620
179665
178685
177680
176646
175583
174490
173365
172210
171022
169802
168549
167261
165937
164576
163176
161736
160253
158725
157149
155524
153849
152123
150345
148513
146629
144695
142704
140655
138549
136385
134172
131901
129582
127192
124744
122186
119539
116706
113732
110446
106950
102976
200440
200095
200228
200408
200650
200962
201297
201684
202082
202472
202839
203172
203469
203733
203971
204197
204415
204615
204786
204923
205020
205080
205109
205121
205132
205144
205154
205153
205129
205070
204973
204842
204686
204516
204342
204168
203993
203809
203609
203382
203123
202831
202511
202168
201811
201446
201077
200703
200320
199922
199503
199058
198584
198081
197553
197002
196434
195853
195263
194664
194054
193431
192792
192132
191449
190741
190006
189246
188461
187656
186831
185991
185135
184267
183384
182485
181569
180634
179677
178697
177690
176655
175591
174497
173372
172215
171027
169807
168553
167264
165940
164579
163180
161739
160257
158728
157153
155529
153855
152129
150352
148521
146638
144704
142715
140666
138560
136396
134183
131912
129594
127204
124755
122197
119547
116713
113733
110438
106924
102929
200456
200094
200230
200410
200655
200962
201303
201687
202085
202476
202844
203179
203477
203742
203983
204210
204427
204625
204795
204930
205028
205088
205118
205131
205141
205152
205160
205156
205129
205069
204973
204843
204688
204520
204347
204172
203995
203810
203608
203380
203122
202831
202511
202170
201815
201451
201082
200708
200324
199925
199505
199060
198587
198085
197558
197009
196443
195864
195275
194677
194068
193445
192806
192146
191463
190756
190022
189263
188480
187676
186853
186013
185159
184290
183407
182507
181590
180653
179695
178713
177704
176668
175602
174507
173380
172223
171033
169812
168558
167269
165944
164583
163183
161743
160260
158732
157158
155534
153861
152137
150361
148531
146650
144717
142729
140680
138575
136412
134199
131928
129609
127220
124770
122211
119559
116722
113732
110426
106888
102861
200475
200093
200233
200414
200660
200966
201309
201692
202089
202480
202850
203187
203487
203754
203998
204226
204441
204637
204805
204939
205036
205097
205128
205143
205153
205161
205167
205160
205131
205070
204973
204845
204692
204525
204353
204178
204000
203813
203608
203379
203120
202831
202513
202174
201821
201458
201090
200714
200329
199929
199509
199063
198591
198091
197566
197019
196456
195879
195291
194694
194085
193462
192823
192163
191481
190774
190042
189285
188504
187701
186880
186042
185188
184319
183435
182535
181616
180677
179717
178732
177722
176683
175616
174519
173391
172232
171042
169819
168564
167275
165950
164588
163188
161747
160265
158738
157164
155542
153870
152147
150373
148545
146665
144734
142746
140699
138594
136432
134219
131949
129629
127240
124789
122230
119574
116733
113733
110412
106843
102774
200497
200093
200237
200419
200666
200971
201314
201696
202094
202485
202857
203196
203498
203768
204015
204243
204456
204649
204815
204948
205045
205107
205140
205157
205166
205173
205176
205166
205133
205071
204974
204848
204697
204532
204360
204185
204005
203816
203609
203379
203120
202831
202516
202179
201828
201467
201098
200723
200336
199935
199513
199068
198596
198098
197575
197031
196471
195896
195310
194714
194105
193483
192843
192184
191502
190796
190065
189310
188531
187731
186911
186075
185222
184353
183468
182566
181646
180705
179742
178755
177742
176701
175632
174533
173403
172243
171052
169828
168572
167282
165956
164594
163194
161753
160271
158744
157171
155550
153880
152159
150386
148560
146682
144753
142767
140721
138616
136455
134242
131973
129653
127264
124811
122252
119591
116748
113734
110395
106791
102670
200521
200091
200241
200425
200673
200978
201321
201701
202099
202491
202864
203205
203511
203784
204033
204261
204473
204663
204826
204958
205055
205118
205154
205173
205181
205187
205186
205173
205137
205073
204977
204852
204704
204541
204370
204194
204013
203821
203611
203379
203120
202832
202519
202186
201837
201477
201109
200733
200345
199942
199520
199074
198603
198106
197586
197046
196488
195916
195332
194736
194128
193506
192866
192207
191526
190820
190091
189338
188561
187763
186946
186111
185259
184390
183505
182602
181679
180736
179771
178781
177765
176722
175650
174549
173418
172256
171063
169838
168581
167290
165964
164602
163201
161760
160278
158752
157180
155561
153892
152173
150402
148579
146702
144775
142791
140746
138642
136482
134269
132000
129680
127292
124837
122278
119612
116764
113736
110378
106733
102552
200547
200090
200246
200432
200681
200985
201329
201707
202104
202497
202871
203214
203523
203800
204051
204280
204489
204677
204838
204968
205065
205130
205169
205190
205198
205202
205199
205181
205142
205076
204981
204857
204712
204552
204382
204205
204022
203827
203615
203381
203121
202835
202524
202194
201847
201489
201122
200745
200356
199951
199527
199081
198611
198117
197599
197062
196507
195938
195356
194762
194154
193532
192892
192232
191551
190847
190119
189368
188594
187798
186983
186150
185299
184430
183544
182640
181715
180770
179801
178809
177790
176744
175669
174566
173433
172270
171076
169850
168592
167300
165973
164610
163209
161769
160287
158761
157191
155573
153906
152188
150420
148599
146724
144800
142817
140773
138671
136511
134299
132030
129709
127322
124866
122307
119636
116783
113740
110360
106670
102420
200573
200088
200252
200439
200689
200993
201337
201714
202109
202502
202878
203224
203536
203816
204069
204298
204506
204692
204849
204978
205076
205142
205184
205207
205217
205219
205212
205191
205148
205081
204985
204864
204722
204564
204395
204218
204032
203835
203620
203384
203123
202839
202531
202203
201859
201503
201136
200758
200368
199962
199537
199090
198621
198128
197614
197080
196529
195963
195383
194789
194182
193559
192919
192260
191579
190875
190149
189400
188628
187835
187023
186191
185341
184472
183586
182679
181753
180805
179834
178838
177816
176767
175690
174585
173450
172285
171090
169863
168603
167311
165984
164620
163219
161778
160296
158772
157202
155586
153921
152206
150440
148621
146749
144826
142845
140803
138702
136543
134331
132063
129742
127355
124897
122338
119662
116805
113746
110342
106604
102278
200600
200086
200257
200447
200699
201001
201346
201721
202114
202507
202884
203233
203549
203833
204087
204317
204523
204706
204861
204988
205086
205154
205199
205224
205236
205236
205226
205201
205156
205086
204991
204872
204733
204578
204410
204233
204045
203844
203626
203388
203127
202844
202538
202214
201873
201518
201152
200774
200382
199974
199548
199101
198632
198142
197630
197100
196552
195989
195411
194819
194212
193589
192948
192288
191608
190905
190180
189433
188664
187873
187063
186233
185384
184516
183628
182720
181792
180841
179867
178869
177844
176792
175713
174605
173468
172302
171105
169877
168616
167323
165995
164631
163230
161789
160307
158783
157215
155600
153937
152224
150461
148644
146775
144854
142876
140835
138735
136577
134365
132098
129777
127390
124931
122371
119690
116829
113753
110326
106536
102126
200626
200084
200263
200454
200708
201010
201354
201728
202120
202512
202890
203242
203561
203848
204105
204335
204540
204719
204872
204997
205096
205166
205214
205242
205256
205254
205241
205212
205164
205093
204998
204882
204745
204592
204426
204248
204059
203855
203634
203394
203133
202850
202547
202226
201888
201535
201170
200791
200397
199988
199560
199113
198645
198156
197648
197121
196576
196016
195440
194849
194242
193619
192978
192318
191638
190936
190212
189467
188700
187912
187104
186276
185428
184560
183671
182762
181832
180878
179902
178900
177872
176818
175736
174626
173488
172319
171121
169891
168630
167336
166008
164644
163242
161801
160320
158796
157229
155616
153955
152245
150483
148669
146802
144884
142908
140869
138769
136613
134401
132135
129813
127427
124967
122407
119721
116855
113763
110311
106466
101965
200652
200082
200269
200462
200718
201019
201363
201736
202125
202517
202896
203250
203573
203863
204122
204352
204555
204732
204882
205006
205105
205178
205229
205260
205275
205272
205257
205224
205172
205100
205006
204891
204758
204608
204443
204265
204073
203867
203643
203401
203139
202858
202558
202239
201904
201554
201189
200809
200414
200003
199574
199126
198659
198172
197666
197143
196602
196044
195470
194880
194274
193651
193009
192349
191668
190967
190244
189501
188737
187951
187145
186319
185472
184604
183715
182804
181872
180916
179936
178931
177901
176844
175760
174648
173508
172338
171138
169907
168645
167351
166022
164657
163255
161814
160333
158811
157245
155633
153974
152266
150507
148695
146831
144915
142941
140904
138806
136650
134439
132174
129851
127466
125004
122445
119754
116884
113775
110299
106397
101798
200677
200078
200274
200470
200727
201028
201371
201742
202130
202521
202901
203258
203584
203877
204138
204369
204570
204745
204892
205015
205114
205189
205243
205277
205294
205290
205272
205236
205181
205107
205014
204902
204772
204624
204461
204283
204089
203880
203653
203409
203147
202867
202569
202254
201921
201573
201208
200828
200432
200019
199589
199140
198674
198189
197686
197165
196628
196073
195501
194912
194306
193683
193041
192380
191699
190998
190277
189535
188773
187990
187186
186361
185515
184648
183758
182846
181912
180953
179971
178963
177930
176871
175784
174670
173528
172357
171156
169924
168661
167366
166036
164671
163269
161828
160348
158826
157262
155652
153994
152288
150532
148723
146861
144947
142975
140940
138843
136689
134478
132213
129891
127507
125044
122484
119789
116914
113789
110289
106328
101625
200701
200076
200281
200478
200737
201038
201380
201749
202136
202526
202906
203265
203594
203891
204154
204384
204585
204757
204902
205023
205123
205200
205256
205294
205312
205308
205287
205248
205190
205115
205022
204912
204785
204641
204479
204301
204106
203894
203664
203418
203155
202876
202581
202269
201939
201593
201229
200849
200451
200036
199604
199155
198689
198206
197706
197189
196654
196102
195532
194945
194339
193715
193072
192411
191730
191029
190309
189569
188809
188029
187227
186404
185558
184691
183801
182888
181951
180990
180005
178995
177959
176897
175809
174693
173549
172377
171175
169942
168678
167382
166052
164686
163284
161843
160363
158843
157279
155671
154016
152312
150558
148751
146891
144981
143011
140977
138882
136729
134519
132254
129932
127548
125084
122524
119826
116947
113807
110281
106260
101448
200724
200073
200286
200486
200747
201047
201388
201755
202140
202530
202910
203272
203604
203903
204168
204399
204598
204768
204911
205030
205131
205210
205269
205310
205329
205326
205302
205260
205199
205122
205030
204923
204799
204657
204498
204319
204123
203908
203676
203428
203165
202887
202594
202285
201958
201613
201251
200870
200471
200054
199621
199171
198706
198224
197727
197212
196681
196131
195563
194977
194371
193747
193104
192441
191760
191060
190341
189603
188845
188066
187266
186445
185601
184733
183843
182928
181990
181027
180040
179027
177989
176924
175834
174716
173571
172397
171194
169960
168696
167399
166068
164703
163300
161860
160380
158860
157298
155691
154038
152336
150584
148780
146923
145014
143047
141015
138921
136769
134560
132296
129974
127591
125126
122566
119864
116982
113827
110277
106195
101268
200745
200071
200292
200494
200756
201056
201396
201762
202145
202533
202915
203278
203613
203915
204182
204413
204611
204778
204920
205037
205138
205219
205282
205325
205345
205342
205317
205271
205208
205130
205039
204933
204812
204674
204516
204338
204140
203923
203688
203439
203175
202898
202607
202301
201977
201634
201272
200891
200491
200073
199638
199188
198723
198243
197747
197236
196707
196160
195594
195009
194403
193779
193135
192472
191791
191091
190373
189636
188880
188103
187305
186485
185642
184775
183883
182968
182028
181063
180073
179058
178018
176951
175859
174740
173593
172418
171214
169980
168714
167417
166086
164720
163317
161877
160398
158879
157318
155713
154061
152361
150612
148810
146955
145049
143084
141054
138961
136810
134601
132339
130017
127634
125169
122609
119904
117018
113849
110277
106132
101085
200765
200068
200298
200501
200765
201065
201403
201768
202149
202537
202919
203283
203621
203926
204195
204426
204623
204788
204927
205044
205145
205228
205293
205339
205360
205359
205331
205282
205217
205138
205047
204944
204826
204690
204534
204356
204157
203938
203701
203450
203186
202910
202621
202317
201996
201655
201294
200912
200511
200092
199656
199205
198740
198261
197768
197259
196734
196189
195625
195040
194435
193810
193165
192502
191820
191121
190404
189668
188914
188139
187343
186524
185681
184815
183923
183007
182065
181098
180106
179089
178046
176978
175884
174764
173616
172440
171234
169999
168733
167435
166104
164738
163335
161895
160417
158899
157339
155735
154085
152387
150640
148841
146988
145084
143121
141093
139001
136852
134644
132382
130060
127678
125213
122653
119946
117057
113875
110281
106074
100902
200783
200066
200304
200508
200773
201073
201410
201773
202154
202541
202923
203289
203629
203936
204207
204438
204634
204797
204934
205050
205151
205236
205303
205352
205374
205374
205344
205293
205225
205145
205055
204953
204838
204705
204551
204374
204174
203952
203714
203461
203196
202921
202634
202333
202014
201676
201315
200934
200531
200111
199674
199222
198757
198280
197789
197283
196759
196217
195654
195071
194466
193840
193195
192531
191849
191150
190434
189699
188946
188173
187379
186561
185720
184853
183962
183044
182101
181133
180139
179119
178075
177005
175909
174787
173638
172461
171255
170020
168753
167455
166123
164756
163354
161914
160437
158919
157360
155758
154110
152414
150669
148871
147021
145119
143158
141132
139042
136894
134686
132425
130104
127722
125257
122698
119988
117097
113903
110288
106019
100719
200800
200064
200310
200514
200780
201080
201417
201778
202157
202544
202926
203294
203637
203946
204218
204450
204644
204805
204941
205055
205156
205243
205313
205363
205387
205388
205356
205303
205233
205152
205062
204963
204850
204720
204567
204391
204190
203967
203727
203472
203207
202933
202648
202349
202033
201696
201337
200955
200552
200130
199691
199239
198775
198298
197809
197305
196784
196244
195683
195100
194496
193870
193224
192560
191877
191178
190462
189729
188978
188207
187414
186597
185757
184891
183999
183081
182137
181166
180170
179149
178103
177031
175934
174811
173661
172483
171277
170040
168773
167474
166142
164776
163373
161934
160457
158940
157382
155781
154135
152441
150698
148903
147054
145154
143196
141172
139083
136936
134729
132469
130148
127767
125302
122743
120032
117138
113934
110299
105969
100537
200815
200064
200316
200521
200788
201088
201423
201783
202161
202547
202930
203299
203643
203955
204228
204460
204654
204813
204947
205060
205161
205249
205321
205373
205399
205402
205367
205313
205241
205159
205070
204972
204862
204734
204583
204407
204206
203982
203739
203484
203218
202945
202661
202365
202051
201716
201357
200975
200571
200148
199709
199256
198792
198317
197829
197327
196809
196271
195711
195129
194525
193898
193252
192587
191905
191206
190490
189758
189008
188239
187447
186632
185792
184926
184034
183116
182170
181199
180201
179178
178130
177057
175959
174835
173684
172505
171298
170061
168794
167494
166162
164795
163393
161955
160478
158962
157405
155806
154161
152469
150727
148934
147088
145190
143234
141211
139124
136978
134772
132513
130192
127812
125347
122788
120076
117181
113967
110315
105924
100356
200829
200062
200321
200526
200793
201093
201428
201787
202164
202549
202933
203303
203649
203963
204237
204470
204662
204820
204952
205064
205165
205254
205329
205383
205411
205414
205378
205322
205248
205165
205076
204980
204873
204747
204598
204423
204221
203996
203752
203495
203229
202956
202675
202380
202068
201735
201377
200995
200591
200167
199726
199273
198809
198334
197849
197349
196832
196296
195738
195157
194552
193926
193279
192614
191931
191232
190517
189786
189038
188269
187479
186665
185826
184961
184069
183149
182203
181230
180231
179207
178157
177083
175983
174858
173707
172528
171320
170082
168815
167515
166183
164816
163414
161976
160499
158984
157429
155830
154187
152497
150757
148966
147122
145225
143271
141251
139165
137020
134815
132556
130236
127857
125392
122834
120121
117224
114003
110334
105884
100178
200842
200062
200327
200531
200800
201099
201433
201791
202167
202552
202936
203307
203655
203970
204246
204478
204670
204826
204956
205068
205169
205259
205335
205391
205421
205425
205388
205330
205255
205171
205083
204988
204883
204759
204612
204438
204236
204009
203764
203506
203240
202968
202687
202395
202085
201753
201396
201015
200610
200185
199743
199290
198826
198352
197867
197370
196855
196321
195764
195183
194579
193953
193305
192639
191956
191257
190543
189813
189065
188298
187510
186697
185859
184994
184102
183182
182235
181261
180260
179234
178183
177108
176008
174882
173729
172550
171342
170104
168836
167536
166203
164837
163435
161997
160522
159007
157453
155855
154214
152525
150787
148998
147156
145261
143309
141290
139205
137062
134858
132600
130280
127901
125437
122880
120167
117269
114041
110357
105850
100005
200852
200062
200331
200535
200804
201103
201437
201794
202169
202554
202938
203311
203660
203977
204253
204486
204678
204832
204960
205071
205172
205263
205341
205398
205431
205435
205397
205338
205262
205177
205089
204996
204892
204771
204626
204452
204250
204022
203776
203517
203250
202979
202700
202409
202101
201771
201415
201033
200628
200202
199760
199306
198842
198369
197886
197390
196877
196344
195788
195209
194605
193978
193330
192664
191981
191282
190568
189839
189092
188326
187539
186727
185890
185025
184133
183213
182265
181290
180288
179261
178209
177133
176032
174905
173752
172572
171363
170125
168857
167557
166225
164858
163457
162019
160544
159031
157477
155881
154240
152553
150817
149030
147189
145296
143346
141329
139246
137103
134900
132643
130324
127946
125482
122926
120213
117315
114082
110384
105822
99835.1
200862
200062
200336
200540
200809
201108
201440
201797
202172
202556
202941
203314
203665
203983
204260
204493
204684
204837
204964
205074
205174
205266
205346
205405
205439
205443
205405
205345
205268
205183
205094
205002
204901
204782
204638
204465
204263
204035
203787
203527
203261
202989
202711
202422
202116
201787
201433
201051
200645
200219
199776
199321
198857
198385
197903
197409
196898
196366
195812
195233
194629
194002
193354
192687
192004
191305
190592
189863
189118
188353
187567
186756
185919
185055
184163
183243
182294
181318
180316
179288
178234
177157
176055
174928
173775
172594
171385
170147
168878
167579
166246
164880
163479
162041
160567
159054
157501
155907
154267
152582
150847
149061
147223
145331
143383
141368
139286
137145
134942
132686
130367
127990
125527
122972
120259
117361
114124
110414
105801
99670.8
200869
200062
200339
200543
200812
201111
201443
201798
202173
202557
202942
203317
203669
203988
204266
204500
204690
204842
204967
205077
205177
205269
205350
205411
205447
205451
205413
205352
205273
205188
205100
205009
204908
204791
204649
204478
204275
204046
203798
203537
203270
202999
202722
202435
202130
201803
201449
201068
200662
200235
199791
199336
198872
198401
197920
197427
196917
196387
195834
195256
194653
194026
193377
192710
192026
191327
190614
189886
189142
188378
187593
186783
185947
185084
184192
183271
182322
181346
180342
179313
178259
177181
176078
174951
173797
172616
171407
170169
168900
167600
166268
164902
163501
162064
160590
159078
157526
155933
154295
152611
150877
149093
147256
145366
143419
141406
139326
137185
134984
132728
130410
128035
125572
123018
120306
117407
114168
110448
105786
99511.5
200875
200062
200342
200547
200816
201114
201445
201801
202174
202559
202944
203319
203672
203993
204272
204506
204695
204846
204970
205078
205178
205272
205354
205416
205453
205458
205420
205358
205278
205192
205104
205014
204916
204800
204660
204489
204287
204058
203808
203547
203280
203009
202733
202447
202144
201818
201465
201085
200678
200250
199806
199351
198887
198416
197936
197444
196936
196408
195855
195278
194675
194048
193399
192732
192048
191349
190636
189909
189165
188402
187618
186809
185974
185111
184219
183299
182349
181372
180368
179338
178283
177204
176101
174973
173819
172638
171429
170190
168922
167622
166290
164924
163523
162087
160614
159102
157551
155959
154322
152639
150907
149125
147289
145401
143455
141444
139365
137226
135025
132770
130453
128078
125617
123063
120352
117454
114214
110486
105777
99359
200880
200061
200344
200549
200818
201116
201447
201801
202175
202559
202945
203321
203675
203996
204277
204511
204700
204850
204972
205080
205180
205273
205357
205421
205459
205464
205426
205363
205283
205196
205109
205020
204922
204809
204670
204500
204298
204068
203818
203556
203289
203018
202743
202458
202157
201832
201480
201100
200693
200265
199821
199365
198901
198430
197951
197461
196954
196427
195875
195298
194696
194069
193420
192752
192068
191369
190657
189930
189187
188425
187642
186834
186000
185137
184245
183325
182375
181397
180393
179362
178307
177227
176124
174995
173841
172659
171450
170212
168943
167644
166312
164946
163546
162110
160637
159127
157576
155985
154349
152668
150937
149156
147322
145435
143491
141482
139404
137266
135066
132812
130496
128121
125661
123108
120399
117501
114261
110526
105776
99213.5
200883
200062
200346
200551
200821
201118
201448
201802
202175
202559
202946
203323
203678
204000
204281
204515
204703
204853
204974
205081
205181
205275
205359
205424
205464
205470
205432
205369
205288
205200
205113
205024
204928
204816
204679
204510
204308
204078
203827
203565
203297
203027
202753
202469
202169
201845
201494
201114
200708
200279
199834
199378
198914
198444
197966
197476
196971
196445
195894
195318
194716
194089
193440
192772
192087
191389
190676
189950
189208
188447
187665
186858
186024
185162
184270
183350
182400
181422
180417
179385
178330
177250
176146
175017
173862
172681
171472
170233
168965
167665
166334
164968
163569
162133
160661
159151
157602
156011
154376
152696
150967
149187
147355
145469
143526
141519
139442
137305
135106
132853
130537
128164
125704
123153
120445
117549
114309
110569
105782
99077.6
200884
200062
200347
200553
200822
201119
201448
201801
202174
202559
202945
203323
203679
204003
204284
204518
204707
204856
204976
205082
205181
205276
205361
205428
205468
205475
205437
205373
205292
205204
205117
205029
204934
204823
204687
204519
204318
204087
203836
203573
203305
203035
202762
202479
202180
201857
201507
201128
200722
200293
199847
199391
198927
198457
197980
197491
196987
196462
195912
195336
194734
194108
193459
192790
192106
191407
190695
189969
189228
188468
187686
186880
186047
185185
184294
183374
182424
181445
180440
179408
178352
177272
176167
175038
173884
172702
171493
170255
168986
167687
166356
164991
163591
162156
160685
159176
157627
156037
154404
152724
150997
149218
147387
145503
143561
141555
139480
137343
135145
132893
130578
128206
125747
123197
120491
117596
114358
110615
105795
98951.4
200885
200063
200348
200554
200823
201120
201448
201801
202173
202557
202945
203323
203680
204004
204287
204521
204709
204858
204977
205082
205181
205276
205363
205430
205472
205479
205442
205377
205295
205208
205120
205033
204939
204829
204694
204527
204326
204096
203845
203581
203313
203043
202770
202488
202190
201869
201520
201141
200734
200305
199860
199403
198939
198470
197993
197505
197002
196477
195929
195354
194752
194125
193476
192808
192124
191425
190713
189988
189247
188487
187706
186901
186068
185207
184317
183396
182447
181468
180462
179430
178374
177293
176189
175059
173905
172723
171514
170276
169008
167709
166378
165013
163614
162179
160708
159200
157652
156063
154430
152752
151026
149249
147419
145536
143595
141591
139517
137381
135184
132933
130619
128247
125790
123241
120536
117643
114407
110663
105816
98840.2
200884
200064
200348
200554
200823
201119
201447
201799
202171
202556
202943
203323
203681
204006
204289
204523
204711
204860
204978
205083
205181
205276
205364
205432
205475
205482
205446
205381
205299
205211
205123
205036
204943
204835
204701
204535
204334
204104
203853
203589
203320
203051
202778
202497
202200
201880
201531
201153
200747
200317
199871
199415
198951
198482
198005
197518
197016
196492
195945
195370
194769
194142
193493
192825
192140
191442
190730
190005
189265
188506
187726
186921
186089
185228
184338
183418
182468
181490
180484
179452
178395
177314
176209
175080
173925
172744
171535
170297
169029
167730
166399
165035
163637
162203
160732
159224
157677
156089
154457
152780
151055
149279
147450
145568
143628
141626
139553
137419
135222
132972
130659
128288
125831
123284
120581
117690
114457
110713
105844
98746.6
200882
200065
200347
200553
200822
201118
201446
201797
202169
202553
202941
203321
203680
204006
204290
204525
204712
204861
204978
205082
205181
205276
205364
205434
205477
205485
205450
205385
205302
205214
205126
205040
204947
204840
204707
204542
204342
204112
203860
203596
203327
203058
202785
202505
202209
201889
201542
201164
200758
200329
199883
199426
198962
198493
198017
197531
197029
196506
195959
195385
194785
194158
193509
192841
192156
191458
190746
190022
189282
188523
187744
186940
186108
185248
184358
183439
182489
181510
180504
179472
178415
177334
176229
175100
173945
172764
171555
170317
169050
167751
166421
165057
163659
162225
160755
159248
157701
156114
154483
152807
151083
149308
147480
145599
143661
141660
139588
137454
135259
133009
130697
128327
125872
123326
120625
117736
114506
110765
105879
98675.1
200880
200067
200346
200553
200821
201117
201444
201795
202166
202551
202939
203320
203679
204006
204290
204526
204713
204862
204978
205082
205181
205276
205365
205435
205480
205488
205453
205388
205305
205216
205129
205043
204951
204845
204713
204548
204349
204119
203867
203603
203334
203064
202792
202513
202217
201899
201552
201174
200769
200339
199893
199436
198972
198504
198028
197543
197041
196520
195973
195400
194799
194173
193524
192856
192172
191473
190762
190037
189298
188540
187761
186958
186127
185267
184378
183458
182509
181530
180524
179492
178435
177354
176249
175120
173965
172784
171575
170337
169070
167772
166442
165078
163680
162247
160778
159271
157725
156138
154508
152833
151109
149335
147508
145629
143691
141691
139621
137488
135293
133044
130733
128364
125910
123365
120667
117781
114556
110818
105921
98633.4
200876
200069
200344
200552
200819
201115
201442
201792
202163
202548
202936
203317
203678
204005
204290
204526
204713
204862
204978
205081
205180
205275
205364
205435
205481
205490
205455
205390
205307
205219
205131
205045
204954
204848
204717
204553
204355
204125
203873
203608
203340
203070
202799
202519
202225
201907
201560
201184
200778
200349
199903
199446
198982
198513
198038
197553
197053
196531
195986
195413
194813
194187
193538
192870
192185
191487
190776
190051
189312
188555
187777
186974
186143
185284
184395
183476
182527
181549
180542
179510
178453
177372
176267
175138
173983
172802
171594
170357
169090
167792
166462
165099
163701
162269
160800
159294
157749
156163
154534
152859
151137
149364
147538
145659
143723
141724
139655
137523
135329
133081
130770
128402
125949
123406
120709
117825
114604
110871
105965
98628.9
200872
200071
200342
200550
200817
201113
201439
201789
202160
202544
202933
203315
203676
204004
204289
204525
204713
204862
204978
205080
205178
205272
205361
205432
205477
205488
205455
205390
205307
205219
205131
205046
204955
204850
204720
204557
204359
204129
203877
203612
203343
203074
202802
202523
202229
201912
201566
201190
200784
200355
199909
199452
198988
198519
198045
197560
197060
196539
195994
195422
194822
194196
193548
192879
192195
191496
190785
190061
189323
188566
187788
186985
186156
185297
184408
183490
182541
181563
180556
179524
178467
177386
176281
175152
173998
172817
171608
170372
169105
167808
166478
165115
163718
162286
160818
159312
157767
156182
154554
152880
151158
149386
147562
145684
143748
141750
139682
137551
135357
133110
130800
128432
125980
123437
120743
117860
114643
110916
106008
98667.2
200866
200076
200339
200548
200815
201110
201436
201785
202156
202540
202929
203312
203673
204002
204288
204525
204712
204862
204977
205080
205177
205273
205363
205435
205482
205493
205460
205395
205312
205223
205135
205049
204959
204855
204725
204563
204365
204136
203884
203619
203350
203081
202810
202531
202238
201921
201576
201200
200795
200366
199920
199463
198999
198531
198056
197572
197073
196553
196008
195436
194837
194211
193563
192895
192210
191512
190801
190078
189339
188583
187805
187003
186174
185316
184428
183509
182561
181583
180577
179545
178487
177407
176302
175173
174019
172838
171630
170394
169128
167831
166502
165139
163743
162311
160843
159338
157794
156210
154582
152909
151188
149417
147593
145716
143781
141785
139718
137588
135395
133149
130840
128473
126022
123481
120789
117909
114697
110976
106065
98744
200861
200078
200336
200546
200812
201107
201432
201782
202152
202536
202926
203308
203670
204000
204286
204524
204712
204860
204975
205077
205175
205271
205362
205435
205483
205494
205462
205397
205314
205224
205137
205051
204961
204856
204728
204566
204368
204139
203887
203623
203353
203084
202813
202534
202241
201925
201581
201205
200800
200371
199925
199468
199004
198536
198061
197577
197078
196558
196014
195442
194843
194218
193570
192901
192217
191519
190808
190085
189346
188590
187813
187011
186182
185324
184436
183518
182570
181592
180586
179554
178497
177416
176311
175183
174029
172848
171640
170404
169138
167841
166512
165150
163754
162322
160855
159350
157806
156222
154595
152922
151202
149431
147607
145731
143797
141801
139734
137605
135413
133166
130858
128492
126042
123501
120811
117933
114725
111011
106105
98806.5
200852
200085
200333
200544
200809
201103
201428
201777
202146
202531
202920
203304
203667
203997
204284
204523
204711
204859
204974
205076
205174
205270
205361
205434
205483
205494
205462
205398
205315
205225
205138
205052
204962
204859
204731
204570
204373
204144
203893
203628
203359
203089
202818
202540
202248
201933
201588
201213
200809
200381
199935
199477
199014
198546
198072
197588
197089
196570
196026
195455
194857
194232
193584
192916
192232
191534
190824
190100
189362
188607
187830
187029
186200
185343
184456
183538
182590
181613
180607
179575
178518
177438
176333
175205
174051
172871
171664
170428
169162
167866
166538
165176
163781
162350
160883
159379
157836
156253
154626
152955
151236
149466
147644
145768
143835
141841
139776
137647
135457
133211
130904
128539
126090
123551
120863
117989
114786
111080
106182
98921.6
200847
200086
200330
200541
200805
201100
201424
201773
202142
202526
202916
203300
203663
203995
204283
204521
204706
204854
204969
205072
205170
205266
205357
205430
205479
205490
205457
205392
205308
205218
205130
205045
204955
204852
204724
204564
204367
204138
203886
203621
203352
203082
202811
202534
202241
201926
201582
201207
200803
200374
199928
199471
199007
198539
198065
197581
197083
196564
196020
195449
194851
194226
193578
192910
192225
191527
190817
190093
189355
188600
187823
187022
186193
185336
184449
183531
182583
181606
180600
179568
178511
177430
176326
175197
174043
172863
171656
170420
169155
167858
166530
165169
163773
162343
160876
159373
157830
156247
154621
152950
151231
149462
147640
145766
143833
141839
139775
137647
135457
133211
130904
128539
126091
123552
120864
117990
114789
111085
106185
98937.7
200836
200101
200326
200539
200802
201096
201419
201767
202136
202520
202910
203293
203656
203988
204276
204516
204706
204856
204973
205074
205172
205268
205359
205434
205483
205496
205466
205403
205320
205231
205143
205058
204969
204866
204739
204580
204385
204157
203906
203642
203373
203104
202833
202555
202264
201950
201607
201233
200830
200402
199957
199500
199037
198569
198095
197612
197114
196596
196054
195484
194886
194263
193616
192949
192265
191568
190858
190135
189398
188643
187867
187067
186240
185384
184497
183581
182634
181658
180653
179622
178566
177487
176383
175255
174103
172924
171717
170482
169218
167923
166596
165235
163841
162412
160946
159444
157902
156321
154696
153026
151309
149541
147721
145848
143917
141925
139863
137737
135548
133304
130999
128636
126191
123656
120974
118108
114919
111236
106374
99300.7
100572
99798.2
99004.4
98175
97316.4
96421.9
95494
94530.5
93526.8
92490.9
91418.3
90318.2
89190.7
88000.8
86782.3
85498.5
84169.4
82814.8
81430.9
80013.7
78561.8
77076.4
75558.9
74012.5
72439.3
70842.9
69225.6
67591.5
65942.9
64284.4
62618.1
60949
59279
57613.3
55953.4
54304.5
52667.8
51048.3
49446.5
47867.5
46310.8
44781.7
43278.8
41807.1
40364.8
38956.5
37579.9
36239.5
34932.4
33662.4
32425.2
31223.2
30050.5
28907
27785.2
26685.4
25604.4
24545.8
23520.2
22552.7
21638.8
20796.3
20018.5
19294.3
18646.9
18069.8
17545.1
17094.8
16734.4
16422.4
16200.9
15989.9
15928.8
15982.1
16147.8
16429.6
16846.2
17516.5
13490.4
1.63053e+06
100530
99752.6
98952
98118.6
97251.7
96351.2
95415.5
94440.9
93430.6
92375.2
91279.4
90148.8
89002.8
87821.5
86592.8
85306.9
83982.1
82620.2
81223.2
79791.5
78325.5
76826.8
75297.3
73739.9
72156.9
70551.7
68926.9
67286.4
65632.8
63970.5
62301.9
60631.7
58962
57297.9
55640.8
53995.9
52364.1
50750.5
49155.4
47583.8
46035.1
44514.4
43020.2
41557.6
40124.3
38725.4
37357.5
36025.9
34725.3
33460.3
32223.8
31018.9
29837.9
28684
27553.2
26453.4
25388
24377.8
23415.6
22535.4
21688.5
20895.9
20159.4
19492.4
18847.1
18321.1
17827.6
17399.1
17056.2
16824.2
16627.9
16625.5
16696.5
16824.4
16966.6
17150.1
17278.5
17507.9
13207.8
1.66326e+06
100462
99675.8
98866.5
98022.6
97145.4
96233.5
95285.3
94300.3
93277.7
92216.5
91119.5
89979.6
88791.4
87585.7
86315.6
85014.6
83675.4
82294
80874.3
79420.3
77933.4
76415.9
74869.2
73296.2
71699
70081.4
68445.8
66796.5
65135.8
63468.5
61796.9
60125.6
58456.7
56795.1
55142.3
53503.1
51878.4
50273.1
48687.3
47125.9
45588.1
44078.8
42596.6
41146.1
39725
38338.2
36981.3
35659
34364.5
33101.1
31861.7
30649.3
29458.7
28301.7
27180.8
26113.9
25109.5
24190.8
23326.2
22510.7
21765.8
21034.2
20369.9
19796.2
19227.2
18738.7
18380.3
18018.7
17736.9
17645.6
17533.2
17553.5
17601.1
17669.6
17653.6
17679.6
17636.7
17632.7
13285.3
1.6229e+06
100365
99565.7
98742.9
97884.2
96991
96061.7
95095.2
94090.7
93047.6
91966
90845.9
89677.1
88454.5
87204.1
85908.6
84585
83220.9
81812.2
80363.6
78880.3
77365.4
75821.5
74250.5
72655.3
71038.2
69403.1
67752.5
66091
64421
62747.3
61072
59400
57733
56075.9
54430
52799.8
51186.2
49593.5
48022.1
46476
44954.9
43462.9
41998.5
40565.9
39162.3
37791.5
36447.9
35134
33843.8
32579.2
31335.6
30126.1
28947.8
27834.2
26781.8
25820.1
24936.9
24123.2
23363.1
22604.1
21949.9
21342.9
20734.3
20276
19871.1
19430.9
19245.1
19054.7
18853
18854.6
18770.3
18663.5
18566.3
18468.1
18300.6
18155.2
17977.6
17843.1
13394
1.62374e+06
100242
99424.1
98583.9
97705.5
96791
95838.8
94847.3
93816.3
92744.6
91632.3
90478.5
89275.4
88028.5
86729.5
85398.1
84034.9
82632.3
81187.4
79702.7
78183.4
76633.5
75056.6
73455.1
71832.4
70191
68535
66867.2
65192
63512
61831.9
60154
58482.8
56820
55170.2
53534.4
51916.9
50318.3
48742.5
47189.7
45663.5
44163.4
42692.4
41249.6
39837.2
38452.1
37095.4
35762.1
34452.4
33165.1
31907
30680
29515.3
28415.7
27410.6
26497.4
25667.6
24890.6
24153.9
23500
22860.3
22280
21841.8
21366.1
20994.1
20815.8
20503.4
20398.6
20379.7
20151.4
20031.1
19904.8
19658
19377.7
19123.3
18846.4
18590.2
18317.7
18120.5
13578.1
1.64062e+06
100093
99253.6
98392.1
97489.5
96549
95568
94545.9
93481.2
92373.7
91222.6
90027.7
88783.2
87494.8
86151.6
84774.1
83361.6
81911.4
80422.1
78894.7
77333.5
75742.8
74127.4
72490.4
70836.1
69167.2
67488.1
65801.5
64112.1
62422.4
60737.1
59058.2
57390.1
55734.3
54094.7
52472.6
50871.4
49291.7
47736.6
46206.5
44703.6
43227.7
41780.2
40360.1
38966.9
37598.1
36250.5
34925.9
33626.3
32359.3
31148.6
30005.4
28960.5
28025.5
27167.4
26394.5
25672.5
24982.8
24356.8
23809.9
23330.1
22860.2
22591.7
22315.5
22057.4
22044.3
21876.4
21662.1
21593.8
21364.9
21048.2
20774.7
20465.4
20109.9
19762.4
19419.6
19104.2
18768.4
18516
13985.6
1.59858e+06
99921
99056.4
98169.6
97238.4
96266.6
95251.6
94192.2
93087.4
91936.8
90739.2
89495.9
88204.5
86861.8
85468.8
84036.6
82567.2
81061.3
79519.4
77942.2
76333.3
74697
73038.8
71362.8
69673.9
67975.5
66272
64566.5
62863.5
61165.5
59476.7
57799.2
56136.8
54491.1
52865.2
51260.2
49678.7
48121.6
46590.5
45085.9
43608.7
42158.3
40734.5
39335.8
37958.4
36604.9
35271.3
33975.5
32727.9
31548.4
30470.9
29505.2
28628.5
27863.6
27123.9
26444.3
25845
25273.6
24781.5
24398.2
24072.1
23783.6
23700.1
23555.8
23361.6
23287.6
23126
22803.3
22533.3
22246.7
21887.5
21510.6
21142.5
20770.2
20395.9
20013.6
19641.6
19241.7
18933
14356
1.59551e+06
99728.3
98833.9
97918.1
96953.4
95945.4
94890.4
93787.5
92635.7
91434.4
90183.4
88882.6
87538.8
86131.4
84679.5
83185.3
81652.3
80083.4
78481.4
76847.7
75186.1
73500.4
71796.7
70079.5
68354.8
66626.2
64898.8
63175.2
61460.4
59756.1
58066.9
56393.8
54740.7
53108.2
51499.5
49915
48356.6
46824.7
45319.9
43842.4
42391
40965.4
39562.7
38183.9
36823.8
35498.6
34216.8
33008.3
31899
30903.5
30031.2
29281.9
28547.1
27892.1
27297.9
26703.7
26257.3
25863.9
25488.3
25360.5
25169.7
24997.4
24984.6
24810.2
24542.3
24317.6
24046.6
23697.5
23331
22958.4
22579.9
22196.1
21803.8
21399
20992.3
20576.6
20163.4
19717.1
19365.7
14783.1
1.58975e+06
99515.5
98587.6
97638.8
96635.7
95586.1
94484.8
93331.9
92125.7
90866.1
89553.6
88190.6
86774.9
85301.5
83781.6
82218
80614.7
78976.4
77307.6
75611.7
73892.8
72155
70404.3
68645.6
66885.5
65127.8
63378.1
61639.1
59915.2
58208.4
56521.8
54857.4
53216.7
51602.1
50013.6
48453.3
46920.4
45415.9
43938.6
42488.4
41062.2
39663.1
38285.2
36939.8
35638.3
34401.6
33276.1
32254.9
31365.7
30602.1
29873.7
29262.3
28679.9
28107.2
27698.3
27261.6
26969.2
26829.1
26577.4
26549
26462
26179.7
26045.8
25826.7
25469.9
25137
24797.1
24413.9
24027.5
23638.8
23233.4
22817
22398.3
21967.6
21527.2
21076.6
20629.4
20153
19775.5
15204.8
1.5824e+06
99283.9
98318.9
97332.2
96286.1
95188.6
94034.8
92824.5
91556.1
90230.4
88847.2
87416.1
85917.9
84369.5
82773.3
81132.2
79452.4
77738.5
75998.1
74235.1
72455.8
70663.9
68865.9
67067
65273.2
63489.4
61720.4
59969.6
58240.3
56534.9
54855.1
53202.9
51579.4
49984.8
48421.2
46885.8
45381.5
43904.5
42455.5
41033.6
39636.2
38273
36946.3
35680.7
34523.6
33478.8
32595.4
31852.7
31169.4
30589.8
29999.1
29453.1
29057.3
28626.8
28408.4
28217.4
28031.4
28028.9
27837.6
27632.4
27506.3
27197.6
26871
26582.3
26227.9
25838.6
25463.4
25075.9
24666.2
24246.7
23819.7
23377.2
22922.9
22459.8
21993.3
21522.7
21055.3
20558.7
20160.8
15610.8
1.5752e+06
99035.8
98028.7
96999.4
95904.6
94752.7
93539.4
92263.8
90924.8
89523.7
88066
86545.2
84963.3
83330.7
81649.3
79924.1
78160.9
76367.6
74550.8
72718.6
70876.2
69030.4
67186.2
65349.7
63526
61720.2
59936.6
58178.6
56448.9
54748.9
53081.4
51444.8
49842.6
48272
46734
45228.6
43751.6
42308.1
40891.8
39512.5
38178.4
36901.7
35724.1
34668.4
33764.1
32992.7
32300
31743
31210.5
30738.3
30351.3
29935.6
29755.6
29541.6
29438.2
29417.6
29195.4
29064.2
28898.7
28563
28275.5
27971
27607
27234.2
26868.1
26485.7
26081.6
25663.5
25234.1
24788.1
24328.1
23858.6
23382.4
22900.4
22412.7
21922.2
21436
20923.1
20510.1
15975.7
1.56834e+06
98771.9
97717.3
96640.9
95490.5
94277.9
92996.8
91647.2
90228.7
88742.3
87200.1
85581.2
83906.4
82179.7
80405.1
78588.2
76737.2
74859.5
72965.2
71061.3
69157
67257.5
65370.6
63499.5
61651.6
59828.4
58036.6
56276.1
54551.6
52862.3
51210.2
49595.3
48015.6
46474.2
44963.6
43491.3
42050.8
40645.8
39291.5
37985.2
36783
35680.1
34752.7
34018.9
33403
32887.2
32363.5
31904.8
31514
31166.8
31018.1
30819.8
30775.5
30717.9
30514.3
30427.1
30217.9
29902.8
29651
29331.6
28973
28611.2
28243.9
27865.2
27463.8
27047.7
26624
26182.3
25723.4
25253.2
24773.6
24285.6
23789
23288.7
22784.2
22278.9
21776.7
21247.8
20821.1
16302.7
1.56256e+06
98491.9
97385.1
96256
95043.3
93762.3
92404.5
90971.6
89462.7
87890.1
86238.3
84517.8
82740.6
80910.1
79034.7
77119.6
75176.5
73212.2
71239.5
69265.3
67300.7
65351.7
63425.1
61526.4
59658.1
57826.2
56030.2
54275.3
52560.1
50887.6
49255.4
47665.7
46114.6
44603.4
43134.4
41703.4
40331.7
39017.1
37799.8
36705.9
35757.6
34973.3
34309.7
33783.2
33326.7
32969.3
32624.4
32312.1
32152.7
31979.9
31981.2
31927.6
31772.7
31708.5
31480.6
31201.3
30960.9
30634.8
30301.4
29959.9
29600.6
29228.7
28826.6
28411.1
27990.5
27551.1
27094.2
26626.9
26149.9
25662.6
25164.3
24659.5
24147.2
23632.4
23112.4
22593
22076.9
21535.6
21098.4
16589.7
1.55743e+06
98196.9
97032.9
95843.9
94562.3
93203.1
91759.1
90232.4
88621.7
86945.7
85179.8
83348.2
81457.4
79515.4
77530.2
75513.4
73472.9
71423.6
69371.1
67332.3
65309.6
63317.9
61357.3
59436.2
57556.7
55719.3
53929.6
52183.5
50485.6
48834.3
47228.2
45668.7
44156.8
42685.6
41279
39928.4
38663.6
37527.6
36523.6
35732.6
35142.6
34705.3
34297.4
33913.5
33550.8
33295.7
33182.9
33091
33123.3
33041.8
32922.3
32883.6
32650.1
32429.8
32217.2
31895.8
31583.1
31256.6
30909.1
30550.8
30162.9
29759.4
29344.1
28905.9
28448.4
27982.5
27508.1
27022.7
26525.3
26019.6
25505.2
24985.9
24459.4
23932.1
23399.9
22869.8
22341.6
21788.7
21341.6
16844.8
1.55274e+06
97889.1
96660
95404.7
94044.7
92597.6
91056.4
89423
87712.5
85905
84017.7
82063.5
80048.9
77986.9
75886.5
73762.6
71626
69488.9
67365.6
65261.4
63194.6
61160.7
59179.2
57239.5
55356.9
53522.9
51742.1
50016.1
48338.6
46718.1
45147
43630.9
42181.4
40800
39519
38363.1
37363.3
36542.7
35874.3
35341
34947.3
34688.4
34434.7
34228
34076
33999.1
34069.2
34038.8
34003
33968
33730.5
33568.5
33359.6
33056.5
32800.6
32503.8
32170.6
31824.6
31450.7
31062.2
30660.9
30235.7
29787.4
29328
28856.7
28371.9
27873.6
27367.3
26852.7
26332
25802.7
25270.1
24731.1
24193.3
23650.6
23111.1
22573
22010.5
21555.4
17061.2
1.54959e+06
97568
96265.3
94936.7
93487.3
91941.8
90290.7
88537.1
86702.3
84761.1
82742.2
80651.1
78506.6
76313.8
74097.3
71861.4
69631.6
67410
65220
63062.6
60953.1
58895.3
56890.9
54952
53064.4
51247.6
49481.5
47781.8
46141.2
44557
43049.4
41606.4
40257.3
39041.7
37955.7
37050.7
36412.2
35969.3
35664.9
35402.2
35111.3
34897.7
34853.7
34883.5
34974.5
34914.2
34924.8
34899.4
34709.6
34631.5
34433.3
34157.8
33933.4
33643.8
33346.7
33038.2
32692.5
32324
31933.8
31520.5
31087.6
30643.8
30185.2
29708.4
29213.9
28709.4
28194.6
27672.2
27140.2
26603.6
26060.3
25516.6
24967.5
24420.8
23868.8
23320.3
22772.8
22201.2
21739
17251.2
1.54671e+06
97231.4
95848.4
94436.9
92887.9
91230.3
89454.4
87583.4
85592.2
83506.2
81339.2
79103.8
76815.9
74493.2
72151.3
69812.2
67484.3
65193.7
62936.9
60743.4
58596.1
56526
54511.2
52573.3
50702.7
48895.8
47171.2
45499
43923
42410.5
41015.9
39756.2
38631.2
37754.5
37031.7
36460.2
36063.2
35820.7
35688.9
35570.8
35463.7
35501.2
35588.9
35662
35794.5
35723.1
35590.7
35553.3
35332.2
35149
34990.1
34717.9
34450.9
34160.5
33840.1
33506.6
33146.9
32760.3
32347.8
31918.7
31472.7
31009
30528
30035.1
29527.6
29008
28475.1
27936
27389.3
26840.7
26286
25732
25172.5
24616.6
24055.6
23499.4
22944.5
22365.5
21896.5
17411.7
1.54806e+06
96880.9
95408.3
93902.6
92241.3
90456.5
88540.3
86519.2
84370.1
82126.3
79797.6
77408
74970.1
72513.2
70048.5
67606.5
65193.1
62834.5
60533
58299.2
56143.4
54052.3
52055.5
50117.8
48277
46504.5
44821.9
43230.9
41736.6
40373.5
39157.2
38135.7
37340.1
36794.5
36506.7
36354.5
36164.3
35963.5
35946.7
36068.7
36177.1
36341.1
36396.9
36359
36404.8
36380.2
36168.3
36077
35898.6
35640.8
35462.1
35214.7
34923.2
34616.6
34277.6
33918.8
33540.1
33140.8
32718.1
32272.4
31806
31326.9
30832.2
30323
29797.9
29263.4
28718.2
28168
27608.8
27048
26481.5
25917.8
25349.5
24785.7
24216.3
23652.2
23089.3
22504.2
22029.8
17537.9
1.55804e+06
96518.5
94942.5
93331.2
91541.6
89610.3
87551.7
85348.9
83028.6
80607.1
78106.6
75549.9
72961.1
70364.8
67787.6
65242.5
62763.4
60339.8
58011.7
55749
53588
51505.4
49513.2
47619.7
45801.7
44108.9
42509.1
41057.8
39777.6
38704.7
37877.6
37227.6
36818.8
36483.3
36397.3
36367.4
36372
36415.3
36528.1
36771.1
36895.8
37006.3
37040.4
36916.7
36873.7
36870.8
36671.3
36529.2
36383.1
36114.2
35882.5
35634.5
35334.9
35011.2
34660
34285.2
33890
33474.2
33036.1
32579.1
32100.9
31605.3
31092.6
30568.9
30032.2
29486.9
28929.6
28367.3
27796.9
27227
26651.8
26079.6
25501.7
24928.8
24350.8
23780.3
23211.7
22622
22144
17667.8
1.53513e+06
96142
94447.9
92717
90780.6
88681.6
86450.5
84059.6
81549.3
78933.1
76251.7
73517.2
70779.8
68044.6
65362.7
62731.8
60188.7
57732.3
55368.8
53112.7
50941.6
48892.8
46927.8
45082.8
43364.6
41759.8
40347.1
39103.1
38091.9
37373.4
36932.7
36743.4
36686.5
36573
36544.1
36657.6
36916.7
37111.8
37264.5
37439
37474.8
37509.5
37548.4
37420.1
37311.6
37297.3
37118.4
36943.7
36796.8
36541.3
36269.4
35998.1
35691.9
35358.2
34996.6
34609
34197.2
33766.4
33315.1
32844.2
32352.4
31845
31320.4
30784.1
30234.1
29677.1
29109.8
28539.4
27960.9
27382.6
26798
26216.7
25630.3
25050.1
24465.1
23888.3
23313.7
22718.8
22237.8
17767
1.53501e+06
95750
93921.6
92054
89948.5
87679.6
85234.7
82636.8
79910.4
77093.2
74208.1
71309.5
68404.8
65563.1
62764.9
60084.3
57479.2
55008.8
52629.8
50378.6
48243.8
46218.2
44348
42580.2
41050.7
39682.9
38597.3
37809.1
37210.7
36847.1
36638.7
36656
36711.8
36828.4
37009
37211.7
37529.5
37718.4
37842.6
37932
37914.4
37903
37948.6
37860.2
37719.6
37674.9
37509.5
37309.5
37143.1
36902.7
36618.8
36324.7
36004
35658.9
35288.1
34890.7
34466
34020.3
33554.7
33072.6
32570.4
32051.4
31514.4
30967.1
30407.4
29841.5
29265.1
28686.2
28099.7
27514.4
26922.5
26333.6
25738.9
25150.9
24558.9
23976.9
23398.3
22799.6
22314.6
17842.1
1.54497e+06
95341.3
93359.6
91332.8
89035
86559.1
83888.4
81054.6
78099.9
75057.3
71977.5
68895.6
65858
62891.5
60031.7
57280.8
54669.6
52166
49817.8
47579.1
45512.6
43568.8
41826.2
40278.1
38960.4
37932.3
37214.5
36842.7
36793.5
36761.1
36714.2
36812
37045
37380.6
37646.9
37829.3
38049.7
38169.3
38267.2
38342.5
38319.6
38269.1
38303
38246.1
38091
38010.9
37850.5
37634.8
37443.1
37208.9
36925.3
36616.3
36280.4
35920.9
35538.3
35131.4
34697
34240.9
33763.3
33268.4
32754.2
32225.4
31680.1
31124.5
30555.3
29980.2
29395.8
28810.7
28218.2
27626.1
27026.4
26429.8
25828
25234.5
24637.4
24050.7
23467.6
22864.4
22377.5
17919.6
1.52421e+06
94916.1
92756.3
90544.8
88024.7
85314.5
82386.8
79293.6
76088.6
72813.1
69532.3
66279.7
63115.4
60056.2
57138.1
54361.1
51731.2
49254.9
46924.6
44780.8
42805.8
41056
39572
38446.8
37578.1
37028.6
36703.1
36592.5
36650.1
36812.4
37019.6
37283.2
37554.2
37906.4
38126.3
38299.2
38439.5
38511.4
38602.3
38689.8
38688.9
38610
38614.5
38573.5
38416.5
38306.7
38146.4
37926.4
37710.3
37469.6
37187.1
36870.9
36522.3
36149.2
35754.3
35337.9
34895.7
34430.6
33942
33435.9
32911.3
32373.6
31820.1
31256.8
30680.2
30098.4
29507.7
28916.3
28317
27718.3
27112.2
26510
25902.4
25303.6
24701.5
24110.5
23524.4
22917.1
22427.7
17980.3
1.52411e+06
94471.6
92105.8
89673.6
86940.5
83923.3
80705.5
77329.7
73857.6
70342.8
66867.6
63457.6
60189
57060.7
54107.5
51327
48704
46275
44055.2
42028.1
40296
38814.6
37697.1
36960.2
36572.1
36603.1
36595.3
36630
36820.4
37154
37535.2
37833.2
38036.4
38306.3
38484
38659.2
38783.3
38828.4
38907.6
38990.9
39009.4
38922
38888.9
38848.7
38697.5
38565.6
38404.3
38184
37947.7
37693.7
37407.4
37087.3
36731.4
36347.1
35939.5
35512.9
35063.2
34590.8
34092.8
33576
33041.3
32495.7
31935.7
31366.4
30783.5
30196.1
29599.5
29002.1
28396.6
27791.9
27180.1
26572.9
25960.9
25358.5
24752.9
24158.1
23568.8
22957.5
22465.4
18026.6
1.53252e+06
94005.6
91400.1
88706.8
85673.7
82358.9
78817.2
75139
71377.7
67639.4
63965.7
60439.7
57079.4
53922
50956.6
48188.4
45644.3
43297.7
41301.7
39543.9
38231.5
37332.3
36731.7
36393.4
36338.2
36426.5
36664.7
36945.8
37278.3
37603.6
37972.9
38224.3
38417.2
38620.1
38770.1
38950.9
39078.8
39117.6
39189
39247.2
39273.6
39205.9
39135
39083.4
38944.9
38795.1
38629.1
38410.7
38160.8
37891.1
37596
37271
36910.1
36518.2
36100.4
35663.8
35205.5
34725.4
34219.2
33694.5
33152
32599.3
32032.4
31457
30869.3
30277.9
29676.5
29073.5
28461.7
27851.7
27235.3
26624.9
26009.8
25404.4
24795.8
24197.7
23606.2
22992.2
22498.9
18080.4
1.51398e+06
93509.2
90626.9
87623.4
84265.2
80592.5
76692.6
72683.8
68638.2
64672.2
60845.4
57214.8
53821.3
50638.8
47725.5
44986.6
42631.7
40517.9
38798.6
37489.6
36593.9
36203.8
36234.7
36251.4
36348
36616.7
37017.3
37410.5
37734
37973.6
38281.3
38514.9
38731.2
38908.4
39031
39204.9
39329.6
39377.1
39442.6
39468.1
39487.5
39448.5
39353
39283.1
39156.2
38995.5
38821.7
38604.4
38346.3
38062.9
37756.2
37423.8
37058.2
36661
36235.5
35789.7
35322.2
34834
34321.1
33790.6
33241.9
32682.5
32109.3
31529.2
30937.8
30342.6
29735.8
29126.6
28508.9
27894.3
27273.9
26660.4
26042.4
25434
24822.4
24221
23626.8
23010.9
22517.3
18095.8
1.51362e+06
92975.4
89769.5
86415
82652.6
78577.2
74286.6
69935.7
65607.8
61450
57493.4
53818.3
50412.2
47262.5
44446.8
41863.5
39803.4
38214.2
36995
36394.3
35980.5
35921.7
36022.1
36331.6
36671.8
37047.8
37404.4
37770.6
38050.1
38264.4
38532.7
38758.2
38990.2
39164.5
39266.2
39427.4
39544.7
39603.1
39669.1
39670.8
39672.6
39655.5
39554.5
39461.8
39337.1
39171
38987.6
38769.2
38507.4
38214.1
37895.3
37553
37181.6
36780.9
36350.2
35896.3
35419.1
34922.8
34404.4
33870.3
33317.4
32753.2
32174.9
31590.9
30996.2
30397.8
29786.8
29173.3
28550.8
27932.2
27308.3
26692.1
26071.5
25460.5
24846
24241.9
23644.6
23026.5
22531
18108.1
1.52095e+06
92385.2
88814.3
85015.6
80803.2
76270.8
71558
66871.1
62275.3
57973.3
53935.1
50257.5
46905.7
43831.1
41252.3
39069.8
37410
36322.5
35688.3
35733.3
35774
35902.2
36207.2
36660.7
37073.9
37421.9
37693.1
38017.2
38289.4
38526.3
38766.5
38974
39205.5
39380.7
39475.3
39623.1
39726.9
39789.4
39859.9
39849
39833.1
39821.9
39730.5
39622.1
39490.9
39319.2
39126.8
38905.3
38642.1
38342.7
38013.3
37660.9
37283.4
36879.8
36444.8
35983.5
35497.6
34994.5
34472
33934.8
33377.7
32808.7
32225.8
31638.4
31039.6
30435.9
29819.4
29201.5
28575
27952.9
27325.7
26706.8
26083.7
25470.6
24855
24251.1
23652.9
23033.9
22534.3
18125.3
1.50443e+06
91719.9
87733.2
83411.9
78665.1
73623.6
68474.1
63459.2
58658.1
54242.2
50230.3
46557.5
43379.6
40542.4
38354.1
36990.8
36009
35521.1
35370.8
35472.3
35814.7
36200.6
36599.4
36993.2
37366.3
37677.6
37920.6
38221.7
38497.3
38756.6
38977.7
39163.7
39386.1
39561.2
39663.1
39801.3
39890.2
39951.4
40024.4
40010.2
39979
39960.1
39878.9
39763.4
39623.2
39446.8
39246.1
39018.5
38753.4
38451.2
38114.8
37754.2
37371.6
36966.6
36530.7
36066.3
35574.9
35066.5
34540.4
34000.5
33439.7
32866.9
32279.2
31686.9
31081.9
30471.3
29848.9
29227.3
28597.6
27972.4
27341.5
26719.9
26094.9
25480.9
24865.6
24264.3
23667.7
23051
22545.5
18149.4
1.50408e+06
90936.6
86500
81528.8
76187.5
70556.8
65012.3
59667.2
54782.5
50295.3
46404.4
42854.4
39963.5
37741.1
36080.7
35301.7
35109.8
35216.3
35339.2
35641.1
36116.8
36569.1
36934.5
37226.6
37557.8
37865.2
38126.1
38413.8
38679.7
38946.2
39158.9
39326.7
39535.9
39707.5
39822
39954.5
40030.2
40087.5
40159.2
40148.8
40109.3
40078.3
40001
39881.9
39734.3
39553.3
39343.4
39107.9
38840.2
38536.2
38195.1
37827.8
37437.6
37024.5
36580.4
36108.3
35609.6
35094.6
34562
34016.4
33451.1
32875.5
32286
31690.5
31081.9
30469.4
29845.7
29222.4
28591.8
27967.3
27337.3
26715.5
26088.9
25473.3
24855.1
24249.3
23648.4
23027.1
22526.4
18146.8
1.51062e+06
89998.5
85012.8
79305.7
73270.6
67032.5
61110.8
55539.7
50637.7
46238.5
42529.2
39369.9
37048.1
35878.3
35092.8
34770
34838.5
35165.9
35602.1
36011.5
36418.7
36810.4
37147.6
37403.6
37714.7
38030
38316.5
38591.3
38836.2
39100.8
39312.9
39472.2
39668.5
39834.4
39959.4
40089.3
40156.9
40206.6
40271.6
40266.5
40222.2
40177.9
40098.7
39978.9
39832.6
39655.8
39440.8
39198.5
38928
38623.1
38279.4
37906.7
37507.4
37084.5
36631.1
36152.1
35647.1
35126.8
34588.5
34038.6
33470.4
32893.3
32301.8
31703.8
31092.6
30479.4
29855.1
29230.8
28599.4
27976.8
27348.8
26727.8
26099.3
25481.8
24859.7
24249.6
23645.1
23021
22524.6
18200.4
1.49601e+06
88847.1
83220.6
76640.1
69847.4
62992.9
56782.5
51113
46339.9
42167.5
38861.7
36475.8
34902.4
34505.5
34537.6
34648.1
34950.3
35417
35926.1
36323.6
36624.9
36952
37283.8
37557.4
37865.9
38178.4
38478.8
38741.7
38967.2
39223
39436.7
39599.8
39785.7
39942.6
40073.1
40202.6
40267.3
40310.2
40365.3
40364.3
40323.5
40264.7
40175
40053.3
39904.5
39719.5
39499.3
39251.8
38973.5
38663
38317
37940.9
37535.1
37105.7
36649.3
36170.3
35664.4
35140.6
34596.2
34041.4
33471.2
32892.5
32297.6
31695.3
31078.6
30460.3
29833.6
29210.3
28579.5
27954.1
27322.1
26698.4
26070.8
25455
24836.1
24227.7
23624.4
23002.3
22503.4
18130
1.49563e+06
87427
80982.2
73414.6
65797.5
58417.5
52049.4
46482.8
42029.3
38408.4
35806.8
34862.9
34177.2
34171.8
34430.5
34851.9
35284.2
35716.5
36135.3
36506.6
36771.8
37069.7
37401.1
37705.9
38017
38312.5
38612.2
38868.2
39084.1
39328.3
39542.2
39714.7
39892.6
40039.1
40169.3
40297.4
40361.5
40400
40443
40438.8
40396.2
40341.3
40240.5
40129.4
39987.8
39790.6
39562.5
39308.9
39022.1
38706.9
38360.8
37985
37575.2
37141.2
36682.5
36204.5
35697.9
35170.4
34618.3
34057.4
33483.6
32902.6
32304.6
31699.7
31079
30457.5
29829.5
29208.2
28578.8
27952.6
27318.6
26695.2
26069.9
25457.4
24841.5
24234.4
23631.2
23011.4
22507.3
18115.2
1.50148e+06
85612.4
78161.2
69453.3
61064.6
53308.3
47073.8
41858.8
37932.8
35392.3
33702.2
33708.2
33853
34154
34601
35139.4
35580.3
35928.7
36263.7
36620.7
36896.3
37187.6
37515.8
37844.2
38154.7
38428
38719
38972.2
39186.5
39418.4
39630
39812.5
39985.4
40122.9
40250.2
40377.2
40442.2
40480.1
40513
40502.4
40462.2
40392
40296.3
40163.6
40000.4
39811.8
39586.9
39325.9
39031.6
38710.9
38359.3
37975.9
37557.3
37114.9
36650
36168.2
35660.8
35134.4
34585.2
34025.6
33450.6
32867.3
32266.2
31657.9
31035.6
30413.6
29783.8
29158.6
28525.1
27896.1
27260.8
26635
26005.8
25388.5
24768.6
24159
23555.6
22929.9
22427.4
18071.2
1.48839e+06
83245.3
74500.7
64621.1
55571.8
47830.7
42076.2
37783.9
34710.7
33846.3
33273.7
33461.8
33854.7
34386.4
34924.7
35404.9
35802.3
36079.4
36353.4
36687.7
36999.5
37310.2
37637.3
37973.1
38273.1
38526.3
38801.1
39053.5
39274.8
39496.1
39703.9
39896.2
40066.4
40193.4
40314.4
40435.4
40499.9
40539.4
40554.7
40542.2
40505.1
40434.5
40336.2
40193.1
40031.5
39846.4
39617.6
39350.9
39053.4
38731.2
38377.6
37991.3
37569.2
37123.6
36655.2
36170.2
35660
35131.6
34579.8
34017.1
33437.8
32851.3
32246.1
31634.8
31010.6
30388.1
29757.7
29132.5
28498.5
27869.5
27234.2
26608.9
25979.7
25362.3
24742.4
24133
23530.3
22903.8
22400.3
18058.4
1.48831e+06
80128.2
69830.6
58660.4
49593.5
42369.9
37329.6
34504.4
32778.6
32969.8
33278.1
33719
34235.8
34752.5
35170.3
35518.7
35871.3
36139.9
36413
36749.1
37099.1
37436.4
37747.3
38066.6
38348.1
38594.6
38860.4
39110.5
39341.6
39558.9
39756.9
39950.7
40118.5
40235.9
40356.8
40477.8
40540.9
40581.2
40596.3
40584.9
40542
40466.8
40357.1
40217.6
40047.2
39849.4
39614.9
39345.8
39045.8
38720.1
38362.5
37973.5
37551.5
37107.6
36640.1
36155.5
35645.7
35118.2
34566.4
34001.8
33418.9
32828.9
32220.6
31608.5
30983.8
30360.9
29729.3
29102.6
28467.1
27838.2
27203.4
26578.7
25949.3
25331.4
24710.8
24100.1
23496.5
22868.8
22366.6
18018.6
1.49346e+06
75979.9
63864.7
51892.8
43447.1
38024
33930.7
32826.2
32503.8
32713.4
33258.9
34035.4
34564.7
34934.7
35226.2
35506.3
35853.5
36184.3
36500.6
36841.4
37201.5
37525.8
37797.6
38098
38379.7
38640.7
38907.4
39156.1
39395.1
39608.1
39800.4
39997
40162.9
40281.8
40404.1
40509.7
40572.7
40610.8
40621.8
40605.5
40561.2
40486.2
40383
40245.4
40072
39872.3
39638.1
39368.6
39065.7
38735.3
38371.7
37978
37551.5
37102.9
36628.8
36139.1
35626.5
35098.4
34545.7
33979.8
33393.7
32801.2
32191.2
31579.6
30955.1
30333
29700.6
29073.2
28436.7
27808.5
27174.3
26550
25920.2
25301.8
24679.9
24068.5
23464.4
22836.8
22335
17994.4
1.48199e+06
70374.3
56459.6
44921.7
37720.2
34010.5
32137.3
32129.1
32425.3
33236.4
33854.7
34321
34698
34979.4
35252.6
35580.1
35950.8
36312.2
36649.7
36967.1
37306.9
37621.2
37892.1
38189.4
38468.2
38736.4
38993.1
39227.4
39468.5
39681
39864.2
40055.6
40221
40337.1
40455.6
40545.7
40610.1
40657.8
40661.1
40632.9
40578.6
40496.1
40380.5
40233.3
40051.9
39841.4
39600.6
39330.8
39028.9
38699
38338
37952.2
37536.2
37095.9
36626
36137.5
35624.8
35096.9
34543.8
33976.7
33387.5
32792.2
32181.1
31570
30945.6
30323.7
29689.9
29061.1
28424.2
27796.7
27162.9
26538.9
25908.8
25289.6
24666.9
24055.6
23451
22824.5
22322.7
17978
1.48169e+06
62724.3
48456.1
39634.9
34523.8
32092.6
31801.6
32344.5
33100.6
33573.8
34006.8
34305.5
34584.5
34894.3
35209
35551.8
35895.6
36256
36614.1
36928
37256.4
37576.9
37872.4
38162.3
38433.3
38711.5
38967.2
39200.5
39449.2
39668.1
39853.1
40040.9
40204
40335.6
40447.5
40530.4
40600.6
40648.9
40662.8
40640
40589
40510.4
40400
40255.4
40073.3
39860.4
39619.6
39350.6
39047
38713
38348.7
37962.1
37546.1
37106.2
36637.6
36151.2
35640.3
35114.7
34564.9
34000.1
33412
32817
32207.7
31598.5
30976.4
30355.4
29721.1
29090.4
28453.6
27825.7
27191.9
26566.6
25936
25315.1
24691.4
24078.9
23473.1
22847.2
22345.5
17984.4
1.48627e+06
45169.4
30418.6
27323.2
27963.6
29932.9
31916.1
33171
33913.3
34084
34214.3
34371.5
34644.7
35016.6
35393.9
35723.8
36028.5
36397.1
36785.2
37082.3
37395.2
37707.2
38009.8
38291.1
38542.3
38825.2
39077.1
39294.6
39547.3
39765
39930.6
40114.2
40275.7
40404.9
40508.6
40572
40643.1
40689.2
40678.5
40647.4
40587.3
40498.3
40380.6
40232.1
40042.9
39820.6
39574
39302.4
38991.4
38646.3
38268.1
37871.8
37447
36998.6
36516
36017.9
35497.4
34967.7
34411
33841.5
33244.6
32645.9
32031.7
31422.8
30796.8
30175.4
29537.9
28910.4
28273.1
27649.7
27016.6
26395.9
25765.6
25148.6
24525.9
23918.1
23314.5
22691.7
22191.4
17861
1.47407e+06
)
;

boundaryField
{
    inlet
    {
        type            fixedValue;
        value           uniform 200000;
    }
    outlet
    {
        type            fixedValue;
        value           uniform 9000;
    }
    axis
    {
        type            symmetryPlane;
    }
    wall
    {
        type            zeroGradient;
    }
    frontAndBack
    {
        type            empty;
    }
}


// ************************************************************************* //
