/*--------------------------------*- C++ -*----------------------------------*\
  =========                 |
  \\      /  F ield         | OpenFOAM: The Open Source CFD Toolbox
   \\    /   O peration     | Website:  https://openfoam.org
    \\  /    A nd           | Version:  13
     \\/     M anipulation  |
\*---------------------------------------------------------------------------*/
FoamFile
{
    format      ascii;
    class       volScalarField;
    location    "0.0025";
    object      rho;
}
// * * * * * * * * * * * * * * * * * * * * * * * * * * * * * * * * * * * * * //

dimensions      [1 -3 0 0 0 0 0];

internalField   nonuniform List<scalar> 
8000
(
0.386791
0.386339
0.38652
0.386768
0.387097
0.387528
0.387984
0.38852
0.389066
0.389602
0.390102
0.390554
0.390958
0.391319
0.391638
0.391946
0.392246
0.392522
0.39276
0.392949
0.393084
0.393166
0.393206
0.39322
0.393237
0.393256
0.393273
0.393275
0.393246
0.393167
0.393035
0.392853
0.392637
0.392402
0.392163
0.391924
0.391686
0.391437
0.391164
0.390855
0.3905
0.390099
0.389656
0.389182
0.388689
0.388186
0.387678
0.387163
0.386637
0.386089
0.385513
0.384899
0.384244
0.383548
0.382814
0.382048
0.381259
0.380451
0.37963
0.378797
0.377949
0.377082
0.376192
0.375272
0.374319
0.373328
0.372299
0.371233
0.370131
0.368998
0.367838
0.366654
0.365449
0.364224
0.362978
0.361709
0.360414
0.359091
0.357735
0.356343
0.354912
0.353439
0.35192
0.350355
0.348743
0.347083
0.345374
0.343614
0.341802
0.339936
0.338014
0.336033
0.333991
0.331885
0.32971
0.327462
0.325138
0.322734
0.320249
0.317679
0.315024
0.312279
0.309445
0.306525
0.303509
0.300391
0.297173
0.293853
0.290441
0.286924
0.283316
0.279576
0.275725
0.271677
0.267466
0.262929
0.258136
0.252799
0.247079
0.240516
0.386799
0.386338
0.386519
0.386767
0.387099
0.38753
0.387986
0.388521
0.389068
0.389603
0.390104
0.390558
0.390963
0.391324
0.391646
0.391954
0.392254
0.392529
0.392766
0.392955
0.393089
0.393171
0.393211
0.393226
0.393243
0.39326
0.393276
0.393277
0.393246
0.393166
0.393034
0.392853
0.392637
0.392404
0.392165
0.391926
0.391687
0.391437
0.391163
0.390853
0.390498
0.390097
0.389655
0.389183
0.388691
0.388189
0.387681
0.387166
0.386638
0.386091
0.385514
0.3849
0.384245
0.38355
0.382817
0.382052
0.381264
0.380458
0.379638
0.378805
0.377957
0.377091
0.376201
0.375281
0.374328
0.373338
0.37231
0.371245
0.370144
0.369012
0.367853
0.36667
0.365465
0.36424
0.362994
0.361724
0.360428
0.359104
0.357747
0.356354
0.354921
0.353446
0.351927
0.350361
0.348748
0.347087
0.345377
0.343617
0.341805
0.339938
0.338016
0.336034
0.333993
0.331886
0.329711
0.327464
0.32514
0.322737
0.320252
0.317683
0.315029
0.312285
0.309453
0.306533
0.303518
0.300401
0.297183
0.293863
0.290452
0.286935
0.283326
0.279587
0.275735
0.271688
0.267474
0.262935
0.258136
0.252791
0.247054
0.240472
0.386814
0.386337
0.38652
0.386769
0.387103
0.387531
0.387992
0.388524
0.38907
0.389606
0.390109
0.390565
0.390971
0.391332
0.391658
0.391967
0.392265
0.392539
0.392775
0.392962
0.393096
0.393179
0.39322
0.393235
0.393251
0.393268
0.393281
0.39328
0.393246
0.393166
0.393033
0.392854
0.39264
0.392408
0.392169
0.391931
0.39169
0.391439
0.391163
0.390852
0.390497
0.390097
0.389657
0.389186
0.388695
0.388194
0.387686
0.387171
0.386643
0.386094
0.385517
0.384903
0.384249
0.383554
0.382823
0.38206
0.381274
0.380469
0.37965
0.378818
0.377971
0.377104
0.376214
0.375295
0.374342
0.373353
0.372326
0.371262
0.370163
0.369032
0.367874
0.366692
0.365488
0.364263
0.363016
0.361746
0.360449
0.359123
0.357764
0.35637
0.354936
0.353459
0.351938
0.350371
0.348757
0.347095
0.345385
0.343623
0.341811
0.339944
0.338021
0.33604
0.333997
0.331891
0.329716
0.327469
0.325146
0.322744
0.320261
0.317693
0.31504
0.312297
0.309466
0.306548
0.303534
0.300417
0.2972
0.293881
0.29047
0.286953
0.283344
0.279605
0.275752
0.271705
0.267488
0.262946
0.258136
0.252778
0.247012
0.240393
0.386835
0.386337
0.386523
0.386772
0.387109
0.387532
0.388001
0.388528
0.389074
0.389611
0.390116
0.390575
0.390983
0.391345
0.391675
0.391985
0.392282
0.392553
0.392786
0.392972
0.393107
0.39319
0.393231
0.393249
0.393264
0.393278
0.393289
0.393284
0.393247
0.393165
0.393033
0.392855
0.392643
0.392413
0.392175
0.391936
0.391694
0.39144
0.391163
0.39085
0.390495
0.390096
0.389658
0.389189
0.388701
0.388201
0.387693
0.387177
0.386648
0.386098
0.38552
0.384906
0.384252
0.383559
0.38283
0.382071
0.381287
0.380485
0.379667
0.378836
0.37799
0.377124
0.376233
0.375314
0.374362
0.373374
0.372348
0.371286
0.37019
0.369061
0.367905
0.366725
0.365521
0.364296
0.363049
0.361777
0.360479
0.35915
0.357789
0.356392
0.354956
0.353477
0.351954
0.350385
0.348769
0.347106
0.345393
0.343631
0.341817
0.33995
0.338027
0.336045
0.334002
0.331896
0.329721
0.327475
0.325153
0.322752
0.32027
0.317704
0.315053
0.312313
0.309484
0.306567
0.303555
0.300439
0.297223
0.293905
0.290494
0.286978
0.283368
0.27963
0.275776
0.271728
0.267506
0.26296
0.258136
0.252758
0.246953
0.24028
0.386861
0.386335
0.386527
0.386777
0.387116
0.387537
0.388008
0.388534
0.38908
0.389617
0.390124
0.390586
0.390997
0.391361
0.391695
0.392007
0.392301
0.392569
0.3928
0.392984
0.393118
0.393202
0.393245
0.393266
0.393279
0.393291
0.393298
0.393289
0.393249
0.393165
0.393033
0.392857
0.392648
0.39242
0.392183
0.391944
0.3917
0.391443
0.391163
0.390849
0.390494
0.390096
0.38966
0.389195
0.388709
0.38821
0.387703
0.387186
0.386656
0.386105
0.385525
0.38491
0.384258
0.383567
0.382841
0.382085
0.381304
0.380505
0.379689
0.37886
0.378014
0.377148
0.376257
0.375339
0.374387
0.3734
0.372376
0.371316
0.370222
0.369097
0.367943
0.366764
0.365562
0.364337
0.363089
0.361816
0.360515
0.359184
0.35782
0.35642
0.354981
0.353499
0.351973
0.350402
0.348785
0.347119
0.345405
0.343642
0.341827
0.339958
0.338034
0.336052
0.334009
0.331903
0.329729
0.327483
0.325162
0.322763
0.320283
0.31772
0.315071
0.312332
0.309506
0.306592
0.303582
0.300467
0.297252
0.293935
0.290524
0.287009
0.283399
0.279662
0.275805
0.271758
0.26753
0.262979
0.258137
0.252735
0.246879
0.240135
0.386891
0.386334
0.386533
0.386784
0.387124
0.387544
0.388015
0.388541
0.389087
0.389624
0.390134
0.390598
0.391012
0.391381
0.391718
0.392031
0.392322
0.392587
0.392814
0.392997
0.393131
0.393216
0.393262
0.393286
0.393298
0.393307
0.393311
0.393297
0.393253
0.393166
0.393035
0.392861
0.392655
0.392429
0.392194
0.391954
0.391707
0.391448
0.391164
0.390848
0.390493
0.390097
0.389664
0.389201
0.388718
0.388222
0.387715
0.387198
0.386666
0.386113
0.385531
0.384917
0.384265
0.383577
0.382854
0.382101
0.381325
0.380529
0.379716
0.378887
0.378042
0.377176
0.376286
0.375367
0.374416
0.37343
0.372409
0.371351
0.37026
0.369138
0.367987
0.366811
0.36561
0.364385
0.363136
0.361861
0.360558
0.359224
0.357857
0.356453
0.35501
0.353525
0.351996
0.350423
0.348803
0.347135
0.34542
0.343655
0.341838
0.339969
0.338044
0.336061
0.334018
0.331911
0.329737
0.327492
0.325173
0.322776
0.320299
0.317737
0.315091
0.312356
0.309532
0.306622
0.303613
0.300501
0.297287
0.293971
0.290561
0.287046
0.283436
0.2797
0.275841
0.271793
0.267558
0.263002
0.258139
0.252708
0.246793
0.239962
0.386924
0.386332
0.386539
0.386792
0.387133
0.387553
0.388025
0.388548
0.389094
0.389632
0.390143
0.39061
0.391029
0.391402
0.391743
0.392055
0.392345
0.392606
0.39283
0.393011
0.393145
0.393231
0.393281
0.393307
0.393319
0.393326
0.393325
0.393307
0.393258
0.393169
0.393038
0.392867
0.392664
0.392442
0.392207
0.391967
0.391718
0.391454
0.391167
0.390849
0.390493
0.390098
0.389669
0.38921
0.388731
0.388236
0.38773
0.387212
0.386678
0.386123
0.38554
0.384925
0.384274
0.383588
0.382869
0.382121
0.381349
0.380556
0.379746
0.378919
0.378074
0.377209
0.376318
0.375399
0.374449
0.373464
0.372445
0.37139
0.370303
0.369184
0.368036
0.366862
0.365662
0.364438
0.363188
0.361911
0.360605
0.359268
0.357897
0.356489
0.355042
0.353554
0.352022
0.350445
0.348823
0.347154
0.345436
0.343669
0.341852
0.339981
0.338056
0.336072
0.334029
0.331921
0.329748
0.327504
0.325187
0.322792
0.320316
0.317758
0.315115
0.312383
0.309563
0.306655
0.303649
0.300539
0.297326
0.294012
0.290602
0.287089
0.283478
0.279743
0.275882
0.271834
0.267591
0.263029
0.258143
0.25268
0.246697
0.239765
0.386959
0.38633
0.386546
0.386801
0.387144
0.387562
0.388036
0.388556
0.3891
0.38964
0.390153
0.390623
0.391046
0.391424
0.391767
0.392081
0.392368
0.392625
0.392845
0.393025
0.393159
0.393247
0.393301
0.39333
0.393342
0.393347
0.393342
0.393318
0.393265
0.393174
0.393043
0.392874
0.392676
0.392456
0.392223
0.391982
0.39173
0.391463
0.391172
0.390851
0.390494
0.390102
0.389675
0.389221
0.388745
0.388253
0.387747
0.387228
0.386692
0.386135
0.385551
0.384935
0.384286
0.383603
0.382887
0.382144
0.381376
0.380587
0.37978
0.378955
0.37811
0.377244
0.376354
0.375435
0.374485
0.373502
0.372484
0.371433
0.370348
0.369233
0.368089
0.366917
0.365719
0.364494
0.363243
0.361965
0.360656
0.359316
0.357941
0.356529
0.355078
0.353585
0.35205
0.35047
0.348846
0.347174
0.345455
0.343686
0.341867
0.339995
0.338069
0.336085
0.334041
0.331934
0.32976
0.327518
0.325202
0.322809
0.320337
0.317782
0.315142
0.312413
0.309596
0.306692
0.303689
0.300581
0.29737
0.294058
0.290648
0.287136
0.283524
0.27979
0.275927
0.271879
0.267629
0.263059
0.258149
0.252651
0.246593
0.239546
0.386995
0.386327
0.386553
0.386811
0.387155
0.387573
0.388047
0.388565
0.389107
0.389647
0.390162
0.390636
0.391063
0.391447
0.391792
0.392106
0.392391
0.392645
0.392861
0.393038
0.393173
0.393264
0.393322
0.393354
0.393367
0.39337
0.393361
0.393331
0.393273
0.39318
0.39305
0.392884
0.392689
0.392473
0.392242
0.391999
0.391745
0.391473
0.391179
0.390855
0.390498
0.390107
0.389684
0.389234
0.388761
0.388272
0.387767
0.387247
0.386709
0.38615
0.385564
0.384948
0.384299
0.383619
0.382908
0.382169
0.381406
0.380621
0.379816
0.378993
0.378149
0.377283
0.376392
0.375473
0.374523
0.373541
0.372526
0.371477
0.370397
0.369285
0.368144
0.366974
0.365778
0.364554
0.363302
0.362021
0.360709
0.359366
0.357987
0.356571
0.355115
0.353619
0.35208
0.350497
0.34887
0.347196
0.345475
0.343704
0.341884
0.340011
0.338084
0.336099
0.334055
0.331947
0.329775
0.327533
0.325219
0.322829
0.320359
0.317807
0.315171
0.312446
0.309633
0.306732
0.303732
0.300627
0.297417
0.294107
0.290698
0.287187
0.283575
0.279842
0.275977
0.271929
0.26767
0.263094
0.258158
0.252622
0.246484
0.239309
0.387032
0.386325
0.38656
0.386821
0.387168
0.387584
0.388059
0.388575
0.389114
0.389654
0.39017
0.390648
0.391081
0.391469
0.391817
0.392131
0.392414
0.392664
0.392877
0.393052
0.393186
0.393281
0.393343
0.393378
0.393393
0.393394
0.39338
0.393346
0.393283
0.393188
0.393058
0.392895
0.392704
0.392491
0.392262
0.392019
0.391761
0.391486
0.391187
0.390861
0.390503
0.390114
0.389695
0.389249
0.38878
0.388293
0.387789
0.387268
0.386728
0.386166
0.385579
0.384962
0.384315
0.383637
0.38293
0.382196
0.381438
0.380657
0.379855
0.379033
0.37819
0.377324
0.376432
0.375513
0.374564
0.373583
0.37257
0.371524
0.370446
0.369338
0.3682
0.367034
0.365838
0.364615
0.363362
0.362079
0.360765
0.359417
0.358034
0.356614
0.355155
0.353654
0.352112
0.350526
0.348896
0.34722
0.345496
0.343724
0.341902
0.340029
0.338101
0.336116
0.334071
0.331963
0.329791
0.32755
0.325238
0.32285
0.320384
0.317835
0.315203
0.312482
0.309672
0.306775
0.303778
0.300675
0.297468
0.294159
0.290751
0.287241
0.283629
0.279897
0.27603
0.271982
0.267716
0.263133
0.25817
0.252595
0.246372
0.239055
0.387068
0.386321
0.386568
0.386831
0.38718
0.387596
0.38807
0.388584
0.389121
0.38966
0.390178
0.39066
0.391097
0.39149
0.391841
0.392156
0.392436
0.392683
0.392892
0.393065
0.3932
0.393298
0.393363
0.393402
0.39342
0.393418
0.393401
0.393361
0.393294
0.393196
0.393067
0.392907
0.392721
0.392512
0.392284
0.39204
0.39178
0.391501
0.391198
0.390869
0.39051
0.390123
0.389707
0.389265
0.388801
0.388316
0.387813
0.387291
0.38675
0.386185
0.385596
0.384978
0.384332
0.383657
0.382955
0.382225
0.381471
0.380695
0.379896
0.379076
0.378233
0.377366
0.376474
0.375554
0.374605
0.373625
0.372614
0.371571
0.370497
0.369393
0.368258
0.367094
0.3659
0.364677
0.363423
0.362138
0.360821
0.35947
0.358083
0.356659
0.355195
0.353691
0.352145
0.350556
0.348924
0.347245
0.34552
0.343746
0.341923
0.340048
0.338119
0.336133
0.334088
0.331981
0.329809
0.327569
0.325259
0.322874
0.32041
0.317865
0.315236
0.312519
0.309713
0.30682
0.303826
0.300726
0.297521
0.294214
0.290807
0.287299
0.283686
0.279955
0.276086
0.272039
0.267765
0.263175
0.258186
0.252571
0.246257
0.238787
0.387104
0.386317
0.386576
0.386842
0.387194
0.387608
0.388081
0.388594
0.389129
0.389666
0.390186
0.390671
0.391113
0.39151
0.391864
0.392179
0.392458
0.392701
0.392907
0.393077
0.393213
0.393314
0.393383
0.393426
0.393447
0.393443
0.393422
0.393377
0.393306
0.393206
0.393077
0.392921
0.392738
0.392533
0.392308
0.392063
0.391801
0.391517
0.39121
0.390878
0.390519
0.390133
0.389721
0.389284
0.388823
0.388341
0.387839
0.387317
0.386773
0.386206
0.385615
0.384997
0.384352
0.383679
0.38298
0.382256
0.381507
0.380734
0.379938
0.379119
0.378277
0.37741
0.376517
0.375597
0.374648
0.373669
0.372659
0.371619
0.370549
0.369447
0.368316
0.367154
0.365962
0.364739
0.363484
0.362198
0.360878
0.359523
0.358132
0.356704
0.355236
0.353728
0.352179
0.350588
0.348952
0.347271
0.345544
0.343769
0.341944
0.340069
0.338139
0.336153
0.334107
0.332
0.329829
0.32759
0.325282
0.322899
0.320438
0.317897
0.315272
0.312559
0.309756
0.306867
0.303877
0.30078
0.297576
0.294272
0.290865
0.287358
0.283746
0.280016
0.276146
0.272098
0.267818
0.263221
0.258205
0.252551
0.246142
0.238508
0.387137
0.386313
0.386583
0.386852
0.387206
0.38762
0.388092
0.388603
0.389136
0.389672
0.390193
0.390681
0.391128
0.39153
0.391887
0.392202
0.392479
0.392718
0.392921
0.393089
0.393226
0.393329
0.393403
0.39345
0.393473
0.393468
0.393443
0.393393
0.393318
0.393216
0.393088
0.392935
0.392757
0.392555
0.392332
0.392088
0.391822
0.391535
0.391224
0.390889
0.39053
0.390145
0.389737
0.389303
0.388847
0.388368
0.387867
0.387343
0.386798
0.386229
0.385635
0.385016
0.384372
0.383702
0.383007
0.382287
0.381543
0.380774
0.379981
0.379164
0.378322
0.377455
0.376561
0.37564
0.374691
0.373713
0.372705
0.371667
0.3706
0.369502
0.368374
0.367214
0.366024
0.364801
0.363545
0.362257
0.360934
0.359576
0.358181
0.356749
0.355278
0.353766
0.352214
0.35062
0.348982
0.347299
0.34557
0.343793
0.341967
0.340091
0.33816
0.336173
0.334128
0.332021
0.32985
0.327613
0.325306
0.322926
0.320469
0.31793
0.315309
0.3126
0.309801
0.306915
0.303929
0.300835
0.297634
0.294331
0.290925
0.28742
0.283808
0.28008
0.276208
0.27216
0.267873
0.26327
0.258229
0.252534
0.246028
0.23822
0.387171
0.386309
0.386591
0.386863
0.38722
0.387633
0.388103
0.388612
0.389143
0.389678
0.390199
0.390691
0.391142
0.391548
0.391908
0.392223
0.392498
0.392734
0.392934
0.3931
0.393238
0.393344
0.393421
0.393473
0.393498
0.393493
0.393464
0.39341
0.39333
0.393227
0.3931
0.392949
0.392776
0.392578
0.392357
0.392113
0.391845
0.391554
0.39124
0.390902
0.390542
0.390159
0.389753
0.389324
0.388872
0.388395
0.387895
0.387371
0.386824
0.386252
0.385657
0.385037
0.384394
0.383727
0.383035
0.382319
0.381579
0.380814
0.380024
0.379208
0.378367
0.377499
0.376605
0.375683
0.374734
0.373756
0.37275
0.371715
0.370651
0.369556
0.36843
0.367273
0.366084
0.364862
0.363606
0.362315
0.36099
0.359629
0.358231
0.356794
0.355319
0.353805
0.35225
0.350653
0.349012
0.347328
0.345597
0.343819
0.341992
0.340114
0.338183
0.336196
0.33415
0.332043
0.329873
0.327638
0.325333
0.322955
0.3205
0.317965
0.315347
0.312642
0.309847
0.306965
0.303983
0.300892
0.297693
0.294392
0.290988
0.287484
0.283872
0.280145
0.276272
0.272225
0.267932
0.263323
0.258257
0.252523
0.245917
0.237924
0.387201
0.386304
0.386598
0.386873
0.387232
0.387645
0.388114
0.38862
0.389149
0.389683
0.390205
0.3907
0.391155
0.391565
0.391927
0.392244
0.392517
0.392749
0.392946
0.39311
0.393249
0.393357
0.393439
0.393495
0.393521
0.393516
0.393484
0.393426
0.393343
0.393237
0.393111
0.392964
0.392794
0.392601
0.392382
0.392138
0.391868
0.391574
0.391256
0.390916
0.390555
0.390173
0.389771
0.389346
0.388897
0.388423
0.387924
0.3874
0.386851
0.386277
0.38568
0.38506
0.384417
0.383752
0.383064
0.382352
0.381616
0.380855
0.380067
0.379253
0.378412
0.377544
0.376649
0.375726
0.374777
0.3738
0.372795
0.371762
0.3707
0.369609
0.368486
0.367331
0.366143
0.364921
0.363665
0.362373
0.361045
0.359681
0.358279
0.356839
0.355361
0.353843
0.352285
0.350686
0.349044
0.347357
0.345625
0.343845
0.342018
0.340139
0.338207
0.336219
0.334173
0.332067
0.329898
0.327664
0.32536
0.322985
0.320533
0.318002
0.315387
0.312686
0.309895
0.307016
0.304038
0.30095
0.297753
0.294454
0.291051
0.287549
0.283937
0.280211
0.276338
0.272291
0.267994
0.263378
0.258289
0.252516
0.245809
0.237623
0.387231
0.386301
0.386607
0.386883
0.387245
0.387658
0.388125
0.388628
0.389155
0.389688
0.39021
0.390708
0.391167
0.391581
0.391946
0.392263
0.392534
0.392764
0.392958
0.39312
0.393259
0.39337
0.393456
0.393516
0.393543
0.39354
0.393504
0.393442
0.393355
0.393248
0.393123
0.392978
0.392813
0.392623
0.392407
0.392163
0.391892
0.391594
0.391273
0.39093
0.390569
0.390189
0.389789
0.389368
0.388923
0.388452
0.387954
0.387429
0.386879
0.386303
0.385704
0.385082
0.38444
0.383777
0.383092
0.382385
0.381653
0.380895
0.38011
0.379297
0.378457
0.377588
0.376692
0.375769
0.374819
0.373842
0.372839
0.371808
0.370749
0.36966
0.36854
0.367388
0.366201
0.36498
0.363722
0.362429
0.361099
0.359732
0.358327
0.356884
0.355402
0.353882
0.352321
0.350719
0.349075
0.347387
0.345654
0.343873
0.342044
0.340165
0.338232
0.336244
0.334198
0.332092
0.329924
0.327691
0.32539
0.323016
0.320567
0.318039
0.315428
0.312731
0.309943
0.307068
0.304094
0.301008
0.297814
0.294517
0.291115
0.287614
0.284003
0.280279
0.276405
0.272359
0.268057
0.263437
0.258326
0.252516
0.245707
0.237318
0.387257
0.386297
0.386614
0.386892
0.387256
0.387669
0.388134
0.388635
0.38916
0.389692
0.390216
0.390715
0.391178
0.391595
0.391963
0.39228
0.39255
0.392777
0.392969
0.393129
0.393268
0.393382
0.393472
0.393535
0.393564
0.393562
0.393523
0.393457
0.393367
0.393258
0.393134
0.392992
0.392831
0.392645
0.392431
0.392188
0.391915
0.391615
0.39129
0.390945
0.390583
0.390204
0.389808
0.389391
0.388949
0.388481
0.387984
0.387459
0.386907
0.386329
0.385728
0.385106
0.384464
0.383803
0.383121
0.382417
0.381689
0.380935
0.380152
0.379341
0.3785
0.377631
0.376734
0.37581
0.37486
0.373884
0.372882
0.371853
0.370797
0.36971
0.368593
0.367442
0.366257
0.365036
0.363778
0.362484
0.361152
0.359782
0.358374
0.356928
0.355443
0.35392
0.352357
0.350753
0.349107
0.347418
0.345683
0.343902
0.342072
0.340192
0.338258
0.33627
0.334224
0.332119
0.329952
0.32772
0.32542
0.323049
0.320603
0.318078
0.31547
0.312776
0.309993
0.307121
0.30415
0.301068
0.297875
0.294581
0.291181
0.287681
0.284071
0.280348
0.276474
0.272429
0.268123
0.263499
0.258367
0.252522
0.24561
0.237011
0.387283
0.386295
0.386622
0.386902
0.387267
0.38768
0.388144
0.388643
0.389165
0.389697
0.39022
0.390722
0.391189
0.391609
0.391979
0.392297
0.392565
0.392789
0.392979
0.393138
0.393276
0.393393
0.393486
0.393552
0.393583
0.393582
0.393541
0.393472
0.393378
0.393268
0.393145
0.393006
0.392848
0.392666
0.392455
0.392212
0.391938
0.391635
0.391308
0.390961
0.390598
0.39022
0.389827
0.389413
0.388975
0.388509
0.388014
0.387488
0.386934
0.386355
0.385752
0.385129
0.384488
0.383828
0.383149
0.382449
0.381725
0.380973
0.380193
0.379383
0.378543
0.377674
0.376776
0.375851
0.3749
0.373925
0.372924
0.371897
0.370842
0.369759
0.368644
0.367495
0.366311
0.36509
0.363833
0.362537
0.361203
0.359831
0.35842
0.356971
0.355484
0.353958
0.352393
0.350787
0.34914
0.347449
0.345713
0.343931
0.3421
0.340219
0.338286
0.336297
0.334252
0.332147
0.32998
0.32775
0.325452
0.323083
0.320639
0.318117
0.315513
0.312822
0.310042
0.307174
0.304207
0.301128
0.297938
0.294645
0.291246
0.287748
0.284139
0.280418
0.276544
0.272499
0.268191
0.263563
0.258413
0.252534
0.24552
0.236705
0.387304
0.386291
0.386629
0.38691
0.387276
0.387689
0.388152
0.388649
0.38917
0.3897
0.390225
0.390729
0.391198
0.391622
0.391994
0.392312
0.392579
0.392801
0.392987
0.393145
0.393284
0.393403
0.393499
0.393568
0.393601
0.393602
0.393558
0.393485
0.393389
0.393278
0.393155
0.393019
0.392865
0.392686
0.392477
0.392235
0.39196
0.391655
0.391325
0.390976
0.390613
0.390237
0.389845
0.389435
0.389
0.388537
0.388043
0.387517
0.386962
0.386381
0.385777
0.385153
0.384512
0.383854
0.383178
0.382481
0.381759
0.381011
0.380233
0.379424
0.378585
0.377715
0.376816
0.375891
0.37494
0.373964
0.372964
0.371939
0.370887
0.369806
0.368693
0.367546
0.366363
0.365143
0.363885
0.362588
0.361253
0.359878
0.358465
0.357013
0.355523
0.353995
0.352428
0.350821
0.349172
0.347481
0.345744
0.343961
0.342129
0.340248
0.338314
0.336325
0.33428
0.332176
0.33001
0.327781
0.325484
0.323118
0.320677
0.318158
0.315557
0.312869
0.310093
0.307228
0.304264
0.301188
0.298
0.29471
0.291312
0.287816
0.284207
0.280487
0.276614
0.272571
0.268261
0.263629
0.258463
0.252552
0.245437
0.2364
0.387326
0.38629
0.386638
0.386919
0.387286
0.387698
0.38816
0.388655
0.389174
0.389704
0.390229
0.390735
0.391207
0.391633
0.392008
0.392326
0.392592
0.392811
0.392995
0.393152
0.39329
0.393412
0.393511
0.393582
0.393617
0.39362
0.393573
0.393498
0.3934
0.393287
0.393165
0.393031
0.39288
0.392705
0.392499
0.392258
0.391982
0.391674
0.391342
0.390992
0.390628
0.390252
0.389863
0.389456
0.389024
0.388564
0.388071
0.387545
0.386989
0.386406
0.385801
0.385176
0.384536
0.383879
0.383205
0.382511
0.381793
0.381048
0.380272
0.379464
0.378625
0.377754
0.376855
0.375929
0.374978
0.374002
0.373003
0.371979
0.370929
0.36985
0.36874
0.367595
0.366413
0.365194
0.363935
0.362638
0.361301
0.359924
0.358508
0.357055
0.355563
0.354033
0.352464
0.350855
0.349205
0.347512
0.345775
0.343991
0.342159
0.340277
0.338343
0.336354
0.334309
0.332206
0.330041
0.327813
0.325518
0.323154
0.320715
0.318199
0.315601
0.312917
0.310143
0.307281
0.304321
0.301248
0.298063
0.294774
0.291379
0.287884
0.284276
0.280558
0.276685
0.272643
0.268331
0.263698
0.258517
0.252577
0.245363
0.236098
0.387344
0.386288
0.386644
0.386925
0.387293
0.387705
0.388166
0.38866
0.389178
0.389707
0.390233
0.39074
0.391215
0.391644
0.39202
0.392339
0.392604
0.39282
0.393002
0.393158
0.393296
0.393419
0.393521
0.393594
0.393633
0.393637
0.393587
0.39351
0.393409
0.393296
0.393174
0.393042
0.392894
0.392723
0.392519
0.392279
0.392002
0.391693
0.391359
0.391007
0.390643
0.390268
0.389881
0.389477
0.389048
0.38859
0.388098
0.387573
0.387016
0.386432
0.385825
0.385199
0.384559
0.383904
0.383232
0.382541
0.381826
0.381083
0.380309
0.379502
0.378663
0.377793
0.376893
0.375966
0.375014
0.374039
0.373041
0.372018
0.37097
0.369893
0.368785
0.367641
0.366461
0.365242
0.363984
0.362685
0.361347
0.359969
0.358551
0.357095
0.355601
0.354069
0.352499
0.350889
0.349238
0.347544
0.345806
0.344022
0.342189
0.340307
0.338373
0.336384
0.33434
0.332236
0.330073
0.327846
0.325553
0.32319
0.320754
0.31824
0.315645
0.312964
0.310194
0.307335
0.304378
0.301308
0.298125
0.294839
0.291445
0.287951
0.284345
0.280628
0.276756
0.272715
0.268403
0.263768
0.258575
0.252608
0.245298
0.2358
0.387361
0.386288
0.386652
0.386933
0.387301
0.387712
0.388172
0.388665
0.389181
0.38971
0.390236
0.390745
0.391222
0.391653
0.392031
0.39235
0.392614
0.392829
0.393008
0.393162
0.393301
0.393425
0.393529
0.393606
0.393647
0.393652
0.3936
0.393521
0.393418
0.393303
0.393182
0.393052
0.392908
0.392739
0.392538
0.392299
0.392022
0.391712
0.391375
0.391022
0.390657
0.390283
0.389898
0.389497
0.389071
0.388615
0.388124
0.387599
0.387042
0.386456
0.385848
0.385222
0.384582
0.383927
0.383258
0.382569
0.381857
0.381117
0.380345
0.379539
0.3787
0.37783
0.376929
0.376002
0.37505
0.374074
0.373077
0.372056
0.371009
0.369934
0.368827
0.367686
0.366507
0.365288
0.36403
0.362731
0.361392
0.360012
0.358592
0.357134
0.355639
0.354105
0.352534
0.350923
0.349271
0.347576
0.345837
0.344053
0.34222
0.340337
0.338403
0.336415
0.334371
0.332268
0.330105
0.32788
0.325588
0.323227
0.320794
0.318282
0.31569
0.313012
0.310245
0.307389
0.304434
0.301368
0.298187
0.294903
0.291511
0.288019
0.284414
0.280698
0.276827
0.272788
0.268476
0.26384
0.258637
0.252646
0.245242
0.23551
0.387375
0.386287
0.386657
0.386938
0.387306
0.387717
0.388176
0.388667
0.389183
0.389711
0.390239
0.390749
0.391228
0.391662
0.392041
0.39236
0.392623
0.392836
0.393013
0.393167
0.393305
0.39343
0.393537
0.393616
0.39366
0.393665
0.393613
0.393532
0.393427
0.393311
0.39319
0.393062
0.39292
0.392755
0.392556
0.392318
0.392041
0.391729
0.391391
0.391036
0.390671
0.390298
0.389915
0.389516
0.389093
0.388639
0.38815
0.387625
0.387067
0.38648
0.385871
0.385244
0.384604
0.383951
0.383283
0.382597
0.381887
0.381149
0.380379
0.379574
0.378736
0.377865
0.376964
0.376036
0.375083
0.374108
0.373111
0.372091
0.371047
0.369973
0.368868
0.367728
0.36655
0.365333
0.364075
0.362775
0.361435
0.360053
0.358632
0.357173
0.355676
0.354141
0.352568
0.350956
0.349303
0.347608
0.345869
0.344084
0.342251
0.340368
0.338434
0.336446
0.334402
0.3323
0.330138
0.327914
0.325624
0.323265
0.320834
0.318325
0.315735
0.31306
0.310296
0.307442
0.304491
0.301427
0.298249
0.294967
0.291576
0.288086
0.284482
0.280768
0.276899
0.272861
0.26855
0.263913
0.258702
0.25269
0.245196
0.235226
0.387389
0.386287
0.386664
0.386944
0.387312
0.387723
0.38818
0.38867
0.389185
0.389713
0.390241
0.390753
0.391234
0.391669
0.39205
0.39237
0.392632
0.392843
0.393018
0.39317
0.393308
0.393435
0.393544
0.393625
0.393671
0.393677
0.393624
0.393541
0.393435
0.393318
0.393197
0.393071
0.392932
0.392769
0.392573
0.392336
0.392059
0.391746
0.391407
0.391051
0.390685
0.390313
0.389931
0.389534
0.389113
0.388662
0.388174
0.387649
0.387091
0.386503
0.385893
0.385266
0.384625
0.383973
0.383307
0.382623
0.381916
0.38118
0.380411
0.379608
0.37877
0.377899
0.376997
0.376069
0.375116
0.374141
0.373144
0.372126
0.371082
0.370011
0.368907
0.367769
0.366592
0.365375
0.364117
0.362817
0.361476
0.360094
0.358671
0.35721
0.355712
0.354175
0.352602
0.350989
0.349336
0.34764
0.3459
0.344115
0.342282
0.340399
0.338465
0.336478
0.334434
0.332333
0.330172
0.327949
0.32566
0.323304
0.320874
0.318368
0.31578
0.313108
0.310346
0.307495
0.304547
0.301487
0.298311
0.295031
0.291641
0.288153
0.28455
0.280838
0.27697
0.272934
0.268624
0.263987
0.258771
0.25274
0.24516
0.234951
0.387399
0.386287
0.386668
0.386948
0.387316
0.387726
0.388182
0.388671
0.389185
0.389714
0.390242
0.390756
0.391238
0.391675
0.392057
0.392378
0.392639
0.392849
0.393022
0.393173
0.393312
0.393439
0.39355
0.393634
0.393682
0.393688
0.393635
0.393551
0.393443
0.393325
0.393205
0.39308
0.392943
0.392783
0.392589
0.392353
0.392076
0.391763
0.391422
0.391065
0.390699
0.390327
0.389947
0.389552
0.389133
0.388684
0.388197
0.387673
0.387114
0.386526
0.385914
0.385286
0.384646
0.383995
0.38333
0.382648
0.381943
0.381209
0.380442
0.37964
0.378802
0.377931
0.377029
0.3761
0.375147
0.374172
0.373176
0.372158
0.371116
0.370046
0.368944
0.367807
0.366631
0.365415
0.364158
0.362858
0.361516
0.360132
0.358709
0.357247
0.355747
0.35421
0.352635
0.351022
0.349368
0.347672
0.345932
0.344146
0.342313
0.340431
0.338497
0.33651
0.334467
0.332367
0.330207
0.327985
0.325697
0.323342
0.320915
0.318411
0.315826
0.313156
0.310397
0.307549
0.304602
0.301545
0.298372
0.295094
0.291706
0.288219
0.284618
0.280907
0.277041
0.273007
0.268698
0.264062
0.258843
0.252796
0.245136
0.234684
0.387407
0.386287
0.386673
0.386953
0.387321
0.38773
0.388185
0.388673
0.389186
0.389714
0.390243
0.390758
0.391242
0.391681
0.392064
0.392385
0.392646
0.392855
0.393026
0.393176
0.393315
0.393443
0.393555
0.393641
0.393691
0.393698
0.393645
0.39356
0.39345
0.393332
0.393212
0.393089
0.392954
0.392796
0.392604
0.39237
0.392093
0.391779
0.391437
0.391078
0.390712
0.390341
0.389962
0.389569
0.389153
0.388705
0.38822
0.387696
0.387137
0.386547
0.385935
0.385307
0.384667
0.384016
0.383353
0.382673
0.381969
0.381237
0.380472
0.37967
0.378833
0.377962
0.377059
0.37613
0.375177
0.374202
0.373206
0.372189
0.371148
0.37008
0.36898
0.367844
0.366669
0.365454
0.364196
0.362896
0.361554
0.36017
0.358745
0.357282
0.355781
0.354243
0.352668
0.351054
0.3494
0.347703
0.345963
0.344178
0.342345
0.340463
0.338529
0.336542
0.3345
0.3324
0.330241
0.32802
0.325735
0.323381
0.320956
0.318454
0.315871
0.313204
0.310447
0.307601
0.304658
0.301604
0.298433
0.295156
0.29177
0.288285
0.284685
0.280976
0.277112
0.273079
0.268773
0.264138
0.258917
0.252858
0.245123
0.234429
0.387413
0.386287
0.386675
0.386956
0.387324
0.387732
0.388185
0.388672
0.389185
0.389713
0.390243
0.390759
0.391245
0.391686
0.39207
0.392392
0.392652
0.39286
0.39303
0.393179
0.393317
0.393446
0.39356
0.393648
0.3937
0.393707
0.393655
0.393568
0.393458
0.393339
0.393219
0.393097
0.392964
0.392808
0.392618
0.392386
0.392109
0.391794
0.391451
0.391092
0.390725
0.390354
0.389977
0.389585
0.389171
0.388725
0.388241
0.387718
0.387158
0.386568
0.385956
0.385327
0.384687
0.384037
0.383375
0.382696
0.381995
0.381264
0.3805
0.379699
0.378863
0.377991
0.377089
0.376159
0.375205
0.37423
0.373235
0.372219
0.371179
0.370112
0.369013
0.367879
0.366705
0.36549
0.364233
0.362933
0.361591
0.360206
0.358781
0.357316
0.355815
0.354276
0.3527
0.351086
0.349431
0.347735
0.345994
0.344209
0.342376
0.340494
0.338561
0.336575
0.334533
0.332434
0.330276
0.328057
0.325772
0.32342
0.320996
0.318497
0.315916
0.313251
0.310497
0.307654
0.304712
0.301661
0.298493
0.295218
0.291834
0.28835
0.284751
0.281044
0.277182
0.273152
0.268848
0.264215
0.258994
0.252925
0.245122
0.234186
0.387418
0.386287
0.386678
0.386958
0.387326
0.387733
0.388185
0.388671
0.389184
0.389712
0.390242
0.39076
0.391247
0.39169
0.392076
0.392398
0.392658
0.392865
0.393033
0.393181
0.393319
0.393448
0.393564
0.393654
0.393707
0.393715
0.393663
0.393576
0.393465
0.393346
0.393226
0.393105
0.392974
0.39282
0.392632
0.3924
0.392124
0.391809
0.391466
0.391106
0.390738
0.390368
0.389991
0.389601
0.389189
0.388744
0.388262
0.387739
0.387179
0.386589
0.385975
0.385346
0.384706
0.384057
0.383396
0.382719
0.382019
0.38129
0.380527
0.379727
0.378891
0.37802
0.377117
0.376187
0.375233
0.374258
0.373264
0.372248
0.371209
0.370143
0.369046
0.367912
0.36674
0.365526
0.364269
0.362969
0.361626
0.360241
0.358815
0.35735
0.355848
0.354308
0.352732
0.351117
0.349462
0.347766
0.346026
0.34424
0.342408
0.340526
0.338594
0.336608
0.334567
0.332469
0.330312
0.328093
0.32581
0.32346
0.321037
0.31854
0.315961
0.313299
0.310547
0.307706
0.304766
0.301718
0.298552
0.295279
0.291896
0.288414
0.284817
0.281112
0.277251
0.273223
0.268922
0.264292
0.259072
0.252996
0.245133
0.233959
0.38742
0.386287
0.386679
0.386959
0.387327
0.387733
0.388184
0.388669
0.389181
0.38971
0.390241
0.39076
0.391249
0.391693
0.39208
0.392402
0.392662
0.392869
0.393035
0.393183
0.39332
0.39345
0.393567
0.393658
0.393714
0.393722
0.393671
0.393583
0.393472
0.393352
0.393233
0.393113
0.392983
0.392831
0.392645
0.392415
0.392139
0.391824
0.391479
0.391119
0.390751
0.390381
0.390005
0.389617
0.389206
0.388763
0.388281
0.387759
0.3872
0.386609
0.385995
0.385365
0.384725
0.384076
0.383416
0.38274
0.382042
0.381315
0.380553
0.379754
0.378918
0.378047
0.377144
0.376214
0.37526
0.374285
0.373291
0.372276
0.371238
0.370173
0.369077
0.367944
0.366773
0.36556
0.364303
0.363004
0.361661
0.360275
0.358849
0.357383
0.35588
0.35434
0.352764
0.351149
0.349494
0.347797
0.346057
0.344272
0.34244
0.340558
0.338626
0.336641
0.334601
0.332503
0.330347
0.32813
0.325848
0.323499
0.321078
0.318583
0.316006
0.313345
0.310596
0.307757
0.30482
0.301775
0.298611
0.295339
0.291958
0.288477
0.284882
0.281179
0.27732
0.273294
0.268996
0.264368
0.259153
0.253072
0.245156
0.233749
0.387421
0.386288
0.38668
0.38696
0.387327
0.387732
0.388183
0.388667
0.389179
0.389708
0.39024
0.390759
0.39125
0.391695
0.392083
0.392406
0.392666
0.392872
0.393037
0.393183
0.39332
0.393451
0.393569
0.393662
0.393719
0.393728
0.393678
0.393589
0.393478
0.393358
0.393239
0.393119
0.392991
0.392841
0.392656
0.392428
0.392153
0.391837
0.391492
0.391131
0.390763
0.390393
0.390018
0.389631
0.389222
0.38878
0.3883
0.387778
0.387219
0.386628
0.386013
0.385384
0.384744
0.384095
0.383436
0.382761
0.382064
0.381338
0.380578
0.37978
0.378944
0.378073
0.377171
0.37624
0.375286
0.374311
0.373317
0.372303
0.371266
0.370202
0.369107
0.367975
0.366805
0.365592
0.364336
0.363037
0.361694
0.360308
0.358882
0.357416
0.355912
0.354372
0.352795
0.35118
0.349525
0.347828
0.346088
0.344303
0.342471
0.340591
0.338659
0.336674
0.334635
0.332538
0.330383
0.328166
0.325886
0.323538
0.321119
0.318625
0.316051
0.313392
0.310645
0.307808
0.304872
0.30183
0.298668
0.295398
0.292019
0.28854
0.284946
0.281244
0.277388
0.273364
0.26907
0.264445
0.259234
0.253152
0.245191
0.233564
0.38742
0.386289
0.386679
0.38696
0.387326
0.387731
0.38818
0.388664
0.389176
0.389704
0.390237
0.390758
0.391249
0.391696
0.392085
0.392408
0.392668
0.392874
0.393038
0.393183
0.39332
0.393451
0.39357
0.393664
0.393723
0.393733
0.393683
0.393595
0.393482
0.393363
0.393244
0.393125
0.392998
0.39285
0.392666
0.392439
0.392165
0.391849
0.391504
0.391143
0.390775
0.390405
0.39003
0.389644
0.389236
0.388796
0.388317
0.387796
0.387237
0.386646
0.386031
0.385401
0.384761
0.384113
0.383455
0.382781
0.382085
0.38136
0.380601
0.379804
0.378969
0.378098
0.377196
0.376265
0.375311
0.374336
0.373342
0.372329
0.371292
0.370229
0.369135
0.368005
0.366835
0.365623
0.364368
0.363069
0.361726
0.36034
0.358913
0.357447
0.355943
0.354403
0.352826
0.35121
0.349555
0.347859
0.346119
0.344335
0.342503
0.340623
0.338692
0.336708
0.334669
0.332573
0.330418
0.328203
0.325924
0.323577
0.32116
0.318667
0.316095
0.313438
0.310693
0.307858
0.304924
0.301884
0.298725
0.295457
0.292079
0.288601
0.285009
0.281309
0.277454
0.273434
0.269142
0.264521
0.259315
0.253235
0.24524
0.233409
0.387416
0.386291
0.386678
0.386958
0.387324
0.387728
0.388177
0.38866
0.389171
0.3897
0.390234
0.390755
0.391248
0.391696
0.392085
0.39241
0.392669
0.392875
0.393038
0.393182
0.393319
0.39345
0.393571
0.393666
0.393725
0.393736
0.393687
0.393599
0.393486
0.393366
0.393247
0.393129
0.393004
0.392857
0.392675
0.392449
0.392175
0.39186
0.391515
0.391153
0.390785
0.390415
0.390041
0.389656
0.389249
0.38881
0.388332
0.387812
0.387253
0.386662
0.386047
0.385417
0.384777
0.384129
0.383472
0.382799
0.382104
0.381381
0.380622
0.379826
0.378992
0.378122
0.377219
0.376288
0.375334
0.37436
0.373366
0.372353
0.371317
0.370255
0.369162
0.368032
0.366863
0.365652
0.364398
0.363099
0.361757
0.360371
0.358944
0.357478
0.355974
0.354433
0.352855
0.35124
0.349585
0.347889
0.34615
0.344365
0.342534
0.340655
0.338724
0.33674
0.334702
0.332607
0.330453
0.328238
0.32596
0.323615
0.321199
0.318708
0.316137
0.313482
0.310738
0.307905
0.304974
0.301936
0.298778
0.295512
0.292136
0.28866
0.28507
0.281371
0.277519
0.2735
0.269213
0.264596
0.259397
0.25332
0.245299
0.23329
0.387413
0.386293
0.386676
0.386957
0.387322
0.387725
0.388173
0.388656
0.389166
0.389695
0.390229
0.390752
0.391245
0.391694
0.392085
0.392409
0.392668
0.392875
0.393037
0.393181
0.393317
0.393449
0.393571
0.393667
0.393728
0.393739
0.393691
0.393602
0.393489
0.393369
0.39325
0.393132
0.393007
0.392862
0.392682
0.392457
0.392184
0.391869
0.391523
0.391161
0.390793
0.390423
0.39005
0.389666
0.38926
0.388823
0.388346
0.387826
0.387268
0.386677
0.386062
0.385431
0.384791
0.384144
0.383487
0.382816
0.382122
0.381399
0.380642
0.379847
0.379013
0.378143
0.37724
0.37631
0.375356
0.374382
0.373388
0.372376
0.371341
0.370279
0.369187
0.368058
0.36689
0.36568
0.364426
0.363128
0.361785
0.3604
0.358973
0.357506
0.356002
0.354462
0.352884
0.351269
0.349614
0.347918
0.346179
0.344395
0.342564
0.340685
0.338755
0.336772
0.334734
0.332639
0.330486
0.328273
0.325995
0.323651
0.321236
0.318747
0.316177
0.313523
0.310781
0.30795
0.30502
0.301984
0.298828
0.295564
0.292189
0.288714
0.285126
0.281429
0.277579
0.273564
0.269281
0.264668
0.259476
0.253407
0.245368
0.233218
0.387407
0.386297
0.386674
0.386955
0.387318
0.387721
0.388168
0.38865
0.38916
0.389689
0.390223
0.390747
0.391241
0.391691
0.392082
0.392408
0.392667
0.392873
0.393035
0.393178
0.393315
0.393447
0.39357
0.393667
0.393729
0.393741
0.393694
0.393605
0.393491
0.393369
0.39325
0.393133
0.393009
0.392864
0.392685
0.392461
0.392189
0.391874
0.391529
0.391167
0.390799
0.390429
0.390056
0.389673
0.389268
0.388832
0.388355
0.387837
0.387279
0.386688
0.386073
0.385443
0.384803
0.384156
0.3835
0.382829
0.382136
0.381414
0.380658
0.379863
0.37903
0.378161
0.377258
0.376328
0.375374
0.3744
0.373407
0.372395
0.37136
0.3703
0.369208
0.36808
0.366913
0.365703
0.36445
0.363152
0.361811
0.360425
0.358998
0.357532
0.356028
0.354487
0.35291
0.351295
0.34964
0.347945
0.346206
0.344423
0.342593
0.340714
0.338784
0.336802
0.334765
0.332671
0.330519
0.328306
0.32603
0.323687
0.321274
0.318785
0.316217
0.313565
0.310825
0.307995
0.305067
0.302033
0.29888
0.295617
0.292243
0.28877
0.285183
0.281488
0.27764
0.273626
0.269347
0.264738
0.259553
0.253492
0.24544
0.233208
0.387403
0.3863
0.386672
0.386953
0.387315
0.387717
0.388163
0.388644
0.389153
0.389682
0.390216
0.39074
0.391236
0.391687
0.392079
0.392406
0.392665
0.392872
0.393034
0.393176
0.393312
0.393442
0.393564
0.393662
0.393724
0.393738
0.393692
0.393603
0.393489
0.393367
0.393248
0.393131
0.393007
0.392863
0.392685
0.392462
0.392191
0.391877
0.391531
0.391169
0.3908
0.39043
0.390057
0.389674
0.389271
0.388835
0.388359
0.387841
0.387284
0.386693
0.386078
0.385448
0.384808
0.384161
0.383505
0.382835
0.382143
0.381422
0.380667
0.379873
0.37904
0.378171
0.377269
0.376339
0.375385
0.374411
0.373419
0.372407
0.371373
0.370313
0.369222
0.368095
0.366928
0.365719
0.364466
0.363169
0.361828
0.360443
0.359016
0.35755
0.356046
0.354505
0.352928
0.351313
0.349659
0.347964
0.346225
0.344442
0.342613
0.340735
0.338806
0.336824
0.334787
0.332694
0.330543
0.328331
0.326056
0.323714
0.321302
0.318814
0.316248
0.313597
0.310858
0.30803
0.305103
0.302071
0.298918
0.295656
0.292284
0.288812
0.285226
0.281532
0.277685
0.273674
0.269397
0.264791
0.259613
0.253561
0.245505
0.233269
0.387395
0.386308
0.386669
0.386951
0.387311
0.387712
0.388157
0.388636
0.389145
0.389672
0.390207
0.390732
0.391229
0.391681
0.392075
0.392402
0.392662
0.39287
0.393032
0.393175
0.393311
0.393443
0.393567
0.393667
0.39373
0.393744
0.393698
0.393608
0.393493
0.39337
0.39325
0.393133
0.393009
0.392866
0.392688
0.392466
0.392196
0.391882
0.391536
0.391174
0.390805
0.390435
0.390062
0.38968
0.389277
0.388842
0.388368
0.387851
0.387293
0.386703
0.386088
0.385458
0.384818
0.384172
0.383517
0.382847
0.382156
0.381436
0.380681
0.379888
0.379056
0.378187
0.377286
0.376356
0.375403
0.374429
0.373436
0.372425
0.371391
0.370332
0.369241
0.368115
0.366949
0.365741
0.364489
0.363192
0.361851
0.360467
0.35904
0.357574
0.356071
0.35453
0.352953
0.351339
0.349685
0.34799
0.346252
0.34447
0.342641
0.340763
0.338835
0.336854
0.334818
0.332726
0.330575
0.328365
0.32609
0.32375
0.321338
0.318852
0.316287
0.313638
0.3109
0.308073
0.305148
0.302118
0.298967
0.295707
0.292337
0.288866
0.285282
0.281589
0.277745
0.273736
0.269463
0.264862
0.259692
0.253651
0.245592
0.233395
0.387389
0.386312
0.386665
0.386948
0.387307
0.387707
0.388151
0.388629
0.389137
0.389664
0.390199
0.390725
0.391222
0.391676
0.392071
0.392399
0.392659
0.392866
0.393027
0.39317
0.393307
0.393441
0.393566
0.393666
0.39373
0.393745
0.3937
0.39361
0.393495
0.393371
0.39325
0.393132
0.393009
0.392866
0.392689
0.392467
0.392196
0.391883
0.391537
0.391174
0.390804
0.390434
0.390062
0.389679
0.389277
0.388843
0.388369
0.387852
0.387295
0.386704
0.386089
0.385459
0.384819
0.384173
0.383517
0.382848
0.382158
0.381438
0.380684
0.379891
0.37906
0.378191
0.377289
0.37636
0.375406
0.374432
0.37344
0.372428
0.371395
0.370336
0.369246
0.36812
0.366955
0.365747
0.364495
0.363199
0.361858
0.360474
0.359047
0.357581
0.356077
0.354537
0.35296
0.351346
0.349692
0.347997
0.34626
0.344478
0.342649
0.340772
0.338844
0.336863
0.334827
0.332735
0.330585
0.328375
0.326101
0.323761
0.32135
0.318864
0.3163
0.313651
0.310914
0.308088
0.305163
0.302134
0.298984
0.295725
0.292355
0.288885
0.285301
0.28161
0.277766
0.273759
0.269488
0.264891
0.259727
0.253697
0.245652
0.233498
0.387377
0.386322
0.38666
0.386945
0.387302
0.387701
0.388144
0.388621
0.389127
0.389654
0.390189
0.390715
0.391215
0.39167
0.392066
0.392396
0.392656
0.392863
0.393025
0.393168
0.393306
0.393438
0.393563
0.393664
0.393729
0.393744
0.3937
0.393611
0.393496
0.393372
0.393251
0.393133
0.39301
0.392867
0.392692
0.392471
0.392201
0.391888
0.391543
0.391179
0.39081
0.39044
0.390067
0.389686
0.389283
0.38885
0.388377
0.387861
0.387305
0.386715
0.3861
0.38547
0.38483
0.384184
0.383529
0.38286
0.38217
0.381452
0.380698
0.379907
0.379076
0.378208
0.377307
0.376377
0.375424
0.374451
0.373459
0.372447
0.371415
0.370356
0.369267
0.368142
0.366977
0.36577
0.364519
0.363224
0.361884
0.3605
0.359074
0.357608
0.356105
0.354565
0.352988
0.351374
0.349721
0.348027
0.34629
0.344509
0.342681
0.340805
0.338877
0.336897
0.334863
0.332772
0.330623
0.328414
0.326142
0.323803
0.321394
0.31891
0.316347
0.3137
0.310965
0.308141
0.305218
0.302191
0.299044
0.295786
0.292418
0.28895
0.285369
0.281679
0.277838
0.273834
0.269568
0.264976
0.259822
0.253807
0.245779
0.233667
0.387368
0.386321
0.386654
0.38694
0.387297
0.387696
0.388137
0.388614
0.389119
0.389645
0.39018
0.390707
0.391208
0.391665
0.392063
0.392392
0.392649
0.392855
0.393018
0.393162
0.3933
0.393432
0.393557
0.393658
0.393723
0.393738
0.393693
0.393603
0.393487
0.393362
0.393241
0.393123
0.393
0.392858
0.392683
0.392463
0.392193
0.39188
0.391534
0.39117
0.3908
0.39043
0.390058
0.389676
0.389274
0.388841
0.388368
0.387853
0.387297
0.386706
0.386092
0.385461
0.384821
0.384174
0.383519
0.382851
0.382161
0.381443
0.380689
0.379898
0.379067
0.378199
0.377298
0.376368
0.375415
0.374441
0.373449
0.372438
0.371405
0.370346
0.369257
0.368132
0.366967
0.36576
0.36451
0.363214
0.361874
0.36049
0.359064
0.357598
0.356094
0.354554
0.352977
0.351363
0.34971
0.348016
0.346279
0.344497
0.34267
0.340793
0.338866
0.336887
0.334853
0.332762
0.330614
0.328405
0.326133
0.323795
0.321386
0.318903
0.316341
0.313695
0.310961
0.308137
0.305215
0.302189
0.299043
0.295786
0.292419
0.288951
0.285369
0.28168
0.27784
0.273836
0.269571
0.264981
0.25983
0.253822
0.245795
0.233629
0.387353
0.386339
0.386649
0.386937
0.387292
0.38769
0.38813
0.388606
0.38911
0.389635
0.390169
0.390696
0.391197
0.391654
0.392053
0.392385
0.392649
0.392859
0.393023
0.393166
0.393303
0.393436
0.393561
0.393663
0.39373
0.393747
0.393705
0.393618
0.393503
0.39338
0.393259
0.393141
0.393018
0.392877
0.392703
0.392485
0.392217
0.391906
0.391561
0.391199
0.390829
0.390459
0.390087
0.389706
0.389305
0.388873
0.388402
0.387888
0.387334
0.386745
0.386131
0.385501
0.384862
0.384216
0.383561
0.382893
0.382205
0.381488
0.380736
0.379946
0.379117
0.378251
0.377351
0.376422
0.37547
0.374497
0.373506
0.372496
0.371464
0.370407
0.369319
0.368195
0.367032
0.365827
0.364578
0.363285
0.361946
0.360564
0.35914
0.357676
0.356173
0.354634
0.353059
0.351447
0.349795
0.348102
0.346367
0.344587
0.342761
0.340887
0.338962
0.336984
0.334951
0.332863
0.330716
0.328509
0.326239
0.323903
0.321497
0.319016
0.316456
0.313813
0.311082
0.308261
0.305342
0.30232
0.299177
0.295923
0.29256
0.289095
0.285518
0.281833
0.277998
0.274001
0.269747
0.26517
0.260042
0.254072
0.246112
0.234198
0.236446
0.235145
0.233809
0.232409
0.230956
0.229439
0.227861
0.226218
0.224501
0.222724
0.220877
0.218977
0.217022
0.214952
0.212823
0.210572
0.20823
0.205833
0.203372
0.200839
0.198232
0.195549
0.192793
0.189969
0.187078
0.184126
0.181116
0.178054
0.174943
0.171791
0.168601
0.165381
0.162134
0.158868
0.155588
0.152301
0.14901
0.145725
0.142446
0.139184
0.135938
0.132718
0.129524
0.126364
0.123236
0.120152
0.117106
0.114109
0.111155
0.108255
0.1054
0.102596
0.0998301
0.0971035
0.0943982
0.0917155
0.0890472
0.0864032
0.0838098
0.0813342
0.0789676
0.0767609
0.0747007
0.0727618
0.0710111
0.0694358
0.0679908
0.0667409
0.0657337
0.0648566
0.0642298
0.063633
0.0634538
0.0636035
0.0640693
0.0648667
0.065997
0.0681158
0.0517156
10.5621
0.236375
0.235068
0.23372
0.232313
0.230847
0.229319
0.227727
0.226065
0.224336
0.222525
0.220637
0.218684
0.216696
0.214639
0.212492
0.210235
0.207899
0.205487
0.203002
0.200441
0.197806
0.195097
0.192317
0.189469
0.186557
0.183586
0.180558
0.17748
0.174356
0.171193
0.167993
0.164767
0.161515
0.158248
0.154968
0.151684
0.148397
0.145119
0.141848
0.138596
0.135361
0.132154
0.128972
0.125827
0.122714
0.119644
0.116612
0.11363
0.110686
0.107793
0.104934
0.102118
0.0993274
0.0965701
0.0938368
0.0911472
0.088511
0.0859819
0.0835452
0.0812912
0.0790982
0.0770237
0.0750755
0.0732938
0.0715529
0.0701217
0.0687674
0.0675829
0.0666283
0.0659794
0.0654258
0.0654195
0.0656181
0.0659774
0.0663741
0.066891
0.0672275
0.0679651
0.0509488
10.7092
0.236261
0.234939
0.233576
0.232151
0.230667
0.229119
0.227506
0.225825
0.224074
0.222252
0.220362
0.21839
0.216328
0.214228
0.212006
0.20972
0.207357
0.204908
0.202379
0.199775
0.197099
0.194352
0.191536
0.188655
0.185712
0.182712
0.179658
0.176557
0.173413
0.170233
0.167021
0.163785
0.160527
0.157257
0.153977
0.150696
0.147415
0.144145
0.140885
0.137645
0.134424
0.131232
0.128067
0.124939
0.121843
0.118792
0.115776
0.112805
0.109867
0.106969
0.104094
0.101251
0.0984278
0.0956525
0.0929325
0.0903134
0.0878197
0.0855139
0.083321
0.0812311
0.079303
0.0773905
0.0756374
0.0741097
0.0725822
0.0712596
0.0702823
0.0692907
0.0685128
0.0682582
0.0679436
0.0679989
0.0681304
0.0683202
0.0682772
0.0683514
0.0682194
0.0682434
0.051305
10.4996
0.236099
0.234754
0.233368
0.231917
0.230405
0.228827
0.227182
0.225466
0.22368
0.221821
0.219889
0.217866
0.215742
0.213561
0.211292
0.208963
0.206553
0.204051
0.201466
0.198805
0.196072
0.193272
0.190405
0.187476
0.184489
0.181448
0.178357
0.175225
0.172053
0.168851
0.165621
0.162371
0.159106
0.155833
0.152555
0.14928
0.146009
0.142752
0.139509
0.136288
0.133089
0.129922
0.126782
0.12368
0.120611
0.117582
0.114583
0.11162
0.108678
0.105764
0.102867
0.100017
0.0972081
0.0945237
0.0919581
0.0895887
0.0873904
0.0853456
0.0834173
0.0814732
0.0797833
0.0782018
0.0766034
0.0753898
0.0743107
0.0731299
0.0726278
0.0721115
0.071563
0.0715656
0.0713369
0.0710466
0.0707832
0.0705158
0.0700585
0.0696664
0.0691532
0.0688878
0.0516857
10.4524
0.235891
0.234516
0.233099
0.231615
0.230066
0.228448
0.226759
0.224997
0.22316
0.221246
0.219254
0.217169
0.215
0.212731
0.210395
0.207993
0.205509
0.202938
0.200282
0.19755
0.194747
0.191878
0.188947
0.185958
0.182916
0.179825
0.176691
0.17352
0.170317
0.167089
0.16384
0.160578
0.157306
0.154033
0.150759
0.147494
0.144238
0.141
0.137779
0.134584
0.131413
0.128274
0.125165
0.122091
0.119046
0.116033
0.113041
0.110071
0.107119
0.104203
0.101326
0.0985653
0.0959294
0.0934948
0.0912606
0.0892115
0.0872757
0.0854238
0.0837668
0.0821326
0.0806384
0.0795023
0.0782617
0.0772847
0.0768138
0.0759866
0.0757067
0.0756547
0.0750482
0.074728
0.0743923
0.0737325
0.0729819
0.0722974
0.0715471
0.0708599
0.07008
0.0696734
0.0522451
10.4863
0.235641
0.234229
0.232776
0.23125
0.229655
0.227988
0.226244
0.224423
0.222522
0.22054
0.218474
0.216314
0.214069
0.211719
0.209297
0.206802
0.204228
0.201571
0.198831
0.196015
0.193129
0.19018
0.187173
0.184114
0.181008
0.17786
0.174677
0.171464
0.168226
0.164972
0.161704
0.158431
0.155155
0.151884
0.148619
0.145368
0.142132
0.138917
0.135724
0.132558
0.12942
0.126312
0.123233
0.120182
0.117153
0.114141
0.111148
0.10818
0.105255
0.102428
0.09973
0.097238
0.0949865
0.0929016
0.0910073
0.0892237
0.0875059
0.0859348
0.0845529
0.0833326
0.08213
0.0814383
0.0807254
0.0800552
0.0800192
0.0795821
0.0790256
0.0788473
0.0782501
0.0774199
0.0767023
0.0758856
0.0749431
0.0740165
0.0730963
0.0722555
0.0713075
0.0707648
0.0535232
10.2485
0.235353
0.233897
0.2324
0.230825
0.229176
0.227449
0.22564
0.223748
0.221771
0.219705
0.217552
0.215307
0.212963
0.21052
0.207996
0.205394
0.202713
0.199953
0.197115
0.194202
0.191222
0.188183
0.18509
0.181953
0.178776
0.175567
0.172331
0.169074
0.165802
0.162521
0.159237
0.155954
0.152677
0.149412
0.14616
0.142927
0.139715
0.136528
0.133367
0.130233
0.127127
0.124048
0.120993
0.117953
0.114936
0.111932
0.10898
0.106108
0.103364
0.100831
0.0985391
0.0964402
0.0945942
0.0927949
0.0911296
0.0896504
0.0882308
0.0870003
0.0860362
0.0852128
0.0844813
0.0842667
0.0838993
0.0834042
0.0832157
0.0828031
0.0819772
0.0812834
0.0805452
0.0796141
0.0786338
0.0776709
0.0766927
0.0757032
0.0746861
0.0737008
0.072588
0.0718979
0.0546598
10.1385
0.235029
0.233522
0.231975
0.230342
0.22863
0.226833
0.224948
0.222973
0.220905
0.218744
0.216487
0.214146
0.211683
0.20913
0.20649
0.203767
0.200965
0.198087
0.195135
0.192115
0.189031
0.185893
0.182709
0.179488
0.176237
0.172963
0.169672
0.166372
0.163066
0.159763
0.156464
0.153176
0.149902
0.146647
0.143412
0.140202
0.137018
0.13386
0.130731
0.127627
0.124549
0.12149
0.118453
0.115426
0.112446
0.109532
0.106755
0.104181
0.101849
0.0997888
0.0980056
0.0962437
0.0946626
0.0932185
0.0917654
0.0906669
0.0896944
0.0887612
0.0884411
0.0879644
0.0875334
0.0875
0.0870636
0.0863918
0.0858275
0.0851437
0.0842603
0.0833278
0.0823767
0.0814046
0.080415
0.0793973
0.0783427
0.077277
0.0761803
0.0750936
0.0738636
0.0730715
0.0559584
9.98349
0.234671
0.233106
0.231503
0.229803
0.228019
0.22614
0.224168
0.222096
0.219925
0.217653
0.215283
0.212811
0.210226
0.207546
0.204774
0.201916
0.198978
0.195968
0.192891
0.189751
0.186555
0.183313
0.180033
0.176726
0.173399
0.170061
0.166718
0.163376
0.160041
0.156717
0.153409
0.150121
0.146856
0.143615
0.140402
0.137218
0.134063
0.130936
0.127837
0.12476
0.12171
0.118678
0.115685
0.112761
0.109953
0.107372
0.105009
0.102934
0.101139
0.0994147
0.0979584
0.0965626
0.095182
0.0941908
0.0931274
0.0924117
0.0920674
0.0914486
0.0913776
0.0911629
0.0904682
0.0901376
0.089596
0.0887107
0.0878823
0.0870326
0.086071
0.0850961
0.0841117
0.0830791
0.0820141
0.0809367
0.0798231
0.0786776
0.0774969
0.0763287
0.0750252
0.0741737
0.0572342
9.82851
0.234281
0.232653
0.230984
0.229209
0.227341
0.225371
0.223297
0.221115
0.218825
0.216426
0.213932
0.211309
0.208584
0.20576
0.20284
0.199834
0.196748
0.193594
0.190378
0.18711
0.183795
0.180445
0.177068
0.173675
0.170274
0.166875
0.163482
0.160104
0.156743
0.153405
0.150093
0.14681
0.143556
0.140336
0.137146
0.133991
0.130864
0.127767
0.124698
0.121652
0.11865
0.115699
0.112855
0.11023
0.107837
0.105798
0.104071
0.102473
0.101109
0.0997117
0.0984128
0.0974662
0.0964324
0.0959053
0.0954434
0.0949928
0.0949856
0.0945213
0.0940239
0.0937174
0.0929657
0.0921676
0.0914603
0.0905881
0.0896266
0.0886955
0.0877304
0.0867045
0.0856498
0.0845702
0.0834463
0.0822852
0.0810956
0.07989
0.0786642
0.0774504
0.0761001
0.0752055
0.0584473
9.69512
0.233863
0.232163
0.23042
0.228561
0.226598
0.224523
0.222334
0.220026
0.217601
0.215066
0.212409
0.209631
0.206748
0.203762
0.20068
0.19751
0.194265
0.190955
0.187594
0.184189
0.180753
0.177293
0.173821
0.170345
0.166874
0.163418
0.159983
0.156573
0.153193
0.149848
0.146536
0.143265
0.140028
0.136829
0.133669
0.130538
0.12745
0.12439
0.12138
0.118441
0.115599
0.112953
0.110559
0.108492
0.106716
0.105112
0.103815
0.102569
0.101459
0.100545
0.0995588
0.0991298
0.0986194
0.0983717
0.0983218
0.0977907
0.0974768
0.0970801
0.0962741
0.0955816
0.0948462
0.0939633
0.093056
0.0921613
0.0912235
0.0902276
0.0891931
0.0881251
0.087011
0.0858551
0.0846696
0.0834596
0.0822283
0.0809748
0.0797041
0.078448
0.0770606
0.0761352
0.0595285
9.58219
0.233419
0.231636
0.229812
0.227856
0.225787
0.223593
0.221273
0.218823
0.216244
0.213555
0.210718
0.207767
0.204706
0.201541
0.19828
0.194936
0.19152
0.188048
0.184533
0.18099
0.177428
0.173861
0.170294
0.166742
0.163208
0.159704
0.156231
0.152799
0.149407
0.146059
0.142757
0.139497
0.136286
0.133109
0.129984
0.126896
0.123855
0.120895
0.118012
0.115333
0.112852
0.110749
0.109074
0.107661
0.106472
0.105259
0.104192
0.103279
0.102465
0.102114
0.101647
0.101541
0.101405
0.100925
0.100719
0.100224
0.0994769
0.0988785
0.0981172
0.0972593
0.0963912
0.0955059
0.0945903
0.0936154
0.0926013
0.0915635
0.0904768
0.0893418
0.0881735
0.0869748
0.0857487
0.0844932
0.0832213
0.0819309
0.0806279
0.0793363
0.0779122
0.0769599
0.0604886
9.48764
0.232946
0.231074
0.229158
0.227094
0.224905
0.222576
0.220107
0.217495
0.21476
0.211872
0.208846
0.205702
0.202444
0.199084
0.195629
0.192098
0.188502
0.184863
0.181192
0.177509
0.173825
0.170152
0.166501
0.162876
0.159291
0.155744
0.152247
0.148797
0.145402
0.142058
0.138771
0.135533
0.132348
0.129222
0.126147
0.123171
0.120292
0.1176
0.115159
0.113027
0.11125
0.109739
0.108534
0.107485
0.106661
0.105863
0.105138
0.104766
0.104363
0.104365
0.10424
0.103879
0.103729
0.103196
0.102542
0.101977
0.10121
0.100422
0.0996132
0.0987588
0.0978717
0.0969086
0.0959097
0.094894
0.0938286
0.0927152
0.0915712
0.0903972
0.0891918
0.087952
0.0866893
0.0853998
0.0840966
0.0827719
0.081438
0.080116
0.0786643
0.0776909
0.0613275
9.40559
0.232448
0.230477
0.228458
0.226273
0.223947
0.221466
0.21883
0.216035
0.213111
0.210013
0.20678
0.203421
0.199948
0.196372
0.192713
0.188981
0.185204
0.18139
0.177569
0.173745
0.169947
0.166174
0.162444
0.158761
0.155127
0.151554
0.148036
0.144582
0.141191
0.137861
0.134596
0.131401
0.128261
0.125229
0.12229
0.119512
0.116993
0.114749
0.112968
0.111633
0.110639
0.10971
0.108832
0.108
0.107413
0.107152
0.106939
0.107013
0.106824
0.106548
0.106459
0.105918
0.105408
0.104914
0.104166
0.103436
0.102672
0.101856
0.101012
0.100094
0.099137
0.0981474
0.0970994
0.0959998
0.0948751
0.0937242
0.0925411
0.0913219
0.0900761
0.0888013
0.0875074
0.0861868
0.0848568
0.0835059
0.0821492
0.080801
0.0793233
0.0783301
0.0620687
9.33285
0.231929
0.229845
0.22771
0.225389
0.222908
0.220254
0.217427
0.214451
0.211287
0.207964
0.2045
0.200904
0.197197
0.193392
0.189513
0.185579
0.18161
0.177632
0.173654
0.169711
0.165794
0.161943
0.158136
0.154407
0.150738
0.147141
0.143621
0.140167
0.136797
0.133497
0.130282
0.127178
0.12419
0.121394
0.118847
0.116627
0.114792
0.113288
0.112083
0.11119
0.110601
0.110023
0.10955
0.109202
0.109025
0.109185
0.109116
0.109034
0.108953
0.108409
0.108037
0.107557
0.106858
0.106267
0.10558
0.104806
0.104
0.103127
0.102216
0.101272
0.100267
0.0992039
0.0981098
0.0969816
0.0958161
0.0946118
0.0933823
0.0921254
0.0908469
0.0895396
0.088217
0.0868697
0.0855173
0.0841441
0.0827674
0.0813977
0.0798994
0.0788887
0.0626959
9.27346
0.231385
0.229175
0.226913
0.224435
0.221781
0.218931
0.215888
0.212685
0.209276
0.205706
0.201982
0.198134
0.194169
0.190127
0.186014
0.181876
0.177716
0.173576
0.169458
0.165393
0.161388
0.157449
0.1536
0.149816
0.146137
0.142524
0.139013
0.135589
0.13225
0.12904
0.125938
0.123008
0.120344
0.117943
0.115927
0.114496
0.113501
0.112814
0.112221
0.111562
0.111077
0.110976
0.111043
0.111249
0.111111
0.111135
0.111078
0.110646
0.110468
0.110016
0.109387
0.108874
0.10821
0.107527
0.106816
0.106017
0.105163
0.104255
0.103291
0.102276
0.101232
0.100148
0.0990167
0.0978374
0.0966288
0.0953887
0.0941242
0.0928288
0.0915153
0.0901772
0.0888306
0.0874618
0.0860909
0.0846977
0.0833017
0.0819118
0.080393
0.0793689
0.0632428
9.22267
0.230816
0.228466
0.22606
0.223407
0.220554
0.217482
0.214226
0.210738
0.20706
0.203211
0.199209
0.19508
0.190852
0.18655
0.182213
0.177856
0.173526
0.169217
0.164987
0.160803
0.156728
0.15272
0.148825
0.145026
0.141318
0.137743
0.13424
0.130904
0.127671
0.124659
0.121913
0.119439
0.117498
0.115886
0.114606
0.113713
0.113166
0.112869
0.112602
0.112359
0.112443
0.112641
0.112806
0.113104
0.112943
0.112644
0.112559
0.112059
0.111644
0.111284
0.110665
0.110057
0.109394
0.108661
0.107895
0.107067
0.106175
0.105219
0.104221
0.103179
0.102092
0.100959
0.0997932
0.0985867
0.0973454
0.0960656
0.0947641
0.0934365
0.0920972
0.0907344
0.0893657
0.0879744
0.0865833
0.0851707
0.0837581
0.0823524
0.0808168
0.0797823
0.0636953
9.19854
0.230222
0.227717
0.225146
0.222296
0.219218
0.215894
0.212365
0.208587
0.204613
0.200455
0.196152
0.191723
0.187218
0.182654
0.178086
0.173526
0.169021
0.164579
0.160221
0.15597
0.151802
0.147778
0.143831
0.14004
0.136351
0.132811
0.129429
0.126219
0.123262
0.120598
0.118342
0.116572
0.115353
0.114708
0.114367
0.11394
0.113488
0.113449
0.113724
0.113967
0.114335
0.11446
0.114375
0.114477
0.114422
0.113946
0.113741
0.113338
0.112757
0.112353
0.111793
0.111132
0.110435
0.109662
0.108842
0.107973
0.107054
0.106078
0.105044
0.103958
0.102838
0.101677
0.100475
0.0992302
0.0979567
0.0966507
0.0953254
0.0939707
0.0926046
0.0912158
0.0898259
0.0884155
0.0870077
0.0855767
0.0841467
0.0827236
0.0811742
0.0801307
0.0640408
9.22611
0.229607
0.226924
0.224168
0.221092
0.217753
0.214171
0.210311
0.206215
0.201905
0.197415
0.192781
0.188043
0.183243
0.178427
0.17362
0.168885
0.164205
0.159658
0.155188
0.150871
0.146662
0.142591
0.138677
0.134877
0.1313
0.127883
0.12475
0.12196
0.119602
0.117771
0.116324
0.11541
0.114657
0.114464
0.114396
0.114406
0.114503
0.114755
0.115299
0.115578
0.115825
0.115901
0.115625
0.115528
0.115522
0.115075
0.114757
0.114429
0.113825
0.113303
0.112744
0.112066
0.111332
0.110534
0.10968
0.108776
0.107822
0.106813
0.105756
0.104646
0.10349
0.102289
0.101057
0.0997869
0.0984905
0.0971581
0.0958065
0.0944275
0.0930419
0.0916346
0.090226
0.0887945
0.0873661
0.0859161
0.0844721
0.0830368
0.0814779
0.0804246
0.0644334
9.11922
0.228968
0.22608
0.223114
0.219779
0.21614
0.212245
0.208039
0.203587
0.198904
0.194058
0.189065
0.184014
0.17891
0.173849
0.168825
0.163912
0.159109
0.154432
0.149915
0.145515
0.141314
0.137237
0.133363
0.129715
0.126269
0.123204
0.120479
0.118244
0.116646
0.115662
0.115239
0.115112
0.114858
0.114792
0.115047
0.115626
0.116062
0.116402
0.11679
0.11687
0.116947
0.117033
0.116748
0.116506
0.116474
0.116075
0.115685
0.115356
0.114784
0.114174
0.113564
0.112873
0.112119
0.1113
0.110419
0.109479
0.108493
0.107456
0.10637
0.105231
0.10405
0.102824
0.101564
0.100266
0.0989438
0.0975902
0.0962216
0.0948253
0.0934216
0.0919935
0.0905649
0.0891144
0.08767
0.0862044
0.0847463
0.0832976
0.0817271
0.0806693
0.064715
9.10047
0.228302
0.22518
0.221975
0.21834
0.214395
0.210111
0.205521
0.200659
0.195584
0.190332
0.184996
0.179586
0.17423
0.16889
0.16371
0.158612
0.153716
0.148941
0.144366
0.139973
0.135752
0.131809
0.128036
0.124735
0.121753
0.119365
0.117619
0.116286
0.115473
0.115005
0.115044
0.115168
0.115429
0.115832
0.116285
0.116992
0.117412
0.117688
0.117886
0.117847
0.117822
0.117923
0.117726
0.117414
0.117315
0.116947
0.116501
0.11613
0.115593
0.114958
0.114298
0.113577
0.112799
0.111961
0.11106
0.110093
0.109075
0.108008
0.106898
0.105737
0.104532
0.103278
0.101995
0.100676
0.0993352
0.0979621
0.0965752
0.0951618
0.0937429
0.0922991
0.0908539
0.0893846
0.0879224
0.0864409
0.0849714
0.083514
0.0819349
0.0808704
0.0649175
9.12896
0.227607
0.224218
0.220733
0.216755
0.212437
0.207738
0.202706
0.197404
0.191885
0.186232
0.180506
0.17479
0.169134
0.163608
0.158222
0.15304
0.148004
0.143218
0.138594
0.134271
0.130152
0.126414
0.123054
0.120165
0.11789
0.116291
0.11546
0.115351
0.115279
0.115174
0.115393
0.115913
0.116661
0.117253
0.117659
0.118147
0.118412
0.118629
0.118795
0.118744
0.118633
0.118708
0.118582
0.118238
0.118061
0.117705
0.117226
0.116799
0.116277
0.115644
0.114953
0.114199
0.113391
0.112527
0.111606
0.11062
0.10958
0.108487
0.10735
0.106163
0.104937
0.103666
0.102366
0.101026
0.0996654
0.098275
0.096875
0.0954488
0.0940153
0.092554
0.0910914
0.089606
0.0881313
0.0866384
0.0851582
0.0836907
0.0821012
0.0810299
0.065162
9.03059
0.226883
0.223184
0.219373
0.214998
0.210253
0.205078
0.199554
0.193764
0.187774
0.181696
0.175589
0.169564
0.163657
0.157941
0.152424
0.147124
0.142062
0.137232
0.132727
0.128521
0.124747
0.12151
0.119033
0.117106
0.11588
0.11515
0.114901
0.11503
0.115393
0.115856
0.116444
0.117047
0.11783
0.118317
0.1187
0.11901
0.119169
0.119369
0.119562
0.11956
0.119386
0.119396
0.119306
0.118959
0.118716
0.118361
0.117874
0.117394
0.116859
0.11623
0.115524
0.114743
0.113905
0.113016
0.112075
0.111072
0.110014
0.108897
0.107736
0.106527
0.105282
0.103994
0.102677
0.101321
0.0999465
0.0985425
0.0971289
0.0956877
0.0942394
0.0927638
0.0912883
0.0897898
0.088303
0.0867985
0.0853085
0.0838344
0.0822349
0.0811602
0.0653362
9.0122
0.226125
0.222067
0.217865
0.213106
0.207802
0.202084
0.196015
0.189693
0.183206
0.1767
0.170221
0.163916
0.15779
0.151917
0.146304
0.140927
0.135874
0.131189
0.12685
0.123095
0.119844
0.117368
0.115723
0.114854
0.114925
0.114907
0.114985
0.115411
0.116156
0.117005
0.117667
0.118118
0.118716
0.119109
0.119495
0.119769
0.119868
0.120043
0.120226
0.120267
0.120075
0.120002
0.119914
0.11958
0.119289
0.118933
0.118446
0.117922
0.117359
0.116722
0.116008
0.115213
0.114351
0.113434
0.112472
0.111453
0.11038
0.109243
0.108059
0.106828
0.105566
0.104264
0.102934
0.101565
0.100177
0.0987605
0.0973336
0.0958784
0.0944165
0.0929278
0.0914412
0.0899328
0.0884379
0.0869257
0.0854269
0.083946
0.0823362
0.0812596
0.0654605
9.03471
0.22533
0.220852
0.216187
0.210886
0.205031
0.1987
0.192038
0.185127
0.178155
0.171194
0.164405
0.157828
0.151547
0.145551
0.139862
0.134551
0.129575
0.125282
0.121449
0.118557
0.116559
0.115216
0.114457
0.114331
0.114529
0.115063
0.115692
0.116434
0.117158
0.117978
0.118535
0.118962
0.11941
0.119741
0.120139
0.120421
0.120506
0.120663
0.120791
0.120849
0.120701
0.120545
0.120431
0.120127
0.119797
0.119431
0.118948
0.118395
0.117798
0.117142
0.116418
0.115612
0.114735
0.113796
0.112812
0.111775
0.110685
0.109531
0.108329
0.107082
0.105804
0.104487
0.103144
0.101764
0.100369
0.0989411
0.0975016
0.0960325
0.0945586
0.0930599
0.0915664
0.0900515
0.0885503
0.0870315
0.0855253
0.0840394
0.082424
0.0813435
0.0656326
8.94699
0.224481
0.219518
0.214301
0.208407
0.201885
0.194864
0.18754
0.18003
0.172543
0.165194
0.158097
0.151346
0.144903
0.138904
0.133164
0.128151
0.12358
0.119811
0.116907
0.114904
0.114029
0.114098
0.114136
0.114353
0.114956
0.115852
0.116729
0.117449
0.11798
0.118662
0.119179
0.119656
0.120046
0.120316
0.120699
0.120973
0.121077
0.121221
0.121277
0.121319
0.121233
0.121024
0.12087
0.120591
0.120237
0.119854
0.119375
0.118805
0.118177
0.117496
0.116757
0.115941
0.115053
0.114097
0.113094
0.112037
0.110929
0.10976
0.108547
0.107285
0.105993
0.104662
0.103309
0.101921
0.100518
0.0990785
0.0976255
0.0961433
0.0946594
0.0931521
0.091652
0.0901308
0.0886228
0.0870972
0.0855834
0.0840912
0.0824716
0.0813877
0.0656819
8.93001
0.223567
0.218035
0.212189
0.205555
0.198271
0.190484
0.182454
0.174323
0.166365
0.158648
0.151341
0.144442
0.137941
0.132025
0.126496
0.12202
0.11852
0.115808
0.114461
0.11353
0.113393
0.113619
0.114315
0.115078
0.115919
0.116715
0.117529
0.118149
0.118624
0.119217
0.119714
0.120225
0.120609
0.120832
0.121186
0.121443
0.12157
0.121715
0.121718
0.121721
0.121684
0.121462
0.121259
0.120984
0.120619
0.120215
0.119734
0.119156
0.118507
0.1178
0.11704
0.116212
0.115316
0.114351
0.113329
0.112252
0.111127
0.109946
0.108725
0.107454
0.106152
0.104811
0.103449
0.102055
0.100646
0.099199
0.097737
0.0962446
0.094752
0.0932368
0.0917307
0.0902034
0.0886892
0.0871567
0.0856358
0.0841356
0.0825103
0.0814216
0.0657132
8.94996
0.222555
0.216379
0.209733
0.202265
0.194103
0.185467
0.176714
0.167958
0.159593
0.151577
0.144126
0.137199
0.130714
0.125177
0.120407
0.116729
0.114292
0.112864
0.112965
0.113057
0.113345
0.114032
0.115049
0.115974
0.116749
0.117352
0.118072
0.118674
0.119197
0.119727
0.120184
0.120693
0.121077
0.121284
0.121608
0.121835
0.121971
0.122125
0.122101
0.122066
0.122041
0.12184
0.121603
0.121315
0.120938
0.120515
0.120028
0.119448
0.118786
0.118057
0.117275
0.116435
0.115534
0.11456
0.113523
0.112427
0.111287
0.110099
0.10887
0.107591
0.106279
0.104929
0.10356
0.102159
0.100739
0.0992798
0.097808
0.0963062
0.0948052
0.0932817
0.0917685
0.0902347
0.0887149
0.0871789
0.0856581
0.0841555
0.0825273
0.0814266
0.0657831
8.87229
0.221413
0.214498
0.206905
0.198433
0.189273
0.179728
0.170232
0.160937
0.152192
0.144071
0.136468
0.129753
0.123628
0.118824
0.115788
0.113583
0.112483
0.112137
0.112366
0.11314
0.114009
0.114903
0.115783
0.116615
0.117308
0.117847
0.118514
0.119123
0.119695
0.120182
0.120591
0.121079
0.121463
0.121686
0.121989
0.122183
0.122317
0.122477
0.122446
0.122378
0.122337
0.12216
0.121908
0.121602
0.121216
0.120776
0.120276
0.119693
0.119027
0.118283
0.117484
0.116634
0.115732
0.114757
0.113714
0.112607
0.111457
0.110261
0.109028
0.107742
0.106423
0.105062
0.103682
0.102266
0.100828
0.099354
0.0978729
0.0963629
0.0948539
0.0933213
0.0918013
0.0902622
0.0887399
0.0872039
0.0856897
0.0841917
0.0825691
0.0814551
0.0658522
8.85721
0.220064
0.212344
0.203562
0.193954
0.183613
0.173195
0.162907
0.153272
0.144199
0.136147
0.128619
0.12236
0.117452
0.11373
0.111964
0.111533
0.111775
0.112052
0.112735
0.113806
0.114821
0.115639
0.116291
0.11703
0.117713
0.118292
0.118929
0.119516
0.120104
0.120573
0.120942
0.121403
0.12178
0.122031
0.122322
0.122489
0.122615
0.122774
0.122752
0.122667
0.122601
0.122434
0.122175
0.121853
0.121458
0.120999
0.120483
0.119895
0.119226
0.118473
0.117659
0.116793
0.115872
0.114879
0.11382
0.112697
0.111532
0.110323
0.109079
0.107783
0.106457
0.10509
0.103701
0.102274
0.100828
0.0993488
0.0978623
0.0963493
0.0948417
0.0933106
0.0917893
0.0902457
0.0887185
0.0871744
0.0856472
0.0841374
0.0825012
0.0814037
0.0658417
8.87496
0.218443
0.209732
0.199585
0.188625
0.177018
0.16571
0.154778
0.144898
0.135789
0.127918
0.121045
0.115894
0.113266
0.111485
0.110754
0.11091
0.111653
0.112641
0.113563
0.114479
0.115358
0.116113
0.116686
0.11738
0.118081
0.118717
0.119326
0.119868
0.120453
0.120921
0.121273
0.121706
0.122071
0.122347
0.122632
0.122782
0.122892
0.123037
0.123028
0.122933
0.122838
0.122668
0.122409
0.12209
0.121704
0.121234
0.120704
0.12011
0.119438
0.118679
0.117852
0.116965
0.116021
0.115006
0.113929
0.112791
0.111612
0.110388
0.109134
0.10783
0.106499
0.105127
0.103733
0.1023
0.100853
0.0993716
0.0978819
0.0963665
0.0948632
0.0933369
0.091817
0.0902677
0.0887346
0.0871791
0.0856373
0.0841149
0.0824696
0.0813916
0.065994
8.80629
0.216444
0.206564
0.194771
0.182289
0.169333
0.15724
0.145859
0.135999
0.127127
0.119924
0.114612
0.111052
0.110151
0.110228
0.110482
0.111171
0.11223
0.113383
0.114282
0.114962
0.115697
0.11644
0.117051
0.117739
0.118434
0.119102
0.119685
0.120185
0.12075
0.121223
0.121583
0.121992
0.122338
0.122624
0.122909
0.123051
0.123146
0.123268
0.123266
0.123177
0.123051
0.122856
0.122593
0.12227
0.121867
0.121385
0.120841
0.120228
0.119543
0.118777
0.117942
0.117038
0.116077
0.115053
0.113975
0.112832
0.111643
0.110402
0.109132
0.10782
0.106483
0.105103
0.103701
0.102256
0.100798
0.0993113
0.097823
0.096308
0.0947967
0.093259
0.091731
0.0901822
0.0886513
0.0871017
0.085561
0.0840373
0.0823969
0.0812999
0.0657912
8.79299
0.213964
0.202578
0.188879
0.174677
0.160452
0.14776
0.136285
0.126833
0.118929
0.113123
0.110994
0.109432
0.109416
0.110008
0.110969
0.111957
0.112943
0.113893
0.114733
0.115329
0.115996
0.116736
0.117416
0.118109
0.118765
0.119429
0.119995
0.120471
0.121008
0.121479
0.121857
0.122246
0.122566
0.12285
0.123128
0.123267
0.12335
0.123441
0.12343
0.123335
0.123213
0.122991
0.122746
0.122436
0.122004
0.121503
0.120945
0.120313
0.119617
0.118851
0.118016
0.117104
0.116134
0.115105
0.114028
0.112883
0.111686
0.110427
0.109142
0.107821
0.106477
0.105088
0.103677
0.102222
0.100756
0.0992644
0.09778
0.0962673
0.0947523
0.0932083
0.09168
0.0901368
0.0886144
0.087074
0.0855399
0.0840187
0.0823855
0.0812664
0.0657061
8.80907
0.21078
0.197509
0.181538
0.165606
0.150286
0.13752
0.126463
0.117899
0.112233
0.10837
0.108375
0.108698
0.109389
0.110417
0.111657
0.112665
0.113453
0.114202
0.114997
0.115613
0.116265
0.116995
0.117725
0.118411
0.119011
0.119647
0.1202
0.120668
0.121174
0.121632
0.122028
0.122401
0.122697
0.12297
0.123244
0.123381
0.123462
0.123529
0.123504
0.123413
0.123254
0.123041
0.122743
0.12238
0.121963
0.121467
0.120891
0.120242
0.119534
0.118755
0.117904
0.116972
0.115984
0.114942
0.113858
0.112712
0.111517
0.110265
0.108983
0.107659
0.106311
0.104912
0.10349
0.102027
0.100557
0.09906
0.0975655
0.0960413
0.094518
0.0929698
0.0914356
0.0898835
0.0883509
0.0868034
0.085269
0.0837524
0.0821034
0.0809887
0.0655355
8.74773
0.206595
0.190846
0.172401
0.154795
0.139045
0.126918
0.117582
0.110698
0.108726
0.107363
0.107785
0.108684
0.109904
0.111127
0.112201
0.113087
0.113703
0.114312
0.115051
0.115741
0.116427
0.117149
0.117888
0.118544
0.119095
0.119692
0.120237
0.120716
0.121193
0.121639
0.12205
0.122413
0.122681
0.122937
0.123195
0.123326
0.123408
0.123432
0.123401
0.123316
0.123157
0.122938
0.122621
0.122261
0.121849
0.121341
0.120749
0.12009
0.119375
0.11859
0.117731
0.116791
0.115795
0.114745
0.113654
0.112501
0.111301
0.110044
0.108756
0.107424
0.106069
0.104662
0.103233
0.101766
0.100295
0.0987977
0.0973037
0.0957789
0.0942567
0.0927099
0.0911787
0.0896284
0.0880978
0.0865521
0.0850214
0.08351
0.081861
0.0807514
0.0653631
8.73629
0.201013
0.182165
0.160785
0.142588
0.127418
0.116448
0.110107
0.106061
0.106442
0.107115
0.108137
0.109318
0.110486
0.111417
0.112172
0.11294
0.113527
0.114129
0.114872
0.115638
0.116371
0.117046
0.117739
0.118348
0.118881
0.119457
0.119997
0.120493
0.12096
0.121383
0.121796
0.122152
0.122398
0.122652
0.122906
0.123033
0.123116
0.123135
0.123106
0.123008
0.122841
0.122598
0.122291
0.121915
0.121479
0.120961
0.120365
0.119701
0.118979
0.118185
0.117321
0.11638
0.115388
0.11434
0.113251
0.112102
0.110908
0.109655
0.108367
0.107031
0.105673
0.104265
0.10284
0.101378
0.0999115
0.0984153
0.0969223
0.0953984
0.0938816
0.0923409
0.0908155
0.0892687
0.0877404
0.086196
0.0846636
0.083153
0.0815064
0.0804082
0.0650416
8.74978
0.193401
0.170679
0.146974
0.129355
0.117685
0.108322
0.10571
0.104802
0.105277
0.10651
0.108257
0.109426
0.11023
0.110868
0.111483
0.112239
0.112953
0.113638
0.114382
0.115168
0.115875
0.116465
0.117118
0.117726
0.11829
0.118868
0.119407
0.119925
0.120387
0.120803
0.121229
0.121588
0.121845
0.122109
0.122338
0.122474
0.122558
0.122582
0.122548
0.122454
0.122295
0.122074
0.121779
0.121405
0.120974
0.120466
0.11988
0.119218
0.118495
0.117695
0.116826
0.115882
0.114887
0.113834
0.112744
0.111599
0.110415
0.10917
0.107889
0.106556
0.105202
0.103801
0.102388
0.100936
0.0994814
0.0979934
0.0965084
0.0949926
0.0934874
0.0919574
0.090442
0.0889027
0.0873812
0.0858417
0.0843142
0.0828087
0.081171
0.080081
0.0647845
8.69655
0.182675
0.155661
0.131746
0.115992
0.107625
0.103101
0.103029
0.103662
0.105502
0.106872
0.107875
0.108691
0.109294
0.109878
0.110596
0.111421
0.112224
0.112976
0.113682
0.114438
0.115139
0.115747
0.116411
0.11703
0.117627
0.118199
0.11872
0.119257
0.119734
0.120146
0.120576
0.120951
0.121219
0.12149
0.121703
0.121857
0.12198
0.122005
0.12196
0.121858
0.121696
0.121462
0.121159
0.120782
0.120341
0.119833
0.119261
0.118616
0.117908
0.117127
0.116289
0.115385
0.114427
0.1134
0.112329
0.111198
0.110028
0.108796
0.107525
0.106198
0.104851
0.103459
0.10206
0.10062
0.0991775
0.0976983
0.0962224
0.0947174
0.0932253
0.0917074
0.0902029
0.0886732
0.0871598
0.0856275
0.0841088
0.0826103
0.0809835
0.0798983
0.0646196
8.68752
0.167277
0.138355
0.118936
0.107334
0.101482
0.100873
0.102138
0.103878
0.104963
0.105973
0.106681
0.107341
0.108067
0.108801
0.1096
0.110404
0.111245
0.112078
0.11281
0.11357
0.114311
0.114995
0.115665
0.116292
0.116933
0.117522
0.118061
0.118632
0.119138
0.119571
0.120008
0.120393
0.120707
0.120976
0.121187
0.121361
0.121506
0.121564
0.121537
0.121453
0.121311
0.1211
0.120815
0.120449
0.120016
0.119521
0.118965
0.118331
0.11763
0.116861
0.116041
0.115154
0.11421
0.113198
0.112142
0.111025
0.109869
0.108653
0.107397
0.106082
0.104743
0.103365
0.101978
0.100552
0.0991213
0.0976501
0.096178
0.0946812
0.0931956
0.0916856
0.0901854
0.0886614
0.0871499
0.0856211
0.084105
0.082609
0.0809884
0.0799053
0.0645893
8.70199
0.131518
0.0981863
0.0893355
0.0908525
0.0954197
0.100086
0.103094
0.104833
0.105378
0.105796
0.106251
0.106956
0.10787
0.108792
0.109602
0.110344
0.111224
0.112139
0.11285
0.113593
0.114329
0.115039
0.115699
0.116295
0.116954
0.117544
0.118058
0.118645
0.119155
0.119553
0.119988
0.120374
0.120688
0.120942
0.121116
0.121296
0.121445
0.121445
0.121407
0.121307
0.121147
0.120925
0.120636
0.12026
0.119812
0.119311
0.118754
0.118111
0.117393
0.116604
0.115773
0.114872
0.113913
0.112873
0.111791
0.110654
0.10949
0.10826
0.106994
0.10566
0.104313
0.102924
0.101538
0.100104
0.0986721
0.0971934
0.0957281
0.0942298
0.0927543
0.091245
0.0897547
0.0882307
0.0867272
0.0851993
0.0836932
0.0822008
0.0805865
0.0795049
0.0642665
8.65025
)
;

boundaryField
{
    inlet
    {
        type            calculated;
        value           uniform 0.386208;
    }
    outlet
    {
        type            calculated;
        value           nonuniform List<scalar> 
40
(
0.0582994
0.0579482
0.058227
0.0579351
0.0575249
0.0576988
0.0571893
0.056519
0.0559002
0.0553937
0.054988
0.0546467
0.0543526
0.0540953
0.0538601
0.0536647
0.0534778
0.0532945
0.0534634
0.0533575
0.0531794
0.0533227
0.0532178
0.0530579
0.0531863
0.053098
0.05296
0.0530769
0.0529991
0.0528756
0.0529788
0.0529121
0.0528024
0.0528958
0.0528295
0.0527287
0.0528133
0.0527694
0.0526943
0.0528145
)
;
    }
    axis
    {
        type            symmetryPlane;
    }
    wall
    {
        type            calculated;
        value           nonuniform List<scalar> 
200
(
0.387353
0.386339
0.386649
0.386937
0.387292
0.38769
0.38813
0.388606
0.38911
0.389635
0.390169
0.390696
0.391197
0.391654
0.392053
0.392385
0.392649
0.392859
0.393023
0.393166
0.393303
0.393436
0.393561
0.393663
0.39373
0.393747
0.393705
0.393618
0.393503
0.39338
0.393259
0.393141
0.393018
0.392877
0.392703
0.392485
0.392217
0.391906
0.391561
0.391199
0.390829
0.390459
0.390087
0.389706
0.389305
0.388873
0.388402
0.387888
0.387334
0.386745
0.386131
0.385501
0.384862
0.384216
0.383561
0.382893
0.382205
0.381488
0.380736
0.379946
0.379117
0.378251
0.377351
0.376422
0.37547
0.374497
0.373506
0.372496
0.371464
0.370407
0.369319
0.368195
0.367032
0.365827
0.364578
0.363285
0.361946
0.360564
0.35914
0.357676
0.356173
0.354634
0.353059
0.351447
0.349795
0.348102
0.346367
0.344587
0.342761
0.340887
0.338962
0.336984
0.334951
0.332863
0.330716
0.328509
0.326239
0.323903
0.321497
0.319016
0.316456
0.313813
0.311082
0.308261
0.305342
0.30232
0.299177
0.295923
0.29256
0.289095
0.285518
0.281833
0.277998
0.274001
0.269747
0.26517
0.260042
0.254072
0.246112
0.234198
0.131518
0.0981863
0.0893355
0.0908525
0.0954197
0.100086
0.103094
0.104833
0.105378
0.105796
0.106251
0.106956
0.10787
0.108792
0.109602
0.110344
0.111224
0.112139
0.11285
0.113593
0.114329
0.115039
0.115699
0.116295
0.116954
0.117544
0.118058
0.118645
0.119155
0.119553
0.119988
0.120374
0.120688
0.120942
0.121116
0.121296
0.121445
0.121445
0.121407
0.121307
0.121147
0.120925
0.120636
0.12026
0.119812
0.119311
0.118754
0.118111
0.117393
0.116604
0.115773
0.114872
0.113913
0.112873
0.111791
0.110654
0.10949
0.10826
0.106994
0.10566
0.104313
0.102924
0.101538
0.100104
0.0986721
0.0971934
0.0957281
0.0942298
0.0927543
0.091245
0.0897547
0.0882307
0.0867272
0.0851993
0.0836932
0.0822008
0.0805865
0.0795049
0.0642665
8.65025
)
;
    }
    frontAndBack
    {
        type            empty;
    }
}


// ************************************************************************* //
