/*--------------------------------*- C++ -*----------------------------------*\
  =========                 |
  \\      /  F ield         | OpenFOAM: The Open Source CFD Toolbox
   \\    /   O peration     | Website:  https://openfoam.org
    \\  /    A nd           | Version:  13
     \\/     M anipulation  |
\*---------------------------------------------------------------------------*/
FoamFile
{
    format      ascii;
    class       surfaceScalarField;
    location    "0.85";
    object      phi;
}
// * * * * * * * * * * * * * * * * * * * * * * * * * * * * * * * * * * * * * //

dimensions      [0 3 -1 0 0 0 0];

internalField   nonuniform List<scalar> 
3938
(
1.12579e-05
-1.12579e-05
2.75899e-05
-1.63319e-05
3.8406e-05
-1.08161e-05
-1.3532e-06
3.97592e-05
1.26963e-05
-2.39542e-05
2.78228e-05
-3.14585e-05
3.83435e-05
-2.13369e-05
-3.49505e-06
4.04854e-05
1.2908e-05
-3.68622e-05
2.43926e-05
-4.29431e-05
3.21907e-05
-2.9135e-05
-5.86826e-06
3.4564e-05
9.8189e-06
-4.66811e-05
1.63103e-05
-4.94345e-05
2.21379e-05
-3.49625e-05
-1.11166e-05
2.73862e-05
3.58132e-06
-5.02624e-05
5.14955e-06
-5.10028e-05
9.61455e-06
-3.94275e-05
-2.12264e-05
1.97243e-05
-1.98606e-06
-4.82764e-05
-3.83714e-06
-4.91517e-05
-1.18882e-07
-4.31458e-05
-3.31921e-05
1.18468e-05
-4.45159e-06
-4.38248e-05
-7.59161e-06
-4.60117e-05
-5.29369e-06
-4.54437e-05
-4.27703e-05
4.28449e-06
-4.60565e-06
-3.92191e-05
-8.20673e-06
-4.24106e-05
-8.11408e-06
-4.55364e-05
-4.64631e-05
-4.4212e-06
-4.10084e-06
-3.51183e-05
-8.14586e-06
-3.83656e-05
-1.0557e-05
-4.31252e-05
-4.46401e-05
-1.23801e-05
-3.64983e-06
-3.14685e-05
-8.14634e-06
-3.38691e-05
-1.25825e-05
-3.8689e-05
-3.8991e-05
-1.82315e-05
-3.25435e-06
-2.82141e-05
-7.8912e-06
-2.92322e-05
-1.35805e-05
-3.29998e-05
-3.12133e-05
-2.13582e-05
-2.76104e-06
-2.54531e-05
-7.15135e-06
-2.48419e-05
-1.31721e-05
-2.6979e-05
-2.29476e-05
-2.14377e-05
-2.07162e-06
-2.33815e-05
-5.93324e-06
-2.09803e-05
-1.14255e-05
-2.14867e-05
-1.58446e-05
-1.85286e-05
-1.16844e-06
-2.2213e-05
-4.32448e-06
-1.78242e-05
-8.88374e-06
-1.69275e-05
-1.07976e-05
-1.39307e-05
7.35963e-08
-2.22866e-05
-2.41588e-06
-1.53348e-05
-6.21655e-06
-1.31268e-05
-7.73906e-06
-9.27509e-06
1.54791e-06
-2.38346e-05
-4.02508e-07
-1.33843e-05
-3.7753e-06
-9.75402e-06
-5.9172e-06
-5.59715e-06
2.86561e-06
-2.67002e-05
1.11847e-06
-1.16372e-05
-2.02651e-06
-6.60904e-06
-4.46722e-06
-3.47648e-06
3.28341e-06
-2.99836e-05
1.43892e-06
-9.79273e-06
-1.27392e-06
-3.8962e-06
-3.30969e-06
-2.43146e-06
9.53673e-07
-3.09373e-05
1.88419e-07
-9.02747e-06
-2.11023e-06
-1.59755e-06
-3.1844e-06
-2.23552e-06
-2.57159e-06
-2.83657e-05
-3.36255e-06
-8.23652e-06
-4.72808e-06
-2.3202e-07
-4.59887e-06
-3.31362e-06
-6.28739e-06
-2.20783e-05
-7.68233e-06
-6.84159e-06
-7.95199e-06
3.76347e-08
-6.08681e-06
-6.46405e-06
-1.05943e-05
-1.1484e-05
-1.41253e-05
-3.31064e-06
-1.47617e-05
6.74115e-07
-5.55933e-06
-1.52892e-05
-1.1484e-05
-1.47946e-05
-1.41205e-05
-1.96798e-05
1.24513e-05
-1.24513e-05
3.45208e-05
-2.20695e-05
6.29389e-05
-2.84181e-05
-4.5097e-05
0.000108036
2.98676e-06
-1.54381e-05
-6.74586e-08
-1.90153e-05
1.18081e-05
-4.02937e-05
-8.31497e-05
4.98609e-05
-2.18917e-05
6.45362e-06
-3.31802e-05
-7.72683e-06
-9.86805e-06
-6.36058e-05
-0.000122532
2.95138e-05
-1.85014e-05
2.49551e-05
-8.06411e-06
-1.81642e-05
2.9608e-05
-0.000101278
-0.000147365
5.44413e-05
4.00494e-06
2.09501e-05
3.66271e-05
-5.07863e-05
6.4172e-05
-0.000128823
-0.000147907
6.47142e-05
1.90978e-05
1.85233e-06
4.88118e-05
-8.05003e-05
3.51496e-05
-0.000115161
-0.000128021
1.52631e-05
2.70642e-05
-2.52119e-05
1.52601e-05
-6.86962e-05
-2.21698e-05
-7.77307e-05
-0.000121155
-2.90354e-05
1.13316e-05
-3.65435e-05
-2.93458e-05
-2.80187e-05
-4.78433e-05
-5.92332e-05
-0.000132874
-3.61243e-05
-2.09149e-05
-1.56286e-05
-4.38656e-05
-5.068e-06
-4.1699e-05
-6.13998e-05
-0.000130831
-4.37421e-05
-2.96368e-05
1.40082e-05
-3.62035e-05
1.49867e-06
-4.43118e-05
-5.32915e-05
-0.000112522
-6.26207e-05
-1.79055e-05
3.19137e-05
-2.27263e-05
6.31946e-06
-3.67306e-05
-3.92872e-05
-9.06227e-05
-5.86299e-05
-1.39556e-06
3.33093e-05
-8.21275e-06
1.31367e-05
-1.94215e-05
-2.80785e-05
-7.25739e-05
-3.74703e-05
2.5028e-05
8.28132e-06
1.02648e-05
2.78998e-05
3.61226e-06
-2.14259e-05
-5.99427e-05
-9.01892e-06
3.03317e-05
-2.20503e-05
1.89017e-05
3.93298e-05
7.68604e-06
-1.02103e-05
-5.52072e-05
2.95051e-06
2.18933e-05
-4.39436e-05
1.24516e-05
4.87715e-05
-5.21831e-06
7.45962e-06
-7.33563e-05
1.29308e-05
8.18761e-06
-5.21312e-05
1.65265e-05
4.04326e-05
8.1441e-06
1.5842e-05
-0.00010069
3.54776e-05
-3.19104e-06
-4.89402e-05
9.93531e-06
2.73063e-05
2.03596e-05
5.41771e-06
-0.00010943
2.90998e-05
-2.01572e-05
-2.87829e-05
-1.06229e-05
1.77719e-05
8.95751e-06
-1.41627e-05
-5.8477e-05
-4.19955e-05
-2.8783e-05
-1.1011e-05
-2.51737e-05
-8.36507e-05
3.17234e-05
8.03576e-06
3.93816e-05
-7.65821e-06
0.000229779
-0.000190397
0.000586762
-0.000356983
0.00101226
-0.000425496
0.00135813
-0.000345869
0.00154728
-0.000189152
0.00162373
-7.64519e-05
0.00160128
2.245e-05
0.00146907
0.000132205
0.00126509
0.000203979
0.00101056
0.000254539
0.000742887
0.00026767
0.000506416
0.000236471
0.000328438
0.000177978
0.000209075
0.000119363
0.000132178
7.68972e-05
8.38719e-05
4.83058e-05
6.09697e-05
2.29022e-05
6.11461e-05
-1.76219e-07
7.725e-05
-1.61038e-05
9.60638e-05
-1.88139e-05
0.00010805
-1.19861e-05
0.000111191
-3.14109e-06
0.000108892
2.2995e-06
0.000104246
4.64592e-06
9.91452e-05
5.1006e-06
9.42518e-05
4.89344e-06
8.96893e-05
4.56242e-06
8.54403e-05
4.24899e-06
8.14755e-05
3.96486e-06
7.77755e-05
3.69998e-06
7.43271e-05
3.44843e-06
7.1111e-05
3.21613e-06
6.80995e-05
3.01154e-06
6.52606e-05
2.83894e-06
6.25683e-05
2.6923e-06
6.00122e-05
2.5561e-06
5.75951e-05
2.41702e-06
5.53463e-05
2.24872e-06
5.32242e-05
2.12211e-06
1.81383e-06
4.34678e-05
5.05331e-06
5.68157e-05
-2.1006e-05
0.000216245
-0.000349827
0.000430816
-0.000571554
0.000643894
-0.000638573
0.000788582
-0.000490556
0.000894504
-0.000295073
0.000979082
-0.00016103
0.00109751
-9.59819e-05
0.00123042
-7.01126e-07
0.0012999
0.000134495
0.00128948
0.00026496
0.0012085
0.000348654
0.00107437
0.000370599
0.000913136
0.000339213
0.000751616
0.000280883
0.000612432
0.000216081
0.000499445
0.000161292
0.00040892
0.000113427
0.000338502
7.0242e-05
0.000286759
3.56395e-05
0.000251818
1.61268e-05
0.000228089
1.17431e-05
0.000209552
1.53965e-05
0.00019236
1.94913e-05
0.000175946
2.10601e-05
0.000160586
2.04609e-05
0.000146573
1.89064e-05
0.000133981
1.71543e-05
0.000122753
1.54767e-05
0.000112784
1.39336e-05
0.000103957
1.25274e-05
9.61605e-05
1.12449e-05
8.92936e-05
1.00831e-05
8.32693e-05
9.0359e-06
7.80092e-05
8.09897e-06
7.34366e-05
7.2649e-06
6.94741e-05
6.51847e-06
6.60418e-05
5.84927e-06
6.30952e-05
5.19536e-06
6.05143e-05
4.70305e-06
3.63622e-06
4.47525e-05
-5.13523e-06
6.51043e-05
-4.13578e-05
0.000151347
-0.00043607
0.000270211
-0.000690418
0.000301609
-0.000669971
0.000298732
-0.00048768
0.000326791
-0.000323132
0.000366189
-0.000200428
0.000426213
-0.000156006
0.000539253
-0.000113741
0.000690619
-1.68707e-05
0.000840563
0.000115015
0.000931916
0.000257301
0.000953786
0.000348728
0.000915842
0.000377158
0.000837795
0.000358929
0.000742583
0.000311294
0.000645911
0.000257964
0.00055208
0.000207258
0.000463516
0.000158806
0.000383468
0.000115688
0.000316013
8.35815e-05
0.000263566
6.41903e-05
0.00022494
5.4022e-05
0.000196209
4.82229e-05
0.00017357
4.36994e-05
0.000154688
3.93429e-05
0.000138503
3.50907e-05
0.000124546
3.11121e-05
0.000112524
2.74986e-05
0.000102195
2.42626e-05
9.33349e-05
2.13871e-05
8.5744e-05
1.88358e-05
7.92433e-05
1.65839e-05
7.36846e-05
1.45946e-05
6.89486e-05
1.28349e-05
6.49377e-05
1.12757e-05
6.15692e-05
9.88698e-06
5.87702e-05
8.64825e-06
5.64846e-05
7.48102e-06
5.46157e-05
6.57195e-06
4.93479e-06
4.43593e-05
-2.21083e-05
6.84347e-05
-6.54332e-05
0.000109002
-0.000476637
9.72762e-05
-0.000678692
-9.28421e-06
-0.000563411
-7.58517e-05
-0.000421112
-6.76603e-05
-0.000331324
-2.30917e-05
-0.000244997
4.39604e-05
-0.000223058
0.000119853
-0.000189634
0.000220765
-0.000117782
0.00033883
-3.04957e-06
0.000463495
0.000132636
0.000553262
0.000258961
0.000597226
0.000333194
0.000606364
0.000349792
0.000588776
0.000328882
0.000550643
0.000296097
0.000496304
0.000261597
0.000430697
0.000224413
0.000361134
0.000185252
0.000296585
0.00014813
0.000243734
0.000117041
0.000204022
9.37346e-05
0.000174863
7.73818e-05
0.000152809
6.57535e-05
0.000135353
5.67989e-05
0.000121072
4.9372e-05
0.000109187
4.29971e-05
9.92165e-05
3.74687e-05
9.08165e-05
3.26627e-05
8.37157e-05
2.84879e-05
7.76954e-05
2.48562e-05
7.25736e-05
2.17057e-05
6.82034e-05
1.89648e-05
6.44679e-05
1.65704e-05
6.12766e-05
1.4467e-05
5.85611e-05
1.26024e-05
5.62694e-05
1.09399e-05
5.43665e-05
9.38397e-06
5.27748e-05
8.16374e-06
6.05658e-06
3.65119e-05
-3.88959e-05
6.13499e-05
-9.02712e-05
6.37564e-05
-0.000479043
-3.90698e-05
-0.000575866
-0.00015207
-0.00045041
-0.000192323
-0.000380859
-0.000185251
-0.000338396
-0.000147613
-0.000282634
-0.000127296
-0.000243375
-9.10029e-05
-0.000225928
-4.12718e-05
-0.000167513
1.67151e-05
-6.10364e-05
9.02118e-05
5.9139e-05
0.00017515
0.000174023
0.000255187
0.000253157
0.000317434
0.000287546
0.000353882
0.000292434
0.000363523
0.000286456
0.000349603
0.000275517
0.000317984
0.000256032
0.000277232
0.000226003
0.000236267
0.000189095
0.000200861
0.000152448
0.000172627
0.000121968
0.000150677
9.93322e-05
0.00013349
8.29407e-05
0.000119759
7.05297e-05
0.000108554
6.05771e-05
9.92483e-05
5.23024e-05
9.14161e-05
4.53009e-05
8.47551e-05
3.93237e-05
7.90428e-05
3.42002e-05
7.41127e-05
2.97863e-05
6.98335e-05
2.5985e-05
6.61014e-05
2.26969e-05
6.28345e-05
1.98373e-05
5.99708e-05
1.73307e-05
5.7467e-05
1.51063e-05
5.5294e-05
1.31129e-05
5.34435e-05
1.12346e-05
5.18554e-05
9.7519e-06
7.16983e-06
2.37744e-05
-5.08235e-05
4.53457e-05
-0.000111843
1.33244e-05
-0.000447022
-0.000102884
-0.000459657
-0.000190116
-0.000363179
-0.000202351
-0.000368624
-0.00018623
-0.000354517
-0.000160894
-0.00030797
-0.000153393
-0.000250876
-0.000163249
-0.000216072
-0.000153929
-0.000176833
-0.000115556
-9.94095e-05
-7.32359e-05
1.68186e-05
-1.64481e-05
0.000117235
5.09284e-05
0.000185781
0.00011493
0.000223544
0.000163202
0.000244163
0.000191467
0.00025819
0.000201657
0.000265327
0.000198462
0.000259227
0.000187403
0.000237062
0.000172952
0.000203546
0.000157688
0.000167712
0.000142977
0.000136679
0.00012964
0.000112669
0.000118041
9.454e-05
0.00010813
8.04408e-05
9.96592e-05
6.9048e-05
9.23592e-05
5.96024e-05
8.60084e-05
5.16517e-05
8.04388e-05
4.48934e-05
7.55257e-05
3.91133e-05
7.11778e-05
3.41344e-05
6.73224e-05
2.98404e-05
6.39008e-05
2.61184e-05
6.08645e-05
2.28736e-05
5.81751e-05
2.002e-05
5.58064e-05
1.74751e-05
5.37404e-05
1.51789e-05
5.19785e-05
1.29966e-05
5.04612e-05
1.12693e-05
8.23061e-06
9.59898e-06
-5.61379e-05
2.56123e-05
-0.000127856
-2.04775e-05
-0.000400932
-9.72506e-05
-0.000382884
-0.000154579
-0.00030585
-0.000184245
-0.000338958
-0.000190665
-0.000348097
-0.000170979
-0.000327656
-0.000150909
-0.000270946
-0.000153071
-0.000213909
-0.000156047
-0.000173857
-0.000146604
-0.000108853
-0.000109656
-2.01295e-05
-7.26466e-05
8.0226e-05
-3.15107e-05
0.000144645
1.02717e-05
0.000181762
4.6897e-05
0.000207538
7.54585e-05
0.000229629
9.64842e-05
0.000244301
0.000111398
0.000244313
0.000120817
0.000227643
0.000124611
0.000199753
0.000123214
0.000169109
0.000118181
0.000141712
0.000111415
0.000119435
0.000104283
0.000101672
9.74478e-05
8.72759e-05
9.11315e-05
7.53643e-05
8.53712e-05
6.53627e-05
8.01449e-05
5.6878e-05
7.54166e-05
4.96217e-05
7.11495e-05
4.33804e-05
6.73114e-05
3.79725e-05
6.387e-05
3.32818e-05
6.07942e-05
2.91942e-05
5.8054e-05
2.56138e-05
5.56234e-05
2.24506e-05
5.34833e-05
1.96152e-05
5.16204e-05
1.70419e-05
5.00364e-05
1.45806e-05
4.86767e-05
1.2629e-05
9.1642e-06
-1.80415e-06
-5.8755e-05
8.53791e-07
-0.000130514
-4.66185e-05
-0.00035346
-7.88835e-05
-0.000350619
-9.95752e-05
-0.000285159
-0.000155292
-0.000283241
-0.000184817
-0.000318572
-0.000185533
-0.00032694
-0.000161679
-0.0002948
-0.000141257
-0.000234331
-0.000129675
-0.000185439
-0.000119103
-0.000119425
-9.92e-05
-4.00324e-05
-6.78589e-05
4.8885e-05
-4.53143e-05
0.0001221
-2.50756e-05
0.000161523
-4.41143e-06
0.000186873
1.76874e-05
0.00020753
4.07576e-05
0.000221231
6.28172e-05
0.000222253
8.07791e-05
0.000209681
9.23113e-05
0.00018822
9.72928e-05
0.000164128
9.74065e-05
0.000141598
9.47167e-05
0.000122125
9.07262e-05
0.000105663
8.6267e-05
9.17351e-05
8.17476e-05
7.98836e-05
7.73692e-05
6.97411e-05
7.3233e-05
6.10142e-05
6.93881e-05
5.34667e-05
6.5854e-05
4.69147e-05
6.26342e-05
4.11924e-05
5.97204e-05
3.61956e-05
5.7098e-05
3.18167e-05
5.47492e-05
2.79626e-05
5.26574e-05
2.45424e-05
5.08111e-05
2.14616e-05
4.92032e-05
1.86499e-05
4.78388e-05
1.5945e-05
4.6671e-05
1.37969e-05
9.952e-06
-1.59588e-05
-5.51763e-05
-1.96688e-05
-0.000126804
-6.87351e-05
-0.000304394
-7.58428e-05
-0.000343512
-6.68755e-05
-0.000294126
-0.000121001
-0.000229115
-0.00016738
-0.000272193
-0.00018222
-0.000312099
-0.000171374
-0.000305646
-0.000148143
-0.000257562
-0.000136943
-0.000196639
-0.000111609
-0.000144759
-8.86809e-05
-6.29603e-05
-5.7236e-05
1.74401e-05
-3.26394e-05
9.75036e-05
-2.03587e-05
0.000149242
-1.10972e-05
0.000177612
2.18847e-06
0.000194244
2.06231e-05
0.000202796
4.08351e-05
0.000202041
5.839e-05
0.000192126
7.05512e-05
0.000176059
7.71062e-05
0.000157573
7.94146e-05
0.00013929
7.90808e-05
0.000122458
7.72773e-05
0.000107466
7.47065e-05
9.43059e-05
7.17739e-05
8.28161e-05
6.87238e-05
7.27912e-05
6.57059e-05
6.40321e-05
6.28093e-05
5.63633e-05
6.00834e-05
4.96406e-05
5.75538e-05
4.37221e-05
5.52292e-05
3.85201e-05
5.31094e-05
3.39365e-05
5.11889e-05
2.98831e-05
4.94622e-05
2.62692e-05
4.79276e-05
2.29962e-05
4.65868e-05
1.99907e-05
4.54506e-05
1.70814e-05
4.44805e-05
1.47669e-05
1.05839e-05
-2.53598e-05
-4.8048e-05
-3.37532e-05
-0.00011841
-8.29271e-05
-0.00025522
-9.17236e-05
-0.000334715
-6.5868e-05
-0.000319982
-7.73314e-05
-0.000217652
-0.000137952
-0.000211573
-0.000166494
-0.000283557
-0.000171794
-0.000300346
-0.000149458
-0.000279898
-0.000125049
-0.000221048
-0.000115276
-0.000154532
-8.29983e-05
-9.52377e-05
-5.60924e-05
-9.46583e-06
-2.64465e-05
6.78576e-05
-4.98804e-06
0.000127783
2.0676e-06
0.000170556
7.87185e-06
0.00018844
1.82504e-05
0.000192418
3.17376e-05
0.000188554
4.46067e-05
0.000179257
5.43396e-05
0.000166326
6.0413e-05
0.000151499
6.35138e-05
0.000136189
6.45826e-05
0.00012139
6.43528e-05
0.000107696
6.33084e-05
9.53503e-05
6.17688e-05
8.43557e-05
5.99542e-05
7.46059e-05
5.80158e-05
6.59705e-05
5.60542e-05
5.83249e-05
5.41336e-05
5.15613e-05
5.22942e-05
4.55615e-05
5.05595e-05
4.02549e-05
4.89423e-05
3.55536e-05
4.74497e-05
3.13758e-05
4.60877e-05
2.76313e-05
4.48652e-05
2.42187e-05
4.37939e-05
2.10621e-05
4.28912e-05
1.79841e-05
4.21285e-05
1.55297e-05
1.10493e-05
-3.05144e-05
-3.88919e-05
-4.26946e-05
-0.00010623
-9.07524e-05
-0.000207162
-0.000114037
-0.000311431
-9.9015e-05
-0.000335004
-5.98919e-05
-0.000256775
-0.000103105
-0.000168361
-0.000138686
-0.000247976
-0.000157834
-0.000281199
-0.00015772
-0.000280012
-0.000137695
-0.000241073
-0.000117101
-0.000175126
-8.38494e-05
-0.00012849
-5.26129e-05
-4.07024e-05
-2.73275e-05
4.25722e-05
1.99262e-06
9.84633e-05
1.34524e-05
0.000159096
1.69522e-05
0.00018494
2.04836e-05
0.000188886
2.66449e-05
0.000182393
3.40688e-05
0.000171833
4.08089e-05
0.000159586
4.58992e-05
0.000146409
4.92844e-05
0.000132804
5.12817e-05
0.000119392
5.22367e-05
0.000106741
5.24297e-05
9.51572e-05
5.20803e-05
8.4705e-05
5.13613e-05
7.53249e-05
5.04049e-05
6.69269e-05
4.93087e-05
5.94211e-05
4.81427e-05
5.27273e-05
4.69568e-05
4.67475e-05
4.57854e-05
4.14262e-05
4.46524e-05
3.66867e-05
4.35753e-05
3.24529e-05
4.25705e-05
2.86361e-05
4.16574e-05
2.51318e-05
4.08573e-05
2.18622e-05
4.01932e-05
1.86483e-05
3.96453e-05
1.60775e-05
1.13412e-05
-3.19589e-05
-2.83706e-05
-4.96336e-05
-8.85555e-05
-9.61125e-05
-0.000160683
-0.000122519
-0.000285024
-0.000122571
-0.000334952
-8.56241e-05
-0.000293722
-6.20606e-05
-0.000191924
-9.7025e-05
-0.000213011
-0.000133505
-0.000244718
-0.00014969
-0.000263827
-0.000139257
-0.000251506
-0.00011871
-0.000195672
-0.000112057
-0.000135144
-7.42013e-05
-7.85577e-05
-3.92682e-05
7.63907e-06
-8.39282e-06
6.75878e-05
1.21169e-05
0.000138586
1.82445e-05
0.000178813
1.90978e-05
0.000188033
2.05199e-05
0.000180971
2.39182e-05
0.000168434
2.83567e-05
0.000155148
3.26871e-05
0.000142079
3.63004e-05
0.00012919
3.90368e-05
0.000116656
4.09502e-05
0.000104827
4.21677e-05
9.39397e-05
4.28288e-05
8.40439e-05
4.3062e-05
7.50918e-05
4.29765e-05
6.70124e-05
4.26613e-05
5.97363e-05
4.21866e-05
5.3202e-05
4.16074e-05
4.73267e-05
4.09654e-05
4.20683e-05
4.02918e-05
3.73602e-05
3.96127e-05
3.31321e-05
3.89537e-05
2.92951e-05
3.83437e-05
2.57418e-05
3.78128e-05
2.2393e-05
3.73885e-05
1.90726e-05
3.70592e-05
1.64067e-05
1.14562e-05
-2.86987e-05
-1.82006e-05
-4.49085e-05
-7.23456e-05
-7.12702e-05
-0.000134321
-9.01186e-05
-0.000266176
-9.08554e-05
-0.000334215
-7.70121e-05
-0.000307565
-3.89585e-05
-0.000229978
-6.28197e-05
-0.00018915
-0.000106179
-0.000201359
-0.000136819
-0.000233187
-0.000147049
-0.000241276
-0.000134009
-0.000208713
-0.000129189
-0.000139963
-9.99267e-05
-0.00010782
-5.78643e-05
-3.44233e-05
-2.53693e-05
3.50928e-05
-9.83932e-07
0.000114201
8.05177e-06
0.000169777
1.0187e-05
0.000185898
1.06314e-05
0.000180526
1.24951e-05
0.000166571
1.59741e-05
0.000151669
2.01414e-05
0.000137911
2.41705e-05
0.000125161
2.76313e-05
0.000113195
3.03966e-05
0.000102062
3.25021e-05
9.18342e-05
3.40389e-05
8.25071e-05
3.51053e-05
7.40254e-05
3.57916e-05
6.63259e-05
3.61776e-05
5.93503e-05
3.63314e-05
5.30482e-05
3.63099e-05
4.73482e-05
3.61588e-05
4.22194e-05
3.59147e-05
3.76043e-05
3.56102e-05
3.34367e-05
3.52794e-05
2.9626e-05
3.49604e-05
2.60608e-05
3.46919e-05
2.26615e-05
3.45043e-05
1.92602e-05
3.43934e-05
1.65175e-05
1.13954e-05
-2.24027e-05
-9.72866e-06
-3.41514e-05
-6.05969e-05
-5.55343e-06
-0.000162919
3.90765e-06
-0.000275637
1.49711e-05
-0.000345278
1.13756e-05
-0.00030397
-3.73441e-06
-0.000214868
-3.2948e-05
-0.000159937
-8.72316e-05
-0.000147076
-0.000125132
-0.000195286
-0.000147311
-0.000219097
-0.000146499
-0.000209525
-0.00013153
-0.000154933
-0.000110241
-0.000129108
-7.62274e-05
-6.84374e-05
-4.85961e-05
7.46149e-06
-2.44134e-05
9.00183e-05
-1.0465e-05
0.000155828
-5.5993e-06
0.000181032
-3.39261e-06
0.00017832
-7.40766e-07
0.000163919
3.23452e-06
0.000147694
7.95307e-06
0.000133193
1.26781e-05
0.000120436
1.69302e-05
0.000108943
2.05085e-05
9.84839e-05
2.34211e-05
8.89216e-05
2.57394e-05
8.01888e-05
2.75461e-05
7.22186e-05
2.89201e-05
6.49519e-05
2.99343e-05
5.8336e-05
3.06552e-05
5.23273e-05
3.11399e-05
4.68634e-05
3.14367e-05
4.19227e-05
3.15857e-05
3.74553e-05
3.16258e-05
3.33967e-05
3.15995e-05
2.96523e-05
3.15542e-05
2.61061e-05
3.15364e-05
2.26793e-05
3.15778e-05
1.92187e-05
3.16803e-05
1.6415e-05
1.11644e-05
-1.58984e-05
-3.10535e-06
-2.75787e-05
-4.89166e-05
3.57102e-05
-0.000226208
9.18141e-05
-0.000331741
8.45201e-05
-0.000337984
4.80867e-05
-0.000267536
5.607e-06
-0.000172388
-3.4735e-05
-0.000119595
-7.97476e-05
-0.000102063
-0.000118376
-0.000156658
-0.0001487
-0.000188772
-0.000162016
-0.000196209
-0.000145984
-0.000170966
-0.000119937
-0.000155155
-9.08804e-05
-9.74943e-05
-6.91741e-05
-1.42448e-05
-4.87958e-05
6.964e-05
-3.39339e-05
0.000140966
-2.5466e-05
0.000172564
-2.00298e-05
0.000172883
-1.51658e-05
0.000159055
-9.79772e-06
0.000142326
-3.95801e-06
0.000127353
1.77758e-06
0.000114701
6.89996e-06
0.000103821
1.12634e-05
9.41205e-05
1.4926e-05
8.5259e-05
1.7953e-05
7.71618e-05
2.04219e-05
6.97496e-05
2.24076e-05
6.29661e-05
2.39806e-05
5.6763e-05
2.52064e-05
5.11015e-05
2.61427e-05
4.59271e-05
2.6839e-05
4.12265e-05
2.73391e-05
3.69552e-05
2.7688e-05
3.30478e-05
2.79374e-05
2.9403e-05
2.81439e-05
2.58995e-05
2.83608e-05
2.24624e-05
2.86193e-05
1.89602e-05
2.89259e-05
1.61084e-05
1.07718e-05
-9.90549e-06
1.203e-06
-2.36411e-05
-3.5181e-05
3.75851e-06
-0.000253608
1.4943e-05
-0.000342926
2.15478e-06
-0.000325196
2.28915e-06
-0.000267671
-2.42624e-05
-0.000145837
-5.96712e-05
-8.4186e-05
-9.18425e-05
-6.98916e-05
-0.000122701
-0.000125799
-0.000152219
-0.000159255
-0.000174934
-0.000173494
-0.000169499
-0.000176401
-0.000131918
-0.000192735
-0.000100951
-0.000128462
-8.43214e-05
-3.08741e-05
-7.02435e-05
5.55622e-05
-5.59479e-05
0.000126671
-4.52607e-05
0.000161877
-3.6855e-05
0.000164478
-2.94389e-05
0.000151639
-2.21907e-05
0.000135077
-1.5079e-05
0.000120241
-8.43729e-06
0.000108059
-2.49066e-06
9.7874e-05
2.69266e-06
8.89372e-05
7.06147e-06
8.08902e-05
1.07298e-05
7.34935e-05
1.37862e-05
6.66931e-05
1.631e-05
6.04422e-05
1.83722e-05
5.47009e-05
2.00388e-05
4.94349e-05
2.1368e-05
4.45978e-05
2.24108e-05
4.01837e-05
2.32146e-05
3.61513e-05
2.38317e-05
3.24308e-05
2.43235e-05
2.89112e-05
2.47562e-05
2.54669e-05
2.51884e-05
2.20302e-05
2.56485e-05
1.85001e-05
2.61467e-05
1.56102e-05
1.02295e-05
-4.95454e-06
2.68107e-06
-1.93455e-05
-2.079e-05
-5.91867e-05
-0.000213767
-8.54357e-05
-0.000316677
-0.000100953
-0.000309679
-8.59077e-05
-0.000282716
-8.373e-05
-0.000148014
-8.90994e-05
-7.88167e-05
-9.65328e-05
-6.24581e-05
-0.000122246
-0.000100086
-0.00015176
-0.000129742
-0.000175822
-0.000149431
-0.000168463
-0.00018376
-0.000135665
-0.000225533
-0.000109911
-0.000154216
-9.7942e-05
-4.28428e-05
-8.84038e-05
4.60239e-05
-7.53745e-05
0.000113642
-6.3121e-05
0.000149624
-5.24558e-05
0.000153813
-4.27431e-05
0.000141926
-3.36929e-05
0.000126027
-2.52451e-05
0.000111794
-1.76093e-05
0.000100423
-1.09063e-05
9.11711e-05
-5.12154e-06
8.31524e-05
-1.23531e-07
7.58921e-05
4.12546e-06
6.92444e-05
7.69137e-06
6.31272e-05
1.06794e-05
5.74541e-05
1.31603e-05
5.22199e-05
1.52016e-05
4.73936e-05
1.68619e-05
4.29375e-05
1.81941e-05
3.88515e-05
1.92503e-05
3.50952e-05
2.00912e-05
3.15899e-05
2.07892e-05
2.82132e-05
2.14197e-05
2.48363e-05
2.20453e-05
2.14045e-05
2.26889e-05
1.78566e-05
2.33632e-05
1.49359e-05
9.55244e-06
-1.94406e-06
2.19367e-06
-1.59928e-05
-6.7413e-06
-8.54181e-05
-0.000144341
-0.000121322
-0.000280773
-0.000138776
-0.000292225
-0.000142968
-0.000278523
-0.000118428
-0.000172555
-0.000115298
-8.19473e-05
-0.000108994
-6.87621e-05
-0.000123784
-8.52952e-05
-0.00014649
-0.000107036
-0.000158247
-0.000137673
-0.00013768
-0.000204327
-0.000122614
-0.0002406
-0.000114206
-0.000162624
-0.000108907
-4.81415e-05
-0.000103659
4.07762e-05
-9.26772e-05
0.00010266
-7.94506e-05
0.000136397
-6.66076e-05
0.00014097
-5.47385e-05
0.000130057
-4.40023e-05
0.000115291
-3.43306e-05
0.000102122
-2.58157e-05
9.19085e-05
-1.8415e-05
8.37704e-05
-1.20367e-05
7.67741e-05
-6.56537e-06
7.04208e-05
-1.86291e-06
6.45419e-05
2.16977e-06
5.90944e-05
5.54995e-06
5.40738e-05
8.37629e-06
4.93936e-05
1.07224e-05
4.50474e-05
1.26479e-05
4.1012e-05
1.42083e-05
3.72912e-05
1.54617e-05
3.38418e-05
1.6479e-05
3.05726e-05
1.73447e-05
2.73475e-05
1.81427e-05
2.40383e-05
1.89366e-05
2.06107e-05
1.97408e-05
1.70524e-05
2.05706e-05
1.41062e-05
8.75969e-06
4.44678e-07
-4.86533e-07
-5.7636e-06
-5.33024e-07
-7.00931e-05
-8.00118e-05
-0.000116622
-0.000234244
-0.000139624
-0.000269223
-0.000149087
-0.000269061
-0.00011851
-0.000203132
-0.000130171
-7.02858e-05
-0.000123365
-7.55679e-05
-0.000128466
-8.01951e-05
-0.000140033
-9.54691e-05
-0.000128969
-0.000148737
-0.0001054
-0.000227895
-0.000112492
-0.000233508
-0.000122783
-0.000152333
-0.000124292
-4.66327e-05
-0.000120781
3.72661e-05
-0.000109583
9.1461e-05
-9.44358e-05
0.00012125
-7.93184e-05
0.000125852
-6.53259e-05
0.000116064
-5.29472e-05
0.000102912
-4.21795e-05
9.13545e-05
-3.29059e-05
8.2635e-05
-2.49201e-05
7.57846e-05
-1.80441e-05
6.98982e-05
-1.21287e-05
6.45054e-05
-7.05684e-06
5.947e-05
-2.73415e-06
5.47716e-05
9.5834e-07
5.03813e-05
4.05418e-06
4.62977e-05
6.63196e-06
4.24696e-05
8.7526e-06
3.88913e-05
1.04763e-05
3.55674e-05
1.18687e-05
3.24495e-05
1.30125e-05
2.94288e-05
1.40049e-05
2.63551e-05
1.49367e-05
2.31065e-05
1.58696e-05
1.96778e-05
1.68066e-05
1.61154e-05
1.77668e-05
1.3146e-05
7.8723e-06
2.12239e-06
-5.92254e-06
7.43081e-06
-5.84145e-06
-3.09791e-05
-4.16019e-05
-8.75221e-05
-0.000177701
-0.000120131
-0.000236615
-0.000140005
-0.000249186
-0.000134465
-0.000208672
-0.000141711
-6.30402e-05
-0.000140934
-7.63447e-05
-0.000136383
-8.47462e-05
-0.000128837
-0.000103015
-0.000104255
-0.000173318
-9.27323e-05
-0.000239418
-0.000114739
-0.000211501
-0.00013495
-0.000132122
-0.00014094
-4.06429e-05
-0.000136815
3.31406e-05
-0.000124752
7.93983e-05
-0.000107447
0.000103946
-9.00796e-05
0.000108484
-7.41339e-05
0.000100119
-6.02821e-05
8.90606e-05
-4.86169e-05
7.96894e-05
-3.87442e-05
7.27623e-05
-3.03333e-05
6.73737e-05
-2.31007e-05
6.26656e-05
-1.68663e-05
5.8271e-05
-1.15152e-05
5.41189e-05
-6.94579e-06
5.02022e-05
-3.07618e-06
4.65116e-05
2.16234e-07
4.30052e-05
2.95554e-06
3.97303e-05
5.19766e-06
3.66492e-05
7.0173e-06
3.37478e-05
8.48745e-06
3.09793e-05
9.70501e-06
2.82113e-05
1.07796e-05
2.52806e-05
1.18067e-05
2.20795e-05
1.28426e-05
1.86419e-05
1.38796e-05
1.50785e-05
1.49455e-05
1.20802e-05
6.90959e-06
5.55465e-07
-1.29421e-05
1.28044e-05
-1.80904e-05
1.68884e-06
-3.04863e-05
-5.26753e-05
-0.000123337
-9.72604e-05
-0.000192029
-0.000123299
-0.000223147
-0.000133816
-0.000198155
-0.000125042
-7.1814e-05
-0.000142543
-5.88445e-05
-0.000135704
-9.15847e-05
-0.000115376
-0.000123344
-8.70941e-05
-0.0002016
-9.90722e-05
-0.00022744
-0.000126161
-0.000184412
-0.000148604
-0.000109679
-0.000155371
-3.38754e-05
-0.000149404
2.71734e-05
-0.000135679
6.56735e-05
-0.000116946
8.52129e-05
-9.77185e-05
8.92565e-05
-8.03607e-05
8.27609e-05
-6.55536e-05
7.42535e-05
-5.33478e-05
6.74837e-05
-4.31703e-05
6.25848e-05
-3.45471e-05
5.87506e-05
-2.71279e-05
5.52464e-05
-2.07218e-05
5.18649e-05
-1.52059e-05
4.86029e-05
-1.04871e-05
4.54833e-05
-6.47915e-06
4.25036e-05
-3.12073e-06
3.96468e-05
-3.15432e-07
3.6925e-05
1.98983e-06
3.43439e-05
3.83621e-06
3.19014e-05
5.31735e-06
2.94982e-05
6.55056e-06
2.6978e-05
7.65712e-06
2.41741e-05
8.73543e-06
2.10012e-05
9.83433e-06
1.75431e-05
1.09354e-05
1.39775e-05
1.20818e-05
1.09338e-05
5.89523e-06
-8.26708e-06
-1.99642e-05
6.90174e-06
-3.32592e-05
1.00221e-05
-3.36067e-05
-3.09562e-05
-8.23582e-05
-7.70733e-05
-0.000145912
-0.000105971
-0.000194249
-0.000118032
-0.000186093
-9.54847e-05
-9.43617e-05
-0.000131601
-2.27285e-05
-0.000134414
-8.87719e-05
-0.00011946
-0.000138298
-0.00010917
-0.00021189
-0.000121572
-0.000215038
-0.000143037
-0.000162946
-0.000160283
-9.24335e-05
-0.000164169
-2.99894e-05
-0.000155966
1.89709e-05
-0.000140668
5.03756e-05
-0.000121214
6.57582e-05
-0.000101119
6.9162e-05
-8.32804e-05
6.4922e-05
-6.83563e-05
5.93294e-05
-5.61728e-05
5.53002e-05
-4.6095e-05
5.25071e-05
-3.75182e-05
5.01738e-05
-3.01033e-05
4.78315e-05
-2.36692e-05
4.54307e-05
-1.81099e-05
4.30436e-05
-1.33387e-05
4.0712e-05
-9.2876e-06
3.84526e-05
-5.89795e-06
3.62571e-05
-3.11082e-06
3.41379e-05
-8.57309e-07
3.20904e-05
9.34723e-07
3.01093e-05
2.35066e-06
2.80822e-05
3.53807e-06
2.57906e-05
4.62272e-06
2.30894e-05
5.70618e-06
1.99178e-05
6.82571e-06
1.64237e-05
7.95213e-06
1.28512e-05
9.15122e-06
9.7348e-06
4.86014e-06
-1.96031e-05
-2.00409e-05
-9.06471e-06
-4.37976e-05
-2.82296e-07
-4.23891e-05
-1.80637e-05
-6.45768e-05
-6.0248e-05
-0.000103728
-9.15174e-05
-0.00016298
-0.000105859
-0.000171752
-8.79068e-05
-0.000112314
-0.000118166
7.5309e-06
-0.000136978
-6.99601e-05
-0.000140568
-0.000134707
-0.000145506
-0.000206952
-0.000150107
-0.000210437
-0.00015867
-0.000154384
-0.000166856
-8.42476e-05
-0.000165772
-3.10734e-05
-0.000155372
8.57158e-06
-0.00013895
3.39533e-05
-0.000119497
4.63052e-05
-9.98787e-05
4.95437e-05
-8.27327e-05
4.77759e-05
-6.86398e-05
4.52365e-05
-5.71419e-05
4.38023e-05
-4.75579e-05
4.29231e-05
-3.92924e-05
4.19082e-05
-3.2064e-05
4.06031e-05
-2.57352e-05
3.91018e-05
-2.02306e-05
3.7539e-05
-1.54974e-05
3.59788e-05
-1.14886e-05
3.44438e-05
-8.16194e-06
3.29305e-05
-5.46633e-06
3.14423e-05
-3.34493e-06
2.9969e-05
-1.70537e-06
2.84697e-05
-4.11183e-07
2.6788e-05
6.50152e-07
2.47293e-05
1.65467e-06
2.20849e-05
2.69679e-06
1.88758e-05
3.79126e-06
1.53293e-05
4.89859e-06
1.17439e-05
6.11789e-06
8.51557e-06
3.84766e-06
-5.05228e-06
-1.49886e-05
-5.26963e-06
-4.35803e-05
2.16199e-06
-4.98207e-05
-6.6219e-06
-5.57929e-05
-3.35298e-05
-7.68203e-05
-7.06738e-05
-0.000125836
-8.48457e-05
-0.00015758
-7.50415e-05
-0.000122118
-8.06945e-05
1.31839e-05
-0.000117421
-3.32332e-05
-0.000142637
-0.000109492
-0.00016662
-0.000182969
-0.000163185
-0.000213872
-0.000157791
-0.000159778
-0.000155797
-8.62415e-05
-0.000150487
-3.63841e-05
-0.000139658
-2.25646e-06
-0.000124081
1.83759e-05
-0.000106597
2.88216e-05
-8.96614e-05
3.26076e-05
-7.51263e-05
3.32408e-05
-6.32755e-05
3.33856e-05
-5.35031e-05
3.40299e-05
-4.51638e-05
3.45838e-05
-3.78291e-05
3.45734e-05
-3.12975e-05
3.40715e-05
-2.55013e-05
3.33056e-05
-2.04137e-05
3.24514e-05
-1.60321e-05
3.15972e-05
-1.23482e-05
3.07599e-05
-9.34283e-06
2.99251e-05
-6.97482e-06
2.90742e-05
-5.17443e-06
2.81686e-05
-3.83728e-06
2.71325e-05
-2.82543e-06
2.57761e-05
-1.9613e-06
2.38651e-05
-1.11466e-06
2.12383e-05
-2.19499e-07
1.79807e-05
7.41374e-07
1.43685e-05
1.72784e-06
1.07575e-05
2.84856e-06
7.3949e-06
2.98426e-06
3.75563e-05
-5.25449e-05
4.62618e-05
-5.22857e-05
4.0352e-05
-4.3911e-05
2.47953e-05
-4.02361e-05
-9.40903e-06
-4.2616e-05
-5.6128e-05
-7.9117e-05
-7.86812e-05
-0.000135027
-7.23893e-05
-0.00012841
-3.01452e-05
-2.90601e-05
-7.98968e-05
1.65184e-05
-0.00012736
-6.20283e-05
-0.000156076
-0.000154253
-0.000158843
-0.000211105
-0.000149873
-0.000168748
-0.000142142
-9.39726e-05
-0.000135641
-4.28849e-05
-0.000125583
-1.23145e-05
-0.000111996
4.78878e-06
-9.69467e-05
1.37723e-05
-8.27019e-05
1.83628e-05
-7.05149e-05
2.10538e-05
-6.04678e-05
2.33384e-05
-5.19887e-05
2.55507e-05
-4.45195e-05
2.71146e-05
-3.77682e-05
2.78221e-05
-3.1606e-05
2.79093e-05
-2.60245e-05
2.7724e-05
-2.10652e-05
2.74921e-05
-1.67948e-05
2.73269e-05
-1.32658e-05
2.72308e-05
-1.04797e-05
2.71389e-05
-8.38378e-06
2.69783e-05
-6.88573e-06
2.66705e-05
-5.84048e-06
2.60872e-05
-5.08021e-06
2.50158e-05
-4.41492e-06
2.31998e-05
-3.70975e-06
2.05332e-05
-2.91383e-06
1.71848e-05
-2.06439e-06
1.35191e-05
-1.19579e-06
9.889e-06
-1.88274e-07
6.38741e-06
2.37849e-06
0.000125075
-6.95843e-05
0.000136939
-6.41495e-05
0.000122729
-2.97009e-05
8.53374e-05
-2.84444e-06
3.96988e-05
3.02263e-06
-3.02978e-05
-9.12039e-06
-7.56029e-05
-8.97218e-05
-8.47298e-05
-0.000119283
-4.55955e-06
-0.00010923
2.26966e-05
-1.07378e-05
-4.09349e-05
1.60322e-06
-9.37334e-05
-0.000101455
-0.000126342
-0.000178496
-0.000139249
-0.000155841
-0.000135855
-9.73665e-05
-0.000131272
-4.74673e-05
-0.000123081
-2.05062e-05
-0.000111739
-6.55325e-06
-9.88766e-05
9.10238e-07
-8.64503e-05
5.93642e-06
-7.55056e-05
1.01091e-05
-6.61854e-05
1.40181e-05
-5.80333e-05
1.73987e-05
-5.05422e-05
1.96234e-05
-4.34662e-05
2.0746e-05
-3.67362e-05
2.11793e-05
-3.04287e-05
2.14165e-05
-2.47337e-05
2.17971e-05
-1.98733e-05
2.24665e-05
-1.60095e-05
2.33671e-05
-1.31724e-05
2.43017e-05
-1.12486e-05
2.50545e-05
-1.00389e-05
2.54607e-05
-9.30451e-06
2.53528e-05
-8.80812e-06
2.45194e-05
-8.31923e-06
2.27109e-05
-7.70036e-06
1.99143e-05
-6.93811e-06
1.64226e-05
-6.10841e-06
1.26895e-05
-5.28621e-06
9.06682e-06
-4.48326e-06
5.58446e-06
1.95803e-06
8.23605e-05
-0.000102084
0.000108655
-9.04438e-05
0.000121133
-4.21789e-05
0.000103894
1.43942e-05
7.22671e-05
3.46496e-05
1.63203e-05
4.68265e-05
-4.01491e-05
-3.32524e-05
-7.597e-05
-8.3462e-05
-7.92858e-05
-0.000105915
2.22642e-05
-0.000112288
6.55459e-05
-4.16785e-05
3.94986e-05
-7.54075e-05
-3.09873e-05
-0.00010801
-8.81343e-05
-9.86945e-05
-0.000102931
-8.25693e-05
-0.000102954
-4.74445e-05
-9.77935e-05
-2.5667e-05
-9.05269e-05
-1.38199e-05
-8.23564e-05
-7.26029e-06
-7.41776e-05
-2.24236e-06
-6.6734e-05
2.66542e-06
-6.01577e-05
7.44177e-06
-5.41259e-05
1.13669e-05
-4.82043e-05
1.37019e-05
-4.21474e-05
1.46891e-05
-3.59361e-05
1.4968e-05
-2.97678e-05
1.52483e-05
-2.40536e-05
1.60829e-05
-1.92641e-05
1.7677e-05
-1.57536e-05
1.98565e-05
-1.35861e-05
2.21343e-05
-1.25054e-05
2.39737e-05
-1.21048e-05
2.506e-05
-1.20233e-05
2.52713e-05
-1.19962e-05
2.44922e-05
-1.1826e-05
2.25407e-05
-1.1426e-05
1.95143e-05
-1.08318e-05
1.58284e-05
-1.01665e-05
1.20241e-05
-9.55426e-06
8.45453e-06
-9.13043e-06
5.16059e-06
1.84788e-06
5.54715e-05
-0.000128042
6.98471e-05
-0.000104819
8.3831e-05
-5.61628e-05
9.00487e-05
8.17649e-06
8.38409e-05
4.08574e-05
5.92488e-05
7.14185e-05
8.90061e-06
1.70958e-05
-3.26077e-05
-4.19537e-05
-5.8039e-05
-8.04834e-05
-6.61695e-05
-0.000104157
1.06246e-05
-0.000118473
5.12877e-05
-0.000116071
8.0352e-06
-6.47574e-05
-5.66709e-05
-3.39884e-05
-8.3456e-05
-5.57842e-05
-8.3407e-05
-4.74935e-05
-7.7043e-05
-3.20311e-05
-7.16635e-05
-1.91994e-05
-6.654e-05
-1.23839e-05
-6.20194e-05
-6.76298e-06
-5.7864e-05
-1.48992e-06
-5.42186e-05
3.79634e-06
-5.05755e-05
7.72382e-06
-4.63812e-05
9.5076e-06
-4.12733e-05
9.58117e-06
-3.52362e-05
8.93097e-06
-2.86588e-05
8.67091e-06
-2.23522e-05
9.77623e-06
-1.72554e-05
1.25802e-05
-1.40722e-05
1.66733e-05
-1.28883e-05
2.09503e-05
-1.31726e-05
2.4258e-05
-1.4068e-05
2.59554e-05
-1.49098e-05
2.61131e-05
-1.54342e-05
2.50166e-05
-1.5555e-05
2.26615e-05
-1.52858e-05
1.92451e-05
-1.47769e-05
1.53195e-05
-1.4257e-05
1.15042e-05
-1.39416e-05
8.13904e-06
-1.38719e-05
5.09084e-06
1.85711e-06
6.0737e-05
-0.000134337
5.3802e-05
-9.78844e-05
4.89733e-05
-5.13342e-05
5.65515e-05
5.98321e-07
6.62481e-05
3.11609e-05
7.7826e-05
5.98406e-05
5.34483e-05
4.14734e-05
2.27158e-05
-1.12211e-05
2.66428e-06
-6.04319e-05
-1.81841e-05
-8.33088e-05
-4.30249e-05
-9.36318e-05
-4.51399e-05
-0.000113956
-3.04621e-05
-7.94352e-05
-5.3324e-05
-1.11266e-05
-6.94075e-05
-3.97007e-05
-6.70214e-05
-4.98798e-05
-5.8917e-05
-4.01355e-05
-5.38548e-05
-2.42617e-05
-5.12175e-05
-1.50211e-05
-4.9912e-05
-8.06846e-06
-4.94001e-05
-2.00175e-06
-4.89563e-05
3.35254e-06
-4.78756e-05
6.64313e-06
-4.53748e-05
7.00674e-06
-4.09911e-05
5.19752e-06
-3.47689e-05
2.7087e-06
-2.7316e-05
1.21797e-06
-1.99529e-05
2.41312e-06
-1.42092e-05
6.83648e-06
-1.13142e-05
1.37783e-05
-1.13587e-05
2.09948e-05
-1.34161e-05
2.63154e-05
-1.60374e-05
2.85767e-05
-1.80936e-05
2.81694e-05
-1.92256e-05
2.61486e-05
-1.95416e-05
2.29775e-05
-1.92785e-05
1.89819e-05
-1.8801e-05
1.4842e-05
-1.84863e-05
1.11894e-05
-1.84853e-05
8.13801e-06
-1.86024e-05
5.20786e-06
1.86161e-06
6.42356e-05
-0.000133859
5.88155e-05
-9.24643e-05
5.22943e-05
-4.4813e-05
5.3615e-05
-7.22366e-07
5.66792e-05
2.80966e-05
7.20531e-05
4.44668e-05
8.07336e-05
3.27929e-05
7.64289e-05
-6.91639e-06
7.02853e-05
-5.42883e-05
5.7539e-05
-7.05625e-05
2.59003e-05
-6.19931e-05
-1.64975e-05
-7.15578e-05
-1.21583e-05
-8.37744e-05
-1.70583e-05
-6.22664e-06
-4.48474e-05
-1.19117e-05
-4.95719e-05
-4.51552e-05
-3.97033e-05
-5.00042e-05
-3.54476e-05
-2.85174e-05
-3.50275e-05
-1.54412e-05
-3.77033e-05
-5.39256e-06
-4.12473e-05
1.54221e-06
-4.45123e-05
6.61752e-06
-4.67619e-05
8.8928e-06
-4.72396e-05
7.48441e-06
-4.54457e-05
3.40363e-06
-4.13811e-05
-1.35596e-06
-3.49178e-05
-5.24535e-06
-2.72378e-05
-5.26692e-06
-2.01086e-05
-2.92663e-07
-1.56587e-05
9.32828e-06
-1.48061e-05
2.01423e-05
-1.68496e-05
2.83589e-05
-1.99481e-05
3.16752e-05
-2.24645e-05
3.06858e-05
-2.37015e-05
2.73857e-05
-2.38429e-05
2.31189e-05
-2.34014e-05
1.85403e-05
-2.29618e-05
1.44023e-05
-2.2905e-05
1.11324e-05
-2.31184e-05
8.35132e-06
-2.32392e-05
5.32865e-06
1.83433e-06
2.58351e-05
-0.000144431
6.16253e-05
-0.000128255
9.83519e-05
-8.15396e-05
0.000115626
-1.79966e-05
0.000118705
2.50181e-05
0.000123111
4.00599e-05
0.000130305
2.55992e-05
0.000141867
-1.84784e-05
0.000147038
-5.9459e-05
0.000132961
-5.64852e-05
8.92271e-05
-1.82595e-05
4.15753e-05
-2.3906e-05
-7.56225e-07
-4.14429e-05
-1.25082e-05
5.5253e-06
-2.20926e-05
-2.32735e-06
-1.78868e-05
-4.9361e-05
-1.45696e-05
-5.33213e-05
-1.30394e-05
-3.00476e-05
-1.70407e-05
-1.14398e-05
-2.50009e-05
2.56778e-06
-3.39396e-05
1.04809e-05
-4.28638e-05
1.55418e-05
-5.1432e-05
1.7461e-05
-5.88725e-05
1.49248e-05
-6.35993e-05
8.13035e-06
-6.39251e-05
-1.03021e-06
-5.89195e-05
-1.0251e-05
-5.00362e-05
-1.41502e-05
-4.02555e-05
-1.00734e-05
-3.23696e-05
1.44241e-06
-2.80042e-05
1.57769e-05
-2.70301e-05
2.73848e-05
-2.79837e-05
3.26288e-05
-2.90536e-05
3.17557e-05
-2.92025e-05
2.75346e-05
-2.85317e-05
2.2448e-05
-2.77332e-05
1.77417e-05
-2.73925e-05
1.40615e-05
-2.75618e-05
1.13017e-05
-2.78021e-05
8.59147e-06
-2.7814e-05
5.34048e-06
1.78045e-06
1.52255e-06
-0.000174989
4.96451e-05
-0.000176377
0.000110603
-0.000142497
0.000145866
-5.32602e-05
0.000170239
6.45289e-07
0.000188154
2.21453e-05
0.000203448
1.03054e-05
0.000215637
-3.06683e-05
0.000203727
-4.75487e-05
0.000153136
-5.89414e-06
9.70337e-05
3.78428e-05
5.81876e-05
1.49401e-05
2.11189e-05
-4.37415e-06
4.00539e-06
2.26388e-05
1.16953e-05
-1.00173e-05
2.21317e-05
-5.97974e-05
3.17015e-05
-6.28911e-05
2.47908e-05
-2.31369e-05
4.314e-06
9.03696e-06
-1.36607e-05
2.05425e-05
-2.85469e-05
2.53671e-05
-4.44628e-05
3.14577e-05
-6.10019e-05
3.40001e-05
-7.62048e-05
3.01277e-05
-8.71166e-05
1.9042e-05
-9.0984e-05
2.83712e-06
-8.79962e-05
-1.32387e-05
-7.92488e-05
-2.28976e-05
-6.71081e-05
-2.22141e-05
-5.49179e-05
-1.07477e-05
-4.60564e-05
6.91537e-06
-4.09475e-05
2.2276e-05
-3.83938e-05
3.00752e-05
-3.6782e-05
3.01439e-05
-3.50763e-05
2.58289e-05
-3.33712e-05
2.07429e-05
-3.23294e-05
1.66998e-05
-3.2162e-05
1.3894e-05
-3.2383e-05
1.15227e-05
-3.24451e-05
8.65347e-06
-3.23133e-05
5.20862e-06
1.71328e-06
-8.16186e-06
-0.000202951
2.84826e-05
-0.000213021
9.26924e-05
-0.000206707
0.000154911
-0.000115479
0.000151355
4.20204e-06
0.000158743
1.47574e-05
0.000167334
1.71361e-06
0.0001632
-2.65341e-05
0.000127889
-1.22376e-05
7.30752e-05
4.89199e-05
4.72919e-05
6.36261e-05
3.01186e-05
3.21134e-05
-7.7153e-06
3.34597e-05
-1.07663e-05
2.56897e-05
1.98066e-05
-4.05901e-05
5.10984e-05
-9.10892e-05
7.14296e-05
-8.32224e-05
6.96637e-05
-2.1371e-05
4.18496e-05
3.68511e-05
7.53168e-06
5.48603e-05
-2.06784e-05
5.35771e-05
-4.59942e-05
5.67734e-05
-7.01322e-05
5.8138e-05
-9.12736e-05
5.1269e-05
-0.000106523
3.42914e-05
-0.000114007
1.03208e-05
-0.000113476
-1.37701e-05
-0.000105293
-3.10806e-05
-9.07232e-05
-3.67835e-05
-7.39322e-05
-2.75387e-05
-6.02056e-05
-6.81123e-06
-5.17338e-05
1.38042e-05
-4.6558e-05
2.48993e-05
-4.28331e-05
2.6419e-05
-3.98648e-05
2.28606e-05
-3.78419e-05
1.872e-05
-3.7058e-05
1.59159e-05
-3.70934e-05
1.39293e-05
-3.71534e-05
1.15827e-05
-3.69419e-05
8.44192e-06
-3.67014e-05
4.96816e-06
1.6428e-06
-4.97378e-05
-0.000196955
-3.84976e-05
-0.000224262
-9.56823e-06
-0.000235636
9.54757e-05
-0.000220523
0.000131751
-3.20733e-05
0.000121584
2.49248e-05
0.000116205
7.09258e-06
9.71183e-05
-7.44792e-06
3.59162e-05
4.89645e-05
1.36147e-05
7.12214e-05
2.33301e-05
5.39107e-05
-9.25365e-07
5.63688e-05
-3.2443e-05
6.49774e-05
-4.73389e-06
-2.01939e-06
4.98223e-05
-9.51464e-05
8.62914e-05
-0.000127558
9.4934e-05
-9.18649e-05
8.28574e-05
-9.29449e-06
5.56753e-05
6.40332e-05
2.09485e-05
8.95871e-05
-1.57798e-05
9.03054e-05
-4.63194e-05
8.7313e-05
-7.28402e-05
8.46587e-05
-9.42237e-05
7.26525e-05
-0.000109012
4.90797e-05
-0.00011686
1.81683e-05
-0.00011775
-1.28801e-05
-0.00011177
-3.706e-05
-9.86964e-05
-4.98574e-05
-8.12375e-05
-4.49977e-05
-6.54585e-05
-2.25902e-05
-5.53378e-05
3.68347e-06
-4.96545e-05
1.92161e-05
-4.58149e-05
2.25794e-05
-4.31157e-05
2.01614e-05
-4.18293e-05
1.74336e-05
-4.16707e-05
1.57572e-05
-4.17838e-05
1.40424e-05
-4.15846e-05
1.13835e-05
-4.11878e-05
8.04519e-06
-4.09252e-05
4.70554e-06
1.57907e-06
-7.20829e-05
-0.000187493
-6.41609e-05
-0.000232184
-6.57085e-05
-0.000234089
-5.02164e-05
-0.000236015
3.07872e-05
-0.000113077
3.38934e-05
2.18186e-05
-7.92249e-06
4.89084e-05
-5.55094e-05
4.01389e-05
-5.46397e-05
4.80948e-05
-2.44746e-05
4.10563e-05
-3.15323e-05
6.09685e-05
-5.80739e-05
8.29104e-05
-4.95579e-06
1.18593e-05
5.11711e-05
-5.81462e-05
8.9474e-05
-0.000133449
0.00010823
-0.000146314
9.84718e-05
-8.21068e-05
7.02004e-05
1.89769e-05
4.02387e-05
9.39948e-05
8.16584e-06
0.00012166
-2.21898e-05
0.000120661
-4.71323e-05
0.000112255
-6.75849e-05
0.000105111
-8.21351e-05
8.72027e-05
-9.04391e-05
5.73837e-05
-9.4126e-05
2.18552e-05
-9.4802e-05
-1.22042e-05
-9.16917e-05
-4.01703e-05
-8.32757e-05
-5.82735e-05
-7.08007e-05
-5.74728e-05
-5.94825e-05
-3.39084e-05
-5.24717e-05
-3.32744e-06
-4.89517e-05
1.5696e-05
-4.71655e-05
2.07932e-05
-4.60863e-05
1.90822e-05
-4.59021e-05
1.72495e-05
-4.61337e-05
1.59889e-05
-4.60721e-05
1.39808e-05
-4.56483e-05
1.09597e-05
-4.52155e-05
7.61243e-06
-4.49881e-05
4.47818e-06
1.52105e-06
-6.27832e-05
-0.00018334
-4.84009e-05
-0.000246566
-6.41455e-05
-0.000218344
-7.26011e-05
-0.00022756
2.04954e-05
-0.000206173
7.80165e-05
-3.57025e-05
-2.26277e-05
0.000149553
-8.62363e-05
0.000103748
-8.58907e-05
4.77492e-05
-7.26164e-05
2.7782e-05
-6.97385e-05
5.80905e-05
-4.20232e-05
5.51951e-05
1.57838e-05
-4.59477e-05
7.66331e-05
-0.000118996
0.000104477
-0.000161294
9.05835e-05
-0.000132421
5.31373e-05
-4.46606e-05
1.89578e-05
5.31564e-05
-4.03812e-06
0.000116991
-2.40936e-05
0.000141715
-3.74827e-05
0.00013405
-4.93357e-05
0.000124108
-5.79142e-05
0.00011369
-6.16275e-05
9.09159e-05
-6.10411e-05
5.67973e-05
-5.84411e-05
1.92551e-05
-5.58338e-05
-1.48117e-05
-5.3e-05
-4.30042e-05
-4.88063e-05
-6.24673e-05
-4.45537e-05
-6.17254e-05
-4.36074e-05
-3.48548e-05
-4.56e-05
-1.3349e-06
-4.7075e-05
1.71709e-05
-4.83153e-05
2.20336e-05
-4.91913e-05
1.99582e-05
-4.98472e-05
1.79055e-05
-5.01574e-05
1.62992e-05
-4.99191e-05
1.37425e-05
-4.94365e-05
1.04772e-05
-4.90619e-05
7.23798e-06
-4.88741e-05
4.29039e-06
1.46812e-06
-3.97671e-05
-0.000181043
-2.63874e-05
-0.000259946
-5.0967e-05
-0.000193765
-8.67909e-05
-0.000191736
-5.10979e-05
-0.000241866
6.9726e-05
-0.000156527
8.8999e-05
0.000130279
-5.83131e-06
0.000198578
-5.58027e-05
9.77205e-05
-7.22314e-05
4.42108e-05
-4.59882e-05
3.18473e-05
4.83382e-05
-3.91313e-05
0.000108679
-0.000106288
0.000128169
-0.000138486
9.5686e-05
-0.000128811
2.92711e-05
-6.60056e-05
-2.60602e-05
1.06707e-05
-5.38302e-05
8.09264e-05
-6.26295e-05
0.00012579
-5.83044e-05
0.00013739
-5.34795e-05
0.000129225
-5.10498e-05
0.000121679
-4.64109e-05
0.000109051
-3.87897e-05
8.32947e-05
-2.95654e-05
4.75729e-05
-2.08043e-05
1.04938e-05
-1.29025e-05
-2.27135e-05
-7.13765e-06
-4.87692e-05
-6.58197e-06
-6.30232e-05
-1.38514e-05
-5.44561e-05
-2.54578e-05
-2.32485e-05
-3.77689e-05
1.09761e-05
-4.59566e-05
2.53586e-05
-5.01874e-05
2.62644e-05
-5.25828e-05
2.23536e-05
-5.3795e-05
1.91177e-05
-5.40616e-05
1.65659e-05
-5.36841e-05
1.33651e-05
-5.31712e-05
9.96434e-06
-5.281e-05
6.87692e-06
-5.26242e-05
4.10456e-06
1.4155e-06
-1.26645e-05
-0.000177397
-1.2349e-05
-0.000260261
-3.89907e-05
-0.000167123
-8.0657e-05
-0.000150069
-5.9359e-05
-0.000263165
8.68573e-05
-0.000302743
0.000228922
-1.1785e-05
0.000248247
0.000179252
0.000186365
0.000159603
0.000161685
6.88913e-05
0.000179872
1.366e-05
0.00017802
-3.72796e-05
0.000142686
-7.09544e-05
7.60928e-05
-7.1892e-05
-6.95972e-06
-4.57581e-05
-7.14713e-05
-1.49401e-06
-0.000103336
4.25352e-05
-0.000109754
8.73443e-05
-9.84011e-05
0.000114438
-7.89721e-05
0.000117961
-6.29651e-05
0.000113218
-4.95147e-05
0.000108228
-3.40523e-05
9.35885e-05
-1.72701e-05
6.65125e-05
-1.39013e-06
3.16928e-05
1.44684e-05
-5.36483e-06
2.85196e-05
-3.67649e-05
3.41453e-05
-5.43951e-05
2.48993e-05
-5.37773e-05
3.02487e-06
-3.25818e-05
-2.07583e-05
5.34551e-07
-3.93104e-05
2.95282e-05
-4.97321e-05
3.57802e-05
-5.42961e-05
3.08284e-05
-5.66205e-05
2.4678e-05
-5.76846e-05
2.0182e-05
-5.77255e-05
1.66068e-05
-5.72756e-05
1.29152e-05
-5.67984e-05
9.48725e-06
-5.64502e-05
6.52877e-06
-5.62524e-05
3.9068e-06
1.35659e-06
1.04798e-05
-0.000184927
-7.38375e-06
-0.000242398
-3.60041e-05
-0.000138503
-4.63431e-05
-0.00013973
3.26517e-05
-0.000342159
0.000110778
-0.000380869
0.000171547
-7.25544e-05
0.000209452
0.000141348
0.000210619
0.000158435
0.000178748
0.000100762
0.000136427
5.59815e-05
7.49491e-05
2.4198e-05
2.19896e-06
1.7958e-06
-6.20838e-05
-7.6092e-06
-0.000108937
1.09544e-06
-0.0001314
2.09687e-05
-0.000139493
5.06283e-05
-0.000129365
7.72165e-05
-0.000107146
9.2218e-05
-8.36889e-05
9.45048e-05
-6.3639e-05
9.31684e-05
-4.31285e-05
8.7718e-05
-2.0786e-05
7.12459e-05
1.20221e-06
4.45242e-05
2.35341e-05
9.36084e-06
4.61583e-05
-2.79892e-05
5.6506e-05
-4.71127e-05
4.86673e-05
-4.65565e-05
2.36669e-05
-2.8777e-05
-1.10322e-05
2.11724e-06
-4.01643e-05
2.96665e-05
-5.44009e-05
4.37648e-05
-6.0075e-05
4.14543e-05
-6.21492e-05
3.29026e-05
-6.32122e-05
2.5741e-05
-6.34379e-05
2.04077e-05
-6.27603e-05
1.59293e-05
-6.17334e-05
1.18884e-05
-6.07981e-05
8.55202e-06
-6.01468e-05
5.87755e-06
-5.98053e-05
3.56527e-06
1.25657e-06
2.83771e-05
-0.000200373
-1.64005e-05
-0.00019762
-4.14454e-05
-0.000113458
3.91261e-05
-0.000220302
0.000153233
-0.000456266
7.68425e-05
-0.000304478
-6.56493e-07
4.94463e-06
1.50912e-05
0.0001256
2.4391e-05
0.000149136
6.4079e-06
0.000118746
-2.19261e-05
8.43155e-05
-5.16158e-05
5.38878e-05
-7.97449e-05
2.9925e-05
-0.000107145
1.97908e-05
-0.000130312
2.4263e-05
-0.000143959
3.46158e-05
-0.000141528
4.8197e-05
-0.000125821
6.15095e-05
-0.000103529
6.99259e-05
-8.15763e-05
7.25522e-05
-5.97437e-05
7.13358e-05
-3.56899e-05
6.36641e-05
-1.0679e-05
4.6235e-05
1.51081e-05
1.87371e-05
4.09268e-05
-1.64579e-05
5.20995e-05
-3.91621e-05
3.83237e-05
-3.33369e-05
7.70721e-06
-1.59401e-05
-2.82195e-05
7.14958e-06
-5.71016e-05
3.09993e-05
-7.05565e-05
4.31214e-05
-7.32582e-05
4.64666e-05
-7.22229e-05
4.0419e-05
-7.08373e-05
3.1517e-05
-6.96281e-05
2.45319e-05
-6.81904e-05
1.897e-05
-6.65197e-05
1.42586e-05
-6.50489e-05
1.04177e-05
-6.39785e-05
7.48168e-06
-6.33194e-05
5.21843e-06
-6.29924e-05
3.23828e-06
1.16439e-06
1.27273e-05
-0.000177623
-5.72408e-05
-0.000127652
-5.50893e-05
-0.000115609
8.56881e-05
-0.00036108
7.92545e-05
-0.000449832
-8.01921e-05
-0.000145032
-0.000176647
0.0001014
-0.000190994
0.000139947
-0.000166589
0.000124731
-0.000141128
9.32842e-05
-0.000126947
7.01348e-05
-0.000125256
5.21974e-05
-0.000132509
3.71776e-05
-0.000141594
2.88763e-05
-0.000145294
2.79622e-05
-0.000142058
3.13799e-05
-0.000131525
3.76643e-05
-0.000114313
4.42976e-05
-9.29659e-05
4.85788e-05
-6.96769e-05
4.92633e-05
-4.39973e-05
4.56561e-05
-1.67913e-05
3.64581e-05
7.33151e-06
2.21122e-05
1.92855e-05
6.7831e-06
9.75194e-06
-6.92446e-06
-1.90846e-05
-1.03256e-05
-4.80695e-05
-4.35209e-06
-7.07867e-05
6.77709e-06
-8.39283e-05
2.02911e-05
-8.79484e-05
3.50194e-05
-8.93683e-05
4.45413e-05
-8.78871e-05
4.49854e-05
-8.56857e-05
3.82176e-05
-8.32881e-05
2.91194e-05
-8.00938e-05
2.13377e-05
-7.63596e-05
1.52358e-05
-7.28041e-05
1.0703e-05
-6.99662e-05
7.57979e-06
-6.80257e-05
5.54116e-06
-6.68799e-05
4.07267e-06
-6.6266e-05
2.6243e-06
9.35837e-07
-5.12043e-05
-9.73186e-05
-0.000112224
-6.66322e-05
-0.000104971
-0.000122862
-0.000112538
-0.000353512
-0.000228584
-0.000333787
-0.000288383
-8.52331e-05
-0.000247894
6.09118e-05
-0.000238315
0.000130367
-0.000227481
0.000113898
-0.00020179
6.75929e-05
-0.000176489
4.48334e-05
-0.000159251
3.49594e-05
-0.000149811
2.77381e-05
-0.000143667
2.27326e-05
-0.00013647
2.07648e-05
-0.000126432
2.13423e-05
-0.00011283
2.40626e-05
-9.59188e-05
2.73861e-05
-7.73196e-05
2.99796e-05
-5.93823e-05
3.13259e-05
-4.58882e-05
3.2162e-05
-4.22907e-05
3.28606e-05
-4.94179e-05
2.92393e-05
-6.49308e-05
2.2296e-05
-8.42166e-05
1.23613e-05
-9.64524e-05
1.91025e-06
-9.67912e-05
-4.01327e-06
-9.15042e-05
1.49005e-06
-8.64552e-05
1.52421e-05
-8.34381e-05
3.20024e-05
-8.17932e-05
4.28963e-05
-8.16196e-05
4.48117e-05
-8.25371e-05
3.91351e-05
-8.31358e-05
2.9718e-05
-8.1847e-05
2.00489e-05
-7.88007e-05
1.21894e-05
-7.51834e-05
7.08579e-06
-7.21246e-05
4.52094e-06
-7.01329e-05
3.54937e-06
-6.90429e-05
2.98264e-06
-6.84866e-05
2.06803e-06
7.63073e-07
-0.000121592
-1.77226e-05
-0.000176621
-1.1603e-05
-0.000250118
-4.9365e-05
-0.000474656
-0.000128975
-0.000647683
-0.000160759
-0.000679873
-5.30435e-05
-0.000591518
-2.74433e-05
-0.000450105
-1.10458e-05
-0.000335307
-8.99846e-07
-0.000270631
2.91678e-06
-0.000228986
3.18815e-06
-0.000200913
6.88646e-06
-0.000181454
8.2793e-06
-0.000167563
8.84119e-06
-0.000156335
9.53686e-06
-0.000144941
9.9485e-06
-0.000131775
1.08968e-05
-0.000117209
1.28199e-05
-0.000102486
1.52566e-05
-8.97771e-05
1.86172e-05
-8.19911e-05
2.43759e-05
-8.73509e-05
3.82204e-05
-9.69329e-05
3.88213e-05
-0.000107704
3.30672e-05
-0.000119047
2.37042e-05
-0.000131628
1.44908e-05
-0.000145076
9.43486e-06
-0.000153889
1.03029e-05
-0.000153778
1.51312e-05
-0.000143599
2.18241e-05
-0.000127729
2.70265e-05
-0.000111724
2.88066e-05
-9.94169e-05
2.68277e-05
-9.09793e-05
2.12803e-05
-8.51022e-05
1.41718e-05
-8.07402e-05
7.82732e-06
-7.74025e-05
3.748e-06
-7.49268e-05
2.04527e-06
-7.31171e-05
1.73962e-06
-7.17663e-05
1.63177e-06
-7.08399e-05
1.14156e-06
3.91529e-07
-0.000101373
-0.000112976
-0.000162341
-0.000291316
-0.000452075
-0.000505118
-0.000532561
-0.000543607
-0.000544507
-0.00054159
-0.000538402
-0.000531516
-0.000523236
-0.000514395
-0.000504858
-0.00049491
-0.000484013
-0.000471193
-0.000455937
-0.000437319
-0.000412944
-0.000374723
-0.000335902
-0.000302835
-0.00027913
-0.00026464
-0.000255205
-0.000244902
-0.000229771
-0.000207947
-0.00018092
-0.000152113
-0.000125286
-0.000104005
-8.98338e-05
-8.20065e-05
-7.82585e-05
-7.62133e-05
-7.44737e-05
-7.28419e-05
-7.17004e-05
)
;

boundaryField
{
    leftWall
    {
        type            calculated;
        value           uniform 0;
    }
    rightWall
    {
        type            calculated;
        value           uniform 0;
    }
    lowerWall
    {
        type            calculated;
        value           uniform 0;
    }
    atmosphere
    {
        type            calculated;
        value           nonuniform List<scalar> 
44
(
5.14104e-05
5.86919e-05
5.33171e-05
5.1653e-05
5.07421e-05
4.94004e-05
4.77431e-05
4.58832e-05
4.38486e-05
4.1663e-05
3.93534e-05
3.69442e-05
3.44543e-05
3.19113e-05
2.93185e-05
2.6689e-05
2.40403e-05
2.13634e-05
1.86542e-05
1.59082e-05
1.30962e-05
1.01864e-05
7.1304e-06
3.71198e-06
4.17506e-07
-4.06281e-06
-9.02031e-06
-1.38812e-05
-1.8607e-05
-2.3212e-05
-2.77601e-05
-3.22461e-05
-3.66309e-05
-4.08615e-05
-4.49301e-05
-4.88212e-05
-5.25715e-05
-5.61935e-05
-5.97053e-05
-6.29002e-05
-6.60374e-05
-6.83139e-05
-7.04683e-05
-7.13089e-05
)
;
    }
    frontAndBack
    {
        type            empty;
    }
}


// ************************************************************************* //
