/*--------------------------------*- C++ -*----------------------------------*\
  =========                 |
  \\      /  F ield         | OpenFOAM: The Open Source CFD Toolbox
   \\    /   O peration     | Website:  https://openfoam.org
    \\  /    A nd           | Version:  13
     \\/     M anipulation  |
\*---------------------------------------------------------------------------*/
FoamFile
{
    format      ascii;
    class       volScalarField;
    location    "20";
    object      epsilon;
}
// * * * * * * * * * * * * * * * * * * * * * * * * * * * * * * * * * * * * * //

dimensions      [0 2 -3 0 0 0 0];

internalField   nonuniform List<scalar> 
400
(
2.89681e-05
8.35893e-05
0.000323303
0.000655213
0.000881493
0.00105422
0.00119146
0.00132361
0.00143788
0.00155488
0.00166328
0.0017779
0.00188768
0.00195342
0.00198086
0.00196564
0.00179593
0.00136588
0.000833027
0.000581273
0.000125233
0.000325196
0.000818066
0.00109402
0.00114914
0.00117041
0.00117443
0.00121288
0.00125601
0.00134267
0.00145282
0.00160118
0.00177661
0.00198238
0.00220183
0.00239529
0.00247842
0.00242485
0.00188972
0.00122753
0.000400339
0.000943033
0.00115324
0.00117578
0.00113435
0.001113
0.00109531
0.00111095
0.00116934
0.00124289
0.0013354
0.00144467
0.00157569
0.00173535
0.00192576
0.00214418
0.00230742
0.00236427
0.0021421
0.00161689
0.000847179
0.00122693
0.001237
0.00113788
0.0010535
0.000999482
0.000982264
0.000981704
0.00100862
0.00104015
0.00109073
0.00116345
0.00127188
0.00142534
0.00164003
0.00191829
0.00220248
0.00232717
0.00225786
0.00186803
0.00115873
0.00138291
0.00120985
0.00104381
0.000927437
0.000864909
0.000824962
0.000796484
0.00078092
0.000774777
0.000786187
0.000834507
0.000927948
0.00108534
0.00133137
0.00168472
0.00212709
0.00237283
0.00240334
0.00205489
0.00132904
0.00137945
0.00113706
0.000927311
0.000808637
0.00073149
0.000665692
0.000605937
0.000554881
0.000525894
0.000516275
0.000537928
0.000617629
0.000767649
0.0010281
0.00144155
0.00202269
0.00248246
0.0025973
0.00220581
0.00135669
0.0013339
0.00103294
0.000824812
0.000704506
0.000613217
0.000527576
0.00044755
0.000379876
0.000338303
0.000321708
0.000323553
0.000382695
0.000509166
0.000753647
0.00119133
0.00189039
0.00260524
0.00282928
0.00232681
0.00133753
0.00123466
0.00093565
0.000739213
0.00061968
0.000519785
0.000423693
0.000336246
0.000266109
0.000222812
0.000204107
0.000201447
0.000238596
0.000332277
0.00053755
0.00095611
0.00171848
0.00271624
0.00312123
0.00242748
0.00128798
0.00111964
0.00085059
0.000671989
0.000555713
0.000452937
0.000354517
0.000267968
0.000201866
0.000162694
0.000146182
0.000143986
0.000168878
0.000234492
0.000392499
0.000768058
0.00155319
0.00278499
0.00341385
0.00250285
0.00119531
0.00101763
0.000780586
0.000620404
0.000510052
0.000409962
0.000314182
0.000231814
0.000171713
0.000136646
0.000122084
0.000121602
0.000139942
0.000189013
0.000310688
0.000631224
0.00141711
0.00283002
0.00372665
0.0025642
0.00109477
0.00093298
0.000726219
0.000584575
0.000481201
0.000385256
0.000295694
0.000221704
0.000167421
0.000133671
0.000117189
0.000116981
0.00013162
0.000172221
0.000273357
0.000549432
0.0012989
0.00287493
0.00401579
0.00260336
0.00100514
0.000876551
0.000688513
0.000559719
0.000463546
0.000377669
0.000296966
0.000226589
0.000174418
0.000141425
0.000124936
0.000125025
0.000135676
0.000169766
0.000261761
0.000513161
0.00122858
0.00293291
0.00427915
0.00263104
0.000910344
0.000836533
0.000669952
0.000553127
0.000464346
0.000382026
0.000305879
0.000241001
0.000192533
0.000160836
0.000143706
0.000144125
0.000154191
0.000185696
0.000268073
0.000502989
0.00120046
0.00300678
0.00446698
0.00264449
0.000819189
0.000814901
0.000679178
0.000561415
0.000474383
0.000396285
0.000326605
0.000268381
0.000223206
0.000192537
0.000173777
0.000174146
0.000184198
0.000216304
0.000299593
0.000526991
0.00119918
0.00311375
0.00456355
0.00265219
0.000718907
0.000789633
0.000699255
0.000586314
0.000501022
0.000426239
0.000360316
0.000305628
0.000263032
0.000233992
0.000214652
0.000215372
0.000226555
0.000261885
0.000352008
0.000591493
0.00127067
0.00327471
0.00459853
0.00259052
0.000610614
0.000779414
0.000741613
0.000648429
0.000562367
0.000487791
0.000421338
0.000365517
0.000321169
0.000291076
0.000270219
0.00027169
0.000285799
0.000328902
0.000435818
0.000709106
0.00141803
0.00347537
0.00444446
0.0024859
0.000497246
0.000737143
0.000760718
0.000728844
0.000663446
0.000592133
0.000522956
0.000462326
0.000413474
0.000378912
0.000358955
0.000363315
0.000385871
0.000449604
0.000598839
0.000960523
0.00175441
0.00373003
0.00413403
0.00234852
0.000336793
0.000645072
0.000836335
0.000903101
0.000886991
0.000832462
0.00075515
0.000683374
0.00062817
0.00058752
0.000585685
0.000606136
0.000664566
0.000804717
0.00109261
0.00173285
0.00270217
0.00411028
0.00399135
0.00218347
0.000350399
0.000642314
0.00103778
0.00125613
0.00133689
0.00133646
0.00131755
0.00129441
0.0013051
0.00134881
0.00144627
0.00164384
0.00192174
0.00238161
0.00297858
0.00391119
0.00474497
0.004675
0.00408823
0.00194291
0.000254613
0.000388413
0.000680673
0.00096801
0.00118637
0.00133488
0.00141834
0.00147107
0.00149616
0.00151324
0.00151992
0.0015306
0.00153947
0.00156192
0.00157742
0.00163515
0.00170614
0.00179595
0.00177824
0.00158445
)
;

boundaryField
{
    movingWall
    {
        type            epsilonWallFunction;
        value           nonuniform List<scalar> 
20
(
0.000254613
0.000388413
0.000680673
0.00096801
0.00118637
0.00133488
0.00141834
0.00147107
0.00149616
0.00151324
0.00151992
0.0015306
0.00153947
0.00156192
0.00157742
0.00163515
0.00170614
0.00179595
0.00177824
0.00158445
)
;
    }
    fixedWalls
    {
        type            epsilonWallFunction;
        value           nonuniform List<scalar> 
60
(
2.89681e-05
0.000125233
0.000400339
0.000847179
0.00115873
0.00132904
0.00135669
0.00133753
0.00128798
0.00119531
0.00109477
0.00100514
0.000910344
0.000819189
0.000718907
0.000610614
0.000497246
0.000336793
0.000350399
0.000254613
0.000581273
0.00122753
0.00161689
0.00186803
0.00205489
0.00220581
0.00232681
0.00242748
0.00250285
0.0025642
0.00260336
0.00263104
0.00264449
0.00265219
0.00259052
0.0024859
0.00234852
0.00218347
0.00194291
0.00158445
2.89681e-05
8.35893e-05
0.000323303
0.000655213
0.000881493
0.00105422
0.00119146
0.00132361
0.00143788
0.00155488
0.00166328
0.0017779
0.00188768
0.00195342
0.00198086
0.00196564
0.00179593
0.00136588
0.000833027
0.000581273
)
;
    }
    frontAndBack
    {
        type            empty;
    }
}


// ************************************************************************* //
