/*--------------------------------*- C++ -*----------------------------------*\
  =========                 |
  \\      /  F ield         | OpenFOAM: The Open Source CFD Toolbox
   \\    /   O peration     | Website:  https://openfoam.org
    \\  /    A nd           | Version:  13
     \\/     M anipulation  |
\*---------------------------------------------------------------------------*/
FoamFile
{
    format      ascii;
    class       volScalarField;
    location    "20";
    object      nut;
}
// * * * * * * * * * * * * * * * * * * * * * * * * * * * * * * * * * * * * * //

dimensions      [0 2 -1 0 0 0 0];

internalField   nonuniform List<scalar> 
400
(
2.54673e-07
7.34941e-07
2.84224e-06
5.75969e-06
7.74862e-06
9.26684e-06
1.04732e-05
1.16348e-05
1.26392e-05
1.36676e-05
1.46204e-05
1.56279e-05
1.65929e-05
1.71707e-05
1.74118e-05
1.72781e-05
1.57863e-05
1.20063e-05
7.32255e-06
5.10955e-06
1.10095e-06
4.59183e-06
7.91993e-06
1.50835e-05
1.9227e-05
2.5511e-05
2.95518e-05
3.5125e-05
3.94921e-05
4.37185e-05
4.68284e-05
4.90986e-05
4.99017e-05
5.06005e-05
4.98237e-05
4.76106e-05
4.6048e-05
3.55212e-05
1.96016e-05
1.07902e-05
3.51927e-06
1.51261e-05
2.38105e-05
3.06509e-05
3.73551e-05
4.37254e-05
4.88079e-05
5.45062e-05
5.73077e-05
6.0498e-05
6.22756e-05
6.35418e-05
6.38096e-05
6.37095e-05
6.23689e-05
5.87113e-05
5.52926e-05
4.73882e-05
2.64678e-05
1.42127e-05
7.44665e-06
2.73404e-05
3.47768e-05
4.16855e-05
4.83624e-05
5.37406e-05
5.80427e-05
6.27528e-05
6.55887e-05
6.85589e-05
6.97773e-05
7.07362e-05
7.11995e-05
7.11764e-05
7.0163e-05
6.6399e-05
6.01947e-05
5.5424e-05
3.51033e-05
1.64202e-05
1.01851e-05
3.42756e-05
4.18907e-05
4.84243e-05
5.50533e-05
6.09757e-05
6.60577e-05
6.96726e-05
7.11445e-05
7.12681e-05
7.14271e-05
7.20476e-05
7.28402e-05
7.36516e-05
7.42475e-05
7.35842e-05
6.56681e-05
6.02493e-05
4.21951e-05
1.80628e-05
1.16822e-05
3.80734e-05
4.59182e-05
5.40255e-05
6.12485e-05
6.69986e-05
7.0055e-05
7.01935e-05
6.97335e-05
6.976e-05
6.98567e-05
7.03952e-05
7.10697e-05
7.23818e-05
7.43101e-05
7.62006e-05
7.16884e-05
6.37843e-05
4.88517e-05
1.93893e-05
1.19253e-05
3.87e-05
4.97334e-05
5.8559e-05
6.48495e-05
6.83049e-05
6.93946e-05
6.86782e-05
6.82916e-05
6.8474e-05
6.87524e-05
6.95733e-05
6.9696e-05
7.04986e-05
7.26058e-05
7.61876e-05
7.74139e-05
6.76545e-05
5.43252e-05
2.0453e-05
1.17569e-05
3.97354e-05
5.24715e-05
6.05437e-05
6.59094e-05
6.82305e-05
6.83529e-05
6.7576e-05
6.77222e-05
6.86623e-05
6.97139e-05
7.03368e-05
7.03425e-05
7.03221e-05
7.11795e-05
7.49261e-05
8.02544e-05
7.1178e-05
5.94893e-05
2.13379e-05
1.13214e-05
3.93812e-05
5.29527e-05
6.10853e-05
6.59699e-05
6.77504e-05
6.75501e-05
6.71364e-05
6.81125e-05
6.96785e-05
7.09671e-05
7.14253e-05
7.09017e-05
7.04915e-05
7.1014e-05
7.35887e-05
8.00139e-05
7.53167e-05
6.34068e-05
2.20004e-05
1.05069e-05
3.90739e-05
5.27711e-05
6.09829e-05
6.56702e-05
6.71763e-05
6.70776e-05
6.71263e-05
6.85855e-05
7.0413e-05
7.16627e-05
7.19191e-05
7.15863e-05
7.12946e-05
7.13918e-05
7.30473e-05
7.83315e-05
7.9114e-05
6.69514e-05
2.25397e-05
9.62323e-06
3.71861e-05
5.12962e-05
5.98665e-05
6.4667e-05
6.66338e-05
6.65946e-05
6.66331e-05
6.77206e-05
6.94117e-05
7.09677e-05
7.13959e-05
7.14691e-05
7.14799e-05
7.20966e-05
7.34773e-05
7.77828e-05
8.1568e-05
6.95871e-05
2.28837e-05
8.83538e-06
3.48127e-05
4.98119e-05
5.90116e-05
6.40074e-05
6.55636e-05
6.61374e-05
6.62743e-05
6.70428e-05
6.82736e-05
6.94157e-05
6.9614e-05
7.0126e-05
7.11935e-05
7.22956e-05
7.39115e-05
7.7696e-05
8.32527e-05
7.16561e-05
2.31277e-05
8.00215e-06
3.07255e-05
4.6607e-05
5.60871e-05
6.22048e-05
6.49668e-05
6.5643e-05
6.57115e-05
6.60163e-05
6.65958e-05
6.75303e-05
6.78471e-05
6.86857e-05
7.03864e-05
7.26747e-05
7.43252e-05
7.7557e-05
8.42295e-05
7.17683e-05
2.32452e-05
7.20089e-06
2.77322e-05
4.34956e-05
5.32117e-05
6.05366e-05
6.42146e-05
6.49965e-05
6.51544e-05
6.5222e-05
6.53249e-05
6.62186e-05
6.66967e-05
6.78837e-05
7.00797e-05
7.29883e-05
7.54522e-05
7.7432e-05
8.44797e-05
7.13792e-05
2.33124e-05
6.31945e-06
2.33201e-05
3.87263e-05
5.02377e-05
5.79133e-05
6.32482e-05
6.46119e-05
6.49804e-05
6.50916e-05
6.498e-05
6.58177e-05
6.6348e-05
6.76213e-05
6.98742e-05
7.28224e-05
7.57039e-05
7.67301e-05
8.29765e-05
7.05404e-05
2.27702e-05
5.36754e-06
2.03868e-05
3.48187e-05
4.61689e-05
5.39675e-05
6.03188e-05
6.39799e-05
6.49516e-05
6.53271e-05
6.5177e-05
6.57241e-05
6.61225e-05
6.7117e-05
6.88786e-05
7.12127e-05
7.47809e-05
7.49737e-05
7.93254e-05
6.62797e-05
2.18506e-05
4.37109e-06
1.59424e-05
3.00022e-05
4.24174e-05
5.08405e-05
5.65949e-05
6.13512e-05
6.31468e-05
6.37068e-05
6.37407e-05
6.37753e-05
6.39887e-05
6.45607e-05
6.55456e-05
6.68568e-05
7.11972e-05
7.2368e-05
7.40315e-05
6.15957e-05
2.06509e-05
2.96064e-06
1.29336e-05
2.80711e-05
3.98007e-05
5.06781e-05
5.52491e-05
5.95445e-05
6.18615e-05
6.13427e-05
6.05393e-05
5.95274e-05
5.93624e-05
5.94147e-05
6.03505e-05
6.11535e-05
6.67273e-05
7.02212e-05
6.68422e-05
5.34399e-05
1.92121e-05
3.08001e-06
1.4389e-05
2.5883e-05
3.38453e-05
3.99427e-05
4.42003e-05
4.66912e-05
4.93338e-05
5.09325e-05
5.28837e-05
5.4569e-05
5.6516e-05
5.88087e-05
6.26373e-05
6.62452e-05
7.32629e-05
6.98811e-05
6.36435e-05
4.63202e-05
1.7141e-05
2.23806e-06
3.41412e-06
5.98302e-06
8.50871e-06
1.04281e-05
1.17336e-05
1.24673e-05
1.29308e-05
1.31515e-05
1.33026e-05
1.33613e-05
1.34546e-05
1.35577e-05
1.3699e-05
1.39436e-05
1.43375e-05
1.49861e-05
1.57877e-05
1.56294e-05
1.39257e-05
)
;

boundaryField
{
    movingWall
    {
        type            nutkWallFunction;
        Cmu             0.09;
        kappa           0.41;
        E               9.8;
        value           uniform 0;
    }
    fixedWalls
    {
        type            nutkWallFunction;
        Cmu             0.09;
        kappa           0.41;
        E               9.8;
        value           uniform 0;
    }
    frontAndBack
    {
        type            empty;
    }
}


// ************************************************************************* //
