/*--------------------------------*- C++ -*----------------------------------*\
  =========                 |
  \\      /  F ield         | OpenFOAM: The Open Source CFD Toolbox
   \\    /   O peration     | Website:  https://openfoam.org
    \\  /    A nd           | Version:  13
     \\/     M anipulation  |
\*---------------------------------------------------------------------------*/
FoamFile
{
    format      ascii;
    class       volScalarField;
    location    "20";
    object      p;
}
// * * * * * * * * * * * * * * * * * * * * * * * * * * * * * * * * * * * * * //

dimensions      [0 2 -2 0 0 0 0];

internalField   nonuniform List<scalar> 
400
(
-3.95696e-09
-8.35295e-05
-0.000153334
-0.000399438
-0.00124026
-0.0026584
-0.00432532
-0.00593151
-0.00723738
-0.00810382
-0.00841534
-0.00806565
-0.00705128
-0.00536992
-0.00302988
-0.000209854
0.00270512
0.00512037
0.00652496
0.0068298
9.64006e-05
-3.14141e-06
-0.000229737
-0.000838694
-0.001941
-0.00345199
-0.00511356
-0.00667984
-0.00796031
-0.00882741
-0.00917482
-0.00893588
-0.00805299
-0.00650254
-0.00432478
-0.00163945
0.00123935
0.00380704
0.00553306
0.00624238
0.000277958
-5.46645e-05
-0.00067698
-0.00172298
-0.00316921
-0.0048288
-0.00650294
-0.00802252
-0.00925542
-0.0100715
-0.0103922
-0.0101814
-0.00940944
-0.00806565
-0.00616864
-0.00379651
-0.00113738
0.00146829
0.00353469
0.00458506
6.1206e-05
-0.000504885
-0.00155173
-0.00302641
-0.00475847
-0.00654113
-0.00821579
-0.0096597
-0.010772
-0.0114858
-0.0117635
-0.0115784
-0.0109101
-0.00975955
-0.00814226
-0.00610828
-0.00376349
-0.00131697
0.000834345
0.00201143
-0.000736548
-0.00150485
-0.00285687
-0.00458821
-0.00645589
-0.00826233
-0.009877
-0.0112119
-0.0122105
-0.0128398
-0.0130799
-0.012917
-0.0123454
-0.0113713
-0.0100111
-0.00829883
-0.00629622
-0.00413454
-0.00210975
-0.000945779
-0.00208309
-0.00295251
-0.00442304
-0.00621612
-0.00807892
-0.00982418
-0.0113408
-0.0125653
-0.0134665
-0.0140265
-0.0142361
-0.0140929
-0.0136015
-0.0127749
-0.0116325
-0.0102016
-0.00852426
-0.00669565
-0.00497948
-0.00386038
-0.00369411
-0.0045735
-0.00601221
-0.00774082
-0.00951398
-0.0111529
-0.0125587
-0.0136813
-0.0145005
-0.0150064
-0.0151958
-0.0150718
-0.0146447
-0.0139327
-0.0129605
-0.0117557
-0.0103568
-0.00884328
-0.00745651
-0.00643844
-0.00523171
-0.00606911
-0.007407
-0.00902289
-0.0106782
-0.0122028
-0.0135051
-0.0145422
-0.0152979
-0.0157654
-0.0159439
-0.0158381
-0.0154601
-0.0148317
-0.0139834
-0.0129487
-0.0117679
-0.0105162
-0.00942175
-0.00850018
-0.00644716
-0.00723308
-0.00845699
-0.00996282
-0.0115112
-0.0129396
-0.0141618
-0.0151372
-0.0158498
-0.0162934
-0.016467
-0.0163753
-0.0160304
-0.0154562
-0.0146889
-0.0137714
-0.0127497
-0.0116861
-0.0108129
-0.00996782
-0.00723063
-0.00794099
-0.00907313
-0.0105038
-0.011976
-0.013341
-0.0145154
-0.0154568
-0.0161474
-0.0165796
-0.0167518
-0.0166677
-0.0163393
-0.0157915
-0.0150656
-0.014215
-0.013297
-0.0123446
-0.0116412
-0.0107874
-0.00753403
-0.00816382
-0.00923972
-0.0106251
-0.0120573
-0.0133965
-0.0145573
-0.0154931
-0.0161822
-0.0166149
-0.0167881
-0.0167044
-0.0163759
-0.0158284
-0.0151076
-0.0142757
-0.0134049
-0.0124801
-0.0119359
-0.0109394
-0.0073525
-0.00793269
-0.00897154
-0.0103339
-0.0117587
-0.0131046
-0.0142833
-0.015241
-0.0159494
-0.0163947
-0.0165716
-0.0164816
-0.0161369
-0.0155647
-0.0148157
-0.0139599
-0.0130729
-0.0121263
-0.0117425
-0.0104392
-0.00677122
-0.00732205
-0.00833091
-0.00966385
-0.0110991
-0.0124758
-0.0136988
-0.0147037
-0.0154518
-0.0159228
-0.0161078
-0.0160061
-0.0156307
-0.0150108
-0.0142024
-0.0132799
-0.0123349
-0.0113722
-0.0109978
-0.00939915
-0.0059186
-0.00643227
-0.00739083
-0.00867127
-0.0101052
-0.0115247
-0.0128149
-0.0138917
-0.0147013
-0.0152135
-0.015414
-0.015299
-0.0148813
-0.0141931
-0.0132965
-0.0122713
-0.0112372
-0.0102183
-0.00975268
-0.00795854
-0.00495582
-0.00539598
-0.00624253
-0.00742498
-0.00883012
-0.0102942
-0.0116687
-0.0128391
-0.013731
-0.0143014
-0.0145291
-0.0144052
-0.0139396
-0.0131675
-0.0121575
-0.0109924
-0.00981955
-0.00866755
-0.00807204
-0.0061127
-0.0040763
-0.00435343
-0.00496766
-0.00597742
-0.00732629
-0.0088359
-0.0103098
-0.0115946
-0.0125916
-0.0132412
-0.0135143
-0.0133985
-0.0128937
-0.0120344
-0.0108918
-0.00954123
-0.0081476
-0.0067348
-0.00586387
-0.00342385
-0.00346208
-0.00342511
-0.00367618
-0.00444821
-0.00572233
-0.00727591
-0.00885505
-0.0102669
-0.0113874
-0.0121375
-0.012476
-0.0123817
-0.011873
-0.0109431
-0.00965969
-0.00806717
-0.00632171
-0.00439188
-0.002699
0.00125066
-0.00315783
-0.00261415
-0.00241383
-0.00293828
-0.00414117
-0.00573263
-0.00741558
-0.00896519
-0.0102302
-0.0111096
-0.0115497
-0.0115185
-0.0110228
-0.0100527
-0.0086409
-0.00674547
-0.0044584
-0.00151409
0.00213555
0.0093779
-0.00310769
-0.00188811
-0.00134305
-0.001716
-0.00286796
-0.00447939
-0.00624267
-0.00791313
-0.0093125
-0.0103221
-0.0108743
-0.0109331
-0.0104863
-0.0095014
-0.00798398
-0.00574946
-0.00265926
0.0020271
0.0091538
0.0212264
-0.00349941
-0.000713258
6.1866e-05
-0.000453663
-0.001658
-0.00330808
-0.00514891
-0.00692751
-0.00844522
-0.00956704
-0.0102121
-0.0103328
-0.00991384
-0.00889548
-0.00737756
-0.00480777
-0.000774896
0.00633301
0.0178529
0.0333976
)
;

boundaryField
{
    movingWall
    {
        type            zeroGradient;
    }
    fixedWalls
    {
        type            zeroGradient;
    }
    frontAndBack
    {
        type            empty;
    }
}


// ************************************************************************* //
