/*--------------------------------*- C++ -*----------------------------------*\
  =========                 |
  \\      /  F ield         | OpenFOAM: The Open Source CFD Toolbox
   \\    /   O peration     | Website:  https://openfoam.org
    \\  /    A nd           | Version:  13
     \\/     M anipulation  |
\*---------------------------------------------------------------------------*/
FoamFile
{
    format      ascii;
    class       volScalarField;
    location    "0.0145";
    object      p;
}
// * * * * * * * * * * * * * * * * * * * * * * * * * * * * * * * * * * * * * //

dimensions      [1 -1 -2 0 0 0 0];

internalField   nonuniform List<scalar> 
8000
(
200259
199813
199761
199649
199549
199439
199324
199204
199079
198948
198813
198674
198531
198384
198233
198076
197914
197746
197571
197391
197207
197020
196831
196643
196456
196272
196089
195908
195729
195551
195373
195194
195013
194831
194646
194457
194264
194067
193866
193659
193448
193233
193013
192789
192562
192331
192098
191861
191621
191377
191128
190875
190616
190350
190078
189798
189510
189213
188909
188595
188273
187942
187602
187253
186895
186528
186151
185765
185368
184962
184545
184117
183679
183229
182768
182294
181808
181308
180795
180267
179724
179164
178588
177993
177379
176745
176090
175412
174712
173986
173235
172455
171648
170809
169939
169033
168094
167113
166093
165027
163917
162753
161538
160259
158921
157505
156021
154441
152778
150994
149107
147063
144889
142502
139944
137085
133998
130477
126655
122217
200258
199812
199758
199646
199545
199434
199320
199200
199074
198943
198808
198670
198527
198380
198229
198072
197910
197742
197568
197389
197206
197020
196832
196645
196459
196274
196092
195912
195733
195554
195376
195197
195017
194834
194649
194460
194267
194070
193868
193661
193450
193235
193015
192791
192564
192333
192099
191862
191622
191378
191129
190876
190616
190351
190078
189798
189510
189213
188908
188595
188273
187942
187602
187254
186896
186529
186152
185766
185370
184963
184547
184119
183681
183231
182770
182296
181810
181311
180797
180269
179726
179166
178590
177995
177381
176747
176092
175414
174714
173988
173237
172458
171650
170811
169942
169036
168096
167116
166097
165030
163921
162756
161542
160262
158925
157510
156025
154445
152782
150999
149112
147069
144894
142507
139947
137088
133996
130469
126635
122181
200258
199811
199755
199642
199540
199429
199314
199194
199068
198937
198802
198663
198521
198374
198223
198067
197906
197739
197566
197387
197205
197020
196834
196647
196462
196278
196097
195917
195738
195560
195381
195202
195022
194839
194653
194464
194271
194073
193871
193665
193454
193238
193018
192794
192567
192336
192102
191865
191624
191380
191131
190877
190617
190351
190078
189798
189510
189213
188909
188595
188274
187943
187603
187255
186897
186530
186154
185768
185372
184966
184549
184122
183684
183235
182773
182300
181814
181314
180801
180273
179730
179170
178594
177999
177385
176751
176096
175418
174718
173992
173241
172462
171655
170816
169946
169041
168101
167121
166102
165036
163927
162762
161548
160269
158932
157517
156033
154454
152790
151008
149121
147078
144902
142516
139953
137092
133992
130456
126602
122121
200258
199810
199751
199636
199534
199421
199306
199185
199059
198928
198793
198654
198512
198365
198215
198060
197899
197733
197561
197384
197204
197020
196836
196651
196467
196284
196104
195924
195746
195567
195389
195210
195029
194845
194659
194470
194276
194079
193876
193670
193458
193242
193022
192798
192571
192340
192106
191868
191627
191382
191133
190879
190619
190352
190079
189798
189510
189214
188909
188596
188274
187943
187604
187256
186899
186532
186156
185771
185375
184969
184553
184126
183688
183239
182778
182305
181819
181320
180806
180278
179735
179175
178599
178004
177390
176756
176101
175423
174723
173997
173246
172467
171660
170822
169952
169047
168108
167128
166109
165044
163934
162771
161557
160278
158941
157527
156043
154465
152802
151020
149132
147091
144914
142527
139961
137097
133986
130436
126554
122035
200258
199808
199746
199629
199525
199412
199296
199174
199048
198917
198782
198643
198501
198355
198205
198050
197891
197726
197556
197381
197202
197021
196838
196655
196473
196292
196112
195933
195755
195577
195398
195219
195037
194853
194667
194477
194283
194085
193883
193676
193464
193248
193028
192804
192576
192345
192110
191873
191631
191386
191136
190881
190620
190353
190080
189799
189510
189214
188909
188596
188274
187944
187605
187258
186901
186535
186159
185774
185379
184974
184558
184131
183694
183245
182784
182311
181825
181326
180813
180285
179742
179182
178605
178010
177396
176762
176107
175430
174729
174004
173253
172474
171667
170829
169960
169055
168116
167137
166118
165053
163944
162781
161567
160290
158953
157540
156056
154479
152816
151035
149147
147107
144928
142543
139971
137104
133979
130412
126494
121925
200257
199806
199741
199622
199516
199402
199284
199162
199035
198904
198769
198631
198488
198343
198193
198040
197881
197718
197550
197377
197201
197022
196841
196661
196480
196301
196122
195944
195766
195588
195409
195229
195047
194863
194676
194485
194291
194093
193890
193683
193471
193255
193034
192810
192582
192351
192116
191878
191636
191390
191139
190883
190622
190355
190081
189799
189511
189214
188909
188597
188275
187945
187607
187260
186903
186538
186163
185778
185384
184979
184564
184138
183700
183252
182791
182319
181833
181334
180821
180293
179749
179189
178613
178018
177404
176770
176115
175437
174737
174012
173261
172483
171676
170838
169969
169065
168126
167147
166129
165065
163956
162794
161580
160304
158967
157555
156071
154495
152832
151053
149165
147126
144946
142561
139983
137113
133972
130385
126423
121794
200257
199803
199735
199614
199506
199390
199272
199149
199022
198891
198755
198617
198475
198329
198181
198028
197871
197709
197543
197372
197199
197022
196845
196666
196488
196310
196133
195955
195778
195600
195421
195241
195059
194874
194686
194495
194300
194101
193898
193691
193479
193262
193042
192817
192589
192357
192122
191883
191641
191394
191143
190886
190625
190357
190082
189800
189511
189215
188910
188597
188276
187947
187609
187262
186906
186541
186167
185783
185389
184985
184570
184144
183708
183260
182799
182327
181841
181342
180829
180301
179758
179198
178621
178026
177412
176778
176123
175446
174746
174021
173270
172492
171686
170848
169980
169076
168137
167159
166141
165078
163970
162808
161595
160319
158983
157572
156089
154514
152851
151074
149185
147148
144966
142582
139998
137124
133965
130355
126344
121644
200257
199801
199729
199606
199496
199379
199259
199135
199008
198876
198741
198602
198461
198316
198167
198016
197860
197700
197536
197368
197197
197023
196848
196673
196496
196320
196144
195968
195791
195613
195434
195254
195071
194885
194697
194505
194310
194110
193907
193699
193487
193270
193050
192825
192596
192364
192129
191890
191646
191399
191147
190890
190627
190358
190083
189801
189512
189215
188911
188598
188277
187948
187611
187265
186910
186545
186172
185788
185395
184991
184577
184152
183716
183268
182808
182336
181851
181352
180839
180311
179768
179208
178631
178036
177422
176788
176133
175456
174756
174031
173280
172502
171696
170859
169991
169088
168150
167172
166155
165092
163984
162824
161611
160337
159001
157591
156108
154535
152873
151097
149208
147173
144988
142605
140015
137137
133959
130324
126258
121478
200257
199798
199723
199597
199486
199367
199246
199122
198993
198862
198726
198588
198446
198301
198154
198003
197848
197690
197528
197363
197195
197024
196852
196679
196505
196331
196156
195981
195805
195627
195448
195267
195084
194897
194708
194516
194320
194120
193916
193708
193496
193279
193058
192833
192604
192372
192136
191896
191652
191404
191151
190894
190630
190361
190085
189803
189513
189216
188912
188599
188279
187950
187613
187268
186913
186550
186177
185794
185401
184998
184585
184160
183725
183277
182818
182346
181861
181362
180849
180321
179778
179218
178641
178046
177432
176798
176143
175466
174766
174042
173291
172514
171708
170872
170004
169101
168164
167187
166170
165108
164001
162841
161629
160356
159020
157612
156130
154558
152896
151122
149233
147199
145013
142631
140035
137151
133954
130292
126166
121297
200257
199796
199717
199589
199476
199355
199233
199108
198979
198847
198712
198573
198432
198287
198140
197990
197837
197681
197521
197359
197193
197026
196856
196686
196514
196342
196169
195994
195819
195641
195462
195281
195097
194910
194721
194528
194331
194131
193926
193718
193505
193288
193067
192842
192613
192380
192144
191903
191659
191410
191156
190898
190633
190363
190087
189804
189514
189217
188913
188601
188281
187953
187616
187271
186917
186554
186182
185800
185408
185006
184593
184169
183734
183287
182828
182356
181871
181373
180860
180332
179789
179229
178652
178057
177443
176809
176154
175477
174778
174053
173303
172526
171721
170885
170017
169115
168178
167202
166186
165125
164018
162859
161648
160376
159041
157634
156152
154582
152920
151149
149259
147228
145040
142659
140056
137169
133950
130260
126070
121104
200257
199793
199711
199582
199466
199344
199221
199095
198965
198833
198697
198559
198417
198273
198127
197978
197826
197671
197514
197354
197191
197027
196860
196693
196523
196353
196181
196008
195833
195656
195476
195295
195110
194923
194733
194539
194342
194141
193936
193727
193514
193297
193076
192851
192622
192389
192152
191911
191666
191416
191161
190902
190637
190366
190089
189806
189516
189219
188914
188602
188283
187955
187619
187275
186922
186559
186188
185806
185415
185013
184601
184178
183743
183297
182838
182367
181882
181384
180871
180344
179800
179241
178664
178069
177455
176821
176166
175489
174789
174065
173316
172539
171734
170898
170031
169130
168194
167218
166202
165142
164036
162879
161668
160397
159063
157657
156176
154608
152946
151177
149287
147258
145069
142689
140080
137188
133949
130230
125972
120899
200258
199791
199706
199575
199457
199334
199209
199082
198952
198819
198683
198545
198404
198260
198114
197966
197815
197662
197507
197349
197190
197028
196865
196699
196533
196364
196194
196021
195847
195670
195491
195309
195124
194936
194745
194551
194353
194152
193947
193737
193524
193307
193085
192860
192631
192397
192160
191918
191673
191422
191167
190906
190641
190369
190092
189808
189518
189220
188916
188604
188285
187958
187622
187279
186926
186565
186194
185813
185422
185021
184610
184187
183753
183307
182849
182378
181894
181396
180883
180355
179812
179252
178675
178080
177467
176833
176178
175501
174802
174078
173329
172552
171748
170913
170046
169146
168210
167235
166220
165161
164055
162899
161688
160419
159085
157682
156201
154635
152974
151206
149317
147290
145100
142720
140107
137210
133950
130202
125872
120686
200258
199789
199701
199568
199449
199324
199198
199070
198939
198806
198670
198531
198390
198247
198101
197954
197805
197653
197500
197345
197188
197030
196869
196706
196542
196375
196206
196035
195861
195684
195505
195323
195138
194949
194758
194563
194365
194163
193957
193747
193534
193316
193095
192869
192640
192406
192168
191926
191680
191428
191172
190911
190645
190372
190094
189810
189520
189222
188918
188607
188288
187961
187626
187283
186931
186570
186200
185820
185430
185030
184619
184197
183763
183318
182860
182389
181905
181407
180895
180368
179824
179265
178688
178093
177479
176845
176191
175514
174815
174091
173342
172566
171762
170928
170062
169162
168226
167252
166238
165180
164075
162920
161710
160442
159109
157707
156227
154662
153002
151236
149348
147323
145132
142753
140135
137233
133953
130176
125771
120465
200259
199787
199697
199563
199442
199315
199188
199059
198928
198794
198658
198519
198378
198235
198090
197943
197795
197645
197494
197341
197187
197031
196873
196713
196550
196386
196218
196048
195875
195698
195519
195337
195151
194962
194770
194575
194376
194174
193967
193757
193544
193326
193104
192878
192649
192415
192177
191934
191687
191435
191178
190916
190649
190376
190097
189813
189522
189225
188920
188609
188290
187964
187630
187287
186936
186576
186206
185827
185438
185038
184628
184206
183773
183329
182871
182401
181917
181420
180907
180380
179837
179277
178700
178105
177491
176858
176203
175527
174828
174105
173356
172581
171777
170943
170077
169178
168243
167270
166256
165199
164095
162941
161732
160465
159133
157732
156253
154691
153031
151268
149380
147357
145165
142788
140165
137259
133960
130153
125672
120238
200260
199785
199694
199558
199435
199307
199179
199048
198916
198782
198646
198507
198366
198224
198079
197933
197785
197637
197488
197338
197186
197033
196877
196719
196559
196396
196230
196060
195888
195712
195533
195350
195164
194975
194783
194587
194387
194184
193978
193767
193553
193335
193114
192888
192658
192424
192185
191942
191694
191442
191184
190921
190653
190380
190101
189816
189525
189227
188923
188612
188294
187968
187634
187292
186941
186582
186213
185834
185446
185047
184637
184216
183784
183339
182883
182413
181929
181432
180920
180392
179849
179290
178713
178118
177504
176871
176217
175541
174842
174119
173370
172595
171792
170959
170094
169195
168261
167289
166275
165219
164116
162963
161755
160489
159158
157759
156281
154720
153061
151300
149412
147391
145200
142824
140197
137288
133970
130134
125574
120007
200261
199783
199690
199553
199429
199300
199170
199039
198907
198772
198636
198497
198356
198213
198069
197923
197777
197630
197483
197335
197185
197034
196881
196726
196568
196406
196241
196073
195901
195725
195546
195364
195177
194988
194795
194598
194398
194195
193988
193777
193563
193345
193123
192897
192667
192432
192193
191950
191702
191448
191190
190927
190658
190384
190104
189819
189527
189230
188926
188615
188297
187972
187638
187297
186947
186588
186220
185842
185454
185056
184646
184226
183794
183350
182894
182424
181941
181444
180932
180405
179862
179303
178726
178131
177517
176884
176230
175554
174855
174133
173385
172610
171807
170975
170110
169212
168279
167307
166295
165239
164137
162985
161778
160513
159183
157785
156308
154749
153092
151332
149446
147427
145236
142861
140231
137318
133983
130118
125479
119772
200262
199782
199688
199550
199424
199293
199163
199031
198897
198763
198626
198487
198346
198203
198059
197915
197769
197623
197478
197332
197184
197036
196885
196732
196576
196416
196252
196085
195913
195738
195559
195376
195190
195000
194806
194609
194409
194205
193998
193787
193572
193354
193132
192906
192676
192441
192202
191958
191709
191455
191196
190932
190663
190388
190108
189822
189531
189233
188929
188618
188301
187976
187643
187302
186952
186594
186226
185849
185462
185064
184656
184236
183805
183361
182905
182436
181953
181456
180945
180418
179875
179315
178739
178144
177530
176897
176243
175568
174869
174147
173399
172625
171823
170991
170127
169230
168297
167326
166314
165260
164158
163007
161801
160538
159209
157812
156336
154779
153123
151365
149480
147463
145272
142899
140267
137350
133999
130107
125387
119536
200263
199781
199685
199547
199419
199288
199156
199023
198890
198754
198617
198478
198338
198195
198051
197907
197762
197618
197473
197329
197184
197038
196889
196738
196583
196425
196263
196096
195925
195750
195572
195389
195202
195012
194818
194620
194420
194215
194008
193796
193582
193363
193141
192915
192684
192450
192210
191966
191716
191462
191202
190937
190668
190392
190112
189826
189534
189236
188932
188622
188304
187980
187647
187307
186958
186600
186233
185857
185470
185073
184665
184246
183815
183372
182916
182448
181965
181468
180957
180430
179887
179328
178752
178157
177544
176911
176257
175582
174883
174161
173414
172640
171838
171007
170144
169247
168315
167345
166334
165281
164179
163030
161824
160562
159234
157840
156365
154809
153154
151398
149514
147500
145310
142937
140304
137384
134019
130100
125300
119299
200265
199780
199683
199544
199415
199283
199150
199017
198882
198747
198609
198470
198329
198187
198043
197899
197756
197612
197469
197327
197184
197039
196893
196744
196591
196434
196273
196107
195937
195762
195583
195400
195214
195023
194829
194631
194430
194225
194017
193805
193591
193372
193150
192924
192693
192458
192218
191973
191723
191468
191208
190943
190672
190397
190116
189830
189538
189240
188936
188626
188308
187984
187652
187312
186964
186607
186240
185864
185478
185082
184675
184256
183826
183383
182928
182459
181977
181481
180969
180443
179900
179341
178765
178170
177557
176924
176270
175595
174897
174176
173429
172656
171854
171023
170160
169265
168333
167364
166354
165301
164201
163053
161848
160587
159260
157867
156393
154839
153185
151432
149549
147536
145348
142977
140343
137420
134042
130098
125218
119062
200266
199779
199682
199542
199413
199279
199145
199011
198876
198740
198603
198463
198323
198180
198037
197893
197750
197608
197466
197325
197184
197041
196897
196749
196598
196442
196282
196117
195948
195773
195595
195412
195225
195034
194839
194641
194439
194234
194026
193814
193599
193381
193158
192932
192701
192466
192226
191981
191731
191475
191214
190949
190678
190401
190120
189833
189541
189244
188940
188630
188313
187989
187657
187318
186970
186613
186248
185872
185487
185091
184684
184266
183836
183394
182939
182471
181989
181493
180981
180455
179913
179354
178777
178183
177570
176937
176284
175609
174912
174190
173444
172671
171870
171040
170177
169283
168351
167383
166374
165322
164223
163075
161871
160612
159286
157894
156422
154869
153217
151465
149584
147574
145386
143017
140382
137458
134069
130100
125141
118828
200268
199779
199681
199540
199410
199275
199141
199006
198870
198734
198596
198457
198316
198174
198031
197887
197745
197603
197463
197323
197184
197043
196900
196754
196605
196450
196291
196127
195958
195784
195605
195423
195235
195044
194849
194651
194449
194243
194035
193823
193608
193389
193167
192940
192710
192474
192234
191988
191738
191482
191220
190954
190683
190406
190124
189838
189545
189247
188944
188634
188317
187993
187662
187323
186976
186620
186255
185880
185495
185099
184693
184275
183846
183404
182950
182482
182000
181504
180994
180467
179925
179366
178790
178196
177583
176951
176298
175623
174926
174205
173459
172687
171886
171056
170194
169300
168370
167402
166393
165343
164244
163098
161895
160637
159312
157922
156450
154900
153248
151499
149619
147611
145425
143057
140423
137497
134099
130107
125070
118596
200270
199778
199680
199540
199408
199273
199138
199002
198866
198729
198591
198452
198311
198169
198026
197883
197741
197600
197461
197322
197184
197045
196904
196760
196611
196458
196300
196136
195968
195794
195616
195433
195246
195054
194859
194660
194458
194252
194043
193831
193616
193397
193175
192948
192717
192482
192241
191996
191745
191488
191227
190960
190688
190411
190129
189842
189549
189252
188948
188638
188322
187998
187668
187329
186982
186627
186262
185887
185503
185108
184702
184285
183856
183415
182960
182493
182012
181516
181005
180479
179937
179379
178803
178209
177596
176964
176311
175637
174940
174219
173474
172702
171902
171073
170211
169318
168388
167421
166413
165364
164266
163120
161919
160662
159338
157949
156479
154930
153280
151532
149654
147648
145464
143098
140465
137538
134132
130119
125007
118368
200271
199778
199680
199539
199407
199271
199135
198998
198862
198725
198587
198447
198306
198164
198021
197878
197737
197597
197458
197321
197184
197047
196907
196764
196617
196465
196308
196145
195977
195803
195625
195442
195255
195064
194868
194669
194466
194261
194051
193839
193624
193405
193183
192956
192725
192489
192249
192003
191751
191495
191233
190965
190693
190416
190134
189846
189554
189256
188952
188643
188326
188003
187673
187335
186988
186633
186269
185895
185511
185116
184711
184294
183866
183425
182971
182504
182023
181528
181017
180491
179950
179391
178815
178222
177609
176977
176324
175651
174954
174234
173488
172717
171917
171089
170228
169335
168406
167440
166433
165384
164287
163143
161942
160686
159363
157976
156507
154960
153311
151566
149689
147685
145503
143139
140507
137579
134167
130136
124950
118144
200273
199778
199680
199539
199406
199269
199133
198996
198859
198721
198583
198443
198302
198160
198017
197875
197734
197594
197457
197321
197185
197049
196911
196769
196623
196472
196316
196153
195986
195813
195634
195452
195264
195073
194877
194678
194475
194269
194059
193847
193631
193413
193190
192963
192733
192497
192256
192010
191758
191501
191239
190971
190698
190421
190138
189851
189558
189260
188957
188647
188331
188008
187678
187340
186994
186640
186276
185902
185519
185125
184720
184304
183875
183435
182981
182515
182034
181539
181029
180503
179961
179403
178828
178234
177622
176990
176338
175664
174968
174248
173503
172732
171933
171105
170245
169353
168424
167459
166452
165405
164308
163165
161965
160711
159389
158003
156535
154989
153343
151599
149724
147722
145542
143180
140550
137622
134206
130156
124901
117927
200274
199778
199679
199539
199405
199268
199131
198993
198856
198718
198580
198440
198299
198157
198014
197872
197731
197592
197455
197320
197186
197051
196914
196773
196628
196478
196323
196161
195994
195821
195643
195460
195273
195081
194885
194686
194482
194276
194067
193854
193639
193420
193197
192971
192740
192504
192263
192016
191764
191507
191244
190976
190704
190426
190143
189855
189563
189265
188961
188652
188336
188014
187684
187346
187001
186646
186283
185910
185527
185133
184729
184313
183885
183445
182992
182525
182045
181550
181040
180515
179973
179415
178840
178247
177634
177003
176351
175678
174981
174262
173517
172747
171948
171121
170261
169370
168442
167478
166472
165425
164329
163187
161988
160735
159414
158029
156563
155019
153374
151632
149759
147759
145581
143221
140593
137666
134247
130182
124861
117715
200276
199778
199680
199539
199405
199268
199130
198992
198854
198716
198577
198438
198296
198154
198012
197870
197729
197591
197454
197320
197187
197053
196917
196778
196634
196485
196329
196168
196001
195829
195651
195468
195281
195089
194893
194693
194490
194283
194074
193861
193646
193427
193204
192977
192746
192510
192269
192023
191771
191513
191250
190982
190709
190431
190148
189860
189567
189269
188966
188657
188341
188019
187689
187352
187007
186653
186290
185917
185534
185141
184737
184322
183894
183454
183002
182535
182055
181561
181051
180526
179985
179427
178852
178259
177647
177016
176364
175691
174995
174276
173532
172762
171964
171137
170278
169387
168460
167496
166491
165445
164350
163209
162011
160759
159439
158056
156590
155048
153404
151664
149793
147796
145620
143263
140637
137710
134291
130211
124829
117512
200278
199779
199680
199540
199405
199267
199129
198991
198853
198714
198575
198435
198294
198152
198009
197868
197727
197589
197454
197320
197188
197055
196920
196782
196639
196490
196336
196175
196008
195836
195658
195476
195288
195096
194900
194700
194497
194290
194081
193868
193652
193433
193211
192984
192753
192517
192276
192029
191777
191519
191256
190987
190714
190436
190153
189865
189572
189274
188971
188662
188346
188024
187695
187358
187013
186659
186297
185924
185542
185149
184746
184330
183903
183464
183011
182546
182066
181571
181062
180537
179996
179439
178864
178271
177659
177028
176376
175704
175008
174290
173546
172777
171979
171153
170294
169404
168477
167514
166510
165465
164371
163231
162033
160782
159464
158082
156618
155077
153435
151696
149827
147832
145659
143303
140681
137755
134336
130245
124805
117316
200279
199779
199681
199541
199406
199268
199129
198990
198852
198713
198574
198434
198293
198150
198008
197866
197726
197589
197454
197321
197189
197057
196923
196786
196643
196496
196342
196181
196015
195843
195666
195483
195296
195104
194907
194707
194504
194297
194087
193874
193659
193440
193217
192990
192759
192523
192282
192035
191783
191525
191261
190993
190719
190441
190157
189869
189577
189279
188975
188666
188351
188029
187700
187364
187019
186666
186304
185932
185550
185157
184754
184339
183912
183473
183021
182555
182076
181582
181073
180548
180007
179450
178875
178283
177671
177040
176389
175717
175022
174304
173560
172791
171994
171168
170310
169421
168494
167532
166529
165484
164391
163252
162056
160806
159488
158107
156645
155105
153465
151728
149861
147868
145697
143344
140725
137801
134384
130283
124791
117131
200281
199780
199681
199542
199406
199268
199129
198990
198851
198712
198573
198433
198291
198149
198007
197865
197726
197588
197454
197321
197190
197059
196926
196789
196648
196500
196347
196187
196021
195849
195672
195490
195302
195110
194914
194714
194510
194303
194093
193880
193664
193445
193223
192996
192765
192529
192288
192041
191788
191530
191267
190998
190724
190446
190162
189874
189581
189284
188980
188671
188356
188035
187706
187370
187025
186672
186310
185939
185557
185165
184762
184348
183921
183482
183030
182565
182086
181592
181083
180559
180018
179461
178886
178294
177683
177053
176401
175729
175035
174317
173574
172806
172009
171183
170326
169437
168511
167550
166547
165503
164411
163273
162078
160829
159512
158133
156671
155133
153494
151760
149895
147903
145735
143385
140768
137846
134432
130324
124787
116956
200282
199781
199682
199543
199408
199269
199129
198990
198851
198712
198573
198433
198291
198149
198007
197865
197726
197589
197454
197322
197192
197061
196929
196793
196652
196505
196352
196193
196027
195856
195678
195496
195309
195117
194920
194720
194516
194309
194099
193886
193670
193451
193229
193002
192771
192535
192294
192047
191794
191536
191272
191003
190729
190451
190167
189879
189586
189288
188985
188676
188362
188040
187711
187375
187031
186679
186317
185946
185564
185173
184770
184356
183930
183491
183039
182574
182095
181602
181093
180569
180029
179472
178898
178306
177695
177064
176414
175742
175048
174330
173588
172820
172023
171198
170342
169453
168528
167568
166565
165522
164431
163293
162099
160851
159536
158157
156697
155161
153523
151790
149927
147938
145772
143425
140812
137892
134482
130369
124793
116800
200283
199782
199683
199544
199408
199269
199130
198990
198851
198712
198573
198432
198291
198149
198006
197865
197725
197589
197455
197323
197193
197063
196931
196796
196656
196509
196357
196198
196032
195861
195684
195502
195314
195122
194926
194726
194522
194315
194104
193891
193676
193457
193234
193008
192777
192541
192299
192052
191799
191541
191277
191008
190734
190456
190172
189884
189591
189293
188990
188681
188367
188045
187717
187381
187037
186685
186324
185953
185572
185180
184778
184364
183938
183500
183048
182583
182105
181611
181103
180579
180039
179482
178908
178317
177706
177076
176426
175754
175060
174343
173601
172833
172037
171213
170357
169469
168545
167585
166583
165541
164450
163313
162120
160873
159559
158182
156723
155188
153552
151821
149959
147972
145809
143464
140855
137938
134533
130416
124807
116664
200285
199784
199684
199546
199410
199271
199131
198991
198852
198713
198573
198433
198291
198149
198007
197866
197726
197589
197456
197324
197195
197065
196934
196799
196660
196514
196362
196203
196038
195867
195690
195507
195320
195128
194932
194731
194527
194320
194110
193897
193681
193462
193240
193013
192782
192546
192305
192058
191805
191546
191283
191013
190739
190460
190177
189889
189596
189298
188995
188687
188372
188051
187723
187387
187043
186691
186330
185959
185579
185187
184785
184372
183946
183508
183057
182592
182114
181621
181113
180589
180049
179493
178919
178328
177717
177088
176437
175766
175073
174356
173614
172847
172051
171228
170372
169485
168561
167601
166600
165559
164469
163333
162141
160895
159582
158205
156748
155214
153580
151850
149991
148006
145845
143502
140897
137983
134583
130466
124831
116555
200285
199785
199685
199548
199411
199272
199131
198992
198852
198713
198573
198433
198291
198149
198007
197866
197726
197590
197456
197325
197196
197067
196936
196802
196663
196517
196366
196207
196042
195871
195694
195512
195325
195133
194936
194736
194532
194325
194115
193902
193686
193467
193244
193018
192787
192551
192310
192063
191810
191551
191288
191018
190744
190465
190182
189893
189601
189303
189000
188692
188377
188056
187728
187393
187049
186697
186336
185966
185585
185194
184793
184379
183954
183516
183065
182601
182123
181630
181122
180599
180059
179503
178929
178338
177728
177099
176449
175778
175084
174368
173627
172860
172065
171242
170386
169500
168576
167618
166617
165576
164487
163352
162161
160916
159603
158228
156771
155239
153606
151878
150021
148038
145880
143540
140939
138029
134635
130520
124866
116484
200286
199788
199687
199550
199413
199274
199133
198993
198854
198714
198575
198434
198293
198151
198008
197867
197728
197591
197458
197327
197198
197070
196939
196805
196666
196521
196370
196212
196047
195876
195699
195517
195330
195138
194941
194741
194537
194330
194120
193907
193691
193472
193249
193023
192792
192556
192315
192068
191815
191556
191292
191023
190749
190470
190186
189898
189605
189308
189005
188697
188382
188061
187733
187398
187055
186704
186343
185973
185592
185202
184800
184387
183962
183524
183073
182609
182131
181639
181131
180608
180069
179513
178939
178349
177739
177110
176460
175789
175096
174380
173639
172873
172078
171255
170401
169514
168592
167633
166633
165593
164505
163371
162180
160935
159624
158250
156795
155264
153633
151907
150051
148071
145915
143578
140981
138074
134686
130575
124905
116460
200287
199790
199687
199551
199414
199274
199134
198994
198854
198715
198575
198434
198293
198151
198009
197867
197728
197592
197459
197328
197200
197071
196941
196807
196669
196524
196373
196215
196050
195880
195703
195521
195334
195142
194946
194745
194541
194334
194124
193911
193695
193476
193254
193027
192796
192560
192319
192072
191819
191561
191297
191028
190754
190475
190191
189903
189610
189313
189010
188702
188387
188067
187739
187404
187061
186709
186349
185979
185599
185208
184807
184394
183969
183532
183081
182617
182140
181647
181140
180617
180078
179522
178949
178358
177748
177119
176470
175800
175107
174391
173650
172885
172090
171268
170414
169528
168606
167648
166649
165610
164522
163388
162197
160953
159641
158266
156811
155280
153649
151924
150070
148091
145937
143602
141007
138103
134721
130614
124939
116483
200287
199794
199689
199554
199417
199277
199137
198996
198857
198717
198577
198437
198295
198153
198011
197869
197730
197594
197461
197330
197202
197074
196944
196810
196672
196528
196377
196219
196055
195884
195707
195526
195338
195147
194950
194750
194546
194338
194128
193915
193699
193480
193258
193032
192801
192565
192324
192077
191824
191566
191302
191033
190758
190479
190196
189908
189615
189317
189015
188707
188392
188072
187744
187409
187067
186715
186355
185985
185605
185215
184814
184401
183976
183539
183089
182626
182148
181656
181149
180626
180087
179531
178958
178368
177758
177129
176480
175811
175118
174403
173663
172897
172103
171282
170428
169543
168622
167665
166666
165628
164541
163409
162219
160976
159666
158293
156839
155310
153682
151958
150106
148129
145978
143645
141055
138155
134781
130682
124998
116576
200286
199796
199690
199555
199418
199278
199138
198997
198857
198718
198578
198437
198296
198153
198011
197870
197731
197594
197461
197331
197203
197075
196945
196812
196674
196530
196379
196222
196057
195887
195711
195529
195342
195150
194954
194753
194549
194342
194132
193919
193703
193484
193262
193036
192805
192569
192328
192081
191828
191570
191306
191037
190763
190484
190200
189912
189619
189322
189019
188711
188397
188077
187749
187415
187071
186720
186360
185990
185611
185221
184820
184407
183983
183546
183096
182633
182155
181663
181156
180634
180095
179540
178966
178374
177764
177135
176485
175815
175123
174408
173668
172902
172108
171287
170433
169548
168627
167671
166672
165633
164545
163411
162221
160979
159670
158300
156850
155323
153695
151972
150121
148145
145995
143665
141076
138178
134807
130717
125032
116647
200286
199801
199692
199558
199421
199281
199141
199000
198860
198721
198581
198440
198299
198156
198014
197873
197734
197597
197464
197334
197206
197078
196948
196815
196677
196534
196383
196225
196061
195891
195714
195533
195346
195154
194958
194757
194553
194346
194136
193923
193707
193488
193266
193040
192809
192573
192332
192085
191833
191574
191311
191041
190767
190488
190205
189917
189624
189327
189024
188716
188402
188082
187755
187420
187077
186725
186365
185996
185617
185227
184826
184414
183990
183553
183104
182641
182164
181672
181166
180644
180105
179550
178977
178387
177777
177148
176499
175830
175138
174423
173683
172918
172125
171303
170450
169566
168645
167689
166691
165654
164568
163436
162249
161008
159700
158330
156880
155353
153727
152006
150158
148184
146038
143711
141127
138236
134875
130795
125120
116774
200285
199803
199692
199558
199421
199281
199141
199000
198860
198721
198581
198440
198299
198157
198014
197873
197734
197598
197465
197334
197206
197078
196949
196816
196678
196535
196384
196227
196063
195892
195716
195534
195347
195156
194959
194759
194555
194348
194138
193925
193709
193490
193268
193042
192812
192576
192335
192088
191836
191577
191314
191045
190771
190492
190208
189920
189628
189330
189028
188720
188406
188086
187759
187424
187077
186723
186362
185992
185612
185222
184821
184408
183983
183546
183096
182633
182155
181663
181156
180633
180094
179538
178965
178375
177767
177139
176491
175822
175130
174415
173675
172910
172117
171295
170442
169558
168637
167680
166683
165645
164559
163427
162239
160997
159690
158319
156868
155341
153716
151995
150147
148174
146029
143703
141122
138232
134876
130797
125120
116783
200284
199814
199696
199563
199426
199287
199146
199005
198865
198726
198586
198445
198304
198162
198019
197878
197739
197602
197469
197339
197211
197083
196954
196821
196684
196540
196390
196233
196069
195899
195723
195541
195354
195163
194967
194766
194562
194355
194145
193932
193717
193498
193276
193050
192819
192583
192343
192096
191843
191585
191322
191053
190779
190500
190216
189928
189636
189339
189036
188728
188415
188094
187767
187433
187091
186740
186381
186012
185632
185243
184842
184431
184007
183571
183121
182659
182182
181691
181185
180663
180125
179571
178999
178410
177802
177175
176527
175859
175167
174454
173715
172951
172159
171339
170488
169604
168685
167731
166735
165699
164615
163486
162300
161062
159757
158389
156942
155419
153797
152080
150237
148268
146129
143810
141237
138358
135017
130969
125335
117225
119465
118586
117679
116732
115748
114722
113655
112544
111389
110190
108960
107701
106363
104984
103550
102033
100487
98908.9
97290.4
95628
93921.9
92174
90386.8
88563.7
86707.7
84822.3
82911.2
80978.1
79026.8
77061.5
75086.4
73105.4
71123.1
69143.4
67170.6
65208.4
63260.7
61331.1
59423
57539.3
55683
53856.6
52062.5
50302.7
48579.2
46893.5
45246.7
43641.3
42075.7
40553.1
39070.5
37627.1
36219.5
34844.7
33494
32169.1
30863.1
29590
28351.4
27190.9
26104.6
25084.7
24154.6
23311.3
22520.5
21826.8
21246.2
20707.2
20264.7
19943.5
19690.8
19461.2
19466.5
19571.2
19853.3
20267.7
20839.4
21484.6
22025.3
22671.5
119414
118529
117616
116662
115669
114635
113557
112436
111265
110044
108763
107479
106149
104779
103325
101821
100269
98674.9
97038
95357.6
93634.7
91871.4
90070.1
88234
86366.4
84470.6
82550.3
80609.5
78652.1
76682.3
74704.3
72722.1
70740.2
68762.4
66793
64835.5
62893.8
60971.3
59071.1
57196.2
55349.3
53532.9
51749.3
50000.1
48287.7
46613
44977.1
43381.6
41824.8
40306.4
38825.6
37376.3
35959.1
34569.5
33209.2
31885.1
30605.3
29387.1
28250.6
27176.8
26173.2
25227.9
24330.6
23539.5
22819.4
22125.3
21581.1
21124.2
20703.8
20396.6
20339.2
20356.6
20400
20621.9
20843.3
21018.1
21198.3
21431.9
21694
22183.1
119330
118434
117510
116545
115539
114491
113400
112264
111083
109856
108586
107253
105885
104473
102993
101475
99901.6
98279.6
96614.1
94907.2
93160.2
91374.7
89553.2
87698.5
85813.9
83903
81969.8
80018.1
78052.3
76076.4
74094.6
72111.1
70130.2
68155.4
66191.1
64240.4
62307.2
60394.4
58505.2
56642.4
54808.4
53005.7
51236.3
49501.7
47803.9
46143.7
44521
42935.9
41386.6
39869.1
38383.1
36924.5
35494.8
34101.9
32756.6
31476.4
30283.4
29172
28155.2
27179.3
26255.5
25435.2
24629.2
23893.6
23319.1
22733.2
22211.4
21946.6
21623.2
21418.1
21512.5
21498
21481.2
21623.3
21647.5
21566.7
21552.8
21537
21548.4
21646.3
119209
118297
117358
116374
115349
114281
113168
112008
110803
109552
108254
106881
105469
104006
102503
100958
99354.3
97697.8
95996.1
94253.8
92473.2
90656.5
88805.9
86924.6
85015.9
83084
81132.7
79166.4
77189.2
75205.5
73219.5
71235.1
69256.5
67287.2
65331
63391.2
61471
59573.4
57701.2
55857
54042.8
52260.9
50513
48800.3
47123.2
45482.4
43875.6
42300.2
40754.6
39236.4
37743.2
36289.8
34878.5
33539.5
32289.8
31135.2
30098.1
29114.9
28190.7
27339.2
26502
25792
25175.4
24509.8
24077
23730.4
23288
23226.3
23131.9
22902.8
22938.7
22836.3
22620.9
22510.4
22362.6
22121.4
21924.3
21713.5
21579.9
21457.5
119053
118121
117160
116153
115103
114007
112864
111672
110433
109144
107805
106393
104941
103430
101882
100290
98643
96943.7
95197.9
93411.7
91588.9
89732.5
87845.5
85931.3
83993.5
82036.5
80064.4
78081.6
76092.4
74101.1
72111.8
70128.4
68154.7
66194
64249.8
62325
60422.7
58545.2
56695.1
54874.6
53085.5
51329.2
49606.6
47918.3
46262.8
44638.6
43043
41472.7
39927.2
38419.9
36948
35550.7
34245.9
33038.6
31967.9
30971.5
30050.6
29198.5
28364.3
27668
27010.9
26379.2
25986.9
25532
25192.3
25135.9
24849.2
24739.4
24726.9
24415.1
24163.9
23965.4
23620.5
23260.8
22937.2
22620.3
22317.1
22017.9
21755.8
21458.1
118867
117908
116922
115886
114804
113674
112494
111263
109979
108644
107255
105802
104295
102729
101122
99470.9
97770.5
96020
94223.1
92385.9
90513.7
88611
86681.6
84729.6
82759
80774.3
78779.8
76780
74779.3
72781.6
70791.1
68811.3
66845.7
64897.2
62969.1
61063.7
59183.8
57331.2
55508.1
53715.8
51955.7
50227.8
48531.9
46866.7
45229.9
43616.5
42029.3
40473.1
38952.8
37505.4
36146.8
34892.2
33794.8
32781.8
31851.8
31007.6
30172.4
29474
28812.1
28233.1
27826.9
27348.1
27159.2
26997.5
26720.4
26714.9
26549.5
26183.9
25992.6
25691.8
25245.5
24846.3
24453.3
24034.5
23605.8
23205.6
22822.7
22464.5
22128.4
21609.1
118651
117662
116646
115576
114456
113285
112060
110781
109446
108055
106608
105102
103530
101901
100226
98506
96741.1
94929.8
93074.4
91179.9
89252.6
87298.2
85322.1
83328.8
81323.1
79309.3
77292.3
75276.1
73265.3
71263.4
69274.3
67301.3
65347.3
63414.9
61506.9
59625.1
57771.8
55948.1
54155.5
52394.2
50664.2
48964.4
47293.1
45646.7
44027.3
42431
40878.4
39388.9
37985.7
36697.1
35567.3
34529
33603.5
32772.5
31928.9
31240
30589.9
30016.6
29606.9
29181.7
29019.1
28813.4
28658.6
28610.1
28331.3
28071
27846.5
27443.5
26996
26594.1
26160.3
25694.7
25217.5
24755.7
24298.6
23843.9
23379.6
22924.3
22519.2
21859.5
118409
117385
116333
115223
114060
112840
111564
110228
108833
107378
105866
104289
102645
100944
99193.2
97396.8
95557.4
93676
91754.3
89797.3
87810.6
85801.6
83775.9
81739.8
79698
77655.9
75617.4
73587.3
71568.9
69566.3
67582.2
65619.9
63681.6
61769.5
59885.9
58031.5
56208.6
54416.3
52656.1
50925.6
49224.7
47549.6
45902.1
44276.3
42691.6
41160.8
39719.8
38402
37235.3
36195.6
35307.1
34475.3
33650.7
32988.1
32327.4
31760.5
31384.5
30953.3
30802.7
30667.7
30480.2
30404.6
30182.3
29915.4
29616.3
29211
28795.1
28375.3
27919.5
27431.4
26940
26466.9
25980.3
25473.5
24957.5
24445.4
23935
23417.6
22964
22206.2
118142
117078
115986
114830
113617
112342
111005
109604
108139
106612
105030
103365
101640
99857.6
98023.3
96142.2
94219.8
92259.6
90265.1
88240.2
86191.7
84125.9
82050.7
79971.9
77895.7
75826.8
73770.1
71728.9
69707.4
67707.7
65733.6
63785.8
61868.2
59980.1
58125
56301.3
54510.6
52751.5
51023
49322.3
47652.1
46006.2
44402.5
42847.3
41374.5
40041.5
38837.8
37786.4
36893.7
36047
35294.6
34660
33987.5
33490.1
33098.3
32673
32604.1
32417.8
32224.3
32215.5
31953.3
31646.3
31386.1
30987.4
30552.7
30129.9
29676.7
29185.6
28697.9
28215.5
27702.9
27170.7
26636.1
26102.5
25557.7
25005.4
24449.9
23884.9
23396.3
22573.3
117852
116743
115605
114397
113126
111789
110383
108908
107365
105759
104082
102326
100510
98637.9
96711.7
94739.1
92726.5
90681
88607.2
86511.4
84398.5
82277.1
80153.1
78034.5
75926.5
73835
71763.8
69716.6
67696
65704.8
63744.4
61817.1
59923
58064.6
56239.3
54449.7
52691.5
50965.6
49270.5
47602.3
45978.3
44394.2
42892.1
41516.9
40281.6
39253.2
38387.2
37579.5
36894
36236.1
35576
35146.5
34702.9
34391.3
34341.9
34080
34018
33962.5
33593.2
33383.5
33126.5
32677.2
32269.5
31869.4
31410.8
30923.3
30444.3
29955.3
29432.3
28892
28349.7
27800.4
27235.6
26661.7
26082.8
25506.4
24932.9
24344
23824.2
22943.4
117541
116381
115192
113925
112589
111180
109696
108138
106507
104811
103026
101170
99253.7
97280
95254.6
93183
91075.2
88938.8
86782.7
84612.5
82436.4
80259.7
78091.3
75936.6
73802.4
71693
69613.1
67564.7
65550.9
63572.9
61631.6
59728.9
57863.5
56035.6
54245.8
52488
50769.9
49081.9
47439.3
45849
44335.1
42942.5
41690.3
40639.2
39731.6
38923.5
38283.7
37666.7
37112.6
36705.4
36229.5
36045.1
35916.2
35706.4
35749.9
35564.6
35254.4
35118.1
34763.7
34323.4
33973.3
33560.9
33096.4
32625.9
32155.4
31667.8
31146.4
30607.3
30061.6
29503.6
28927.2
28342.1
27752.8
27162.6
26565.6
25964.6
25364.8
24752.9
24215.5
23295.4
117209
115992
114746
113412
112004
110513
108942
107289
105562
103755
101856
99891.1
97863
95779.7
93645.1
91469.9
89261.7
87033
84791.5
82548.4
80308.6
78082.1
75872.8
73688.7
71534.3
69413.9
67330.9
65288.4
63285.8
61327.4
59409.8
57535.4
55704
53908.7
52157.7
50443
48770.9
47157.2
45607
44184.3
42882.5
41805.3
40943.6
40244.2
39644.8
39025.5
38510.7
38076.4
37686.9
37585.8
37396
37321.7
37355.9
37066.8
36913.7
36748.7
36316.3
35986.3
35638.9
35197.3
34751.8
34296.9
33832.3
33347.1
32828.1
32292.9
31750.8
31192.6
30614.2
30025.7
29430.9
28830.5
28219.7
27604.2
26985.4
26368.9
25756.2
25127.8
24572.1
23618.2
116857
115577
114267
112859
111367
109786
108116
106359
104526
102587
100569
98481.4
96332.3
94128.4
91878.9
89593.5
87283.8
84960.5
82637.1
80320.7
78024.3
75749.8
73508.7
71300.7
69133.9
67009.9
64930.8
62899.9
60916.1
58980.6
57094.7
55252.1
53458.9
51710.3
50010.6
48378.9
46820.8
45378.4
44095.3
42993
42065.1
41305.2
40695.4
40178.5
39784
39377.3
39058.6
38919.3
38747.8
38800.2
38763.3
38538.2
38496.9
38235.6
37843
37598.6
37206.6
36782.7
36380.5
35934.8
35479.5
34997.3
34479.3
33951.4
33413.9
32856.8
32279.4
31691.9
31096.8
30492.8
29876.6
29253.4
28624.5
27994.7
27361.8
26729
26099.7
25456.1
24889.4
23911.9
116487
115136
113755
112263
110678
108995
107215
105347
103377
101304
99153.4
96933.1
94652.5
92319.6
89949.3
87549.8
85137.7
82722.5
80319.3
77937.9
75587.3
73276.3
71006.1
68786.1
66612.1
64493.5
62425.5
60412.3
58455.8
56548.6
54700.8
52904.1
51156.4
49486.1
47881.6
46386.3
45046.5
43876.7
42963.9
42299.5
41783.5
41324.9
40886.5
40464.7
40231.7
40132.8
40078
40167.7
40036.2
39944.2
39924.2
39589.7
39348.5
39117.4
38691.2
38325.4
37949.2
37510.3
37077.1
36609.1
36105.6
35592.2
35058.9
34500.8
33923.7
33337.9
32744.4
32140.2
31522.6
30895.9
30261.7
29623.7
28980.3
28336
27689.9
27045.4
26404.6
25747.3
25167.8
24170
116099
114669
113208
111622
109934
108134
106232
104234
102113
99896.5
97600.9
95237
92813.3
90347.4
87848.3
85336.9
82820.6
80320.8
77842.6
75405.1
73009.1
70668.3
68380.6
66152.3
63984.9
61874
59830.5
57840.1
55919.9
54058.2
52256.6
50541
48899.4
47385.2
46032.5
44857.7
43909.5
43146.5
42525.1
42091.5
41804.5
41521.5
41317.2
41137.3
41155.4
41269.1
41215.6
41262.1
41173.3
40873.5
40749.9
40457
40082.6
39805.6
39437.1
39020.3
38608.5
38159.1
37680.2
37187.9
36669.3
36121.1
35552
34972.5
34381.4
33775.9
33155.3
32525.4
31888.6
31246.9
30598.6
29946.5
29290.3
28634.4
27977.2
27321
26668.8
26000.3
25412
24398.6
115692
114175
112625
110933
109127
107200
105164
103008
100727
98354.1
95900.6
93380.2
90808.3
88200.3
85575
82948.3
80336.9
77755
75216
72727.3
70301.6
67935.4
65643.9
63413.6
61260.8
59171.3
57154.1
55213.6
53331.6
51549.4
49835.8
48235.3
46812.7
45530.8
44491.8
43769.7
43271
42941.9
42628.3
42304.5
42101.3
42077.8
42213.5
42252.4
42271.8
42380.2
42228.3
42100.5
42036.8
41698
41429.4
41165
40786.8
40442
40068.3
39647.9
39197.8
38720.8
38220.9
37693.3
37144.9
36582.4
36000.5
35398.3
34779.6
34151
33513.2
32867.2
32212.2
31552.3
30888.6
30224.9
29559.5
28894.2
28226.8
27559.3
26896.3
26217.6
25621.6
24596.4
115267
113653
112003
110192
108254
106183
103997
101659
99208.8
96663.1
94039.1
91353.8
88624.8
85874.6
83122.3
80385.6
77687.1
75032.6
72443.7
69917.6
67468.9
65095.4
62800.7
60589.3
58452.2
56405.7
54428.9
52562.6
50772.6
49120.4
47642.2
46318.2
45316
44485
43821.3
43388.6
43133.5
42991.7
42852.6
42811.3
42883.7
42976.8
43212.7
43315.4
43212.3
43199.6
43057.4
42771.6
42662
42401.5
42062.1
41778.3
41411.4
41025.5
40625
40180.7
39711.3
39211.7
38684.6
38140.1
37574.5
36987.4
36382.7
35764.3
35131.7
34485.4
33826.5
33160.3
32489.6
31818.1
31144.5
30469.8
29792.4
29115.1
28437.4
27761.4
27091.5
26406
25803.9
24767.5
114826
113102
111340
109394
107306
105079
102706
100182
97542.5
94810.9
92003.6
89143.4
86255.8
83362.1
80487.5
77652.7
74872.1
72164.7
69531.7
66985.9
64523.9
62154.4
59874.1
57686.9
55594.4
53604.4
51718.9
49957.8
48347.3
46909.4
45723.8
44823.6
44221
43912.1
43750.7
43532
43313.6
43360.5
43520
43736.7
43942.9
43958.3
44055.2
44143.8
43988.8
43852.7
43741.5
43417.6
43211.2
42992.4
42657.3
42327.7
41960.8
41542.3
41108.7
40650.2
40157.3
39639.9
39098.2
38531.5
37944.8
37342.3
36722.1
36084.5
35431.7
34768.8
34097.5
33420.3
32737
32051
31363.3
30676.9
29990.5
29305.1
28619.1
27934.1
27255.8
26563.2
25956.4
24912.4
114366
112518
110630
108532
106277
103873
101288
98556.5
95716.2
92778.1
89779.8
86739
83690.4
80660.9
77671.3
74750.3
71904.7
69154.5
66494.7
63938.5
61481
59127.9
56880.6
54746.8
52725.3
50857.9
49144.8
47627.2
46395.5
45432.4
44693.9
44251.3
43874.2
43799.1
43792.2
43834.2
43905.3
44148.1
44397.8
44612.7
44799.8
44761.7
44689.2
44717.3
44607.7
44394.8
44292.1
44028.1
43738.1
43491.6
43170.6
42813.1
42425.1
41999
41539.5
41055.1
40548
40014.5
39455.7
38875.1
38272.4
37650
37010.6
36357.9
35692.9
35017.7
34333.1
33642.7
32948
32252.4
31555.3
30858.2
30159.9
29463.2
28768.5
28077.7
27395.4
26698.6
26086.9
25034.3
113889
111899
109868
107598
105150
102539
99724.6
96775.1
93702.6
90556.7
87348.6
84131.8
80924.6
77767.4
74679.6
71685
68794.7
66010.4
63346
60787.9
58358.4
56045.6
53858.1
51834.2
49947
48280.5
46841.4
45643.1
44817.5
44395.1
44191.1
44139.9
43997.7
44024
44212.6
44555
44812.3
45076.6
45190.9
45318.7
45434.4
45427.2
45268.4
45221.5
45146.3
44903.6
44770.3
44557.5
44237
43940
43605.5
43234.6
42834.7
42392.1
41917.5
41415.9
40887.7
40338.3
39767.2
39172.3
38554.1
37916.4
37261.8
36593.8
35914.6
35227.8
34534.6
33836.5
33132.9
32426.2
31716.8
31008.5
30301.2
29597.7
28896.9
28199.7
27510.8
26807.6
26191.7
25133.8
113390
111242
109047
106582
103936
101060
98007.1
94801.8
91498.5
88112.5
84709.5
81304.6
77960.6
74680.5
71523.8
68463.5
65552.4
62749
60093.5
57566.7
55182
52962.4
50902.7
49077.8
47509.9
46246
45321.5
44686.4
44227.7
44071
44106.9
44186.6
44371.7
44610.9
44953.2
45313
45587.5
45759.2
45802.1
45863.5
45893.9
45921.9
45800.8
45673.3
45603.5
45379.3
45187.9
44986.2
44679.6
44344
43989.4
43600.5
43185.2
42735.8
42246.7
41727.6
41185.1
40621.1
40035.7
39428.1
38796.9
38145.1
37476.3
36795.7
36106
35410
34707.5
34000.2
33288
32573.1
31855.6
31138.4
30421.7
29709.3
29001.6
28299.4
27606.8
26899.8
26280.3
25216.2
112873
110541
108158
105474
102573
99429.2
96098.3
92633.6
89060.4
85451.3
81832.2
78268.4
74785.3
71424.5
68193.2
65117.4
62175
59396.2
56763.1
54313.1
52035.5
49973.8
48173.8
46629.1
45451.6
44636.3
44235
44255
44226.9
44176.2
44321.8
44648.2
45098.8
45414.9
45735.7
45929
46143.2
46284.2
46335
46359.7
46318.8
46332.4
46275.1
46098.4
45998.9
45801.6
45565.2
45344.1
45053
44707.5
44327.7
43920.7
43488.1
43024.2
42527.3
41998.9
41442.5
40863.5
40263.9
39643.4
39000.9
38338.7
37659.5
36968.3
36268.2
35562.7
34852.2
34137.8
33418.4
32695.3
31969.2
31244.1
30520.9
29803.4
29091
28383.6
27685.7
26973.6
26351.2
25284.7
112335
109790
107189
104252
101065
97616.2
93994.9
90222.1
86393.7
82534
78724.8
75010.3
71414.1
67993.2
64721.4
61632.2
58705.3
55964.8
53427.3
51110.9
49057.9
47333.6
46027.1
45052.4
44445.7
44057
43997.5
44085.3
44308.4
44607.9
44932.8
45334.9
45750.3
46036.8
46297.4
46387.8
46566.5
46708.5
46757.6
46793.8
46727.5
46688.6
46669.5
46495.2
46343.5
46160.1
45909.8
45659.3
45366.8
45019.2
44628.2
44201.5
43750.6
43275.4
42769.7
42232.8
41666.4
41074.4
40460.5
39827.2
39174.8
38504.4
37817.4
37118.2
36409.7
35695.6
34976.7
34254.4
33527.8
32798.6
32067.2
31337
30608.7
29885.7
29168.2
28456.5
27755.5
27041
26416.8
25348.7
111774
108981
106125
102913
99377.5
95605
91637.8
87567.8
83448
79366.3
75374.8
71531.3
67865.2
64394.9
61119.9
58038.6
55164.4
52556.2
50171.9
48145.9
46428.5
45145.8
44295.9
43929.9
43999.7
44000
44053.8
44327.8
44775.2
45295.5
45621.6
45958
46232
46486
46727.9
46804.9
46959
47080.4
47122.8
47163.9
47105.7
47015.3
46989.3
46842.2
46653.2
46463.1
46211.5
45934.7
45632.1
45281.5
44881.7
44443.6
43977.4
43488.3
42974
42430
41853.7
41249
40621.6
39976.9
39315.8
38638.9
37946.1
37240.3
36524.2
35802
35075
34344.9
33611
32875.4
32138.5
31403.6
30671.1
29943.3
29220.4
28503
27796.8
27077.4
26450.2
25377.1
111185
108105
104955
101400
97494
93342.1
89024.6
84612.9
80237.7
75919
71796.3
67844.4
64144
60655.4
57400.6
54396
51642.1
49291.5
47257.7
45749.7
44713.1
44062.6
43668.4
43681.6
43807.8
44117.3
44502.8
44923.2
45369.1
45837.3
46130.2
46424.9
46610.5
46844
47082.6
47173
47307.3
47402.4
47439.9
47469.9
47450.1
47327.1
47257.9
47133.3
46935.2
46727
46472.8
46180.9
45860.1
45502
45099.5
44654.5
44176.8
43675.6
43150.7
42597.5
42012.4
41398
40760.1
40105.3
39436.1
38753.5
38056.2
37345.9
36624
35894.8
35160.2
34423
33683.1
32942.9
32202.5
31464.4
30728.7
29996.6
29268.9
28546.7
27836.1
27112.6
26482.1
25404.2
110565
107149
103635
99694.3
95366.3
90813
86088.5
81369.3
76706.7
72226.7
67969.7
63982.7
60256.2
56815
53605.9
50819.4
48355.5
46358.4
44858.2
43847.2
43459.3
43536.8
43562
43697.2
44070.1
44585.2
45121.7
45482.5
45843.3
46206.3
46504.3
46806.2
46959.5
47170.3
47388.9
47491.7
47609
47687.6
47716.2
47728.9
47730.9
47612.5
47493.2
47371.2
47177.9
46956.6
46696.5
46391.2
46054.7
45686.6
45279.5
44831
44346.3
43833.8
43296.6
42732.5
42138.7
41516.8
40871.4
40208.9
39532.4
38843.8
38141.6
37426.6
36699.4
35963.8
35221.9
34477.2
33730.7
32985.3
32240.8
31498.9
30759.5
30023.2
29291.6
28566.4
27854.4
27131
26500.5
25423
109901
106095
102171
97752.3
92953.5
87951.7
82809.9
77783.5
72877.9
68256.6
63944.2
59942
56253.8
52923.5
49901.3
47496.7
45667.4
44286.5
43621.5
43159.3
43165
43308
43687.8
44138.7
44628.2
45094.1
45578
45886.1
46210
46505.4
46809
47123.3
47267.7
47464
47647.6
47758.3
47868.2
47948.9
47970.1
47960.8
47958.1
47864.9
47714.5
47576.7
47386.2
47155.7
46888.6
46575.5
46225.2
45845.3
45432.2
44980.9
44491.5
43969.8
43420.5
42845.9
42245.7
41620.1
40970.4
40302.2
39619.5
38925.6
38219.4
37500.7
36769.2
36028.1
35279.7
34528.4
33776.3
33026.1
32277.2
31531.6
30788.6
30049.2
29314.2
28585.8
27871.9
27149.1
26520.1
25446.2
109180
104927
100495
95521.2
90209
84706.4
79164
73849
68741.5
64065
59707.9
55808.5
52167
49170.2
46597.7
44706.5
43472.9
42826.7
42902
42962.6
43147.7
43570.7
44134.7
44685.5
45093.9
45470.8
45874.9
46198.7
46529.8
46786.1
47078.7
47381
47536.3
47725.5
47873.8
47983.4
48089.6
48174.7
48189.7
48156.5
48142.1
48068.5
47914.2
47757.4
47559.6
47321.9
47048.1
46729.3
46370
45978.8
45557.7
45102.9
44610.2
44080.5
43519.2
42933
42324.4
41694
41040.8
40368.1
39679.2
38978.3
38265.5
37541.3
36804.7
36058.4
35304.4
34547.6
33790.6
33035.6
32282.8
31532.8
30785.5
30043.7
29308.4
28580.7
27866.6
27141
26508.4
25428.3
108374
103594
98562.1
92955.2
87070.6
81039.7
75121.6
69569.3
64319.3
59689.1
55320.7
51651.7
48257.4
45786.7
44217.6
43114.5
42562
42483
42619.4
43039.5
43550.9
44083.9
44576.4
45073.8
45414.8
45763.2
46120.5
46464.9
46812.8
47040.3
47313.5
47591.9
47763.5
47954.8
48081.5
48186
48287.7
48373.5
48384.6
48331.4
48302.5
48236.1
48088.9
47917.7
47709.7
47461.8
47180.3
46858.9
46496.4
46100
45674.8
45218.9
44724.9
44190
43618.8
43021.9
42404.8
41769.4
41113
40435.4
39739
39029.7
38309.5
37579.6
36838.7
36088.1
35329.1
34567.4
33805.9
33047.1
32291.1
31538.1
30786.9
30042.7
29307
28581.4
27869.1
27142.4
26507.1
25422.8
107441
102098
96312.9
89976.1
83452.2
76918.7
70646
64980.2
59656.1
55170.6
50952.8
47599.9
44998
43155.2
42288.8
42148
42258.1
42439.8
42860.6
43453.8
44044
44496.1
44886.8
45314.4
45661.9
46025.8
46352.1
46696.8
47045.1
47259.2
47515.4
47763.3
47948.8
48146.1
48264.2
48360.7
48453.7
48535.7
48543.1
48483.6
48442.3
48373.9
48232
48052.2
47833.3
47573.6
47281.2
46953.8
46586
46181.3
45746.1
45281.4
44780.1
44238.3
43659.6
43053.8
42428.6
41786.7
41127.4
40449.4
39753.3
39042.3
38318.4
37584.5
36840.7
36088.8
35329.7
34567.9
33805.3
33045.3
32287.6
31533.9
30783.9
30039.8
29301.8
28572.3
27856.4
27126.9
26490.4
25405.3
106341
100316
93662.4
86480.7
79315.5
72268.1
65820.1
60050.8
54911.3
50571.2
46892
44131.9
42897.1
42040.5
41702.3
41818.7
42245
42796.2
43340.4
43848.7
44368.8
44756
45116.2
45503.1
45877.2
46263.8
46562.6
46897
47230.8
47449
47697.2
47915.9
48108.7
48310.6
48431.5
48516.8
48598.2
48673.8
48676.9
48617.7
48569.6
48494.6
48354.8
48175.9
47952.5
47682.3
47380.6
47047.4
46674.5
46263
45819.5
45346.3
44837.7
44290.1
43705.9
43093.3
42460.2
41812.2
41149.3
40471.4
39776
39064
38336.6
37598.7
36852.6
36101.1
35343.8
34583
33819.3
33057.8
32298.4
31544.9
30798.5
30055.7
29313.1
28577
27856.8
27125.7
26488.4
25403.6
104981
98179.2
90484.2
82399.6
74549.8
67135.1
60615
54957.3
50140.8
46215.3
43530.5
41685.2
41332.5
41410.5
41560.9
41985.6
42591.5
43234.9
43727.8
44121.3
44556.1
44936.5
45316.2
45684.9
46070.5
46463.7
46743.9
47064.2
47373.1
47608.3
47855.4
48051.7
48243.9
48446.9
48572.1
48652.4
48721.4
48782.8
48785.2
48738.4
48670
48572
48431.1
48253.4
48027.7
47757.8
47453.7
47114.9
46736.5
46318.9
45865.4
45378.7
44858.8
44306.4
43722.3
43110.3
42474.7
41821.6
41152.2
40468.1
39766.3
39049
38318.1
37577.6
36828.6
36074
35314.6
34553.6
33790.3
33028
32267.2
31511.6
30760.6
30016.1
29278.4
28546.7
27827
27096.8
26461.3
25376.1
103321
95536.1
86645.4
77600.8
69136.1
61560.8
55158.4
49879.8
45747.8
42635.5
41669.2
40909.6
40942.8
41276.7
41824.4
42408.6
42962.1
43517.7
43959
44323.7
44710.5
45098.9
45505.8
45862.2
46244.4
46626
46903.5
47213.1
47496.5
47745.7
47996.3
48179.1
48364.3
48561.6
48689.3
48768
48826.7
48873.6
48875.9
48820.8
48760.8
48651
48516.1
48341.6
48110.1
47838.9
47534.3
47192.7
46812.3
46391.6
45927.8
45425.2
44891.4
44332.4
43748
43137.9
42502.3
41844.4
41167.8
40476
39768.3
39047.5
38314.6
37572.9
36822.2
36065.8
35305.6
34545.3
33783.4
33022
32261.9
31507
30755.5
30012.6
29279.6
28550
27828.8
27098.7
26465.9
25379.9
101162
92213.3
81941.4
72026.8
63083
55737.5
49702.1
45071.8
42204.7
40284.8
40339.8
40570.4
40957.7
41522.6
42208.7
42779.5
43227.3
43691.6
44116.1
44496.2
44859.9
45253.2
45679
46024.5
46395.4
46753.6
47040.7
47341.5
47602.6
47861.3
48116
48291
48468.8
48658.2
48787.1
48868
48920.2
48949.7
48945.5
48899.9
48821.4
48712.9
48555.3
48362
48132.8
47857.8
47537.9
47181.1
46791
46364.3
45897.2
45393.5
44860.7
44303.8
43719.9
43107.4
42467.7
41807.6
41132.4
40442.4
39735.8
39013.3
38276.1
37529.2
36775
36017.5
35256.2
34492.1
33724.4
32957.1
32192.1
31433.3
30679.9
29934.9
29196.4
28464.4
27745.5
27015.1
26377.9
25290.7
98328.8
87910.5
76196
65584.9
56596.7
49880
44914.6
41317.9
40378.4
39818.7
40066.6
40568.3
41274.4
41949
42561.6
43055
43427.8
43814.2
44227.1
44639.9
45010
45409.2
45830.9
46168.5
46521.7
46851
47153.9
47447.1
47692.8
47956.8
48214.7
48387.2
48557.8
48728.6
48852.7
48933.5
48986.5
49005.6
48998.8
48957.3
48871.5
48753.1
48586.6
48396.6
48171.5
47893
47567.2
47206.7
46813.9
46383.4
45911.1
45402.9
44867.2
44307.9
43721.4
43106.2
42463.3
41799.1
41118
40422.4
39711.2
38985.5
38246.3
37498.3
36743.5
35985.6
35223.7
34458.9
33690.9
32924.1
32159.6
31400.9
30647.5
29902.4
29164.1
28434.3
27717.6
26987.9
26348.8
25258.7
94626.8
82425.9
69170.3
58589.6
50186.8
44303.5
41052.5
39127.3
39382.6
39816
40409
41057.4
41716.3
42251.2
42720.7
43164
43531.2
43897.3
44313.8
44763.9
45152.2
45546.4
45936.5
46269.2
46608
46919
47232.1
47523.8
47764.6
48027.9
48277
48446.4
48613.2
48776.4
48904.6
48988.5
49044.3
49060.2
49049.1
48996.2
48905.4
48780.4
48616.4
48414.5
48175.6
47891.2
47562.5
47197.6
46798.8
46362.5
45887.9
45381.1
44847.7
44289.3
43702.9
43088.3
42446.2
41781.8
41097.7
40398.4
39683.8
38955.6
38214.8
37465.9
36710.2
35951.1
35187.3
34420.6
33652
32885.8
32121.8
31363.4
30610
29864.8
29126.6
28396.2
27677.7
26946.5
26306.6
25218.7
89730.5
75405.5
61221
51396.7
45090.4
40353.6
39053.3
38835.9
39111
39848.2
40825.1
41479.3
41938.1
42340.1
42735
43168.7
43595
43991.7
44422
44876.4
45249.6
45616.1
45974
46320.6
46660.1
46968.4
47293.1
47581.8
47823.5
48087.7
48325.4
48502.6
48674.1
48824.1
48938.7
49024.5
49076.2
49091.2
49075.1
49022.5
48932
48808.7
48644.7
48441
48202.6
47921.1
47592.4
47222.4
46815.2
46371.4
45891.1
45379.1
44838.8
44272.7
43680.6
43063.5
42420.6
41755.5
41069.3
40366.9
39649.6
38920.3
38179.7
37431.4
36676.1
35916.9
35151.9
34384.5
33616
32850.5
32087.2
31329.2
30575.6
29830
29090.8
28359.2
27639.4
26907.3
26267
25180
83142.9
66709.3
53055.2
44704.7
40394.3
38245.8
38281.9
38718
39752.1
40542.7
41160.1
41649.2
42015.8
42399.8
42830.3
43296.1
43760.7
44166.9
44579.8
45001.1
45374.1
45741.2
46085.2
46441.4
46771.6
47067.4
47387.5
47667.1
47913.8
48168.7
48386.6
48572.8
48745.7
48879.5
48984.8
49075.1
49137.4
49144.3
49107.8
49041.8
48939.4
48799.4
48624.1
48412.6
48165.5
47879.8
47551.8
47182.5
46776
46337
45866.9
45365.5
44831.5
44267.4
43675.8
43059.5
42417.7
41752.4
41064.1
40358.3
39638.1
38907.9
38167.8
37420.3
36664.9
35904.3
35137.6
34369.6
33601.3
32836.4
32073.4
31315.4
30561.5
29815.2
29075.1
28342.9
27623.2
26892.8
26256.3
25173.6
74226.8
57404.4
46894.7
40985.5
38155.5
37883.3
38569.1
39495.9
40148.5
40717.6
41127.6
41518.5
41925.7
42353.2
42790
43234.1
43693.2
44118.5
44529
44929.8
45334
45714.3
46053.2
46408.2
46734.2
47038.8
47354.7
47639.3
47908
48154.9
48358.5
48570.1
48748.9
48860.6
48964.9
49063.8
49123.4
49150.1
49118.3
49051.6
48954.5
48821.3
48648.7
48436.3
48187.3
47902.5
47576.5
47206.2
46795.1
46352.4
45880.6
45378.3
44843.6
44280.5
43691.3
43078.1
42440.1
41778.1
41091.9
40386.7
39667.1
38938.8
38202
37457.6
36703.9
35942.2
35173.5
34404.7
33636.1
32870.7
32106.9
31347.8
30592.6
29844.7
29103.1
28368.7
27649.3
26922.3
26293
25221.9
53557
36202.3
32508.3
33359.8
35674.3
38065.9
39529.8
40481.2
40787.5
40979.4
41213.9
41616.8
42104.2
42597.1
43000.7
43408.6
43871.7
44317.6
44726.3
45094.9
45507.3
45888.3
46203.3
46554.1
46868.7
47165.9
47477.2
47751.8
48023.2
48254.5
48444.6
48654.8
48832
48929.5
49018.1
49118.4
49179
49165.4
49127.6
49051.1
48937.6
48793.9
48617.3
48397.7
48138.4
47846.8
47515.6
47136.9
46712.4
46254.9
45770.5
45257.5
44709.7
44131.1
43527.9
42905.7
42260.7
41591.5
40897.1
40184.9
39460
38729.2
37990.1
37243.4
36485.8
35722.2
34954.2
34188
33421.9
32660.1
31899.4
31144
30391.7
29647.2
28908.6
28179.2
27462.3
26734.5
26100.6
25020.4
)
;

boundaryField
{
    inlet
    {
        type            fixedValue;
        value           uniform 200000;
    }
    outlet
    {
        type            zeroGradient;
    }
    axis
    {
        type            symmetryPlane;
    }
    wall
    {
        type            zeroGradient;
    }
    frontAndBack
    {
        type            empty;
    }
}


// ************************************************************************* //
