/*--------------------------------*- C++ -*----------------------------------*\
  =========                 |
  \\      /  F ield         | OpenFOAM: The Open Source CFD Toolbox
   \\    /   O peration     | Website:  https://openfoam.org
    \\  /    A nd           | Version:  13
     \\/     M anipulation  |
\*---------------------------------------------------------------------------*/
FoamFile
{
    format      ascii;
    class       volScalarField;
    location    "0.65";
    object      p_rgh;
}
// * * * * * * * * * * * * * * * * * * * * * * * * * * * * * * * * * * * * * //

dimensions      [1 -1 -2 0 0 0 0];

internalField   nonuniform List<scalar> 
2016
(
1140.81
1095.65
1067.72
1074.66
1099.21
1020.18
985.576
1022.06
968.358
884.008
876.631
964.68
855.423
786.695
807.25
915.33
787.354
755.393
782.268
863.096
738.603
732.556
752.471
808.77
672.952
684.764
674.402
684.912
577.005
591.56
545.954
405.96
465.99
458.462
256.693
62.5577
361.933
284.212
55.2061
13.2816
286.502
156.021
14.8956
11.54
230.425
106.842
10.9158
11.2632
192.829
83.877
10.8727
10.963
163.052
63.0595
10.4797
10.3926
144.041
49.9625
10.1988
10.1238
137.679
45.802
10.1101
10.0655
141.63
55.8995
10.0271
9.96742
150.318
76.7059
9.9507
9.80664
158.843
99.5119
9.92324
9.75797
168.132
120.473
9.85865
9.79179
179.173
139.109
9.66761
9.778
189.245
163.873
13.0408
10.0346
194.575
187.537
31.4793
9.7763
210.448
213.032
67.2409
10.1986
207.231
196.229
49.1168
10.4501
198.956
170.236
20.4458
10.1863
197.733
141.243
10.2314
10.1892
195.533
118.735
10.4484
10.2927
195.105
107.765
10.4658
10.4129
202.626
105.367
10.4875
10.54
228.081
117.505
11.1716
10.7154
274.612
177.336
19.3682
10.9972
343.203
305.631
70.7104
11.2454
423.942
423.922
277.092
53.7447
509.791
520.53
501.036
365.912
580.811
592.949
583.693
567.955
632.051
621.351
606.043
605.133
674.007
621.79
595.769
620.996
752.979
685.056
662.141
694.285
894.441
826.222
788.689
801.369
1028.28
969.697
917.121
878.844
1050.84
1023.08
987.809
970.348
1104.17
1142.13
1182.51
1218.7
1253.97
1291.99
1338.96
1418.42
1515.23
1453.71
1397.23
1462.57
1608.64
1720.44
1819.22
1918.3
2017.58
2102.65
2177.24
2164.84
1674.21
984.51
673.232
694.195
972.84
1097.9
1121.61
606.545
1896.95
2680.54
2767.4
2848.77
2936.66
3014.45
3104.84
1690.31
6.85115
5.28689
6.20164
13.5875
10.1559
5.47127
1093.52
1154.26
1197.98
1221.63
1245.32
1212.16
441.89
47.4627
56.0671
25.6067
8.1947
8.73938
9.1073
9.47435
9.3843
15.5159
13.9895
8.61893
8.59897
8.47165
8.39465
8.48673
8.74749
9.15774
9.72388
10.4174
140.97
99.2172
10.2611
251.34
528.642
549.061
552.438
1247.4
2776.3
1905.74
9.21328
4.78008
5.18285
7.14285
5.73952
5.27844
1055.45
1120.66
1165.71
1181.83
1171.13
573.636
9.72971
7.01235
6.69555
7.48886
8.17014
8.83522
9.51709
10.3093
10.403
9.87054
8.65495
8.35614
8.33599
8.26951
8.2198
8.26374
8.37882
8.61528
8.7545
8.82025
8.41576
9.59314
10.7941
10.8663
11.16
11.9758
15.5644
80.4917
1317.08
2024.62
753.822
5.01527
5.3616
5.11629
5.12341
5.10844
1026.52
1084.26
1114.04
1102.51
773.851
26.6669
6.41509
6.55714
6.93894
7.86669
8.51855
8.37262
9.14448
10.2094
10.4121
10.4861
10.2594
8.23874
8.01085
7.99077
7.98594
8.58164
8.73444
8.87546
8.98512
9.07839
8.48726
8.32509
8.88973
9.71441
10.6516
11.6315
12.6084
13.2348
207.115
1331.44
1325.42
417.816
5.464
5.16457
5.0402
4.98693
1000.53
1055.93
1036.34
769.294
118.238
6.73593
6.56562
7.32805
7.72116
8.2973
9.03025
8.02532
7.78604
7.83052
9.23944
9.71968
8.49105
7.78954
7.79692
7.78507
7.75982
7.82188
8.35207
8.27266
7.97496
8.01554
8.05034
8.11224
8.44021
9.07749
10.9271
13.0046
12.5417
12.9702
13.472
306.342
1276.8
1115.98
60.84
5.30526
4.92946
4.76325
921.287
981.797
751.006
121.654
7.00222
6.73911
6.82158
6.86121
7.00083
8.46303
7.94625
7.41069
7.55966
7.63366
7.64761
7.64135
7.63212
7.61721
7.58672
7.53829
7.47588
7.40693
7.35069
7.3364
7.36811
7.42989
7.51823
7.63906
7.86919
9.68276
11.1433
12.1002
12.9896
12.6477
13.0406
14.7119
420.084
1118.31
815.833
13.2041
4.27329
4.25976
728.792
797.286
221.785
7.33475
6.64995
6.83068
6.96504
7.06382
7.70406
7.64191
7.34793
7.29446
7.4252
7.51337
7.54745
7.53833
7.50073
7.44207
7.36231
7.26016
7.13873
7.00823
6.88758
6.79907
6.75303
6.75428
6.80832
6.9121
7.09368
7.34234
8.91008
10.5558
11.318
11.8448
11.6553
11.2722
12.5026
428.41
926.672
819.991
82.6298
4.40081
319.853
420.948
6.50133
6.05098
6.61592
6.964
7.24685
8.23854
8.44148
8.76356
8.22572
7.34576
7.41839
7.47023
7.47905
7.44173
7.36686
7.25921
7.1191
6.94704
6.74798
6.53309
6.31888
6.12254
5.96652
5.86981
5.83566
5.85038
5.90262
5.97843
6.15705
6.53592
7.90791
9.35115
8.77548
8.48785
7.71979
8.67057
513.707
875.764
877.67
48.7954
28.8729
42.9791
7.83347
6.42451
6.88303
7.6864
8.47267
8.64406
8.82032
8.65547
7.53466
7.43144
7.45902
7.4647
7.43095
7.35243
7.23041
7.06544
6.85735
6.60706
6.31799
5.99858
5.66303
5.32689
5.01521
4.76237
4.57851
4.43435
4.27028
4.06864
3.93866
3.99825
4.19301
4.85922
5.14321
5.23493
4.3151
2.98864
9.54126
422.374
614.953
291.687
13.6336
11.846
10.0145
8.32303
8.70845
8.97936
8.67924
8.47887
8.02488
7.56988
7.55173
7.53459
7.51183
7.46778
7.38885
7.2659
7.09408
6.87032
6.59201
6.25712
5.86477
5.42025
4.93321
4.41174
3.88062
3.38904
2.96477
2.5938
2.43411
1.84954
1.3152
1.71998
1.14729
1.12874
1.41967
1.60744
1.14422
0.0545481
-0.660718
5.59618
33.2837
218.366
12.2413
12.3092
11.3227
10.1428
9.3835
8.52398
8.12118
7.96446
7.84228
7.7531
7.68926
7.62998
7.56344
7.4767
7.35621
7.1902
6.96977
6.68757
6.33651
5.90969
5.4
4.80835
4.13545
3.36753
2.52047
1.66398
0.82988
0.562702
-0.104873
-1.38559
-2.49302
-3.24645
-3.34974
-3.00223
-3.35437
-2.67686
-2.22277
-2.28135
-2.20296
-1.05254
3.22167
17.9689
11.7801
12.4541
11.5265
10.4273
8.89186
8.61636
8.36521
8.16883
8.02244
7.90713
7.80921
7.71644
7.61639
7.49542
7.33935
7.13446
6.86837
6.52912
6.10388
5.5794
4.9398
4.17764
3.27393
2.18058
0.901977
-0.489261
-1.70902
-2.98342
-5.38334
-7.52674
-9.14303
-10.1118
-10.1858
-9.40859
-8.04008
-7.13254
-6.09387
-4.64826
-3.19095
-1.33565
2.4006
5.64393
11.626
11.7083
10.4525
9.36542
9.04423
8.76167
8.52365
8.32913
8.17022
8.03629
7.91693
7.80116
7.6766
7.52927
7.34435
7.10651
6.80005
6.40783
5.91007
5.2857
4.50654
3.54897
2.36004
0.847129
-0.991219
-3.16523
-4.9851
-8.27154
-11.7412
-14.6937
-16.8862
-18.1605
-17.9307
-16.7544
-14.693
-12.054
-9.49963
-7.48684
-4.48114
-1.52372
2.49267
4.81909
10.5094
10.9037
9.58522
9.34248
9.08036
8.849
8.63775
8.45224
8.29003
8.14799
8.01741
7.88749
7.74655
7.58108
7.37586
7.11372
6.77529
6.33787
5.77423
5.05339
4.13028
2.95348
1.41973
-0.616844
-3.15248
-6.0765
-9.46032
-14.2786
-18.7191
-22.2819
-25.417
-26.848
-26.5242
-24.5179
-21.1529
-17.7565
-13.7987
-9.81855
-6.36596
-2.33982
2.20537
4.63565
10.1598
9.93755
9.49665
9.30981
9.08136
8.89589
8.71567
8.54539
8.38857
8.24669
8.11252
7.9763
7.82754
7.65335
7.43798
7.16238
6.80364
6.33365
5.71724
4.91025
3.84575
2.43015
0.494913
-2.14801
-5.53584
-8.9909
-14.5027
-20.4267
-25.8473
-30.0643
-32.2208
-33.0732
-32.6567
-30.962
-27.7004
-22.79
-18.0467
-12.9213
-7.83295
-3.53055
1.62186
4.64884
10.1907
9.7954
9.41946
9.25933
9.08079
8.92352
8.76935
8.61655
8.4703
8.33488
8.2038
8.06871
7.92041
7.7469
7.53224
7.25597
6.89212
6.40742
5.75786
4.88276
3.68943
2.02375
-0.339559
-3.63158
-7.57154
-12.6934
-19.4908
-26.2681
-31.9336
-35.4604
-37.6054
-38.3929
-37.743
-35.6983
-32.4228
-27.3333
-21.5244
-15.6459
-9.54997
-4.39132
0.991757
4.75951
10.0419
9.6622
9.36386
9.2201
9.07352
8.96049
8.80782
8.6701
8.53915
8.41518
8.2927
8.16491
8.02432
7.86014
7.65707
7.39407
7.04292
6.56528
5.90798
4.9936
3.69891
1.80055
-0.95971
-4.75125
-9.38987
-16.4699
-23.9451
-31.1838
-36.1738
-39.7439
-41.7906
-42.3415
-41.3983
-39.0357
-35.4013
-30.7502
-23.8619
-17.5229
-10.9117
-4.79508
0.528665
4.96872
9.69193
9.56057
9.34069
9.19345
9.07463
9.0202
8.88862
8.70901
8.59852
8.49007
8.38047
8.26457
8.13724
7.98943
7.80768
7.57135
7.25094
6.80366
6.16935
5.25748
3.90963
1.85179
-1.2485
-4.86055
-11.5219
-19.3911
-27.9453
-34.0797
-39.0987
-42.525
-44.286
-44.5326
-43.3103
-40.694
-36.7727
-31.8886
-25.4139
-18.3059
-11.4366
-5.07353
0.465953
5.36082
9.69986
9.56575
9.35226
9.17038
9.07653
8.99845
8.91498
8.74155
8.65367
8.56365
8.4691
8.36725
8.25612
8.129
7.97614
7.77713
7.50282
7.10816
6.53121
5.67312
4.35485
2.30634
-0.442195
-5.37358
-12.5513
-21.3681
-29.5011
-35.6575
-40.5154
-43.6201
-45.0272
-44.9567
-43.4724
-40.6229
-36.4842
-31.4681
-25.7782
-17.8255
-10.8978
-4.64273
1.47886
6.73233
9.75688
9.76629
9.49376
9.13754
9.06154
8.96899
8.91706
8.77447
8.71578
8.64175
8.56116
8.4725
8.37749
8.27256
8.15052
7.99545
7.77838
7.45594
6.96978
6.22132
5.02793
3.2571
0.597865
-4.95636
-12.3642
-21.5148
-29.604
-35.7986
-40.3233
-43.0098
-44.0202
-43.5989
-41.8446
-38.8124
-34.6135
-29.5969
-22.8726
-16.001
-9.37176
-3.43451
2.56202
8.63009
9.84234
10.0306
9.50491
9.13458
9.06358
8.97479
8.91568
8.8223
8.79121
8.72935
8.65816
8.5785
8.49557
8.40951
8.31717
8.20674
8.05213
7.8141
7.4409
6.84616
5.8506
4.63023
1.8216
-3.45719
-10.6384
-19.0725
-28.0026
-34.3027
-38.5914
-40.9222
-41.561
-40.7736
-38.7549
-35.6182
-31.1278
-25.2405
-19.3412
-12.9712
-6.56459
-0.80571
4.66616
8.3949
10.5204
9.91411
9.4824
9.19927
9.11074
9.04165
8.93288
8.91057
8.88964
8.82992
8.75889
8.68058
8.60213
8.52745
8.45806
8.38769
8.2943
8.14062
7.88191
7.45301
6.7045
5.99515
3.45305
-1.16668
-7.58839
-15.3765
-23.2168
-30.5768
-34.5552
-36.0062
-36.427
-36.18
-34.1155
-30.1808
-25.8689
-20.828
-15.0682
-8.72559
-2.29767
3.23549
7.06078
7.70197
22.7688
9.37542
9.53094
9.31382
9.19999
9.13362
9.05995
9.04047
9.00798
8.93953
8.85864
8.77227
8.68801
8.61348
8.55648
8.51774
8.47623
8.38856
8.21403
7.91228
7.37732
7.01639
5.02784
1.24331
-4.06905
-10.6122
-17.4876
-23.5004
-27.7561
-29.9892
-30.5582
-29.7765
-27.7687
-24.6005
-20.4274
-15.3888
-9.63481
-3.41265
2.57166
6.29365
7.28104
7.88218
30.1565
10.0782
9.70559
9.48012
9.34399
9.24217
9.20796
9.18629
9.13015
9.0455
8.94841
8.84615
8.74625
8.66045
8.60364
8.58232
8.57048
8.50979
8.35901
8.09887
7.64918
7.26764
5.97934
2.90261
-1.39233
-6.58329
-11.9161
-16.5312
-19.9284
-22.1455
-23.1842
-22.7542
-20.9628
-17.9797
-14.0425
-9.32001
-4.16109
0.033102
3.97016
6.52589
7.79434
7.53051
29.9446
9.76087
9.72509
9.69659
9.55569
9.38772
9.35463
9.3192
9.24086
9.13964
9.02499
8.90184
8.77817
8.6691
8.59515
8.56995
8.55907
8.48371
8.2979
7.9952
7.52274
6.91922
6.15672
3.53141
-0.0783736
-4.23463
-8.43173
-12.585
-15.2324
-16.5967
-16.4767
-15.9201
-15.0036
-13.2036
-9.94907
-6.41935
-2.69238
0.946538
4.05527
6.13936
7.09873
6.55746
18.1853
9.76006
9.76931
9.79455
9.73647
9.51914
9.48662
9.43449
9.34174
9.2294
9.09798
8.94763
8.78313
8.61787
8.48691
8.43049
8.3926
8.27122
8.00619
7.6
7.01547
6.15556
5.34925
3.32302
0.130801
-3.8016
-7.38997
-9.76463
-11.6775
-12.9254
-13.4076
-13.2734
-12.3604
-10.5417
-7.91914
-4.82585
-1.60169
1.37045
3.75685
5.32668
5.94702
5.30646
10.2217
9.96601
9.86662
9.84188
9.68409
9.60848
9.58353
9.51885
9.43052
9.31962
9.17983
9.00113
8.76778
8.48155
8.21879
8.09578
7.99807
7.82763
7.47502
6.94648
6.20137
5.14001
3.81591
2.5245
0.249162
-3.03777
-6.00606
-7.93288
-9.59144
-10.9014
-11.7035
-11.7633
-11.0157
-9.41959
-7.08195
-4.26294
-1.33612
1.31849
3.41531
4.79945
5.30729
4.64491
10.1205
9.97425
9.84464
9.76456
9.72615
9.68966
9.65232
9.59138
9.51434
9.41635
9.28648
9.10273
8.8187
8.50191
8.63008
8.29352
7.51712
7.26339
6.88248
6.30669
5.5163
4.4551
3.11078
1.56225
-0.385933
-2.71724
-4.81486
-6.63283
-8.33028
-9.79178
-10.8321
-11.1856
-10.6831
-9.2752
-7.07289
-4.34789
-1.48938
1.12134
3.20765
4.649
5.31606
4.78114
10.1817
10.0453
9.95776
9.89346
9.82488
9.77493
9.72078
9.66155
9.5952
9.51679
9.4162
9.27093
9.05457
9.91837
10.2588
8.87614
6.92268
6.74046
6.35
5.76508
4.97519
3.95256
2.67892
1.13726
-0.587327
-2.38225
-4.20603
-6.06704
-7.94472
-9.6688
-10.9672
-11.5561
-11.2518
-9.98387
-7.86213
-5.12412
-2.1437
0.703023
3.07245
4.83862
6.00352
5.99846
10.2528
10.1483
10.0633
9.98763
9.91833
9.85176
9.78723
9.72507
9.66399
9.60053
9.52905
9.42537
9.5828
11.1214
10.4017
8.5821
6.73477
6.42725
5.98583
5.39171
4.61722
3.63727
2.43965
1.037
-0.532909
-2.24645
-4.1269
-6.20845
-8.41662
-10.4992
-12.1478
-13.081
-13.0498
-11.5142
-8.62645
-5.12086
-2.16363
0.645623
3.33979
5.23767
6.57162
7.42335
10.3429
10.256
10.1686
10.089
10.007
9.92492
9.84808
9.77684
9.71079
9.64658
9.57794
9.4843
9.82885
11.2152
10.5277
8.85368
6.64838
6.27912
5.79653
5.18918
4.42724
3.47891
2.32512
0.960917
-0.619852
-2.45355
-4.60045
-7.06873
-9.7488
-12.2283
-13.0909
-14.0293
-14.1118
-12.9791
-10.5912
-7.1843
-3.29554
0.601475
4.18573
6.82068
8.01813
9.64955
10.4526
10.3644
10.2677
10.1905
10.1005
9.99545
9.89912
9.81104
9.732
9.6579
9.58234
9.48352
9.85228
11.2313
10.5986
9.32632
6.59206
6.21572
5.73057
5.12638
4.38053
3.45259
2.30591
0.906644
-0.791362
-2.86109
-5.36907
-8.33192
-10.9072
-13.3263
-16.1076
-17.7318
-17.9452
-16.5853
-13.7931
-9.91152
-5.55799
-1.26443
2.64856
5.50148
7.44193
8.87914
10.5964
10.4788
10.365
10.2901
10.1795
10.0476
9.92527
9.8194
9.72482
9.63431
9.53898
9.41518
9.44247
11.1878
10.7205
9.97249
6.91487
6.24835
5.7711
5.18233
4.46113
3.55158
2.3945
0.931994
-0.902272
-3.19975
-6.08742
-9.18291
-12.3351
-16.2966
-19.3036
-22.3612
-22.6733
-21.3936
-17.1336
-12.5423
-8.03553
-3.85237
0.263594
3.34008
5.60202
7.78429
10.8163
10.6119
10.4491
10.3877
10.3232
10.028
9.90689
9.79706
9.68829
9.58056
9.46447
9.32018
9.12769
9.97656
10.8634
10.3095
8.81383
6.35336
5.90514
5.34516
4.65649
3.77426
2.61192
1.10213
-0.809206
-3.2643
-6.17614
-9.3185
-14.329
-19.103
-22.837
-24.6101
-24.9479
-23.5985
-20.1793
-14.7429
-9.64434
-4.96375
-0.955111
2.4241
4.93957
6.48248
11.0366
10.8194
10.5411
10.4431
11.0629
10.815
9.80037
9.71276
9.61437
9.50592
9.38096
9.22541
9.01199
8.73556
9.62994
10.5482
10.0648
8.40928
6.05982
5.56983
4.94021
4.09981
2.96191
1.45462
-0.452209
-2.74695
-5.01667
-9.92517
-15.1053
-20.3903
-23.2843
-25.1271
-25.3835
-23.7532
-19.0145
-14.3332
-9.3006
-4.47804
-0.828139
2.12789
4.6812
6.17877
11.1013
10.7227
10.4689
10.5163
11.2971
11.4075
10.5743
9.6069
9.51616
9.41744
9.29628
9.14494
8.94359
8.667
8.33747
8.67142
9.92337
9.78109
8.9468
6.01075
5.24527
4.48503
3.42007
1.96925
0.144964
-1.32578
-4.40197
-9.23585
-13.9702
-18.1564
-21.9116
-23.5308
-23.4154
-20.3805
-16.96
-12.4874
-7.73939
-3.44339
-0.462848
2.40298
4.71515
7.91987
86.769
10.6922
10.1293
10.3092
10.6279
11.5009
11.3466
10.9203
9.66417
9.34024
9.22953
9.13469
8.91159
8.73817
8.39577
8.05509
7.97236
8.67084
9.30707
8.59015
6.68863
4.96062
3.89321
2.58944
0.916894
-0.863271
-2.891
-7.19402
-11.382
-14.8363
-17.2961
-18.4511
-18.1231
-16.1926
-12.9818
-9.00028
-5.4307
-2.23049
0.782214
2.93955
5.95101
7.98491
429.502
64.3441
10.3507
10.1832
10.1678
10.3673
11.3473
11.2988
11.2901
11.0394
9.94418
9.18034
9.11578
9.09337
8.76911
8.46192
8.00549
7.69123
7.4778
7.96522
7.62133
6.96393
5.36275
3.47089
1.72897
-0.0521018
-2.17644
-4.94676
-8.16802
-10.0872
-11.7998
-12.6343
-12.1984
-10.5886
-8.03801
-5.7362
-2.58166
0.235912
2.22223
5.19334
7.43877
7.84798
621.573
294.89
13.6651
10.4461
9.97862
9.79736
9.90601
10.4206
10.6896
11.2316
11.1766
11.1259
10.2443
9.07702
8.7955
8.49
8.20184
7.79427
7.45969
7.17011
7.32462
7.09812
6.2868
5.24283
3.67205
1.55332
-0.296275
-2.50567
-4.76813
-6.51443
-7.44449
-6.73883
-6.43359
-5.98845
-4.74657
-1.95327
0.580848
2.39325
6.02931
8.42271
7.90158
4.92263
661.692
527.73
108.848
10.3152
8.94442
9.20047
9.61358
9.78136
9.79439
9.74956
9.4015
8.84905
8.33571
8.31143
8.31227
8.12473
7.97186
7.84298
7.75543
7.48583
6.89489
6.05733
5.5245
4.82163
4.54515
3.38999
2.00865
-0.119878
-1.36702
-2.14199
-2.74855
-2.95217
-3.51635
-2.99437
-1.40125
1.07084
3.15366
6.76841
9.18813
9.13907
4.88421
4.5397
755.019
787.107
435.823
131.638
7.51237
8.71086
9.65257
10.1573
10.4545
10.276
9.55931
8.27837
6.9975
7.64056
7.36189
7.25357
7.41151
7.6514
7.83137
7.6022
7.17186
6.46115
5.76248
5.16246
4.51771
3.60216
2.66743
1.99292
1.00338
0.507029
-0.0517721
0.159574
-0.25605
-0.72198
0.40961
3.26542
17.3946
16.7954
9.31928
4.55104
4.53255
4.59007
817.904
776.618
862.619
572.38
59.4778
15.8606
13.6424
10.7682
11.1656
10.9414
10.7861
43.5756
597.979
1232.05
1312.49
489.698
84.1297
7.09933
7.73614
7.93065
7.36098
6.54165
6.20833
6.18178
5.85533
5.06491
3.99098
2.79186
1.93877
2.53845
3.99736
4.91449
3.47481
0.454627
16.2311
62.928
35.0483
6.06303
4.86073
4.75728
4.72569
4.72404
902.624
963.464
1017.4
1004.61
434.885
19.7939
13.8563
10.6127
11.9771
39.5419
618.631
1687.36
2003.05
2105.73
2136.47
926.579
18.628
10.6212
67.64
103.037
109.4
71.3189
9.49597
6.93367
6.78912
6.32436
6.48189
8.04508
5.04099
3.54429
6.81362
8.7662
66.2943
322.782
223.247
95.0008
5.29821
5.07789
4.92528
4.79765
4.66776
4.60882
979.142
1002.42
1031.02
1067.09
1062.46
1047.15
1115.37
1234.19
1432.5
1591.31
1733.54
1865.29
1986.75
2099.62
2213.56
2294.58
1115.63
52.744
66.4181
75.592
156.397
778.568
1541.38
1903.37
1970.26
2037.93
2106.49
2171.38
1711.74
1607.29
2077.45
2181.64
2239.47
619.291
132.28
136.378
1022.1
1641.52
1922.44
1968.5
2013.67
1520.2
)
;

boundaryField
{
    leftWall
    {
        type            fixedFluxPressure;
        gradient        uniform 0;
        value           nonuniform List<scalar> 
46
(
1140.81
1095.65
1067.72
1074.66
1104.17
1142.13
1182.51
1218.7
1253.97
1291.99
1338.96
1418.42
1515.23
1453.71
1397.23
1462.57
1608.64
1720.44
1819.22
1918.3
2017.58
2102.65
2177.24
2164.84
1674.21
984.51
673.232
694.195
972.84
1097.9
1121.61
606.545
1896.95
2680.54
2767.4
2848.77
2936.66
3014.45
3104.84
1690.31
6.85115
5.28689
6.20164
13.5875
10.1559
5.47127
)
;
    }
    rightWall
    {
        type            fixedFluxPressure;
        gradient        uniform 0;
        value           nonuniform List<scalar> 
46
(
1050.84
1023.08
987.809
970.348
979.142
1002.42
1031.02
1067.09
1062.46
1047.15
1115.37
1234.19
1432.5
1591.31
1733.54
1865.29
1986.75
2099.62
2213.56
2294.58
1115.63
52.744
66.4181
75.592
156.397
778.568
1541.38
1903.37
1970.26
2037.93
2106.49
2171.38
1711.74
1607.29
2077.45
2181.64
2239.47
619.291
132.28
136.378
1022.1
1641.52
1922.44
1968.5
2013.67
1520.2
)
;
    }
    lowerWall
    {
        type            fixedFluxPressure;
        gradient        uniform 0;
        value           nonuniform List<scalar> 
52
(
210.448
213.032
67.2409
10.1986
210.448
207.231
198.956
197.733
195.533
195.105
202.626
228.081
274.612
343.203
423.942
509.791
580.811
632.051
674.007
752.979
894.441
1028.28
1050.84
194.575
187.537
31.4793
9.7763
1140.81
1099.21
968.358
855.423
787.354
738.603
672.952
577.005
465.99
361.933
286.502
230.425
192.829
163.052
144.041
137.679
141.63
150.318
158.843
168.132
179.173
189.245
194.575
30.1565
29.9446
)
;
    }
    atmosphere
    {
        type            prghTotalPressure;
        rho             rho;
        psi             none;
        gamma           1;
        p0              uniform 0;
        value           nonuniform List<scalar> 
44
(
5.46439
5.19617
5.07247
4.92983
4.73483
4.43875
3.99165
5.18472
5.64202
5.72651
21.331
8.0408
7.0353
6.84872
6.86334
6.89924
6.90831
6.92055
7.52437
7.67513
5.68954
5.76995
5.73142
5.72904
5.12702
4.19562
3.64314
3.66442
4.47685
5.70635
7.89664
8.24314
8.0192
7.25471
7.27821
9.21639
9.33137
5.70776
5.09791
4.62783
4.64252
4.71861
4.62791
5.70473
)
;
        rho             rho;
    }
    frontAndBack
    {
        type            empty;
    }
}


// ************************************************************************* //
