/*--------------------------------*- C++ -*----------------------------------*\
  =========                 |
  \\      /  F ield         | OpenFOAM: The Open Source CFD Toolbox
   \\    /   O peration     | Website:  https://openfoam.org
    \\  /    A nd           | Version:  13
     \\/     M anipulation  |
\*---------------------------------------------------------------------------*/
FoamFile
{
    format      ascii;
    class       surfaceScalarField;
    location    "0.65";
    object      phi;
}
// * * * * * * * * * * * * * * * * * * * * * * * * * * * * * * * * * * * * * //

dimensions      [0 3 -1 0 0 0 0];

internalField   nonuniform List<scalar> 
3938
(
-4.02978e-05
4.02978e-05
-7.68291e-05
3.65314e-05
-9.34926e-05
1.66635e-05
7.15224e-08
-9.35641e-05
-4.56633e-05
8.5961e-05
-7.28687e-05
6.37368e-05
-7.69867e-05
2.07815e-05
-4.95591e-06
-7.19593e-05
-2.48191e-05
0.00011078
-4.05302e-05
7.94479e-05
-4.45564e-05
2.48077e-05
-4.89734e-06
-4.46149e-05
-1.38406e-06
0.000112164
-7.03609e-06
8.50999e-05
-1.43334e-05
3.2105e-05
2.91652e-06
-2.21472e-05
1.66252e-05
9.55389e-05
1.87887e-05
8.29365e-05
1.11089e-05
3.97848e-05
1.40018e-05
2.35393e-08
1.79374e-05
7.76015e-05
3.16309e-05
6.9243e-05
3.26962e-05
3.87195e-05
2.49306e-05
2.17674e-05
1.52756e-05
6.23259e-05
3.93199e-05
4.51987e-05
5.53312e-05
2.27082e-05
2.92282e-05
5.10336e-05
1.54954e-05
4.68305e-05
4.99384e-05
1.07556e-05
7.82558e-05
-5.60917e-06
4.92563e-05
5.82277e-05
1.97691e-05
2.70614e-05
6.4675e-05
-3.41502e-05
9.78303e-05
-3.87645e-05
9.03388e-05
5.67479e-05
2.91475e-05
-2.08616e-06
7.74441e-05
-8.24468e-05
0.000105366
-6.66862e-05
0.000105742
8.99624e-05
2.79721e-05
-3.00583e-05
6.15865e-05
-0.000116061
3.52188e-05
-4.03186e-05
0.000113066
2.78955e-05
2.11197e-05
-5.11779e-05
2.95889e-05
-0.00012453
-4.07736e-05
3.0044e-05
0.000138688
-6.63955e-05
1.65315e-05
-6.77094e-05
1.5141e-05
-0.00012314
-4.4356e-05
8.95409e-05
0.000158856
-6.45242e-05
1.23374e-05
-8.00468e-05
5.42139e-06
-0.000116224
-1.54051e-05
0.000110367
0.000158337
-1.48858e-05
5.52078e-06
-8.55676e-05
-6.14547e-06
-0.000104558
-7.59571e-06
0.000111818
0.000138544
1.21966e-05
-2.47771e-06
-8.30899e-05
-1.22928e-05
-9.47426e-05
-9.10156e-06
0.000108626
0.000122251
7.19222e-06
-8.75484e-06
-7.4335e-05
-1.52302e-05
-8.82673e-05
-2.95227e-06
9.63486e-05
0.000113912
5.38651e-06
-1.3103e-05
-6.1232e-05
-1.91692e-05
-8.22011e-05
1.0979e-05
6.62003e-05
0.00010013
2.47611e-05
-1.45207e-05
-4.67113e-05
-2.46368e-05
-7.20849e-05
1.83351e-05
2.32284e-05
8.02203e-05
3.82446e-05
-1.32333e-05
-3.3478e-05
-2.68845e-05
-5.84337e-05
4.78879e-06
-8.44488e-06
5.2688e-05
3.23211e-05
-1.19077e-05
-2.15703e-05
-2.7699e-05
-4.26425e-05
-2.16525e-05
-1.44913e-05
2.86295e-05
2.40608e-06
-1.31885e-05
-8.38173e-06
-3.38559e-05
-2.19751e-05
-2.60491e-05
-2.2298e-05
3.64039e-06
-1.06003e-06
-8.38173e-06
-3.03569e-05
-5.26549e-05
-4.90145e-05
-4.85264e-06
4.85264e-06
-2.567e-05
2.08174e-05
-5.07999e-05
2.51299e-05
-3.57109e-06
-4.72289e-05
-1.06872e-05
1.55398e-05
-3.46305e-05
4.47607e-05
-1.78019e-05
8.30132e-06
-7.67562e-05
5.53832e-05
-1.20974e-05
2.76372e-05
-2.9054e-05
6.17173e-05
-2.77998e-05
7.04714e-06
-0.000112055
7.49876e-06
-1.12192e-05
3.88565e-05
-2.26265e-05
7.31245e-05
1.11039e-05
-2.66833e-05
-0.000104212
3.26115e-06
-6.72607e-06
4.55825e-05
-1.96839e-05
8.60823e-05
-6.10141e-06
-4.02659e-05
-8.18913e-05
-2.84227e-05
1.40475e-07
4.5442e-05
-1.10298e-05
9.72526e-05
-1.98065e-05
-3.14893e-05
-5.88422e-05
-4.28556e-05
8.80303e-06
3.6639e-05
3.32704e-06
0.000102729
-3.69867e-05
8.82432e-06
-4.50737e-05
-5.07552e-05
1.68106e-05
1.98284e-05
2.51987e-05
9.43404e-05
-2.10611e-05
5.50841e-05
-2.79927e-05
-3.81421e-05
2.56228e-05
-5.79437e-06
5.55254e-05
6.44378e-05
3.52434e-05
7.53661e-05
-1.23043e-05
1.95551e-05
2.65913e-05
-3.23857e-05
6.63128e-05
2.47163e-05
8.93059e-05
5.23731e-05
-1.49453e-05
9.19468e-05
1.68903e-05
-4.9276e-05
6.0751e-05
-1.91444e-05
9.77657e-05
1.53584e-05
9.84848e-06
7.29719e-05
5.87205e-06
-5.51481e-05
4.02023e-05
-5.34746e-05
8.16101e-05
-2.60494e-05
9.23948e-07
9.05346e-05
9.99579e-06
-6.51438e-05
3.2724e-05
-7.62028e-05
5.76685e-05
-5.0994e-05
-2.03025e-05
7.8895e-05
2.60769e-05
-9.12208e-05
4.53726e-05
-9.54984e-05
5.22857e-05
-5.79072e-05
-2.68061e-05
5.87893e-05
2.61877e-05
-0.000117408
3.43901e-05
-0.000103701
3.52431e-05
-5.87602e-05
-2.47869e-05
3.32239e-05
-2.11802e-06
-0.00011529
-9.75191e-06
-9.60669e-05
-1.38275e-05
-5.46846e-05
-2.47159e-05
-1.38985e-05
-3.13829e-05
-8.39075e-05
-5.41446e-05
-7.33053e-05
-6.17619e-05
-4.70673e-05
-2.8064e-05
-5.84137e-05
-4.81279e-05
-3.57796e-05
-8.3764e-05
-3.76692e-05
-0.00010153
-2.9301e-05
-1.97703e-05
-0.000109824
-3.57796e-05
-7.34487e-05
-0.00010275
-0.00012252
-9.08274e-05
-2.73671e-06
-9.52547e-05
4.42731e-06
-0.000106085
1.08301e-05
-0.000119945
1.38598e-05
-0.000134651
1.4706e-05
-0.000148033
1.33828e-05
-0.000162316
1.42828e-05
-0.000178958
1.66415e-05
-0.000190725
1.17669e-05
-0.000194181
3.456e-06
-0.000190552
-3.62881e-06
-0.000185529
-5.02255e-06
-0.000181694
-3.83563e-06
-0.000178284
-3.41013e-06
-0.000174553
-3.73022e-06
-0.000170049
-4.50426e-06
-0.000164495
-5.55435e-06
-0.000157213
-7.28172e-06
-0.000147118
-1.00947e-05
-0.000134284
-1.28345e-05
-0.00012034
-1.39435e-05
-0.000105825
-1.45156e-05
-9.19304e-05
-1.38943e-05
-7.80292e-05
-1.39013e-05
-6.07409e-05
-1.72882e-05
-4.83779e-05
-1.2363e-05
-6.66936e-05
1.83157e-05
-7.85852e-05
1.18915e-05
-6.35866e-05
-1.49986e-05
-7.3677e-05
1.00904e-05
-8.57512e-05
1.20742e-05
-9.30994e-05
7.34822e-06
-9.82994e-05
5.19998e-06
-0.000109241
1.09419e-05
-0.000126469
1.72277e-05
-0.000117853
-8.61611e-06
-4.01901e-05
-7.76628e-05
-2.15202e-06
-3.80382e-05
-2.43069e-05
2.21547e-05
-5.9719e-05
3.54123e-05
-0.000108715
4.89956e-05
2.49915e-05
-6.77965e-05
-6.89948e-06
-7.77664e-05
1.43972e-05
-0.00010229
3.53541e-05
-0.000129149
4.07185e-05
-0.000154368
3.99249e-05
-0.000189431
4.84454e-05
-0.000249802
7.46538e-05
-0.000291732
5.85718e-05
-0.00028576
5.79541e-06
-0.000248733
-3.35713e-05
-0.000180454
-7.19082e-05
-0.000109851
-7.56253e-05
-4.34938e-05
-7.01926e-05
1.30128e-05
-5.99167e-05
5.34293e-05
-4.41467e-05
9.68752e-05
-4.79502e-05
0.000154535
-6.32138e-05
0.000204405
-5.71524e-05
0.000235475
-4.11642e-05
0.000257655
-3.50153e-05
0.000273616
-2.99041e-05
0.000280439
-2.13388e-05
0.000276147
-9.60251e-06
0.000254326
7.91963e-06
0.00019488
4.2158e-05
8.94886e-05
9.30284e-05
1.22192e-05
9.55851e-05
-2.41833e-05
4.82941e-05
-6.1348e-05
2.2166e-05
-5.79483e-05
6.69079e-06
-3.834e-05
-7.53414e-06
-1.86173e-05
-1.23745e-05
-4.0113e-05
2.66957e-05
-8.83036e-05
5.91325e-05
-0.000128489
5.74134e-05
-0.000174456
3.73503e-05
-0.000215177
-3.69412e-05
-0.00020153
-5.16856e-05
-0.000181947
2.57302e-06
-0.000196855
5.03201e-05
-0.000197282
4.94227e-05
1.76904e-05
-4.50798e-05
-6.4346e-06
-6.199e-05
3.13074e-05
-8.99883e-05
6.33524e-05
-0.000121598
7.23282e-05
-0.000158664
7.69906e-05
-0.000216152
0.000105934
-0.000240693
9.91941e-05
-0.000230069
4.79477e-05
-0.00018499
-3.92834e-05
-0.000114769
-0.000103792
-5.33585e-05
-0.000133318
6.68638e-06
-0.00013567
5.75817e-05
-0.000121088
0.000104015
-0.00010635
0.0001554
-9.55318e-05
0.000201033
-9.35834e-05
0.000225751
-8.79312e-05
0.000243427
-7.48283e-05
0.000261402
-5.914e-05
0.000272749
-4.63617e-05
0.000279834
-3.69894e-05
0.000287291
-2.87955e-05
0.000294465
-1.67767e-05
0.000294992
7.39264e-06
0.000299929
3.72205e-05
0.000303399
8.95588e-05
0.000281433
0.000117551
0.000229143
0.000100584
0.000181454
6.98559e-05
0.000128711
5.94333e-05
6.75334e-05
5.36437e-05
2.47423e-06
5.26848e-05
-5.70897e-05
8.62597e-05
-0.000109919
0.000111962
-0.000116134
6.36283e-05
-0.000150712
7.19288e-05
-0.000226263
3.86092e-05
-0.00023481
-4.31386e-05
-0.000206
-2.62364e-05
-0.000210295
5.46147e-05
-0.00021658
5.57073e-05
1.3245e-05
-3.57183e-05
7.13647e-06
-6.41781e-05
5.97672e-05
-9.84966e-05
9.76709e-05
-0.000136384
0.000110216
-0.000177706
0.000118313
-0.000201264
0.000129492
-0.000164459
6.23887e-05
-8.76139e-05
-2.88973e-05
-8.87036e-06
-0.000118027
4.67971e-05
-0.000159459
8.65267e-05
-0.000173048
0.000115988
-0.000165131
0.000140079
-0.000145179
0.000160524
-0.000126795
0.000180035
-0.000115042
0.000195419
-0.000108968
0.000208593
-0.000101105
0.000222874
-8.91093e-05
0.000238538
-7.48039e-05
0.000252423
-6.02467e-05
0.000263392
-4.79588e-05
0.000272469
-3.78723e-05
0.000279716
-2.40237e-05
0.000289983
-2.8741e-06
0.000303924
2.32793e-05
0.000334102
5.93812e-05
0.000354972
9.66808e-05
0.00034567
0.000109885
0.000309329
0.000106197
0.000258499
0.000110264
0.000190874
0.000121268
0.000108518
0.000135041
2.50565e-05
0.000169721
-6.35881e-05
0.000200606
-0.000110947
0.000110987
-0.000122757
8.37389e-05
-0.000168139
8.39906e-05
-0.000253609
4.2332e-05
-0.00024343
-3.64161e-05
-0.000205771
1.69561e-05
-0.000226268
7.62047e-05
2.09626e-05
-2.44945e-05
3.16545e-05
-6.83521e-05
0.000103625
-0.000113793
0.000143112
-0.000154552
0.000150974
-0.000174833
0.000138594
-0.000114736
6.93954e-05
-1.34903e-05
-3.8857e-05
8.56869e-05
-0.000128074
0.00014629
-0.000178629
0.00018214
-0.00019531
0.00020072
-0.000191628
0.000208715
-0.000173126
0.000209144
-0.000145608
0.000205547
-0.000123199
0.000202859
-0.000112355
0.000202147
-0.000108255
0.000205039
-0.000103998
0.000212705
-9.67746e-05
0.000226417
-8.85161e-05
0.000245511
-7.93409e-05
0.000266935
-6.93821e-05
0.000287708
-5.86457e-05
0.000307429
-4.37443e-05
0.000325037
-2.04827e-05
0.000337829
1.04879e-05
0.000353019
4.41911e-05
0.000370545
7.91555e-05
0.000374603
0.000105827
0.000356882
0.000123918
0.000328739
0.000138407
0.000293888
0.00015612
0.000243713
0.000185215
0.000179799
0.000233636
9.2531e-05
0.000287874
-5.33768e-05
0.000256895
-0.000111924
0.000142286
-0.00013623
0.000108297
-0.000202126
0.000108228
-0.000280168
4.16268e-05
-0.000260418
-2.79479e-06
-0.000246434
6.22205e-05
3.66837e-05
-9.3869e-06
6.28088e-05
-6.38163e-05
0.000158054
-0.00011332
0.000192616
-0.000130053
0.000167707
-7.69579e-05
8.54986e-05
3.56036e-05
-4.3166e-05
0.000146935
-0.000150189
0.000220739
-0.000201878
0.000253373
-0.000211263
0.000256819
-0.000198756
0.000245139
-0.000179948
0.000227173
-0.00015516
0.000210823
-0.000129258
0.000199414
-0.00011179
0.000192616
-0.000105556
0.000190348
-0.000105987
0.000194563
-0.000108213
0.000207181
-0.000109392
0.000227336
-0.000108671
0.000253415
-0.00010542
0.000282818
-9.87849e-05
0.000311988
-8.78162e-05
0.00033895
-7.07059e-05
0.000364278
-4.58109e-05
0.000388375
-1.36085e-05
0.000409576
2.29904e-05
0.000427779
6.09522e-05
0.000437758
9.58474e-05
0.000436063
0.000125614
0.00041999
0.00015448
0.000390372
0.000185738
0.000354982
0.000220606
0.000319172
0.000269446
0.000273041
0.000334005
0.000146395
0.000383542
-3.73293e-05
0.00032601
-0.000107127
0.000178094
-0.000145328
0.000146429
-0.000249029
0.000145328
-0.000342031
9.02071e-05
-0.000310495
3.06847e-05
2.62814e-05
2.1324e-06
0.00011171
-5.6916e-05
0.000217103
-9.40677e-05
0.000229768
-5.49189e-05
0.000128558
4.42497e-05
-1.36702e-05
0.000162061
-0.000160978
0.000232324
-0.000220452
0.000253589
-0.000223143
0.000242076
-0.00019975
0.000215152
-0.000171831
0.000189681
-0.000154478
0.000170406
-0.000135885
0.000158134
-0.000116986
0.000154356
-0.000108012
0.000158281
-0.000109481
0.000169135
-0.000116841
0.000186674
-0.000125752
0.000210199
-0.000132917
0.000237894
-0.000136366
0.000267682
-0.000135208
0.000297957
-0.000129059
0.000327859
-0.000117718
0.000357777
-0.000100624
0.000389166
-7.71999e-05
0.000423797
-4.82385e-05
0.000462676
-1.58891e-05
0.000504369
1.92599e-05
0.000542658
5.75586e-05
0.000565995
0.000102276
0.000568143
0.000152331
0.000551777
0.000202105
0.000517324
0.000255058
0.000475423
0.000311347
0.000437649
0.000371778
0.000365594
0.000455597
0.000188282
0.000503322
-1.25444e-05
0.000378921
-8.90722e-05
0.000222957
-0.000129008
0.000185263
-0.00021807
0.000179269
-0.00031364
0.000126255
5.11779e-05
-1.13553e-05
0.000181293
-6.81539e-05
0.000273901
-5.37842e-05
0.000215398
2.83024e-05
4.64716e-05
0.000150288
-0.000135655
0.000206584
-0.000217274
0.000209437
-0.000223306
0.000189162
-0.000202867
0.000162411
-0.000173
0.000136418
-0.000145838
0.00011568
-0.00013374
0.000105112
-0.000125316
0.000107676
-0.00011955
0.000120099
-0.000120435
0.000139023
-0.000128406
0.000162565
-0.000140382
0.000189107
-0.000152295
0.000217256
-0.000161066
0.000246092
-0.000165202
0.000275187
-0.000164303
0.00030459
-0.000158463
0.000334827
-0.000147955
0.000366649
-0.000132446
0.000401092
-0.000111643
0.000440234
-8.73802e-05
0.000487092
-6.27463e-05
0.000543818
-3.74659e-05
0.000607689
-6.31278e-06
0.000670181
3.9784e-05
0.000718231
0.000104282
0.00073581
0.000184525
0.00071878
0.000272088
0.000674875
0.000355252
0.000616576
0.000430077
0.00055566
0.000516513
0.000437307
0.000621675
0.000219066
0.000597162
1.98909e-05
0.000422132
-4.85955e-05
0.000253749
-8.04695e-05
0.000211143
-0.000144251
0.000190037
9.73555e-05
6.3934e-06
0.000231647
6.24956e-06
0.000274045
5.19862e-05
0.000169661
0.000155783
-5.73252e-05
0.00019245
-0.000172323
0.000170868
-0.000195692
0.000133388
-0.000185825
0.000102036
-0.000171515
7.99811e-05
-0.000150945
7.00931e-05
-0.00013595
6.8439e-05
-0.000132086
7.49943e-05
-0.000131871
9.03212e-05
-0.000134877
0.000112164
-0.000142278
0.000137461
-0.000153703
0.0001639
-0.000166821
0.000190441
-0.000178836
0.000217055
-0.00018768
0.000244281
-0.000192428
0.000272693
-0.000192714
0.000302702
-0.000188472
0.000334838
-0.000180092
0.000369297
-0.000166904
0.000406408
-0.000148754
0.000449063
-0.000130035
0.000502736
-0.00011642
0.00057055
-0.00010528
0.00064985
-8.56125e-05
0.000732117
-4.24832e-05
0.000803467
3.29321e-05
0.00085592
0.000132071
0.000880193
0.000247815
0.000864531
0.000370914
0.000807912
0.000486696
0.000735097
0.000589328
0.000658131
0.000698641
0.000495098
0.000760194
0.00025681
0.00066042
6.60733e-05
0.000444486
1.26598e-06
0.00027595
-3.36048e-05
0.000224907
0.000145329
8.71914e-05
0.000234418
0.000115649
0.000245587
0.000185904
9.94066e-05
0.000199833
-7.12545e-05
0.000154341
-0.000126831
0.000101825
-0.000143176
6.54431e-05
-0.000149444
4.43567e-05
-0.000150429
3.64817e-05
-0.00014307
4.1987e-05
-0.000141455
5.36719e-05
-0.000143771
7.02421e-05
-0.000148441
9.06734e-05
-0.000155308
0.000113294
-0.000164899
0.00013668
-0.000177089
0.000160364
-0.000190506
0.000184586
-0.000203057
0.000209978
-0.000213072
0.000237287
-0.000219737
0.000267038
-0.000222465
0.000299318
-0.000220753
0.000334657
-0.00021543
0.000373761
-0.000206009
0.000417426
-0.000192419
0.000469899
-0.000182508
0.000537801
-0.000184322
0.000622581
-0.00019006
0.000716551
-0.000179583
0.000805485
-0.000131417
0.000879994
-4.15773e-05
0.000937517
7.45481e-05
0.000977067
0.000208266
0.000990509
0.000357471
0.000966591
0.000510614
0.000907027
0.000648892
0.000838555
0.000767113
0.000740384
0.000858365
0.000552092
0.000848712
0.000311579
0.000685
0.000128385
0.000459144
3.09387e-05
0.000322354
0.000192563
6.61815e-05
0.000196132
0.000146093
0.000165676
0.000188537
5.69622e-05
0.000148964
-3.16811e-05
9.66142e-05
-7.44817e-05
5.81499e-05
-0.000104712
3.36438e-05
-0.000124938
2.32874e-05
-0.000140072
2.88147e-05
-0.000148597
4.19044e-05
-0.000154545
5.81077e-05
-0.000159974
7.50845e-05
-0.000165418
9.24242e-05
-0.000172648
0.000110771
-0.000183246
0.000130659
-0.000196976
0.0001522
-0.000212048
0.000175586
-0.000226443
0.000201415
-0.0002389
0.000230321
-0.000248643
0.000262702
-0.000254846
0.000298587
-0.000256639
0.000339292
-0.000256135
0.000387713
-0.00025443
0.000445629
-0.000250335
0.000516584
-0.000253462
0.000604122
-0.00027186
0.000704934
-0.000290871
0.000803979
-0.000278628
0.000889519
-0.000216956
0.00095834
-0.000110399
0.00100639
2.64985e-05
0.0010322
0.000182456
0.00104379
0.000345881
0.00104013
0.000514271
0.00101143
0.000677589
0.000962541
0.000816006
0.000901373
0.000919534
0.000786598
0.000963486
0.000585892
0.000885706
0.000361498
0.000683538
0.000175514
0.000508337
0.000341365
-4.32267e-06
0.00013406
8.92084e-05
7.2145e-05
0.000110723
3.54473e-05
8.53078e-05
-6.26568e-06
5.46231e-05
-4.3797e-05
2.84314e-05
-7.85202e-05
2.04971e-05
-0.000117003
2.64251e-05
-0.000146
3.86403e-05
-0.000160812
5.15161e-05
-0.000167421
6.30714e-05
-0.00017153
7.45715e-05
-0.000176918
8.79034e-05
-0.00018598
0.000103844
-0.000199186
0.000122238
-0.00021537
0.000142931
-0.000232741
0.000166351
-0.000249863
0.000193328
-0.000265877
0.000224429
-0.000279744
0.000259972
-0.000290389
0.000300761
-0.000297428
0.000349518
-0.000304892
0.000411413
-0.000316325
0.000488774
-0.000327696
0.00058086
-0.000345549
0.000685007
-0.000376007
0.000792083
-0.000397947
0.000885794
-0.000372339
0.000959786
-0.000290948
0.0010125
-0.000163108
0.00104532
-6.32265e-06
0.00105735
0.000170418
0.00105458
0.00034866
0.00104641
0.000522439
0.00103361
0.000690392
0.00100875
0.000840865
0.000972099
0.00095618
0.000910531
0.00102505
0.000779803
0.00101643
0.000573269
0.000890073
0.000360123
0.000721483
0.000525687
-1.46823e-05
8.42176e-05
4.66478e-05
1.0815e-05
4.71442e-05
3.49508e-05
2.79149e-05
1.29637e-05
1.34578e-05
-2.934e-05
1.53187e-05
-8.03811e-05
2.51622e-05
-0.000126847
3.54493e-05
-0.000156288
4.38974e-05
-0.00016926
5.08944e-05
-0.000174418
5.85218e-05
-0.000179157
6.84304e-05
-0.000186827
8.09654e-05
-0.000198515
9.58623e-05
-0.000214083
0.000113072
-0.00023258
0.00013303
-0.000252699
0.000156572
-0.000273405
0.000184459
-0.000293764
0.000217159
-0.000312444
0.000255407
-0.000328637
0.000301842
-0.000343862
0.000360483
-0.000363534
0.000437004
-0.000392845
0.000533321
-0.000424013
0.000641238
-0.000453465
0.000750383
-0.000485151
0.000846458
-0.000494023
0.000922279
-0.000448159
0.000978304
-0.000346974
0.0010165
-0.000201307
0.00103561
-2.54301e-05
0.00103845
0.000167576
0.00102643
0.000360686
0.00100794
0.000540928
0.000993044
0.000705286
0.000980269
0.00085364
0.000961783
0.000974666
0.000930528
0.00105631
0.000859328
0.00108763
0.000716049
0.00103335
0.000526576
0.000910956
0.000707644
8.45937e-06
6.08725e-05
1.65278e-05
2.74665e-06
1.30226e-05
3.8456e-05
7.71248e-06
1.82737e-05
8.2538e-06
-2.98814e-05
1.50459e-05
-8.71732e-05
2.46528e-05
-0.000136454
3.25986e-05
-0.000164233
3.85838e-05
-0.000175246
4.45291e-05
-0.000180363
5.21035e-05
-0.000186732
6.16907e-05
-0.000196414
7.31357e-05
-0.00020996
8.65353e-05
-0.000227483
0.000102349
-0.000248394
0.000121264
-0.000271614
0.000144049
-0.000296191
0.000171312
-0.000321027
0.000203955
-0.000345086
0.000244046
-0.000368729
0.000296052
-0.000395868
0.000364416
-0.000431897
0.000453546
-0.000481975
0.000562184
-0.000532651
0.000674206
-0.000565487
0.000771766
-0.000582712
0.000845278
-0.000567535
0.000899436
-0.000502318
0.00093737
-0.000384907
0.000962359
-0.000226297
0.000974425
-3.74961e-05
0.000974315
0.000167687
0.000961178
0.000373822
0.000937426
0.00056468
0.00091449
0.000728223
0.00090061
0.00086752
0.000890292
0.000984984
0.00087527
0.00107133
0.000841327
0.00112158
0.000759389
0.00111529
0.000621402
0.00104894
0.000862027
3.30677e-05
4.00015e-05
1.99206e-05
1.58937e-05
7.34076e-06
5.10359e-05
4.26444e-07
2.5188e-05
2.47455e-06
-3.19296e-05
1.03221e-05
-9.50208e-05
1.90113e-05
-0.000145143
2.64318e-05
-0.000171654
3.20147e-05
-0.000180829
3.77518e-05
-0.0001861
4.491e-05
-0.00019389
5.34495e-05
-0.000204954
6.33602e-05
-0.00021987
7.496e-05
-0.000239083
8.87568e-05
-0.00026219
0.000105367
-0.000288223
0.000125432
-0.000316256
0.000149892
-0.000345487
0.000180735
-0.000375929
0.000221523
-0.000409517
0.000277228
-0.000451573
0.000351879
-0.000506548
0.000447304
-0.000577401
0.000553555
-0.000638902
0.000651445
-0.000663377
0.000722952
-0.000654218
0.000772418
-0.000617001
0.000808609
-0.000538509
0.000831361
-0.00040766
0.000838764
-0.000233699
0.000837131
-3.58633e-05
0.000834144
0.000170673
0.000829801
0.000378165
0.000817678
0.000576803
0.000798639
0.000747262
0.000783215
0.000882944
0.000774903
0.000993296
0.000768031
0.0010782
0.000754162
0.00113545
0.000714708
0.00115474
0.000630335
0.00113331
0.000976425
1.64796e-05
3.07141e-05
1.04883e-05
2.1885e-05
3.13157e-06
5.83926e-05
-2.24581e-06
3.05653e-05
-1.39707e-08
-3.41614e-05
5.33232e-06
-0.000100367
1.19808e-05
-0.000151791
1.91202e-05
-0.000178793
2.458e-05
-0.000186288
3.00076e-05
-0.000191528
3.63582e-05
-0.00020024
4.34426e-05
-0.000212038
5.13348e-05
-0.000227763
6.03145e-05
-0.000248062
7.07618e-05
-0.000272638
8.3163e-05
-0.000300625
9.83408e-05
-0.000331434
0.000118109
-0.000365255
0.000145468
-0.000403288
0.000184515
-0.000448564
0.000239536
-0.000506594
0.000313872
-0.000580883
0.000403135
-0.000666664
0.000486685
-0.000722452
0.000553742
-0.000730434
0.000600323
-0.000700799
0.000634709
-0.000651388
0.000656854
-0.000560654
0.000662158
-0.000412963
0.000654199
-0.000225741
0.000642289
-2.39527e-05
0.000633958
0.000179004
0.000633066
0.000379056
0.000634491
0.000575378
0.000630717
0.000751036
0.000624141
0.00088952
0.000621308
0.000996129
0.000621301
0.00107821
0.000619655
0.00113709
0.000606312
0.00116809
0.000564072
0.00117555
0.00105004
4.50725e-06
3.15934e-05
6.86484e-06
1.95274e-05
5.68257e-06
5.95748e-05
-8.50805e-07
3.70986e-05
-2.2919e-06
-3.27204e-05
-1.25502e-06
-0.000101404
3.86749e-06
-0.000156914
1.14587e-05
-0.000186385
1.70198e-05
-0.000191849
2.18536e-05
-0.000196361
2.68165e-05
-0.000205203
3.17869e-05
-0.000217008
3.68285e-05
-0.000232804
4.20552e-05
-0.000253289
4.76064e-05
-0.000278189
5.39686e-05
-0.000306987
6.26114e-05
-0.000340076
7.61564e-05
-0.0003788
9.77159e-05
-0.000424848
0.000130748
-0.000481596
0.000178706
-0.000554552
0.000242897
-0.000645073
0.0003082
-0.000731967
0.000358205
-0.000772458
0.000397122
-0.000769351
0.000433855
-0.000737532
0.00045762
-0.000675154
0.000461433
-0.000564467
0.000445049
-0.000396578
0.000421742
-0.000202435
0.000401323
-3.53342e-06
0.000389759
0.000190568
0.000389923
0.000378892
0.000398995
0.000566306
0.000410747
0.000739284
0.000420355
0.000879912
0.000429501
0.000986983
0.000440622
0.00106709
0.000451826
0.00112589
0.000456029
0.00116388
0.000442527
0.00118906
0.00108552
2.43864e-05
3.19681e-05
2.33526e-05
2.05612e-05
1.81494e-05
6.47781e-05
4.76624e-06
5.04817e-05
-3.84609e-06
-2.41081e-05
-7.29123e-06
-9.7959e-05
-3.35221e-06
-0.000160853
4.83528e-06
-0.000194572
1.02522e-05
-0.000197266
1.39504e-05
-0.00020006
1.68224e-05
-0.000208075
1.89293e-05
-0.000219115
2.0245e-05
-0.00023412
2.06228e-05
-0.000253667
1.99557e-05
-0.000277522
1.90706e-05
-0.000306102
2.01635e-05
-0.000341169
2.58776e-05
-0.000384514
3.82828e-05
-0.000437253
5.98556e-05
-0.000503169
9.29773e-05
-0.000587674
0.000133562
-0.000685658
0.000162515
-0.000760919
0.000182215
-0.000792158
0.000209479
-0.000796614
0.000238477
-0.00076653
0.00024549
-0.000682167
0.000221409
-0.000540386
0.000183612
-0.000358781
0.000149226
-0.000168049
0.000125623
2.00692e-05
0.000115431
0.00020076
0.000117227
0.000377096
0.000130883
0.000552651
0.000153024
0.000717143
0.000178566
0.00085437
0.000205696
0.000959853
0.000234183
0.0010386
0.00026141
0.00109866
0.000280708
0.00114459
0.000288828
0.00118094
0.00108563
4.52605e-05
2.49521e-05
3.5292e-05
3.05297e-05
2.50794e-05
7.49906e-05
1.06091e-05
6.4952e-05
-1.04539e-06
-1.24537e-05
-7.54565e-06
-9.14587e-05
-6.02545e-06
-0.000162373
1.11548e-06
-0.000201713
5.50966e-06
-0.000201661
7.171e-06
-0.000201721
7.24341e-06
-0.000208147
5.86715e-06
-0.000217739
2.85616e-06
-0.000231109
-2.4149e-06
-0.000248396
-1.01047e-05
-0.000269832
-1.88177e-05
-0.000297388
-2.60174e-05
-0.000333969
-3.0201e-05
-0.00038033
-3.0757e-05
-0.000436697
-2.62301e-05
-0.000507696
-1.6332e-05
-0.000597572
-1.06534e-05
-0.000691337
-1.84847e-05
-0.000753088
-1.98449e-05
-0.000790798
-1.07585e-05
-0.000805701
-5.46586e-06
-0.000771823
-2.27395e-05
-0.000664894
-6.34387e-05
-0.000499687
-0.000107971
-0.00031425
-0.000145561
-0.00013046
-0.000170844
4.53528e-05
-0.000180425
0.000210341
-0.00017667
0.000373341
-0.000158785
0.000534766
-0.000126873
0.000685231
-8.32993e-05
0.000810796
-3.23206e-05
0.000908874
1.80568e-05
0.000988225
6.10204e-05
0.0010557
9.31461e-05
0.00111246
0.000121075
0.00115301
0.00104687
4.33168e-05
1.39564e-05
2.96988e-05
4.41478e-05
2.24507e-05
8.22386e-05
1.62259e-05
7.11768e-05
7.46611e-06
-3.69388e-06
1.19069e-06
-8.51832e-05
-1.16787e-06
-0.000160015
2.09636e-06
-0.000204977
3.82806e-06
-0.000203392
2.49011e-06
-0.000200383
-9.87914e-07
-0.000204669
-6.33514e-06
-0.000212392
-1.40205e-05
-0.000223423
-2.50293e-05
-0.000237387
-3.95689e-05
-0.000255292
-5.59348e-05
-0.000281023
-7.21171e-05
-0.000317787
-8.82755e-05
-0.000364172
-0.000105439
-0.000419533
-0.000123813
-0.000489323
-0.000146471
-0.000574913
-0.000180594
-0.000657214
-0.00021762
-0.000716061
-0.000243135
-0.000765282
-0.000264703
-0.000784133
-0.000293125
-0.000743401
-0.000329936
-0.000628083
-0.000371499
-0.000458125
-0.000414902
-0.000270846
-0.000453096
-9.22658e-05
-0.000476317
6.85736e-05
-0.000483871
0.000217895
-0.000474038
0.000363507
-0.000444829
0.000505557
-0.000395411
0.000635813
-0.000330895
0.00074628
-0.000261142
0.000839121
-0.000195552
0.000922635
-0.00014047
0.00100061
-0.000100915
0.0010729
-5.72643e-05
0.00110936
0.00093345
3.23329e-05
-1.59704e-05
2.80863e-05
4.83944e-05
2.47169e-05
8.5608e-05
2.73977e-05
6.8496e-05
2.46818e-05
-9.77987e-07
1.88286e-05
-7.933e-05
1.25095e-05
-0.000153695
8.85746e-06
-0.000201325
5.85325e-06
-0.000200388
4.17798e-07
-0.000194948
-6.98128e-06
-0.00019727
-1.6211e-05
-0.000203162
-2.81848e-05
-0.00021145
-4.42655e-05
-0.000221306
-6.4788e-05
-0.00023477
-8.83623e-05
-0.000257448
-0.000114116
-0.000292033
-0.000143678
-0.00033461
-0.000179439
-0.000383772
-0.000223842
-0.00044492
-0.000281162
-0.000517593
-0.000351586
-0.000586791
-0.000422497
-0.000645149
-0.000488782
-0.000698998
-0.000553189
-0.000719726
-0.000612267
-0.000684323
-0.000658133
-0.000582217
-0.000692055
-0.000424202
-0.000718943
-0.000243959
-0.000741509
-6.96995e-05
-0.000755051
8.21153e-05
-0.000751542
0.000214386
-0.000726719
0.000338684
-0.000681561
0.000460398
-0.000619165
0.000573417
-0.000547346
0.000674461
-0.000476978
0.000768753
-0.000413281
0.000858938
-0.000354734
0.000942068
-0.000290214
0.00100838
-0.000188831
0.00100797
0.000753476
3.33083e-05
-5.03387e-05
3.08222e-05
5.08805e-05
2.82386e-05
8.81915e-05
4.30767e-05
5.36579e-05
4.88543e-05
-6.75545e-06
4.51874e-05
-7.56631e-05
3.42092e-05
-0.000142717
2.12869e-05
-0.000188403
1.11145e-05
-0.000190216
6.44898e-07
-0.000184478
-1.06444e-05
-0.000185981
-2.31749e-05
-0.000190631
-3.83375e-05
-0.000196287
-5.7783e-05
-0.00020186
-8.24792e-05
-0.000210073
-0.00011245
-0.000227477
-0.000148006
-0.000256476
-0.000191135
-0.000291481
-0.000245037
-0.00032987
-0.000314051
-0.000375907
-0.000401911
-0.000429733
-0.000505397
-0.000483304
-0.000614494
-0.000536053
-0.000727408
-0.000586083
-0.000837044
-0.00061009
-0.000929497
-0.000591871
-0.000992155
-0.000519559
-0.00102094
-0.000395421
-0.00102416
-0.000240733
-0.00101392
-7.99366e-05
-0.00099734
6.55309e-05
-0.00097243
0.000189475
-0.000936646
0.0003029
-0.0008892
0.000412953
-0.000833752
0.000517969
-0.000775852
0.000616561
-0.000716195
0.000709096
-0.000647849
0.000790592
-0.000553411
0.00084763
-0.000402271
0.000857244
-0.00016788
0.000773584
0.000517016
-6.4268e-05
-3.50852e-05
-3.89335e-05
2.5546e-05
7.26488e-06
4.19931e-05
5.08458e-05
1.0077e-05
7.32664e-05
-2.9176e-05
7.32398e-05
-7.56364e-05
5.75618e-05
-0.000127039
3.55173e-05
-0.000166359
1.71473e-05
-0.000171846
1.65506e-06
-0.000168986
-1.27641e-05
-0.000171562
-2.73725e-05
-0.000176023
-4.37935e-05
-0.000179866
-6.38054e-05
-0.000181848
-9.00049e-05
-0.000183874
-0.000125298
-0.000192184
-0.000170534
-0.00021124
-0.000225967
-0.000236048
-0.000294431
-0.000261405
-0.000381461
-0.000288878
-0.000490979
-0.000320214
-0.000619707
-0.000354577
-0.000761221
-0.000394538
-0.000912461
-0.000434843
-0.00106052
-0.000462031
-0.00118629
-0.000466098
-0.00127266
-0.000433195
-0.00131195
-0.000356132
-0.00131077
-0.000241911
-0.0012839
-0.000106801
-0.00125001
3.16346e-05
-0.00121429
0.000153759
-0.00117684
0.000265454
-0.0011331
0.000369204
-0.00108109
0.000465961
-0.00101704
0.000552516
-0.000931126
0.000623178
-0.000808861
0.000668327
-0.000632011
0.000670779
-0.000379191
0.000604424
-5.81977e-05
0.000452591
0.000251314
-3.2489e-05
-2.5962e-06
-2.45198e-05
1.75769e-05
2.20789e-05
-4.60555e-06
6.29663e-05
-3.08103e-05
8.51566e-05
-5.13662e-05
8.6226e-05
-7.67057e-05
6.82186e-05
-0.000109032
4.18676e-05
-0.000140008
1.89798e-05
-0.000148958
1.16785e-06
-0.000151174
-1.39285e-05
-0.000156466
-2.79707e-05
-0.000161981
-4.21551e-05
-0.000165682
-5.82143e-05
-0.000165789
-8.14988e-05
-0.000160589
-0.000118872
-0.000154811
-0.000170346
-0.000159765
-0.000231931
-0.000174463
-0.000304574
-0.000188762
-0.000394036
-0.000199416
-0.000505117
-0.000209133
-0.000635901
-0.000223792
-0.000781813
-0.000248626
-0.000938873
-0.000277784
-0.00109575
-0.000305149
-0.00123504
-0.000326811
-0.00133934
-0.000328899
-0.00139976
-0.00029571
-0.00141856
-0.000223116
-0.00140754
-0.000117816
-0.00138367
7.76416e-06
-0.00134988
0.000119967
-0.00130664
0.00022222
-0.00124883
0.000311388
-0.00117229
0.000389425
-0.00107003
0.000450255
-0.000933254
0.000486401
-0.000755614
0.000490687
-0.000537423
0.000452588
-0.000299297
0.000366299
-9.46307e-05
0.000247924
0.000111672
-4.26632e-05
4.0067e-05
-6.28663e-06
-1.87997e-05
5.37828e-05
-6.46749e-05
8.44949e-05
-6.15223e-05
9.42684e-05
-6.11396e-05
8.80198e-05
-7.04571e-05
6.69343e-05
-8.79465e-05
4.0029e-05
-0.000113103
1.5956e-05
-0.000124885
-2.36473e-06
-0.000132854
-1.70948e-05
-0.000141736
-2.93272e-05
-0.000149749
-3.92742e-05
-0.000155735
-4.94837e-05
-0.00015558
-6.98327e-05
-0.00014024
-0.000111106
-0.000113538
-0.00017061
-0.000100261
-0.000238332
-0.000106741
-0.000312806
-0.000114288
-0.000399607
-0.000112615
-0.000503961
-0.000104779
-0.000626031
-0.000101722
-0.000761838
-0.000112819
-0.000905686
-0.000133936
-0.00105048
-0.000160358
-0.00118372
-0.000193569
-0.00128887
-0.000223751
-0.00136211
-0.000222468
-0.0014077
-0.000177525
-0.0014275
-9.80191e-05
-0.00141483
-4.903e-06
-0.00138274
8.78777e-05
-0.00132807
0.000167552
-0.00124967
0.000232983
-0.00114278
0.00028254
-0.0010049
0.00031237
-0.000838811
0.000320315
-0.000654919
0.000306794
-0.00047427
0.000271939
-0.0003259
0.000217929
-0.00022869
0.000150715
6.07602e-05
1.63748e-06
-8.7994e-06
6.58758e-05
-8.3038e-05
9.96354e-05
-9.84346e-05
0.000115444
-7.73314e-05
0.000109171
-5.48666e-05
8.55344e-05
-4.68202e-05
5.90996e-05
-6.15118e-05
3.16908e-05
-8.5694e-05
6.87802e-06
-0.000100073
-1.26202e-05
-0.000113355
-2.77332e-05
-0.000126623
-3.74927e-05
-0.000139989
-4.09813e-05
-0.000152246
-4.53045e-05
-0.000151257
-6.82493e-05
-0.000117296
-0.000121693
-6.00944e-05
-0.000198285
-2.36685e-05
-0.000280284
-2.47427e-05
-0.000363034
-3.15379e-05
-0.000451983
-2.36664e-05
-0.000552891
-3.87149e-06
-0.000667308
1.26952e-05
-0.000792989
1.28621e-05
-0.000918624
-8.30089e-06
-0.00103827
-4.07147e-05
-0.00114917
-8.26701e-05
-0.0012482
-0.000124721
-0.00133644
-0.000134226
-0.00140778
-0.000106181
-0.00145018
-5.56229e-05
-0.0014549
-1.82468e-07
-0.00142699
5.99645e-05
-0.00136705
0.000107618
-0.00127622
0.000142156
-0.00115689
0.000163211
-0.00101591
0.000171382
-0.000864173
0.000168581
-0.000714034
0.000156655
-0.000577964
0.000135869
-0.000466452
0.000106417
-0.000385512
6.97745e-05
2.49331e-05
0.000121328
-7.4744e-05
0.000122574
-8.42844e-05
0.000104915
-8.07753e-05
8.07303e-05
-5.31472e-05
5.64707e-05
-3.06071e-05
3.5973e-05
-2.63225e-05
2.2992e-05
-4.85309e-05
5.85284e-06
-6.85549e-05
-1.25943e-05
-8.16257e-05
-2.94938e-05
-9.6456e-05
-4.28352e-05
-0.000113281
-4.85796e-05
-0.000134245
-4.66138e-05
-0.000154212
-5.08399e-05
-0.000147031
-7.80689e-05
-9.00667e-05
-0.000130011
-8.15255e-06
-0.000203296
4.96168e-05
-0.000279567
5.15289e-05
-0.00034944
3.83349e-05
-0.000416187
4.30807e-05
-0.000482934
6.28751e-05
-0.000555559
8.53202e-05
-0.000639302
9.66055e-05
-0.000730855
8.32519e-05
-0.000818461
4.68915e-05
-0.000900793
-3.38405e-07
-0.00098669
-3.88246e-05
-0.00107323
-4.76904e-05
-0.00114816
-3.12505e-05
-0.00120248
-1.30239e-06
-0.00123388
3.12223e-05
-0.00123463
6.07167e-05
-0.00120697
7.995e-05
-0.00115217
8.73558e-05
-0.00107286
8.39023e-05
-0.000973742
7.22666e-05
-0.000860638
5.54769e-05
-0.000740711
3.67289e-05
-0.000623174
1.83315e-05
-0.0005191
2.34388e-06
-0.000441893
-7.43245e-06
-5.31416e-06
2.74987e-05
-9.47441e-05
2.52064e-05
-8.19922e-05
8.82774e-06
-6.43967e-05
-5.68164e-06
-3.86378e-05
-9.52217e-06
-2.67665e-05
-4.91852e-06
-3.09262e-05
-6.63844e-06
-4.6811e-05
-1.8944e-05
-5.62493e-05
-3.47757e-05
-6.57941e-05
-5.27327e-05
-7.84991e-05
-6.97555e-05
-9.62585e-05
-8.21561e-05
-0.000121844
-9.41622e-05
-0.000142206
-0.000117276
-0.000123917
-0.000147482
-5.98609e-05
-0.000182443
2.68088e-05
-0.000232633
9.98071e-05
-0.000288014
0.000106909
-0.000341342
9.16624e-05
-0.000391643
9.33824e-05
-0.000438927
0.000110159
-0.000485142
0.000131535
-0.000535216
0.00014668
-0.00059439
0.000142426
-0.000663525
0.000116027
-0.000745365
8.15014e-05
-0.000842086
5.78961e-05
-0.000943661
5.38849e-05
-0.00103846
6.35472e-05
-0.00111742
7.7662e-05
-0.00117418
8.7978e-05
-0.00120219
8.87266e-05
-0.00119913
7.68888e-05
-0.00116445
5.26736e-05
-0.00109923
1.86886e-05
-0.00100727
-1.96916e-05
-0.000894256
-5.75402e-05
-0.000769722
-8.78051e-05
-0.000645449
-0.000105942
-0.000534517
-0.000108589
-0.00044762
-9.43293e-05
-4.54973e-05
-1.67444e-05
-7.47387e-05
-2.88937e-05
-6.9843e-05
-3.97717e-05
-5.35187e-05
-3.77244e-05
-4.06851e-05
-2.85146e-05
-3.59763e-05
-2.18367e-05
-3.76041e-05
-2.67979e-05
-4.18499e-05
-3.89538e-05
-4.40935e-05
-5.64917e-05
-4.82562e-05
-7.95365e-05
-5.54543e-05
-0.00010768
-6.8115e-05
-0.000142502
-8.70221e-05
-0.000188632
-9.6076e-05
-0.000237668
-7.48801e-05
-0.000267646
-2.98838e-05
-0.000275281
3.44442e-05
-0.00028167
0.000106197
-0.000303009
0.000128248
-0.000336551
0.000125204
-0.000373496
0.000130328
-0.000410291
0.000146954
-0.000446259
0.000167503
-0.00048425
0.000184671
-0.000532089
0.000190264
-0.000598255
0.000182193
-0.000686544
0.00016979
-0.000793596
0.000164948
-0.000909663
0.000169951
-0.00102309
0.000176971
-0.00112131
0.000175882
-0.00119341
0.00016008
-0.00123233
0.000127648
-0.00123504
7.96032e-05
-0.00120103
1.86551e-05
-0.00113159
-5.07479e-05
-0.00103151
-0.000119775
-0.000909864
-0.000179182
-0.000773992
-0.000223677
-0.000632563
-0.00024737
-0.000499874
-0.000241278
-0.000387388
-0.000206815
-0.000126873
-4.05916e-05
-6.25699e-05
-4.9671e-05
-6.07637e-05
-4.96284e-05
-5.35613e-05
-4.17365e-05
-4.85769e-05
-3.44593e-05
-4.32534e-05
-3.36445e-05
-3.84188e-05
-4.12199e-05
-3.42746e-05
-5.44464e-05
-3.08669e-05
-7.41642e-05
-2.85384e-05
-0.000102306
-2.73121e-05
-0.000142329
-2.80922e-05
-0.000196518
-3.28332e-05
-0.000255247
-3.73465e-05
-0.000297366
-3.2761e-05
-0.000310966
-1.62846e-05
-0.00030301
2.6489e-05
-0.00029523
9.84165e-05
-0.000304274
0.000137292
-0.000327368
0.000148298
-0.000355787
0.000158746
-0.000386794
0.000177962
-0.000420787
0.000201495
-0.000460266
0.00022415
-0.000511988
0.000241986
-0.000584401
0.000254607
-0.000681443
0.000266833
-0.000798642
0.000282147
-0.000923891
0.0002952
-0.00104051
0.000293594
-0.0011311
0.000266465
-0.00118387
0.000212849
-0.00119621
0.000139988
-0.00116937
5.27673e-05
-0.0011068
-4.39129e-05
-0.00101619
-0.000141356
-0.000906206
-0.000229763
-0.000784675
-0.000300714
-0.000653386
-0.000354966
-0.000509818
-0.000390938
-0.000353892
-0.000397204
-0.000193653
-0.000367055
-0.000308492
-5.14504e-05
-5.39753e-05
-5.54952e-05
-5.67189e-05
-5.13426e-05
-5.77139e-05
-4.28561e-05
-5.70633e-05
-3.77859e-05
-4.83236e-05
-4.02459e-05
-3.59589e-05
-4.9151e-05
-2.53696e-05
-6.30789e-05
-1.6939e-05
-8.29349e-05
-8.6823e-06
-0.000111286
1.03903e-06
-0.000151437
1.20587e-05
-0.000202895
1.8625e-05
-0.000253379
1.31375e-05
-0.000288844
2.70415e-06
-0.000303385
-1.74412e-06
-0.000300511
2.36153e-05
-0.000291403
8.93091e-05
-0.000295138
0.000141027
-0.000312105
0.000165265
-0.000335806
0.000182448
-0.000364381
0.000206536
-0.000399667
0.000236781
-0.000444392
0.000268876
-0.000503252
0.000300846
-0.000581292
0.000332648
-0.000678889
0.000364429
-0.000787886
0.000391144
-0.000892141
0.000399455
-0.000973017
0.00037447
-0.00101872
0.000312165
-0.00102516
0.000219292
-0.000999602
0.000114431
-0.000950663
3.82809e-06
-0.000884225
-0.000110351
-0.000796834
-0.000228747
-0.000690867
-0.00033573
-0.000571702
-0.000419879
-0.000443228
-0.00048344
-0.000306908
-0.000527258
-0.000155954
-0.000548157
4.34697e-05
-0.000566479
-0.00051367
-5.5393e-05
-4.93375e-05
-5.73615e-05
-5.47503e-05
-5.12969e-05
-6.37784e-05
-3.87081e-05
-6.96521e-05
-3.25863e-05
-5.44453e-05
-3.80206e-05
-3.05246e-05
-4.8907e-05
-1.44832e-05
-6.45079e-05
-1.3381e-06
-8.41097e-05
1.09195e-05
-0.000109379
2.63084e-05
-0.000144257
4.69365e-05
-0.000191139
6.55074e-05
-0.000241192
6.31907e-05
-0.000279634
4.1146e-05
-0.000299982
1.86042e-05
-0.000301314
2.49465e-05
-0.000289011
7.70063e-05
-0.000285149
0.000137165
-0.000294649
0.000174764
-0.00031356
0.000201358
-0.000339919
0.000232895
-0.000375485
0.000272347
-0.00042213
0.00031552
-0.000480981
0.000359697
-0.000551873
0.00040354
-0.000631216
0.000443771
-0.000710316
0.000470244
-0.00077613
0.000465269
-0.000816048
0.000414388
-0.00082625
0.000322366
-0.000819179
0.000212221
-0.000800588
9.58398e-05
-0.000761486
-3.52737e-05
-0.000690779
-0.000181057
-0.000595617
-0.000323909
-0.000483933
-0.000447414
-0.000363082
-0.00054073
-0.000234316
-0.000612206
-0.000100466
-0.000661108
2.83226e-05
-0.000676946
0.000159228
-0.000697384
-0.000639003
-3.86835e-05
-4.8796e-05
-3.82939e-05
-5.51399e-05
-3.06051e-05
-7.14673e-05
-1.22756e-05
-8.79815e-05
-6.42935e-06
-6.02916e-05
-2.16329e-05
-1.53211e-05
-4.24359e-05
6.31983e-06
-5.90807e-05
1.53068e-05
-7.60207e-05
2.78597e-05
-9.61216e-05
4.64091e-05
-0.000121408
7.2223e-05
-0.000157186
0.000101286
-0.000205862
0.000111866
-0.000253415
8.86996e-05
-0.000287406
5.25951e-05
-0.000298378
3.59183e-05
-0.000285343
6.39712e-05
-0.000272428
0.000124251
-0.000273497
0.000175833
-0.000286142
0.000214004
-0.000307332
0.000254085
-0.000337605
0.000302621
-0.000377461
0.000355375
-0.000424714
0.000406951
-0.000475321
0.000454147
-0.000525405
0.000493855
-0.00057096
0.0005158
-0.00060546
0.000499769
-0.000623259
0.000432187
-0.000627899
0.000327006
-0.000623285
0.000207608
-0.000599356
7.1911e-05
-0.00054412
-9.05102e-05
-0.000458915
-0.000266262
-0.000354272
-0.000428552
-0.00024379
-0.000557896
-0.000132303
-0.000652217
-1.85785e-05
-0.000725931
9.61869e-05
-0.000775874
0.000204406
-0.000785165
0.000282835
-0.000775814
-0.000681986
1.15709e-05
-4.08119e-05
9.03759e-06
-5.26067e-05
4.98291e-06
-6.74128e-05
1.43213e-05
-9.732e-05
2.60096e-05
-7.19799e-05
1.36673e-05
-2.97869e-06
-1.7429e-05
3.74162e-05
-4.48734e-05
4.27513e-05
-6.48367e-05
4.7823e-05
-8.03636e-05
6.1936e-05
-9.35558e-05
8.54152e-05
-0.00010996
0.00011769
-0.000142784
0.000144691
-0.000193418
0.000139334
-0.000243369
0.000102546
-0.000275686
6.82349e-05
-0.000275262
6.3547e-05
-0.000254223
0.000103212
-0.000242958
0.000164568
-0.000246477
0.000217523
-0.000258466
0.000266073
-0.000276361
0.000320516
-0.00029988
0.000378894
-0.000326175
0.000433246
-0.000350856
0.000478827
-0.000372395
0.000515394
-0.000389541
0.000532945
-0.000395491
0.00050572
-0.000390672
0.000427367
-0.000378621
0.000314955
-0.000353883
0.000182869
-0.000304483
2.25112e-05
-0.000232647
-0.000162346
-0.000144245
-0.000354664
-5.12012e-05
-0.000521596
3.84269e-05
-0.000647524
0.000125931
-0.000739721
0.000212062
-0.000812062
0.000289403
-0.000853214
0.00034734
-0.000843103
0.000368514
-0.000796987
-0.000663892
0.000108247
-5.71125e-05
9.41258e-05
-3.84851e-05
4.57937e-05
-1.90808e-05
3.0855e-06
-5.46118e-05
-1.37506e-05
-5.51438e-05
-1.02687e-05
-6.4605e-06
-7.84506e-06
3.49928e-05
-2.32033e-05
5.81096e-05
-4.24427e-05
6.70624e-05
-5.78456e-05
7.7339e-05
-6.54921e-05
9.30618e-05
-6.58748e-05
0.000118073
-7.04049e-05
0.000149221
-9.98471e-05
0.000168776
-0.000153385
0.000156084
-0.000206952
0.000121802
-0.000238386
9.49811e-05
-0.000231939
9.67646e-05
-0.000205894
0.000138523
-0.000190715
0.000202344
-0.000188441
0.0002638
-0.000189929
0.000322004
-0.000191563
0.000380528
-0.000193036
0.000434719
-0.000191422
0.000477213
-0.000184655
0.000508628
-0.000173743
0.000522033
-0.000147064
0.000479041
-0.000107657
0.00038796
-6.36876e-05
0.000270986
-1.34338e-05
0.000132615
5.37727e-05
-4.46953e-05
0.000124627
-0.0002332
0.000190546
-0.000420584
0.000250185
-0.000581235
0.000308922
-0.000706261
0.00037121
-0.000802008
0.000426536
-0.000867389
0.000457767
-0.000884444
0.000451858
-0.000837194
0.000403298
-0.000748428
-0.000591352
0.00012635
-0.000110491
0.00015204
-6.41751e-05
0.000110811
2.21481e-05
1.92377e-05
3.69617e-05
-3.69738e-05
1.06783e-06
-4.18896e-05
-1.54473e-06
-2.94808e-05
2.25839e-05
-2.00212e-05
4.86501e-05
-2.56746e-05
7.27158e-05
-3.44562e-05
8.61207e-05
-3.7388e-05
9.59936e-05
-2.88729e-05
0.000109558
-1.13287e-05
0.000131677
-1.56897e-06
0.000159016
-2.43289e-05
0.000178844
-7.66716e-05
0.000174145
-0.000134684
0.000152994
-0.00017004
0.000132121
-0.000167014
0.000135497
-0.000135009
0.000170339
-0.000102139
0.00023093
-8.01642e-05
0.000300029
-6.00264e-05
0.00036039
-3.76748e-05
0.000412368
-1.1836e-05
0.000451374
1.63635e-05
0.000480428
6.05972e-05
0.000477799
0.000113877
0.000425761
0.000174087
0.00032775
0.000244149
0.000200924
0.000321518
5.52462e-05
0.000389833
-0.000113011
0.000447295
-0.000290662
0.000489877
-0.000463166
0.000523245
-0.000614603
0.000556005
-0.000739021
0.000586204
-0.000832207
0.000595672
-0.000876857
0.000561566
-0.000850338
0.000481608
-0.000757236
0.000370739
-0.00063756
-0.000481779
-1.37177e-05
-6.23834e-06
1.39588e-05
-9.18515e-05
8.33998e-05
-4.72928e-05
5.80575e-05
6.23039e-05
-1.74634e-05
7.65888e-05
-6.55965e-05
4.65883e-05
-8.00257e-05
3.70129e-05
-7.79981e-05
4.66224e-05
-6.69882e-05
6.1706e-05
-5.46998e-05
7.38325e-05
-4.2597e-05
8.38909e-05
-2.28219e-05
8.97825e-05
7.99301e-06
0.000100862
4.39053e-05
0.000123104
6.96676e-05
0.000153082
6.68941e-05
0.000176918
3.06075e-05
0.00018928
-2.31242e-05
0.000185852
-6.44321e-05
0.000176805
-6.84424e-05
0.000174349
-3.39982e-05
0.000196486
2.02713e-05
0.000245759
7.49231e-05
0.000305739
0.000126698
0.000360593
0.000177478
0.000400594
0.00023433
0.000423577
0.00029594
0.000416189
0.000363711
0.000357989
0.000434679
0.000256783
0.000507844
0.000127758
0.000574377
-1.12869e-05
0.00063883
-0.000177463
0.000686342
-0.000338174
0.000715227
-0.000492052
0.000733445
-0.00063282
0.000744162
-0.000749737
0.00073155
-0.000819596
0.000673285
-0.000818592
0.000559271
-0.000736324
0.000413341
-0.000611306
0.000261282
-0.000485501
-0.000346535
6.46376e-05
8.01898e-06
-1.44954e-05
-1.27185e-05
4.33343e-05
-0.000105122
0.00011051
-4.87165e-06
7.94655e-05
0.000107633
-1.21079e-06
0.000127265
-5.804e-05
9.3842e-05
-8.26633e-05
7.12456e-05
-8.52815e-05
6.43242e-05
-7.3019e-05
6.157e-05
-4.89228e-05
5.9795e-05
-1.43794e-05
5.52392e-05
2.21538e-05
6.4329e-05
5.74538e-05
8.78039e-05
9.37824e-05
0.000116753
0.00012751
0.000143191
0.000147075
0.000169715
0.000139204
0.000193723
0.000108491
0.000207518
7.60243e-05
0.000206816
6.84468e-05
0.000204063
9.93569e-05
0.000214849
0.000162551
0.000242545
0.000243916
0.000279228
0.00033228
0.00031223
0.000422601
0.000333256
0.000510388
0.000328402
0.000592313
0.000276063
0.000669568
0.000179528
0.000742184
5.51425e-05
0.000807326
-7.64296e-05
0.000842881
-0.000213018
0.000860555
-0.000355848
0.000871788
-0.000503285
0.000873472
-0.000634503
0.000843239
-0.000719505
0.000756766
-0.000733122
0.00061177
-0.000673597
0.000430492
-0.000555046
0.000258763
-0.000439577
9.9844e-05
-0.000326582
-0.000192757
6.1037e-05
5.77126e-06
3.42963e-05
1.40223e-05
6.39321e-05
-0.000134758
0.000158772
-9.9712e-05
0.000182916
8.34892e-05
0.000129978
0.000180202
6.37792e-05
0.000160041
2.2011e-05
0.000113014
1.46449e-05
7.169e-05
3.65534e-05
3.96615e-05
7.72232e-05
1.91253e-05
0.000132311
1.51373e-07
0.000179071
1.75688e-05
0.000203276
6.35993e-05
0.000211906
0.000108124
0.000219959
0.000135138
0.000230836
0.000158838
0.000240209
0.00018435
0.000242329
0.000205398
0.000236774
0.000212372
0.000230629
0.000210208
0.000236632
0.000208847
0.000265903
0.000213273
0.000324837
0.000220295
0.000409843
0.000227224
0.000514368
0.000228731
0.000626457
0.000216314
0.000730919
0.000171602
0.000815637
9.48097e-05
0.000872601
-1.82094e-06
0.000902365
-0.000106194
0.000918743
-0.000229395
0.000944013
-0.000381119
0.000959036
-0.000518308
0.000920697
-0.000596165
0.000805172
-0.00060398
0.00062123
-0.00054918
0.000412905
-0.000465271
0.000222403
-0.000364544
5.73181e-05
-0.000274492
-0.000107687
-0.000161578
-6.18342e-05
3.86089e-05
3.86307e-07
4.83951e-05
4.23605e-06
3.28261e-05
-0.000119189
0.000123536
-0.000190422
0.000166866
4.01591e-05
0.000183931
0.000163137
0.000171698
0.000172275
0.000157098
0.000127614
0.00017207
5.67179e-05
0.000224689
-1.29576e-05
0.000302979
-5.91644e-05
0.000383335
-8.02049e-05
0.000429404
-2.85004e-05
0.000451943
4.10601e-05
0.000465547
9.45195e-05
0.000462529
0.000138157
0.000442478
0.000178889
0.000415779
0.000211048
0.000395978
0.0002252
0.000391928
0.000216422
0.00039763
0.000204505
0.000406755
0.000199722
0.00042051
0.000199518
0.000448925
0.00019188
0.000499906
0.000176243
0.000573666
0.00015497
0.000662783
0.000127197
0.000749919
8.44657e-05
0.000816791
2.79374e-05
0.00086082
-4.58498e-05
0.000900497
-0.000145871
0.000952775
-0.000281674
0.000998713
-0.000427057
0.000963829
-0.000483425
0.000814643
-0.000446979
0.000589279
-0.000378616
0.000355205
-0.000315105
0.000162934
-0.000273001
1.2002e-05
-0.000213611
-0.000133807
-0.000128683
-0.000251179
-4.42054e-05
-6.62722e-06
-6.99252e-08
-1.34423e-05
3.19175e-05
-2.77513e-05
6.95018e-06
-9.4222e-05
-9.40842e-05
-8.93875e-05
-3.57019e-05
-1.82232e-05
6.71756e-05
6.02595e-05
0.000133786
0.000105664
0.000157411
0.000103989
0.000198608
1.55205e-05
0.000259769
-7.41187e-05
0.000292767
-9.21622e-05
0.000316866
-0.000104303
0.000289398
-1.03302e-06
0.000326447
4.01101e-06
0.000390586
3.03808e-05
0.000427292
0.000101451
0.000465673
0.000140507
0.000479017
0.000197704
0.000492779
0.000211438
0.000514101
0.0001951
0.000541576
0.00017703
0.000566975
0.000174324
0.000586014
0.000180478
0.000609774
0.000168121
0.00064857
0.000137446
0.00069925
0.000104291
0.000756714
6.97322e-05
0.000817628
2.35514e-05
0.000867784
-2.22185e-05
0.00090654
-8.46055e-05
0.00094351
-0.000182841
0.0009752
-0.000313363
0.000922247
-0.000374103
0.000756441
-0.00031762
0.000496164
-0.000186701
0.000267135
-0.000149587
9.57115e-05
-0.000143682
-4.31679e-05
-0.000134121
-0.000167615
-8.91645e-05
-0.000264734
-3.15638e-05
-0.000300835
-8.10437e-06
-3.04563e-06
-4.68124e-05
-2.50436e-05
-4.04148e-05
-3.4149e-05
-8.63074e-05
-4.83294e-05
-0.000131504
-4.41911e-05
-0.000108328
-4.13984e-05
-4.51097e-05
-2.9593e-06
1.11885e-06
5.94354e-05
1.94176e-05
8.56907e-05
5.22996e-05
-1.73614e-05
5.32287e-05
-7.50476e-05
-4.82809e-05
9.34746e-06
-0.000150452
-2.13222e-06
-0.000136726
-1.47594e-05
-0.000119391
-1.33233e-05
-8.54668e-05
-3.54397e-06
-5.21696e-06
2.12017e-05
6.34041e-05
7.18862e-05
0.000194573
6.6535e-05
0.000317535
8.84759e-05
0.000441106
7.15288e-05
0.000544072
7.40645e-05
0.000610065
0.000108331
0.000651107
0.000139436
0.000693216
0.000126012
0.000745987
8.46746e-05
0.000805474
4.48042e-05
0.000875438
-2.31805e-07
0.000932903
-3.39136e-05
0.000934159
-2.34745e-05
0.000900117
-5.05639e-05
0.000840578
-0.000123302
0.000728998
-0.000201783
0.000536466
-0.000181571
0.000287515
-6.86686e-05
0.00013878
-3.79663e-05
3.95588e-05
-5.03663e-05
-9.23181e-05
-1.18049e-05
-0.00020616
-2.02791e-05
-0.000273132
-2.2192e-05
-0.000293427
-1.12687e-05
-0.000294782
-6.74894e-06
-4.6787e-06
-0.000119401
-1.54672e-05
-0.00013715
-1.64e-05
-0.000165003
-2.04757e-05
-0.000189428
-1.97663e-05
-0.000215213
-1.56133e-05
-0.000206615
-1.15571e-05
-0.000145732
-1.44839e-06
-6.53027e-05
5.26191e-06
-8.64339e-05
3.76981e-06
-0.000164859
3.37696e-06
-0.000159105
3.59332e-06
-0.000163171
1.93452e-06
-0.000177086
-8.44914e-07
-0.000186213
-4.19612e-06
-0.000185382
-4.37517e-06
-0.00016858
4.39997e-06
-0.000110387
1.36934e-05
-6.45953e-05
2.07431e-05
3.58674e-06
2.0294e-05
6.2474e-05
1.26415e-05
0.000128425
8.11355e-06
0.000227407
9.34934e-06
0.000355481
1.13616e-05
0.000475854
5.639e-06
0.000559717
8.1127e-07
0.000603628
8.93233e-07
0.000603086
3.11102e-07
0.000570985
-1.81289e-06
0.000547447
6.29642e-08
0.000494448
2.43534e-06
0.000367892
3.254e-06
0.000166911
-8.01938e-07
-1.7167e-07
-1.4489e-05
-4.15949e-05
-2.72454e-05
-7.3397e-05
-6.16418e-06
-0.000144611
2.08476e-05
-0.000199825
4.3409e-05
-0.00024282
2.27166e-05
-0.000273133
8.12057e-06
-0.000287319
2.91699e-06
-0.000299824
5.75618e-06
2.21494e-06
-0.000137987
-0.000154387
-0.000174863
-0.000194629
-0.000210242
-0.0002218
-0.000223248
-0.000217986
-0.000214216
-0.000210839
-0.000207246
-0.000205311
-0.000206156
-0.000210352
-0.000214728
-0.000210328
-0.000196634
-0.000175891
-0.000155597
-0.000142956
-0.000134842
-0.000125493
-0.000114131
-0.000108492
-0.000107681
-0.000106788
-0.000106477
-0.00010829
-0.000108227
-0.000105791
-0.000102537
-0.000103339
-0.000117828
-0.000145074
-0.000151238
-0.00013039
-8.69813e-05
-6.42644e-05
-5.61438e-05
-5.32268e-05
-4.74706e-05
)
;

boundaryField
{
    leftWall
    {
        type            calculated;
        value           uniform 0;
    }
    rightWall
    {
        type            calculated;
        value           uniform 0;
    }
    lowerWall
    {
        type            calculated;
        value           uniform 0;
    }
    atmosphere
    {
        type            calculated;
        value           nonuniform List<scalar> 
44
(
-0.000133706
-0.000189981
-0.000212134
-0.000233987
-0.000262155
-0.000300092
-0.000338536
-0.000190429
-8.15786e-05
-1.62953e-05
2.67132e-05
0.000175801
0.000344619
0.000467019
0.000515937
0.000490454
0.000407052
0.000288713
0.000159842
5.61516e-05
-8.85724e-06
6.85799e-05
0.000207505
4.50112e-05
-0.000177779
-0.000349685
-0.000411645
-0.000407437
-0.000306012
-1.20341e-05
0.000248648
0.000284561
0.000325818
0.00035042
0.000330758
0.000261166
0.000126038
-5.39338e-05
-0.00023861
-0.000306386
-0.000304417
-0.000293149
-0.000306717
-4.52557e-05
)
;
    }
    frontAndBack
    {
        type            empty;
    }
}


// ************************************************************************* //
