/*--------------------------------*- C++ -*----------------------------------*\
  =========                 |
  \\      /  F ield         | OpenFOAM: The Open Source CFD Toolbox
   \\    /   O peration     | Website:  https://openfoam.org
    \\  /    A nd           | Version:  13
     \\/     M anipulation  |
\*---------------------------------------------------------------------------*/
FoamFile
{
    format      ascii;
    class       volScalarField;
    location    "0.25";
    object      p;
}
// * * * * * * * * * * * * * * * * * * * * * * * * * * * * * * * * * * * * * //

dimensions      [1 -1 -2 0 0 0 0];

internalField   nonuniform List<scalar> 
2016
(
3863.34
3904
2971.63
1507.96
3503.12
2746.88
1044.05
204.368
2590.45
767.401
171.468
30.1228
1532.86
98.4414
9.27018
2.93183
674.924
6.63338
-2.01946
-3.92124
228.114
-7.56699
-5.3117
-7.62336
129.68
-4.26215
-8.40756
-9.12901
175.486
21.3392
-8.95148
-9.51873
280.292
41.0113
-8.46659
-9.37754
403.401
57.8428
-6.33188
-8.90628
617.233
198.11
6.06064
-7.39176
971.198
540.627
70.8083
-0.878249
1417.7
992.96
390.723
41.2676
1859.28
1466.52
928.83
324.129
2211.07
1859.08
1416.99
870.43
2467.64
2141.12
1760.4
1308.97
2674.5
2347.19
1995.54
1596.55
2854.59
2512.11
2161.16
1792.31
2957.77
2611.03
2253.21
1907.39
2883.42
2527.12
2225.55
1946.16
2510.46
2188.07
2114.71
1971.7
2263.87
1974.6
2134.31
2074.27
2465.18
2174.09
2198.01
2174.62
2199.53
2019.03
2027.57
1980.55
2086.82
1769.74
1896.59
1857.35
2493.38
2175.48
1990.04
1795.24
2902.3
2508.8
2132.12
1781.57
2879.21
2496.18
2087.36
1680.44
2678.7
2307.72
1903.72
1473.96
2417.99
2047.64
1622.34
1132.52
2082.43
1682.57
1185.77
573.833
1617.54
1181.55
589.261
84.8235
1093.35
657.992
116.144
3.50776
664.632
268.682
14.9732
-7.06775
407.342
62.8
-4.25742
-8.12231
282.833
39.2586
-6.92681
-7.99451
212.345
15.2497
-6.50381
-7.21887
328.405
-3.60211
-4.36424
-5.46256
770.176
2.72434
-3.90512
-3.51996
1788.04
189.683
7.8591
3.25999
3041.89
1497.49
221.963
45.104
4074.73
3809.73
2132.73
377.502
451.819
53.2407
-12.0303
-21.3596
-27.7899
-23.7413
-1.98511
40.0817
47.3727
45.8975
32.3565
21.1317
15.0133
12.0287
10.2698
8.89956
7.78056
6.86456
6.10253
5.45847
4.9071
4.43003
4.01332
3.64587
3.31867
3.02437
2.75699
2.51168
2.28452
2.07234
1.87254
1.68298
1.50192
1.32792
1.15975
0.996387
0.83696
0.680704
0.526943
0.375061
0.224496
0.0746507
31.0882
-1.1883
-18.4428
-29.366
-35.7172
-41.5638
-55.212
-64.599
-30.5738
9.97408
20
16.6232
13.0441
11.1081
9.75007
8.55556
7.54519
6.70089
5.98219
5.36557
4.83363
4.37133
3.96625
3.60809
3.2883
2.9999
2.73719
2.49559
2.27137
2.06153
1.86361
1.67558
1.49579
1.32284
1.15558
0.993008
0.834275
0.67864
0.525443
0.374072
0.223986
0.0744864
2.95501
-8.35371
-17.7311
-25.8423
-31.5217
-35.1437
-43.328
-61.1659
-72.2277
-44.5757
-4.27023
8.59439
9.85549
9.38361
8.70367
7.85857
7.03282
6.30485
5.67008
5.11752
4.63586
4.21355
3.84034
3.50752
3.20783
2.93532
2.68516
2.45346
2.23709
2.03349
1.84056
1.65657
1.48008
1.30988
1.14493
0.984331
0.827312
0.673185
0.521339
0.371202
0.222271
0.0739269
-2.98981
-10.2449
-18.8396
-27.0832
-32.8527
-36.5589
-47.5854
-66.9504
-69.2714
-53.6492
-18.5069
0.742886
6.02719
7.1775
7.20515
6.77298
6.21685
5.67399
5.17616
4.72847
4.32816
3.96943
3.64607
3.35239
3.0835
2.83526
2.6043
2.38783
2.1836
1.98973
1.80467
1.62708
1.45586
1.29003
1.12874
0.971258
0.816915
0.665124
0.515347
0.367079
0.21987
0.0731699
-6.95323
-13.8456
-22.6704
-31.5896
-38.3854
-40.6151
-44.8215
-53.6471
-55.6981
-44.4763
-21.3456
-4.45661
2.16398
4.50595
5.2529
5.32442
5.12931
4.84294
4.53279
4.22589
3.93276
3.65647
3.39702
3.1532
2.92342
2.70602
2.49949
2.30251
2.11388
1.93261
1.75778
1.58856
1.42424
1.26414
1.10767
0.954265
0.803422
0.654672
0.507582
0.361734
0.216751
0.0721726
-10.501
-16.3463
-24.1506
-33.4276
-40.5325
-38.3697
-38.4308
-43.6433
-44.4847
-35.3728
-18.877
-6.95975
-0.890251
1.93833
3.22133
3.75521
3.92253
3.90885
3.80427
3.65382
3.48071
3.29721
3.10998
2.92271
2.73746
2.55532
2.37686
2.20234
2.03181
1.86519
1.70232
1.54293
1.38672
1.2334
1.08261
0.934035
0.78734
0.642202
0.498307
0.355342
0.213021
0.0709798
-11.5825
-16.1468
-22.2293
-28.2646
-31.0943
-31.682
-32.9307
-35.1256
-34.0735
-26.5527
-15.9034
-7.73539
-2.82113
-0.05701
1.47071
2.30891
2.75568
2.97545
3.05947
3.05927
3.00513
2.91566
2.80278
2.67442
2.536
2.39122
2.24271
2.0923
1.94129
1.79057
1.64072
1.49208
1.3448
1.19893
1.05445
0.911243
0.769182
0.628095
0.487799
0.348094
0.208788
0.0696249
-11.1532
-14.5241
-18.7674
-22.4458
-24.5769
-26.0511
-27.3017
-27.3926
-25.0478
-19.5542
-12.9057
-7.49946
-3.78962
-1.39533
0.131581
1.10404
1.72371
2.11426
2.35117
2.48125
2.53508
2.53368
2.49203
2.42109
2.32889
2.2214
2.10302
1.97706
1.84599
1.71162
1.57525
1.43779
1.29985
1.16185
1.02404
0.886565
0.749468
0.612746
0.476348
0.340186
0.204167
0.0681438
-10.1693
-12.4471
-15.2528
-17.8945
-19.6713
-20.7503
-21.1763
-20.5702
-18.3722
-14.6766
-10.5038
-6.90599
-4.1707
-2.22373
-0.829784
0.157581
0.861251
1.36235
1.71293
1.94803
2.09352
2.16958
2.19224
2.17412
2.12514
2.05293
1.96338
1.86104
1.74939
1.63109
1.50809
1.38181
1.25328
1.12327
0.992281
0.860693
0.72874
0.596566
0.464253
0.331822
0.199275
0.0665735
-9.34204
-10.7295
-12.4735
-14.1472
-15.4518
-16.2493
-16.3472
-15.6643
-14.0073
-11.5406
-8.80138
-6.30834
-4.2667
-2.71306
-1.49748
-0.561729
0.166065
0.731525
1.16204
1.47771
1.69711
1.83777
1.91538
1.94334
1.93266
1.89218
1.82888
1.7483
1.65476
1.55161
1.44135
1.32583
1.20645
1.08426
0.960028
0.834315
0.70753
0.579961
0.451809
0.323201
0.194228
0.0649475
-8.83591
-9.67967
-10.8022
-11.9124
-12.7653
-13.2468
-13.2126
-12.5691
-11.3259
-9.57723
-7.63709
-5.80465
-4.23534
-2.99167
-1.95543
-1.10036
-0.381725
0.218741
0.704466
1.08006
1.3565
1.54837
1.67051
1.7365
1.75798
1.74452
1.70391
1.64241
1.565
1.47554
1.37695
1.27142
1.16062
1.04586
0.928101
0.808077
0.686343
0.563312
0.439294
0.31451
0.189131
0.0632943
-7.61193
-8.93117
-9.68877
-10.4286
-10.9889
-11.2767
-11.1999
-10.6966
-9.69051
-8.33753
-6.83954
-5.40379
-4.16245
-3.14788
-2.28183
-1.51526
-0.815751
-0.190076
0.338323
0.758959
1.07759
1.30774
1.46374
1.55916
1.6059
1.61404
1.59187
1.54621
1.48247
1.40484
1.31652
1.21991
1.1169
1.00896
0.897229
0.782561
0.665633
0.546964
0.426956
0.305912
0.184075
0.061635
-1.88605
-7.75349
-8.94764
-9.44176
-9.7872
-9.98691
-9.90994
-9.48073
-8.68746
-7.5669
-6.31126
-5.09943
-4.08032
-3.2483
-2.53986
-1.85807
-1.17022
-0.513271
0.056648
0.513797
0.862074
1.11929
1.29903
1.41504
1.47974
1.50361
1.49525
1.46183
1.40899
1.34107
1.26137
1.1724
1.07619
0.974333
0.868038
0.758274
0.645799
0.531219
0.415008
0.297541
0.179125
0.0599862
31.2361
-3.38354
-7.90337
-8.67479
-8.9434
-9.21435
-9.19581
-8.81242
-8.18291
-7.26112
-6.08988
-5.03173
-4.11119
-3.42072
-2.86484
-2.23894
-1.49963
-0.765985
-0.143409
0.343856
0.706582
0.983171
1.17732
1.30527
1.38071
1.41454
1.41552
1.39078
1.34597
1.28546
1.21257
1.12983
1.03931
0.94263
0.84107
0.735647
0.627181
0.516329
0.403626
0.289504
0.17432
0.0583677
324.774
28.5056
-3.50088
-7.32114
-7.92268
-8.24945
-8.46599
-8.1923
-7.57157
-6.39527
-5.00817
-4.07513
-3.83342
-3.57972
-3.27931
-2.74867
-1.90134
-1.00286
-0.277297
0.232743
0.618729
0.899593
1.09719
1.22883
1.30849
1.34691
1.35274
1.33309
1.29351
1.23824
1.17043
1.09254
1.00658
0.914181
0.816627
0.714953
0.610009
0.502485
0.392948
0.281871
0.169653
0.0566383
827.715
339.693
37.7221
-2.71198
-5.87296
-5.44688
-4.20256
-3.71094
-3.40569
-3.50249
-3.73234
-3.75969
-3.75064
-3.68546
-3.66279
-3.23526
-2.28325
-1.20674
-0.377913
0.192688
0.586499
0.862837
1.05483
1.18285
1.26084
1.299
1.30579
1.28817
1.25145
1.19948
1.13515
1.06078
0.978295
0.889284
0.794998
0.696462
0.594529
0.489897
0.383147
0.274771
0.165195
0.0548116
1181.3
757.595
340.103
41.2151
-3.15414
-3.51225
-2.87313
-2.84215
-2.89009
-3.08475
-3.4587
-3.85963
-4.13564
-4.2694
-4.11606
-3.61601
-2.55037
-1.32272
-0.409819
0.207827
0.603738
0.866909
1.04554
1.16346
1.23457
1.26842
1.27311
1.25517
1.21936
1.16901
1.1067
1.03462
0.95459
0.868109
0.776374
0.680373
0.580931
0.478734
0.374363
0.26832
0.161043
0.0529659
1414.54
1035.41
671.057
296.885
21.1233
-3.22124
-2.30211
-2.50049
-2.69261
-2.95661
-3.38975
-3.88393
-4.29576
-4.49679
-4.37281
-3.81159
-2.63422
-1.28661
-0.324624
0.291299
0.669457
0.907484
1.06528
1.16753
1.22738
1.25361
1.25373
1.23347
1.19678
1.14646
1.08484
1.01393
0.935424
0.850687
0.760831
0.666781
0.569318
0.469101
0.366698
0.26261
0.157278
0.0511649
1572.68
1224.35
885.855
548.114
198.577
13.7136
-1.98805
-2.13012
-2.39598
-2.67919
-3.0925
-3.58395
-4.00405
-4.17915
-4.01527
-3.42175
-2.30176
-1.04236
-0.130437
0.43569
0.773941
0.977874
1.10976
1.1923
1.23741
1.25322
1.24657
1.22211
1.18286
1.13115
1.06906
0.998378
0.920594
0.836915
0.748337
0.655704
0.559741
0.461069
0.360232
0.257724
0.153977
0.0494749
1678.51
1372.9
1049.37
720.46
383.639
93.8201
-0.124186
-1.84702
-1.99459
-2.26504
-2.63559
-3.04595
-3.35854
-3.41318
-3.15825
-2.56618
-1.64877
-0.642146
0.126624
0.610424
0.895878
1.06521
1.17047
1.23178
1.26029
1.26408
1.24921
1.21914
1.17608
1.12199
1.0586
0.987455
0.909778
0.826601
0.738795
0.647114
0.55222
0.454688
0.355029
0.25373
0.151211
0.0479646
1778.69
1504.28
1191.57
860.699
522.755
185.276
10.3644
-1.36598
-1.47867
-1.76259
-2.11242
-2.4444
-2.65788
-2.62327
-2.33357
-1.79149
-1.0293
-0.237933
0.373924
0.77077
1.00995
1.15125
1.23354
1.27546
1.28853
1.28097
1.25787
1.22181
1.17453
1.11766
1.0526
0.980584
0.902603
0.819522
0.732086
0.640963
0.546753
0.449983
0.351136
0.250687
0.149044
0.0466995
1901.81
1635.92
1319.01
978.509
635.39
284.755
25.9114
-0.431946
-0.969818
-1.31114
-1.66982
-1.95731
-2.11126
-2.04834
-1.76368
-1.26209
-0.607595
0.0398642
0.545273
0.885076
1.09574
1.21903
1.2855
1.31355
1.31539
1.29904
1.26899
1.22758
1.17645
1.11696
1.05024
0.977217
0.898714
0.815454
0.728081
0.637187
0.543322
0.446968
0.348585
0.248641
0.14753
0.0457381
2038.42
1766.57
1429.77
1070.36
715.587
363.611
68.5236
0.527384
-0.765635
-1.0628
-1.4071
-1.67495
-1.80102
-1.72275
-1.42726
-0.94813
-0.367213
0.191479
0.636371
0.946996
1.14486
1.26043
1.31969
1.34097
1.33676
1.31493
1.28001
1.23462
1.18052
1.11896
1.05085
0.976904
0.897813
0.814207
0.726664
0.635725
0.541901
0.445644
0.347398
0.247626
0.146709
0.0451282
2197.18
1868.36
1498.54
1119.52
754.596
398.026
91.6315
0.194127
-0.798437
-1.02442
-1.35102
-1.60439
-1.71061
-1.60852
-1.29132
-0.812437
-0.263343
0.254177
0.671259
0.969584
1.16368
1.27796
1.33607
1.35597
1.35
1.32606
1.28894
1.24154
1.18579
1.12297
1.05392
0.979281
0.89965
0.815611
0.727725
0.636509
0.542454
0.446
0.347582
0.247662
0.146613
0.0449115
2155.53
1845.9
1479.23
1103.06
739.569
385.931
87.9792
0.487484
-0.831782
-1.11767
-1.45491
-1.70538
-1.79754
-1.6762
-1.33492
-0.833888
-0.275996
0.241075
0.657694
0.958388
1.15802
1.27757
1.33929
1.36113
1.3559
1.3322
1.29513
1.24765
1.19167
1.12849
1.05903
0.983939
0.90383
0.819324
0.730963
0.639277
0.544758
0.447852
0.348995
0.248646
0.147179
0.0450639
1912.24
1682.7
1362.79
1014.93
664.137
310.81
30.6383
-0.484357
-1.07121
-1.41018
-1.77012
-2.03048
-2.1242
-1.9803
-1.57924
-1.00701
-0.393169
0.160142
0.598887
0.912794
1.12523
1.25627
1.32722
1.35582
1.35494
1.33427
1.29957
1.2539
1.19906
1.1364
1.06698
0.991624
0.911055
0.825947
0.736899
0.644472
0.549186
0.451503
0.35187
0.250747
0.148509
0.0456249
1721.22
1484.97
1190.03
867.953
535.459
200.108
12.4436
-1.61987
-1.70852
-1.987
-2.34167
-2.61506
-2.70831
-2.53012
-2.05836
-1.37194
-0.640276
-0.00621818
0.482473
0.823417
1.05549
1.20406
1.29177
1.33547
1.34583
1.33276
1.30351
1.26166
1.20928
1.14795
1.07901
1.00353
0.922422
0.836494
0.74644
0.652892
0.556418
0.457518
0.356658
0.254299
0.150826
0.0467046
1583.66
1310.81
1009.96
698.99
375.116
89.8306
-0.554034
-2.24406
-2.37456
-2.65084
-2.99648
-3.27716
-3.3893
-3.21639
-2.68979
-1.87538
-0.992895
-0.250625
0.303328
0.689629
0.953486
1.12968
1.24127
1.30573
1.33249
1.3307
1.30915
1.27244
1.22326
1.16364
1.09527
1.01958
0.937712
0.850652
0.759233
0.664175
0.56611
0.465585
0.363088
0.259087
0.153972
0.0482056
1461.51
1135.61
818.719
495.514
171.118
9.26251
-2.50794
-2.63293
-2.88637
-3.19058
-3.5441
-3.85221
-4.03793
-3.992
-3.51935
-2.55005
-1.4199
-0.511901
0.13203
0.560526
0.85422
1.05699
1.19314
1.2786
1.32248
1.33347
1.32056
1.28931
1.24325
1.18507
1.11689
1.04052
0.9574
0.86871
0.775432
0.678386
0.578268
0.475669
0.371105
0.265043
0.157879
0.0500597
1294.28
925.355
567.142
213.635
14.7863
-3.1484
-2.89032
-3.04038
-3.28106
-3.61058
-4.00265
-4.34772
-4.59553
-4.62455
-4.21363
-3.0832
-1.742
-0.717881
0.00405879
0.471749
0.790486
1.0136
1.16851
1.27041
1.32784
1.3493
1.34339
1.31618
1.27198
1.21409
1.1451
1.06715
0.981976
0.890944
0.795168
0.695558
0.592862
0.487708
0.380626
0.272078
0.162458
0.0521867
1042.61
614.132
215.822
16.699
-2.1195
-3.05013
-3.14647
-3.31875
-3.49206
-3.78085
-4.16911
-4.47379
-4.66098
-4.66848
-4.36852
-3.16824
-1.76852
-0.756963
-0.0388146
0.43989
0.775912
1.01533
1.18346
1.29527
1.36011
1.38672
1.38353
1.35703
1.31209
1.25243
1.181
1.10016
1.01183
0.917546
0.818501
0.715664
0.609814
0.501593
0.391532
0.280077
0.167606
0.0545004
610.855
169.09
6.864
-5.88277
-6.98069
-5.90314
-4.64502
-4.29339
-4.18949
-4.35289
-4.44747
-4.41777
-4.42394
-4.38303
-3.89225
-2.77306
-1.56631
-0.648614
0.0125821
0.473318
0.816793
1.06662
1.24224
1.35778
1.42377
1.44969
1.4442
1.41427
1.36524
1.30118
1.22523
1.13988
1.04712
0.948539
0.845367
0.738585
0.628976
0.517168
0.403671
0.288903
0.173209
0.0569143
102.568
1.1616
-7.85888
-9.57318
-10.1266
-10.6133
-10.7878
-10.4788
-9.5927
-7.90414
-5.89868
-4.9323
-4.4206
-3.97063
-3.14638
-2.22266
-1.29036
-0.477718
0.14826
0.563469
0.918662
1.17234
1.34658
1.45811
1.51847
1.53788
1.5253
1.48797
1.43157
1.36043
1.27779
1.1862
1.08764
0.983666
0.875494
0.764056
0.650098
0.534206
0.416846
0.298389
0.17914
0.0593476
1.86578
-7.49743
-9.67538
-10.5169
-11.0872
-11.5017
-11.5048
-11.0845
-10.2273
-8.71744
-7.1073
-5.688
-4.56303
-3.6041
-2.69976
-1.82682
-0.987333
-0.251419
0.334676
0.771456
1.10367
1.3421
1.50017
1.59768
1.64419
1.65055
1.62576
1.57708
1.51017
1.42939
1.338
1.23849
1.13279
1.02239
0.908386
0.791629
0.672789
0.55238
0.430794
0.308336
0.185254
0.0617196
-7.26704
-9.05252
-10.1584
-11.0689
-11.8323
-12.3733
-12.5037
-12.0767
-10.9485
-9.42995
-7.67202
-6.01157
-4.61577
-3.4231
-2.38297
-1.44657
-0.612554
0.093016
0.650519
1.06722
1.36898
1.57664
1.70774
1.77855
1.80169
1.78762
1.74493
1.68054
1.59983
1.50689
1.40477
1.29577
1.18168
1.06395
0.94338
0.820725
0.696556
0.571276
0.44519
0.3185
0.191378
0.0639197
-8.65248
-9.5464
-10.8108
-12.0834
-13.2201
-14.1041
-14.5226
-14.2756
-12.9721
-11.0229
-8.74102
-6.55942
-4.70413
-3.19042
-1.94708
-0.921525
-0.0809748
0.588487
1.09737
1.46481
1.71666
1.877
1.96566
1.99885
1.98947
1.94765
1.88137
1.79689
1.69903
1.5914
1.47669
1.35685
1.23339
1.10741
0.979657
0.850669
0.720846
0.590462
0.459694
0.328644
0.197384
0.0659265
-8.74901
-10.1288
-11.8834
-13.6435
-15.3044
-16.7927
-17.772
-17.6645
-16.5082
-13.8938
-10.4977
-7.2923
-4.71763
-2.76486
-1.29199
-0.184978
0.643232
1.25117
1.68117
1.96878
2.14588
2.23922
2.26977
2.25355
2.20267
2.12626
2.03122
1.9228
1.80494
1.68054
1.5517
1.41992
1.28629
1.15158
1.01627
0.880692
0.745062
0.609485
0.474004
0.338602
0.203243
0.0678464
-8.78361
-10.8977
-13.3023
-15.7345
-18.1082
-20.564
-22.8032
-23.8543
-23.2349
-19.3574
-13.5627
-8.2641
-4.49986
-1.96561
-0.272887
0.858239
1.6099
2.09915
2.40263
2.5725
2.64643
2.6521
2.60958
2.53316
2.43303
2.31647
2.18869
2.05351
1.91366
1.77112
1.62723
1.4829
1.33871
1.19504
1.05208
0.909906
0.76851
0.627826
0.487747
0.348131
0.20883
0.0696583
-8.51246
-11.321
-14.6529
-17.9276
-20.9554
-24.4396
-28.9367
-33.2338
-33.8067
-28.4141
-18.4915
-9.34014
-3.68291
-0.512112
1.27147
2.28043
2.83754
3.12315
3.2411
3.25278
3.19626
3.09615
2.96858
2.82407
2.66949
2.50935
2.34662
2.18327
2.02062
1.85949
1.70035
1.54342
1.38875
1.23629
1.08589
0.937357
0.790452
0.644927
0.500523
0.356969
0.214001
0.0713279
-6.99758
-10.669
-15.0869
-19.6686
-23.6003
-27.5667
-33.3383
-40.5029
-44.7541
-40.0468
-24.7639
-9.83147
-1.55215
1.92221
3.45221
4.09002
4.28963
4.27329
4.1475
3.96671
3.75989
3.54277
3.32402
3.10829
2.89788
2.69379
2.49628
2.30526
2.12044
1.94142
1.76774
1.59889
1.43438
1.27373
1.11645
0.962071
0.810139
0.660227
0.511927
0.364842
0.218603
0.072811
-4.14632
-8.48006
-14.1149
-19.6602
-24.4106
-28.3409
-34.4242
-46.1871
-55.9419
-52.9071
-30.2987
-6.96896
2.92188
5.50859
6.15722
6.12817
5.82098
5.43203
5.0319
4.64685
4.28689
3.95409
3.64728
3.364
3.10142
2.85677
2.62756
2.41158
2.20697
2.01212
1.82567
1.64643
1.47339
1.30567
1.14246
0.983059
0.826826
0.673172
0.52156
0.371485
0.222483
0.0740613
-0.93583
-5.8372
-11.5375
-17.0927
-22.5027
-26.6362
-31.808
-42.7296
-58.7545
-59.8386
-20.4948
3.52758
9.91321
9.78292
8.93108
8.04013
7.18615
6.433
5.78018
5.2139
4.72119
4.28968
3.90859
3.56891
3.26317
2.98531
2.73037
2.49436
2.27404
2.06678
1.8704
1.68314
1.50353
1.33037
1.16261
0.99935
0.839793
0.68324
0.529055
0.376652
0.225497
0.075026
-2.0591
-8.55008
-14.1488
-19.2671
-25.5137
-29.4946
-34.4596
-43.0423
-47.3746
-30.7732
9.88451
18.4886
16.3764
13.2289
11.0687
9.43245
8.1437
7.12349
6.29125
5.5985
5.01414
4.51483
4.08291
3.70478
3.36976
3.06947
2.79729
2.54799
2.31737
2.10208
1.89938
1.70704
1.52331
1.34672
1.17606
1.01031
0.848594
0.690134
0.534237
0.380264
0.227635
0.0757226
-32.6232
-10.8597
5.23582
-11.8811
-19.9057
-22.763
-18.3267
4.31904
18.7487
21.5315
29.3157
24.1833
18.2088
14.2501
11.8015
9.97874
8.54508
7.41295
6.50238
5.75559
5.13294
4.60586
4.15341
3.75986
3.41312
3.10385
2.82473
2.57005
2.33525
2.11668
1.91139
1.71699
1.53156
1.35356
1.1817
1.01491
0.852281
0.693004
0.536365
0.381712
0.228446
0.0759765
)
;

boundaryField
{
    leftWall
    {
        type            calculated;
        value           nonuniform List<scalar> 
46
(
3863.34
3904
2971.63
1507.96
451.819
53.2407
-12.0303
-21.3596
-27.7899
-23.7413
-1.98511
40.0817
47.3727
45.8975
32.3565
21.1317
15.0133
12.0287
10.2698
8.89956
7.78056
6.86456
6.10253
5.45847
4.9071
4.43003
4.01332
3.64587
3.31867
3.02437
2.75699
2.51168
2.28452
2.07234
1.87254
1.68298
1.50192
1.32792
1.15975
0.996387
0.83696
0.680704
0.526943
0.375061
0.224496
0.0746507
)
;
    }
    rightWall
    {
        type            calculated;
        value           nonuniform List<scalar> 
46
(
4074.73
3809.73
2132.73
377.502
-32.6232
-10.8597
5.23582
-11.8811
-19.9057
-22.763
-18.3267
4.31904
18.7487
21.5315
29.3157
24.1833
18.2088
14.2501
11.8015
9.97874
8.54508
7.41295
6.50238
5.75559
5.13294
4.60586
4.15341
3.75986
3.41312
3.10385
2.82473
2.57005
2.33525
2.11668
1.91139
1.71699
1.53156
1.35356
1.1817
1.01491
0.852281
0.693004
0.536365
0.381712
0.228446
0.0759765
)
;
    }
    lowerWall
    {
        type            calculated;
        value           nonuniform List<scalar> 
52
(
2199.53
2019.03
2027.57
1980.55
2222.23
2139.65
2548.53
2955.77
2932.62
2732.11
2471.39
2137.7
1676.15
1151.92
723.13
465.795
341.17
269.443
382.276
824.016
1841.65
3084.15
4092.42
2465.18
2174.09
2198.01
2174.62
3868.36
3523.77
2642.27
1584.98
727.235
280.584
184.956
232.28
337.304
460.451
674.344
1028.46
1473.41
1914.55
2266.33
2522.9
2729.75
2909.9
3013.16
2938.38
2562.42
2315.96
2496.81
2258.52
2216.86
)
;
    }
    atmosphere
    {
        type            calculated;
        value           nonuniform List<scalar> 
44
(
0
0
0
0
0
0
0
0
0
0
0
0
0
-1.40676e-06
-0.000196254
-0.00066083
-0.00132388
-0.00212254
-0.00299161
-0.00386323
-0.00467033
-0.005351
-0.00585295
-0.00612916
-0.00618199
-0.0060038
-0.00554172
-0.00486336
-0.00403645
-0.00313752
-0.00224414
-0.00142758
-0.000748218
-0.000258602
-1.58864e-05
0
0
0
0
0
0
0
0
0
)
;
    }
    frontAndBack
    {
        type            empty;
    }
}


// ************************************************************************* //
