/*--------------------------------*- C++ -*----------------------------------*\
  =========                 |
  \\      /  F ield         | OpenFOAM: The Open Source CFD Toolbox
   \\    /   O peration     | Website:  https://openfoam.org
    \\  /    A nd           | Version:  13
     \\/     M anipulation  |
\*---------------------------------------------------------------------------*/
FoamFile
{
    format      ascii;
    class       volScalarField;
    location    "0.25";
    object      rho;
}
// * * * * * * * * * * * * * * * * * * * * * * * * * * * * * * * * * * * * * //

dimensions      [1 -3 0 0 0 0 0];

internalField   nonuniform List<scalar> 
2016
(
85.2367
109.592
121.786
153.435
350.817
453.04
359.878
188.209
880.333
473.281
4.5742
1.2643
885.639
92.2308
1.47352
1.01203
888.769
56.0516
1.00987
1.00819
891.452
38.6128
1.00745
1.00611
939.133
105.545
1.00561
1.00266
964.917
476.333
1.01372
1.00142
968.617
763.915
1.0677
1.00625
969.272
853.248
1.38436
1.03472
970.308
917.08
70.3348
1.23156
972.905
988.305
590.16
2.86268
946.566
999.276
935.275
208.446
938.983
999.537
999.418
833.639
938.897
999.884
999.755
999.617
938.821
999.886
999.889
999.876
938.686
999.876
999.89
999.892
939.815
999.884
999.892
999.892
941.056
999.872
999.892
999.893
933.616
999.63
999.825
999.892
882.714
710.719
928.428
999.893
884.974
132.929
381.782
999.885
537.414
132.135
131.679
889.061
385.765
214.051
215.259
937.778
897.617
456.494
657.5
999.794
936.968
979.98
998.73
999.868
908.426
999.826
999.866
999.869
907.542
999.846
999.869
999.869
907.306
999.773
999.865
999.864
907.311
999.823
999.842
999.577
939.042
999.812
999.8
992.718
995.674
999.597
986.318
474.459
995.127
997.441
723.503
7.03944
993.875
937.955
170.402
1.35522
993.103
859.909
1.48809
1.05348
991.133
718.539
1.07237
1.00649
970.095
363.055
1.01972
1.00976
915.257
67.8996
1.01168
1.00981
914.731
71.5536
1.01128
1.00999
910.834
142.652
1.04504
1.15968
717.886
525.27
174.339
1.44803
300.586
388.173
309.097
188.689
127.549
121.595
97.6675
37.1926
4.18944
22.7694
32.5234
32.3262
24.2339
3.06409
1.15182
1.01361
1.00099
1.00009
1.00001
1
1
1
1
1
1
1
1
1
1
1
1
1
1
1
1
1
1
1
1
1
1
1
1
1
1
1
68.3617
22.3065
1.95826
1.19802
1.11132
1.10786
1.65458
5.68137
16.8346
6.14401
1.36182
1.08973
1.01318
1.0011
1.0001
1.00001
1
1
1
1
1
1
1
1
1
1
1
1
1
1
1
1
1
1
1
1
1
1
1
1
1
1
1.03337
1.04757
1.03979
1.04557
1.05446
1.06174
1.28783
2.1177
6.5019
6.56947
1.85602
1.0826
1.01699
1.00296
1.00044
1.00005
1.00001
1
1
1
1
1
1
1
1
1
1
1
1
1
1
1
1
1
1
1
1
1
1
1
1
1
1.00739
1.02686
1.03801
1.03801
1.04492
1.94587
4.58881
3.55894
1.93231
2.7402
1.94293
1.08847
1.01189
1.00194
1.00027
1.00003
1
1
1
1
1
1
1
1
1
1
1
1
1
1
1
1
1
1
1
1
1
1
1
1
1
1
1.00631
1.04387
1.04345
1.04483
1.9145
4.62181
4.60791
3.17587
1.1113
1.11544
1.3176
1.08341
1.0056
1.0008
1.0001
1.00001
1
1
1
1
1
1
1
1
1
1
1
1
1
1
1
1
1
1
1
1
1
1
1
1
1
1
1.00627
1.09341
1.11649
1.91987
4.62181
4.62171
3.91677
1.42539
1.016
1.02415
1.01773
1.01718
1.00173
1.00017
1.00002
1
1
1
1
1
1
1
1
1
1
1
1
1
1
1
1
1
1
1
1
1
1
1
1
1
1
1
1.00158
1.00021
1.0896
2.23609
3.22631
1.86369
1.0741
1.02508
1.00433
1.00431
1.00331
1.00091
1.00017
1.00003
1
1
1
1
1
1
1
1
1
1
1
1
1
1
1
1
1
1
1
1
1
1
1
1
1
1
1
1
1.00023
1.00018
1.00011
1.00008
1.00011
1.00015
1.00037
1.00032
1.00065
1.00066
1.00053
1.00015
1.00002
1
1
1
1
1
1
1
1
1
1
1
1
1
1
1
1
1
1
1
1
1
1
1
1
1
1
1
1
1
1.00079
1.00015
1.00008
1.00006
1.00024
1.0004
1.00013
1.00007
1.00009
1.00007
1.00007
1.00002
1
1
1
1
1
1
1
1
1
1
1
1
1
1
1
1
1
1
1
1
1
1
1
1
1
1
1
1
1
1
1.00361
1.00039
1.00007
1.00004
1.00003
1.00001
1.00001
1.00001
1.00001
1.00001
1.00001
1
1
1
1
1
1
1
1
1
1
1
1
1
1
1
1
1
1
1
1
1
1
1
1
1
1
1
1
1
1
1
1.03385
1.00242
1.00018
1.00002
1.00001
1.00001
1
1
1
1
1
1
1
1
1
1
1
1
1
1
1
1
1
1
1
1
1
1
1
1
1
1
1
1
1
1
1
1
1
1
1
1
1.18558
1.01916
1.0015
1.00011
1.00001
1.00001
1
1
1
1
1
1
1
1
1
1
1
1
1
1
1
1
1
1
1
1
1
1
1
1
1
1
1
1
1
1
1
1
1
1
1
1
2.46431
1.20228
1.01687
1.00124
1.00009
1.00007
1.00006
1.00005
1.00002
1
1
1
1
1
1
1
1
1
1.00001
1
1
1
1
1
1
1
1
1
1
1
1
1
1
1
1
1
1
1
1
1
1
1
191.866
2.30789
1.21903
1.01557
1.00128
1.00893
1.00307
1.04508
1.28584
1.60933
1.73465
1.73462
1.36605
1
1
1
1
1
1
1
1
1
1
1
1
1
1
1
1
1
1
1
1
1
1
1
1
1
1
1
1
1
878.181
261.155
2.29204
1.20638
1.0163
1.34936
3.23979
4.60854
8.37881
8.81603
8.82013
8.77562
8.27766
3.77607
1.60823
1.10323
1
1
1
1
1
1
1
1
1
1
1
1
1
1
1
1
1
1
1
1
1
1
1
1
1
1
999.727
965.418
339.34
3.72208
1.41082
2.01397
6.71815
6.83985
6.91659
6.25808
2.57317
1.00259
1.00384
1.01918
1.25333
1.23862
1.08173
1.00004
1.00056
1
1
1
1
1
1
1
1
1
1
1
1
1
1
1
1
1
1
1
1
1
1
1
999.882
999.73
996.677
496.319
3.89968
1.20718
1.00087
1.00045
1.00045
1.00046
1.00055
1.00099
1.00461
1.00979
1.01386
1.3325
1.32057
1.01539
1
1
1
1
1
1
1
1
1
1
1
1
1
1
1
1
1
1
1
1
1
1
1
1
999.892
999.857
999.438
994.202
504.746
1.14766
1.00051
1.00045
1.00046
1.00054
1.00511
1.08386
1.22942
1.3185
1.33648
1.33494
1.3325
1.1524
1
1
1
1
1.00001
1.00003
1.00002
1.00009
1.00001
1
1
1
1
1
1
1
1
1
1
1
1
1
1
1
999.893
999.891
999.837
999.368
936.255
273.481
1.00132
1.00046
1.00044
1.00074
1.02847
1.31978
1.34016
1.34029
1.34016
1.33871
1.13468
1.05654
1
1
1.00047
1.0006
1.00002
1.00005
1.00013
1.00014
1.00003
1
1
1
1
1
1
1
1
1
1
1
1
1
1
1
999.893
999.893
999.886
999.739
998.252
680.349
28.645
1.00044
1.00022
1.00054
1.00938
1.23874
1.34029
1.34016
1.08298
1.0051
1.00086
1.00064
1.00016
1.00132
1.00169
1.00143
1
1.00008
1.00015
1.00014
1
1
1
1
1
1
1
1
1
1
1
1
1
1
1
1
999.893
999.893
999.891
999.85
999.161
889.113
194.097
1.00022
1.00008
1.00023
1.00148
1.10513
1.33787
1.30136
1.03005
1.00007
1.00005
1.00044
1.00177
1.00177
1.00173
1.00008
1
1.00006
1.00012
1.00002
1
1
1
1
1
1
1
1
1
1
1
1
1
1
1
1
999.893
999.892
999.891
999.876
999.583
975.383
392.346
1.00008
1.00005
1.00006
1.00013
1.02095
1.08547
1.10451
1.01819
1.00005
1.00002
1.00026
1.00089
1.00083
1.00014
1
1
1.00001
1
1
1
1
1
1
1
1
1
1
1
1
1
1
1
1
1
1
999.873
999.891
999.884
999.873
999.686
995.694
554.928
1.00005
1.00005
1.00005
1.00005
1.00005
1.00005
1.00006
1.00014
1.00013
1.00002
1.00001
1.00001
1
1
1
1
1
1
1
1
1
1
1
1
1
1
1
1
1
1
1
1
1
1
1
979.774
998.903
999.873
999.864
999.719
997.472
617.188
8.5626
1.00005
1.00005
1.00005
1.00006
1.00009
1.00009
1.00006
1.00002
1.00001
1
1
1
1
1
1
1
1
1
1
1
1
1
1
1
1
1
1
1
1
1
1
1
1
1
979.774
999.205
999.865
999.857
999.705
997.259
598.028
3.46861
1.00005
1.00005
1.00007
1.00212
1.00856
1.01593
1.01637
1.00308
1.00002
1.0001
1.00001
1
1
1.00001
1
1
1
1
1
1
1
1
1
1
1
1
1
1
1
1
1
1
1
1
998.528
999.869
999.864
999.852
999.625
987.379
461.005
1.00009
1.00006
1.00009
1.00028
1.01048
1.13764
1.19044
1.18976
1.11524
1.03779
1.04846
1.02257
1.00148
1.00001
1.00002
1.00006
1.00008
1.00002
1
1
1
1
1
1
1
1
1
1
1
1
1
1
1
1
1
999.869
999.869
999.869
999.839
999.274
911.942
228.051
1.00034
1.00009
1.00037
1.01613
1.176
1.19047
1.19055
1.19044
1.18793
1.18303
1.17735
1.1699
1.05949
1.0267
1.00713
1.00006
1.00025
1.00028
1
1
1
1
1
1
1
1
1
1
1
1
1
1
1
1
1
999.868
999.869
999.863
999.725
998.54
675.738
26.0932
1.00018
1.00015
1.00024
1.00268
1.03442
1.14208
1.1903
1.11557
1.0067
1.00562
1.03485
1.07769
1.10378
1.10378
1.045
1.00007
1.00015
1.0003
1.00021
1
1
1
1
1
1
1
1
1
1
1
1
1
1
1
1
999.868
999.867
999.805
999.325
896.626
199.024
1.00147
1.00015
1.00015
1.00016
1.00183
1.0044
1.00548
1.00622
1.00359
1.00037
1.00011
1.00001
1.00001
1.04171
1.06151
1.01481
1.0001
1.00028
1.00016
1.00021
1.00002
1
1
1
1
1
1
1
1
1
1
1
1
1
1
1
999.868
999.846
999.514
941.568
273.249
1.06226
1.00031
1.00015
1.00015
1.00015
1.00016
1.00026
1.00116
1.03778
1.13589
1.2396
1.00001
1.00001
1.00001
1.00001
1.00001
1.00002
1.00518
1.00142
1.00001
1.00001
1.00001
1.00001
1
1
1
1
1
1
1
1
1
1
1
1
1
1
999.846
999.513
914.973
226.623
1.29792
1.0536
1.01701
1.01509
1.00015
1.00015
1.00015
1.00016
1.00025
1.08109
1.69133
1.65558
1.02394
1.00001
1.00001
1.00002
1.00003
1.00003
1.00053
1.00158
1.00007
1
1
1
1
1
1
1
1
1
1
1
1
1
1
1
1
1
999.221
738.716
164.919
1.60448
1.18512
5.12889
7.2484
7.40079
7.58508
5.63755
1.52381
1.00025
1.0431
1.4065
1.79395
1.50482
1.04312
1
1.00001
1.00004
1.00006
1.00004
1
1.00003
1.00003
1
1
1
1
1
1
1
1
1
1
1
1
1
1
1
1
1
496.5
59.5443
1.61005
1.15753
1.02157
2.81826
4.64221
6.39413
8.11821
8.12224
8.10293
4.46358
1.77584
1.92026
1.60776
1.00001
1
1
1
1
1.00005
1.00004
1
1
1
1
1
1
1
1
1
1
1
1
1
1
1
1
1
1
1
1
7.21296
1.57343
1.15248
1.00824
1.00159
1.00502
1.02382
1.11109
1.25523
1.20203
1.00055
1
1
1
1
1
1
1
1
1
1
1
1
1
1
1
1
1
1
1
1
1
1
1
1
1
1
1
1
1
1
1
1.43622
1.10171
1.00691
1.00065
1.00015
1.00016
1.00009
1.00004
1
1
1
1
1
1
1
1
1
1
1
1
1
1
1
1
1
1
1
1
1
1
1
1
1
1
1
1
1
1
1
1
1
1
1.04582
1.00577
1.00063
1.0001
1.00006
1.00005
1.00003
1.00002
1.00001
1.00001
1.00001
1
1
1
1
1
1
1
1
1
1
1
1
1
1
1
1
1
1
1
1
1
1
1
1
1
1
1
1
1
1
1
1.00664
1.00064
1.0001
1.00006
1.00006
1.00006
1.00006
1.00012
1.00017
1.0001
1.0001
1.00004
1.00001
1
1
1
1
1
1
1
1
1
1
1
1
1
1
1
1
1
1
1
1
1
1
1
1
1
1
1
1
1
1.00092
1.0004
1.00038
1.00007
1.00006
1.00064
1.00041
1.00171
1.00209
1.00132
1.00123
1.00041
1.00005
1.00001
1
1
1
1
1
1
1
1
1
1
1
1
1
1
1
1
1
1
1
1
1
1
1
1
1
1
1
1
1.00791
1.04257
1.10528
1.02686
1.07974
1.00073
1.0005
1.00782
1.01489
1.0111
1.01013
1.00306
1.00053
1.00006
1.00001
1
1
1
1
1
1
1
1
1
1
1
1
1
1
1
1
1
1
1
1
1
1
1
1
1
1
1
1.00969
1.04071
1.10289
1.66976
1.66976
1.21692
1.02259
1.00999
1.04447
1.06751
1.08407
1.10006
1.00845
1.00055
1.00005
1.00001
1
1
1
1
1
1
1
1
1
1
1
1
1
1
1
1
1
1
1
1
1
1
1
1
1
1
1.00978
1.01
1.0172
1.15956
1.0793
1.57228
1.80742
1.82342
1.8268
2.18316
2.44156
1.35008
1.02372
1.00296
1.00034
1.00004
1
1
1
1
1
1
1
1
1
1
1
1
1
1
1
1
1
1
1
1
1
1
1
1
1
1
1.01023
1.01279
1.02096
1.02541
1.0305
1.05817
1.09711
1.23372
3.92659
10.1235
5.78486
1.20825
1.03972
1.00632
1.00086
1.0001
1.00001
1
1
1
1
1
1
1
1
1
1
1
1
1
1
1
1
1
1
1
1
1
1
1
1
1
1.10698
1.02473
3.65691
5.13447
2.87787
1.07894
1.12725
2.37267
13.5906
14.4787
6.83963
1.27806
1.05417
1.00817
1.00108
1.00013
1.00001
1
1
1
1
1
1
1
1
1
1
1
1
1
1
1
1
1
1
1
1
1
1
1
1
1
194.974
190.917
83.7037
4.10826
2.39852
1.64555
12.1625
15.0235
15.0235
15.0235
5.88615
1.12374
1.01436
1.0014
1.00013
1.00001
1
1
1
1
1
1
1
1
1
1
1
1
1
1
1
1
1
1
1
1
1
1
1
1
1
1
)
;

boundaryField
{
    leftWall
    {
        type            calculated;
        value           nonuniform List<scalar> 
46
(
85.2367
109.592
121.786
153.435
127.549
121.595
97.6675
37.1926
4.18944
22.7694
32.5234
32.3262
24.2339
3.06409
1.15182
1.01361
1.00099
1.00009
1.00001
1
1
1
1
1
1
1
1
1
1
1
1
1
1
1
1
1
1
1
1
1
1
1
1
1
1
1
)
;
    }
    rightWall
    {
        type            calculated;
        value           nonuniform List<scalar> 
46
(
300.586
388.173
309.097
188.689
194.974
190.917
83.7037
4.10826
2.39852
1.64555
12.1625
15.0235
15.0235
15.0235
5.88615
1.12374
1.01436
1.0014
1.00013
1.00001
1
1
1
1
1
1
1
1
1
1
1
1
1
1
1
1
1
1
1
1
1
1
1
1
1
1
)
;
    }
    lowerWall
    {
        type            calculated;
        value           nonuniform List<scalar> 
52
(
385.765
214.051
215.259
937.778
385.765
897.617
936.968
908.426
907.542
907.306
907.311
939.042
995.674
995.127
993.875
993.103
991.133
970.095
915.257
914.731
910.834
717.886
300.586
537.414
132.135
131.679
889.061
85.2367
350.817
880.333
885.639
888.769
891.452
939.133
964.917
968.617
969.272
970.308
972.905
946.566
938.983
938.897
938.821
938.686
939.815
941.056
933.616
882.714
884.974
537.414
979.774
979.774
)
;
    }
    atmosphere
    {
        type            calculated;
        value           uniform 1;
    }
    frontAndBack
    {
        type            empty;
    }
}


// ************************************************************************* //
