/*--------------------------------*- C++ -*----------------------------------*\
  =========                 |
  \\      /  F ield         | OpenFOAM: The Open Source CFD Toolbox
   \\    /   O peration     | Website:  https://openfoam.org
    \\  /    A nd           | Version:  13
     \\/     M anipulation  |
\*---------------------------------------------------------------------------*/
FoamFile
{
    format      ascii;
    class       volVectorField;
    location    "0.25";
    object      U;
}
// * * * * * * * * * * * * * * * * * * * * * * * * * * * * * * * * * * * * * //

dimensions      [0 1 -1 0 0 0 0];

internalField   nonuniform List<vector> 
2016
(
(-0.399821 0.346611 0)
(-1.7959 1.86923 0)
(-1.7931 3.76589 0)
(-1.43744 5.58395 0)
(-1.58996 0.445903 0)
(-3.60105 1.60505 0)
(-3.59117 2.99997 0)
(-2.48404 4.15124 0)
(-2.52749 0.255007 0)
(-4.89459 1.30631 0)
(-4.1936 2.28028 0)
(-2.50434 2.94952 0)
(-3.40608 -0.0100936 0)
(-5.60399 0.965928 0)
(-4.04342 1.18673 0)
(-2.09739 1.2979 0)
(-4.0489 -0.14395 0)
(-5.51104 0.600309 0)
(-2.40764 -0.845953 0)
(-3.79925 0.0598003 0)
(-4.287 -0.158975 0)
(-4.36719 0.197267 0)
(-3.70152 -1.35576 0)
(-4.64082 -0.440662 0)
(-4.23816 -0.135057 0)
(-3.5226 -0.11213 0)
(-3.57787 -0.528768 0)
(-4.37194 -0.822424 0)
(-4.0952 -0.115364 0)
(-3.55855 -0.20035 0)
(-3.12816 -0.245111 0)
(-3.92643 -0.744515 0)
(-3.93737 -0.108316 0)
(-3.46678 -0.262873 0)
(-2.85667 -0.343218 0)
(-3.36611 -0.500471 0)
(-3.74843 -0.122046 0)
(-3.36255 -0.328451 0)
(-2.79197 -0.384743 0)
(-2.8693 -0.287879 0)
(-3.51724 -0.157357 0)
(-3.22757 -0.391878 0)
(-2.77819 -0.54384 0)
(-2.49747 -0.395969 0)
(-3.21555 -0.203675 0)
(-3.00699 -0.463868 0)
(-2.69303 -0.743075 0)
(-2.27491 -0.762712 0)
(-2.84141 -0.237104 0)
(-2.71443 -0.526879 0)
(-2.51133 -0.866519 0)
(-2.16865 -0.997282 0)
(-2.42965 -0.252433 0)
(-2.3787 -0.552996 0)
(-2.2591 -0.89853 0)
(-2.00756 -1.13543 0)
(-2.0281 -0.250049 0)
(-2.03459 -0.523932 0)
(-1.98613 -0.863134 0)
(-1.82388 -1.11655 0)
(-1.66569 -0.242992 0)
(-1.71344 -0.464711 0)
(-1.69563 -0.781935 0)
(-1.61915 -1.03297 0)
(-1.32812 -0.252704 0)
(-1.43036 -0.437818 0)
(-1.41363 -0.703905 0)
(-1.37678 -0.940129 0)
(-0.96482 -0.288222 0)
(-1.16997 -0.482918 0)
(-1.17494 -0.684683 0)
(-1.14082 -0.867309 0)
(-0.53453 -0.337094 0)
(-0.914379 -0.579294 0)
(-1.00443 -0.740894 0)
(-0.969205 -0.839749 0)
(-0.0449691 -0.364554 0)
(-0.679015 -0.638455 0)
(-0.917604 -0.825162 0)
(-0.881789 -0.841753 0)
(0.315396 -0.352806 0)
(-0.454697 -0.472231 0)
(-0.853891 -0.782224 0)
(-0.846715 -0.799956 0)
(0.668086 -0.343191 0)
(-0.0937585 0.259471 0)
(-0.609622 -0.362952 0)
(-0.735881 -0.629728 0)
(0.553895 -0.0424079 0)
(0.241115 0.741894 0)
(-0.112569 0.504483 0)
(-0.375538 -0.294926 0)
(-0.593684 0.114203 0)
(-0.354861 0.638441 0)
(0.103044 0.515762 0)
(0.480614 -0.348364 0)
(-0.675236 -0.120758 0)
(0.218613 -0.0516043 0)
(0.705029 -0.487408 0)
(0.880934 -0.774033 0)
(-0.184997 -0.392838 0)
(0.567935 -0.587032 0)
(0.93332 -0.868847 0)
(0.967771 -0.922403 0)
(0.278291 -0.37092 0)
(0.834827 -0.64978 0)
(1.02709 -0.853683 0)
(1.01099 -0.915841 0)
(0.808203 -0.323087 0)
(1.13549 -0.566365 0)
(1.19039 -0.768232 0)
(1.15937 -0.917714 0)
(1.28319 -0.2864 0)
(1.45536 -0.512148 0)
(1.44459 -0.767862 0)
(1.39337 -0.983689 0)
(1.7203 -0.27798 0)
(1.79549 -0.527783 0)
(1.74395 -0.838344 0)
(1.62036 -1.0815 0)
(2.16685 -0.278155 0)
(2.16112 -0.550472 0)
(2.04721 -0.891358 0)
(1.81999 -1.14943 0)
(2.62359 -0.26039 0)
(2.53265 -0.522023 0)
(2.34134 -0.879146 0)
(2.02284 -1.08278 0)
(3.04934 -0.222515 0)
(2.86992 -0.453143 0)
(2.59924 -0.77919 0)
(2.16473 -0.829432 0)
(3.39567 -0.174025 0)
(3.13202 -0.379354 0)
(2.73461 -0.592639 0)
(2.28811 -0.500588 0)
(3.65599 -0.133284 0)
(3.30635 -0.314816 0)
(2.73553 -0.417571 0)
(2.57312 -0.192044 0)
(3.85538 -0.118147 0)
(3.43599 -0.245724 0)
(2.70346 -0.298826 0)
(2.94109 -0.222562 0)
(4.02085 -0.122372 0)
(3.45879 -0.165359 0)
(2.76054 -0.274992 0)
(3.1565 -0.288843 0)
(4.12751 -0.13982 0)
(3.80239 0.124703 0)
(2.83204 -0.985658 0)
(3.50135 -0.0980001 0)
(3.90232 -0.126063 0)
(5.00738 0.591407 0)
(1.08183 -0.643693 0)
(1.75898 0.20515 0)
(3.14569 0.0564709 0)
(5.02394 1.01941 0)
(3.82333 1.18803 0)
(0.849602 1.42757 0)
(2.1346 0.36933 0)
(4.18411 1.57862 0)
(3.50777 2.85812 0)
(0.455679 3.50729 0)
(0.802266 0.487137 0)
(2.28336 2.05698 0)
(2.27547 4.21883 0)
(1.99833 5.84935 0)
(-1.16498 7.01371 0)
(-0.962173 7.96271 0)
(-0.793176 8.50136 0)
(-0.710778 8.74911 0)
(-0.751426 8.87363 0)
(-0.826571 9.27926 0)
(-0.675543 9.67285 0)
(-0.300595 9.48342 0)
(0.129194 8.6232 0)
(0.715198 6.68493 0)
(0.822355 4.31604 0)
(0.19771 2.55618 0)
(-0.121281 1.71006 0)
(-0.130163 1.46657 0)
(-0.0601034 1.43936 0)
(-0.00091959 1.40222 0)
(0.0316724 1.30751 0)
(0.0461396 1.18476 0)
(0.0514801 1.05636 0)
(0.0518599 0.93231 0)
(0.049235 0.817079 0)
(0.0448748 0.712726 0)
(0.0396672 0.619987 0)
(0.0342166 0.538784 0)
(0.0288983 0.468547 0)
(0.0239213 0.408436 0)
(0.0193995 0.357492 0)
(0.0154056 0.314701 0)
(0.0119968 0.279021 0)
(0.00920668 0.249406 0)
(0.0070226 0.22484 0)
(0.00538199 0.204387 0)
(0.00418931 0.187228 0)
(0.00333662 0.172697 0)
(0.00271752 0.160286 0)
(0.00223656 0.149647 0)
(0.0018189 0.140565 0)
(0.00142005 0.132915 0)
(0.00102171 0.126643 0)
(0.000647734 0.121627 0)
(0.000321293 0.118079 0)
(0.000199257 0.11452 0)
(-1.21099 4.72579 0)
(-0.67482 4.68473 0)
(-0.374532 4.67918 0)
(-0.0278732 5.13889 0)
(-0.0413936 5.62282 0)
(-0.45683 6.32765 0)
(-0.151298 8.27453 0)
(0.810382 10.9353 0)
(2.01258 11.2309 0)
(2.94544 10.0953 0)
(3.36633 7.59831 0)
(2.44955 5.41755 0)
(1.0687 3.86818 0)
(0.272384 2.96446 0)
(0.0945837 2.50901 0)
(0.14746 2.21677 0)
(0.204559 1.95487 0)
(0.222303 1.71362 0)
(0.216086 1.50102 0)
(0.200239 1.31639 0)
(0.181066 1.15647 0)
(0.161158 1.01784 0)
(0.141766 0.897348 0)
(0.123545 0.792313 0)
(0.106818 0.70056 0)
(0.0917088 0.620294 0)
(0.0782385 0.550012 0)
(0.066386 0.488412 0)
(0.0561106 0.434363 0)
(0.0473476 0.38689 0)
(0.0399951 0.345169 0)
(0.0339104 0.308502 0)
(0.0289172 0.276303 0)
(0.0248126 0.248075 0)
(0.0213779 0.223409 0)
(0.0184025 0.201979 0)
(0.0157123 0.183527 0)
(0.0131953 0.16783 0)
(0.010808 0.154731 0)
(0.00854136 0.143887 0)
(0.00664742 0.135939 0)
(0.00397995 0.12762 0)
(-1.44789 3.53754 0)
(-1.10964 4.63078 0)
(-0.938703 5.82798 0)
(-0.732392 6.80142 0)
(-1.08978 7.55828 0)
(-2.27343 7.47239 0)
(-3.14569 6.49178 0)
(-2.20626 6.58573 0)
(1.05738 7.86725 0)
(3.75371 8.45864 0)
(5.10279 7.12243 0)
(4.25142 5.57877 0)
(2.43494 4.50127 0)
(1.17424 3.58001 0)
(0.681815 2.8644 0)
(0.564381 2.35526 0)
(0.527232 1.97831 0)
(0.483163 1.68598 0)
(0.43079 1.45375 0)
(0.379079 1.26474 0)
(0.331847 1.10773 0)
(0.28981 0.975133 0)
(0.252734 0.861559 0)
(0.220138 0.763151 0)
(0.191506 0.677114 0)
(0.166367 0.601391 0)
(0.144338 0.53442 0)
(0.125109 0.474985 0)
(0.108409 0.422121 0)
(0.0939685 0.375072 0)
(0.0815152 0.333264 0)
(0.0707821 0.296255 0)
(0.061511 0.263686 0)
(0.0534423 0.235243 0)
(0.0463168 0.210636 0)
(0.0398992 0.189594 0)
(0.0340068 0.171855 0)
(0.0285275 0.157142 0)
(0.0234281 0.145222 0)
(0.0186488 0.135686 0)
(0.014707 0.128928 0)
(0.00861826 0.122221 0)
(-2.19042 2.42142 0)
(-2.65699 3.58949 0)
(-2.64551 4.73908 0)
(-2.0967 5.79342 0)
(-1.31 6.41926 0)
(-1.15185 5.94784 0)
(-1.15035 4.85681 0)
(-0.827483 4.26395 0)
(1.09707 4.54143 0)
(4.26384 5.43361 0)
(5.85841 4.94927 0)
(5.08065 4.27954 0)
(3.26994 3.883 0)
(1.9439 3.27102 0)
(1.30852 2.63461 0)
(1.03148 2.13928 0)
(0.868842 1.77902 0)
(0.740821 1.51051 0)
(0.633325 1.30199 0)
(0.543661 1.13365 0)
(0.468904 0.993721 0)
(0.406076 0.875042 0)
(0.352769 0.772925 0)
(0.307142 0.68415 0)
(0.267788 0.606408 0)
(0.233643 0.53798 0)
(0.203912 0.47755 0)
(0.178002 0.424077 0)
(0.155418 0.376726 0)
(0.135712 0.334816 0)
(0.118463 0.297805 0)
(0.103304 0.265263 0)
(0.0899127 0.236837 0)
(0.0780005 0.212217 0)
(0.0672994 0.191111 0)
(0.0575779 0.173235 0)
(0.0486584 0.158304 0)
(0.040429 0.146024 0)
(0.0328529 0.136145 0)
(0.0258432 0.128283 0)
(0.0200749 0.122764 0)
(0.0115126 0.117434 0)
(-4.16097 0.801286 0)
(-4.11666 1.71644 0)
(-3.59548 2.63938 0)
(-2.54785 3.20966 0)
(-1.39264 3.40587 0)
(-0.883937 3.28976 0)
(-0.801336 2.72398 0)
(-0.823221 2.08496 0)
(0.699741 1.75683 0)
(3.94341 2.06503 0)
(5.66778 2.31165 0)
(5.05621 2.49902 0)
(3.57692 2.65703 0)
(2.44163 2.43491 0)
(1.78763 2.07143 0)
(1.40502 1.75153 0)
(1.14577 1.50226 0)
(0.952331 1.30519 0)
(0.802615 1.1434 0)
(0.684119 1.00644 0)
(0.588205 0.888238 0)
(0.508937 0.785126 0)
(0.442308 0.694634 0)
(0.385564 0.614966 0)
(0.336739 0.54472 0)
(0.2944 0.482756 0)
(0.257504 0.428126 0)
(0.225276 0.380021 0)
(0.19709 0.337725 0)
(0.172383 0.300598 0)
(0.150634 0.268072 0)
(0.131389 0.239669 0)
(0.114266 0.214995 0)
(0.0989375 0.193705 0)
(0.085116 0.175491 0)
(0.0725628 0.160064 0)
(0.0610938 0.147153 0)
(0.0505825 0.136498 0)
(0.0409705 0.127897 0)
(0.0321341 0.12103 0)
(0.0248538 0.116234 0)
(0.0141167 0.111731 0)
(-4.55983 -0.313628 0)
(-4.42632 0.0190268 0)
(-3.8989 0.338766 0)
(-2.66439 0.484726 0)
(-1.24701 0.889406 0)
(-0.580102 1.05043 0)
(-0.304576 0.664147 0)
(-0.437694 0.0458317 0)
(1.30975 -0.540369 0)
(3.71406 -0.401409 0)
(4.91737 0.166046 0)
(4.48666 0.923732 0)
(3.46528 1.41206 0)
(2.60537 1.52246 0)
(2.01668 1.4527 0)
(1.61182 1.33701 0)
(1.31898 1.21634 0)
(1.09973 1.09914 0)
(0.931013 0.987926 0)
(0.79745 0.884165 0)
(0.688788 0.788688 0)
(0.598341 0.701788 0)
(0.521738 0.623371 0)
(0.456031 0.553086 0)
(0.399133 0.490429 0)
(0.349516 0.434832 0)
(0.306059 0.385718 0)
(0.267936 0.342508 0)
(0.234483 0.30462 0)
(0.205093 0.271474 0)
(0.179181 0.242522 0)
(0.156216 0.217297 0)
(0.13575 0.195413 0)
(0.117402 0.176547 0)
(0.100848 0.160409 0)
(0.0858275 0.146739 0)
(0.0721382 0.135301 0)
(0.0596293 0.125876 0)
(0.0482113 0.118305 0)
(0.0377228 0.112313 0)
(0.0290288 0.108213 0)
(0.0162275 0.104655 0)
(-4.54613 -1.1003 0)
(-4.43845 -1.29988 0)
(-3.87883 -1.55084 0)
(-2.48092 -1.53137 0)
(-1.01204 -1.10719 0)
(-0.55772 -1.12306 0)
(-0.403955 -1.34236 0)
(0.446743 -1.77265 0)
(1.80998 -2.11679 0)
(3.26006 -1.84641 0)
(3.96139 -1.0615 0)
(3.70355 -0.141719 0)
(3.07642 0.485184 0)
(2.48328 0.808773 0)
(2.01857 0.943889 0)
(1.66566 0.977611 0)
(1.39587 0.95592 0)
(1.18633 0.903451 0)
(1.01975 0.835382 0)
(0.883827 0.761317 0)
(0.77026 0.687063 0)
(0.67362 0.615947 0)
(0.590309 0.549738 0)
(0.517845 0.48923 0)
(0.454411 0.434626 0)
(0.398617 0.385812 0)
(0.34942 0.342512 0)
(0.30605 0.304348 0)
(0.267877 0.270867 0)
(0.234287 0.241569 0)
(0.204645 0.215963 0)
(0.178349 0.19364 0)
(0.154891 0.174283 0)
(0.133841 0.157627 0)
(0.114834 0.143425 0)
(0.097585 0.131451 0)
(0.0818781 0.121499 0)
(0.0675439 0.113375 0)
(0.0544633 0.106941 0)
(0.042447 0.101953 0)
(0.0324069 0.0986792 0)
(0.0177111 0.0962704 0)
(-4.11301 -1.42337 0)
(-4.04648 -1.92185 0)
(-3.68093 -2.52018 0)
(-2.97117 -2.87236 0)
(-1.84501 -2.83372 0)
(-0.724244 -2.70765 0)
(0.0669528 -2.81047 0)
(0.826298 -2.92192 0)
(1.71739 -2.85466 0)
(2.57456 -2.36157 0)
(2.98733 -1.52655 0)
(2.88592 -0.667528 0)
(2.55926 -0.0370099 0)
(2.20154 0.358545 0)
(1.885 0.587364 0)
(1.62187 0.700161 0)
(1.40584 0.737522 0)
(1.22701 0.727832 0)
(1.07631 0.69079 0)
(0.946966 0.639686 0)
(0.834355 0.582976 0)
(0.735412 0.525764 0)
(0.648046 0.47095 0)
(0.57071 0.420027 0)
(0.502135 0.373635 0)
(0.441244 0.331935 0)
(0.387177 0.294838 0)
(0.339288 0.262097 0)
(0.297028 0.233354 0)
(0.259801 0.208186 0)
(0.226924 0.186181 0)
(0.197717 0.167003 0)
(0.171613 0.150406 0)
(0.148154 0.136182 0)
(0.126946 0.124129 0)
(0.107686 0.11405 0)
(0.0901544 0.105765 0)
(0.0741691 0.0991033 0)
(0.0595822 0.093944 0)
(0.0461807 0.0900825 0)
(0.0348618 0.0877419 0)
(0.0184775 0.0866257 0)
(-3.47597 -1.37638 0)
(-3.41924 -1.97425 0)
(-3.00089 -2.64897 0)
(-2.26936 -3.13615 0)
(-1.42771 -3.35064 0)
(-0.66555 -3.34755 0)
(0.000129818 -3.27062 0)
(0.645715 -3.12083 0)
(1.28754 -2.80002 0)
(1.83975 -2.23312 0)
(2.13881 -1.50595 0)
(2.17009 -0.806693 0)
(2.0512 -0.260551 0)
(1.87973 0.119686 0)
(1.69998 0.365035 0)
(1.53179 0.504953 0)
(1.37871 0.56824 0)
(1.23913 0.580142 0)
(1.11089 0.560567 0)
(0.992816 0.523869 0)
(0.88441 0.479446 0)
(0.785457 0.433051 0)
(0.695729 0.387973 0)
(0.614831 0.345882 0)
(0.542184 0.307479 0)
(0.477106 0.27298 0)
(0.418969 0.24236 0)
(0.367283 0.215419 0)
(0.321594 0.191831 0)
(0.281311 0.171204 0)
(0.245694 0.153183 0)
(0.213996 0.137507 0)
(0.185613 0.123999 0)
(0.16007 0.112499 0)
(0.136954 0.102834 0)
(0.115944 0.0948385 0)
(0.0968193 0.0883655 0)
(0.0793892 0.0832734 0)
(0.0634744 0.0794716 0)
(0.0488394 0.0768047 0)
(0.0362913 0.0754728 0)
(0.0184718 0.0757189 0)
(-2.85276 -1.08747 0)
(-2.79329 -1.69187 0)
(-2.54301 -2.28484 0)
(-2.0682 -2.7234 0)
(-1.44175 -2.95889 0)
(-0.809758 -3.00217 0)
(-0.229317 -2.90403 0)
(0.31113 -2.68514 0)
(0.811111 -2.33265 0)
(1.22422 -1.84775 0)
(1.49129 -1.29091 0)
(1.60795 -0.756855 0)
(1.62173 -0.312523 0)
(1.58125 0.0203269 0)
(1.51284 0.248209 0)
(1.43066 0.38501 0)
(1.33884 0.449503 0)
(1.23914 0.463861 0)
(1.13449 0.447983 0)
(1.02871 0.416534 0)
(0.925269 0.378702 0)
(0.826845 0.339775 0)
(0.735202 0.302543 0)
(0.651201 0.268285 0)
(0.574985 0.237464 0)
(0.506269 0.210137 0)
(0.444653 0.186151 0)
(0.389781 0.165248 0)
(0.341256 0.147095 0)
(0.298475 0.131321 0)
(0.26062 0.117609 0)
(0.226872 0.105744 0)
(0.19661 0.0955957 0)
(0.169357 0.0870394 0)
(0.144676 0.0799262 0)
(0.122225 0.0741328 0)
(0.101779 0.0695519 0)
(0.0831399 0.0660784 0)
(0.0660921 0.0636597 0)
(0.0503767 0.0622017 0)
(0.0366261 0.061918 0)
(0.0176957 0.0634996 0)
(-2.4373 -0.770527 0)
(-2.26809 -1.314 0)
(-2.06656 -1.77007 0)
(-1.73073 -2.11488 0)
(-1.30389 -2.32208 0)
(-0.838707 -2.37429 0)
(-0.379741 -2.30373 0)
(0.0504675 -2.12376 0)
(0.443663 -1.83908 0)
(0.774069 -1.47107 0)
(1.01659 -1.05335 0)
(1.17228 -0.637001 0)
(1.26615 -0.269187 0)
(1.32031 0.0188972 0)
(1.34558 0.218745 0)
(1.34251 0.334484 0)
(1.30849 0.380442 0)
(1.24463 0.379433 0)
(1.15892 0.353308 0)
(1.06144 0.317262 0)
(0.960305 0.279763 0)
(0.861056 0.244843 0)
(0.767025 0.213883 0)
(0.679917 0.186962 0)
(0.600382 0.163715 0)
(0.528458 0.143713 0)
(0.463911 0.12662 0)
(0.406442 0.112113 0)
(0.355663 0.0997785 0)
(0.310942 0.089199 0)
(0.271377 0.0800822 0)
(0.236074 0.0722672 0)
(0.204393 0.0656798 0)
(0.175855 0.060216 0)
(0.149997 0.055756 0)
(0.126452 0.0522289 0)
(0.104991 0.0495703 0)
(0.0854058 0.0477125 0)
(0.06744 0.046646 0)
(0.050799 0.0463486 0)
(0.0358517 0.0470955 0)
(0.0162256 0.0498544 0)
(-2.16061 -0.75778 0)
(-1.94433 -1.06828 0)
(-1.72798 -1.41668 0)
(-1.47338 -1.64894 0)
(-1.1687 -1.78538 0)
(-0.818445 -1.83661 0)
(-0.463226 -1.80336 0)
(-0.126379 -1.68067 0)
(0.179161 -1.46678 0)
(0.439898 -1.17856 0)
(0.648674 -0.840136 0)
(0.817221 -0.485538 0)
(0.961837 -0.160783 0)
(1.09404 0.0931885 0)
(1.20509 0.258655 0)
(1.27778 0.336121 0)
(1.29819 0.345136 0)
(1.26635 0.31497 0)
(1.195 0.270627 0)
(1.1005 0.225352 0)
(0.996486 0.184629 0)
(0.892369 0.150802 0)
(0.79324 0.124097 0)
(0.701638 0.103427 0)
(0.618429 0.0873133 0)
(0.543486 0.074653 0)
(0.476404 0.0647774 0)
(0.416865 0.0570831 0)
(0.364465 0.0508767 0)
(0.318457 0.0456685 0)
(0.277769 0.0412689 0)
(0.241436 0.037623 0)
(0.20883 0.0347067 0)
(0.179467 0.0324154 0)
(0.15285 0.0306611 0)
(0.128586 0.0294265 0)
(0.10645 0.0286826 0)
(0.0862194 0.0283923 0)
(0.0675857 0.0285881 0)
(0.0501938 0.0293251 0)
(0.0340623 0.030985 0)
(0.0142067 0.0345775 0)
(-1.89807 -1.05119 0)
(-1.77369 -1.10436 0)
(-1.59603 -1.2999 0)
(-1.34189 -1.46109 0)
(-1.09349 -1.48421 0)
(-0.794565 -1.47333 0)
(-0.497116 -1.44329 0)
(-0.241006 -1.35142 0)
(-0.0225158 -1.18293 0)
(0.163431 -0.939375 0)
(0.323157 -0.631264 0)
(0.494808 -0.281888 0)
(0.711974 0.0560171 0)
(0.932426 0.314557 0)
(1.13885 0.451129 0)
(1.28877 0.452947 0)
(1.34685 0.366599 0)
(1.32023 0.260382 0)
(1.24328 0.176061 0)
(1.14238 0.118611 0)
(1.03201 0.0792688 0)
(0.921112 0.0512364 0)
(0.814869 0.0312648 0)
(0.717366 0.0177946 0)
(0.629744 0.00938835 0)
(0.551522 0.00466279 0)
(0.482075 0.00238767 0)
(0.420991 0.00157014 0)
(0.367675 0.00138957 0)
(0.321046 0.00149165 0)
(0.279785 0.00179726 0)
(0.242926 0.00234239 0)
(0.209876 0.00313883 0)
(0.180153 0.00404795 0)
(0.153211 0.00502446 0)
(0.128631 0.00605944 0)
(0.106199 0.0071467 0)
(0.08566 0.00828785 0)
(0.0666367 0.00957431 0)
(0.0486898 0.0111284 0)
(0.0314648 0.0133837 0)
(0.0120732 0.0172087 0)
(-1.71415 -1.28778 0)
(-1.55207 -1.38106 0)
(-1.52715 -1.4437 0)
(-1.38395 -1.54635 0)
(-1.19932 -1.53249 0)
(-0.918403 -1.45655 0)
(-0.630799 -1.40744 0)
(-0.41647 -1.3435 0)
(-0.251946 -1.23614 0)
(-0.155548 -1.05994 0)
(-0.106129 -0.800528 0)
(-0.0178933 -0.475809 0)
(0.210158 -0.0364484 0)
(0.617683 0.338037 0)
(1.02957 0.606947 0)
(1.35305 0.65865 0)
(1.49217 0.504517 0)
(1.45903 0.279754 0)
(1.33563 0.103073 0)
(1.1954 0.00241626 0)
(1.06337 -0.0437429 0)
(0.94092 -0.0635141 0)
(0.827342 -0.0723664 0)
(0.724334 -0.0744467 0)
(0.632503 -0.0722529 0)
(0.551487 -0.0675572 0)
(0.480505 -0.061594 0)
(0.418746 -0.0551695 0)
(0.365234 -0.0489286 0)
(0.318604 -0.0431905 0)
(0.27733 -0.0380553 0)
(0.240456 -0.0331984 0)
(0.207449 -0.0286507 0)
(0.177849 -0.024546 0)
(0.151061 -0.0208626 0)
(0.126611 -0.0176052 0)
(0.104296 -0.01471 0)
(0.0838049 -0.0121226 0)
(0.0647063 -0.00970538 0)
(0.0465013 -0.00736276 0)
(0.0286272 -0.00490702 0)
(0.010141 -0.00179393 0)
(-1.56269 -1.32648 0)
(-1.34448 -1.47313 0)
(-1.26601 -1.61867 0)
(-1.28249 -1.72729 0)
(-1.28049 -1.84612 0)
(-0.970694 -1.88383 0)
(-0.626546 -1.83228 0)
(-0.475656 -1.75832 0)
(-0.330571 -1.62008 0)
(-0.231051 -1.44785 0)
(-0.180979 -1.26263 0)
(-0.128558 -1.03063 0)
(0.00350192 -0.729498 0)
(0.297895 -0.355476 0)
(0.80088 0.0440627 0)
(1.36213 0.410294 0)
(1.6694 0.439635 0)
(1.6682 0.250832 0)
(1.49394 0.0293937 0)
(1.28145 -0.112907 0)
(1.09847 -0.175335 0)
(0.950691 -0.191513 0)
(0.826252 -0.187694 0)
(0.718176 -0.175602 0)
(0.623819 -0.160993 0)
(0.541715 -0.145579 0)
(0.470481 -0.129611 0)
(0.40898 -0.114006 0)
(0.356313 -0.100025 0)
(0.310674 -0.0880726 0)
(0.270202 -0.0777711 0)
(0.233926 -0.0683961 0)
(0.201555 -0.0600331 0)
(0.172609 -0.0526665 0)
(0.146438 -0.0462153 0)
(0.122566 -0.0406041 0)
(0.100748 -0.0357135 0)
(0.0806524 -0.0314845 0)
(0.0618539 -0.0278361 0)
(0.0438617 -0.0247527 0)
(0.0261183 -0.0221096 0)
(0.00851292 -0.0199681 0)
(-1.43917 -1.24307 0)
(-1.20721 -1.41668 0)
(-1.04571 -1.57626 0)
(-0.995857 -1.77456 0)
(-0.984733 -1.95157 0)
(-0.696188 -2.10944 0)
(-0.41402 -1.93699 0)
(-0.351844 -1.77089 0)
(-0.372572 -1.60049 0)
(-0.416795 -1.36953 0)
(-0.518975 -1.02356 0)
(-0.591522 -0.616883 0)
(-0.417279 -0.400524 0)
(-0.129002 -0.294484 0)
(0.366579 -0.243084 0)
(1.12016 -0.0360442 0)
(1.70402 0.137137 0)
(1.84148 0.0347188 0)
(1.66429 -0.12198 0)
(1.38886 -0.255265 0)
(1.14096 -0.315407 0)
(0.95396 -0.323465 0)
(0.812067 -0.306877 0)
(0.698465 -0.281644 0)
(0.602877 -0.254878 0)
(0.520382 -0.22709 0)
(0.449443 -0.198351 0)
(0.3898 -0.172007 0)
(0.34007 -0.150058 0)
(0.296917 -0.132017 0)
(0.258172 -0.116403 0)
(0.223205 -0.102443 0)
(0.192129 -0.0901822 0)
(0.164358 -0.0794667 0)
(0.139234 -0.0701266 0)
(0.116355 -0.062052 0)
(0.0954154 -0.0551511 0)
(0.0761219 -0.0493683 0)
(0.058101 -0.0446764 0)
(0.0408756 -0.0410265 0)
(0.023974 -0.0382446 0)
(0.00764863 -0.0365474 0)
(-1.28451 -1.15047 0)
(-1.12197 -1.30955 0)
(-0.919831 -1.45963 0)
(-0.787906 -1.62642 0)
(-0.860364 -1.81808 0)
(-1.07126 -1.90998 0)
(-1.10432 -1.7971 0)
(-0.938081 -1.50363 0)
(-0.856923 -1.18192 0)
(-0.889995 -0.874221 0)
(-0.935991 -0.637655 0)
(-0.804849 -0.528497 0)
(-0.466617 -0.480141 0)
(-0.00624643 -0.45976 0)
(0.443446 -0.531709 0)
(0.967044 -0.516939 0)
(1.61187 -0.334934 0)
(1.90289 -0.331376 0)
(1.76884 -0.395202 0)
(1.4694 -0.452824 0)
(1.17079 -0.473691 0)
(0.94604 -0.455482 0)
(0.786443 -0.421765 0)
(0.667349 -0.382847 0)
(0.569527 -0.342731 0)
(0.485671 -0.300619 0)
(0.416451 -0.259465 0)
(0.361989 -0.225014 0)
(0.317436 -0.197093 0)
(0.277733 -0.173714 0)
(0.241256 -0.152904 0)
(0.208274 -0.134437 0)
(0.179079 -0.118315 0)
(0.152984 -0.104299 0)
(0.129389 -0.0921603 0)
(0.10795 -0.0817996 0)
(0.0883655 -0.0731206 0)
(0.0703701 -0.066037 0)
(0.0536079 -0.060491 0)
(0.0375491 -0.0563171 0)
(0.0218108 -0.0532616 0)
(0.00690645 -0.0516817 0)
(-1.08464 -1.06599 0)
(-0.985123 -1.2257 0)
(-0.835726 -1.35201 0)
(-0.658555 -1.48209 0)
(-0.598308 -1.64821 0)
(-0.847244 -1.82287 0)
(-1.09595 -1.99257 0)
(-1.06847 -1.86947 0)
(-1.05306 -1.61196 0)
(-1.05415 -1.43059 0)
(-0.983287 -1.30675 0)
(-0.782067 -1.25837 0)
(-0.456164 -1.23348 0)
(-0.0408289 -1.19196 0)
(0.44069 -1.15306 0)
(0.963247 -1.10202 0)
(1.5205 -0.938049 0)
(1.85421 -0.815933 0)
(1.76463 -0.776724 0)
(1.46731 -0.702681 0)
(1.15219 -0.649152 0)
(0.911248 -0.584379 0)
(0.744661 -0.524419 0)
(0.622646 -0.467503 0)
(0.522389 -0.412219 0)
(0.439093 -0.358152 0)
(0.376083 -0.310918 0)
(0.329466 -0.273083 0)
(0.290074 -0.240861 0)
(0.253509 -0.212285 0)
(0.21955 -0.186423 0)
(0.189214 -0.163663 0)
(0.16248 -0.143926 0)
(0.138611 -0.126866 0)
(0.117092 -0.112246 0)
(0.0976091 -0.0999172 0)
(0.0798719 -0.089715 0)
(0.0636114 -0.0814999 0)
(0.0484438 -0.0751526 0)
(0.0338 -0.0703941 0)
(0.0194774 -0.0669741 0)
(0.00616171 -0.0654081 0)
(-0.915177 -0.992872 0)
(-0.832594 -1.13328 0)
(-0.722682 -1.25083 0)
(-0.590727 -1.33987 0)
(-0.477222 -1.44565 0)
(-0.558302 -1.60338 0)
(-1.04844 -1.82509 0)
(-1.21618 -1.94718 0)
(-1.1832 -1.82255 0)
(-1.15575 -1.77835 0)
(-1.03618 -1.78329 0)
(-0.793127 -1.83215 0)
(-0.457502 -1.88492 0)
(-0.0523126 -1.89635 0)
(0.417208 -1.86068 0)
(0.936179 -1.77065 0)
(1.43158 -1.5907 0)
(1.70224 -1.36772 0)
(1.62391 -1.17148 0)
(1.3479 -0.964943 0)
(1.05842 -0.820053 0)
(0.833514 -0.70173 0)
(0.677459 -0.610856 0)
(0.560272 -0.534558 0)
(0.463333 -0.466664 0)
(0.387427 -0.407782 0)
(0.334207 -0.359687 0)
(0.293908 -0.318823 0)
(0.257719 -0.281343 0)
(0.223941 -0.246956 0)
(0.193221 -0.216327 0)
(0.166315 -0.189704 0)
(0.142682 -0.166755 0)
(0.121629 -0.14704 0)
(0.10271 -0.130299 0)
(0.0856422 -0.116272 0)
(0.0701346 -0.104729 0)
(0.0559184 -0.0954741 0)
(0.0425812 -0.088343 0)
(0.0295868 -0.0829802 0)
(0.0169479 -0.0792051 0)
(0.00537991 -0.0776291 0)
(-0.802173 -0.938658 0)
(-0.718879 -1.05498 0)
(-0.61322 -1.16698 0)
(-0.497683 -1.2581 0)
(-0.401205 -1.33085 0)
(-0.4088 -1.43389 0)
(-0.756815 -1.63906 0)
(-1.17777 -1.89769 0)
(-1.14871 -1.95174 0)
(-1.08696 -2.05519 0)
(-0.937658 -2.18288 0)
(-0.689832 -2.31253 0)
(-0.389093 -2.41741 0)
(-0.0506011 -2.48483 0)
(0.336567 -2.48409 0)
(0.778941 -2.37608 0)
(1.19168 -2.13961 0)
(1.40368 -1.80915 0)
(1.3365 -1.47296 0)
(1.11633 -1.18011 0)
(0.891416 -0.966119 0)
(0.713474 -0.810281 0)
(0.584619 -0.694659 0)
(0.482332 -0.601597 0)
(0.397678 -0.524482 0)
(0.334325 -0.462204 0)
(0.289205 -0.409583 0)
(0.252193 -0.361649 0)
(0.21875 -0.317141 0)
(0.188881 -0.276952 0)
(0.162755 -0.242149 0)
(0.140074 -0.212243 0)
(0.120131 -0.186567 0)
(0.102433 -0.164592 0)
(0.0865566 -0.14606 0)
(0.0722561 -0.130567 0)
(0.059269 -0.117843 0)
(0.047334 -0.107645 0)
(0.0360396 -0.099785 0)
(0.0249464 -0.0938668 0)
(0.0142382 -0.0897928 0)
(0.00454612 -0.0881972 0)
(-0.714278 -0.856889 0)
(-0.607681 -0.972014 0)
(-0.51592 -1.08838 0)
(-0.416785 -1.19027 0)
(-0.326696 -1.26846 0)
(-0.298202 -1.35445 0)
(-0.471369 -1.49494 0)
(-0.968756 -1.76045 0)
(-0.988532 -1.98128 0)
(-0.915717 -2.22531 0)
(-0.779617 -2.44543 0)
(-0.560771 -2.62324 0)
(-0.287587 -2.73337 0)
(0.0023583 -2.78477 0)
(0.285029 -2.77949 0)
(0.583259 -2.66326 0)
(0.860648 -2.39556 0)
(1.00275 -2.02974 0)
(0.9663 -1.6553 0)
(0.831938 -1.34243 0)
(0.689349 -1.10635 0)
(0.568847 -0.930576 0)
(0.471979 -0.793213 0)
(0.390438 -0.68157 0)
(0.323818 -0.591494 0)
(0.273503 -0.518413 0)
(0.234679 -0.454906 0)
(0.201662 -0.397746 0)
(0.173154 -0.346566 0)
(0.149177 -0.301775 0)
(0.128866 -0.26351 0)
(0.111071 -0.230877 0)
(0.0952969 -0.203003 0)
(0.0813722 -0.179202 0)
(0.068908 -0.159192 0)
(0.0576467 -0.142497 0)
(0.0474126 -0.128772 0)
(0.0379514 -0.117763 0)
(0.0289012 -0.109274 0)
(0.0199522 -0.102891 0)
(0.0113761 -0.0985813 0)
(0.00365776 -0.0969584 0)
(-0.63453 -0.729891 0)
(-0.478319 -0.870693 0)
(-0.392502 -1.01202 0)
(-0.312676 -1.13749 0)
(-0.246691 -1.23457 0)
(-0.213316 -1.31999 0)
(-0.29779 -1.44132 0)
(-0.652769 -1.65011 0)
(-0.709451 -1.93648 0)
(-0.646093 -2.29844 0)
(-0.552904 -2.58257 0)
(-0.414554 -2.80103 0)
(-0.227485 -2.92632 0)
(-0.0103003 -2.94981 0)
(0.202282 -2.88939 0)
(0.391811 -2.73624 0)
(0.546267 -2.47272 0)
(0.629008 -2.135 0)
(0.621984 -1.79169 0)
(0.558297 -1.49405 0)
(0.478723 -1.25138 0)
(0.402458 -1.05409 0)
(0.335747 -0.891853 0)
(0.279665 -0.759113 0)
(0.234635 -0.651783 0)
(0.198883 -0.5637 0)
(0.169256 -0.488866 0)
(0.143943 -0.424403 0)
(0.122948 -0.368787 0)
(0.106111 -0.320946 0)
(0.0921887 -0.279989 0)
(0.079871 -0.245165 0)
(0.0687233 -0.215654 0)
(0.0588543 -0.190552 0)
(0.0500702 -0.169392 0)
(0.0420601 -0.151806 0)
(0.0347409 -0.137292 0)
(0.0279068 -0.125645 0)
(0.0212812 -0.116657 0)
(0.0146855 -0.109915 0)
(0.00838956 -0.105426 0)
(0.00271798 -0.103771 0)
(-0.49194 -0.563419 0)
(-0.313204 -0.753602 0)
(-0.240775 -0.938135 0)
(-0.184834 -1.09104 0)
(-0.147621 -1.21214 0)
(-0.132302 -1.31052 0)
(-0.170414 -1.42535 0)
(-0.344995 -1.6423 0)
(-0.372573 -1.89115 0)
(-0.337928 -2.30948 0)
(-0.291681 -2.61106 0)
(-0.229072 -2.84288 0)
(-0.144893 -2.98668 0)
(-0.0383787 -3.0178 0)
(0.076204 -2.93633 0)
(0.181778 -2.75805 0)
(0.263757 -2.50249 0)
(0.308669 -2.1987 0)
(0.311959 -1.88736 0)
(0.285644 -1.60029 0)
(0.247272 -1.34993 0)
(0.209072 -1.13739 0)
(0.176554 -0.960082 0)
(0.150483 -0.813837 0)
(0.129617 -0.69353 0)
(0.112009 -0.593918 0)
(0.0962684 -0.51087 0)
(0.0821426 -0.441426 0)
(0.070218 -0.383064 0)
(0.0608367 -0.333487 0)
(0.0534503 -0.291031 0)
(0.0470412 -0.254841 0)
(0.0409473 -0.224242 0)
(0.0353371 -0.198352 0)
(0.030367 -0.176497 0)
(0.0257648 -0.158308 0)
(0.0214582 -0.143268 0)
(0.0173632 -0.131168 0)
(0.0133051 -0.121828 0)
(0.00921975 -0.11483 0)
(0.00530342 -0.110209 0)
(0.00173389 -0.108519 0)
(-0.160744 -0.357233 0)
(-0.0803836 -0.64238 0)
(-0.0483575 -0.893837 0)
(-0.0335405 -1.07878 0)
(-0.0276552 -1.22578 0)
(-0.0298305 -1.34697 0)
(-0.040216 -1.47475 0)
(-0.0526299 -1.6649 0)
(-0.0386473 -1.91098 0)
(-0.0391771 -2.31634 0)
(-0.0459335 -2.60879 0)
(-0.0522022 -2.82519 0)
(-0.0562185 -2.95783 0)
(-0.0541474 -2.98442 0)
(-0.0435613 -2.90046 0)
(-0.0237062 -2.72083 0)
(0.00108685 -2.47191 0)
(0.020952 -2.18556 0)
(0.0295974 -1.89271 0)
(0.0288535 -1.61728 0)
(0.0242057 -1.37251 0)
(0.0202891 -1.1627 0)
(0.0184873 -0.986315 0)
(0.0184683 -0.838652 0)
(0.019351 -0.71457 0)
(0.0200637 -0.60993 0)
(0.0199076 -0.522013 0)
(0.0188363 -0.448932 0)
(0.0173492 -0.388655 0)
(0.016027 -0.338559 0)
(0.0151121 -0.29607 0)
(0.0143306 -0.259584 0)
(0.0132785 -0.228471 0)
(0.0120168 -0.202271 0)
(0.0107857 -0.180234 0)
(0.0095228 -0.161745 0)
(0.00818587 -0.146477 0)
(0.006796 -0.134141 0)
(0.00531688 -0.124612 0)
(0.00376745 -0.117466 0)
(0.00222771 -0.11276 0)
(0.000744875 -0.111041 0)
(0.327523 -0.334371 0)
(0.215588 -0.653629 0)
(0.165726 -0.899699 0)
(0.131229 -1.08906 0)
(0.103176 -1.23884 0)
(0.0790852 -1.36418 0)
(0.0838276 -1.49687 0)
(0.19976 -1.70741 0)
(0.275809 -1.94257 0)
(0.247298 -2.34653 0)
(0.188413 -2.64768 0)
(0.109999 -2.86764 0)
(0.0198516 -2.99035 0)
(-0.0760023 -2.99978 0)
(-0.163592 -2.90147 0)
(-0.223582 -2.71515 0)
(-0.251139 -2.46614 0)
(-0.253217 -2.18394 0)
(-0.238976 -1.89539 0)
(-0.215507 -1.62015 0)
(-0.187496 -1.37057 0)
(-0.15727 -1.15409 0)
(-0.129217 -0.973149 0)
(-0.105677 -0.824653 0)
(-0.0864231 -0.702647 0)
(-0.0706029 -0.601278 0)
(-0.0570717 -0.516191 0)
(-0.0451482 -0.444814 0)
(-0.035089 -0.385456 0)
(-0.0274293 -0.336019 0)
(-0.0218709 -0.294134 0)
(-0.0174975 -0.258177 0)
(-0.0137586 -0.227509 0)
(-0.0106785 -0.201648 0)
(-0.00828017 -0.179873 0)
(-0.00635479 -0.161604 0)
(-0.00480244 -0.146508 0)
(-0.00356496 -0.134313 0)
(-0.00251511 -0.124898 0)
(-0.00157413 -0.117848 0)
(-0.000788981 -0.113208 0)
(-0.000228947 -0.111512 0)
(0.674296 -0.608271 0)
(0.457996 -0.799511 0)
(0.369396 -0.970795 0)
(0.296183 -1.12334 0)
(0.238055 -1.24441 0)
(0.19699 -1.35199 0)
(0.234651 -1.49103 0)
(0.514503 -1.72425 0)
(0.616572 -1.97265 0)
(0.561904 -2.35756 0)
(0.448985 -2.63379 0)
(0.278514 -2.81668 0)
(0.0676344 -2.89519 0)
(-0.147421 -2.86367 0)
(-0.328349 -2.74213 0)
(-0.454666 -2.54783 0)
(-0.525209 -2.30338 0)
(-0.545546 -2.0403 0)
(-0.530308 -1.78198 0)
(-0.490127 -1.54011 0)
(-0.43661 -1.31385 0)
(-0.371127 -1.10983 0)
(-0.304362 -0.931407 0)
(-0.245503 -0.783747 0)
(-0.198044 -0.66505 0)
(-0.16148 -0.570381 0)
(-0.132907 -0.492971 0)
(-0.109334 -0.427879 0)
(-0.0893988 -0.372381 0)
(-0.0734542 -0.325023 0)
(-0.0611791 -0.284611 0)
(-0.0510798 -0.250193 0)
(-0.042205 -0.220969 0)
(-0.0347109 -0.196178 0)
(-0.0284773 -0.175219 0)
(-0.0231161 -0.157734 0)
(-0.0184962 -0.143261 0)
(-0.0144473 -0.131615 0)
(-0.0107199 -0.122638 0)
(-0.00716414 -0.115932 0)
(-0.00394695 -0.11151 0)
(-0.0012491 -0.109887 0)
(0.801908 -0.826121 0)
(0.629128 -0.94439 0)
(0.530187 -1.06529 0)
(0.428538 -1.17853 0)
(0.343186 -1.26838 0)
(0.305098 -1.36145 0)
(0.422255 -1.50798 0)
(0.852031 -1.77819 0)
(0.947205 -1.99242 0)
(0.854367 -2.27612 0)
(0.653581 -2.47522 0)
(0.371137 -2.59937 0)
(0.0657121 -2.653 0)
(-0.22708 -2.6321 0)
(-0.489771 -2.52125 0)
(-0.691672 -2.31021 0)
(-0.799627 -2.02976 0)
(-0.816399 -1.7423 0)
(-0.778086 -1.49332 0)
(-0.713608 -1.29556 0)
(-0.646972 -1.1277 0)
(-0.566993 -0.98266 0)
(-0.479166 -0.843719 0)
(-0.391794 -0.717794 0)
(-0.313684 -0.611936 0)
(-0.252849 -0.527192 0)
(-0.207695 -0.457522 0)
(-0.172858 -0.399247 0)
(-0.144303 -0.349066 0)
(-0.120661 -0.305652 0)
(-0.101384 -0.268209 0)
(-0.0852438 -0.236438 0)
(-0.0712584 -0.209321 0)
(-0.059376 -0.18614 0)
(-0.0491892 -0.166581 0)
(-0.0402979 -0.150227 0)
(-0.0325102 -0.136715 0)
(-0.025555 -0.125855 0)
(-0.0190918 -0.117492 0)
(-0.0128846 -0.111249 0)
(-0.00718131 -0.107106 0)
(-0.0022863 -0.105568 0)
(0.854843 -0.953417 0)
(0.745655 -1.05821 0)
(0.643479 -1.16284 0)
(0.534583 -1.2525 0)
(0.439444 -1.32814 0)
(0.426685 -1.43876 0)
(0.725737 -1.64279 0)
(1.13917 -1.87187 0)
(1.14648 -1.98156 0)
(1.02689 -2.10132 0)
(0.791063 -2.21016 0)
(0.47255 -2.3084 0)
(0.111383 -2.39088 0)
(-0.2725 -2.41799 0)
(-0.655795 -2.34694 0)
(-0.982263 -2.15007 0)
(-1.15419 -1.84323 0)
(-1.14445 -1.51687 0)
(-1.03561 -1.23933 0)
(-0.901276 -1.03532 0)
(-0.790175 -0.888166 0)
(-0.691594 -0.786949 0)
(-0.599115 -0.699681 0)
(-0.505487 -0.612841 0)
(-0.41023 -0.534059 0)
(-0.331576 -0.468059 0)
(-0.27382 -0.410544 0)
(-0.229308 -0.360935 0)
(-0.193195 -0.317327 0)
(-0.163105 -0.279352 0)
(-0.137818 -0.246172 0)
(-0.116321 -0.21766 0)
(-0.0978693 -0.193244 0)
(-0.0820192 -0.17222 0)
(-0.0682148 -0.154498 0)
(-0.0561128 -0.139611 0)
(-0.0453943 -0.127329 0)
(-0.0357563 -0.117448 0)
(-0.0267964 -0.109836 0)
(-0.0181889 -0.104156 0)
(-0.0101922 -0.100343 0)
(-0.00323981 -0.0988909 0)
(0.937155 -1.02175 0)
(0.858697 -1.1473 0)
(0.755868 -1.24957 0)
(0.62503 -1.34301 0)
(0.514095 -1.46813 0)
(0.597466 -1.62543 0)
(1.01652 -1.79457 0)
(1.22838 -1.92636 0)
(1.22345 -1.861 0)
(1.12614 -1.8421 0)
(0.909893 -1.85629 0)
(0.599255 -1.90842 0)
(0.209076 -1.98608 0)
(-0.264796 -2.0377 0)
(-0.793909 -1.99181 0)
(-1.28359 -1.80786 0)
(-1.54901 -1.54014 0)
(-1.50547 -1.24526 0)
(-1.31709 -1.01182 0)
(-1.10013 -0.83052 0)
(-0.917996 -0.698225 0)
(-0.779183 -0.6096 0)
(-0.672648 -0.54704 0)
(-0.576302 -0.492868 0)
(-0.476583 -0.442049 0)
(-0.389201 -0.395286 0)
(-0.325259 -0.352938 0)
(-0.275807 -0.314566 0)
(-0.234576 -0.279094 0)
(-0.199509 -0.247315 0)
(-0.169543 -0.219311 0)
(-0.143795 -0.194613 0)
(-0.121505 -0.173303 0)
(-0.102179 -0.154945 0)
(-0.0852236 -0.139334 0)
(-0.0702738 -0.126221 0)
(-0.0569403 -0.115378 0)
(-0.0448952 -0.106645 0)
(-0.0337171 -0.0999032 0)
(-0.0230039 -0.0948752 0)
(-0.0129492 -0.0914525 0)
(-0.00410053 -0.0900869 0)
(1.10336 -1.086 0)
(1.01087 -1.21164 0)
(0.868423 -1.31228 0)
(0.717096 -1.45108 0)
(0.675795 -1.62711 0)
(0.83357 -1.77596 0)
(1.07011 -1.89817 0)
(1.09321 -1.78686 0)
(1.07717 -1.59408 0)
(0.998725 -1.47105 0)
(0.824834 -1.40804 0)
(0.555899 -1.3919 0)
(0.183429 -1.3929 0)
(-0.290145 -1.37663 0)
(-0.864755 -1.30166 0)
(-1.46916 -1.12086 0)
(-1.83337 -1.02263 0)
(-1.76263 -0.830732 0)
(-1.51208 -0.715826 0)
(-1.24186 -0.622585 0)
(-1.02201 -0.549662 0)
(-0.855539 -0.486987 0)
(-0.728779 -0.434735 0)
(-0.621626 -0.395884 0)
(-0.520097 -0.362523 0)
(-0.429966 -0.326222 0)
(-0.362063 -0.292988 0)
(-0.310603 -0.263667 0)
(-0.267187 -0.236155 0)
(-0.229201 -0.210795 0)
(-0.195876 -0.188066 0)
(-0.166978 -0.167875 0)
(-0.141668 -0.150084 0)
(-0.119464 -0.134767 0)
(-0.0998965 -0.121574 0)
(-0.0825215 -0.110458 0)
(-0.0669515 -0.101228 0)
(-0.0528276 -0.0937676 0)
(-0.0397401 -0.0879824 0)
(-0.0272459 -0.0836696 0)
(-0.0154156 -0.0806937 0)
(-0.00486156 -0.0794182 0)
(1.27748 -1.16707 0)
(1.09525 -1.29783 0)
(0.932732 -1.43012 0)
(0.891063 -1.57382 0)
(0.928254 -1.71055 0)
(1.14811 -1.74389 0)
(1.11441 -1.67725 0)
(0.984243 -1.44827 0)
(0.974032 -1.19073 0)
(1.011 -0.950229 0)
(0.943333 -0.804285 0)
(0.675618 -0.752039 0)
(0.249397 -0.684624 0)
(-0.278673 -0.602733 0)
(-0.851037 -0.543704 0)
(-1.52514 -0.339035 0)
(-1.92816 -0.401254 0)
(-1.84629 -0.371235 0)
(-1.56202 -0.394954 0)
(-1.27614 -0.399073 0)
(-1.05757 -0.390743 0)
(-0.895686 -0.372684 0)
(-0.766365 -0.346274 0)
(-0.654145 -0.319731 0)
(-0.552433 -0.296484 0)
(-0.463596 -0.267458 0)
(-0.392388 -0.237612 0)
(-0.337614 -0.212599 0)
(-0.292139 -0.190589 0)
(-0.252249 -0.171036 0)
(-0.216667 -0.153264 0)
(-0.185345 -0.137755 0)
(-0.157837 -0.123965 0)
(-0.133493 -0.111993 0)
(-0.111918 -0.101601 0)
(-0.0926472 -0.0927238 0)
(-0.0752852 -0.0852841 0)
(-0.0594675 -0.0792036 0)
(-0.0448048 -0.0744306 0)
(-0.030858 -0.0708464 0)
(-0.0175638 -0.0683401 0)
(-0.00552215 -0.0671584 0)
(1.39259 -1.28185 0)
(1.17147 -1.43211 0)
(1.08014 -1.57384 0)
(1.06082 -1.7872 0)
(0.927594 -2.05501 0)
(0.564563 -2.01074 0)
(0.447472 -1.85245 0)
(0.439237 -1.71066 0)
(0.43536 -1.53304 0)
(0.438681 -1.28033 0)
(0.52284 -0.91994 0)
(0.440534 -0.611146 0)
(0.0162189 -0.380063 0)
(-0.479592 -0.164693 0)
(-0.981749 0.0103956 0)
(-1.58876 0.244146 0)
(-1.85788 0.136798 0)
(-1.75121 -0.0116244 0)
(-1.48375 -0.145091 0)
(-1.23261 -0.214796 0)
(-1.04321 -0.243142 0)
(-0.89945 -0.249569 0)
(-0.780251 -0.245526 0)
(-0.672625 -0.235916 0)
(-0.575566 -0.222396 0)
(-0.490937 -0.203695 0)
(-0.419339 -0.180721 0)
(-0.360525 -0.160122 0)
(-0.311746 -0.142837 0)
(-0.269533 -0.128463 0)
(-0.232074 -0.115728 0)
(-0.198823 -0.104729 0)
(-0.169634 -0.0951748 0)
(-0.143823 -0.0868137 0)
(-0.120875 -0.0795556 0)
(-0.100329 -0.0732501 0)
(-0.081735 -0.0678519 0)
(-0.0647166 -0.0633223 0)
(-0.0488935 -0.0596451 0)
(-0.0338474 -0.0567738 0)
(-0.0194071 -0.0546773 0)
(-0.00609522 -0.0535541 0)
(1.53173 -1.33512 0)
(1.36958 -1.47918 0)
(1.38191 -1.60172 0)
(1.4756 -1.70191 0)
(1.29536 -1.79287 0)
(0.836548 -1.7942 0)
(0.609065 -1.70434 0)
(0.496883 -1.57234 0)
(0.365271 -1.37289 0)
(0.252043 -1.15087 0)
(0.125617 -0.884825 0)
(-0.0630403 -0.553065 0)
(-0.370981 -0.190549 0)
(-0.743518 0.166814 0)
(-1.21987 0.470239 0)
(-1.62443 0.53195 0)
(-1.69514 0.390047 0)
(-1.55072 0.162215 0)
(-1.34386 0.000959137 0)
(-1.16249 -0.0771335 0)
(-1.01592 -0.112473 0)
(-0.891665 -0.126401 0)
(-0.78049 -0.131986 0)
(-0.678856 -0.13357 0)
(-0.587354 -0.130719 0)
(-0.507257 -0.123536 0)
(-0.437632 -0.112843 0)
(-0.377155 -0.101367 0)
(-0.325528 -0.0911705 0)
(-0.281049 -0.082813 0)
(-0.242002 -0.0757436 0)
(-0.207461 -0.0694923 0)
(-0.177089 -0.0641755 0)
(-0.150299 -0.0595293 0)
(-0.126515 -0.0555074 0)
(-0.105241 -0.0520013 0)
(-0.0859866 -0.0489148 0)
(-0.068335 -0.0462042 0)
(-0.0518861 -0.0438407 0)
(-0.0362237 -0.0417813 0)
(-0.0210471 -0.0399966 0)
(-0.00664936 -0.0387576 0)
(1.74474 -1.17872 0)
(1.64512 -1.16615 0)
(1.5523 -1.29044 0)
(1.43535 -1.31575 0)
(1.19028 -1.2745 0)
(0.85446 -1.26461 0)
(0.573306 -1.28061 0)
(0.362849 -1.23037 0)
(0.182694 -1.09273 0)
(0.0436904 -0.845169 0)
(-0.0960019 -0.494742 0)
(-0.351892 -0.0863019 0)
(-0.728685 0.285437 0)
(-1.1 0.533454 0)
(-1.37445 0.624588 0)
(-1.49895 0.544929 0)
(-1.47711 0.364848 0)
(-1.3672 0.195998 0)
(-1.23445 0.0950644 0)
(-1.10936 0.0458016 0)
(-0.990392 0.0182732 0)
(-0.877857 -0.000907571 0)
(-0.77228 -0.0152366 0)
(-0.674998 -0.0256203 0)
(-0.587772 -0.0323934 0)
(-0.510718 -0.0358527 0)
(-0.442961 -0.0373049 0)
(-0.383278 -0.037201 0)
(-0.331064 -0.0361903 0)
(-0.285643 -0.0350853 0)
(-0.245954 -0.0341444 0)
(-0.211035 -0.0330235 0)
(-0.180266 -0.0319015 0)
(-0.153049 -0.0308794 0)
(-0.128934 -0.0299575 0)
(-0.107376 -0.029136 0)
(-0.0879117 -0.028368 0)
(-0.0701153 -0.027593 0)
(-0.0535719 -0.0267526 0)
(-0.0378815 -0.025772 0)
(-0.0226209 -0.02442 0)
(-0.00744048 -0.0227669 0)
(2.07405 -0.680046 0)
(1.77508 -0.911815 0)
(1.53545 -1.13081 0)
(1.34337 -1.21486 0)
(1.10013 -1.2702 0)
(0.815811 -1.36415 0)
(0.52447 -1.44433 0)
(0.224451 -1.43642 0)
(-0.0874233 -1.30254 0)
(-0.375913 -1.0429 0)
(-0.63206 -0.700473 0)
(-0.858884 -0.327504 0)
(-1.06222 -0.00256843 0)
(-1.22511 0.221228 0)
(-1.33044 0.329856 0)
(-1.37521 0.342886 0)
(-1.35705 0.304975 0)
(-1.28664 0.256751 0)
(-1.18629 0.21573 0)
(-1.07479 0.181421 0)
(-0.961823 0.150255 0)
(-0.853095 0.121598 0)
(-0.751885 0.0964633 0)
(-0.659801 0.0756732 0)
(-0.576588 0.0591238 0)
(-0.502258 0.0457174 0)
(-0.436296 0.0346485 0)
(-0.378251 0.025525 0)
(-0.327381 0.0181425 0)
(-0.282802 0.0122148 0)
(-0.243746 0.00736558 0)
(-0.209407 0.00348825 0)
(-0.179069 0.000484122 0)
(-0.152206 -0.0020088 0)
(-0.128325 -0.00408788 0)
(-0.106961 -0.0057136 0)
(-0.0877014 -0.0069959 0)
(-0.0701606 -0.00791522 0)
(-0.0539742 -0.00842316 0)
(-0.0387771 -0.00846173 0)
(-0.0242199 -0.00767674 0)
(-0.00903763 -0.00561116 0)
(2.23542 -0.587385 0)
(1.93996 -1.00188 0)
(1.73025 -1.29583 0)
(1.51004 -1.49492 0)
(1.25862 -1.68181 0)
(0.972744 -1.85417 0)
(0.624127 -1.97544 0)
(0.199125 -1.9844 0)
(-0.2562 -1.82477 0)
(-0.693975 -1.48863 0)
(-1.0339 -1.04083 0)
(-1.25311 -0.576224 0)
(-1.37568 -0.179764 0)
(-1.43795 0.108939 0)
(-1.45354 0.290975 0)
(-1.42696 0.38083 0)
(-1.36062 0.404306 0)
(-1.26362 0.38765 0)
(-1.15074 0.352439 0)
(-1.0345 0.31182 0)
(-0.922095 0.27144 0)
(-0.816889 0.233523 0)
(-0.720314 0.199163 0)
(-0.632749 0.168742 0)
(-0.553817 0.14219 0)
(-0.483013 0.119252 0)
(-0.420005 0.0996906 0)
(-0.364483 0.083184 0)
(-0.315846 0.0692022 0)
(-0.273255 0.0573558 0)
(-0.235849 0.0473345 0)
(-0.202869 0.0389062 0)
(-0.173663 0.0318698 0)
(-0.147793 0.0259603 0)
(-0.124715 0.0210252 0)
(-0.104066 0.0169909 0)
(-0.0854744 0.013765 0)
(-0.0686018 0.0113074 0)
(-0.0531533 0.00964222 0)
(-0.0388331 0.00878558 0)
(-0.0255259 0.00911319 0)
(-0.0100615 0.0109416 0)
(2.45915 -0.767981 0)
(2.28952 -1.18185 0)
(2.02731 -1.54991 0)
(1.73722 -1.83435 0)
(1.46141 -2.08712 0)
(1.1481 -2.33768 0)
(0.71746 -2.55579 0)
(0.131386 -2.6283 0)
(-0.551918 -2.46759 0)
(-1.20732 -2.03966 0)
(-1.64692 -1.40422 0)
(-1.82283 -0.749018 0)
(-1.81782 -0.226385 0)
(-1.73584 0.132408 0)
(-1.62242 0.357236 0)
(-1.4973 0.473949 0)
(-1.36743 0.514303 0)
(-1.23651 0.507159 0)
(-1.10848 0.474915 0)
(-0.987103 0.431897 0)
(-0.874668 0.385636 0)
(-0.77201 0.339832 0)
(-0.679134 0.296451 0)
(-0.595629 0.256534 0)
(-0.520921 0.220573 0)
(-0.454433 0.188776 0)
(-0.395547 0.161179 0)
(-0.343636 0.137538 0)
(-0.298051 0.117327 0)
(-0.258071 0.100019 0)
(-0.222914 0.0851812 0)
(-0.191868 0.0724911 0)
(-0.164363 0.0617065 0)
(-0.139944 0.0525672 0)
(-0.118186 0.0448704 0)
(-0.0987295 0.0384854 0)
(-0.0812438 0.0332991 0)
(-0.0654376 0.0292341 0)
(-0.0510595 0.0262756 0)
(-0.0378792 0.0243786 0)
(-0.0260244 0.0238343 0)
(-0.0112003 0.0248865 0)
(2.8638 -0.846313 0)
(2.74166 -1.13294 0)
(2.44392 -1.43844 0)
(2.07252 -1.67475 0)
(1.70501 -1.94309 0)
(1.36643 -2.2766 0)
(0.897695 -2.62691 0)
(0.115254 -2.86462 0)
(-0.933581 -2.8445 0)
(-1.94579 -2.44386 0)
(-2.54854 -1.6485 0)
(-2.60919 -0.750525 0)
(-2.37559 -0.074711 0)
(-2.08332 0.328049 0)
(-1.81535 0.551696 0)
(-1.5841 0.65562 0)
(-1.38584 0.683108 0)
(-1.2144 0.66412 0)
(-1.06468 0.619725 0)
(-0.933307 0.563723 0)
(-0.817861 0.504221 0)
(-0.716301 0.445684 0)
(-0.62683 0.390536 0)
(-0.54793 0.340026 0)
(-0.478349 0.294678 0)
(-0.41703 0.254526 0)
(-0.363054 0.219326 0)
(-0.31562 0.18874 0)
(-0.273981 0.16235 0)
(-0.237397 0.139667 0)
(-0.205162 0.12019 0)
(-0.17666 0.103496 0)
(-0.151392 0.0892489 0)
(-0.12894 0.0771316 0)
(-0.108939 0.0668744 0)
(-0.0910751 0.0582907 0)
(-0.0750628 0.0512372 0)
(-0.0606501 0.0456006 0)
(-0.0476246 0.0413235 0)
(-0.0357852 0.0382996 0)
(-0.0254286 0.0367618 0)
(-0.0117222 0.0366875 0)
(3.14306 -0.608939 0)
(3.00053 -0.695144 0)
(2.60584 -0.862635 0)
(2.25947 -0.858914 0)
(2.0441 -0.776889 0)
(1.8515 -0.933742 0)
(1.27842 -1.35222 0)
(0.308271 -1.87539 0)
(-1.0991 -2.16938 0)
(-2.68231 -2.04377 0)
(-3.70979 -1.37579 0)
(-3.65539 -0.39607 0)
(-3.01524 0.401678 0)
(-2.40542 0.791575 0)
(-1.9569 0.928446 0)
(-1.62349 0.951586 0)
(-1.36514 0.919589 0)
(-1.16019 0.857965 0)
(-0.994313 0.78206 0)
(-0.857445 0.70182 0)
(-0.742651 0.623117 0)
(-0.645103 0.549037 0)
(-0.561369 0.481016 0)
(-0.488933 0.419586 0)
(-0.425885 0.364772 0)
(-0.37078 0.316288 0)
(-0.322552 0.273697 0)
(-0.280382 0.236515 0)
(-0.243518 0.204233 0)
(-0.211206 0.176335 0)
(-0.182731 0.152323 0)
(-0.157492 0.131736 0)
(-0.135041 0.11416 0)
(-0.11504 0.0992141 0)
(-0.0972047 0.0865646 0)
(-0.0812872 0.0759526 0)
(-0.0670583 0.0671777 0)
(-0.0543082 0.0600776 0)
(-0.0428579 0.0545474 0)
(-0.0325211 0.0504255 0)
(-0.0236804 0.047916 0)
(-0.0115212 0.0466391 0)
(3.28571 0.0516874 0)
(3.10488 0.409108 0)
(2.68344 0.501507 0)
(2.08331 0.503394 0)
(1.58375 0.818938 0)
(1.72618 0.917528 0)
(1.99186 1.12883 0)
(1.48971 0.779753 0)
(-0.357046 0.203639 0)
(-2.8346 -0.103476 0)
(-4.69061 0.0752561 0)
(-4.81144 0.580507 0)
(-3.66389 1.25724 0)
(-2.59431 1.54492 0)
(-1.94202 1.4969 0)
(-1.54352 1.36193 0)
(-1.26365 1.22147 0)
(-1.05149 1.08818 0)
(-0.885984 0.96427 0)
(-0.754092 0.850756 0)
(-0.64674 0.748073 0)
(-0.557706 0.656027 0)
(-0.482708 0.574001 0)
(-0.418731 0.501188 0)
(-0.363637 0.436733 0)
(-0.31591 0.379819 0)
(-0.27445 0.329694 0)
(-0.238404 0.285668 0)
(-0.207033 0.24711 0)
(-0.179635 0.213469 0)
(-0.155548 0.184277 0)
(-0.134212 0.159128 0)
(-0.115209 0.137645 0)
(-0.0982383 0.119451 0)
(-0.0830677 0.10416 0)
(-0.0695068 0.09142 0)
(-0.057387 0.08093 0)
(-0.0465525 0.0724331 0)
(-0.0368669 0.0657418 0)
(-0.0281682 0.0606202 0)
(-0.0208623 0.0572463 0)
(-0.0105686 0.0548524 0)
(2.46682 1.05013 0)
(2.82823 1.95238 0)
(2.74523 2.59281 0)
(2.29429 2.87812 0)
(1.72754 3.35279 0)
(1.33838 3.58669 0)
(1.30649 3.63731 0)
(1.1626 3.53788 0)
(0.0420261 3.43518 0)
(-2.52662 3.37315 0)
(-4.79287 3.2296 0)
(-5.33504 2.48114 0)
(-4.01217 2.48727 0)
(-2.53512 2.47134 0)
(-1.69392 2.1636 0)
(-1.28749 1.83236 0)
(-1.04639 1.56249 0)
(-0.868335 1.34504 0)
(-0.728443 1.16578 0)
(-0.617074 1.0149 0)
(-0.526937 0.88602 0)
(-0.452584 0.774764 0)
(-0.390231 0.677889 0)
(-0.337251 0.592978 0)
(-0.291785 0.518221 0)
(-0.252512 0.452227 0)
(-0.218492 0.39386 0)
(-0.189039 0.34217 0)
(-0.163581 0.296383 0)
(-0.141572 0.255917 0)
(-0.122466 0.220371 0)
(-0.105746 0.189453 0)
(-0.0909796 0.162898 0)
(-0.0778304 0.140394 0)
(-0.0660525 0.121564 0)
(-0.0554713 0.106 0)
(-0.0459603 0.0933034 0)
(-0.0374192 0.0831032 0)
(-0.0297668 0.0750959 0)
(-0.022886 0.0689341 0)
(-0.0171687 0.0647416 0)
(-0.0089483 0.0613548 0)
(0.908771 2.6375 0)
(1.70437 3.69532 0)
(2.00261 4.40412 0)
(1.623 5.03412 0)
(1.2641 5.76115 0)
(1.43126 6.14638 0)
(2.08049 6.04174 0)
(2.45315 5.89447 0)
(0.680535 6.70369 0)
(-1.78542 7.25323 0)
(-3.5852 6.74628 0)
(-4.49687 4.90441 0)
(-3.47522 3.88222 0)
(-2.02537 3.26717 0)
(-1.19397 2.68178 0)
(-0.867624 2.21475 0)
(-0.720297 1.86118 0)
(-0.613137 1.58452 0)
(-0.522091 1.36227 0)
(-0.445826 1.17967 0)
(-0.382137 1.0267 0)
(-0.32832 0.896472 0)
(-0.282348 0.784124 0)
(-0.242798 0.686241 0)
(-0.208615 0.600393 0)
(-0.178991 0.524775 0)
(-0.153307 0.457949 0)
(-0.131115 0.39872 0)
(-0.112093 0.346114 0)
(-0.0959532 0.299406 0)
(-0.0823569 0.258108 0)
(-0.0708867 0.221891 0)
(-0.061096 0.190486 0)
(-0.05258 0.163605 0)
(-0.0450229 0.140904 0)
(-0.0382112 0.121997 0)
(-0.0320182 0.106483 0)
(-0.0263756 0.0939591 0)
(-0.0212498 0.0840752 0)
(-0.0165795 0.0764109 0)
(-0.0126973 0.0710877 0)
(-0.00684275 0.0664451 0)
(-0.214766 3.14504 0)
(0.270702 2.60974 0)
(0.345808 3.58681 0)
(0.0769609 4.2857 0)
(-0.101632 4.87919 0)
(0.0140198 5.65624 0)
(0.214843 6.42341 0)
(-0.138522 8.15977 0)
(-0.995091 9.44621 0)
(-1.75235 9.48975 0)
(-2.28734 8.46581 0)
(-2.62885 6.24618 0)
(-1.94964 4.50856 0)
(-0.993697 3.3637 0)
(-0.506467 2.678 0)
(-0.382149 2.25741 0)
(-0.352416 1.93311 0)
(-0.320962 1.6596 0)
(-0.283912 1.43007 0)
(-0.247988 1.23629 0)
(-0.215087 1.07112 0)
(-0.185283 0.929359 0)
(-0.158536 0.807066 0)
(-0.134817 0.701253 0)
(-0.113991 0.609571 0)
(-0.095791 0.530088 0)
(-0.0799169 0.461142 0)
(-0.0661537 0.401276 0)
(-0.054426 0.349216 0)
(-0.0447267 0.303876 0)
(-0.0369808 0.264352 0)
(-0.0309563 0.229909 0)
(-0.0262893 0.199954 0)
(-0.0225805 0.174009 0)
(-0.0194847 0.151683 0)
(-0.0167545 0.132641 0)
(-0.0142421 0.116587 0)
(-0.0118782 0.103238 0)
(-0.00964715 0.0923544 0)
(-0.00755432 0.0835929 0)
(-0.00581704 0.0772659 0)
(-0.0032344 0.0712843 0)
(1.75203 6.70257 0)
(1.32592 7.46546 0)
(0.967098 7.84126 0)
(0.639233 8.12504 0)
(0.388531 8.38232 0)
(0.281195 8.32685 0)
(0.252694 8.4859 0)
(0.00394871 8.49685 0)
(-0.34363 7.99371 0)
(-0.627182 6.94162 0)
(-0.783138 5.58484 0)
(-0.63811 3.79919 0)
(-0.211247 2.7016 0)
(-0.0499 2.07539 0)
(-0.0575968 1.75192 0)
(-0.0808523 1.54135 0)
(-0.0869455 1.3452 0)
(-0.0835709 1.15942 0)
(-0.0771109 0.99242 0)
(-0.0691937 0.845164 0)
(-0.0604687 0.716667 0)
(-0.0515809 0.605754 0)
(-0.0430952 0.510999 0)
(-0.0353747 0.430769 0)
(-0.0285319 0.363373 0)
(-0.0225035 0.30723 0)
(-0.0171985 0.260945 0)
(-0.0126157 0.223261 0)
(-0.00884759 0.192941 0)
(-0.00598067 0.168703 0)
(-0.00399661 0.149258 0)
(-0.00275633 0.133431 0)
(-0.00205668 0.120271 0)
(-0.00169579 0.10909 0)
(-0.00150921 0.0994481 0)
(-0.001381 0.0910957 0)
(-0.00124145 0.0839091 0)
(-0.00105933 0.0778288 0)
(-0.000831449 0.0728311 0)
(-0.000587602 0.0688311 0)
(-0.000391574 0.0659588 0)
(-0.0002362 0.0632783 0)
)
;

boundaryField
{
    leftWall
    {
        type            noSlip;
    }
    rightWall
    {
        type            noSlip;
    }
    lowerWall
    {
        type            noSlip;
    }
    atmosphere
    {
        type            pressureInletOutletVelocity;
        value           nonuniform List<vector> 
44
(
(0.000199257 0.11452 0)
(0.00397995 0.12762 0)
(0.00861826 0.122221 0)
(0.0115126 0.117434 0)
(0.0141167 0.111731 0)
(0.0162275 0.104655 0)
(0.0177111 0.0962704 0)
(0.0184775 0.0866257 0)
(0.0184718 0.0757189 0)
(0.0176957 0.0634996 0)
(0.0162256 0.0498544 0)
(0.0142067 0.0345775 0)
(0.0120732 0.0172087 0)
(0 -0.00179393 0)
(0 -0.0199681 0)
(0 -0.0365474 0)
(0 -0.0516817 0)
(0 -0.0654081 0)
(0 -0.0776291 0)
(0 -0.0881972 0)
(0 -0.0969584 0)
(0 -0.103771 0)
(0 -0.108519 0)
(0 -0.111041 0)
(0 -0.111512 0)
(0 -0.109887 0)
(0 -0.105568 0)
(0 -0.0988909 0)
(0 -0.0900869 0)
(0 -0.0794182 0)
(0 -0.0671584 0)
(0 -0.0535541 0)
(0 -0.0387576 0)
(0 -0.0227669 0)
(0 -0.00561116 0)
(-0.0100615 0.0109416 0)
(-0.0112003 0.0248865 0)
(-0.0117222 0.0366875 0)
(-0.0115212 0.0466391 0)
(-0.0105686 0.0548524 0)
(-0.0089483 0.0613548 0)
(-0.00684275 0.0664451 0)
(-0.0032344 0.0712843 0)
(-0.0002362 0.0632783 0)
)
;
    }
    frontAndBack
    {
        type            empty;
    }
}


// ************************************************************************* //
