/*--------------------------------*- C++ -*----------------------------------*\
  =========                 |
  \\      /  F ield         | OpenFOAM: The Open Source CFD Toolbox
   \\    /   O peration     | Website:  https://openfoam.org
    \\  /    A nd           | Version:  13
     \\/     M anipulation  |
\*---------------------------------------------------------------------------*/
FoamFile
{
    format      ascii;
    class       volScalarField;
    location    "500";
    object      omega;
}
// * * * * * * * * * * * * * * * * * * * * * * * * * * * * * * * * * * * * * //

dimensions      [0 0 -1 0 0 0 0];

internalField   nonuniform List<scalar> 
8000
(
1277.54
1263.13
1256.6
1253.67
1252.33
1251.6
1251.1
1250.69
1250.33
1249.99
1249.67
1249.37
1249.07
1248.79
1248.51
1248.25
1247.99
1247.73
1247.48
1247.24
1247
1246.76
1246.53
1246.3
1246.07
1245.84
1245.6
1245.37
1245.12
1244.87
1244.61
1244.34
1244.04
1243.72
1243.37
1242.99
1242.56
1242.09
1241.57
1240.92
1278.61
1263.17
1256.52
1253.6
1252.31
1251.62
1251.14
1250.75
1250.39
1250.06
1249.75
1249.44
1249.15
1248.87
1248.6
1248.34
1248.08
1247.83
1247.58
1247.34
1247.1
1246.87
1246.64
1246.41
1246.18
1245.96
1245.74
1245.51
1245.28
1245.05
1244.81
1244.55
1244.28
1243.97
1243.63
1243.25
1242.79
1242.28
1241.69
1240.9
1278.76
1263.68
1256.91
1253.86
1252.53
1251.83
1251.36
1250.97
1250.63
1250.3
1249.99
1249.7
1249.41
1249.14
1248.87
1248.61
1248.35
1248.1
1247.86
1247.62
1247.39
1247.16
1246.94
1246.72
1246.5
1246.29
1246.09
1245.89
1245.69
1245.49
1245.29
1245.08
1244.84
1244.57
1244.24
1243.82
1243.31
1242.68
1241.94
1240.95
1278.97
1264.48
1257.65
1254.43
1252.99
1252.26
1251.79
1251.41
1251.07
1250.76
1250.45
1250.16
1249.88
1249.61
1249.35
1249.09
1248.84
1248.59
1248.35
1248.12
1247.89
1247.67
1247.45
1247.24
1247.05
1246.86
1246.68
1246.51
1246.36
1246.2
1246.05
1245.88
1245.69
1245.44
1245.1
1244.65
1244.03
1243.24
1242.29
1241.01
1279.2
1265.36
1258.56
1255.19
1253.65
1252.89
1252.41
1252.04
1251.71
1251.4
1251.11
1250.83
1250.56
1250.29
1250.03
1249.78
1249.53
1249.28
1249.05
1248.81
1248.59
1248.37
1248.16
1247.97
1247.79
1247.62
1247.47
1247.34
1247.22
1247.11
1247
1246.88
1246.72
1246.48
1246.12
1245.59
1244.85
1243.87
1242.69
1241.08
1279.42
1266.28
1259.56
1256.08
1254.45
1253.65
1253.17
1252.81
1252.5
1252.21
1251.93
1251.66
1251.4
1251.14
1250.88
1250.63
1250.39
1250.15
1249.91
1249.68
1249.46
1249.24
1249.04
1248.86
1248.68
1248.53
1248.41
1248.3
1248.21
1248.14
1248.06
1247.97
1247.82
1247.58
1247.18
1246.57
1245.69
1244.52
1243.1
1241.16
1279.64
1267.18
1260.59
1257.05
1255.34
1254.51
1254.03
1253.68
1253.39
1253.12
1252.86
1252.6
1252.35
1252.1
1251.86
1251.61
1251.37
1251.13
1250.9
1250.67
1250.45
1250.24
1250.04
1249.86
1249.7
1249.55
1249.44
1249.35
1249.28
1249.23
1249.17
1249.09
1248.94
1248.68
1248.23
1247.53
1246.52
1245.16
1243.5
1241.24
1279.84
1268.05
1261.62
1258.04
1256.28
1255.41
1254.94
1254.61
1254.34
1254.09
1253.85
1253.61
1253.38
1253.14
1252.9
1252.67
1252.43
1252.2
1251.97
1251.75
1251.53
1251.32
1251.12
1250.94
1250.78
1250.64
1250.53
1250.44
1250.38
1250.34
1250.28
1250.2
1250.04
1249.76
1249.26
1248.47
1247.33
1245.79
1243.9
1241.31
1280.02
1268.87
1262.63
1259.05
1257.24
1256.35
1255.87
1255.56
1255.31
1255.09
1254.87
1254.65
1254.43
1254.21
1253.99
1253.76
1253.54
1253.31
1253.08
1252.86
1252.64
1252.44
1252.24
1252.06
1251.89
1251.75
1251.64
1251.55
1251.49
1251.44
1251.38
1251.28
1251.11
1250.79
1250.25
1249.38
1248.11
1246.4
1244.29
1241.38
1280.19
1269.65
1263.6
1260.05
1258.2
1257.28
1256.79
1256.5
1256.27
1256.07
1255.87
1255.68
1255.47
1255.27
1255.06
1254.85
1254.63
1254.42
1254.2
1253.98
1253.77
1253.56
1253.36
1253.18
1253.01
1252.87
1252.75
1252.65
1252.58
1252.51
1252.44
1252.33
1252.14
1251.79
1251.19
1250.25
1248.87
1247
1244.67
1241.46
1280.35
1270.37
1264.53
1261.01
1259.14
1258.19
1257.7
1257.41
1257.19
1257.01
1256.84
1256.66
1256.48
1256.29
1256.1
1255.9
1255.7
1255.5
1255.29
1255.08
1254.87
1254.67
1254.47
1254.29
1254.12
1253.97
1253.83
1253.73
1253.64
1253.56
1253.47
1253.34
1253.12
1252.74
1252.1
1251.09
1249.6
1247.58
1245.04
1241.53
1280.49
1271.05
1265.41
1261.94
1260.04
1259.07
1258.56
1258.27
1258.07
1257.9
1257.74
1257.59
1257.42
1257.25
1257.08
1256.9
1256.71
1256.52
1256.32
1256.12
1255.92
1255.73
1255.54
1255.35
1255.18
1255.02
1254.88
1254.76
1254.66
1254.56
1254.45
1254.3
1254.05
1253.64
1252.96
1251.89
1250.31
1248.14
1245.41
1241.6
1280.63
1271.68
1266.24
1262.82
1260.9
1259.9
1259.37
1259.08
1258.88
1258.72
1258.58
1258.43
1258.29
1258.13
1257.98
1257.81
1257.64
1257.46
1257.28
1257.09
1256.91
1256.72
1256.54
1256.36
1256.19
1256.03
1255.88
1255.75
1255.63
1255.52
1255.39
1255.21
1254.94
1254.5
1253.78
1252.66
1251
1248.69
1245.76
1241.66
1280.75
1272.26
1267.02
1263.65
1261.72
1260.68
1260.13
1259.82
1259.62
1259.47
1259.33
1259.2
1259.07
1258.93
1258.79
1258.64
1258.48
1258.32
1258.15
1257.98
1257.81
1257.63
1257.46
1257.29
1257.12
1256.96
1256.81
1256.67
1256.54
1256.41
1256.26
1256.07
1255.77
1255.31
1254.56
1253.4
1251.66
1249.23
1246.12
1241.73
1280.86
1272.8
1267.75
1264.43
1262.49
1261.42
1260.84
1260.51
1260.3
1260.14
1260.01
1259.89
1259.76
1259.64
1259.51
1259.37
1259.23
1259.08
1258.93
1258.78
1258.62
1258.46
1258.29
1258.13
1257.97
1257.82
1257.67
1257.53
1257.39
1257.24
1257.08
1256.86
1256.55
1256.07
1255.3
1254.09
1252.29
1249.75
1246.46
1241.8
1280.96
1273.3
1268.43
1265.17
1263.21
1262.11
1261.49
1261.14
1260.91
1260.75
1260.62
1260.5
1260.38
1260.26
1260.14
1260.02
1259.89
1259.76
1259.62
1259.48
1259.33
1259.19
1259.04
1258.89
1258.74
1258.59
1258.45
1258.3
1258.16
1258.01
1257.83
1257.6
1257.28
1256.78
1255.99
1254.76
1252.91
1250.26
1246.81
1241.87
1281.05
1273.77
1269.07
1265.86
1263.89
1262.75
1262.1
1261.72
1261.48
1261.3
1261.16
1261.04
1260.93
1260.81
1260.7
1260.59
1260.47
1260.35
1260.22
1260.09
1259.96
1259.83
1259.69
1259.56
1259.42
1259.28
1259.14
1259
1258.86
1258.7
1258.52
1258.28
1257.95
1257.44
1256.64
1255.4
1253.5
1250.77
1247.15
1241.93
1281.14
1274.2
1269.67
1266.52
1264.54
1263.36
1262.68
1262.27
1262
1261.81
1261.66
1261.54
1261.42
1261.31
1261.2
1261.09
1260.98
1260.87
1260.75
1260.64
1260.52
1260.39
1260.27
1260.14
1260.02
1259.89
1259.76
1259.62
1259.48
1259.32
1259.14
1258.9
1258.56
1258.06
1257.26
1256.01
1254.08
1251.27
1247.5
1242
1281.22
1274.61
1270.24
1267.14
1265.16
1263.95
1263.23
1262.79
1262.5
1262.3
1262.14
1262.01
1261.89
1261.77
1261.67
1261.56
1261.45
1261.34
1261.23
1261.12
1261.01
1260.9
1260.78
1260.67
1260.55
1260.43
1260.3
1260.18
1260.04
1259.89
1259.71
1259.47
1259.14
1258.64
1257.85
1256.6
1254.66
1251.77
1247.84
1242.07
1281.3
1275
1270.78
1267.75
1265.76
1264.53
1263.78
1263.3
1263
1262.78
1262.61
1262.47
1262.34
1262.22
1262.11
1262
1261.9
1261.79
1261.68
1261.57
1261.47
1261.36
1261.25
1261.14
1261.03
1260.91
1260.8
1260.68
1260.55
1260.4
1260.22
1260
1259.67
1259.19
1258.42
1257.19
1255.23
1252.27
1248.2
1242.14
1281.38
1275.37
1271.31
1268.34
1266.36
1265.1
1264.32
1263.83
1263.5
1263.27
1263.09
1262.94
1262.81
1262.68
1262.57
1262.45
1262.34
1262.23
1262.12
1262.01
1261.91
1261.8
1261.69
1261.58
1261.48
1261.37
1261.26
1261.14
1261.02
1260.88
1260.71
1260.49
1260.19
1259.72
1258.98
1257.77
1255.8
1252.78
1248.56
1242.22
1281.45
1275.73
1271.83
1268.93
1266.96
1265.69
1264.89
1264.37
1264.03
1263.79
1263.6
1263.45
1263.31
1263.18
1263.05
1262.93
1262.81
1262.7
1262.58
1262.47
1262.35
1262.24
1262.13
1262.03
1261.92
1261.81
1261.7
1261.59
1261.47
1261.34
1261.18
1260.98
1260.69
1260.25
1259.54
1258.35
1256.39
1253.32
1248.94
1242.29
1281.52
1276.09
1272.33
1269.51
1267.56
1266.29
1265.48
1264.95
1264.6
1264.35
1264.16
1264
1263.86
1263.72
1263.59
1263.46
1263.33
1263.2
1263.08
1262.96
1262.83
1262.72
1262.6
1262.49
1262.38
1262.27
1262.16
1262.04
1261.93
1261.8
1261.65
1261.46
1261.2
1260.79
1260.11
1258.96
1257
1253.87
1249.35
1242.37
1281.59
1276.43
1272.84
1270.1
1268.19
1266.92
1266.1
1265.57
1265.22
1264.97
1264.78
1264.62
1264.47
1264.33
1264.19
1264.05
1263.91
1263.78
1263.64
1263.5
1263.37
1263.24
1263.12
1262.99
1262.87
1262.76
1262.64
1262.53
1262.41
1262.29
1262.15
1261.97
1261.73
1261.35
1260.71
1259.58
1257.64
1254.46
1249.77
1242.46
1281.65
1276.78
1273.35
1270.71
1268.83
1267.58
1266.77
1266.24
1265.9
1265.66
1265.47
1265.31
1265.16
1265.02
1264.87
1264.73
1264.57
1264.42
1264.27
1264.12
1263.98
1263.83
1263.7
1263.56
1263.43
1263.3
1263.18
1263.06
1262.94
1262.82
1262.68
1262.52
1262.29
1261.94
1261.33
1260.25
1258.32
1255.08
1250.23
1242.55
1281.72
1277.13
1273.87
1271.33
1269.51
1268.28
1267.48
1266.97
1266.63
1266.4
1266.23
1266.08
1265.93
1265.79
1265.64
1265.48
1265.32
1265.16
1264.99
1264.83
1264.67
1264.51
1264.36
1264.21
1264.07
1263.93
1263.79
1263.66
1263.54
1263.41
1263.27
1263.11
1262.9
1262.57
1262
1260.95
1259.03
1255.75
1250.72
1242.65
1281.79
1277.48
1274.39
1271.97
1270.21
1269.02
1268.24
1267.74
1267.43
1267.22
1267.05
1266.91
1266.78
1266.64
1266.48
1266.32
1266.16
1265.98
1265.81
1265.63
1265.45
1265.28
1265.11
1264.95
1264.79
1264.63
1264.48
1264.34
1264.21
1264.07
1263.93
1263.77
1263.57
1263.26
1262.71
1261.69
1259.79
1256.46
1251.25
1242.76
1281.86
1277.83
1274.93
1272.63
1270.95
1269.8
1269.05
1268.58
1268.28
1268.09
1267.94
1267.82
1267.69
1267.56
1267.41
1267.25
1267.08
1266.9
1266.71
1266.52
1266.33
1266.14
1265.96
1265.78
1265.6
1265.43
1265.27
1265.11
1264.96
1264.81
1264.66
1264.5
1264.3
1264
1263.48
1262.49
1260.6
1257.22
1251.82
1242.88
1281.93
1278.19
1275.48
1273.32
1271.72
1270.62
1269.91
1269.46
1269.19
1269.02
1268.89
1268.78
1268.67
1268.55
1268.4
1268.25
1268.07
1267.89
1267.69
1267.49
1267.29
1267.09
1266.89
1266.69
1266.5
1266.31
1266.13
1265.96
1265.79
1265.63
1265.46
1265.29
1265.09
1264.79
1264.29
1263.33
1261.46
1258.03
1252.44
1243.01
1281.99
1278.55
1276.05
1274.03
1272.52
1271.49
1270.81
1270.4
1270.15
1270
1269.89
1269.8
1269.7
1269.59
1269.46
1269.3
1269.13
1268.94
1268.74
1268.54
1268.33
1268.11
1267.9
1267.69
1267.48
1267.28
1267.08
1266.89
1266.7
1266.52
1266.34
1266.15
1265.93
1265.64
1265.15
1264.21
1262.37
1258.89
1253.1
1243.15
1282.06
1278.92
1276.62
1274.76
1273.36
1272.39
1271.76
1271.38
1271.16
1271.02
1270.93
1270.86
1270.77
1270.67
1270.55
1270.4
1270.23
1270.04
1269.84
1269.63
1269.41
1269.19
1268.97
1268.75
1268.53
1268.31
1268.09
1267.88
1267.67
1267.47
1267.27
1267.06
1266.83
1266.53
1266.04
1265.13
1263.31
1259.81
1253.82
1243.31
1282.14
1279.3
1277.22
1275.51
1274.23
1273.34
1272.76
1272.41
1272.21
1272.09
1272.01
1271.94
1271.87
1271.78
1271.66
1271.52
1271.35
1271.17
1270.97
1270.75
1270.53
1270.3
1270.07
1269.84
1269.61
1269.38
1269.15
1268.92
1268.69
1268.47
1268.24
1268.01
1267.75
1267.44
1266.96
1266.07
1264.29
1260.76
1254.58
1243.48
1282.21
1279.68
1277.82
1276.29
1275.13
1274.32
1273.79
1273.47
1273.29
1273.19
1273.11
1273.05
1272.98
1272.89
1272.77
1272.63
1272.47
1272.28
1272.08
1271.87
1271.64
1271.41
1271.18
1270.94
1270.7
1270.45
1270.21
1269.97
1269.72
1269.47
1269.23
1268.97
1268.69
1268.36
1267.88
1267.02
1265.28
1261.75
1255.39
1243.66
1282.28
1280.07
1278.44
1277.09
1276.06
1275.34
1274.87
1274.58
1274.41
1274.3
1274.22
1274.15
1274.08
1273.98
1273.86
1273.71
1273.55
1273.36
1273.16
1272.94
1272.72
1272.48
1272.24
1272
1271.75
1271.5
1271.24
1270.99
1270.73
1270.46
1270.19
1269.92
1269.62
1269.27
1268.78
1267.95
1266.26
1262.76
1256.24
1243.85
1282.35
1280.46
1279.07
1277.9
1277.02
1276.39
1275.97
1275.7
1275.52
1275.41
1275.32
1275.23
1275.13
1275.02
1274.88
1274.73
1274.55
1274.36
1274.15
1273.93
1273.71
1273.47
1273.23
1272.98
1272.73
1272.47
1272.21
1271.94
1271.67
1271.39
1271.1
1270.8
1270.48
1270.12
1269.63
1268.82
1267.21
1263.77
1257.12
1244.06
1282.43
1280.86
1279.7
1278.73
1277.98
1277.44
1277.06
1276.8
1276.61
1276.47
1276.35
1276.23
1276.1
1275.96
1275.8
1275.63
1275.44
1275.24
1275.03
1274.8
1274.57
1274.34
1274.09
1273.84
1273.58
1273.32
1273.05
1272.78
1272.5
1272.21
1271.91
1271.59
1271.25
1270.87
1270.39
1269.61
1268.08
1264.75
1258.02
1244.29
1282.5
1281.24
1280.31
1279.53
1278.9
1278.43
1278.08
1277.81
1277.6
1277.42
1277.25
1277.09
1276.92
1276.75
1276.57
1276.37
1276.17
1275.96
1275.73
1275.51
1275.27
1275.03
1274.78
1274.53
1274.27
1274
1273.73
1273.45
1273.16
1272.86
1272.55
1272.23
1271.88
1271.49
1271
1270.26
1268.83
1265.63
1258.88
1244.51
1282.56
1281.58
1280.85
1280.22
1279.7
1279.28
1278.93
1278.65
1278.4
1278.17
1277.96
1277.76
1277.55
1277.34
1277.13
1276.92
1276.7
1276.47
1276.24
1276.01
1275.77
1275.52
1275.27
1275.02
1274.75
1274.49
1274.21
1273.92
1273.63
1273.32
1273
1272.67
1272.31
1271.91
1271.43
1270.72
1269.38
1266.36
1259.66
1244.72
1282.61
1281.82
1281.24
1280.71
1280.26
1279.86
1279.51
1279.2
1278.92
1278.66
1278.41
1278.17
1277.93
1277.7
1277.47
1277.24
1277.01
1276.77
1276.53
1276.29
1276.05
1275.8
1275.55
1275.29
1275.02
1274.75
1274.47
1274.18
1273.88
1273.57
1273.24
1272.9
1272.53
1272.13
1271.63
1270.93
1269.63
1266.73
1260.16
1244.87
1282.59
1281.94
1281.41
1280.94
1280.51
1280.12
1279.76
1279.43
1279.13
1278.85
1278.58
1278.32
1278.08
1277.83
1277.59
1277.35
1277.12
1276.88
1276.64
1276.4
1276.15
1275.9
1275.64
1275.38
1275.11
1274.84
1274.55
1274.26
1273.95
1273.64
1273.31
1272.96
1272.58
1272.17
1271.65
1270.9
1269.55
1266.65
1260.19
1245.92
818.401
807.809
803.784
802.129
801.384
800.961
800.659
800.406
800.178
799.964
799.761
799.566
799.379
799.197
799.022
798.851
798.685
798.522
798.364
798.208
798.055
797.904
797.754
797.605
797.457
797.308
797.158
797.005
796.848
796.687
796.518
796.34
796.152
795.949
795.728
795.487
795.219
794.922
794.595
794.149
820.976
278.176
249.008
247.268
247.403
247.76
247.96
248.051
248.072
248.059
248.023
247.977
247.93
247.879
247.818
247.762
247.71
247.662
247.616
247.583
247.56
247.556
247.576
247.672
247.813
247.986
248.175
248.353
248.457
248.46
248.291
247.692
246.504
245.602
244.471
243.168
242.434
244.452
277.657
794.058
820.976
243.984
217.214
215.87
216.058
216.12
216.143
216.125
216.09
216.045
215.996
215.947
215.909
215.868
215.813
215.763
215.721
215.679
215.638
215.611
215.588
215.563
215.538
215.531
215.531
215.534
215.537
215.531
215.513
215.517
215.474
215.147
214.816
214.294
213.828
213.113
213.073
216.395
255.561
794.059
820.976
243.244
215.306
214.271
214.229
214.217
214.175
214.135
214.087
214.038
213.989
213.941
213.896
213.849
213.798
213.75
213.711
213.673
213.632
213.601
213.577
213.525
213.488
213.457
213.432
213.413
213.405
213.409
213.458
213.584
213.52
213.393
213.223
212.771
212.68
211.901
211.971
215.401
254.882
794.059
820.976
244.689
215.61
214.93
214.27
214.266
214.167
214.126
214.076
214.032
213.986
213.941
213.896
213.85
213.801
213.753
213.706
213.659
213.611
213.569
213.533
213.483
213.443
213.407
213.381
213.366
213.371
213.423
213.58
213.713
213.67
213.831
214.062
213.307
212.984
212.415
212.019
215.815
255.123
794.059
820.976
246.893
216.699
214.851
214.791
214.514
214.375
214.289
214.233
214.184
214.139
214.094
214.048
214.002
213.955
213.907
213.858
213.809
213.757
213.705
213.658
213.611
213.57
213.532
213.51
213.5
213.523
213.608
213.764
213.858
214.022
214.47
214.511
214.48
213.413
213.261
212.403
215.989
255.338
794.059
820.977
248.622
217.582
214.956
215.165
214.713
214.577
214.471
214.407
214.355
214.309
214.265
214.22
214.175
214.128
214.08
214.031
213.979
213.925
213.87
213.817
213.773
213.736
213.682
213.658
213.651
213.68
213.798
213.941
214.102
214.336
214.908
214.722
214.897
214.427
213.91
213.136
216.334
255.41
794.059
820.977
249.757
218.009
215.756
215.244
215.064
214.747
214.663
214.584
214.531
214.484
214.44
214.397
214.353
214.308
214.261
214.211
214.159
214.105
214.048
213.991
213.943
213.91
213.863
213.836
213.827
213.851
213.957
214.108
214.324
214.541
214.943
215.232
215.361
215.139
214.645
213.727
216.591
255.363
794.06
820.977
250.8
218.734
216.594
215.474
215.085
214.974
214.85
214.764
214.705
214.659
214.616
214.574
214.532
214.489
214.443
214.396
214.345
214.291
214.235
214.176
214.125
214.087
214.058
214.023
214.01
214.027
214.11
214.262
214.486
214.741
215.07
215.517
215.709
215.685
215.253
214.438
216.791
255.201
794.06
820.977
251.632
219.088
216.69
215.779
215.242
215.136
215.027
214.935
214.873
214.827
214.786
214.746
214.708
214.666
214.623
214.578
214.53
214.479
214.425
214.368
214.315
214.275
214.25
214.207
214.193
214.203
214.279
214.418
214.632
214.878
215.197
215.701
215.972
216.093
215.813
215.286
216.931
254.953
794.06
820.978
252.328
219.367
216.819
216.053
215.643
215.268
215.167
215.102
215.031
214.987
214.947
214.909
214.876
214.836
214.796
214.753
214.709
214.662
214.611
214.557
214.503
214.462
214.435
214.397
214.378
214.385
214.447
214.572
214.768
215.013
215.294
215.799
216.091
216.254
216.213
215.931
217.176
254.565
794.06
820.978
252.945
219.621
217
216.27
215.748
215.453
215.282
215.233
215.165
215.132
215.094
215.055
215.036
214.994
214.957
214.917
214.878
214.834
214.788
214.738
214.687
214.643
214.614
214.581
214.559
214.564
214.614
214.721
214.89
215.156
215.379
215.871
216.177
216.334
216.339
216.122
217.569
254.172
794.061
820.978
253.611
219.803
217.094
216.32
215.865
215.645
215.472
215.342
215.304
215.265
215.229
215.199
215.169
215.134
215.101
215.064
215.034
214.992
214.95
214.907
214.861
214.815
214.788
214.754
214.732
214.737
214.777
214.872
215.009
215.315
215.429
215.914
216.236
216.452
216.424
216.192
217.815
253.736
794.061
820.978
254.184
219.965
217.21
216.464
216.047
215.769
215.597
215.488
215.431
215.387
215.352
215.327
215.282
215.259
215.229
215.199
215.167
215.132
215.096
215.057
215.018
214.977
214.949
214.917
214.897
214.899
214.932
215.015
215.126
215.377
215.526
215.923
216.235
216.447
216.432
216.343
218.027
253.276
794.061
820.979
254.618
220.101
217.307
216.574
216.161
215.906
215.72
215.61
215.543
215.495
215.458
215.428
215.395
215.37
215.343
215.317
215.282
215.255
215.224
215.191
215.156
215.123
215.094
215.066
215.048
215.048
215.074
215.141
215.242
215.388
215.634
215.933
216.222
216.423
216.4
216.359
218.101
252.765
794.061
820.979
254.96
220.233
217.411
216.694
216.29
215.991
215.81
215.715
215.645
215.593
215.553
215.52
215.49
215.465
215.44
215.415
215.388
215.363
215.336
215.307
215.278
215.249
215.222
215.198
215.182
215.179
215.199
215.25
215.35
215.448
215.675
215.923
216.195
216.418
216.406
216.26
218.087
252.258
794.061
820.979
255.235
220.372
217.526
216.818
216.384
216.112
215.969
215.834
215.748
215.686
215.64
215.604
215.574
215.549
215.525
215.502
215.479
215.456
215.432
215.408
215.383
215.358
215.334
215.313
215.299
215.296
215.313
215.351
215.438
215.531
215.71
215.886
216.116
216.329
216.368
216.18
218.023
251.878
794.062
820.979
255.491
220.525
217.674
216.991
216.572
216.297
216.097
215.949
215.848
215.776
215.723
215.683
215.652
215.625
215.602
215.58
215.559
215.538
215.517
215.495
215.474
215.452
215.431
215.413
215.399
215.394
215.404
215.428
215.473
215.561
215.707
215.924
216.125
216.261
216.298
216.175
217.917
251.322
794.062
820.98
255.844
220.688
217.844
217.184
216.763
216.462
216.238
216.071
215.953
215.868
215.807
215.762
215.727
215.699
215.675
215.654
215.633
215.614
215.594
215.575
215.555
215.536
215.517
215.501
215.489
215.482
215.486
215.509
215.549
215.623
215.739
215.896
216.057
216.187
216.225
216.167
217.87
250.904
794.062
820.98
256.177
220.875
218.042
217.404
216.978
216.652
216.399
216.206
216.067
215.967
215.895
215.843
215.804
215.774
215.748
215.726
215.706
215.687
215.668
215.65
215.631
215.613
215.596
215.581
215.569
215.562
215.563
215.577
215.61
215.668
215.758
215.879
216.013
216.124
216.156
216.113
217.829
250.618
794.062
820.98
256.553
221.093
218.255
217.647
217.218
216.869
216.584
216.356
216.192
216.073
215.989
215.93
215.887
215.853
215.826
215.803
215.782
215.763
215.744
215.725
215.708
215.69
215.673
215.658
215.646
215.638
215.637
215.646
215.67
215.714
215.782
215.875
215.986
216.078
216.106
216.088
217.778
250.362
794.063
820.98
256.925
221.271
218.507
217.917
217.484
217.117
216.784
216.51
216.328
216.193
216.093
216.027
215.978
215.941
215.911
215.887
215.865
215.844
215.825
215.806
215.788
215.77
215.753
215.738
215.725
215.715
215.711
215.716
215.732
215.765
215.819
215.9
215.981
216.047
216.088
216.097
217.787
250.03
794.063
820.98
257.524
221.506
218.686
218.182
217.754
217.357
217.003
216.702
216.46
216.312
216.215
216.138
216.082
216.039
216.006
215.98
215.957
215.935
215.915
215.895
215.876
215.857
215.84
215.824
215.81
215.798
215.792
215.793
215.803
215.827
215.867
215.934
215.969
216.036
216.093
216.132
217.803
249.915
794.063
820.981
258.085
221.756
218.92
218.454
218.019
217.569
217.189
216.91
216.647
216.496
216.357
216.262
216.195
216.147
216.112
216.085
216.06
216.038
216.016
215.996
215.976
215.956
215.937
215.92
215.904
215.891
215.883
215.879
215.883
215.898
215.924
215.957
216.027
216.122
216.161
216.215
217.856
249.777
794.063
820.981
258.566
221.933
219.182
218.727
218.33
217.877
217.46
217.118
216.8
216.65
216.492
216.39
216.317
216.267
216.23
216.202
216.176
216.153
216.131
216.11
216.089
216.068
216.047
216.029
216.012
215.996
215.986
215.979
215.979
215.988
216.012
216.055
216.131
216.198
216.249
216.323
217.941
249.622
794.064
820.981
259.231
222.212
219.448
218.858
218.584
218.144
217.713
217.34
216.991
216.807
216.649
216.532
216.453
216.399
216.361
216.333
216.305
216.281
216.26
216.238
216.216
216.194
216.169
216.155
216.134
216.114
216.104
216.092
216.088
216.092
216.107
216.147
216.217
216.302
216.364
216.46
218.05
249.431
794.064
820.981
259.81
222.22
219.656
219.161
218.826
218.408
217.968
217.563
217.196
216.978
216.816
216.685
216.6
216.542
216.503
216.479
216.444
216.424
216.403
216.382
216.359
216.336
216.313
216.29
216.269
216.241
216.238
216.222
216.212
216.21
216.217
216.259
216.332
216.392
216.486
216.614
218.17
249.174
794.064
820.982
260.363
222.172
219.819
219.442
219.026
218.655
218.218
217.768
217.43
217.164
216.993
216.85
216.758
216.698
216.658
216.638
216.598
216.58
216.56
216.539
216.517
216.493
216.472
216.442
216.42
216.401
216.38
216.36
216.347
216.337
216.322
216.382
216.433
216.517
216.674
216.798
218.294
248.827
794.064
820.982
260.848
221.973
219.912
219.619
219.233
218.871
218.459
217.912
217.76
217.352
217.176
217.024
216.927
216.865
216.829
216.808
216.769
216.745
216.727
216.708
216.686
216.663
216.638
216.612
216.587
216.571
216.533
216.514
216.499
216.48
216.492
216.479
216.565
216.725
216.895
216.995
218.414
248.482
794.064
820.982
261.362
221.945
219.708
219.636
219.486
219.106
218.718
218.111
217.992
217.568
217.369
217.212
217.108
217.047
217.012
216.989
216.952
216.924
216.906
216.888
216.867
216.843
216.818
216.791
216.763
216.738
216.708
216.684
216.664
216.649
216.658
216.65
216.653
216.859
216.906
217.098
218.491
248.179
794.065
820.982
261.783
222.01
219.21
219.47
219.514
219.269
218.931
218.378
218.12
217.802
217.578
217.415
217.301
217.24
217.204
217.179
217.143
217.114
217.094
217.076
217.056
217.032
217.006
216.978
216.949
216.919
216.888
216.86
216.834
216.813
216.807
216.817
216.815
216.766
217.022
217.387
218.573
247.759
794.065
820.983
262.158
222.068
218.756
219.223
219.399
219.315
219.06
218.611
218.289
218.023
217.792
217.627
217.5
217.442
217.404
217.372
217.339
217.31
217.287
217.27
217.25
217.226
217.199
217.17
217.139
217.106
217.073
217.04
217.009
216.981
216.964
216.963
217.002
216.985
217.063
217.564
218.572
247.245
794.065
820.983
262.426
222.059
218.466
218.94
219.17
219.288
219.113
218.839
218.416
218.232
218.011
217.852
217.707
217.639
217.598
217.564
217.547
217.511
217.486
217.465
217.444
217.419
217.391
217.361
217.327
217.293
217.256
217.219
217.182
217.147
217.116
217.104
217.096
217.197
217.112
217.112
218.232
246.533
794.065
820.983
262.564
221.986
218.232
218.543
218.759
219.178
218.934
219.146
218.573
218.369
218.205
218.058
217.923
217.829
217.789
217.757
217.745
217.711
217.682
217.656
217.632
217.605
217.575
217.543
217.507
217.47
217.431
217.389
217.347
217.304
217.265
217.23
217.226
217.204
217.384
216.68
218.205
245.76
794.066
820.983
262.61
221.86
217.857
218.349
218.36
219.121
219.112
219.094
218.67
218.467
218.395
218.234
218.107
218.029
217.988
217.95
217.922
217.891
217.863
217.832
217.803
217.773
217.741
217.706
217.668
217.628
217.586
217.542
217.495
217.446
217.396
217.348
217.314
217.293
217.296
216.895
217.699
244.453
794.066
820.983
262.542
221.923
217.783
217.862
218.263
218.418
219.147
218.871
218.689
218.658
218.561
218.377
218.264
218.205
218.165
218.128
218.095
218.063
218.036
217.993
217.954
217.92
217.885
217.847
217.806
217.765
217.721
217.673
217.622
217.568
217.509
217.448
217.364
217.307
217.058
217.251
217.09
242.746
794.066
820.984
262.454
221.797
217.996
217.724
218.249
218.264
218.64
218.769
218.793
218.869
218.741
218.631
218.567
218.516
218.471
218.428
218.387
218.351
218.32
218.265
218.214
218.174
218.133
218.087
218.041
217.999
217.955
217.905
217.852
217.797
217.738
217.671
217.585
217.474
217.27
216.879
217.139
241.651
794.066
820.984
263.304
223.054
219.489
219.319
219.826
220.18
220.619
220.848
221.087
221.118
221.059
221.011
220.949
220.878
220.804
220.732
220.665
220.612
220.555
220.495
220.439
220.396
220.353
220.306
220.262
220.219
220.172
220.114
220.052
219.995
219.929
219.846
219.736
219.558
219.285
218.677
219.299
242.825
794.066
820.984
286.458
252.406
250.139
250.641
251.713
252.639
253.394
254.278
254.837
254.962
254.915
254.741
254.501
254.24
253.99
253.765
253.582
253.469
253.381
253.306
253.241
253.186
253.134
253.082
253.03
252.978
252.92
252.853
252.776
252.687
252.571
252.411
252.172
251.796
251.197
250.575
251.448
277.083
794.067
820.893
820.447
820.119
819.82
819.549
819.304
819.079
818.872
818.679
818.497
818.324
818.158
817.998
817.841
817.686
817.533
817.381
817.228
817.074
816.919
816.761
816.601
816.437
816.27
816.099
815.923
815.741
815.554
815.36
815.158
814.947
814.726
814.49
814.229
813.917
813.486
812.735
811.09
807.118
796.623
818.333
807.546
803.589
802.028
801.333
800.931
800.636
800.387
800.16
799.948
799.745
799.551
799.363
799.182
799.007
798.837
798.671
798.509
798.35
798.195
798.042
797.891
797.741
797.592
797.443
797.294
797.143
796.99
796.833
796.671
796.501
796.324
796.136
795.934
795.715
795.476
795.21
794.916
794.592
794.149
820.976
202.836
162.314
159.627
159.647
160.296
160.733
160.99
161.122
161.182
161.195
161.185
161.164
161.133
161.088
161.046
161.009
160.978
160.955
160.951
160.964
161.002
161.087
161.315
161.618
161.97
162.341
162.683
162.866
162.863
162.471
161.403
159.764
158.186
156.31
154.236
153.298
157.568
207.401
794.058
820.976
152.078
110.351
107.825
107.708
107.812
107.893
107.937
107.95
107.948
107.935
107.915
107.895
107.871
107.842
107.816
107.794
107.774
107.758
107.752
107.751
107.761
107.786
107.836
107.899
107.972
108.043
108.098
108.109
108.067
107.902
107.514
107.009
106.438
105.9
105.535
106.353
114.155
176.906
794.059
820.976
149.296
105.769
103.313
103.137
103.125
103.109
103.092
103.072
103.05
103.027
103.004
102.982
102.958
102.934
102.912
102.892
102.873
102.854
102.84
102.828
102.812
102.803
102.8
102.8
102.805
102.814
102.827
102.854
102.871
102.807
102.722
102.609
102.426
102.365
102.361
103.486
111.769
175.663
794.059
820.976
151.1
105.752
103.075
102.806
102.773
102.734
102.711
102.687
102.664
102.642
102.619
102.597
102.574
102.551
102.528
102.506
102.484
102.462
102.443
102.425
102.405
102.389
102.375
102.365
102.362
102.37
102.4
102.464
102.495
102.493
102.555
102.584
102.327
102.262
102.307
103.371
111.712
175.75
794.059
820.976
154.003
106.243
103.156
102.96
102.841
102.789
102.753
102.726
102.703
102.681
102.658
102.636
102.614
102.591
102.568
102.545
102.521
102.497
102.474
102.453
102.433
102.415
102.4
102.39
102.388
102.403
102.445
102.51
102.555
102.638
102.79
102.799
102.743
102.473
102.564
103.466
111.699
175.74
794.059
820.977
156.567
106.883
103.309
103.127
102.927
102.879
102.835
102.807
102.783
102.761
102.739
102.718
102.696
102.673
102.65
102.627
102.602
102.577
102.552
102.529
102.51
102.492
102.473
102.463
102.462
102.479
102.532
102.592
102.674
102.794
102.967
102.948
102.995
102.86
102.833
103.643
111.65
175.504
794.059
820.977
158.579
107.492
103.573
103.177
103.072
102.97
102.926
102.892
102.867
102.846
102.825
102.804
102.783
102.761
102.739
102.715
102.691
102.665
102.639
102.615
102.595
102.578
102.56
102.549
102.546
102.56
102.611
102.677
102.771
102.881
103.043
103.167
103.218
103.168
103.126
103.786
111.52
175.085
794.06
820.977
160.315
108.124
103.952
103.295
103.139
103.068
103.014
102.978
102.951
102.93
102.91
102.89
102.87
102.85
102.828
102.806
102.782
102.757
102.731
102.705
102.684
102.667
102.652
102.639
102.634
102.644
102.685
102.754
102.852
102.966
103.115
103.299
103.391
103.41
103.378
103.977
111.342
174.501
794.06
820.977
161.704
108.583
104.119
103.44
103.197
103.142
103.096
103.059
103.032
103.011
102.992
102.974
102.956
102.936
102.916
102.895
102.872
102.848
102.823
102.798
102.775
102.758
102.744
102.728
102.723
102.729
102.765
102.828
102.922
103.033
103.178
103.389
103.514
103.597
103.625
104.224
111.134
173.773
794.06
820.978
162.822
108.951
104.241
103.572
103.361
103.213
103.166
103.137
103.108
103.089
103.07
103.053
103.037
103.019
103
102.98
102.96
102.937
102.914
102.889
102.866
102.848
102.834
102.818
102.811
102.815
102.845
102.901
102.987
103.096
103.226
103.436
103.568
103.655
103.775
104.418
110.945
172.972
794.06
820.978
163.711
109.278
104.388
103.703
103.433
103.297
103.227
103.202
103.175
103.159
103.142
103.125
103.114
103.095
103.078
103.06
103.042
103.021
103
102.977
102.954
102.935
102.921
102.906
102.897
102.9
102.924
102.972
103.047
103.161
103.268
103.475
103.62
103.73
103.813
104.414
110.771
171.951
794.061
820.978
164.464
109.541
104.49
103.761
103.5
103.385
103.309
103.259
103.24
103.223
103.208
103.194
103.18
103.164
103.148
103.132
103.117
103.098
103.079
103.058
103.038
103.018
103.004
102.989
102.98
102.983
103.001
103.043
103.106
103.225
103.297
103.496
103.645
103.764
103.854
104.425
110.598
170.938
794.061
820.978
165.379
109.784
104.589
103.843
103.585
103.45
103.373
103.326
103.301
103.283
103.267
103.255
103.237
103.225
103.211
103.197
103.182
103.166
103.149
103.132
103.113
103.095
103.082
103.067
103.059
103.06
103.075
103.11
103.162
103.259
103.338
103.505
103.648
103.764
103.843
104.427
110.427
169.916
794.061
820.979
166.116
109.989
104.674
103.913
103.65
103.516
103.432
103.385
103.356
103.335
103.319
103.306
103.291
103.279
103.267
103.254
103.239
103.226
103.212
103.196
103.18
103.165
103.151
103.139
103.131
103.13
103.141
103.17
103.214
103.278
103.382
103.513
103.648
103.766
103.861
104.379
110.162
168.829
794.061
820.979
166.7
110.164
104.753
103.983
103.715
103.564
103.481
103.436
103.406
103.383
103.366
103.351
103.338
103.326
103.314
103.303
103.291
103.279
103.266
103.253
103.239
103.226
103.213
103.202
103.194
103.193
103.201
103.223
103.263
103.309
103.403
103.512
103.636
103.758
103.848
104.327
109.965
167.872
794.061
820.979
167.178
110.32
104.83
104.051
103.771
103.624
103.55
103.492
103.455
103.428
103.408
103.393
103.379
103.367
103.356
103.346
103.335
103.324
103.313
103.302
103.29
103.278
103.267
103.257
103.25
103.248
103.255
103.271
103.305
103.346
103.421
103.504
103.613
103.727
103.832
104.277
109.754
166.985
794.062
820.979
167.615
110.471
104.913
104.135
103.857
103.706
103.612
103.546
103.503
103.472
103.449
103.431
103.417
103.405
103.394
103.384
103.374
103.364
103.354
103.344
103.334
103.324
103.314
103.305
103.299
103.296
103.299
103.309
103.328
103.365
103.427
103.517
103.613
103.704
103.808
104.264
109.524
165.979
794.062
820.98
168.042
110.626
105.004
104.228
103.947
103.784
103.678
103.604
103.553
103.516
103.489
103.469
103.454
103.441
103.43
103.42
103.41
103.401
103.392
103.383
103.373
103.364
103.356
103.348
103.341
103.338
103.339
103.347
103.363
103.394
103.443
103.511
103.589
103.675
103.779
104.234
109.39
165.319
794.062
820.98
168.676
110.803
105.104
104.329
104.046
103.872
103.752
103.666
103.606
103.563
103.532
103.509
103.492
103.478
103.466
103.456
103.446
103.437
103.428
103.419
103.41
103.402
103.393
103.386
103.38
103.376
103.376
103.381
103.394
103.417
103.455
103.508
103.574
103.651
103.755
104.206
109.263
164.757
794.062
820.98
169.164
110.989
105.213
104.439
104.155
103.971
103.836
103.735
103.665
103.614
103.577
103.551
103.532
103.516
103.504
103.493
103.483
103.473
103.464
103.456
103.447
103.439
103.431
103.423
103.417
103.413
103.411
103.414
103.423
103.441
103.469
103.511
103.566
103.635
103.738
104.191
109.156
164.222
794.063
820.98
169.79
111.189
105.334
104.559
104.275
104.083
103.928
103.807
103.728
103.67
103.627
103.598
103.576
103.559
103.545
103.533
103.523
103.513
103.503
103.494
103.485
103.477
103.469
103.461
103.455
103.45
103.447
103.448
103.454
103.467
103.489
103.524
103.567
103.626
103.734
104.19
109.065
163.629
794.063
820.98
170.552
111.413
105.452
104.682
104.397
104.189
104.027
103.898
103.794
103.729
103.685
103.651
103.626
103.606
103.591
103.578
103.567
103.557
103.547
103.537
103.528
103.519
103.51
103.502
103.495
103.49
103.486
103.485
103.488
103.497
103.514
103.542
103.569
103.627
103.739
104.201
109.009
163.294
794.063
820.981
171.571
111.725
105.564
104.8
104.517
104.294
104.119
103.99
103.879
103.811
103.753
103.711
103.681
103.659
103.642
103.629
103.617
103.606
103.595
103.585
103.575
103.566
103.557
103.548
103.54
103.534
103.529
103.526
103.527
103.532
103.543
103.56
103.597
103.661
103.768
104.228
108.964
162.892
794.063
820.981
172.409
111.979
105.71
104.929
104.655
104.429
104.239
104.089
103.956
103.885
103.819
103.774
103.741
103.717
103.7
103.686
103.673
103.662
103.651
103.64
103.629
103.619
103.609
103.6
103.591
103.584
103.578
103.574
103.573
103.576
103.585
103.604
103.641
103.696
103.803
104.262
108.922
162.464
794.064
820.981
173.469
112.305
105.854
105.013
104.774
104.554
104.358
104.193
104.046
103.963
103.894
103.843
103.807
103.782
103.763
103.749
103.736
103.724
103.713
103.702
103.691
103.679
103.668
103.66
103.65
103.64
103.634
103.628
103.625
103.625
103.631
103.649
103.683
103.739
103.846
104.301
108.874
161.951
794.064
820.981
174.556
112.617
106.002
105.128
104.884
104.675
104.476
104.3
104.144
104.046
103.975
103.918
103.879
103.852
103.833
103.819
103.804
103.792
103.781
103.77
103.759
103.748
103.736
103.725
103.714
103.702
103.698
103.69
103.684
103.682
103.684
103.701
103.734
103.775
103.891
104.343
108.809
161.31
794.064
820.982
175.572
112.855
106.125
105.263
105.002
104.795
104.595
104.404
104.252
104.137
104.061
103.999
103.956
103.928
103.908
103.896
103.879
103.868
103.857
103.846
103.834
103.823
103.812
103.798
103.786
103.776
103.766
103.756
103.749
103.744
103.739
103.757
103.78
103.837
103.968
104.394
108.734
160.712
794.064
820.982
176.598
113.087
106.246
105.361
105.073
104.892
104.705
104.483
104.392
104.235
104.15
104.084
104.039
104.009
103.991
103.978
103.961
103.948
103.937
103.927
103.916
103.904
103.892
103.879
103.866
103.857
103.84
103.83
103.822
103.813
103.815
103.813
103.845
103.924
104.037
104.437
108.635
160.162
794.064
820.982
177.482
113.363
106.238
105.4
105.184
105.002
104.825
104.578
104.504
104.34
104.245
104.175
104.127
104.097
104.08
104.066
104.049
104.034
104.023
104.013
104.002
103.99
103.978
103.964
103.951
103.938
103.924
103.911
103.901
103.893
103.893
103.89
103.895
103.966
104.043
104.444
108.49
159.411
794.065
820.982
178.322
113.664
106.139
105.354
105.22
105.081
104.927
104.7
104.578
104.446
104.346
104.273
104.221
104.19
104.172
104.158
104.142
104.126
104.113
104.103
104.093
104.081
104.068
104.054
104.039
104.025
104.01
103.996
103.983
103.972
103.967
103.969
103.97
103.967
104.076
104.49
108.316
158.472
794.065
820.983
179.08
113.962
106.058
105.258
105.182
105.106
104.991
104.806
104.664
104.548
104.449
104.375
104.318
104.287
104.267
104.252
104.236
104.22
104.206
104.196
104.185
104.173
104.16
104.145
104.13
104.115
104.098
104.083
104.067
104.053
104.044
104.042
104.054
104.064
104.094
104.484
108.053
157.274
794.065
820.983
179.675
114.218
106.05
105.165
105.093
105.091
105.02
104.904
104.741
104.641
104.55
104.48
104.418
104.381
104.361
104.344
104.332
104.316
104.301
104.289
104.277
104.265
104.251
104.236
104.22
104.203
104.186
104.168
104.151
104.134
104.119
104.11
104.111
104.13
104.132
104.332
107.614
155.748
794.065
820.983
180.095
114.419
106.06
105.036
104.937
105.028
104.968
104.996
104.827
104.718
104.642
104.577
104.518
104.475
104.453
104.436
104.425
104.409
104.393
104.379
104.366
104.353
104.338
104.322
104.306
104.288
104.269
104.25
104.23
104.21
104.191
104.173
104.166
104.148
104.226
104.257
107.233
153.981
794.066
820.983
180.338
114.552
106.046
104.984
104.812
104.985
105.009
105.003
104.865
104.774
104.731
104.667
104.608
104.569
104.547
104.528
104.513
104.497
104.481
104.465
104.45
104.435
104.419
104.403
104.385
104.366
104.346
104.326
104.304
104.281
104.258
104.235
104.216
104.2
104.209
104.267
106.826
151.725
794.066
820.983
180.382
114.657
106.082
104.908
104.786
104.801
105.016
104.972
104.907
104.878
104.852
104.78
104.724
104.693
104.67
104.65
104.632
104.614
104.598
104.578
104.558
104.541
104.523
104.505
104.486
104.467
104.447
104.425
104.401
104.376
104.35
104.322
104.287
104.257
104.197
104.321
106.542
149.166
794.066
820.984
180.364
114.8
106.311
105.09
105.025
105.05
105.21
105.299
105.356
105.417
105.397
105.346
105.307
105.271
105.237
105.205
105.174
105.148
105.126
105.099
105.074
105.053
105.033
105.012
104.99
104.971
104.95
104.927
104.902
104.876
104.846
104.813
104.77
104.718
104.64
104.691
106.768
147.642
794.066
820.984
181.767
117.479
109.52
108.616
108.91
109.375
109.89
110.323
110.661
110.827
110.851
110.822
110.742
110.644
110.542
110.445
110.361
110.297
110.247
110.206
110.169
110.142
110.12
110.098
110.077
110.058
110.036
110.008
109.975
109.937
109.886
109.814
109.71
109.559
109.351
109.363
111.506
150.738
794.066
820.984
213.765
162.872
158.403
159.161
161.033
162.709
164.155
165.485
166.502
166.937
166.955
166.768
166.413
166.018
165.631
165.284
165.007
164.862
164.763
164.683
164.62
164.577
164.543
164.511
164.481
164.452
164.415
164.362
164.292
164.199
164.06
163.842
163.496
162.955
162.164
161.83
164.053
201.649
794.067
820.894
820.451
820.125
819.829
819.56
819.317
819.094
818.888
818.695
818.514
818.34
818.174
818.013
817.855
817.7
817.547
817.394
817.241
817.088
816.932
816.775
816.615
816.451
816.284
816.113
815.937
815.756
815.569
815.376
815.175
814.965
814.745
814.51
814.253
813.949
813.538
812.836
811.283
807.379
796.691
818.401
807.809
803.784
802.129
801.384
800.962
800.659
800.406
800.178
799.965
799.761
799.566
799.379
799.197
799.022
798.851
798.685
798.523
798.364
798.208
798.055
797.904
797.754
797.605
797.457
797.308
797.158
797.005
796.848
796.687
796.518
796.34
796.152
795.949
795.728
795.487
795.219
794.922
794.595
794.149
820.976
278.177
249.009
247.268
247.403
247.76
247.959
248.05
248.072
248.058
248.023
247.977
247.929
247.878
247.818
247.762
247.71
247.661
247.616
247.582
247.56
247.555
247.576
247.672
247.813
247.986
248.175
248.353
248.457
248.46
248.291
247.692
246.504
245.602
244.471
243.168
242.434
244.451
277.657
794.058
820.976
243.985
217.214
215.87
216.059
216.12
216.143
216.125
216.089
216.045
215.996
215.946
215.908
215.867
215.812
215.762
215.721
215.679
215.637
215.611
215.588
215.563
215.538
215.531
215.53
215.534
215.536
215.53
215.512
215.516
215.473
215.147
214.816
214.293
213.827
213.113
213.073
216.395
255.561
794.059
820.976
243.245
215.307
214.272
214.23
214.217
214.175
214.135
214.087
214.038
213.989
213.941
213.896
213.848
213.798
213.75
213.712
213.673
213.631
213.6
213.576
213.525
213.488
213.457
213.432
213.412
213.404
213.408
213.458
213.583
213.52
213.392
213.223
212.771
212.68
211.901
211.971
215.401
254.882
794.059
820.976
244.691
215.611
214.932
214.272
214.268
214.168
214.127
214.077
214.032
213.986
213.941
213.896
213.85
213.801
213.753
213.706
213.659
213.611
213.568
213.533
213.483
213.443
213.407
213.381
213.366
213.371
213.423
213.58
213.713
213.671
213.831
214.061
213.307
212.984
212.415
212.019
215.815
255.123
794.059
820.976
246.895
216.701
214.853
214.793
214.517
214.376
214.291
214.234
214.186
214.14
214.094
214.049
214.003
213.955
213.907
213.859
213.809
213.757
213.706
213.658
213.611
213.571
213.532
213.51
213.5
213.523
213.608
213.765
213.859
214.023
214.47
214.511
214.481
213.413
213.261
212.403
215.99
255.338
794.059
820.977
248.623
217.584
214.957
215.168
214.716
214.579
214.473
214.409
214.357
214.311
214.266
214.221
214.176
214.129
214.081
214.032
213.98
213.926
213.871
213.818
213.773
213.737
213.683
213.659
213.652
213.681
213.798
213.942
214.103
214.336
214.908
214.724
214.898
214.427
213.911
213.136
216.335
255.41
794.059
820.977
249.757
218.012
215.759
215.247
215.067
214.75
214.666
214.586
214.533
214.486
214.442
214.399
214.355
214.309
214.262
214.213
214.161
214.106
214.049
213.992
213.944
213.91
213.864
213.837
213.828
213.852
213.959
214.11
214.325
214.543
214.944
215.234
215.362
215.14
214.646
213.728
216.591
255.363
794.06
820.977
250.801
218.736
216.596
215.477
215.088
214.977
214.853
214.767
214.708
214.661
214.618
214.576
214.534
214.491
214.445
214.397
214.347
214.293
214.236
214.178
214.126
214.088
214.059
214.024
214.011
214.028
214.112
214.263
214.487
214.742
215.072
215.518
215.71
215.686
215.255
214.439
216.791
255.202
794.06
820.977
251.633
219.09
216.693
215.782
215.245
215.138
215.03
214.938
214.875
214.83
214.788
214.749
214.71
214.668
214.625
214.58
214.532
214.481
214.426
214.369
214.316
214.276
214.251
214.208
214.194
214.205
214.28
214.419
214.634
214.88
215.198
215.702
215.973
216.094
215.814
215.287
216.932
254.954
794.06
820.978
252.329
219.369
216.821
216.055
215.646
215.27
215.169
215.104
215.033
214.99
214.95
214.911
214.878
214.838
214.798
214.755
214.711
214.664
214.613
214.559
214.504
214.463
214.436
214.398
214.379
214.386
214.449
214.573
214.77
215.014
215.296
215.801
216.093
216.255
216.214
215.932
217.176
254.566
794.06
820.978
252.946
219.622
217.002
216.272
215.75
215.455
215.284
215.235
215.167
215.133
215.096
215.057
215.038
214.995
214.958
214.919
214.88
214.835
214.789
214.74
214.688
214.644
214.614
214.582
214.56
214.565
214.615
214.723
214.892
215.157
215.381
215.873
216.179
216.335
216.34
216.123
217.57
254.172
794.061
820.978
253.612
219.804
217.096
216.322
215.867
215.647
215.473
215.344
215.305
215.266
215.23
215.2
215.17
215.135
215.102
215.065
215.035
214.993
214.952
214.908
214.863
214.815
214.789
214.755
214.733
214.738
214.779
214.873
215.01
215.316
215.43
215.915
216.237
216.454
216.425
216.193
217.816
253.737
794.061
820.978
254.185
219.966
217.211
216.466
216.049
215.77
215.598
215.489
215.432
215.388
215.353
215.327
215.283
215.259
215.23
215.2
215.167
215.133
215.097
215.058
215.019
214.978
214.95
214.918
214.898
214.9
214.933
215.016
215.127
215.378
215.527
215.924
216.236
216.448
216.432
216.344
218.028
253.277
794.061
820.979
254.619
220.102
217.308
216.575
216.162
215.906
215.721
215.611
215.543
215.496
215.458
215.428
215.395
215.37
215.343
215.317
215.282
215.256
215.224
215.191
215.157
215.124
215.094
215.067
215.049
215.048
215.074
215.142
215.243
215.389
215.634
215.934
216.223
216.424
216.4
216.359
218.101
252.765
794.061
820.979
254.961
220.233
217.412
216.694
216.29
215.992
215.81
215.715
215.645
215.593
215.552
215.52
215.49
215.464
215.439
215.415
215.388
215.363
215.336
215.307
215.278
215.249
215.222
215.198
215.182
215.18
215.2
215.251
215.35
215.448
215.675
215.924
216.195
216.419
216.406
216.26
218.087
252.258
794.061
820.979
255.236
220.373
217.527
216.818
216.384
216.112
215.968
215.833
215.747
215.685
215.639
215.603
215.574
215.548
215.524
215.501
215.478
215.455
215.432
215.407
215.382
215.357
215.334
215.313
215.299
215.295
215.312
215.351
215.438
215.531
215.71
215.886
216.116
216.329
216.369
216.18
218.023
251.878
794.062
820.979
255.491
220.525
217.674
216.991
216.572
216.296
216.096
215.948
215.847
215.774
215.722
215.682
215.65
215.624
215.601
215.579
215.558
215.537
215.516
215.495
215.473
215.451
215.431
215.412
215.399
215.394
215.403
215.428
215.472
215.56
215.707
215.923
216.124
216.26
216.298
216.175
217.916
251.322
794.062
820.98
255.845
220.688
217.843
217.183
216.762
216.46
216.236
216.07
215.952
215.867
215.805
215.76
215.725
215.697
215.674
215.652
215.632
215.612
215.593
215.573
215.554
215.535
215.516
215.5
215.488
215.481
215.486
215.508
215.548
215.622
215.739
215.895
216.056
216.187
216.225
216.166
217.87
250.903
794.062
820.98
256.177
220.875
218.041
217.403
216.977
216.651
216.397
216.205
216.066
215.965
215.893
215.841
215.802
215.772
215.747
215.725
215.705
215.685
215.667
215.648
215.63
215.612
215.595
215.579
215.567
215.561
215.562
215.576
215.608
215.667
215.757
215.878
216.012
216.123
216.155
216.112
217.829
250.617
794.062
820.98
256.553
221.093
218.254
217.646
217.217
216.868
216.582
216.354
216.19
216.072
215.987
215.929
215.885
215.852
215.824
215.801
215.78
215.761
215.742
215.724
215.706
215.688
215.672
215.657
215.644
215.636
215.635
215.644
215.668
215.712
215.781
215.873
215.984
216.077
216.105
216.087
217.777
250.361
794.063
820.98
256.925
221.27
218.505
217.915
217.482
217.115
216.782
216.508
216.326
216.191
216.091
216.025
215.976
215.939
215.91
215.885
215.863
215.842
215.823
215.804
215.786
215.768
215.751
215.736
215.723
215.713
215.71
215.714
215.73
215.764
215.817
215.899
215.98
216.045
216.086
216.095
217.786
250.029
794.063
820.98
257.524
221.505
218.684
218.18
217.751
217.354
217.001
216.7
216.458
216.31
216.213
216.136
216.08
216.037
216.004
215.978
215.954
215.933
215.913
215.893
215.874
215.855
215.838
215.822
215.807
215.796
215.79
215.79
215.8
215.824
215.865
215.932
215.967
216.034
216.091
216.13
217.802
249.914
794.063
820.981
258.084
221.754
218.917
218.451
218.017
217.567
217.187
216.908
216.645
216.494
216.355
216.26
216.193
216.145
216.11
216.082
216.058
216.035
216.014
215.993
215.973
215.954
215.934
215.918
215.902
215.889
215.88
215.877
215.881
215.895
215.922
215.955
216.025
216.12
216.159
216.213
217.855
249.776
794.063
820.981
258.565
221.932
219.182
218.726
218.326
217.874
217.458
217.116
216.798
216.648
216.49
216.388
216.315
216.265
216.228
216.2
216.174
216.151
216.129
216.108
216.086
216.065
216.044
216.027
216.009
215.993
215.983
215.976
215.976
215.986
216.009
216.052
216.129
216.196
216.247
216.321
217.939
249.621
794.064
820.981
259.229
222.209
219.442
218.854
218.584
218.143
217.711
217.338
216.989
216.805
216.647
216.53
216.451
216.397
216.359
216.331
216.303
216.279
216.258
216.236
216.214
216.191
216.166
216.152
216.131
216.111
216.101
216.089
216.085
216.089
216.104
216.145
216.214
216.299
216.361
216.458
218.048
249.43
794.064
820.981
259.808
222.217
219.651
219.157
218.823
218.406
217.966
217.562
217.193
216.976
216.815
216.684
216.598
216.541
216.501
216.477
216.442
216.422
216.401
216.379
216.357
216.333
216.31
216.288
216.266
216.24
216.234
216.219
216.209
216.207
216.214
216.256
216.329
216.389
216.483
216.612
218.168
249.173
794.064
820.982
260.361
222.169
219.816
219.438
219.023
218.652
218.217
217.778
217.418
217.161
216.992
216.848
216.757
216.696
216.657
216.637
216.597
216.578
216.558
216.537
216.514
216.491
216.47
216.439
216.417
216.398
216.377
216.357
216.344
216.334
216.319
216.379
216.43
216.514
216.672
216.796
218.292
248.825
794.064
820.982
260.847
221.97
219.909
219.617
219.229
218.869
218.455
217.914
217.758
217.35
217.174
217.023
216.926
216.864
216.828
216.807
216.769
216.744
216.726
216.706
216.684
216.661
216.636
216.61
216.585
216.567
216.532
216.511
216.496
216.478
216.489
216.476
216.562
216.721
216.892
216.992
218.411
248.481
794.064
820.982
261.361
221.943
219.704
219.634
219.484
219.104
218.714
218.098
218.002
217.569
217.368
217.211
217.107
217.047
217.011
216.988
216.951
216.923
216.905
216.887
216.866
216.842
216.816
216.789
216.761
216.736
216.706
216.682
216.662
216.646
216.655
216.647
216.651
216.856
216.903
217.095
218.489
248.178
794.065
820.982
261.782
222.008
219.208
219.467
219.512
219.267
218.929
218.375
218.12
217.802
217.578
217.414
217.3
217.24
217.204
217.179
217.143
217.114
217.093
217.076
217.055
217.031
217.005
216.977
216.947
216.918
216.886
216.858
216.832
216.811
216.804
216.815
216.812
216.763
217.019
217.384
218.57
247.757
794.065
820.983
262.157
222.066
218.755
219.222
219.398
219.314
219.059
218.61
218.288
218.023
217.791
217.626
217.5
217.442
217.404
217.373
217.34
217.31
217.287
217.27
217.25
217.226
217.199
217.169
217.138
217.105
217.072
217.039
217.007
216.979
216.962
216.961
217
216.982
217.061
217.561
218.569
247.244
794.065
820.983
262.425
222.058
218.465
218.939
219.169
219.287
219.112
218.839
218.415
218.232
218.012
217.852
217.708
217.64
217.599
217.565
217.547
217.512
217.486
217.466
217.444
217.42
217.392
217.361
217.327
217.292
217.256
217.218
217.181
217.146
217.115
217.102
217.094
217.195
217.11
217.109
218.229
246.532
794.065
820.983
262.563
221.986
218.231
218.543
218.759
219.178
218.934
219.147
218.573
218.37
218.205
218.058
217.923
217.83
217.79
217.758
217.746
217.712
217.682
217.657
217.632
217.606
217.576
217.543
217.508
217.47
217.431
217.389
217.347
217.304
217.264
217.229
217.225
217.201
217.381
216.678
218.202
245.759
794.066
820.983
262.609
221.86
217.857
218.35
218.36
219.121
219.113
219.095
218.672
218.468
218.396
218.235
218.108
218.03
217.989
217.951
217.923
217.892
217.864
217.833
217.804
217.774
217.742
217.707
217.669
217.629
217.587
217.542
217.495
217.446
217.396
217.347
217.313
217.292
217.294
216.893
217.697
244.451
794.066
820.983
262.542
221.923
217.784
217.862
218.263
218.419
219.149
218.872
218.691
218.66
218.563
218.378
218.266
218.207
218.166
218.129
218.097
218.064
218.038
217.994
217.956
217.922
217.886
217.849
217.808
217.767
217.723
217.675
217.623
217.57
217.51
217.449
217.365
217.307
217.058
217.249
217.089
242.745
794.066
820.984
262.455
221.798
217.997
217.725
218.25
218.265
218.642
218.771
218.795
218.871
218.744
218.633
218.569
218.518
218.473
218.43
218.389
218.353
218.323
218.267
218.216
218.176
218.135
218.089
218.043
218.001
217.957
217.907
217.854
217.799
217.74
217.673
217.587
217.475
217.271
216.879
217.139
241.651
794.066
820.984
263.304
223.055
219.49
219.32
219.827
220.182
220.621
220.85
221.089
221.121
221.061
221.013
220.951
220.88
220.806
220.734
220.667
220.615
220.557
220.498
220.441
220.398
220.355
220.309
220.265
220.222
220.175
220.117
220.055
219.998
219.932
219.85
219.74
219.561
219.288
218.68
219.301
242.825
794.066
820.984
286.458
252.407
250.14
250.642
251.714
252.64
253.395
254.279
254.837
254.963
254.915
254.742
254.501
254.241
253.991
253.766
253.582
253.471
253.382
253.307
253.242
253.188
253.136
253.084
253.032
252.981
252.923
252.855
252.779
252.69
252.574
252.414
252.175
251.8
251.201
250.578
251.448
277.082
794.067
820.893
820.447
820.119
819.82
819.549
819.304
819.079
818.872
818.679
818.497
818.324
818.158
817.998
817.841
817.687
817.534
817.381
817.228
817.075
816.919
816.762
816.601
816.438
816.271
816.099
815.923
815.742
815.554
815.36
815.159
814.948
814.727
814.491
814.23
813.919
813.487
812.737
811.091
807.119
796.623
1277.54
1263.14
1256.6
1253.67
1252.33
1251.6
1251.1
1250.69
1250.33
1249.99
1249.67
1249.37
1249.07
1248.79
1248.51
1248.25
1247.99
1247.73
1247.48
1247.24
1247
1246.76
1246.53
1246.3
1246.07
1245.84
1245.6
1245.37
1245.12
1244.87
1244.61
1244.34
1244.04
1243.72
1243.37
1242.99
1242.56
1242.09
1241.57
1240.92
1278.61
1263.18
1256.52
1253.6
1252.31
1251.62
1251.14
1250.75
1250.39
1250.06
1249.75
1249.44
1249.15
1248.87
1248.6
1248.34
1248.08
1247.83
1247.58
1247.34
1247.1
1246.87
1246.64
1246.41
1246.18
1245.96
1245.74
1245.51
1245.28
1245.05
1244.81
1244.55
1244.28
1243.97
1243.63
1243.25
1242.79
1242.28
1241.69
1240.9
1278.76
1263.68
1256.91
1253.86
1252.53
1251.83
1251.36
1250.97
1250.63
1250.3
1249.99
1249.7
1249.41
1249.14
1248.87
1248.61
1248.35
1248.1
1247.86
1247.62
1247.39
1247.16
1246.94
1246.72
1246.5
1246.3
1246.09
1245.89
1245.69
1245.49
1245.29
1245.08
1244.84
1244.57
1244.24
1243.82
1243.31
1242.68
1241.94
1240.95
1278.97
1264.48
1257.65
1254.43
1252.99
1252.26
1251.79
1251.41
1251.07
1250.76
1250.46
1250.17
1249.89
1249.61
1249.35
1249.09
1248.84
1248.59
1248.35
1248.12
1247.89
1247.67
1247.45
1247.24
1247.05
1246.86
1246.68
1246.51
1246.36
1246.2
1246.05
1245.89
1245.69
1245.44
1245.1
1244.65
1244.03
1243.24
1242.29
1241.01
1279.2
1265.36
1258.56
1255.19
1253.65
1252.89
1252.41
1252.04
1251.71
1251.41
1251.11
1250.83
1250.56
1250.29
1250.03
1249.78
1249.53
1249.29
1249.05
1248.82
1248.59
1248.37
1248.17
1247.97
1247.79
1247.62
1247.47
1247.34
1247.22
1247.11
1247
1246.88
1246.72
1246.48
1246.12
1245.59
1244.85
1243.87
1242.69
1241.08
1279.42
1266.28
1259.56
1256.08
1254.45
1253.65
1253.17
1252.81
1252.5
1252.21
1251.93
1251.66
1251.4
1251.14
1250.88
1250.63
1250.39
1250.15
1249.91
1249.68
1249.46
1249.24
1249.04
1248.86
1248.69
1248.54
1248.41
1248.3
1248.21
1248.14
1248.06
1247.97
1247.82
1247.58
1247.18
1246.57
1245.69
1244.52
1243.1
1241.16
1279.64
1267.18
1260.59
1257.04
1255.34
1254.51
1254.03
1253.68
1253.39
1253.12
1252.86
1252.6
1252.35
1252.1
1251.86
1251.61
1251.37
1251.13
1250.9
1250.67
1250.45
1250.24
1250.04
1249.86
1249.7
1249.56
1249.44
1249.35
1249.28
1249.23
1249.17
1249.09
1248.94
1248.68
1248.23
1247.53
1246.52
1245.16
1243.5
1241.24
1279.84
1268.04
1261.61
1258.04
1256.28
1255.41
1254.94
1254.61
1254.34
1254.09
1253.85
1253.61
1253.38
1253.14
1252.91
1252.67
1252.43
1252.2
1251.97
1251.75
1251.53
1251.32
1251.12
1250.94
1250.78
1250.64
1250.53
1250.44
1250.38
1250.34
1250.28
1250.2
1250.04
1249.76
1249.26
1248.47
1247.33
1245.79
1243.9
1241.31
1280.02
1268.87
1262.62
1259.05
1257.24
1256.35
1255.87
1255.56
1255.31
1255.09
1254.87
1254.65
1254.43
1254.21
1253.99
1253.76
1253.54
1253.31
1253.08
1252.86
1252.64
1252.44
1252.24
1252.06
1251.89
1251.75
1251.64
1251.55
1251.49
1251.44
1251.38
1251.28
1251.11
1250.8
1250.25
1249.38
1248.11
1246.4
1244.29
1241.38
1280.19
1269.64
1263.6
1260.04
1258.2
1257.28
1256.79
1256.5
1256.27
1256.07
1255.87
1255.68
1255.47
1255.27
1255.06
1254.85
1254.63
1254.42
1254.2
1253.98
1253.77
1253.56
1253.37
1253.18
1253.01
1252.87
1252.75
1252.65
1252.58
1252.51
1252.44
1252.33
1252.14
1251.79
1251.19
1250.25
1248.87
1247
1244.67
1241.46
1280.35
1270.37
1264.53
1261.01
1259.13
1258.19
1257.7
1257.4
1257.19
1257.01
1256.84
1256.66
1256.48
1256.29
1256.1
1255.9
1255.7
1255.49
1255.29
1255.08
1254.87
1254.67
1254.47
1254.29
1254.12
1253.97
1253.83
1253.73
1253.64
1253.56
1253.47
1253.34
1253.12
1252.74
1252.1
1251.09
1249.6
1247.58
1245.04
1241.53
1280.49
1271.05
1265.41
1261.94
1260.04
1259.06
1258.56
1258.27
1258.07
1257.9
1257.74
1257.58
1257.42
1257.25
1257.08
1256.89
1256.71
1256.52
1256.32
1256.12
1255.92
1255.73
1255.54
1255.35
1255.18
1255.02
1254.88
1254.76
1254.66
1254.56
1254.45
1254.3
1254.05
1253.64
1252.96
1251.89
1250.31
1248.14
1245.41
1241.6
1280.63
1271.68
1266.24
1262.81
1260.9
1259.9
1259.37
1259.07
1258.88
1258.72
1258.58
1258.43
1258.29
1258.13
1257.98
1257.81
1257.64
1257.46
1257.28
1257.09
1256.91
1256.72
1256.54
1256.36
1256.19
1256.03
1255.88
1255.75
1255.63
1255.52
1255.39
1255.21
1254.94
1254.5
1253.78
1252.66
1251
1248.69
1245.76
1241.66
1280.75
1272.26
1267.02
1263.65
1261.72
1260.68
1260.13
1259.82
1259.62
1259.47
1259.33
1259.2
1259.07
1258.93
1258.79
1258.64
1258.48
1258.32
1258.15
1257.98
1257.81
1257.63
1257.46
1257.29
1257.12
1256.96
1256.81
1256.67
1256.54
1256.41
1256.26
1256.07
1255.77
1255.31
1254.56
1253.39
1251.66
1249.23
1246.12
1241.73
1280.86
1272.8
1267.75
1264.43
1262.48
1261.42
1260.84
1260.51
1260.3
1260.14
1260.01
1259.89
1259.76
1259.64
1259.51
1259.37
1259.23
1259.08
1258.93
1258.78
1258.62
1258.45
1258.29
1258.13
1257.97
1257.82
1257.67
1257.53
1257.39
1257.24
1257.08
1256.86
1256.55
1256.07
1255.29
1254.09
1252.29
1249.75
1246.46
1241.8
1280.96
1273.3
1268.43
1265.16
1263.21
1262.1
1261.49
1261.14
1260.91
1260.75
1260.62
1260.5
1260.38
1260.26
1260.14
1260.02
1259.89
1259.76
1259.62
1259.48
1259.33
1259.19
1259.04
1258.89
1258.74
1258.59
1258.44
1258.3
1258.16
1258.01
1257.83
1257.6
1257.28
1256.78
1255.99
1254.76
1252.91
1250.26
1246.81
1241.87
1281.05
1273.77
1269.07
1265.86
1263.89
1262.75
1262.1
1261.72
1261.48
1261.3
1261.16
1261.04
1260.93
1260.81
1260.7
1260.59
1260.47
1260.35
1260.22
1260.09
1259.96
1259.83
1259.69
1259.55
1259.42
1259.28
1259.14
1259
1258.86
1258.7
1258.52
1258.28
1257.95
1257.44
1256.64
1255.4
1253.5
1250.77
1247.15
1241.93
1281.14
1274.2
1269.67
1266.51
1264.53
1263.36
1262.68
1262.26
1262
1261.81
1261.66
1261.54
1261.42
1261.31
1261.2
1261.09
1260.98
1260.87
1260.75
1260.64
1260.52
1260.39
1260.27
1260.14
1260.02
1259.89
1259.76
1259.62
1259.48
1259.32
1259.14
1258.9
1258.56
1258.06
1257.26
1256.01
1254.08
1251.27
1247.5
1242
1281.22
1274.61
1270.24
1267.14
1265.16
1263.95
1263.23
1262.79
1262.5
1262.3
1262.14
1262.01
1261.89
1261.77
1261.66
1261.56
1261.45
1261.34
1261.23
1261.12
1261.01
1260.9
1260.78
1260.67
1260.55
1260.43
1260.3
1260.18
1260.04
1259.89
1259.7
1259.47
1259.14
1258.64
1257.85
1256.6
1254.65
1251.76
1247.84
1242.07
1281.3
1275
1270.78
1267.75
1265.76
1264.53
1263.77
1263.3
1262.99
1262.78
1262.61
1262.47
1262.34
1262.22
1262.11
1262
1261.9
1261.79
1261.68
1261.57
1261.47
1261.36
1261.25
1261.14
1261.03
1260.91
1260.8
1260.68
1260.55
1260.4
1260.22
1260
1259.67
1259.19
1258.42
1257.19
1255.23
1252.27
1248.2
1242.14
1281.38
1275.37
1271.31
1268.34
1266.36
1265.1
1264.32
1263.83
1263.5
1263.27
1263.09
1262.94
1262.81
1262.68
1262.57
1262.45
1262.34
1262.23
1262.12
1262.01
1261.91
1261.8
1261.69
1261.58
1261.48
1261.37
1261.26
1261.14
1261.02
1260.88
1260.71
1260.49
1260.19
1259.72
1258.98
1257.77
1255.8
1252.78
1248.56
1242.22
1281.45
1275.73
1271.82
1268.92
1266.95
1265.69
1264.89
1264.37
1264.03
1263.79
1263.6
1263.45
1263.31
1263.18
1263.05
1262.93
1262.81
1262.7
1262.58
1262.47
1262.35
1262.24
1262.13
1262.03
1261.92
1261.81
1261.7
1261.59
1261.47
1261.34
1261.18
1260.98
1260.69
1260.25
1259.54
1258.35
1256.39
1253.32
1248.94
1242.29
1281.52
1276.08
1272.33
1269.51
1267.56
1266.29
1265.47
1264.95
1264.6
1264.35
1264.16
1264
1263.86
1263.72
1263.59
1263.46
1263.33
1263.2
1263.08
1262.96
1262.83
1262.72
1262.6
1262.49
1262.38
1262.27
1262.16
1262.04
1261.93
1261.8
1261.65
1261.46
1261.2
1260.79
1260.11
1258.96
1257
1253.87
1249.35
1242.37
1281.59
1276.43
1272.84
1270.1
1268.19
1266.92
1266.1
1265.57
1265.22
1264.97
1264.78
1264.62
1264.47
1264.33
1264.19
1264.05
1263.91
1263.78
1263.64
1263.5
1263.37
1263.24
1263.12
1262.99
1262.87
1262.76
1262.64
1262.53
1262.41
1262.29
1262.15
1261.97
1261.73
1261.35
1260.71
1259.58
1257.64
1254.46
1249.77
1242.46
1281.65
1276.78
1273.35
1270.7
1268.83
1267.58
1266.77
1266.24
1265.9
1265.66
1265.47
1265.31
1265.17
1265.02
1264.87
1264.73
1264.58
1264.42
1264.27
1264.12
1263.98
1263.84
1263.7
1263.56
1263.43
1263.31
1263.18
1263.06
1262.94
1262.82
1262.68
1262.52
1262.29
1261.94
1261.33
1260.25
1258.32
1255.08
1250.23
1242.55
1281.72
1277.13
1273.87
1271.33
1269.51
1268.28
1267.48
1266.97
1266.63
1266.4
1266.23
1266.08
1265.93
1265.79
1265.64
1265.48
1265.32
1265.16
1265
1264.83
1264.67
1264.51
1264.36
1264.21
1264.07
1263.93
1263.79
1263.66
1263.54
1263.41
1263.27
1263.11
1262.9
1262.57
1262
1260.95
1259.03
1255.75
1250.72
1242.65
1281.79
1277.48
1274.39
1271.97
1270.21
1269.02
1268.24
1267.75
1267.43
1267.22
1267.05
1266.91
1266.78
1266.64
1266.49
1266.33
1266.16
1265.99
1265.81
1265.63
1265.46
1265.28
1265.11
1264.95
1264.79
1264.63
1264.49
1264.34
1264.21
1264.07
1263.93
1263.77
1263.57
1263.26
1262.71
1261.69
1259.79
1256.46
1251.25
1242.76
1281.86
1277.83
1274.93
1272.63
1270.95
1269.8
1269.05
1268.58
1268.28
1268.09
1267.94
1267.82
1267.69
1267.56
1267.41
1267.25
1267.08
1266.9
1266.71
1266.52
1266.33
1266.14
1265.96
1265.78
1265.6
1265.43
1265.27
1265.11
1264.96
1264.81
1264.66
1264.5
1264.3
1264
1263.48
1262.49
1260.6
1257.22
1251.82
1242.88
1281.93
1278.19
1275.48
1273.32
1271.72
1270.62
1269.91
1269.46
1269.19
1269.02
1268.89
1268.78
1268.67
1268.55
1268.41
1268.25
1268.07
1267.89
1267.69
1267.5
1267.29
1267.09
1266.89
1266.7
1266.5
1266.32
1266.14
1265.96
1265.79
1265.63
1265.46
1265.29
1265.09
1264.79
1264.29
1263.33
1261.46
1258.03
1252.44
1243.01
1281.99
1278.55
1276.05
1274.03
1272.52
1271.49
1270.81
1270.4
1270.15
1270
1269.89
1269.8
1269.7
1269.59
1269.46
1269.3
1269.13
1268.94
1268.75
1268.54
1268.33
1268.12
1267.9
1267.69
1267.49
1267.28
1267.08
1266.89
1266.7
1266.52
1266.34
1266.15
1265.93
1265.64
1265.15
1264.21
1262.37
1258.89
1253.1
1243.15
1282.06
1278.92
1276.62
1274.76
1273.36
1272.39
1271.76
1271.38
1271.16
1271.02
1270.93
1270.86
1270.77
1270.67
1270.55
1270.4
1270.23
1270.04
1269.84
1269.63
1269.42
1269.2
1268.97
1268.75
1268.53
1268.31
1268.1
1267.88
1267.68
1267.47
1267.27
1267.06
1266.83
1266.53
1266.05
1265.13
1263.31
1259.81
1253.82
1243.31
1282.14
1279.3
1277.22
1275.51
1274.23
1273.34
1272.76
1272.41
1272.21
1272.09
1272.01
1271.95
1271.87
1271.78
1271.66
1271.52
1271.35
1271.17
1270.97
1270.75
1270.53
1270.31
1270.07
1269.84
1269.61
1269.38
1269.15
1268.92
1268.69
1268.47
1268.24
1268.01
1267.76
1267.44
1266.96
1266.08
1264.29
1260.76
1254.58
1243.48
1282.21
1279.68
1277.82
1276.29
1275.13
1274.32
1273.79
1273.48
1273.3
1273.19
1273.11
1273.05
1272.98
1272.89
1272.77
1272.63
1272.47
1272.28
1272.08
1271.87
1271.64
1271.41
1271.18
1270.94
1270.7
1270.46
1270.21
1269.97
1269.72
1269.48
1269.23
1268.97
1268.7
1268.36
1267.88
1267.02
1265.28
1261.75
1255.39
1243.66
1282.28
1280.07
1278.44
1277.09
1276.06
1275.34
1274.87
1274.58
1274.41
1274.3
1274.22
1274.16
1274.08
1273.98
1273.86
1273.71
1273.55
1273.36
1273.16
1272.94
1272.72
1272.48
1272.24
1272
1271.75
1271.5
1271.25
1270.99
1270.73
1270.47
1270.2
1269.92
1269.62
1269.27
1268.78
1267.95
1266.26
1262.76
1256.24
1243.85
1282.35
1280.46
1279.07
1277.91
1277.02
1276.39
1275.97
1275.7
1275.53
1275.41
1275.32
1275.23
1275.13
1275.02
1274.88
1274.73
1274.55
1274.36
1274.15
1273.94
1273.71
1273.47
1273.23
1272.98
1272.73
1272.47
1272.21
1271.94
1271.67
1271.39
1271.11
1270.81
1270.49
1270.12
1269.63
1268.82
1267.21
1263.77
1257.12
1244.07
1282.43
1280.86
1279.7
1278.73
1277.98
1277.44
1277.06
1276.8
1276.61
1276.47
1276.35
1276.23
1276.1
1275.96
1275.8
1275.63
1275.44
1275.24
1275.03
1274.81
1274.57
1274.34
1274.09
1273.84
1273.59
1273.32
1273.06
1272.78
1272.5
1272.21
1271.91
1271.59
1271.26
1270.88
1270.39
1269.61
1268.08
1264.75
1258.02
1244.29
1282.5
1281.24
1280.31
1279.53
1278.9
1278.43
1278.08
1277.81
1277.6
1277.42
1277.26
1277.09
1276.93
1276.75
1276.57
1276.37
1276.17
1275.96
1275.74
1275.51
1275.27
1275.03
1274.79
1274.53
1274.27
1274.01
1273.73
1273.45
1273.16
1272.87
1272.55
1272.23
1271.88
1271.49
1271.01
1270.27
1268.83
1265.64
1258.88
1244.51
1282.56
1281.58
1280.85
1280.22
1279.7
1279.28
1278.94
1278.65
1278.4
1278.18
1277.96
1277.76
1277.55
1277.34
1277.13
1276.92
1276.7
1276.47
1276.24
1276.01
1275.77
1275.53
1275.27
1275.02
1274.76
1274.49
1274.21
1273.92
1273.63
1273.32
1273
1272.67
1272.31
1271.92
1271.43
1270.72
1269.39
1266.36
1259.67
1244.72
1282.61
1281.82
1281.24
1280.72
1280.26
1279.86
1279.51
1279.2
1278.92
1278.66
1278.41
1278.17
1277.93
1277.7
1277.47
1277.24
1277.01
1276.77
1276.54
1276.3
1276.05
1275.8
1275.55
1275.29
1275.03
1274.75
1274.47
1274.18
1273.88
1273.57
1273.24
1272.9
1272.53
1272.13
1271.64
1270.93
1269.63
1266.74
1260.16
1244.87
1282.59
1281.94
1281.41
1280.94
1280.51
1280.12
1279.76
1279.44
1279.13
1278.85
1278.58
1278.33
1278.08
1277.83
1277.59
1277.36
1277.12
1276.88
1276.64
1276.4
1276.15
1275.9
1275.64
1275.38
1275.11
1274.84
1274.55
1274.26
1273.96
1273.64
1273.31
1272.96
1272.59
1272.17
1271.65
1270.91
1269.56
1266.66
1260.2
1245.92
)
;

boundaryField
{
    topAndBottom
    {
        beta1           0.075;
        blended         false;
        type            omegaWallFunction;
        value           nonuniform List<scalar> 
400
(
1277.54
818.401
818.333
818.401
1277.54
1263.13
807.809
807.546
807.809
1263.14
1256.6
803.784
803.589
803.784
1256.6
1253.67
802.129
802.028
802.129
1253.67
1252.33
801.384
801.333
801.384
1252.33
1251.6
800.961
800.931
800.962
1251.6
1251.1
800.659
800.636
800.659
1251.1
1250.69
800.406
800.387
800.406
1250.69
1250.33
800.178
800.16
800.178
1250.33
1249.99
799.964
799.948
799.965
1249.99
1249.67
799.761
799.745
799.761
1249.67
1249.37
799.566
799.551
799.566
1249.37
1249.07
799.379
799.363
799.379
1249.07
1248.79
799.197
799.182
799.197
1248.79
1248.51
799.022
799.007
799.022
1248.51
1248.25
798.851
798.837
798.851
1248.25
1247.99
798.685
798.671
798.685
1247.99
1247.73
798.522
798.509
798.523
1247.73
1247.48
798.364
798.35
798.364
1247.48
1247.24
798.208
798.195
798.208
1247.24
1247
798.055
798.042
798.055
1247
1246.76
797.904
797.891
797.904
1246.76
1246.53
797.754
797.741
797.754
1246.53
1246.3
797.605
797.592
797.605
1246.3
1246.07
797.457
797.443
797.457
1246.07
1245.84
797.308
797.294
797.308
1245.84
1245.6
797.158
797.143
797.158
1245.6
1245.37
797.005
796.99
797.005
1245.37
1245.12
796.848
796.833
796.848
1245.12
1244.87
796.687
796.671
796.687
1244.87
1244.61
796.518
796.501
796.518
1244.61
1244.34
796.34
796.324
796.34
1244.34
1244.04
796.152
796.136
796.152
1244.04
1243.72
795.949
795.934
795.949
1243.72
1243.37
795.728
795.715
795.728
1243.37
1242.99
795.487
795.476
795.487
1242.99
1242.56
795.219
795.21
795.219
1242.56
1242.09
794.922
794.916
794.922
1242.09
1241.57
794.595
794.592
794.595
1241.57
1240.92
794.149
794.149
794.149
1240.92
1282.59
820.893
820.894
820.893
1282.59
1281.94
820.447
820.451
820.447
1281.94
1281.41
820.119
820.125
820.119
1281.41
1280.94
819.82
819.829
819.82
1280.94
1280.51
819.549
819.56
819.549
1280.51
1280.12
819.304
819.317
819.304
1280.12
1279.76
819.079
819.094
819.079
1279.76
1279.43
818.872
818.888
818.872
1279.44
1279.13
818.679
818.695
818.679
1279.13
1278.85
818.497
818.514
818.497
1278.85
1278.58
818.324
818.34
818.324
1278.58
1278.32
818.158
818.174
818.158
1278.33
1278.08
817.998
818.013
817.998
1278.08
1277.83
817.841
817.855
817.841
1277.83
1277.59
817.686
817.7
817.687
1277.59
1277.35
817.533
817.547
817.534
1277.36
1277.12
817.381
817.394
817.381
1277.12
1276.88
817.228
817.241
817.228
1276.88
1276.64
817.074
817.088
817.075
1276.64
1276.4
816.919
816.932
816.919
1276.4
1276.15
816.761
816.775
816.762
1276.15
1275.9
816.601
816.615
816.601
1275.9
1275.64
816.437
816.451
816.438
1275.64
1275.38
816.27
816.284
816.271
1275.38
1275.11
816.099
816.113
816.099
1275.11
1274.84
815.923
815.937
815.923
1274.84
1274.55
815.741
815.756
815.742
1274.55
1274.26
815.554
815.569
815.554
1274.26
1273.95
815.36
815.376
815.36
1273.96
1273.64
815.158
815.175
815.159
1273.64
1273.31
814.947
814.965
814.948
1273.31
1272.96
814.726
814.745
814.727
1272.96
1272.58
814.49
814.51
814.491
1272.59
1272.17
814.229
814.253
814.23
1272.17
1271.65
813.917
813.949
813.919
1271.65
1270.9
813.486
813.538
813.487
1270.91
1269.55
812.735
812.836
812.737
1269.56
1266.65
811.09
811.283
811.091
1266.66
1260.19
807.118
807.379
807.119
1260.2
1245.92
796.623
796.691
796.623
1245.92
)
;
    }
    frontAndBack
    {
        beta1           0.075;
        blended         false;
        type            omegaWallFunction;
        value           nonuniform List<scalar> 
3200
(
1277.54
1278.61
1278.76
1278.97
1279.2
1279.42
1279.64
1279.84
1280.02
1280.19
1280.35
1280.49
1280.63
1280.75
1280.86
1280.96
1281.05
1281.14
1281.22
1281.3
1281.38
1281.45
1281.52
1281.59
1281.65
1281.72
1281.79
1281.86
1281.93
1281.99
1282.06
1282.14
1282.21
1282.28
1282.35
1282.43
1282.5
1282.56
1282.61
1282.59
1263.14
1263.18
1263.68
1264.48
1265.36
1266.28
1267.18
1268.04
1268.87
1269.64
1270.37
1271.05
1271.68
1272.26
1272.8
1273.3
1273.77
1274.2
1274.61
1275
1275.37
1275.73
1276.08
1276.43
1276.78
1277.13
1277.48
1277.83
1278.19
1278.55
1278.92
1279.3
1279.68
1280.07
1280.46
1280.86
1281.24
1281.58
1281.82
1281.94
1256.6
1256.52
1256.91
1257.65
1258.56
1259.56
1260.59
1261.61
1262.62
1263.6
1264.53
1265.41
1266.24
1267.02
1267.75
1268.43
1269.07
1269.67
1270.24
1270.78
1271.31
1271.82
1272.33
1272.84
1273.35
1273.87
1274.39
1274.93
1275.48
1276.05
1276.62
1277.22
1277.82
1278.44
1279.07
1279.7
1280.31
1280.85
1281.24
1281.41
1253.67
1253.6
1253.86
1254.43
1255.19
1256.08
1257.04
1258.04
1259.05
1260.04
1261.01
1261.94
1262.81
1263.65
1264.43
1265.16
1265.86
1266.51
1267.14
1267.75
1268.34
1268.92
1269.51
1270.1
1270.7
1271.33
1271.97
1272.63
1273.32
1274.03
1274.76
1275.51
1276.29
1277.09
1277.91
1278.73
1279.53
1280.22
1280.72
1280.94
1252.33
1252.31
1252.53
1252.99
1253.65
1254.45
1255.34
1256.28
1257.24
1258.2
1259.13
1260.04
1260.9
1261.72
1262.48
1263.21
1263.89
1264.53
1265.16
1265.76
1266.36
1266.95
1267.56
1268.19
1268.83
1269.51
1270.21
1270.95
1271.72
1272.52
1273.36
1274.23
1275.13
1276.06
1277.02
1277.98
1278.9
1279.7
1280.26
1280.51
1251.6
1251.62
1251.83
1252.26
1252.89
1253.65
1254.51
1255.41
1256.35
1257.28
1258.19
1259.06
1259.9
1260.68
1261.42
1262.1
1262.75
1263.36
1263.95
1264.53
1265.1
1265.69
1266.29
1266.92
1267.58
1268.28
1269.02
1269.8
1270.62
1271.49
1272.39
1273.34
1274.32
1275.34
1276.39
1277.44
1278.43
1279.28
1279.86
1280.12
1251.1
1251.14
1251.36
1251.79
1252.41
1253.17
1254.03
1254.94
1255.87
1256.79
1257.7
1258.56
1259.37
1260.13
1260.84
1261.49
1262.1
1262.68
1263.23
1263.77
1264.32
1264.89
1265.47
1266.1
1266.77
1267.48
1268.24
1269.05
1269.91
1270.81
1271.76
1272.76
1273.79
1274.87
1275.97
1277.06
1278.08
1278.94
1279.51
1279.76
1250.69
1250.75
1250.97
1251.41
1252.04
1252.81
1253.68
1254.61
1255.56
1256.5
1257.4
1258.27
1259.07
1259.82
1260.51
1261.14
1261.72
1262.26
1262.79
1263.3
1263.83
1264.37
1264.95
1265.57
1266.24
1266.97
1267.75
1268.58
1269.46
1270.4
1271.38
1272.41
1273.48
1274.58
1275.7
1276.8
1277.81
1278.65
1279.2
1279.44
1250.33
1250.39
1250.63
1251.07
1251.71
1252.5
1253.39
1254.34
1255.31
1256.27
1257.19
1258.07
1258.88
1259.62
1260.3
1260.91
1261.48
1262
1262.5
1262.99
1263.5
1264.03
1264.6
1265.22
1265.9
1266.63
1267.43
1268.28
1269.19
1270.15
1271.16
1272.21
1273.3
1274.41
1275.53
1276.61
1277.6
1278.4
1278.92
1279.13
1249.99
1250.06
1250.3
1250.76
1251.41
1252.21
1253.12
1254.09
1255.09
1256.07
1257.01
1257.9
1258.72
1259.47
1260.14
1260.75
1261.3
1261.81
1262.3
1262.78
1263.27
1263.79
1264.35
1264.97
1265.66
1266.4
1267.22
1268.09
1269.02
1270
1271.02
1272.09
1273.19
1274.3
1275.41
1276.47
1277.42
1278.18
1278.66
1278.85
1249.67
1249.75
1249.99
1250.46
1251.11
1251.93
1252.86
1253.85
1254.87
1255.87
1256.84
1257.74
1258.58
1259.33
1260.01
1260.62
1261.16
1261.66
1262.14
1262.61
1263.09
1263.6
1264.16
1264.78
1265.47
1266.23
1267.05
1267.94
1268.89
1269.89
1270.93
1272.01
1273.11
1274.22
1275.32
1276.35
1277.26
1277.96
1278.41
1278.58
1249.37
1249.44
1249.7
1250.17
1250.83
1251.66
1252.6
1253.61
1254.65
1255.68
1256.66
1257.58
1258.43
1259.2
1259.89
1260.5
1261.04
1261.54
1262.01
1262.47
1262.94
1263.45
1264
1264.62
1265.31
1266.08
1266.91
1267.82
1268.78
1269.8
1270.86
1271.95
1273.05
1274.16
1275.23
1276.23
1277.09
1277.76
1278.17
1278.33
1249.07
1249.15
1249.41
1249.89
1250.56
1251.4
1252.35
1253.38
1254.43
1255.47
1256.48
1257.42
1258.29
1259.07
1259.76
1260.38
1260.93
1261.42
1261.89
1262.34
1262.81
1263.31
1263.86
1264.47
1265.17
1265.93
1266.78
1267.69
1268.67
1269.7
1270.77
1271.87
1272.98
1274.08
1275.13
1276.1
1276.93
1277.55
1277.93
1278.08
1248.79
1248.87
1249.14
1249.61
1250.29
1251.14
1252.1
1253.14
1254.21
1255.27
1256.29
1257.25
1258.13
1258.93
1259.64
1260.26
1260.81
1261.31
1261.77
1262.22
1262.68
1263.18
1263.72
1264.33
1265.02
1265.79
1266.64
1267.56
1268.55
1269.59
1270.67
1271.78
1272.89
1273.98
1275.02
1275.96
1276.75
1277.34
1277.7
1277.83
1248.51
1248.6
1248.87
1249.35
1250.03
1250.88
1251.86
1252.91
1253.99
1255.06
1256.1
1257.08
1257.98
1258.79
1259.51
1260.14
1260.7
1261.2
1261.66
1262.11
1262.57
1263.05
1263.59
1264.19
1264.87
1265.64
1266.49
1267.41
1268.41
1269.46
1270.55
1271.66
1272.77
1273.86
1274.88
1275.8
1276.57
1277.13
1277.47
1277.59
1248.25
1248.34
1248.61
1249.09
1249.78
1250.63
1251.61
1252.67
1253.76
1254.85
1255.9
1256.89
1257.81
1258.64
1259.37
1260.02
1260.59
1261.09
1261.56
1262
1262.45
1262.93
1263.46
1264.05
1264.73
1265.48
1266.33
1267.25
1268.25
1269.3
1270.4
1271.52
1272.63
1273.71
1274.73
1275.63
1276.37
1276.92
1277.24
1277.36
1247.99
1248.08
1248.35
1248.84
1249.53
1250.39
1251.37
1252.43
1253.54
1254.63
1255.7
1256.71
1257.64
1258.48
1259.23
1259.89
1260.47
1260.98
1261.45
1261.9
1262.34
1262.81
1263.33
1263.91
1264.58
1265.32
1266.16
1267.08
1268.07
1269.13
1270.23
1271.35
1272.47
1273.55
1274.55
1275.44
1276.17
1276.7
1277.01
1277.12
1247.73
1247.83
1248.1
1248.59
1249.29
1250.15
1251.13
1252.2
1253.31
1254.42
1255.49
1256.52
1257.46
1258.32
1259.08
1259.76
1260.35
1260.87
1261.34
1261.79
1262.23
1262.7
1263.2
1263.78
1264.42
1265.16
1265.99
1266.9
1267.89
1268.94
1270.04
1271.17
1272.28
1273.36
1274.36
1275.24
1275.96
1276.47
1276.77
1276.88
1247.48
1247.58
1247.86
1248.35
1249.05
1249.91
1250.9
1251.97
1253.08
1254.2
1255.29
1256.32
1257.28
1258.15
1258.93
1259.62
1260.22
1260.75
1261.23
1261.68
1262.12
1262.58
1263.08
1263.64
1264.27
1265
1265.81
1266.71
1267.69
1268.75
1269.84
1270.97
1272.08
1273.16
1274.15
1275.03
1275.74
1276.24
1276.54
1276.64
1247.24
1247.34
1247.62
1248.12
1248.82
1249.68
1250.67
1251.75
1252.86
1253.98
1255.08
1256.12
1257.09
1257.98
1258.78
1259.48
1260.09
1260.64
1261.12
1261.57
1262.01
1262.47
1262.96
1263.5
1264.12
1264.83
1265.63
1266.52
1267.5
1268.54
1269.63
1270.75
1271.87
1272.94
1273.94
1274.81
1275.51
1276.01
1276.3
1276.4
1247
1247.1
1247.39
1247.89
1248.59
1249.46
1250.45
1251.53
1252.64
1253.77
1254.87
1255.92
1256.91
1257.81
1258.62
1259.33
1259.96
1260.52
1261.01
1261.47
1261.91
1262.35
1262.83
1263.37
1263.98
1264.67
1265.46
1266.33
1267.29
1268.33
1269.42
1270.53
1271.64
1272.72
1273.71
1274.57
1275.27
1275.77
1276.05
1276.15
1246.76
1246.87
1247.16
1247.67
1248.37
1249.24
1250.24
1251.32
1252.44
1253.56
1254.67
1255.73
1256.72
1257.63
1258.45
1259.19
1259.83
1260.39
1260.9
1261.36
1261.8
1262.24
1262.72
1263.24
1263.84
1264.51
1265.28
1266.14
1267.09
1268.12
1269.2
1270.31
1271.41
1272.48
1273.47
1274.34
1275.03
1275.53
1275.8
1275.9
1246.53
1246.64
1246.94
1247.45
1248.17
1249.04
1250.04
1251.12
1252.24
1253.37
1254.47
1255.54
1256.54
1257.46
1258.29
1259.04
1259.69
1260.27
1260.78
1261.25
1261.69
1262.13
1262.6
1263.12
1263.7
1264.36
1265.11
1265.96
1266.89
1267.9
1268.97
1270.07
1271.18
1272.24
1273.23
1274.09
1274.79
1275.27
1275.55
1275.64
1246.3
1246.41
1246.72
1247.24
1247.97
1248.86
1249.86
1250.94
1252.06
1253.18
1254.29
1255.35
1256.36
1257.29
1258.13
1258.89
1259.55
1260.14
1260.67
1261.14
1261.58
1262.03
1262.49
1262.99
1263.56
1264.21
1264.95
1265.78
1266.7
1267.69
1268.75
1269.84
1270.94
1272
1272.98
1273.84
1274.53
1275.02
1275.29
1275.38
1246.07
1246.18
1246.5
1247.05
1247.79
1248.69
1249.7
1250.78
1251.89
1253.01
1254.12
1255.18
1256.19
1257.12
1257.97
1258.74
1259.42
1260.02
1260.55
1261.03
1261.48
1261.92
1262.38
1262.87
1263.43
1264.07
1264.79
1265.6
1266.5
1267.49
1268.53
1269.61
1270.7
1271.75
1272.73
1273.59
1274.27
1274.76
1275.03
1275.11
1245.84
1245.96
1246.3
1246.86
1247.62
1248.54
1249.56
1250.64
1251.75
1252.87
1253.97
1255.02
1256.03
1256.96
1257.82
1258.59
1259.28
1259.89
1260.43
1260.91
1261.37
1261.81
1262.27
1262.76
1263.31
1263.93
1264.63
1265.43
1266.32
1267.28
1268.31
1269.38
1270.46
1271.5
1272.47
1273.32
1274.01
1274.49
1274.75
1274.84
1245.6
1245.74
1246.09
1246.68
1247.47
1248.41
1249.44
1250.53
1251.64
1252.75
1253.83
1254.88
1255.88
1256.81
1257.67
1258.44
1259.14
1259.76
1260.3
1260.8
1261.26
1261.7
1262.16
1262.64
1263.18
1263.79
1264.49
1265.27
1266.14
1267.08
1268.1
1269.15
1270.21
1271.25
1272.21
1273.06
1273.73
1274.21
1274.47
1274.55
1245.37
1245.51
1245.89
1246.51
1247.34
1248.3
1249.35
1250.44
1251.55
1252.65
1253.73
1254.76
1255.75
1256.67
1257.53
1258.3
1259
1259.62
1260.18
1260.68
1261.14
1261.59
1262.04
1262.53
1263.06
1263.66
1264.34
1265.11
1265.96
1266.89
1267.88
1268.92
1269.97
1270.99
1271.94
1272.78
1273.45
1273.92
1274.18
1274.26
1245.12
1245.28
1245.69
1246.36
1247.22
1248.21
1249.28
1250.38
1251.49
1252.58
1253.64
1254.66
1255.63
1256.54
1257.39
1258.16
1258.86
1259.48
1260.04
1260.55
1261.02
1261.47
1261.93
1262.41
1262.94
1263.54
1264.21
1264.96
1265.79
1266.7
1267.68
1268.69
1269.72
1270.73
1271.67
1272.5
1273.16
1273.63
1273.88
1273.96
1244.87
1245.05
1245.49
1246.2
1247.11
1248.14
1249.23
1250.34
1251.44
1252.51
1253.56
1254.56
1255.52
1256.41
1257.24
1258.01
1258.7
1259.32
1259.89
1260.4
1260.88
1261.34
1261.8
1262.29
1262.82
1263.41
1264.07
1264.81
1265.63
1266.52
1267.47
1268.47
1269.48
1270.47
1271.39
1272.21
1272.87
1273.32
1273.57
1273.64
1244.61
1244.81
1245.29
1246.05
1247
1248.06
1249.17
1250.28
1251.38
1252.44
1253.47
1254.45
1255.39
1256.26
1257.08
1257.83
1258.52
1259.14
1259.7
1260.22
1260.71
1261.18
1261.65
1262.15
1262.68
1263.27
1263.93
1264.66
1265.46
1266.34
1267.27
1268.24
1269.23
1270.2
1271.11
1271.91
1272.55
1273
1273.24
1273.31
1244.34
1244.55
1245.08
1245.89
1246.88
1247.97
1249.09
1250.2
1251.28
1252.33
1253.34
1254.3
1255.21
1256.07
1256.86
1257.6
1258.28
1258.9
1259.47
1260
1260.49
1260.98
1261.46
1261.97
1262.52
1263.11
1263.77
1264.5
1265.29
1266.15
1267.06
1268.01
1268.97
1269.92
1270.81
1271.59
1272.23
1272.67
1272.9
1272.96
1244.04
1244.28
1244.84
1245.69
1246.72
1247.82
1248.94
1250.04
1251.11
1252.14
1253.12
1254.05
1254.94
1255.77
1256.55
1257.28
1257.95
1258.56
1259.14
1259.67
1260.19
1260.69
1261.2
1261.73
1262.29
1262.9
1263.57
1264.3
1265.09
1265.93
1266.83
1267.76
1268.7
1269.62
1270.49
1271.26
1271.88
1272.31
1272.53
1272.59
1243.72
1243.97
1244.57
1245.44
1246.48
1247.58
1248.68
1249.76
1250.8
1251.79
1252.74
1253.64
1254.5
1255.31
1256.07
1256.78
1257.44
1258.06
1258.64
1259.19
1259.72
1260.25
1260.79
1261.35
1261.94
1262.57
1263.26
1264
1264.79
1265.64
1266.53
1267.44
1268.36
1269.27
1270.12
1270.88
1271.49
1271.92
1272.13
1272.17
1243.37
1243.63
1244.24
1245.1
1246.12
1247.18
1248.23
1249.26
1250.25
1251.19
1252.1
1252.96
1253.78
1254.56
1255.29
1255.99
1256.64
1257.26
1257.85
1258.42
1258.98
1259.54
1260.11
1260.71
1261.33
1262
1262.71
1263.48
1264.29
1265.15
1266.05
1266.96
1267.88
1268.78
1269.63
1270.39
1271.01
1271.43
1271.64
1271.65
1242.99
1243.25
1243.82
1244.65
1245.59
1246.57
1247.53
1248.47
1249.38
1250.25
1251.09
1251.89
1252.66
1253.39
1254.09
1254.76
1255.4
1256.01
1256.6
1257.19
1257.77
1258.35
1258.96
1259.58
1260.25
1260.95
1261.69
1262.49
1263.33
1264.21
1265.13
1266.08
1267.02
1267.95
1268.82
1269.61
1270.27
1270.72
1270.93
1270.91
1242.56
1242.79
1243.31
1244.03
1244.85
1245.69
1246.52
1247.33
1248.11
1248.87
1249.6
1250.31
1251
1251.66
1252.29
1252.91
1253.5
1254.08
1254.65
1255.23
1255.8
1256.39
1257
1257.64
1258.32
1259.03
1259.79
1260.6
1261.46
1262.37
1263.31
1264.29
1265.28
1266.26
1267.21
1268.08
1268.83
1269.39
1269.63
1269.56
1242.09
1242.28
1242.68
1243.24
1243.87
1244.52
1245.16
1245.79
1246.4
1247
1247.58
1248.14
1248.69
1249.23
1249.75
1250.26
1250.77
1251.27
1251.76
1252.27
1252.78
1253.32
1253.87
1254.46
1255.08
1255.75
1256.46
1257.22
1258.03
1258.89
1259.81
1260.76
1261.75
1262.76
1263.77
1264.75
1265.64
1266.36
1266.74
1266.66
1241.57
1241.69
1241.94
1242.29
1242.69
1243.1
1243.5
1243.9
1244.29
1244.67
1245.04
1245.41
1245.76
1246.12
1246.46
1246.81
1247.15
1247.5
1247.84
1248.2
1248.56
1248.94
1249.35
1249.77
1250.23
1250.72
1251.25
1251.82
1252.44
1253.1
1253.82
1254.58
1255.39
1256.24
1257.12
1258.02
1258.88
1259.67
1260.16
1260.2
1240.92
1240.9
1240.95
1241.01
1241.08
1241.16
1241.24
1241.31
1241.38
1241.46
1241.53
1241.6
1241.66
1241.73
1241.8
1241.87
1241.93
1242
1242.07
1242.14
1242.22
1242.29
1242.37
1242.46
1242.55
1242.65
1242.76
1242.88
1243.01
1243.15
1243.31
1243.48
1243.66
1243.85
1244.07
1244.29
1244.51
1244.72
1244.87
1245.92
1277.54
1278.61
1278.76
1278.97
1279.2
1279.42
1279.64
1279.84
1280.02
1280.19
1280.35
1280.49
1280.63
1280.75
1280.86
1280.96
1281.05
1281.14
1281.22
1281.3
1281.38
1281.45
1281.52
1281.59
1281.65
1281.72
1281.79
1281.86
1281.93
1281.99
1282.06
1282.14
1282.21
1282.28
1282.35
1282.43
1282.5
1282.56
1282.61
1282.59
1263.13
1263.17
1263.68
1264.48
1265.36
1266.28
1267.18
1268.05
1268.87
1269.65
1270.37
1271.05
1271.68
1272.26
1272.8
1273.3
1273.77
1274.2
1274.61
1275
1275.37
1275.73
1276.09
1276.43
1276.78
1277.13
1277.48
1277.83
1278.19
1278.55
1278.92
1279.3
1279.68
1280.07
1280.46
1280.86
1281.24
1281.58
1281.82
1281.94
1256.6
1256.52
1256.91
1257.65
1258.56
1259.56
1260.59
1261.62
1262.63
1263.6
1264.53
1265.41
1266.24
1267.02
1267.75
1268.43
1269.07
1269.67
1270.24
1270.78
1271.31
1271.83
1272.33
1272.84
1273.35
1273.87
1274.39
1274.93
1275.48
1276.05
1276.62
1277.22
1277.82
1278.44
1279.07
1279.7
1280.31
1280.85
1281.24
1281.41
1253.67
1253.6
1253.86
1254.43
1255.19
1256.08
1257.05
1258.04
1259.05
1260.05
1261.01
1261.94
1262.82
1263.65
1264.43
1265.17
1265.86
1266.52
1267.14
1267.75
1268.34
1268.93
1269.51
1270.1
1270.71
1271.33
1271.97
1272.63
1273.32
1274.03
1274.76
1275.51
1276.29
1277.09
1277.9
1278.73
1279.53
1280.22
1280.71
1280.94
1252.33
1252.31
1252.53
1252.99
1253.65
1254.45
1255.34
1256.28
1257.24
1258.2
1259.14
1260.04
1260.9
1261.72
1262.49
1263.21
1263.89
1264.54
1265.16
1265.76
1266.36
1266.96
1267.56
1268.19
1268.83
1269.51
1270.21
1270.95
1271.72
1272.52
1273.36
1274.23
1275.13
1276.06
1277.02
1277.98
1278.9
1279.7
1280.26
1280.51
1251.6
1251.62
1251.83
1252.26
1252.89
1253.65
1254.51
1255.41
1256.35
1257.28
1258.19
1259.07
1259.9
1260.68
1261.42
1262.11
1262.75
1263.36
1263.95
1264.53
1265.1
1265.69
1266.29
1266.92
1267.58
1268.28
1269.02
1269.8
1270.62
1271.49
1272.39
1273.34
1274.32
1275.34
1276.39
1277.44
1278.43
1279.28
1279.86
1280.12
1251.1
1251.14
1251.36
1251.79
1252.41
1253.17
1254.03
1254.94
1255.87
1256.79
1257.7
1258.56
1259.37
1260.13
1260.84
1261.49
1262.1
1262.68
1263.23
1263.78
1264.32
1264.89
1265.48
1266.1
1266.77
1267.48
1268.24
1269.05
1269.91
1270.81
1271.76
1272.76
1273.79
1274.87
1275.97
1277.06
1278.08
1278.93
1279.51
1279.76
1250.69
1250.75
1250.97
1251.41
1252.04
1252.81
1253.68
1254.61
1255.56
1256.5
1257.41
1258.27
1259.08
1259.82
1260.51
1261.14
1261.72
1262.27
1262.79
1263.3
1263.83
1264.37
1264.95
1265.57
1266.24
1266.97
1267.74
1268.58
1269.46
1270.4
1271.38
1272.41
1273.47
1274.58
1275.7
1276.8
1277.81
1278.65
1279.2
1279.43
1250.33
1250.39
1250.63
1251.07
1251.71
1252.5
1253.39
1254.34
1255.31
1256.27
1257.19
1258.07
1258.88
1259.62
1260.3
1260.91
1261.48
1262
1262.5
1263
1263.5
1264.03
1264.6
1265.22
1265.9
1266.63
1267.43
1268.28
1269.19
1270.15
1271.16
1272.21
1273.29
1274.41
1275.52
1276.61
1277.6
1278.4
1278.92
1279.13
1249.99
1250.06
1250.3
1250.76
1251.4
1252.21
1253.12
1254.09
1255.09
1256.07
1257.01
1257.9
1258.72
1259.47
1260.14
1260.75
1261.3
1261.81
1262.3
1262.78
1263.27
1263.79
1264.35
1264.97
1265.66
1266.4
1267.22
1268.09
1269.02
1270
1271.02
1272.09
1273.19
1274.3
1275.41
1276.47
1277.42
1278.17
1278.66
1278.85
1249.67
1249.75
1249.99
1250.45
1251.11
1251.93
1252.86
1253.85
1254.87
1255.87
1256.84
1257.74
1258.58
1259.33
1260.01
1260.62
1261.16
1261.66
1262.14
1262.61
1263.09
1263.6
1264.16
1264.78
1265.47
1266.23
1267.05
1267.94
1268.89
1269.89
1270.93
1272.01
1273.11
1274.22
1275.32
1276.35
1277.25
1277.96
1278.41
1278.58
1249.37
1249.44
1249.7
1250.16
1250.83
1251.66
1252.6
1253.61
1254.65
1255.68
1256.66
1257.59
1258.43
1259.2
1259.89
1260.5
1261.04
1261.54
1262.01
1262.47
1262.94
1263.45
1264
1264.62
1265.31
1266.08
1266.91
1267.82
1268.78
1269.8
1270.86
1271.94
1273.05
1274.15
1275.23
1276.23
1277.09
1277.76
1278.17
1278.32
1249.07
1249.15
1249.41
1249.88
1250.56
1251.4
1252.35
1253.38
1254.43
1255.47
1256.48
1257.42
1258.29
1259.07
1259.76
1260.38
1260.93
1261.42
1261.89
1262.34
1262.81
1263.31
1263.86
1264.47
1265.16
1265.93
1266.78
1267.69
1268.67
1269.7
1270.77
1271.87
1272.98
1274.08
1275.13
1276.1
1276.92
1277.55
1277.93
1278.08
1248.79
1248.87
1249.14
1249.61
1250.29
1251.14
1252.1
1253.14
1254.21
1255.27
1256.29
1257.25
1258.13
1258.93
1259.64
1260.26
1260.81
1261.31
1261.77
1262.22
1262.68
1263.18
1263.72
1264.33
1265.02
1265.79
1266.64
1267.56
1268.55
1269.59
1270.67
1271.78
1272.89
1273.98
1275.02
1275.96
1276.75
1277.34
1277.7
1277.83
1248.51
1248.6
1248.87
1249.35
1250.03
1250.88
1251.86
1252.9
1253.99
1255.06
1256.1
1257.08
1257.98
1258.79
1259.51
1260.14
1260.7
1261.2
1261.67
1262.11
1262.57
1263.05
1263.59
1264.19
1264.87
1265.64
1266.48
1267.41
1268.4
1269.46
1270.55
1271.66
1272.77
1273.86
1274.88
1275.8
1276.57
1277.13
1277.47
1277.59
1248.25
1248.34
1248.61
1249.09
1249.78
1250.63
1251.61
1252.67
1253.76
1254.85
1255.9
1256.9
1257.81
1258.64
1259.37
1260.02
1260.59
1261.09
1261.56
1262
1262.45
1262.93
1263.46
1264.05
1264.73
1265.48
1266.32
1267.25
1268.25
1269.3
1270.4
1271.52
1272.63
1273.71
1274.73
1275.63
1276.37
1276.92
1277.24
1277.35
1247.99
1248.08
1248.35
1248.84
1249.53
1250.39
1251.37
1252.43
1253.54
1254.63
1255.7
1256.71
1257.64
1258.48
1259.23
1259.89
1260.47
1260.98
1261.45
1261.9
1262.34
1262.81
1263.33
1263.91
1264.57
1265.32
1266.16
1267.08
1268.07
1269.13
1270.23
1271.35
1272.47
1273.55
1274.55
1275.44
1276.17
1276.7
1277.01
1277.12
1247.73
1247.83
1248.1
1248.59
1249.28
1250.15
1251.13
1252.2
1253.31
1254.42
1255.5
1256.52
1257.46
1258.32
1259.08
1259.76
1260.35
1260.87
1261.34
1261.79
1262.23
1262.7
1263.2
1263.78
1264.42
1265.16
1265.98
1266.9
1267.89
1268.94
1270.04
1271.17
1272.28
1273.36
1274.36
1275.24
1275.96
1276.47
1276.77
1276.88
1247.48
1247.58
1247.86
1248.35
1249.05
1249.91
1250.9
1251.97
1253.08
1254.2
1255.29
1256.32
1257.28
1258.15
1258.93
1259.62
1260.22
1260.75
1261.23
1261.68
1262.12
1262.58
1263.08
1263.64
1264.27
1264.99
1265.81
1266.71
1267.69
1268.74
1269.84
1270.97
1272.08
1273.16
1274.15
1275.03
1275.73
1276.24
1276.53
1276.64
1247.24
1247.34
1247.62
1248.12
1248.81
1249.68
1250.67
1251.75
1252.86
1253.98
1255.08
1256.12
1257.09
1257.98
1258.78
1259.48
1260.09
1260.64
1261.12
1261.57
1262.01
1262.47
1262.96
1263.5
1264.12
1264.83
1265.63
1266.52
1267.49
1268.54
1269.63
1270.75
1271.87
1272.94
1273.93
1274.8
1275.51
1276.01
1276.29
1276.4
1247
1247.1
1247.39
1247.89
1248.59
1249.46
1250.45
1251.53
1252.64
1253.77
1254.87
1255.92
1256.91
1257.81
1258.62
1259.33
1259.96
1260.52
1261.01
1261.47
1261.91
1262.35
1262.83
1263.37
1263.98
1264.67
1265.45
1266.33
1267.29
1268.33
1269.41
1270.53
1271.64
1272.72
1273.71
1274.57
1275.27
1275.77
1276.05
1276.15
1246.76
1246.87
1247.16
1247.67
1248.37
1249.24
1250.24
1251.32
1252.44
1253.56
1254.67
1255.73
1256.72
1257.63
1258.46
1259.19
1259.83
1260.39
1260.9
1261.36
1261.8
1262.24
1262.72
1263.24
1263.83
1264.51
1265.28
1266.14
1267.09
1268.11
1269.19
1270.3
1271.41
1272.48
1273.47
1274.34
1275.03
1275.52
1275.8
1275.9
1246.53
1246.64
1246.94
1247.45
1248.16
1249.04
1250.04
1251.12
1252.24
1253.36
1254.47
1255.54
1256.54
1257.46
1258.29
1259.04
1259.69
1260.27
1260.78
1261.25
1261.69
1262.13
1262.6
1263.12
1263.7
1264.36
1265.11
1265.96
1266.89
1267.9
1268.97
1270.07
1271.18
1272.24
1273.23
1274.09
1274.78
1275.27
1275.55
1275.64
1246.3
1246.41
1246.72
1247.24
1247.97
1248.86
1249.86
1250.94
1252.06
1253.18
1254.29
1255.35
1256.36
1257.29
1258.13
1258.89
1259.56
1260.14
1260.67
1261.14
1261.58
1262.03
1262.49
1262.99
1263.56
1264.21
1264.95
1265.78
1266.69
1267.69
1268.75
1269.84
1270.94
1272
1272.98
1273.84
1274.53
1275.02
1275.29
1275.38
1246.07
1246.18
1246.5
1247.05
1247.79
1248.68
1249.7
1250.78
1251.89
1253.01
1254.12
1255.18
1256.19
1257.12
1257.97
1258.74
1259.42
1260.02
1260.55
1261.03
1261.48
1261.92
1262.38
1262.87
1263.43
1264.07
1264.79
1265.6
1266.5
1267.48
1268.53
1269.61
1270.7
1271.75
1272.73
1273.58
1274.27
1274.75
1275.02
1275.11
1245.84
1245.96
1246.29
1246.86
1247.62
1248.53
1249.55
1250.64
1251.75
1252.87
1253.97
1255.02
1256.03
1256.96
1257.82
1258.59
1259.28
1259.89
1260.43
1260.91
1261.37
1261.81
1262.27
1262.76
1263.3
1263.93
1264.63
1265.43
1266.31
1267.28
1268.31
1269.38
1270.45
1271.5
1272.47
1273.32
1274
1274.49
1274.75
1274.84
1245.6
1245.74
1246.09
1246.68
1247.47
1248.41
1249.44
1250.53
1251.64
1252.75
1253.83
1254.88
1255.88
1256.81
1257.67
1258.45
1259.14
1259.76
1260.3
1260.8
1261.26
1261.7
1262.16
1262.64
1263.18
1263.79
1264.48
1265.27
1266.13
1267.08
1268.09
1269.15
1270.21
1271.24
1272.21
1273.05
1273.73
1274.21
1274.47
1274.55
1245.37
1245.51
1245.89
1246.51
1247.34
1248.3
1249.35
1250.44
1251.55
1252.65
1253.73
1254.76
1255.75
1256.67
1257.53
1258.3
1259
1259.62
1260.18
1260.68
1261.14
1261.59
1262.04
1262.53
1263.06
1263.66
1264.34
1265.11
1265.96
1266.89
1267.88
1268.92
1269.97
1270.99
1271.94
1272.78
1273.45
1273.92
1274.18
1274.26
1245.12
1245.28
1245.69
1246.36
1247.22
1248.21
1249.28
1250.38
1251.49
1252.58
1253.64
1254.66
1255.63
1256.54
1257.39
1258.16
1258.86
1259.48
1260.04
1260.55
1261.02
1261.47
1261.93
1262.41
1262.94
1263.54
1264.21
1264.96
1265.79
1266.7
1267.67
1268.69
1269.72
1270.73
1271.67
1272.5
1273.16
1273.63
1273.88
1273.95
1244.87
1245.05
1245.49
1246.2
1247.11
1248.14
1249.23
1250.34
1251.44
1252.51
1253.56
1254.56
1255.52
1256.41
1257.24
1258.01
1258.7
1259.32
1259.89
1260.4
1260.88
1261.34
1261.8
1262.29
1262.82
1263.41
1264.07
1264.81
1265.63
1266.52
1267.47
1268.47
1269.47
1270.46
1271.39
1272.21
1272.86
1273.32
1273.57
1273.64
1244.61
1244.81
1245.29
1246.05
1247
1248.06
1249.17
1250.28
1251.38
1252.44
1253.47
1254.45
1255.39
1256.26
1257.08
1257.83
1258.52
1259.14
1259.71
1260.22
1260.71
1261.18
1261.65
1262.15
1262.68
1263.27
1263.93
1264.66
1265.46
1266.34
1267.27
1268.24
1269.23
1270.19
1271.1
1271.91
1272.55
1273
1273.24
1273.31
1244.34
1244.55
1245.08
1245.88
1246.88
1247.97
1249.09
1250.2
1251.28
1252.33
1253.34
1254.3
1255.21
1256.07
1256.86
1257.6
1258.28
1258.9
1259.47
1260
1260.49
1260.98
1261.46
1261.97
1262.52
1263.11
1263.77
1264.5
1265.29
1266.15
1267.06
1268.01
1268.97
1269.92
1270.8
1271.59
1272.23
1272.67
1272.9
1272.96
1244.04
1244.28
1244.84
1245.69
1246.72
1247.82
1248.94
1250.04
1251.11
1252.14
1253.12
1254.05
1254.94
1255.77
1256.55
1257.28
1257.95
1258.56
1259.14
1259.67
1260.19
1260.69
1261.2
1261.73
1262.29
1262.9
1263.57
1264.3
1265.09
1265.93
1266.83
1267.75
1268.69
1269.62
1270.48
1271.25
1271.88
1272.31
1272.53
1272.58
1243.72
1243.97
1244.57
1245.44
1246.48
1247.58
1248.68
1249.76
1250.79
1251.79
1252.74
1253.64
1254.5
1255.31
1256.07
1256.78
1257.44
1258.06
1258.64
1259.19
1259.72
1260.25
1260.79
1261.35
1261.94
1262.57
1263.26
1264
1264.79
1265.64
1266.53
1267.44
1268.36
1269.27
1270.12
1270.87
1271.49
1271.91
1272.13
1272.17
1243.37
1243.63
1244.24
1245.1
1246.12
1247.18
1248.23
1249.26
1250.25
1251.19
1252.1
1252.96
1253.78
1254.56
1255.3
1255.99
1256.64
1257.26
1257.85
1258.42
1258.98
1259.54
1260.11
1260.71
1261.33
1262
1262.71
1263.48
1264.29
1265.15
1266.04
1266.96
1267.88
1268.78
1269.63
1270.39
1271
1271.43
1271.63
1271.65
1242.99
1243.25
1243.82
1244.65
1245.59
1246.57
1247.53
1248.47
1249.38
1250.25
1251.09
1251.89
1252.66
1253.4
1254.09
1254.76
1255.4
1256.01
1256.6
1257.19
1257.77
1258.35
1258.96
1259.58
1260.25
1260.95
1261.69
1262.49
1263.33
1264.21
1265.13
1266.07
1267.02
1267.95
1268.82
1269.61
1270.26
1270.72
1270.93
1270.9
1242.56
1242.79
1243.31
1244.03
1244.85
1245.69
1246.52
1247.33
1248.11
1248.87
1249.6
1250.31
1251
1251.66
1252.29
1252.91
1253.5
1254.08
1254.66
1255.23
1255.8
1256.39
1257
1257.64
1258.32
1259.03
1259.79
1260.6
1261.46
1262.37
1263.31
1264.29
1265.28
1266.26
1267.21
1268.08
1268.83
1269.38
1269.63
1269.55
1242.09
1242.28
1242.68
1243.24
1243.87
1244.52
1245.16
1245.79
1246.4
1247
1247.58
1248.14
1248.69
1249.23
1249.75
1250.26
1250.77
1251.27
1251.77
1252.27
1252.78
1253.32
1253.87
1254.46
1255.08
1255.75
1256.46
1257.22
1258.03
1258.89
1259.81
1260.76
1261.75
1262.76
1263.77
1264.75
1265.63
1266.36
1266.73
1266.65
1241.57
1241.69
1241.94
1242.29
1242.69
1243.1
1243.5
1243.9
1244.29
1244.67
1245.04
1245.41
1245.76
1246.12
1246.46
1246.81
1247.15
1247.5
1247.84
1248.2
1248.56
1248.94
1249.35
1249.77
1250.23
1250.72
1251.25
1251.82
1252.44
1253.1
1253.82
1254.58
1255.39
1256.24
1257.12
1258.02
1258.88
1259.66
1260.16
1260.19
1240.92
1240.9
1240.95
1241.01
1241.08
1241.16
1241.24
1241.31
1241.38
1241.46
1241.53
1241.6
1241.66
1241.73
1241.8
1241.87
1241.93
1242
1242.07
1242.14
1242.22
1242.29
1242.37
1242.46
1242.55
1242.65
1242.76
1242.88
1243.01
1243.15
1243.31
1243.48
1243.66
1243.85
1244.06
1244.29
1244.51
1244.72
1244.87
1245.92
)
;
    }
    hot
    {
        beta1           0.075;
        blended         false;
        type            omegaWallFunction;
        value           nonuniform List<scalar> 
200
(
1277.54
1278.61
1278.76
1278.97
1279.2
1279.42
1279.64
1279.84
1280.02
1280.19
1280.35
1280.49
1280.63
1280.75
1280.86
1280.96
1281.05
1281.14
1281.22
1281.3
1281.38
1281.45
1281.52
1281.59
1281.65
1281.72
1281.79
1281.86
1281.93
1281.99
1282.06
1282.14
1282.21
1282.28
1282.35
1282.43
1282.5
1282.56
1282.61
1282.59
818.401
820.976
820.976
820.976
820.976
820.976
820.977
820.977
820.977
820.977
820.978
820.978
820.978
820.978
820.979
820.979
820.979
820.979
820.98
820.98
820.98
820.98
820.98
820.981
820.981
820.981
820.981
820.982
820.982
820.982
820.982
820.983
820.983
820.983
820.983
820.983
820.984
820.984
820.984
820.893
818.333
820.976
820.976
820.976
820.976
820.976
820.977
820.977
820.977
820.977
820.978
820.978
820.978
820.978
820.979
820.979
820.979
820.979
820.98
820.98
820.98
820.98
820.98
820.981
820.981
820.981
820.981
820.982
820.982
820.982
820.982
820.983
820.983
820.983
820.983
820.983
820.984
820.984
820.984
820.894
818.401
820.976
820.976
820.976
820.976
820.976
820.977
820.977
820.977
820.977
820.978
820.978
820.978
820.978
820.979
820.979
820.979
820.979
820.98
820.98
820.98
820.98
820.98
820.981
820.981
820.981
820.981
820.982
820.982
820.982
820.982
820.983
820.983
820.983
820.983
820.983
820.984
820.984
820.984
820.893
1277.54
1278.61
1278.76
1278.97
1279.2
1279.42
1279.64
1279.84
1280.02
1280.19
1280.35
1280.49
1280.63
1280.75
1280.86
1280.96
1281.05
1281.14
1281.22
1281.3
1281.38
1281.45
1281.52
1281.59
1281.65
1281.72
1281.79
1281.86
1281.93
1281.99
1282.06
1282.14
1282.21
1282.28
1282.35
1282.43
1282.5
1282.56
1282.61
1282.59
)
;
    }
    cold
    {
        beta1           0.075;
        blended         false;
        type            omegaWallFunction;
        value           nonuniform List<scalar> 
200
(
1240.92
1240.9
1240.95
1241.01
1241.08
1241.16
1241.24
1241.31
1241.38
1241.46
1241.53
1241.6
1241.66
1241.73
1241.8
1241.87
1241.93
1242
1242.07
1242.14
1242.22
1242.29
1242.37
1242.46
1242.55
1242.65
1242.76
1242.88
1243.01
1243.15
1243.31
1243.48
1243.66
1243.85
1244.06
1244.29
1244.51
1244.72
1244.87
1245.92
794.149
794.058
794.059
794.059
794.059
794.059
794.059
794.06
794.06
794.06
794.06
794.061
794.061
794.061
794.061
794.061
794.062
794.062
794.062
794.062
794.063
794.063
794.063
794.063
794.064
794.064
794.064
794.064
794.064
794.065
794.065
794.065
794.065
794.066
794.066
794.066
794.066
794.066
794.067
796.623
794.149
794.058
794.059
794.059
794.059
794.059
794.059
794.06
794.06
794.06
794.06
794.061
794.061
794.061
794.061
794.061
794.062
794.062
794.062
794.062
794.063
794.063
794.063
794.063
794.064
794.064
794.064
794.064
794.064
794.065
794.065
794.065
794.065
794.066
794.066
794.066
794.066
794.066
794.067
796.691
794.149
794.058
794.059
794.059
794.059
794.059
794.059
794.06
794.06
794.06
794.06
794.061
794.061
794.061
794.061
794.061
794.062
794.062
794.062
794.062
794.063
794.063
794.063
794.063
794.064
794.064
794.064
794.064
794.064
794.065
794.065
794.065
794.065
794.066
794.066
794.066
794.066
794.066
794.067
796.623
1240.92
1240.9
1240.95
1241.01
1241.08
1241.16
1241.24
1241.31
1241.38
1241.46
1241.53
1241.6
1241.66
1241.73
1241.8
1241.87
1241.93
1242
1242.07
1242.14
1242.22
1242.29
1242.37
1242.46
1242.55
1242.65
1242.76
1242.88
1243.01
1243.15
1243.31
1243.48
1243.66
1243.85
1244.07
1244.29
1244.51
1244.72
1244.87
1245.92
)
;
    }
}


// ************************************************************************* //
