/*--------------------------------*- C++ -*----------------------------------*\
  =========                 |
  \\      /  F ield         | OpenFOAM: The Open Source CFD Toolbox
   \\    /   O peration     | Website:  https://openfoam.org
    \\  /    A nd           | Version:  13
     \\/     M anipulation  |
\*---------------------------------------------------------------------------*/
FoamFile
{
    format      ascii;
    class       volScalarField;
    location    "0.5";
    object      Uy;
}
// * * * * * * * * * * * * * * * * * * * * * * * * * * * * * * * * * * * * * //

dimensions      [0 1 -1 0 0 0 0];

internalField   nonuniform List<scalar> 
400
(
-0.000202822
0.00013908
0.000508534
0.000743809
0.000860563
0.00089042
0.000851349
0.000746274
0.000569372
0.000316119
-6.5048e-06
-0.000373394
-0.000734111
-0.00102151
-0.00116449
-0.00110908
-0.000841483
-0.000406994
6.87232e-05
0.000320687
-8.07826e-06
0.00168971
0.00331259
0.00438779
0.00492844
0.00501829
0.00471303
0.00402729
0.00295522
0.00150774
-0.000248516
-0.00216376
-0.00399608
-0.00543931
-0.00618322
-0.00600308
-0.00485655
-0.00295671
-0.000821168
0.000588242
0.00136825
0.00567563
0.00937528
0.0118219
0.0130256
0.0131185
0.0121965
0.0102941
0.00742441
0.0036537
-0.000821723
-0.00562223
-0.0101777
-0.0137854
-0.015741
-0.0155335
-0.0130597
-0.00878578
-0.00380732
4.06208e-05
0.00385056
0.0118851
0.0182118
0.0222779
0.0241905
0.0241634
0.0223407
0.0187776
0.0135114
0.00667804
-0.00137106
-0.00998865
-0.0182133
-0.0248573
-0.0287051
-0.0288275
-0.0249523
-0.0177617
-0.00898317
-0.00137558
0.00732324
0.0201375
0.0295743
0.0354327
0.0380564
0.0378034
0.0348843
0.0293724
0.0213159
0.0109018
-0.00138158
-0.0146239
-0.02746
-0.0381485
-0.0448242
-0.045937
-0.0408277
-0.0302524
-0.0165834
-0.00366675
0.0116749
0.0302529
0.0432729
0.0511064
0.0544773
0.0539633
0.0498677
0.0422745
0.0312129
0.0168721
-0.000181943
-0.0188301
-0.0373245
-0.0533182
-0.0641313
-0.0673013
-0.06142
-0.0470318
-0.0271274
-0.00695513
0.0167849
0.042001
0.0590452
0.069049
0.0732517
0.0725304
0.0673116
0.0576809
0.0436043
0.0252008
0.00301703
-0.021729
-0.0469737
-0.0697601
-0.0864395
-0.0932799
-0.0875876
-0.0691702
-0.0414634
-0.0115404
0.0225133
0.0550958
0.0765439
0.0889037
0.0940542
0.0932529
0.0870861
0.0756341
0.0587532
0.0364045
0.00899053
-0.0223209
-0.0552965
-0.0864521
-0.111095
-0.123868
-0.120093
-0.0979542
-0.0607971
-0.0179299
0.028693
0.0691913
0.0953251
0.110174
0.116371
0.115641
0.108776
0.0958563
0.0765929
0.050706
0.0183202
-0.0196273
-0.0609589
-0.101877
-0.136734
-0.158326
-0.159222
-0.134657
-0.086657
-0.0268698
0.0351369
0.0838919
0.114844
0.132192
0.13944
0.138873
0.131552
0.117587
0.096531
0.0678091
0.0311543
-0.0129203
-0.0625784
-0.114065
-0.16112
-0.19477
-0.204224
-0.180086
-0.120755
-0.0393853
0.041671
0.0987995
0.134485
0.154122
0.162223
0.161747
0.154103
0.139482
0.11731
0.0867076
0.0469536
-0.00202388
-0.0590424
-0.120855
-0.18121
-0.229904
-0.25269
-0.233877
-0.164663
-0.0568295
0.0482037
0.113607
0.153623
0.174993
0.183428
0.182698
0.174648
0.159625
0.136988
0.105607
0.0643097
0.0123611
-0.0499472
-0.120394
-0.193572
-0.259121
-0.300095
-0.293591
-0.219191
-0.0809049
0.0548517
0.128247
0.171724
0.193753
0.201558
0.19987
0.191052
0.175667
0.153091
0.122031
0.0809541
0.0284974
-0.0360278
-0.111832
-0.195219
-0.277169
-0.339866
-0.353902
-0.283333
-0.113555
0.062158
0.143087
0.188417
0.209292
0.214952
0.211224
0.200998
0.185074
0.162898
0.133119
0.0939855
0.0436655
-0.0194104
-0.0959821
-0.184687
-0.279428
-0.364309
-0.406399
-0.352907
-0.156513
0.0714727
0.159135
0.203447
0.220327
0.221716
0.214546
0.202107
0.185345
0.163764
0.136022
0.100297
0.0545246
-0.00343765
-0.0755682
-0.162911
-0.26343
-0.36633
-0.440497
-0.419536
-0.210467
0.0856611
0.178106
0.216298
0.224968
0.219404
0.207286
0.191912
0.174121
0.15336
0.1283
0.0971648
0.0578969
0.00819479
-0.0545494
-0.133156
-0.229746
-0.341193
-0.445141
-0.470807
-0.274476
0.110543
0.201507
0.224378
0.219097
0.203835
0.185787
0.167432
0.149035
0.129767
0.108262
0.0828707
0.0517494
0.0128243
-0.0364498
-0.0994835
-0.181308
-0.287107
-0.409865
-0.490421
-0.344106
0.156949
0.225157
0.215625
0.191028
0.166091
0.143863
0.124687
0.107776
0.0918638
0.0755559
0.0574413
0.0360869
0.00995554
-0.0228586
-0.0651081
-0.122299
-0.205294
-0.326051
-0.455429
-0.397766
0.227272
0.224209
0.165765
0.127084
0.100631
0.0809952
0.06614
0.0545221
0.0447152
0.0355198
0.0259382
0.0150998
0.00216858
-0.0135278
-0.0337325
-0.0617713
-0.107105
-0.193817
-0.332993
-0.369362
0.137656
0.118464
0.077556
0.0519546
0.0363328
0.0260605
0.0191225
0.014329
0.0108003
0.00790025
0.00517243
0.00228702
-0.00105837
-0.00480758
-0.00959182
-0.0162697
-0.0273248
-0.0517941
-0.111402
-0.155808
)
;

boundaryField
{
    movingWall
    {
        type            calculated;
        value           uniform 0;
    }
    fixedWalls
    {
        type            calculated;
        value           uniform 0;
    }
    frontAndBack
    {
        type            empty;
    }
}


// ************************************************************************* //
