#           x             T        mag(U)             p
     -1.17952          1800             0        200000
      -1.1626          1800             0        200000
     -1.14584          1800             0        200000
     -1.12926          1800             0        200000
     -1.11284          1800             0        200000
     -1.09658          1800             0        200000
     -1.08049          1800             0        200000
     -1.06456          1800             0        200000
      -1.0488          1800             0        200000
     -1.03319          1800             0        200000
     -1.01773          1800             0        200000
     -1.00244          1800             0        200000
    -0.987294          1800             0        200000
    -0.972304          1800             0        200000
    -0.957464          1800             0        200000
    -0.942774          1800             0        200000
    -0.928232          1800             0        200000
    -0.913836          1800             0        200000
    -0.899585          1800             0        200000
    -0.885477          1800             0        200000
    -0.871511          1800             0        200000
    -0.857686          1800             0        200000
    -0.844001          1800             0        200000
    -0.830453          1800             0        200000
    -0.817041          1800             0        200000
    -0.803764          1800             0        200000
    -0.790621          1800             0        200000
    -0.777611          1800             0        200000
    -0.764731          1800             0        200000
    -0.751981          1800             0        200000
    -0.739359          1800             0        200000
    -0.726864          1800             0        200000
    -0.714496          1800             0        200000
    -0.702251          1800             0        200000
     -0.69013          1800             0        200000
    -0.678131          1800             0        200000
    -0.666253          1800             0        200000
    -0.654494          1800             0        200000
    -0.642853          1800             0        200000
     -0.63133          1800             0        200000
    -0.619923          1800             0        200000
    -0.608631          1800             0        200000
    -0.597452          1800             0        200000
    -0.586386          1800             0        200000
    -0.575431          1800             0        200000
    -0.564586          1800             0        200000
    -0.553851          1800             0        200000
    -0.543224          1800             0        200000
    -0.532704          1800             0        200000
    -0.522289          1800             0        200000
     -0.51198          1800             0        200000
    -0.501774          1800             0        200000
    -0.491671          1800             0        200000
    -0.481669          1800             0        200000
    -0.471769          1800             0        200000
    -0.461968          1800             0        200000
    -0.452265          1800             0        200000
    -0.442661          1800             0        200000
    -0.433153          1800             0        200000
     -0.42374          1800             0        200000
    -0.414423          1800             0        200000
    -0.405199          1800             0        200000
    -0.396068          1800             0        200000
    -0.387029          1800             0        200000
    -0.378081          1800             0        200000
    -0.369223          1800             0        200000
    -0.360455          1800             0        200000
    -0.351774          1800             0        200000
    -0.343181          1800             0        200000
    -0.334675          1800             0        200000
    -0.326254          1800             0        200000
    -0.317917          1800             0        200000
    -0.309665          1800             0        200000
    -0.301496          1800             0        200000
    -0.293409          1800             0        200000
    -0.285403          1800             0        200000
    -0.277479          1800             0        200000
    -0.269633          1800             0        200000
    -0.261867          1800             0        200000
    -0.254179          1800             0        200000
    -0.246568          1800             0        200000
    -0.239034          1800             0        200000
    -0.231576          1800             0        200000
    -0.224193          1800             0        200000
    -0.216884          1800             0        200000
    -0.209649          1800             0        200000
    -0.202487          1800             0        200000
    -0.195396          1800             0        200000
    -0.188377          1800             0        200000
    -0.181429          1800             0        200000
    -0.174551          1800             0        200000
    -0.167742          1800             0        200000
    -0.161001          1800             0        200000
    -0.154328          1800             0        200000
    -0.147723          1800             0        200000
    -0.141184          1800             0        200000
    -0.134711          1800             0        200000
    -0.128303          1800             0        200000
    -0.121959          1800             0        200000
     -0.11568          1800             0        200000
    -0.109463          1800             0        200000
    -0.103309          1800             0        200000
   -0.0972172          1800             0        200000
   -0.0911866          1800             0        200000
   -0.0852167          1800             0        200000
   -0.0793069          1800             0        200000
   -0.0734566          1800             0        200000
   -0.0676652          1800             0        200000
   -0.0619321          1800             0        200000
   -0.0562566          1800             0        200000
   -0.0506383          1800             0        200000
   -0.0450766          1800             0        200000
   -0.0395709          1800             0        200000
   -0.0341206          1800             0        200000
   -0.0287251          1800             0        200000
    -0.023384          1800             0        200000
   -0.0180966          1800             0        200000
   -0.0128624          1800             0        200000
  -0.00768098          1800             0        200000
  -0.00255168          1800             0        141468
  0.000439078          1800             0       45967.8
   0.00132501          1800             0          9000
   0.00222662          1800             0          9000
   0.00314419          1800             0          9000
   0.00407801          1800             0          9000
   0.00502836          1800             0          9000
   0.00599553          1800             0          9000
   0.00697982          1800             0          9000
   0.00798154          1800             0          9000
     0.009001          1800             0          9000
    0.0100385          1800             0          9000
    0.0110944          1800             0          9000
    0.0121689          1800             0          9000
    0.0132625          1800             0          9000
    0.0143754          1800             0          9000
    0.0155081          1800             0          9000
    0.0166608          1800             0          9000
