/*--------------------------------*- C++ -*----------------------------------*\
  =========                 |
  \\      /  F ield         | OpenFOAM: The Open Source CFD Toolbox
   \\    /   O peration     | Website:  https://openfoam.org
    \\  /    A nd           | Version:  13
     \\/     M anipulation  |
\*---------------------------------------------------------------------------*/
FoamFile
{
    format      ascii;
    class       volScalarField;
    location    "0.3";
    object      p;
}
// * * * * * * * * * * * * * * * * * * * * * * * * * * * * * * * * * * * * * //

dimensions      [1 -1 -2 0 0 0 0];

internalField   nonuniform List<scalar> 
2016
(
3316.09
3517.62
3464.81
2447.62
3218.91
3074.48
2030.45
497.291
2773.96
2148.76
433.382
8.54317
2062.52
1079.55
-5.23766
-34.8904
1407.39
466.791
-28.175
-37.1472
943.211
301.103
-14.6741
-36.9956
661.84
279.27
-2.75263
-37.2939
532.808
285.126
2.47176
-37.736
505.328
304.18
17.4312
-37.7725
534.865
350.306
94.3752
-30.1541
589.754
416.017
193.827
-12.5163
660.663
488.898
272.226
4.94814
746.022
571.075
353.442
51.8309
838.752
657.634
446.324
169.473
932.629
739.753
529.312
272.678
1027.16
816.076
598.612
356.688
1118.29
887.659
655.995
424.105
1181.32
939.591
694.501
464.867
1157.36
908.753
684.249
477.311
960.668
734.961
614.804
472.755
781.405
580.04
561.858
488.965
756.788
555.276
573.58
540.897
865.648
683.051
645.605
591.07
855.804
632.122
601.571
547.389
679.817
417.128
493.262
470.586
813.294
595.764
514.72
426.256
1075.01
822.567
627.889
443.709
1202.94
941.31
683.17
446.031
1166.66
913.957
655.077
408.837
1055.37
825.416
584.881
330.741
934.472
728.91
501.287
237.676
822.986
632.778
405.778
119.34
723.652
539.054
308.436
21.5349
646.025
457.754
218.058
-7.83104
604.692
395.981
109.805
-27.8711
632.432
380.352
21.7
-35.8099
799.343
431.656
5.71562
-35.3137
1153.11
588.323
-5.13238
-34.4624
1715.81
938.847
4.15565
-29.854
2425.55
1789.77
339.246
8.47511
3013.14
2863.26
1747.05
348.248
3269.01
3515.37
3258.61
2254.67
1236.88
453.296
83.0632
-31.1216
-42.5706
-40.608
-38.9773
-38.4314
-40.4657
-41.4156
-40.7633
-41.1
-41.1609
-41.0094
-40.1246
-50.7213
-55.2576
-0.0103408
112.814
140.479
91.546
24.2592
28.4957
19.4684
14.1042
13.0503
11.8743
10.2496
8.81749
7.55983
6.45923
5.51911
4.71948
4.03348
3.43487
2.90002
2.40925
1.94718
1.50276
1.06833
0.639517
0.211185
-10.9491
-36.3931
-38.6096
-40.1417
-40.7009
-42.1296
-42.9332
-43.1349
-43.4604
-44.1262
-44.9642
-45.9463
-47.458
-49.3964
-50.2895
-53.1177
-57.3462
-58.6645
-54.6876
-61.4506
-73.986
-41.9332
14.9911
17.2295
14.4139
14.1602
12.501
10.286
8.68618
7.40352
6.31029
5.39056
4.61417
3.95112
3.37409
2.85826
2.38313
1.93309
1.4973
1.06837
0.643047
0.212636
-36.5349
-38.7045
-39.3159
-39.872
-40.4863
-41.3321
-41.9055
-42.1399
-42.5105
-43.0719
-43.7566
-44.5566
-45.5247
-46.8139
-48.7571
-51.5251
-54.7364
-57.3877
-60.8721
-66.5744
-70.6592
-64.4462
-43.0873
-8.67711
4.97552
12.4779
12.3115
9.6852
8.11593
6.9849
5.963
5.09195
4.37077
3.76272
3.23532
2.76125
2.31886
1.89282
1.47352
1.05522
0.636293
0.210831
-37.6428
-38.1405
-38.9066
-39.685
-40.426
-41.2876
-42.1039
-42.7372
-43.3383
-44.0159
-44.7895
-45.721
-46.9198
-48.4574
-50.4923
-53.3274
-57.1893
-61.4555
-65.7678
-70.498
-75.7226
-78.2471
-72.8204
-53.6432
-18.3432
5.19564
7.33604
7.17769
7.0301
6.35712
5.45707
4.64145
3.99573
3.47468
3.02775
2.62037
2.229
1.83932
1.44424
1.04103
0.6307
0.210576
-37.5345
-38.1198
-38.921
-39.7599
-40.6103
-41.4437
-42.1471
-42.7206
-43.2971
-43.9641
-44.748
-45.7103
-46.9761
-48.7145
-51.1598
-54.5671
-59.3461
-65.6685
-73.5274
-82.2094
-89.5089
-93.0985
-92.7575
-85.4222
-65.5392
-27.9625
-1.50961
5.25194
6.55793
5.85723
4.86909
4.04408
3.48025
3.08632
2.76126
2.44985
2.12732
1.78375
1.41741
1.03052
0.6281
0.211367
-37.5602
-38.2003
-39.0136
-39.9615
-40.8919
-41.7002
-42.37
-42.9619
-43.5683
-44.252
-45.066
-46.1038
-47.5453
-49.6271
-52.6688
-57.0335
-63.8715
-74.0678
-87.4065
-101.583
-111.726
-114.824
-112.639
-108.746
-94.0121
-59.5647
-16.9974
2.92036
5.56305
4.88664
3.82222
3.11485
2.78503
2.61044
2.46124
2.27785
2.03841
1.74448
1.40563
1.03171
0.632973
0.21491
-37.692
-38.3685
-39.3544
-40.4572
-41.4011
-42.0872
-42.6196
-43.1223
-43.6814
-44.3501
-45.1853
-46.302
-47.9607
-50.461
-54.1922
-59.7343
-69.3153
-83.807
-103.149
-124.979
-141.044
-145.225
-139.821
-132.814
-118.648
-91.9412
-45.8346
-9.02264
0.869307
2.31332
1.8316
1.57637
1.84163
2.09667
2.1884
2.15157
1.99669
1.74456
1.4232
1.05295
0.649641
0.222544
-37.9511
-38.6898
-39.935
-41.2972
-42.2074
-42.6183
-42.9163
-43.28
-43.782
-44.4477
-45.3149
-46.5245
-48.4444
-51.3839
-55.7402
-62.3947
-74.2377
-91.1739
-116.331
-149.189
-167.681
-174.442
-171.471
-158.979
-139.885
-115.256
-78.339
-35.6188
-7.81504
-1.62053
-0.720116
-0.41091
0.722436
1.67017
2.05932
2.14645
2.04535
1.8078
1.4826
1.10034
0.680813
0.234952
-38.2039
-38.978
-40.3811
-42.2097
-43.0601
-43.142
-43.2199
-43.4467
-43.8953
-44.5564
-45.4505
-46.7489
-48.9158
-52.2013
-56.9887
-64.4304
-77.2537
-95.2231
-120.599
-154.369
-170.725
-177.197
-181.15
-170.251
-149.029
-126.388
-99.7954
-60.3092
-27.9412
-9.94943
-4.21419
-1.98596
0.0781473
1.64264
2.23472
2.34977
2.22407
1.94913
1.58806
1.17411
0.725836
0.251703
-38.2331
-39.1054
-40.7032
-42.4292
-43.0377
-43.2522
-43.4011
-43.6239
-44.0873
-44.7736
-45.7264
-47.1082
-49.4021
-52.8246
-57.7537
-65.4288
-78.3875
-97.1552
-119.29
-144.548
-162.022
-170.792
-175.177
-166.98
-147.768
-126.947
-105.462
-75.1198
-45.3312
-27.0367
-12.1727
-2.44264
1.04527
2.57517
2.88559
2.80864
2.53504
2.157
1.7267
1.26427
0.778681
0.270668
-37.7071
-38.4373
-39.7914
-41.4645
-42.5152
-43.1329
-43.4233
-43.8346
-44.4418
-45.2446
-46.3158
-47.6669
-49.8243
-53.1299
-57.926
-65.1078
-77.4556
-95.5118
-114.251
-131.778
-151.584
-162.133
-163.23
-155.567
-139.097
-120.288
-101.256
-77.3959
-45.7851
-25.7148
-10.3881
0.697549
3.89561
4.27257
3.87759
3.40471
2.89202
2.37527
1.86241
1.34855
0.827261
0.28785
-37.1905
-37.797
-38.8081
-40.3888
-41.9856
-42.9338
-43.4689
-44.1866
-44.9747
-45.8235
-46.9015
-48.0491
-49.9347
-52.9808
-57.3679
-64.0303
-74.8377
-90.4267
-106.418
-119.332
-132.318
-145.861
-147.79
-141.078
-127.928
-111.718
-94.012
-68.1894
-36.4649
-15.5686
-1.34313
6.22873
6.59275
5.58351
4.63991
3.84022
3.13806
2.51569
1.94353
1.39678
0.855488
0.297975
-36.167
-38.066
-39.0856
-40.1756
-41.8652
-43.353
-44.0276
-44.556
-45.13
-45.7736
-46.7376
-47.9036
-49.6597
-52.4757
-56.4927
-62.353
-71.2568
-83.8151
-97.6904
-108.948
-117.517
-125.649
-132.89
-129.132
-116.955
-101.124
-81.7753
-56.2391
-30.5399
-10.0924
2.37754
6.89747
6.80725
5.73007
4.74513
3.88046
3.14153
2.50024
1.92277
1.38014
0.847227
0.295874
-20.3429
-38.7792
-39.7213
-40.746
-41.8587
-43.115
-44.2933
-45.1583
-45.6227
-45.8984
-46.4058
-47.4751
-49.2285
-51.8362
-55.4402
-60.4296
-67.4379
-76.8119
-87.7746
-98.3584
-106.832
-112.831
-115.386
-113.626
-105.783
-92.7513
-73.646
-50.3515
-29.18
-9.24173
1.23196
4.65507
5.14872
4.7894
4.14607
3.47625
2.85596
2.29261
1.77342
1.27949
0.789945
0.277534
9.18601
-39.0214
-40.1477
-41.041
-42.0023
-43.2732
-44.6268
-45.58
-45.9623
-46.0967
-46.4203
-47.3006
-48.9091
-51.2351
-54.3631
-58.4981
-63.9117
-70.6581
-78.3317
-86.2403
-93.5887
-99.1036
-101.109
-98.6563
-91.0046
-79.5031
-63.2625
-43.4935
-23.9948
-10.0159
-2.19183
1.47035
2.90377
3.22246
3.06142
2.71712
2.31418
1.90194
1.49431
1.08931
0.676868
0.237776
73.8303
-38.4889
-40.5664
-41.3796
-42.2425
-43.3999
-44.7002
-45.6451
-46.0372
-46.194
-46.5261
-47.3148
-48.7069
-50.7023
-53.331
-56.6756
-60.8139
-65.6717
-70.9199
-76.0776
-80.6058
-83.7217
-84.3628
-81.5524
-75.1995
-65.5323
-52.8931
-38.254
-23.8523
-12.6299
-5.4783
-1.48033
0.525719
1.41977
1.73032
1.73698
1.59048
1.36779
1.1051
0.817046
0.506424
0.163659
166.9
-23.3289
-40.9662
-41.5829
-42.3467
-43.3362
-44.4924
-45.4168
-45.9024
-46.1664
-46.5699
-47.3236
-48.5314
-50.2093
-52.3637
-55.0111
-58.1335
-61.6069
-65.1682
-68.4423
-70.9425
-72.0654
-71.1852
-67.7816
-62.155
-54.1186
-44.1298
-33.1157
-22.5142
-13.835
-7.77681
-3.95054
-1.66055
-0.358255
0.334063
0.658708
0.765045
0.741345
0.637533
0.480736
0.284916
0.049748
230.381
7.09878
-40.7165
-41.6212
-42.2591
-43.0714
-44.0926
-45.0015
-45.6065
-46.0136
-46.511
-47.2598
-48.3311
-49.736
-51.4739
-53.5309
-55.8522
-58.3029
-60.6561
-62.6086
-63.7831
-63.7454
-62.094
-58.6025
-53.2055
-46.2292
-38.0662
-29.4417
-21.323
-14.5561
-9.4768
-5.91185
-3.51655
-1.96646
-0.996838
-0.414068
-0.0851354
0.0777712
0.130138
0.106279
0.0285483
-0.0941209
278.982
68.7862
-38.3571
-41.585
-41.9351
-42.6125
-43.5249
-44.4428
-45.1881
-45.7834
-46.3878
-47.1405
-48.1058
-49.2872
-50.68
-52.2589
-53.9565
-55.6447
-57.129
-58.1564
-58.4316
-57.6571
-55.6032
-52.1854
-47.2454
-41.1947
-34.3916
-27.3905
-20.8307
-15.2249
-10.7825
-7.44691
-5.03789
-3.34832
-2.18983
-1.41161
-0.900507
-0.575238
-0.380416
-0.279076
-0.24321
-0.254777
310.061
106.63
-27.8672
-41.143
-41.3611
-42.0408
-42.9524
-43.8955
-44.745
-45.5011
-46.2252
-46.9977
-47.882
-48.8872
-50.009
-51.2174
-52.4419
-53.5633
-54.4141
-54.7865
-54.452
-53.1974
-50.8786
-47.4557
-42.9694
-37.6612
-31.8614
-25.992
-20.4856
-15.6753
-11.7168
-8.6048
-6.23953
-4.48573
-3.20855
-2.29116
-1.63935
-1.18067
-0.863156
-0.650371
-0.510874
-0.418031
351.356
151.352
-16.1437
-40.3939
-40.7009
-41.4602
-42.4608
-43.4735
-44.4218
-45.2734
-46.0752
-46.8694
-47.6972
-48.5752
-49.4985
-50.4333
-51.3087
-52.0148
-52.4042
-52.304
-51.5359
-49.949
-47.459
-44.0698
-39.8788
-35.0901
-29.9889
-24.9006
-20.1285
-15.9006
-12.3317
-9.43246
-7.14548
-5.3801
-4.03822
-3.02908
-2.27482
-1.71218
-1.29421
-0.986952
-0.757174
-0.570594
406.676
201.052
-6.38048
-39.7669
-40.1842
-41.0337
-42.1114
-43.1891
-44.2163
-45.1443
-45.9951
-46.8043
-47.6026
-48.4022
-49.1932
-49.9375
-50.565
-50.9724
-51.0272
-50.5804
-49.4895
-47.6481
-45.0151
-41.6315
-37.6232
-33.1842
-28.5551
-24.0062
-19.7489
-15.9483
-12.6882
-9.98049
-7.78775
-6.04505
-4.67824
-3.61547
-2.79197
-2.15293
-1.65692
-1.27332
-0.96833
-0.701364
463.614
245.659
-0.192698
-39.3983
-39.9272
-40.8519
-41.9722
-43.0811
-44.1488
-45.1255
-46.0199
-46.8543
-47.6513
-48.4151
-49.1314
-49.7585
-50.2253
-50.4302
-50.2471
-49.5409
-48.1928
-46.1284
-43.3419
-39.907
-35.9719
-31.736
-27.4215
-23.2223
-19.3241
-15.8406
-12.8273
-10.2895
-8.19726
-6.49929
-5.13642
-4.04994
-3.18503
-2.49425
-1.94134
-1.49931
-1.13469
-0.802192
510.494
273.486
5.47005
-39.193
-40.0011
-40.9095
-42.0347
-43.1526
-44.2378
-45.2434
-46.1734
-47.0412
-47.86
-48.6315
-49.3334
-49.919
-50.312
-50.4058
-50.071
-49.1742
-47.6087
-45.323
-42.3437
-38.7798
-34.8078
-30.6385
-26.4801
-22.5067
-18.8533
-15.6008
-12.7815
-10.3905
-8.39716
-6.7564
-5.41758
-4.33076
-3.4476
-2.7273
-2.13779
-1.65534
-1.24757
-0.866314
500.967
265.673
-0.720772
-39.6207
-40.2073
-41.1396
-42.2676
-43.3831
-44.4722
-45.4957
-46.4563
-47.3639
-48.2293
-49.0471
-49.7915
-50.4094
-50.814
-50.8844
-50.4741
-49.4372
-47.6686
-45.1358
-41.8996
-38.1132
-33.9937
-29.7759
-25.6663
-21.8184
-18.3309
-15.2521
-12.591
-10.3293
-8.43196
-6.85526
-5.55309
-4.48081
-3.5977
-2.86525
-2.25548
-1.74754
-1.31075
-0.895736
438.331
216.668
-8.41341
-40.3824
-40.7755
-41.6291
-42.7238
-43.8172
-44.8893
-45.919
-46.9094
-47.8679
-48.8086
-49.7318
-50.5997
-51.348
-51.8718
-52.0216
-51.6162
-50.48
-48.4907
-45.6347
-42.0152
-37.8469
-33.4163
-29.0088
-24.8419
-21.0449
-17.6767
-14.747
-12.2354
-10.1056
-8.31402
-6.81523
-5.56549
-4.5245
-3.65532
-2.92454
-2.30718
-1.78509
-1.32995
-0.892515
357.367
146.625
-19.9043
-41.4505
-41.6419
-42.3759
-43.4063
-44.4762
-45.5259
-46.5519
-47.5719
-48.6103
-49.6874
-50.8039
-51.9181
-52.9573
-53.7894
-54.2105
-53.9661
-52.816
-50.5755
-47.2499
-43.0031
-38.1622
-33.142
-28.3297
-23.9655
-20.1376
-16.8456
-14.0468
-11.6815
-9.68932
-8.01481
-6.60863
-5.42769
-4.43471
-3.59665
-2.88405
-2.27467
-1.7528
-1.29311
-0.848326
294.929
89.6325
-33.3251
-42.5988
-42.5994
-43.2143
-44.167
-45.2001
-46.2411
-47.2869
-48.3637
-49.5319
-50.8303
-52.2512
-53.7649
-55.2943
-56.6829
-57.6725
-57.8768
-56.8391
-54.3277
-50.3385
-45.1747
-39.3009
-33.3129
-27.7923
-23.056
-19.121
-15.8769
-13.2003
-10.9802
-9.12799
-7.57517
-6.26846
-5.1653
-4.23104
-3.43615
-2.75468
-2.16671
-1.65833
-1.20743
-0.770373
260.611
58.2966
-42.2703
-42.9149
-43.2653
-43.9465
-44.9306
-45.9867
-47.0166
-48.0612
-49.2084
-50.5542
-52.1686
-54.051
-56.188
-58.5146
-60.8702
-62.939
-64.1322
-63.6283
-60.9515
-56.2267
-49.7528
-42.1965
-34.4936
-27.6173
-22.146
-17.9787
-14.7675
-12.2238
-10.1592
-8.45363
-7.02695
-5.82409
-4.80437
-3.93619
-3.19334
-2.55315
-1.99764
-1.51416
-1.0837
-0.667526
207.412
-3.27383
-41.0612
-42.7151
-43.5725
-44.5588
-45.7578
-46.8952
-47.8587
-48.8115
-50.0237
-51.5788
-53.6031
-56.1302
-59.1858
-62.756
-66.7284
-70.771
-74.025
-74.9822
-72.512
-66.5791
-57.5777
-46.9311
-36.1796
-27.2946
-21.006
-16.6358
-13.5102
-11.1466
-9.25934
-7.70702
-6.40655
-5.3067
-4.37139
-3.57277
-2.8878
-2.29647
-1.78237
-1.33353
-0.933658
-0.549684
145.619
-30.4965
-41.1791
-42.5937
-43.7115
-45.0126
-46.4969
-47.7398
-48.5893
-49.4311
-50.6968
-52.5251
-55.0595
-58.4485
-62.833
-68.3559
-75.0424
-82.3571
-88.5078
-91.3708
-88.5057
-79.8246
-68.2859
-53.3833
-37.3195
-25.6937
-19.1321
-15.0156
-12.1597
-10.0394
-8.34602
-6.93969
-5.75302
-4.74639
-3.89051
-3.16111
-2.5372
-2.00038
-1.53503
-1.12924
-0.768889
-0.4268
43.4429
-39.2969
-40.999
-42.37
-43.6826
-45.2044
-46.8533
-48.179
-49.0122
-49.8029
-51.1221
-53.3118
-56.4204
-60.8506
-66.9004
-74.8355
-84.4689
-94.1789
-101.464
-105.725
-103.954
-93.951
-79.181
-60.5322
-41.5279
-26.4674
-17.844
-13.3196
-10.9218
-9.05928
-7.51107
-6.20554
-5.09896
-4.16531
-3.37897
-2.71612
-2.1553
-1.67779
-1.26773
-0.912639
-0.599882
-0.308034
-6.57622
-39.8742
-40.8073
-41.988
-43.4057
-45.1028
-46.8191
-48.1904
-49.1087
-49.8823
-51.301
-53.8077
-57.4896
-63.0246
-70.8977
-81.216
-92.7797
-102.86
-111.673
-115.427
-111.425
-102.315
-89.8894
-71.8268
-50.4778
-33.2504
-18.6185
-12.453
-10.195
-8.39338
-6.82088
-5.52556
-4.4507
-3.56691
-2.8416
-2.24466
-1.75056
-1.33808
-0.990046
-0.693051
-0.435393
-0.201068
-30.7568
-39.404
-40.3857
-41.6787
-43.2274
-44.9498
-46.4815
-47.8199
-48.8643
-49.7785
-51.2804
-53.9576
-58.1493
-64.7113
-74.2048
-85.7911
-97.444
-107.519
-115.841
-119.115
-115.758
-110.532
-103.376
-91.3524
-66.0949
-45.4116
-24.6894
-13.0117
-9.84458
-7.92561
-6.19639
-4.83667
-3.76697
-2.92796
-2.26867
-1.7454
-1.32664
-0.987554
-0.709299
-0.477902
-0.282411
-0.111909
-37.9306
-38.4164
-39.502
-40.9201
-43.6695
-45.2226
-46.1081
-47.281
-48.4991
-49.6379
-51.1831
-53.8533
-58.272
-65.4385
-75.8699
-87.7016
-99.7565
-112.554
-124.13
-128.481
-127.887
-121.561
-112.203
-100.007
-79.0763
-50.6989
-24.2018
-13.2968
-9.52208
-7.24936
-5.38527
-3.99083
-2.96474
-2.20593
-1.64278
-1.21304
-0.884872
-0.630609
-0.430981
-0.272694
-0.146173
-0.0452417
-36.8513
-37.4683
-38.9435
-41.2112
-43.318
-44.2831
-45.5312
-46.9123
-48.196
-49.4824
-51.0904
-53.566
-57.9529
-65.2856
-76.4562
-89.2258
-103.848
-123.485
-133.689
-140.06
-141.802
-133.71
-120.688
-100.661
-70.1646
-41.0123
-19.8388
-12.8228
-8.54195
-5.87004
-4.07711
-2.83145
-1.97012
-1.36988
-0.947519
-0.64585
-0.428797
-0.272029
-0.15929
-0.080059
-0.02758
-0.000165218
-36.4803
-37.6394
-39.6168
-42.0046
-43.3675
-44.0943
-44.8107
-45.69
-46.9133
-48.6122
-50.5606
-53.0422
-57.2031
-64.3811
-75.8211
-89.7775
-108.185
-129.6
-139.58
-147.789
-150.853
-141.577
-124.087
-100.424
-62.8009
-32.7934
-16.5386
-8.93911
-5.229
-3.30047
-2.11889
-1.31314
-0.778208
-0.43013
-0.204102
-0.0593419
0.0297986
0.0797182
0.100727
0.0988451
0.0771987
0.0343513
-36.5437
-37.8173
-40.08
-42.5477
-43.6264
-44.053
-44.4297
-44.954
-45.845
-47.35
-49.4772
-52.1126
-55.9864
-62.5065
-73.0971
-86.6008
-105.841
-127.095
-141.476
-153.44
-154.606
-141.742
-119.709
-93.921
-65.8373
-31.4739
-11.4231
-2.9186
-0.821917
-0.13739
0.181539
0.379948
0.492682
0.537087
0.539171
0.513977
0.469713
0.411425
0.341787
0.261538
0.170169
0.0637922
-36.0957
-37.4137
-39.4388
-41.7665
-43.2062
-43.8149
-44.2635
-44.8639
-45.7306
-47.0035
-48.8301
-51.2911
-54.7355
-60.1102
-68.9492
-80.9223
-97.8607
-117.326
-134.013
-145.342
-142.594
-127.667
-107.997
-87.1371
-65.9907
-34.1239
-5.1864
2.24329
3.2398
2.74557
2.28714
1.9302
1.6503
1.41515
1.21167
1.0307
0.864349
0.707223
0.555138
0.404166
0.250707
0.0885932
-35.3501
-36.7956
-38.6312
-40.5733
-42.11
-43.1135
-43.8781
-44.6576
-45.6025
-46.7993
-48.3383
-50.415
-53.3036
-57.4264
-63.7788
-72.8692
-85.1873
-97.9727
-108.81
-115.098
-114.271
-106.134
-94.5002
-78.5304
-54.246
-25.0805
0.538817
5.71285
5.76626
4.60303
3.7135
3.03709
2.51339
2.09431
1.74705
1.45055
1.18934
0.952692
0.732717
0.522784
0.317417
0.108747
-35.0954
-36.526
-37.9575
-39.82
-41.7339
-43.1924
-44.2292
-45.1761
-46.2511
-47.5048
-48.9584
-50.7432
-53.2098
-56.4775
-60.7844
-66.6754
-74.4696
-82.7885
-89.6006
-94.0859
-94.848
-91.047
-83.9506
-69.1181
-33.8791
-8.33738
3.81622
6.40555
5.99103
5.03033
4.2305
3.55855
2.99511
2.51947
2.10967
1.75056
1.43007
1.13884
0.869324
0.614714
0.369231
0.124205
-33.9115
-36.8413
-38.331
-39.7293
-41.19
-42.3829
-43.1734
-43.893
-44.7762
-45.7967
-46.9168
-48.406
-50.8656
-53.7111
-56.3839
-59.8579
-65.2237
-71.6586
-77.3628
-82.1075
-82.8763
-79.5024
-70.695
-51.7231
-20.5302
-2.30315
2.28437
4.55056
4.79416
4.48214
4.05581
3.60168
3.14759
2.71359
2.30786
1.93253
1.5859
1.26453
0.96411
0.67959
0.406158
0.13505
-12.5505
-31.7748
-37.6197
-41.0635
-43.315
-44.4208
-45.1534
-46.0036
-47.1571
-48.5573
-50.0974
-51.6653
-54.3731
-57.3625
-60.2441
-63.6678
-66.478
-68.1701
-72.3364
-76.2846
-77.0682
-74.9191
-46.615
-8.55689
-3.04214
-2.22005
-0.00717307
2.01363
3.24864
3.65676
3.63672
3.42601
3.11234
2.75214
2.3803
2.01513
1.66507
1.33292
1.01815
0.717963
0.42894
0.142094
1091.45
273.885
-21.3726
-35.84
-38.716
-40.1006
-40.6803
-40.6231
-41.0661
-41.4634
-42.3382
-38.9123
-51.1949
-54.0439
-48.9318
-53.3528
-35.4576
45.6891
148.79
137.441
11.0305
-33.8103
-6.64256
-4.35695
-3.85415
-2.923
-0.597448
1.44852
2.70379
3.26078
3.37816
3.26141
3.01736
2.70509
2.36291
2.01415
1.67162
1.34133
1.025
0.72153
0.42853
0.140886
)
;

boundaryField
{
    leftWall
    {
        type            calculated;
        value           nonuniform List<scalar> 
46
(
3316.09
3517.62
3464.81
2447.62
1236.88
453.296
83.0632
-31.1216
-42.5706
-40.608
-38.9773
-38.4314
-40.4657
-41.4156
-40.7633
-41.1
-41.1609
-41.0094
-40.1246
-50.7213
-55.2576
-0.0103408
112.814
140.479
91.546
24.2592
28.4957
19.4684
14.1042
13.0503
11.8743
10.2496
8.81749
7.55983
6.45923
5.51911
4.71948
4.03348
3.43487
2.90002
2.40925
1.94718
1.50276
1.06833
0.639517
0.211185
)
;
    }
    rightWall
    {
        type            calculated;
        value           nonuniform List<scalar> 
46
(
3269.01
3515.37
3258.61
2254.67
1091.45
273.885
-21.3726
-35.84
-38.716
-40.1006
-40.6803
-40.6231
-41.0661
-41.4634
-42.3382
-38.9123
-51.1949
-54.0439
-48.9318
-53.3528
-35.4576
45.6891
148.79
137.441
11.0305
-33.8103
-6.64256
-4.35695
-3.85415
-2.923
-0.597448
1.44852
2.70379
3.26078
3.37816
3.26141
3.01736
2.70509
2.36291
2.01415
1.67162
1.34133
1.025
0.72153
0.42853
0.140886
)
;
    }
    lowerWall
    {
        type            calculated;
        value           nonuniform List<scalar> 
52
(
855.804
632.122
601.571
547.389
910.57
734.274
865.604
1132.37
1260.54
1224.45
1113.21
991.808
879.657
780.319
702.693
661.383
688.974
855.825
1209.6
1773.18
2483.54
3071.13
3321.65
865.648
683.051
645.605
591.07
3356.77
3275.73
2830.83
2119.37
1464.81
1001.37
720.071
590.268
562.634
592.17
647.06
717.971
803.334
896.068
990.007
1085.61
1177.07
1239.65
1214.76
1016.73
828.008
805.466
915.048
572.798
563.252
)
;
    }
    atmosphere
    {
        type            calculated;
        value           nonuniform List<scalar> 
44
(
0
0
0
0
0
0
0
0
0
0
0
0
0
0
-0.000569136
-0.0270077
-0.0881595
-0.175406
-0.278132
-0.385039
-0.485473
-0.570427
-0.633201
-0.668656
-0.678107
-0.661756
-0.61354
-0.540684
-0.450814
-0.352516
-0.254514
-0.164873
-0.090367
-0.0361555
-0.00586987
0
0
0
0
0
0
0
0
0
)
;
    }
    frontAndBack
    {
        type            empty;
    }
}


// ************************************************************************* //
