/*--------------------------------*- C++ -*----------------------------------*\
  =========                 |
  \\      /  F ield         | OpenFOAM: The Open Source CFD Toolbox
   \\    /   O peration     | Website:  https://openfoam.org
    \\  /    A nd           | Version:  13
     \\/     M anipulation  |
\*---------------------------------------------------------------------------*/
FoamFile
{
    format      ascii;
    class       volVectorField;
    location    "16";
    object      U;
}
// * * * * * * * * * * * * * * * * * * * * * * * * * * * * * * * * * * * * * //

dimensions      [0 1 -1 0 0 0 0];

internalField   nonuniform List<vector> 
400
(
(0.00260897 -0.00360826 0)
(0.00258226 -0.000948928 0)
(-0.00489651 0.0045498 0)
(-0.0251149 0.0104232 0)
(-0.0600163 0.0139845 0)
(-0.08651 0.0121884 0)
(-0.11038 0.0104893 0)
(-0.128257 0.00806375 0)
(-0.14256 0.00592749 0)
(-0.152155 0.00351453 0)
(-0.157711 0.00150588 0)
(-0.159697 -0.000690942 0)
(-0.157428 -0.00413834 0)
(-0.150049 -0.00645949 0)
(-0.137665 -0.00985932 0)
(-0.119115 -0.0125394 0)
(-0.0951662 -0.0157026 0)
(-0.0664624 -0.0168847 0)
(-0.0359913 -0.0142479 0)
(-0.00897569 -0.00192955 0)
(-0.00217639 -0.0024309 0)
(-0.0123667 0.012042 0)
(-0.0376806 0.0301128 0)
(-0.0673692 0.0395917 0)
(-0.0922858 0.0388 0)
(-0.112487 0.0349929 0)
(-0.129716 0.0296053 0)
(-0.142476 0.0237984 0)
(-0.153047 0.0171848 0)
(-0.160218 0.0109991 0)
(-0.164291 0.00501601 0)
(-0.164738 -0.000951405 0)
(-0.161525 -0.00744335 0)
(-0.154555 -0.0145604 0)
(-0.143302 -0.0230045 0)
(-0.127108 -0.0326672 0)
(-0.106011 -0.0432948 0)
(-0.0801425 -0.0521558 0)
(-0.0497188 -0.0526504 0)
(-0.0178593 -0.0313495 0)
(-0.00891928 0.0141431 0)
(-0.0317768 0.0396898 0)
(-0.0579786 0.0555112 0)
(-0.081207 0.0603262 0)
(-0.0993037 0.0570588 0)
(-0.114214 0.0502083 0)
(-0.126198 0.0414516 0)
(-0.135283 0.0320481 0)
(-0.141891 0.0232422 0)
(-0.14516 0.0145172 0)
(-0.146452 0.00574817 0)
(-0.145357 -0.00310533 0)
(-0.142252 -0.0122743 0)
(-0.13605 -0.022236 0)
(-0.126908 -0.0335955 0)
(-0.114057 -0.0467459 0)
(-0.097195 -0.0619393 0)
(-0.0760742 -0.0778881 0)
(-0.0496371 -0.0879181 0)
(-0.0209 -0.0736855 0)
(-0.0131763 0.0375217 0)
(-0.0378968 0.0630789 0)
(-0.0609053 0.0758365 0)
(-0.0788282 0.0774793 0)
(-0.0922208 0.0716987 0)
(-0.102933 0.0623913 0)
(-0.110829 0.0511873 0)
(-0.116563 0.0394533 0)
(-0.120243 0.027967 0)
(-0.122217 0.0167197 0)
(-0.122568 0.00583562 0)
(-0.121175 -0.00508714 0)
(-0.11798 -0.016425 0)
(-0.112745 -0.0287449 0)
(-0.105433 -0.042642 0)
(-0.0956371 -0.058663 0)
(-0.0826643 -0.0769781 0)
(-0.065774 -0.0967859 0)
(-0.0434884 -0.113237 0)
(-0.0192688 -0.108257 0)
(-0.0135338 0.0596132 0)
(-0.0360886 0.0841623 0)
(-0.054825 0.0932623 0)
(-0.0688139 0.091534 0)
(-0.0790227 0.0828834 0)
(-0.0867603 0.0709536 0)
(-0.0921288 0.057431 0)
(-0.0959343 0.0437287 0)
(-0.0982693 0.0304801 0)
(-0.0993036 0.0177166 0)
(-0.0990056 0.005312 0)
(-0.0973654 -0.00711246 0)
(-0.0943403 -0.0199638 0)
(-0.0898967 -0.0338635 0)
(-0.0840422 -0.0495086 0)
(-0.0766508 -0.0676666 0)
(-0.0670631 -0.0888666 0)
(-0.0540573 -0.112714 0)
(-0.0356731 -0.135135 0)
(-0.0167479 -0.137451 0)
(-0.0116099 0.0801766 0)
(-0.0302695 0.102719 0)
(-0.0450062 0.107985 0)
(-0.0559678 0.102765 0)
(-0.063727 0.0911938 0)
(-0.0694006 0.0768494 0)
(-0.0732662 0.0614928 0)
(-0.0759901 0.0463876 0)
(-0.0775692 0.0319144 0)
(-0.0781116 0.0179784 0)
(-0.0776076 0.00437061 0)
(-0.0760408 -0.00924319 0)
(-0.0733803 -0.0232698 0)
(-0.0696476 -0.038277 0)
(-0.064923 -0.0549802 0)
(-0.0592421 -0.0742819 0)
(-0.0522899 -0.0971305 0)
(-0.0429261 -0.123894 0)
(-0.0303863 -0.152275 0)
(-0.0106173 -0.16137 0)
(-0.00954234 0.0976106 0)
(-0.023016 0.117755 0)
(-0.0342818 0.119796 0)
(-0.0425164 0.111429 0)
(-0.0482534 0.0973944 0)
(-0.052441 0.081154 0)
(-0.0553367 0.0644435 0)
(-0.0573953 0.0482843 0)
(-0.0585941 0.0328549 0)
(-0.0590185 0.0179969 0)
(-0.0586374 0.00344485 0)
(-0.0574068 -0.0111502 0)
(-0.0552788 -0.0261711 0)
(-0.0522851 -0.0420904 0)
(-0.0485462 -0.0595681 0)
(-0.0441852 -0.0795836 0)
(-0.0391539 -0.103367 0)
(-0.0324124 -0.132239 0)
(-0.0248389 -0.164799 0)
(-0.00787363 -0.181481 0)
(-0.00662969 0.110949 0)
(-0.0155545 0.129174 0)
(-0.023709 0.128627 0)
(-0.0294165 0.117852 0)
(-0.0334177 0.102023 0)
(-0.0364113 0.0844204 0)
(-0.0385728 0.0667236 0)
(-0.0401732 0.0497729 0)
(-0.0411802 0.0336382 0)
(-0.0416423 0.018099 0)
(-0.0415124 0.00282629 0)
(-0.0407288 -0.0125427 0)
(-0.0392369 -0.0283613 0)
(-0.037069 -0.0450061 0)
(-0.0343631 -0.0630202 0)
(-0.0312987 -0.0833912 0)
(-0.0279907 -0.107624 0)
(-0.0235527 -0.137871 0)
(-0.0203319 -0.173538 0)
(-0.00387598 -0.197355 0)
(-0.00422447 0.119268 0)
(-0.00856745 0.136488 0)
(-0.0136304 0.134322 0)
(-0.0169728 0.12216 0)
(-0.0193866 0.105222 0)
(-0.0213135 0.0867759 0)
(-0.0228104 0.0684518 0)
(-0.0240033 0.0509766 0)
(-0.0248459 0.0343716 0)
(-0.0253518 0.0183661 0)
(-0.0254756 0.00258541 0)
(-0.0251611 -0.0133459 0)
(-0.0243637 -0.0297535 0)
(-0.0231035 -0.0469324 0)
(-0.021528 -0.0652814 0)
(-0.0198498 -0.0857373 0)
(-0.0183101 -0.110102 0)
(-0.015775 -0.141209 0)
(-0.0166703 -0.179224 0)
(-0.00158798 -0.210108 0)
(-0.000892469 0.123128 0)
(-0.00192784 0.14054 0)
(-0.00413574 0.137353 0)
(-0.00515926 0.124509 0)
(-0.00604466 0.107109 0)
(-0.00690991 0.0882786 0)
(-0.0077055 0.0696484 0)
(-0.00845161 0.0518974 0)
(-0.00908162 0.0350369 0)
(-0.00958443 0.0187744 0)
(-0.00992842 0.00271104 0)
(-0.0100806 -0.0135379 0)
(-0.010022 -0.030281 0)
(-0.00976685 -0.0477488 0)
(-0.00944748 -0.0662052 0)
(-0.00928145 -0.0864859 0)
(-0.00974856 -0.110648 0)
(-0.00879548 -0.142173 0)
(-0.0136983 -0.181968 0)
(0.00147574 -0.21959 0)
(0.0015901 0.121798 0)
(0.00412948 0.140652 0)
(0.00513485 0.137371 0)
(0.00625641 0.124783 0)
(0.00687142 0.107482 0)
(0.00712087 0.088772 0)
(0.00710395 0.0702036 0)
(0.00688208 0.0524542 0)
(0.0065354 0.0355707 0)
(0.00608887 0.0192771 0)
(0.00555793 0.00317838 0)
(0.00494677 -0.0131126 0)
(0.00423951 -0.0298946 0)
(0.00342152 -0.0473676 0)
(0.00235523 -0.0656862 0)
(0.000891412 -0.0855477 0)
(-0.00176428 -0.109173 0)
(-0.00226722 -0.140749 0)
(-0.0113299 -0.182556 0)
(0.00390032 -0.226417 0)
(0.00371819 0.117245 0)
(0.0101813 0.137601 0)
(0.0137569 0.135175 0)
(0.017187 0.123649 0)
(0.0195006 0.106711 0)
(0.0210036 0.088402 0)
(0.0219109 0.0701449 0)
(0.0223309 0.0526287 0)
(0.0223564 0.0359443 0)
(0.0220229 0.0198533 0)
(0.0213323 0.00398307 0)
(0.0202652 -0.0120495 0)
(0.0187638 -0.0285442 0)
(0.016817 -0.0456954 0)
(0.0142444 -0.0635905 0)
(0.0110202 -0.0828016 0)
(0.00614904 -0.105566 0)
(0.0040742 -0.136874 0)
(-0.00922412 -0.180935 0)
(0.00744813 -0.23051 0)
(0.00611114 0.108042 0)
(0.0157005 0.130955 0)
(0.0223795 0.129772 0)
(0.0277424 0.119975 0)
(0.0319622 0.104119 0)
(0.0348841 0.0866667 0)
(0.036893 0.0691209 0)
(0.038115 0.0521868 0)
(0.0386385 0.0360175 0)
(0.0385027 0.0204326 0)
(0.0376961 0.00510641 0)
(0.0361874 -0.0103237 0)
(0.0338658 -0.0261524 0)
(0.0307336 -0.0425992 0)
(0.026515 -0.0597313 0)
(0.0214624 -0.0780431 0)
(0.0143442 -0.0996836 0)
(0.0102668 -0.130727 0)
(-0.00709226 -0.177571 0)
(0.0114495 -0.232684 0)
(0.00801434 0.0951484 0)
(0.0207216 0.122036 0)
(0.030118 0.123168 0)
(0.0377432 0.114789 0)
(0.0440269 0.100359 0)
(0.0486848 0.0839638 0)
(0.0520816 0.067342 0)
(0.0543442 0.0512294 0)
(0.0555478 0.0358311 0)
(0.0557388 0.0210313 0)
(0.0548879 0.00656447 0)
(0.0529645 -0.00790694 0)
(0.0497889 -0.0226706 0)
(0.045429 -0.0379863 0)
(0.0394335 -0.0539703 0)
(0.0324696 -0.0711183 0)
(0.0228161 -0.0915222 0)
(0.0166968 -0.122714 0)
(-0.00455417 -0.172785 0)
(0.0165074 -0.233293 0)
(0.00993086 0.0785068 0)
(0.0249267 0.108855 0)
(0.0367977 0.112704 0)
(0.0468161 0.106167 0)
(0.0553792 0.0937072 0)
(0.062147 0.0789716 0)
(0.0672765 0.063815 0)
(0.070878 0.0490397 0)
(0.0729994 0.0348999 0)
(0.0737046 0.0213428 0)
(0.0729354 0.00818098 0)
(0.0706697 -0.00488533 0)
(0.0666341 -0.0181032 0)
(0.0610533 -0.0317948 0)
(0.0531729 -0.0461502 0)
(0.0442045 -0.0618496 0)
(0.0317036 -0.080943 0)
(0.0235623 -0.112528 0)
(-0.00210525 -0.1666 0)
(0.0222317 -0.233312 0)
(0.0100706 0.0590339 0)
(0.0273919 0.0947964 0)
(0.0413007 0.101608 0)
(0.0538063 0.0967057 0)
(0.0651395 0.0860288 0)
(0.0745953 0.0730487 0)
(0.0819427 0.0595007 0)
(0.0872558 0.0462493 0)
(0.0905922 0.0336153 0)
(0.0920517 0.0215811 0)
(0.0915497 0.0100617 0)
(0.0891079 -0.00129768 0)
(0.0842983 -0.0125125 0)
(0.0776511 -0.0240846 0)
(0.0678872 -0.0362785 0)
(0.0570201 -0.0501637 0)
(0.0414885 -0.067694 0)
(0.0312909 -0.0998709 0)
(0.000199226 -0.158754 0)
(0.0292226 -0.230102 0)
(0.00934811 0.0391382 0)
(0.0265185 0.0752585 0)
(0.0425986 0.0840402 0)
(0.0580616 0.0812242 0)
(0.0725769 0.0729923 0)
(0.0852102 0.0626445 0)
(0.0952422 0.0516341 0)
(0.102654 0.0407497 0)
(0.107485 0.0304255 0)
(0.109973 0.0206498 0)
(0.109863 0.0114377 0)
(0.107604 0.00243436 0)
(0.102391 -0.00628568 0)
(0.0952623 -0.0152888 0)
(0.0840565 -0.0247268 0)
(0.0720032 -0.0363149 0)
(0.053608 -0.0517578 0)
(0.0412694 -0.0845424 0)
(0.00452957 -0.147111 0)
(0.038866 -0.218513 0)
(-0.000832927 0.0240465 0)
(0.0197575 0.0600371 0)
(0.037763 0.0682614 0)
(0.0568564 0.0665808 0)
(0.0753133 0.0603606 0)
(0.091448 0.0524058 0)
(0.104594 0.0438713 0)
(0.114637 0.0353206 0)
(0.121498 0.0272653 0)
(0.125714 0.0197428 0)
(0.126776 0.0128684 0)
(0.125681 0.00634876 0)
(0.121055 0.000286385 0)
(0.115078 -0.00606513 0)
(0.103931 -0.012423 0)
(0.0928011 -0.0212066 0)
(0.0725946 -0.0338955 0)
(0.0595278 -0.0654215 0)
(0.0185334 -0.126812 0)
(0.0558531 -0.188837 0)
(-0.013942 0.0286176 0)
(-0.000726349 0.0309562 0)
(0.0255682 0.0344988 0)
(0.0517024 0.0354403 0)
(0.0752555 0.0337116 0)
(0.095876 0.02992 0)
(0.112979 0.0254931 0)
(0.126791 0.0210063 0)
(0.136938 0.01675 0)
(0.14429 0.012702 0)
(0.148183 0.00913653 0)
(0.150006 0.00552891 0)
(0.148219 0.00256265 0)
(0.145233 -0.00134962 0)
(0.136953 -0.00433479 0)
(0.129583 -0.0106769 0)
(0.111323 -0.0189622 0)
(0.101987 -0.0450383 0)
(0.0607779 -0.0910848 0)
(0.0895604 -0.13448 0)
(0.0435512 0.0375383 0)
(0.048989 0.0297558 0)
(0.0702184 0.027301 0)
(0.100028 0.0270331 0)
(0.127012 0.0261238 0)
(0.15187 0.0241961 0)
(0.173746 0.021699 0)
(0.193129 0.0192504 0)
(0.209037 0.0168508 0)
(0.222549 0.0147638 0)
(0.232748 0.0127681 0)
(0.24103 0.0111197 0)
(0.246247 0.0092946 0)
(0.25005 0.00783899 0)
(0.250227 0.00567027 0)
(0.248875 0.00347854 0)
(0.236644 0.00256904 0)
(0.22432 -0.00769031 0)
(0.174072 -0.0121344 0)
(0.161657 -0.0568589 0)
)
;

boundaryField
{
    movingWall
    {
        type            fixedValue;
        value           uniform (1 0 0);
    }
    fixedWalls
    {
        type            noSlip;
    }
    frontAndBack
    {
        type            empty;
    }
}


// ************************************************************************* //
