/*--------------------------------*- C++ -*----------------------------------*\
  =========                 |
  \\      /  F ield         | OpenFOAM: The Open Source CFD Toolbox
   \\    /   O peration     | Website:  https://openfoam.org
    \\  /    A nd           | Version:  13
     \\/     M anipulation  |
\*---------------------------------------------------------------------------*/
FoamFile
{
    format      ascii;
    class       volScalarField;
    location    "0.000499929";
    object      mag(U);
}
// * * * * * * * * * * * * * * * * * * * * * * * * * * * * * * * * * * * * * //

dimensions      [0 1 -1 0 0 0 0];

internalField   nonuniform List<scalar> 
8000
(
5.28342e-12
6.49555e-12
2.57813e-12
2.15752e-12
3.11482e-12
4.29178e-12
2.6782e-12
3.49474e-12
3.06525e-12
4.09505e-13
1.98172e-12
1.93785e-12
3.68986e-12
9.37744e-13
2.01221e-12
3.66778e-12
5.89414e-12
2.60995e-12
1.70532e-12
3.3301e-12
3.82527e-12
2.6668e-12
4.19399e-12
3.49444e-12
2.93508e-12
1.19227e-12
1.35002e-12
7.80064e-13
6.53185e-13
3.22115e-12
3.91638e-12
9.9211e-12
3.94459e-11
1.76817e-10
7.80514e-10
3.32349e-09
1.36911e-08
5.46617e-08
2.11432e-07
7.91809e-07
2.86903e-06
1.00503e-05
3.40083e-05
0.000111057
0.000349639
0.00106005
0.00309127
0.00865875
0.0232604
0.0598227
0.146998
0.344251
0.765901
1.61174
3.18597
5.82761
9.72978
14.9324
21.3982
28.9887
37.5005
46.72
56.4572
66.5591
76.9094
87.4224
98.0363
108.706
119.4
130.092
140.765
151.406
162.002
172.546
183.03
193.448
203.797
214.076
224.282
234.417
244.479
254.468
264.387
274.236
284.015
293.727
303.37
312.948
322.461
331.913
341.305
350.642
359.926
369.163
378.355
387.511
396.635
405.736
414.822
423.904
432.993
442.103
451.248
460.444
469.711
479.07
488.543
498.153
507.929
517.9
528.095
538.546
549.281
560.329
571.717
583.463
595.576
608.051
620.814
635.97
6.6587e-12
2.71103e-12
1.0341e-12
3.25848e-12
1.32005e-12
5.51637e-12
1.69244e-12
6.11831e-12
3.46679e-12
1.42796e-12
5.14896e-13
1.32583e-13
1.12555e-12
1.50596e-12
3.01476e-12
3.83388e-12
4.64371e-12
1.67462e-12
4.36077e-12
1.48914e-12
3.67158e-12
3.1947e-12
4.98138e-12
3.27959e-12
1.67282e-12
3.68319e-12
2.02535e-12
9.17359e-13
3.81844e-13
4.85273e-12
2.8029e-12
8.94916e-12
3.95853e-11
1.7664e-10
7.79004e-10
3.3103e-09
1.36481e-08
5.44932e-08
2.1078e-07
7.8939e-07
2.86039e-06
1.00205e-05
3.39091e-05
0.000110739
0.00034866
0.00105716
0.00308305
0.00863641
0.0232024
0.0596791
0.14666
0.343498
0.764324
1.60865
3.18039
5.81866
9.71706
14.9159
21.3782
28.9659
37.4757
46.6938
56.4301
66.5313
76.8812
87.3938
98.0073
108.677
119.37
130.062
140.735
151.374
161.97
172.513
182.996
193.414
203.764
214.043
224.251
234.386
244.449
254.439
264.359
274.208
283.987
293.698
303.342
312.92
322.434
331.887
341.28
350.618
359.902
369.139
378.332
387.487
396.611
405.712
414.798
423.88
432.969
442.079
451.224
460.421
469.688
479.048
488.522
498.134
507.913
517.887
528.087
538.543
549.285
560.343
571.743
583.504
595.634
608.131
620.918
636.112
6.58875e-12
4.1239e-12
3.02964e-12
1.2231e-12
3.03466e-12
3.42672e-12
3.42239e-12
3.06816e-12
4.61293e-12
9.45663e-13
8.31389e-13
2.3797e-12
7.51415e-13
1.84429e-12
4.73431e-12
2.89102e-12
3.0739e-12
4.44636e-12
3.69628e-12
1.68915e-12
3.95186e-12
3.45137e-12
2.87712e-12
3.05457e-12
1.90436e-12
2.75536e-12
1.20201e-12
2.7806e-12
3.21522e-12
2.88341e-12
3.65754e-12
9.09232e-12
4.05113e-11
1.76544e-10
7.73742e-10
3.29265e-09
1.35671e-08
5.41673e-08
2.0954e-07
7.84808e-07
2.84402e-06
9.96408e-06
3.37214e-05
0.000110138
0.000346809
0.00105168
0.0030675
0.00859414
0.0230927
0.0594074
0.146021
0.342075
0.761338
1.60279
3.16983
5.80172
9.69298
14.8846
21.3403
28.9227
37.4287
46.6443
56.3789
66.479
76.8281
87.3404
97.9537
108.623
119.316
130.008
140.681
151.321
161.917
172.461
182.945
193.364
203.715
213.994
224.203
234.339
244.403
254.395
264.316
274.166
283.948
293.661
303.306
312.885
322.399
331.85
341.242
350.578
359.862
369.097
378.288
387.442
396.566
405.665
414.751
423.832
432.92
442.029
451.174
460.371
469.638
478.998
488.473
498.087
507.869
517.847
528.054
538.518
549.273
560.348
571.77
583.558
595.722
608.258
621.091
636.352
5.79808e-12
4.34225e-12
2.75702e-12
1.07359e-12
1.77592e-12
4.0677e-12
4.56546e-12
3.18305e-12
1.48151e-12
3.09443e-12
1.48631e-12
1.20163e-12
1.2676e-12
1.29293e-12
5.52114e-12
3.09172e-12
3.36511e-12
2.74243e-12
3.30216e-12
2.00539e-12
2.59494e-12
3.71658e-12
4.04369e-12
1.69606e-12
2.73894e-12
2.07141e-12
2.3847e-12
2.0374e-12
8.4404e-13
3.19371e-12
4.71369e-12
1.01867e-11
3.68432e-11
1.74537e-10
7.6758e-10
3.2645e-09
1.34491e-08
5.37092e-08
2.07786e-07
7.7831e-07
2.82081e-06
9.88405e-06
3.34554e-05
0.000109286
0.000344184
0.00104391
0.00304546
0.00853424
0.0229371
0.0590225
0.145115
0.340058
0.757106
1.5945
3.15486
5.77768
9.65877
14.8401
21.2865
28.8613
37.3618
46.5736
56.3057
66.4041
76.7519
87.263
97.8752
108.543
119.235
129.926
140.597
151.236
161.83
172.373
182.855
193.274
203.625
213.907
224.117
234.256
244.322
254.315
264.238
274.089
283.871
293.584
303.23
312.81
322.326
331.779
341.173
350.511
359.796
369.032
378.224
387.378
396.501
405.601
414.686
423.767
432.855
441.964
451.109
460.306
469.575
478.937
488.415
498.035
507.823
517.81
528.028
538.508
549.281
560.381
571.834
583.661
595.872
608.466
621.364
636.718
4.509e-12
4.05551e-12
3.17052e-12
3.47793e-12
1.61287e-12
4.46296e-12
3.96394e-12
2.24301e-12
2.37054e-12
7.34743e-13
8.08396e-13
6.70168e-13
3.95789e-13
2.96633e-12
3.62265e-12
2.73913e-12
4.383e-12
2.59287e-12
1.71179e-12
2.64208e-12
3.31759e-12
3.56271e-12
3.48928e-12
2.34644e-12
3.52142e-13
1.26541e-12
1.93069e-12
1.1659e-12
1.97017e-12
2.3042e-12
4.76195e-12
8.94973e-12
3.91462e-11
1.72354e-10
7.59665e-10
3.22774e-09
1.33031e-08
5.31304e-08
2.05569e-07
7.70124e-07
2.79158e-06
9.78327e-06
3.31204e-05
0.000108214
0.000340882
0.00103414
0.00301772
0.00845889
0.0227415
0.0585381
0.143976
0.33752
0.75178
1.58405
3.136
5.74739
9.61565
14.7841
21.2186
28.7839
37.2774
46.4846
56.2136
66.3101
76.6566
87.1669
97.7787
108.447
119.138
129.829
140.501
151.14
161.736
172.28
182.765
193.185
203.537
213.82
224.031
234.171
244.239
254.235
264.161
274.015
283.801
293.518
303.166
312.746
322.261
331.713
341.105
350.44
359.722
368.956
378.146
387.298
396.419
405.517
414.6
423.68
432.767
441.875
451.019
460.216
469.485
478.848
488.327
497.95
507.743
517.738
527.967
538.463
549.259
560.388
571.879
583.756
596.028
608.695
621.677
637.153
2.9787e-12
4.67433e-12
2.75295e-12
2.4062e-12
3.52931e-12
3.61596e-12
3.10002e-12
3.33409e-12
2.63735e-12
1.33297e-12
1.74329e-12
6.63389e-13
1.48205e-12
3.33171e-12
2.25041e-12
3.31673e-12
2.8338e-12
3.79804e-12
2.27447e-12
2.90462e-12
3.5338e-12
2.79397e-12
3.25534e-12
2.50494e-12
1.06577e-12
3.07153e-13
7.01907e-13
1.70415e-13
1.34648e-12
3.07406e-12
3.44246e-12
8.5724e-12
3.72725e-11
1.71475e-10
7.47529e-10
3.18673e-09
1.31294e-08
5.2448e-08
2.02953e-07
7.60463e-07
2.75708e-06
9.66441e-06
3.27254e-05
0.000106949
0.000336989
0.00102263
0.00298505
0.00837011
0.022511
0.0579676
0.142634
0.334529
0.745503
1.57174
3.11376
5.71162
9.56468
14.7178
21.1382
28.6921
37.1773
46.3788
56.104
66.1977
76.542
87.0505
97.6604
108.327
119.016
129.705
140.375
151.011
161.605
172.146
182.629
193.049
203.403
213.688
223.903
234.046
244.116
254.115
264.042
273.898
283.683
293.4
303.049
312.631
322.15
331.605
341.001
350.339
359.623
368.858
378.049
387.202
396.323
405.42
414.503
423.582
432.669
441.776
450.921
460.119
469.39
478.756
488.24
497.87
507.673
517.681
527.928
538.446
549.27
560.435
571.973
583.908
596.253
609.007
622.089
637.707
3.87706e-12
5.03119e-12
2.08972e-12
2.56989e-12
2.27881e-12
4.80087e-12
2.79257e-12
3.2173e-12
2.60259e-12
9.09837e-13
1.82156e-12
2.4021e-12
1.0317e-12
3.32054e-12
4.39933e-12
2.34206e-12
3.79843e-12
2.46826e-12
2.65177e-12
2.04715e-12
4.06156e-12
2.59289e-12
3.01616e-12
3.87745e-12
5.88075e-13
1.36679e-12
2.33375e-13
2.34214e-12
4.80149e-13
6.42012e-13
4.37294e-12
6.2985e-12
3.71804e-11
1.68464e-10
7.37665e-10
3.13871e-09
1.29333e-08
5.1673e-08
1.99994e-07
7.49528e-07
2.71805e-06
9.52995e-06
3.22788e-05
0.00010552
0.000332589
0.00100961
0.00294813
0.00826979
0.0222505
0.0573229
0.141117
0.331149
0.738408
1.55782
3.08859
5.67111
9.50692
14.6426
21.047
28.588
37.0637
46.2589
55.9799
66.0708
76.4134
86.9209
97.5304
108.197
118.886
129.576
140.246
150.885
161.48
172.023
182.508
192.93
203.285
213.572
223.788
233.933
244.006
254.008
263.939
273.799
283.591
293.312
302.964
312.547
322.063
331.516
340.908
350.243
359.524
368.756
377.944
387.094
396.213
405.308
414.389
423.465
432.55
441.657
450.8
459.997
469.268
478.635
488.122
497.754
507.564
517.582
527.843
538.382
549.236
560.442
572.032
584.034
596.463
609.319
622.519
638.305
6.55836e-12
4.98455e-12
1.59224e-12
2.47196e-12
3.72398e-12
3.32044e-12
3.78272e-12
2.9471e-12
2.64269e-12
9.34267e-13
1.23834e-12
1.87957e-12
4.74966e-12
3.7898e-12
3.25845e-12
3.0863e-12
2.96425e-12
3.43157e-12
1.81536e-12
8.93363e-13
3.31462e-12
4.36642e-12
4.07958e-12
2.10187e-12
2.11256e-12
6.40715e-13
2.39896e-12
2.94172e-12
1.60506e-12
2.24469e-12
4.25666e-12
9.92425e-12
3.44501e-11
1.65925e-10
7.23614e-10
3.08678e-09
1.27178e-08
5.08168e-08
1.96737e-07
7.37504e-07
2.67516e-06
9.38222e-06
3.17881e-05
0.000103951
0.000327758
0.000995325
0.0029076
0.00815968
0.0219646
0.0566152
0.139451
0.327437
0.730614
1.54252
3.06091
5.6265
9.44324
14.5596
20.9463
28.4729
36.938
46.1258
55.8417
65.9289
76.2687
86.7735
97.3804
108.044
118.731
129.418
140.085
150.72
161.312
171.854
182.337
192.759
203.116
213.405
223.624
233.773
243.85
253.855
263.788
273.649
283.439
293.16
302.813
312.399
321.92
331.378
340.775
350.114
359.398
368.632
377.822
386.972
396.091
405.186
414.266
423.342
432.427
441.533
450.676
459.874
469.147
478.518
488.011
497.653
507.474
517.509
527.791
538.358
549.248
560.499
572.148
584.225
596.747
609.717
623.048
639.02
4.24797e-12
4.24564e-12
2.07535e-12
4.03499e-12
2.50187e-12
4.26915e-12
2.53045e-12
4.57669e-12
3.36127e-12
1.47057e-12
2.44154e-12
9.25552e-13
2.54527e-12
5.08335e-12
2.12121e-12
3.68231e-12
1.37288e-12
3.61336e-12
2.0792e-12
1.79286e-12
2.98042e-12
2.5305e-12
3.44898e-12
2.05409e-12
2.60771e-12
2.19769e-13
1.4774e-12
2.46181e-12
6.27464e-13
1.99268e-12
1.89881e-12
1.08837e-11
3.61164e-11
1.61637e-10
7.10853e-10
3.02853e-09
1.24842e-08
4.99002e-08
1.9323e-07
7.24561e-07
2.629e-06
9.22333e-06
3.12606e-05
0.000102263
0.000322566
0.000979973
0.00286405
0.00804138
0.0216575
0.0558548
0.137662
0.323448
0.722235
1.52606
3.03112
5.57843
9.37457
14.4701
20.8377
28.3487
36.8023
45.9822
55.6929
65.7768
76.1145
86.6184
97.2253
107.889
118.577
129.265
139.934
150.571
161.165
171.708
182.195
192.619
202.977
213.268
223.489
233.64
243.72
253.728
263.665
273.532
283.33
293.056
302.712
312.299
321.818
331.273
340.665
350
359.28
368.511
377.697
386.845
395.96
405.053
414.13
423.203
432.285
441.39
450.532
459.729
469.002
478.373
487.868
497.513
507.341
517.386
527.685
538.276
549.201
560.5
572.213
584.372
596.998
610.095
623.574
639.758
4.84772e-12
3.39769e-12
2.86529e-12
2.89023e-12
5.01685e-12
2.79382e-12
3.66891e-12
4.82276e-12
2.40418e-12
1.28307e-12
2.40342e-12
2.49652e-12
2.59423e-12
3.25185e-12
1.73442e-12
2.51309e-12
3.32049e-12
4.69079e-13
3.81137e-12
2.07713e-12
2.14946e-12
2.82095e-12
5.53807e-13
2.69199e-12
2.34066e-12
1.61553e-12
4.22436e-13
2.26621e-12
1.46963e-12
2.48697e-12
1.80589e-12
8.41084e-12
3.59132e-11
1.56779e-10
6.97599e-10
2.96391e-09
1.22386e-08
4.89276e-08
1.89517e-07
7.1086e-07
2.58016e-06
9.05524e-06
3.07027e-05
0.000100479
0.000317077
0.000963746
0.00281802
0.00791635
0.0213328
0.0550511
0.13577
0.31923
0.713372
1.50864
2.99955
5.52743
9.3016
14.3749
20.722
28.2162
36.6573
45.8283
55.5328
65.6121
75.9462
86.4468
97.0502
107.711
118.395
129.079
139.745
150.378
160.969
171.51
181.995
192.419
202.779
213.073
223.298
233.452
243.535
253.547
263.487
273.354
283.149
292.875
302.533
312.123
321.648
331.109
340.508
349.848
359.132
368.366
377.554
386.703
395.819
404.911
413.988
423.061
432.142
441.246
450.388
459.587
468.862
478.237
487.739
497.395
507.236
517.3
527.622
538.245
549.211
560.563
572.345
584.593
597.33
610.564
624.202
640.614
5.15176e-12
3.88288e-12
2.67943e-12
1.76377e-12
4.55687e-12
3.45708e-12
4.13949e-12
4.30169e-12
2.48354e-12
1.49859e-12
2.52686e-12
3.43192e-12
3.42542e-12
2.29594e-12
2.76934e-12
1.36124e-12
2.98075e-12
7.04202e-13
4.06801e-12
2.87973e-12
2.78574e-12
1.74987e-12
2.95056e-12
2.76656e-12
2.2156e-12
1.13159e-12
2.9361e-12
2.60136e-12
4.49138e-13
1.39956e-12
2.3326e-12
8.82355e-12
3.54754e-11
1.54539e-10
6.82868e-10
2.90221e-09
1.1981e-08
4.79072e-08
1.85638e-07
6.96548e-07
2.52915e-06
8.87974e-06
3.01203e-05
9.86174e-05
0.000311349
0.000946815
0.00277001
0.00778592
0.0209942
0.0542126
0.133796
0.314827
0.704117
1.49045
2.96655
5.47405
9.22515
14.2751
20.6007
28.0773
36.5053
45.6671
55.3656
65.4412
75.7731
86.273
96.877
107.539
118.224
128.91
139.578
150.214
160.807
171.35
181.838
192.265
202.627
212.923
223.149
233.306
243.392
253.408
263.352
273.226
283.029
292.761
302.422
312.013
321.535
330.992
340.386
349.721
359.001
368.231
377.415
386.561
395.673
404.762
413.836
422.906
431.985
441.087
450.227
459.424
468.699
478.075
487.577
497.236
507.084
517.158
527.498
538.147
549.151
560.557
572.411
584.753
597.612
610.995
624.81
641.478
6.69111e-12
4.22201e-12
2.65443e-12
2.34113e-12
2.64059e-12
4.57024e-12
2.65591e-12
5.6217e-12
1.34713e-12
3.00074e-12
2.89054e-12
3.96122e-12
3.45197e-12
3.6554e-12
1.44845e-12
2.88367e-12
2.57769e-12
1.45513e-12
4.30325e-12
1.50115e-12
3.46057e-12
3.09139e-12
1.23181e-12
4.39346e-12
7.67834e-13
1.01195e-12
1.96921e-12
1.11291e-12
8.02367e-13
1.19474e-12
3.81275e-12
6.23261e-12
3.23673e-11
1.50473e-10
6.66766e-10
2.83697e-09
1.17138e-08
4.68543e-08
1.81623e-07
6.81753e-07
2.47644e-06
8.69844e-06
2.95188e-05
9.66949e-05
0.000305436
0.000929338
0.00272044
0.00765127
0.0206445
0.0533467
0.131757
0.310278
0.694551
1.47163
2.93238
5.41867
9.14572
14.1713
20.4743
27.9323
36.3461
45.4978
55.189
65.2592
75.5868
86.0826
96.6823
107.339
118.021
128.703
139.366
149.998
160.589
171.13
181.616
192.042
202.406
212.704
222.935
233.095
243.185
253.204
263.15
273.024
282.825
292.557
302.219
311.813
321.343
330.807
340.209
349.55
358.836
368.07
377.257
386.403
395.517
404.606
413.68
422.749
431.827
440.928
450.069
459.267
468.545
477.925
487.434
497.103
506.966
517.06
527.426
538.109
549.156
560.621
572.552
584.994
597.98
611.522
625.523
642.462
5.26141e-12
4.14219e-12
4.49543e-12
2.66214e-12
2.75467e-12
4.11825e-12
4.51741e-12
2.84102e-12
2.83223e-12
3.83677e-12
2.59462e-12
5.64865e-12
3.15131e-12
2.31067e-12
1.33732e-12
3.17319e-12
2.23905e-12
6.19534e-12
1.74619e-12
3.68843e-12
9.1254e-13
1.57232e-12
4.97294e-12
1.26717e-12
1.51918e-12
3.19019e-12
5.63349e-13
7.24523e-13
1.65259e-12
1.1459e-12
3.06255e-12
7.3724e-12
2.97051e-11
1.50764e-10
6.45821e-10
2.77092e-09
1.14361e-08
4.57778e-08
1.77513e-07
6.66597e-07
2.42247e-06
8.51283e-06
2.89032e-05
9.47274e-05
0.000299385
0.000911454
0.00266972
0.0075135
0.0202867
0.0524606
0.12967
0.305621
0.684753
1.45235
2.89734
5.36182
9.06411
14.0646
20.3444
27.7833
36.1827
45.3242
55.0088
65.075
75.4005
85.8961
96.4967
107.156
117.84
128.524
139.19
149.825
160.418
170.961
181.451
191.882
202.248
212.548
222.78
232.943
243.036
253.058
263.009
272.89
282.7
292.436
302.102
311.698
321.224
330.684
340.079
349.416
358.696
367.926
377.109
386.251
395.361
404.447
413.518
422.584
431.66
440.758
449.897
459.093
468.37
477.75
487.26
496.93
506.798
516.902
527.286
537.995
549.083
560.603
572.613
585.16
598.283
611.996
626.202
643.441
4.20288e-12
4.54895e-12
1.90209e-12
4.64551e-12
4.04857e-12
4.2909e-12
3.55517e-12
2.26989e-12
2.60319e-12
3.32592e-12
1.7245e-12
3.84103e-12
2.74401e-12
3.49938e-12
2.08624e-12
1.46123e-12
3.70156e-12
2.64225e-12
8.70951e-13
4.27374e-12
2.07156e-12
5.34649e-13
2.96225e-12
1.72378e-12
3.36436e-12
1.4225e-12
1.32877e-12
1.33064e-12
2.89145e-12
1.53042e-12
2.29077e-12
6.39953e-12
3.11132e-11
1.4377e-10
6.3293e-10
2.70092e-09
1.11564e-08
4.46817e-08
1.73331e-07
6.51192e-07
2.36761e-06
8.32423e-06
2.82777e-05
9.27286e-05
0.000293239
0.000893288
0.0026182
0.00737353
0.0199232
0.05156
0.127548
0.300884
0.674782
1.4327
2.86161
5.30373
8.98053
13.9552
20.211
27.6299
36.0138
45.1439
54.8203
64.8803
75.2007
85.6912
96.2869
106.941
117.619
128.298
138.96
149.591
160.182
170.724
181.211
191.64
202.007
212.31
222.546
232.713
242.809
252.835
262.787
272.668
282.475
292.212
301.88
311.479
321.013
330.481
339.886
349.23
358.516
367.75
376.936
386.081
395.193
404.279
413.35
422.416
431.491
440.589
449.727
458.925
468.204
477.589
487.105
496.787
506.67
516.794
527.204
537.949
549.082
560.665
572.756
585.413
598.678
612.571
626.991
644.543
3.47222e-12
2.2304e-12
2.58125e-12
3.08644e-12
4.67873e-12
3.72578e-12
7.02755e-12
3.03798e-12
2.06725e-12
2.53669e-12
1.4209e-12
2.87511e-12
2.86331e-12
3.28809e-12
2.05326e-12
1.20516e-12
3.61871e-12
1.76021e-12
3.66987e-12
1.31152e-12
3.97536e-12
5.92503e-13
3.5752e-12
3.16423e-12
7.21038e-14
2.96405e-12
1.95712e-13
2.28477e-12
2.78196e-12
8.98958e-13
1.90951e-12
7.03348e-12
2.99383e-11
1.36936e-10
6.18394e-10
2.63057e-09
1.08764e-08
4.35719e-08
1.69103e-07
6.35635e-07
2.31222e-06
8.13381e-06
2.76463e-05
9.07112e-05
0.000287035
0.000874954
0.0025662
0.00723226
0.0195562
0.0506508
0.125406
0.2961
0.664708
1.41285
2.82547
5.2449
8.89586
13.8443
20.0758
27.4745
35.843
44.9623
54.6317
64.6876
75.0062
85.4972
96.0944
106.751
117.434
128.116
138.782
149.415
160.007
170.551
181.043
191.478
201.849
212.153
222.39
232.559
242.658
252.687
262.645
272.532
282.348
292.09
301.761
311.362
320.892
330.355
339.754
349.091
358.373
367.602
376.784
385.925
395.032
404.115
413.182
422.246
431.318
440.414
449.549
458.745
468.023
477.406
486.923
496.605
506.491
516.624
527.05
537.821
548.995
560.636
572.809
585.578
598.992
613.078
627.732
645.631
4.70712e-12
6.44267e-12
1.45445e-12
5.28833e-12
3.17539e-12
6.65339e-12
3.73417e-12
5.01275e-12
1.32924e-12
3.50826e-12
1.33928e-12
3.12238e-12
3.03468e-12
2.14908e-12
1.98787e-12
2.00875e-12
3.00582e-13
1.07889e-12
1.88427e-12
7.02487e-13
1.75551e-12
3.83841e-12
1.81784e-12
5.18755e-12
4.11312e-13
3.98278e-12
1.95534e-12
1.78542e-12
1.10675e-12
9.33404e-13
3.50898e-12
7.33495e-12
2.92861e-11
1.36619e-10
5.97185e-10
2.56072e-09
1.05946e-08
4.24549e-08
1.64865e-07
6.20004e-07
2.25659e-06
7.94261e-06
2.70123e-05
8.86857e-05
0.000280807
0.000856546
0.00251399
0.00709038
0.0191876
0.0497372
0.123252
0.291287
0.654568
1.39285
2.789
5.18541
8.81005
13.7318
19.9383
27.3158
35.6677
44.7745
54.4347
64.4836
74.7963
85.2812
95.8727
106.524
117.199
127.876
138.536
149.166
159.758
170.302
180.79
191.22
201.591
211.899
222.14
232.313
242.416
252.448
262.407
272.294
282.107
291.85
301.524
311.128
320.665
330.138
339.546
348.893
358.18
367.414
376.6
385.744
394.854
403.937
413.005
422.068
431.141
440.236
449.371
458.568
467.848
477.236
486.76
496.452
506.353
516.507
526.959
537.765
548.986
560.69
572.95
585.835
599.404
613.689
628.586
646.848
4.49737e-12
6.54567e-12
1.92393e-12
2.65141e-12
3.61724e-12
5.03618e-12
2.65757e-12
6.73854e-12
2.00497e-12
1.67739e-12
1.55482e-12
2.53618e-12
3.07558e-12
2.95223e-12
4.54598e-12
1.01839e-12
2.90665e-12
2.3831e-12
4.98855e-12
4.2973e-13
1.01775e-12
5.51673e-12
1.74061e-12
5.59382e-13
3.32387e-12
2.08503e-12
2.53672e-12
2.79609e-12
1.59885e-12
5.24081e-13
8.40694e-13
9.47927e-12
2.85008e-11
1.33086e-10
5.8185e-10
2.49028e-09
1.03134e-08
4.13375e-08
1.60622e-07
6.04386e-07
2.20101e-06
7.7516e-06
2.6379e-05
8.66624e-05
0.000274585
0.000838157
0.00246183
0.00694863
0.0188193
0.0488242
0.121099
0.286476
0.644427
1.37284
2.7525
5.12581
8.72402
13.6189
19.8005
27.1572
35.493
44.5887
54.2418
64.2868
74.598
85.0841
95.6782
106.332
117.013
127.695
138.359
148.992
159.583
170.129
180.623
191.062
201.438
211.746
221.989
232.163
242.268
252.303
262.267
272.161
281.982
291.729
301.404
311.01
320.546
330.012
339.414
348.754
358.036
367.265
376.447
385.587
394.693
403.772
412.837
421.897
430.967
440.06
449.193
458.387
467.665
477.051
486.574
496.266
506.169
516.329
526.795
537.625
548.885
560.647
572.991
585.994
599.724
614.222
629.382
648.044
3.91528e-12
4.44398e-12
5.62188e-12
1.32398e-12
5.66904e-12
5.57338e-12
4.43026e-12
3.06425e-12
1.79764e-12
2.83811e-12
2.6969e-12
1.20504e-12
3.80678e-12
2.55003e-12
4.15796e-12
1.43542e-12
1.30937e-12
1.61735e-12
2.62838e-12
2.28112e-12
1.32074e-12
5.68121e-12
1.04295e-12
3.3756e-12
6.55e-13
1.53519e-12
7.32558e-13
1.7189e-12
2.05099e-12
1.47934e-12
7.47662e-13
6.75231e-12
2.83016e-11
1.27294e-10
5.66344e-10
2.42389e-09
1.00263e-08
4.02329e-08
1.56399e-07
5.88846e-07
2.1457e-06
7.56151e-06
2.57488e-05
8.46489e-05
0.000268393
0.000819853
0.0024099
0.00680746
0.0184523
0.0479142
0.118952
0.281675
0.6343
1.35283
2.71594
5.06597
8.63744
13.5051
19.6611
26.9958
35.3139
44.3962
54.0391
64.0762
74.3807
84.8598
95.4467
106.094
116.768
127.443
138.102
148.732
159.324
169.869
180.359
190.791
201.165
211.478
221.724
231.903
242.012
252.05
262.015
271.908
281.727
291.477
301.157
310.766
320.307
329.783
339.195
348.544
357.833
367.068
376.254
385.397
394.505
403.586
412.651
421.712
430.782
439.875
449.008
458.202
467.482
476.872
486.402
496.105
506.023
516.202
526.694
537.559
548.865
560.691
573.123
586.248
600.143
614.861
630.295
649.373
2.40088e-12
3.84097e-12
3.9407e-12
5.0657e-12
3.97681e-12
3.06879e-12
4.81569e-12
2.89417e-12
1.57687e-12
2.17026e-12
4.97226e-12
2.88152e-12
1.79709e-12
2.39006e-12
1.99523e-12
1.02342e-12
1.77325e-12
1.23799e-12
1.87759e-12
3.24805e-12
2.23219e-12
2.46278e-12
2.6769e-12
5.03825e-12
3.3967e-12
1.54306e-12
2.05563e-12
1.2345e-12
2.93712e-12
3.54625e-12
4.40698e-12
4.71847e-12
2.57542e-11
1.23955e-10
5.48618e-10
2.3548e-09
9.74712e-09
3.91341e-08
1.52215e-07
5.73442e-07
2.09088e-06
7.37313e-06
2.51243e-05
8.26535e-05
0.000262256
0.000801713
0.00235843
0.00666755
0.0180886
0.0470121
0.116824
0.276915
0.624255
1.33298
2.67966
5.00654
8.55146
13.3922
19.523
26.8365
35.1384
44.2095
53.8455
63.879
74.1825
84.6632
95.2545
105.907
116.585
127.266
137.929
148.562
159.155
169.702
180.198
190.641
201.021
211.334
221.581
231.76
241.871
251.912
261.882
271.781
281.607
291.359
301.039
310.65
320.19
329.661
339.066
348.409
357.693
366.922
376.103
385.243
394.347
403.425
412.487
421.545
430.612
439.702
448.832
458.024
467.302
476.69
486.217
495.919
505.837
516.02
526.523
537.409
548.752
560.634
573.15
586.396
600.462
615.412
631.142
650.679
4.35927e-12
5.19643e-12
3.54267e-12
3.22009e-12
4.61345e-12
4.19653e-12
4.06641e-12
1.67896e-12
1.39644e-12
3.64544e-12
3.20768e-12
3.91126e-12
4.7734e-12
1.84064e-12
2.50755e-12
3.43194e-12
4.58867e-13
2.61454e-12
9.02514e-13
3.79588e-13
2.91249e-12
2.76262e-12
1.64513e-12
2.42564e-12
1.47191e-12
1.9436e-12
2.47277e-12
1.18717e-12
1.5308e-12
9.02297e-13
2.25293e-12
7.88043e-12
2.48862e-11
1.22349e-10
5.32275e-10
2.28322e-09
9.4718e-09
3.80441e-08
1.48082e-07
5.58218e-07
2.03672e-06
7.18697e-06
2.4507e-05
8.0681e-05
0.000256189
0.000783773
0.00230751
0.00652907
0.0177284
0.0461183
0.114713
0.27219
0.614276
1.31323
2.64351
4.94716
8.46525
13.2787
19.3835
26.6742
34.9576
44.0142
53.639
63.6636
73.9595
84.4328
95.0152
105.659
116.331
127.005
137.664
148.295
158.887
169.432
179.924
190.359
200.735
211.052
221.304
231.488
241.603
251.647
261.618
271.517
281.342
291.098
300.784
310.398
319.943
329.422
338.837
348.189
357.48
366.716
375.902
385.045
394.152
403.232
412.295
421.353
430.421
439.511
448.642
457.834
467.113
476.504
486.037
495.75
505.682
515.884
526.411
537.33
548.717
560.663
573.267
586.639
600.88
616.071
632.107
652.125
6.34091e-12
2.83492e-12
6.75795e-12
6.09818e-12
2.5872e-12
5.35121e-12
3.1805e-12
3.61248e-12
8.33647e-13
2.19222e-12
6.24685e-12
3.40359e-12
2.33871e-12
4.34957e-12
4.64886e-13
6.53297e-13
2.11601e-12
3.49294e-12
9.25494e-13
1.65977e-12
2.33313e-12
2.96648e-12
2.761e-12
3.21601e-12
3.14736e-12
1.95652e-12
2.05878e-12
1.88612e-12
5.73916e-13
2.77553e-12
1.40741e-12
6.39689e-12
2.37337e-11
1.17483e-10
5.16642e-10
2.21855e-09
9.20008e-09
3.69761e-08
1.44008e-07
5.43231e-07
1.98338e-06
7.00367e-06
2.38993e-05
7.8739e-05
0.000250216
0.00076611
0.00225738
0.00639272
0.0173738
0.0452382
0.112635
0.267538
0.604452
1.2938
2.6079
4.88873
8.38045
13.1672
19.247
26.5165
34.7839
43.8296
53.448
63.4697
73.7653
84.2405
94.8283
105.479
116.156
126.835
137.498
148.132
158.725
169.274
179.772
190.217
200.602
210.921
221.172
231.356
241.472
251.518
261.494
271.398
281.228
290.984
300.669
310.285
319.831
329.306
338.714
348.06
357.346
366.576
375.757
384.897
394
403.077
412.137
421.192
430.257
439.345
448.473
457.663
466.939
476.327
485.858
495.568
505.499
515.703
526.238
537.174
548.594
560.592
573.278
586.772
601.192
616.635
633.002
653.548
3.52057e-12
7.90561e-12
2.78135e-12
4.16976e-12
4.63003e-12
3.54037e-12
4.5754e-12
4.36682e-12
2.73512e-12
1.66748e-12
3.57669e-12
2.53523e-12
3.82783e-12
1.85312e-12
8.81879e-13
2.07147e-12
4.34179e-13
2.82414e-12
1.88364e-12
1.90869e-12
2.86728e-12
4.07593e-12
1.55566e-12
3.609e-12
1.39249e-12
1.71265e-12
7.84291e-13
1.52321e-12
1.36401e-12
1.10416e-12
3.45228e-12
1.39618e-12
2.8823e-11
1.09661e-10
5.00562e-10
2.15021e-09
8.9363e-09
3.59275e-08
1.40009e-07
5.28502e-07
1.93095e-06
6.82346e-06
2.33016e-05
7.68286e-05
0.000244337
0.000748719
0.002208
0.00625835
0.0170241
0.0443694
0.110582
0.262937
0.59472
1.27451
2.57249
4.83034
8.29553
13.0551
19.1085
26.3546
34.6025
43.6327
53.2388
63.2504
73.5375
84.0048
94.5834
105.225
115.894
126.568
137.226
147.857
158.45
168.996
179.491
189.928
200.307
210.627
220.884
231.074
241.194
251.243
261.221
271.125
280.957
290.719
300.41
310.028
319.577
329.059
338.477
347.831
357.124
366.361
375.548
384.691
393.798
402.877
411.939
420.995
430.06
439.147
448.276
457.466
466.743
476.134
485.67
495.39
505.334
515.555
526.113
537.081
548.543
560.601
573.374
586.996
601.6
617.305
634.016
655.118
4.74581e-12
3.30649e-12
3.81243e-12
2.64321e-12
5.85024e-12
4.89493e-12
3.75227e-12
2.83329e-12
4.76167e-12
1.42783e-12
3.44623e-12
2.38493e-12
3.08092e-12
1.15812e-12
6.9357e-13
1.45251e-12
1.68414e-12
2.86458e-12
2.04429e-12
1.00174e-12
9.11212e-13
2.16087e-12
3.22574e-12
2.2922e-12
2.14869e-12
1.58793e-12
9.74655e-13
5.33944e-13
5.15677e-13
8.30587e-13
8.19236e-13
8.10348e-12
2.5144e-11
1.05198e-10
4.84788e-10
2.08809e-09
8.66641e-09
3.4894e-08
1.36097e-07
5.14071e-07
1.87962e-06
6.64702e-06
2.27165e-05
7.49585e-05
0.000238584
0.000731702
0.00215967
0.00612684
0.0166819
0.0435198
0.108574
0.258439
0.585207
1.25567
2.53793
4.77346
8.21284
12.9461
18.9751
26.2006
34.4332
43.4532
53.0536
63.0632
73.3508
83.8206
94.4045
105.053
115.729
126.408
137.071
147.705
158.3
168.85
179.35
189.798
200.186
210.51
220.766
230.954
241.075
251.126
261.106
271.015
280.849
290.61
300.3
309.92
319.47
328.95
338.362
347.71
356.998
366.231
375.413
384.552
393.656
402.732
411.79
420.844
429.906
438.991
448.118
457.306
466.58
475.968
485.501
495.216
505.158
515.379
525.941
536.922
548.411
560.517
573.368
587.11
601.899
617.876
634.956
656.671
5.95168e-12
3.50398e-12
1.80778e-12
4.47528e-12
7.23527e-12
1.6415e-12
6.55206e-12
3.77712e-12
4.01242e-12
1.95692e-12
3.61869e-12
2.73344e-12
3.20111e-12
2.6227e-12
8.53803e-13
1.19119e-12
5.05276e-12
2.11767e-12
3.38564e-12
1.03792e-12
1.86729e-12
8.38402e-13
6.70633e-12
2.17858e-12
4.43347e-13
3.34273e-12
2.30623e-12
6.96589e-13
2.80236e-12
6.00752e-13
1.25339e-12
5.34808e-12
2.33236e-11
1.02673e-10
4.72538e-10
2.02611e-09
8.4119e-09
3.38924e-08
1.32257e-07
4.99953e-07
1.82933e-06
6.47414e-06
2.2143e-05
7.31243e-05
0.000232936
0.000714983
0.00211218
0.00599753
0.0163449
0.0426819
0.106593
0.253989
0.57579
1.23693
2.50352
4.71651
8.12977
12.836
18.8382
26.0397
34.2518
43.2552
52.842
62.8404
73.1185
83.5797
94.1548
104.793
115.461
126.134
136.793
147.424
158.018
168.566
179.062
189.502
199.884
210.207
220.468
230.663
240.789
250.843
260.826
270.736
280.575
290.342
300.038
309.66
319.212
328.697
338.117
347.473
356.769
366.009
375.196
384.339
393.447
402.526
411.586
420.64
429.702
438.788
447.914
457.103
466.377
475.767
485.305
495.029
504.982
515.219
525.803
536.813
548.341
560.502
573.437
587.306
602.287
618.548
636.015
658.381
1.53023e-12
5.21656e-12
1.918e-12
4.13641e-12
3.77548e-12
3.16136e-12
4.66065e-12
5.0946e-12
3.87029e-12
2.00716e-12
3.59411e-12
4.06864e-12
1.61251e-12
1.07823e-12
1.71164e-12
5.68148e-13
1.28985e-12
1.42764e-12
1.1041e-12
3.43833e-12
3.07796e-12
9.44633e-13
3.1117e-12
3.70913e-12
2.49859e-12
2.08334e-12
1.53609e-12
1.59855e-12
4.3655e-12
1.20623e-12
7.96479e-13
8.34281e-12
2.27605e-11
1.02328e-10
4.57077e-10
1.96215e-09
8.16366e-09
3.29028e-08
1.28523e-07
4.86194e-07
1.78036e-06
6.30579e-06
2.15845e-05
7.13393e-05
0.000227444
0.000698732
0.00206599
0.00587176
0.0160177
0.0418686
0.104669
0.249679
0.566638
1.21884
2.47035
4.66165
8.04993
12.731
18.7096
25.8914
34.0892
43.0835
52.6658
62.6631
72.9426
83.4071
93.987
104.633
115.309
125.987
136.65
147.285
157.881
168.433
178.935
189.384
199.776
210.104
220.365
230.558
240.683
250.738
260.723
270.635
280.474
290.24
299.934
309.558
319.112
328.597
338.012
347.363
356.654
365.889
375.073
384.212
393.316
402.392
411.45
420.502
429.561
438.645
447.769
456.956
466.228
475.614
485.148
494.868
504.818
515.052
525.637
536.656
548.206
560.408
573.413
587.399
602.568
619.119
637
660.083
2.87472e-12
5.57532e-12
1.12219e-12
6.67051e-12
3.64901e-12
5.39539e-12
2.46691e-12
4.9708e-12
4.13353e-12
4.30379e-12
1.94699e-12
3.56748e-12
2.50677e-12
2.43829e-12
2.64535e-12
2.14884e-12
1.66473e-12
5.32184e-13
1.26962e-12
4.25457e-13
4.16473e-12
2.88406e-12
3.41753e-12
3.44238e-12
1.98343e-12
2.38364e-12
2.49408e-12
2.03356e-13
1.7281e-12
3.67309e-12
5.36936e-12
3.63177e-12
1.87068e-11
1.0271e-10
4.44548e-10
1.9024e-09
7.92207e-09
3.1947e-08
1.24868e-07
4.72748e-07
1.73247e-06
6.14108e-06
2.10378e-05
6.95892e-05
0.000222049
0.000682756
0.00202061
0.00574805
0.0156945
0.0410661
0.102764
0.245389
0.55757
1.20079
2.43701
4.60639
7.96899
12.623
18.5745
25.7316
33.9079
42.8841
52.4515
62.4364
72.7054
83.1607
93.7321
104.369
115.036
125.708
136.366
146.999
157.593
168.143
178.642
189.085
199.47
209.796
220.061
230.26
240.39
250.45
260.438
270.355
280.199
289.971
299.67
309.295
318.851
328.34
337.762
347.12
356.418
365.66
374.849
383.992
393.1
402.179
411.239
420.291
429.351
438.434
447.559
456.745
466.017
475.405
484.943
494.67
504.63
514.878
525.483
536.527
548.112
560.366
573.449
587.56
602.925
619.784
638.102
661.955
4.39108e-12
3.36614e-12
3.67132e-12
3.34062e-12
6.26673e-12
5.19073e-12
2.5336e-12
4.85487e-12
3.24665e-12
4.69638e-12
3.79405e-12
3.40018e-12
1.99136e-12
2.41411e-12
2.34771e-12
1.55282e-12
1.47332e-12
4.93005e-12
3.05164e-12
2.32879e-12
9.05002e-13
3.69789e-12
2.53989e-12
2.59317e-12
1.73707e-12
2.54208e-12
7.51564e-12
4.79875e-12
1.34803e-12
8.54427e-13
3.31901e-12
3.64894e-12
1.78668e-11
9.80117e-11
4.25701e-10
1.84443e-09
7.68333e-09
3.1021e-08
1.21332e-07
4.59734e-07
1.68613e-06
5.98167e-06
2.05089e-05
6.78998e-05
0.000216852
0.000667357
0.00197677
0.00562886
0.0153845
0.040291
0.100932
0.241295
0.548897
1.18359
2.40542
4.55402
7.89274
12.5229
18.4522
25.5911
33.7545
42.7231
52.2872
62.2722
72.5436
83.0027
93.579
104.223
114.897
125.576
136.239
146.874
157.472
168.025
178.529
188.98
199.374
209.705
219.971
230.17
240.299
250.358
260.347
270.263
280.107
289.877
299.575
309.202
318.76
328.248
337.667
347.022
356.316
365.553
374.738
383.879
392.984
402.06
411.117
420.168
429.226
438.307
447.43
456.615
465.885
475.269
484.804
494.526
504.481
514.725
525.328
536.377
547.978
560.265
573.41
587.629
603.182
620.349
639.131
663.835
3.55577e-12
4.60586e-12
3.39293e-12
2.89633e-12
4.21781e-12
3.14436e-12
4.74301e-12
5.00312e-12
8.41471e-13
7.15702e-12
2.75628e-12
3.07363e-12
1.92866e-12
1.76713e-12
7.14172e-13
1.81706e-12
1.50358e-12
1.01139e-13
3.57162e-12
1.32723e-12
1.83386e-12
2.51051e-12
2.60363e-12
5.32274e-12
2.10363e-12
2.71991e-12
1.81349e-12
3.496e-12
7.80314e-13
8.40043e-13
2.2484e-12
3.30575e-12
2.272e-11
9.35048e-11
4.14005e-10
1.79161e-09
7.45537e-09
3.01126e-08
1.17875e-07
4.4698e-07
1.64072e-06
5.82551e-06
1.99901e-05
6.62348e-05
0.000211714
0.000652156
0.00193363
0.00551055
0.0150749
0.0395231
0.0991135
0.23719
0.540172
1.16619
2.3732
4.50051
7.8139
12.4168
18.3186
25.4317
33.5724
42.5215
52.0694
62.0408
72.3008
82.7503
93.3181
103.953
114.62
125.291
135.95
146.583
157.18
167.731
178.233
188.679
199.067
209.396
219.664
229.866
240.001
250.067
260.06
269.981
279.83
289.606
299.308
308.938
318.497
327.988
337.412
346.773
356.073
365.316
374.507
383.652
392.76
401.839
410.899
419.951
429.008
438.089
447.211
456.396
465.665
475.05
484.587
494.315
504.279
514.535
525.155
536.226
547.858
560.19
573.407
587.745
603.496
620.993
640.273
665.906
4.62749e-12
3.96497e-12
6.63769e-12
1.66097e-12
4.03443e-12
4.96666e-12
2.78713e-12
3.31282e-12
6.2188e-12
2.17086e-12
3.64502e-12
2.2636e-12
2.08482e-12
1.25905e-12
8.72037e-13
5.86692e-13
8.75409e-13
1.28259e-12
8.81014e-13
1.1834e-12
9.66253e-13
3.86534e-12
3.0468e-12
1.95539e-12
4.00822e-12
4.15679e-12
1.76889e-12
1.11832e-12
4.16703e-12
3.94698e-12
1.42226e-12
8.39275e-12
2.21552e-11
8.68107e-11
4.01242e-10
1.73163e-09
7.23323e-09
2.9242e-08
1.14558e-07
4.34771e-07
1.59718e-06
5.67555e-06
1.94929e-05
6.46521e-05
0.000206838
0.000637658
0.00189219
0.00539813
0.0147832
0.038797
0.0973924
0.233334
0.532012
1.14999
2.34334
4.45113
7.74222
12.3229
18.2043
25.3013
33.4309
42.374
51.92
61.8926
72.1558
82.6097
93.1824
103.824
114.497
125.175
135.839
146.475
157.074
167.629
178.134
188.587
198.983
209.317
219.586
229.789
239.923
249.987
259.98
269.9
279.748
289.523
299.224
308.854
318.415
327.906
337.329
346.687
355.984
365.225
374.413
383.555
392.66
401.737
410.795
419.845
428.901
437.98
447.101
456.284
465.552
474.935
484.469
494.192
504.15
514.4
525.016
536.088
547.729
560.086
573.355
587.79
603.722
621.544
641.346
668.008
2.75421e-12
5.53866e-12
5.04138e-12
3.90566e-12
3.82241e-12
5.12138e-12
3.87714e-12
4.23103e-12
4.58116e-12
4.33303e-12
2.03971e-12
3.43994e-12
2.27336e-12
2.47812e-12
5.7735e-13
1.41312e-12
8.12626e-13
2.13533e-12
1.1177e-12
1.92712e-12
1.71946e-12
1.26206e-12
5.00381e-12
4.58942e-12
2.38798e-12
2.35532e-12
1.32987e-12
2.5088e-13
2.99929e-12
5.48579e-13
2.19445e-12
8.62632e-12
1.62729e-11
8.97974e-11
3.8701e-10
1.68013e-09
7.01586e-09
2.83805e-08
1.11289e-07
4.22689e-07
1.55422e-06
5.52798e-06
1.90009e-05
6.3063e-05
0.000201938
0.000623173
0.0018511
0.00528582
0.0144887
0.038062
0.0956467
0.229394
0.523609
1.13318
2.31225
4.3991
7.66485
12.218
18.0711
25.141
33.2465
42.1688
51.6973
61.6554
71.9067
82.3506
92.915
103.549
114.215
124.887
135.547
146.181
156.778
167.332
177.836
188.285
198.677
209.009
219.28
229.486
239.625
249.694
259.692
269.617
279.47
289.25
298.955
308.588
318.151
327.645
337.071
346.434
355.736
364.981
374.173
383.32
392.429
401.508
410.567
419.619
428.675
437.754
446.874
456.055
465.323
474.705
484.24
493.966
503.931
514.192
524.822
535.913
547.579
559.975
573.306
587.851
603.979
622.152
642.525
670.332
6.52832e-12
4.31723e-12
4.0739e-12
5.37494e-12
3.75964e-12
3.97929e-12
4.13218e-12
4.36144e-12
3.04559e-12
5.91098e-12
3.20963e-12
3.10359e-12
1.19498e-12
2.41311e-13
3.44116e-12
2.7908e-12
6.57137e-13
2.37048e-12
1.15348e-12
1.3534e-12
3.22686e-12
2.01847e-12
3.64515e-12
2.25074e-12
1.50855e-12
4.17754e-12
3.54137e-12
1.79117e-13
2.63946e-12
6.53992e-13
3.53967e-12
2.81538e-12
1.7287e-11
8.92903e-11
3.76776e-10
1.6316e-09
6.80746e-09
2.75739e-08
1.08209e-07
4.11339e-07
1.51363e-06
5.38757e-06
1.85363e-05
6.15869e-05
0.0001974
0.000609715
0.00181275
0.00518134
0.0142171
0.0373873
0.0940483
0.225802
0.515995
1.11807
2.28455
4.3534
7.59874
12.1319
17.9671
25.0232
33.1199
42.0379
51.5659
61.5261
71.781
82.2294
92.7987
103.437
114.109
124.787
135.452
146.089
156.689
167.245
177.752
188.206
198.604
208.94
219.213
229.419
239.558
249.627
259.623
269.548
279.4
289.178
298.883
308.517
318.08
327.573
336.999
346.361
355.661
364.905
374.096
383.241
392.348
401.425
410.483
419.532
428.588
437.665
446.785
455.965
465.231
474.613
484.145
493.867
503.827
514.081
524.706
535.793
547.463
559.875
573.245
587.874
604.17
622.677
643.641
672.725
2.95886e-12
5.5136e-12
5.15799e-12
3.01588e-12
3.79243e-12
2.83496e-12
2.93986e-12
5.54771e-12
4.34871e-12
2.02876e-12
3.00889e-12
1.82013e-12
4.86706e-13
1.40885e-12
9.84767e-13
2.18091e-13
7.48912e-13
1.4179e-12
8.86506e-13
3.69527e-12
2.04358e-12
1.91762e-12
4.40706e-12
2.18739e-12
7.91178e-12
9.62394e-13
2.07083e-12
1.99438e-12
7.14254e-13
1.48734e-12
1.66349e-12
6.42067e-12
1.91057e-11
8.05665e-11
3.65059e-10
1.57949e-09
6.59889e-09
2.67573e-08
1.05094e-07
3.99848e-07
1.47276e-06
5.24724e-06
1.8069e-05
6.00824e-05
0.000192742
0.000595891
0.00177338
0.00507365
0.0139346
0.0366798
0.0923637
0.222001
0.507884
1.10181
2.2542
4.30217
7.52197
12.0268
17.8324
24.8602
32.9312
41.8271
51.3366
61.2817
71.5245
81.9631
92.5245
103.157
113.823
124.495
135.156
145.792
156.391
166.947
177.453
187.905
198.3
208.636
218.91
229.119
239.261
249.334
259.336
269.265
279.121
288.904
298.613
308.249
317.815
327.311
336.74
346.104
355.408
364.655
373.85
382.999
392.107
401.186
410.246
419.297
428.352
437.429
446.546
455.726
464.99
474.371
483.902
493.625
503.589
513.852
524.487
535.588
547.278
559.721
573.143
587.867
604.35
623.226
644.85
675.39
5.31347e-12
6.61928e-12
3.40981e-12
1.54723e-12
3.14489e-12
5.53201e-12
1.81292e-12
5.37319e-12
6.94553e-12
3.15338e-12
1.2263e-12
1.65284e-12
6.61925e-13
5.16224e-13
8.37203e-13
1.3788e-12
9.95498e-13
2.48611e-12
2.2283e-12
1.39939e-12
2.03028e-12
3.73867e-13
4.30925e-12
2.22443e-12
3.24833e-12
4.71811e-12
1.81131e-12
3.96667e-12
1.4807e-12
4.18435e-12
3.84978e-12
4.29141e-12
2.27984e-11
7.58641e-11
3.56645e-10
1.53011e-09
6.41977e-09
2.60128e-08
1.02261e-07
3.89436e-07
1.43563e-06
5.11939e-06
1.7645e-05
5.87312e-05
0.000188591
0.000583581
0.00173832
0.00497799
0.0136853
0.0360601
0.0909004
0.218721
0.500948
1.08808
2.22911
4.26101
7.46288
11.9505
17.7412
24.758
32.8224
41.7158
51.2259
61.1737
71.4202
81.863
92.4287
103.065
113.735
124.413
135.078
145.716
156.318
166.875
177.384
187.84
198.239
208.577
218.853
229.062
239.205
249.277
259.278
269.207
279.063
288.845
298.554
308.19
317.756
327.252
336.68
346.045
355.348
364.594
373.789
382.937
392.045
401.123
410.182
419.232
428.287
437.363
446.48
455.659
464.924
474.304
483.833
493.554
503.513
513.77
524.397
535.493
547.182
559.633
573.082
587.871
604.502
623.712
646.004
678.191
5.38021e-12
6.21927e-12
4.59827e-12
5.57861e-13
3.37021e-12
3.11078e-12
5.42919e-12
5.59747e-12
2.45712e-12
6.10731e-12
2.22692e-12
1.31969e-12
7.64081e-13
3.35886e-13
8.09006e-13
3.2552e-12
3.71146e-12
1.27533e-12
9.9313e-13
1.61776e-12
1.00348e-12
3.36924e-12
5.91088e-12
1.42608e-12
3.34645e-12
4.95452e-12
2.39131e-12
1.85378e-12
1.64787e-12
3.63862e-12
3.85583e-12
6.17389e-12
1.36039e-11
8.06617e-11
3.48717e-10
1.48093e-09
6.21733e-09
2.52335e-08
9.92955e-08
3.78455e-07
1.39641e-06
4.9841e-06
1.71939e-05
5.72783e-05
0.000184088
0.000570204
0.00170016
0.00487358
0.0134116
0.0353743
0.0892613
0.215002
0.492969
1.07199
2.1989
4.20959
7.38514
11.8432
17.6027
24.5896
32.6269
41.4972
50.9883
60.921
71.1556
81.5893
92.148
102.779
113.445
124.118
134.781
145.417
156.019
166.577
177.085
187.54
197.938
208.277
218.554
228.766
238.912
248.988
258.993
268.925
278.784
288.569
298.281
307.921
317.489
326.987
336.419
345.785
355.091
364.339
373.536
382.686
391.797
400.877
409.936
418.986
428.041
437.116
446.231
455.407
464.67
474.047
483.575
493.294
503.254
513.515
524.15
535.256
546.958
559.43
572.917
587.783
604.581
624.168
647.226
681.363
4.64669e-12
5.48518e-12
4.98665e-12
3.71904e-12
2.35132e-12
4.61488e-12
4.15617e-12
5.34455e-12
2.72323e-12
3.02744e-12
3.91452e-12
1.36948e-12
1.29058e-12
1.47321e-12
2.16597e-12
5.59164e-13
1.25565e-12
2.43518e-12
4.80358e-13
2.76348e-12
1.01105e-12
3.55797e-12
1.8287e-12
2.96809e-12
2.71812e-12
3.25169e-12
2.33706e-12
2.00063e-12
2.96122e-12
4.09066e-13
2.29408e-12
2.01413e-12
1.50026e-11
7.26765e-11
3.31212e-10
1.44544e-09
6.04732e-09
2.45723e-08
9.67647e-08
3.6915e-07
1.36327e-06
4.87006e-06
1.68156e-05
5.60705e-05
0.000180377
0.000559238
0.00166904
0.00478891
0.0131915
0.0348284
0.0879742
0.212126
0.486911
1.06005
2.1772
4.17431
7.33506
11.7794
17.5274
24.5062
32.5392
41.4083
50.9006
60.8359
71.0739
81.511
92.073
102.707
113.376
124.053
134.719
145.357
155.96
166.519
177.03
187.487
197.888
208.229
218.506
228.719
238.865
248.941
258.946
268.879
278.738
288.524
298.236
307.876
317.444
326.942
336.373
345.741
355.046
364.295
373.493
382.643
391.754
400.834
409.893
418.943
427.998
437.074
446.189
455.366
464.629
474.008
483.535
493.253
503.211
513.466
524.095
535.193
546.891
559.365
572.867
587.777
604.693
624.598
648.406
684.834
3.48592e-12
7.84111e-12
3.109e-12
1.76693e-12
2.20232e-12
6.13165e-12
3.25262e-12
3.72242e-12
3.20302e-12
4.29291e-12
3.93369e-12
1.5536e-12
1.01507e-12
1.31495e-12
2.23371e-12
1.7949e-12
3.67365e-12
2.87976e-12
8.05843e-13
2.92976e-12
1.32569e-12
5.44271e-12
3.98534e-12
1.19781e-12
2.93884e-12
5.45111e-12
6.27861e-12
4.65531e-12
3.83774e-13
2.0549e-12
3.86344e-12
6.10656e-12
2.21994e-11
7.12053e-11
3.24182e-10
1.39324e-09
5.8508e-09
2.38053e-08
9.38454e-08
3.5835e-07
1.32466e-06
4.73672e-06
1.6371e-05
5.46396e-05
0.00017594
0.000545998
0.00163111
0.00468469
0.0129172
0.0341386
0.0863201
0.208357
0.478786
1.04359
2.1461
4.12109
7.25401
11.6669
17.382
24.3294
32.3343
41.1799
50.6534
60.5741
70.8012
81.2303
91.7866
102.417
113.083
123.757
134.421
145.059
155.662
166.222
176.733
187.19
197.591
207.933
218.213
228.428
238.576
248.655
258.662
268.598
278.459
288.247
297.962
307.604
317.175
326.675
336.109
345.478
354.785
364.035
373.234
382.385
391.497
400.577
409.637
418.686
427.741
436.815
445.927
455.101
464.362
473.736
483.259
492.972
502.927
513.183
523.815
534.917
546.621
559.105
572.629
587.591
604.639
624.904
649.591
688.925
5.68727e-12
5.32536e-12
1.06532e-12
4.29495e-12
6.21674e-12
3.9585e-12
3.81885e-12
5.39852e-12
2.51202e-12
7.36775e-12
2.36147e-12
1.08217e-12
8.38844e-13
4.51572e-13
2.53136e-12
1.58238e-12
2.11275e-12
1.31801e-12
5.68547e-13
1.52614e-12
2.44989e-12
1.9229e-12
4.77751e-13
3.11772e-12
5.76146e-12
1.92531e-12
4.04293e-12
2.76526e-12
1.53364e-12
2.2957e-12
1.92266e-12
1.29036e-12
1.45708e-11
7.17989e-11
3.14139e-10
1.36402e-09
5.7139e-09
2.32486e-08
9.17304e-08
3.50576e-07
1.29707e-06
4.64209e-06
1.60579e-05
5.36422e-05
0.000172882
0.000536989
0.00160563
0.00461563
0.0127383
0.0336966
0.0852819
0.206048
0.473948
1.03412
2.12905
4.09372
7.21573
11.6189
17.3262
24.2683
32.2706
41.1158
50.5904
60.513
70.7423
81.1737
91.732
102.364
113.032
123.708
134.374
145.014
155.617
166.178
176.69
187.149
197.552
207.895
218.175
228.391
238.539
248.619
258.627
268.564
278.426
288.215
297.931
307.574
317.144
326.645
336.08
345.449
354.757
364.009
373.209
382.361
391.474
400.556
409.616
418.667
427.723
436.798
445.912
455.087
464.349
473.725
483.249
492.963
502.918
513.172
523.799
534.895
546.594
559.077
572.606
587.592
604.718
625.257
650.752
693.52
5.13419e-12
5.17718e-12
2.82751e-12
1.55873e-12
2.44843e-12
2.39624e-12
8.16235e-12
3.27932e-12
3.97086e-12
2.38427e-12
2.25656e-12
2.65039e-12
4.26495e-12
1.52516e-12
8.26882e-13
1.94492e-13
1.25308e-12
1.09986e-12
1.93374e-12
3.23693e-12
3.79071e-12
1.89371e-12
2.59282e-12
2.11205e-12
3.06573e-12
3.79566e-12
4.04485e-12
6.20473e-13
1.16728e-12
7.36679e-13
1.23051e-12
4.15795e-12
1.58755e-11
6.67144e-11
3.02667e-10
1.31081e-09
5.50837e-09
2.24502e-08
8.8684e-08
3.39295e-07
1.25661e-06
4.50199e-06
1.55895e-05
5.21316e-05
0.000168188
0.000522957
0.00156533
0.00450464
0.0124455
0.0329588
0.0835091
0.202
0.465204
1.01635
2.09545
4.03621
7.1281
11.4976
17.1703
24.0798
32.0538
40.8759
50.3327
60.2422
70.4622
80.8871
91.4411
102.07
112.736
123.412
134.077
144.717
155.322
165.883
176.396
186.856
197.26
207.604
217.886
228.104
238.254
248.335
258.346
268.284
278.148
287.939
297.656
307.3
316.873
326.376
335.811
345.182
354.491
363.743
372.943
382.096
391.208
400.289
409.349
418.399
427.452
436.525
445.636
454.808
464.065
473.436
482.954
492.662
502.61
512.858
523.48
534.574
546.27
558.749
572.28
587.284
604.485
625.322
651.745
699.218
8.23709e-12
5.39051e-12
2.6771e-12
1.66538e-12
2.24804e-12
7.79783e-12
4.57985e-12
3.59965e-12
4.27411e-12
9.36157e-12
1.42104e-12
7.64085e-12
4.679e-12
3.7625e-12
1.07132e-12
3.29944e-13
6.39249e-13
2.60414e-12
8.0792e-13
5.70891e-13
1.96824e-12
2.03125e-12
2.0881e-12
3.13884e-12
4.77426e-12
1.34031e-12
5.24112e-13
5.78313e-13
1.83804e-12
2.18486e-12
1.42408e-12
3.78474e-12
1.8714e-11
6.52044e-11
2.99892e-10
1.28846e-09
5.41623e-09
2.20838e-08
8.72726e-08
3.34137e-07
1.23838e-06
4.4397e-06
1.53842e-05
5.14801e-05
0.000166199
0.000517118
0.00154889
0.0044603
0.0123312
0.0326779
0.082853
0.20055
0.462186
1.0105
2.08503
4.01972
7.10538
11.4694
17.1378
24.0442
32.0165
40.838
50.295
60.2049
70.4255
80.851
91.4055
102.035
112.702
123.378
134.044
144.685
155.29
165.852
176.366
186.827
197.231
207.576
217.859
228.077
238.229
248.311
258.323
268.262
278.128
287.92
297.638
307.284
316.857
326.361
335.799
345.171
354.481
363.736
372.938
382.092
391.207
400.29
409.352
418.404
427.46
436.535
445.648
454.822
464.082
473.456
482.977
492.687
502.637
512.886
523.508
534.6
546.295
558.774
572.306
587.318
604.556
625.59
652.824
712.22
4.75163e-12
5.2926e-12
2.63979e-12
1.63004e-12
2.26346e-12
5.07879e-12
5.24932e-12
8.12824e-13
3.41492e-12
3.46662e-12
3.74267e-12
8.18456e-13
1.00373e-12
3.2264e-12
3.11295e-12
2.55676e-12
2.00257e-13
1.31904e-12
2.50724e-12
2.65913e-12
3.35886e-13
4.25972e-12
2.3818e-12
3.57795e-13
7.22731e-12
1.3502e-12
2.67673e-12
2.05235e-12
1.05908e-12
4.74505e-13
1.43277e-12
6.19918e-12
1.54898e-11
6.25493e-11
2.82909e-10
1.22852e-09
5.17677e-09
2.11342e-08
8.3655e-08
3.20716e-07
1.19028e-06
4.27326e-06
1.48282e-05
4.96889e-05
0.000160642
0.000500531
0.00150133
0.00432955
0.0119871
0.0318125
0.0807796
0.195831
0.452032
0.989965
2.04646
3.95441
7.00699
11.3351
16.9676
23.8413
31.7859
40.586
50.0271
59.9261
70.1393
80.5603
91.1122
101.741
112.407
123.083
133.75
144.391
154.998
165.561
176.076
186.538
196.944
207.29
217.574
227.794
237.947
248.03
258.043
267.984
277.851
287.643
297.363
307.009
316.584
326.088
335.526
344.898
354.209
363.462
372.664
381.818
390.931
400.013
409.073
418.123
427.176
436.248
445.357
454.526
463.781
473.149
482.662
492.363
502.303
512.542
523.151
534.229
545.907
558.367
571.876
586.861
604.078
625.247
652.871
748
640.626
648.148
657.505
667.651
677.803
687.496
696.535
704.907
712.695
720.023
727.019
733.801
740.466
747.093
753.744
760.465
767.293
774.251
781.358
788.625
796.058
803.66
811.433
819.372
827.476
835.737
844.149
852.705
861.396
870.215
879.151
888.2
897.355
906.61
915.954
925.375
934.86
944.397
953.972
963.572
973.181
982.787
992.374
1001.93
1011.44
1020.89
1030.26
1039.55
1048.74
1057.82
1066.76
1075.57
1084.23
1092.72
1101.03
1109.15
1117.06
1124.75
1132.21
1139.4
1146.31
1152.88
1159.2
1162.24
1161.26
1157.98
1149.89
1132.43
1096.98
1027.65
901.904
705.198
467.733
350.441
364.723
389.225
382.575
578.352
131.489
1202.89
640.786
648.338
657.731
667.915
678.103
687.83
696.904
705.312
713.139
720.508
727.548
734.375
741.087
747.762
754.461
761.231
768.106
775.113
782.267
789.58
797.059
804.706
812.522
820.504
828.647
836.946
845.394
853.983
862.705
871.55
880.51
889.58
898.754
908.023
917.376
926.799
936.28
945.807
955.364
964.94
974.52
984.091
993.638
1003.15
1012.6
1022
1031.31
1040.53
1049.65
1058.64
1067.51
1076.23
1084.79
1093.18
1101.39
1109.4
1117.2
1124.77
1132.09
1139.15
1145.9
1152.29
1158.39
1161.26
1160.21
1156.79
1148.5
1130.75
1094.83
1024.72
897.648
698.124
455.229
329.603
329.667
360.395
119.919
505.706
1325.29
1579.63
641.054
648.654
658.108
668.358
678.613
688.408
697.552
706.032
713.935
721.384
728.508
735.422
742.223
748.989
755.781
762.644
769.613
776.712
783.958
791.362
798.93
806.664
814.563
822.625
830.844
839.215
847.729
856.379
865.155
874.049
883.05
892.157
901.366
910.662
920.034
929.466
938.945
948.459
957.993
967.534
977.068
986.582
996.061
1005.49
1014.86
1024.16
1033.36
1042.46
1051.45
1060.3
1069.01
1077.57
1085.96
1094.17
1102.19
1109.99
1117.58
1124.92
1132
1138.8
1145.26
1151.32
1157.01
1159.6
1158.44
1154.86
1146.38
1128.5
1092.77
1023.82
900.019
707.596
475.158
359.604
372.119
396.162
386.395
575.175
166.053
1201.03
641.457
649.123
658.661
669.006
679.359
689.256
698.503
707.09
715.104
722.669
729.912
736.95
743.878
750.774
757.697
764.692
771.794
779.025
786.402
793.934
801.628
809.484
817.501
825.675
834
842.47
851.076
859.809
868.66
877.621
886.684
895.844
905.092
914.416
923.804
933.24
942.711
952.203
961.7
971.189
980.655
990.083
999.461
1008.77
1018.01
1027.15
1036.19
1045.11
1053.89
1062.54
1071.02
1079.34
1087.47
1095.41
1103.14
1110.64
1117.9
1124.91
1131.64
1138.06
1144.11
1149.72
1154.83
1157.03
1155.7
1151.87
1143.05
1124.83
1088.88
1020.25
898.104
709.417
480.926
365.801
376.174
394.768
390.4
573.26
93.9273
1215.24
641.939
649.69
659.336
669.8
680.28
690.307
699.689
708.416
716.574
724.289
731.688
738.886
745.978
753.041
760.133
767.299
774.572
781.974
789.519
797.217
805.072
813.084
821.25
829.566
838.025
846.619
855.339
864.175
873.118
882.159
891.294
900.519
909.814
919.169
928.569
938.001
947.45
956.901
966.34
975.75
985.117
994.425
1003.66
1012.81
1021.86
1030.8
1039.61
1048.29
1056.81
1065.17
1073.35
1081.34
1089.14
1096.71
1104.07
1111.17
1118.02
1124.59
1130.87
1136.83
1142.4
1147.47
1151.9
1153.64
1152.14
1148.03
1138.88
1120.35
1084.35
1016.43
896.661
712.691
489.045
374.945
383.578
401.93
407.315
587.812
135.877
1225.42
642.548
650.395
660.168
670.776
681.409
691.596
701.142
710.04
718.375
726.273
733.861
741.253
748.544
755.809
763.106
770.479
777.958
785.565
793.313
801.209
809.257
817.454
825.798
834.282
842.897
851.635
860.485
869.437
878.481
887.608
896.818
906.11
915.458
924.845
934.255
943.671
953.078
962.462
971.808
981.1
990.324
999.466
1008.51
1017.44
1026.25
1034.92
1043.45
1051.8
1059.99
1067.98
1075.78
1083.37
1090.74
1097.87
1104.75
1111.36
1117.71
1123.78
1129.55
1134.99
1140.04
1144.55
1148.25
1149.48
1147.79
1143.41
1133.94
1115.13
1079.13
1012.01
894.607
715.033
495.374
380.652
384.693
397.087
367.552
584.296
133.944
1345.56
643.212
651.176
661.098
671.875
682.687
693.061
702.802
711.901
720.446
728.561
736.373
743.995
751.52
759.024
766.562
774.177
781.897
789.743
797.727
805.853
814.122
822.533
831.079
839.752
848.542
857.439
866.433
875.51
884.662
893.884
903.175
912.522
921.905
931.304
940.702
950.079
959.42
968.708
977.926
987.061
996.096
1005.02
1013.81
1022.47
1030.97
1039.31
1047.47
1055.43
1063.2
1070.76
1078.09
1085.18
1092.04
1098.63
1104.95
1111
1116.8
1122.33
1127.57
1132.5
1137.04
1141.1
1144.01
1144.57
1142.74
1138.15
1128.47
1109.49
1073.47
1006.75
890.576
712.969
493.859
371.631
359.19
346.131
210.277
293.167
1384.89
1602.39
643.998
652.088
662.176
673.143
684.16
694.747
704.711
714.042
722.826
731.19
739.258
747.143
754.937
762.713
770.526
778.416
786.411
794.527
802.775
811.159
819.676
828.323
837.091
845.97
854.95
864.018
873.162
882.372
891.64
900.967
910.351
919.75
929.147
938.527
947.872
957.166
966.391
975.531
984.568
993.487
1002.27
1010.91
1019.39
1027.7
1035.82
1043.74
1051.46
1058.95
1066.22
1073.25
1080.03
1086.55
1092.8
1098.78
1104.5
1109.97
1115.21
1120.19
1124.91
1129.36
1133.53
1137.48
1139.41
1138.89
1137.02
1132.44
1122.81
1104.01
1068.45
1002.88
889.263
716.552
504.382
389.948
390.069
400.023
395.544
549.716
184.118
1236.06
644.821
653.058
663.335
674.518
685.766
696.596
706.813
716.406
725.464
734.111
742.471
750.654
758.753
766.837
774.96
783.16
791.461
799.879
808.421
817.088
825.877
834.779
843.785
852.883
862.06
871.302
880.594
889.924
899.282
908.681
918.125
927.565
936.971
946.32
955.59
964.764
973.826
982.761
991.555
1000.19
1008.66
1016.94
1025.03
1032.9
1040.56
1047.98
1055.17
1062.11
1068.79
1075.21
1081.36
1087.23
1092.82
1098.17
1103.3
1108.2
1112.88
1117.35
1121.59
1125.62
1129.4
1132.96
1134.59
1133.9
1131.84
1127.07
1117.32
1098.5
1063.14
998.251
886.334
717.037
509.822
399.02
400.646
413.099
412.005
593.195
134.695
1258.63
645.763
654.156
664.64
676.059
687.562
698.661
709.158
719.044
728.406
737.368
746.052
754.568
763.005
771.431
779.897
788.438
797.076
805.823
814.684
823.657
832.735
841.908
851.163
860.487
869.865
879.283
888.728
898.193
907.686
917.199
926.663
936.066
945.393
954.627
963.748
972.737
981.573
990.239
998.719
1007
1015.06
1022.9
1030.51
1037.86
1044.97
1051.81
1058.38
1064.68
1070.7
1076.44
1081.89
1087.08
1092.04
1096.8
1101.36
1105.73
1109.92
1113.95
1117.81
1121.51
1125.01
1128.31
1129.8
1129.09
1126.98
1122.13
1112.27
1093.34
1057.97
993.404
882.683
716.128
513.202
405.426
408.295
424.324
426.27
631.664
176.695
1293.05
646.729
655.301
666.016
677.698
689.486
700.884
711.694
721.907
731.609
740.922
749.968
758.854
767.666
776.47
785.314
794.228
803.233
812.337
821.54
830.838
840.22
849.673
859.183
868.733
878.305
887.884
897.455
907.008
916.56
926.108
935.585
944.956
954.196
963.282
972.199
980.928
989.455
997.764
1005.84
1013.67
1021.24
1028.55
1035.58
1042.32
1048.78
1054.96
1060.84
1066.43
1071.74
1076.74
1081.51
1086.09
1090.49
1094.72
1098.78
1102.71
1106.51
1110.22
1113.82
1117.32
1120.67
1123.86
1125.29
1124.58
1122.46
1117.56
1107.58
1088.46
1052.8
987.966
877.388
712.034
511.678
404.967
405.957
421.311
360.567
667.075
202.437
1380.56
647.816
656.575
667.537
679.505
691.602
703.327
714.48
725.051
735.125
744.824
754.266
763.557
772.779
781.994
791.247
800.565
809.963
819.446
829.01
838.646
848.341
858.079
867.841
877.61
887.367
897.098
906.792
916.464
926.109
935.636
945.025
954.256
963.308
972.158
980.786
989.172
997.3
1005.16
1012.73
1020.01
1026.98
1033.66
1040.02
1046.07
1051.81
1057.25
1062.39
1067.23
1071.8
1076.16
1080.35
1084.39
1088.29
1092.06
1095.74
1099.35
1102.9
1106.42
1109.89
1113.3
1116.61
1119.75
1121.17
1120.45
1118.29
1113.3
1103.15
1083.7
1047.47
981.822
870.51
705.135
506.566
402.356
404.36
418.577
366.678
655.432
82.9938
1337.27
648.917
657.888
669.127
681.412
693.85
705.937
717.469
728.435
738.921
749.045
758.923
768.658
778.328
787.991
797.687
807.438
817.254
827.136
837.076
847.06
857.071
867.089
877.094
887.065
896.984
906.836
916.618
926.341
935.969
945.432
954.695
963.732
972.521
981.043
989.28
997.217
1004.84
1012.14
1019.1
1025.73
1032.02
1037.97
1043.58
1048.87
1053.85
1058.52
1062.9
1067.03
1071
1074.82
1078.52
1082.11
1085.61
1089.07
1092.5
1095.91
1099.34
1102.77
1106.21
1109.61
1112.9
1116.04
1117.44
1116.69
1114.46
1109.35
1098.96
1079.1
1042.19
975.549
863.305
697.706
501.185
400.623
405.819
419.802
418.466
612.026
149.697
1268.46
650.141
659.334
670.868
683.493
696.301
708.78
720.724
732.121
743.054
753.64
763.993
774.208
784.362
794.505
804.673
814.883
825.138
835.433
845.756
856.089
866.409
876.695
886.923
897.07
907.116
917.048
926.886
936.641
946.193
955.502
964.538
973.277
981.696
989.779
997.51
1004.88
1011.88
1018.5
1024.75
1030.63
1036.14
1041.3
1046.12
1050.61
1054.81
1058.73
1062.45
1066.04
1069.52
1072.9
1076.21
1079.48
1082.74
1086
1089.3
1092.63
1096.01
1099.43
1102.86
1106.26
1109.56
1112.67
1114.04
1113.25
1110.92
1105.63
1094.92
1074.48
1036.56
968.294
853.982
686.531
490.837
392.554
399.008
413.728
414.507
611.253
150.883
1311.4
651.373
660.819
672.68
685.682
698.898
711.809
724.207
736.078
747.503
758.596
769.465
780.203
790.878
801.537
812.206
822.897
833.607
844.326
855.034
865.708
876.324
886.855
897.276
907.566
917.71
927.718
937.593
947.231
956.582
965.615
974.303
982.622
990.55
998.073
1005.18
1011.87
1018.13
1023.98
1029.43
1034.48
1039.17
1043.51
1047.53
1051.26
1054.74
1058.08
1061.32
1064.47
1067.56
1070.63
1073.68
1076.76
1079.89
1083.07
1086.31
1089.62
1092.99
1096.41
1099.84
1103.24
1106.52
1109.59
1110.91
1110.07
1107.64
1102.15
1091.11
1070.07
1031.15
961.348
845.289
676.646
483.025
387.557
394.277
405.121
385.946
559.372
222.627
1447.24
652.732
662.441
674.652
688.059
701.716
715.096
727.986
740.372
752.331
763.971
775.398
786.697
797.928
809.132
820.327
831.516
842.69
853.831
864.915
875.913
886.796
897.535
908.103
918.477
928.644
938.628
948.417
957.874
966.947
975.603
983.819
991.58
998.876
1005.7
1012.05
1017.94
1023.37
1028.37
1032.95
1037.16
1041.02
1044.57
1047.85
1050.94
1053.93
1056.84
1059.7
1062.53
1065.37
1068.24
1071.16
1074.15
1077.22
1080.36
1083.59
1086.89
1090.26
1093.67
1097.1
1100.49
1103.74
1106.76
1108.03
1107.13
1104.59
1098.88
1087.42
1065.63
1025.34
953.265
834.13
662.108
468.132
372.816
373.511
357.692
297.566
65.5385
1369.5
1592.88
654.098
664.105
676.707
690.561
704.706
718.602
732.035
744.986
757.528
769.766
781.797
793.698
805.522
817.3
829.041
840.74
852.379
863.934
875.373
886.664
897.775
908.673
919.333
929.737
939.91
949.856
959.392
968.48
977.093
985.206
992.802
999.868
1006.4
1012.4
1017.89
1022.89
1027.42
1031.53
1035.26
1038.65
1041.75
1044.61
1047.34
1050.01
1052.63
1055.23
1057.84
1060.48
1063.18
1065.95
1068.8
1071.75
1074.78
1077.91
1081.12
1084.41
1087.76
1091.16
1094.58
1097.96
1101.19
1104.16
1105.37
1104.43
1101.77
1095.83
1083.95
1061.39
1019.79
945.726
824.463
651.439
463.023
376.445
387.442
402.406
407.976
529.534
153.379
1281.32
655.595
665.916
678.935
693.274
707.947
722.404
736.426
749.99
763.165
776.046
788.724
801.266
813.714
826.087
838.386
850.595
862.689
874.633
886.393
897.931
909.21
920.201
930.882
941.262
951.344
960.995
970.132
978.719
986.731
994.151
1000.97
1007.2
1012.84
1017.92
1022.48
1026.55
1030.18
1033.44
1036.38
1039.06
1041.56
1043.97
1046.34
1048.7
1051.07
1053.47
1055.94
1058.48
1061.11
1063.83
1066.64
1069.55
1072.56
1075.66
1078.85
1082.12
1085.47
1088.86
1092.28
1095.65
1098.87
1101.78
1102.95
1101.94
1099.15
1092.95
1080.57
1057.11
1013.93
937.36
813.143
638.023
454.291
375.089
389.946
411.46
423.486
610.836
234.572
1308.99
657.102
667.778
681.263
696.14
711.398
726.476
741.147
755.384
769.248
782.827
796.199
809.42
822.52
835.506
848.367
861.076
873.599
885.895
897.923
909.64
921.011
932.003
942.606
952.838
962.655
971.884
980.47
988.384
995.618
1002.17
1008.07
1013.33
1017.98
1022.09
1025.69
1028.87
1031.69
1034.22
1036.53
1038.7
1040.83
1042.94
1045.07
1047.23
1049.45
1051.75
1054.14
1056.62
1059.19
1061.87
1064.65
1067.53
1070.5
1073.58
1076.75
1080.01
1083.35
1086.75
1090.17
1093.55
1096.76
1099.62
1100.73
1099.66
1096.71
1090.21
1077.29
1052.86
1007.98
928.859
801.847
625.28
447.848
376.436
395.083
423.017
435.901
595.381
171.098
1370.98
658.747
669.8
683.787
699.248
715.143
730.898
746.277
761.244
775.854
790.18
804.289
818.221
831.993
845.597
859.008
872.19
885.099
897.688
909.908
921.717
933.077
943.957
954.395
964.394
973.706
982.28
990.093
997.139
1003.43
1008.98
1013.84
1018.07
1021.72
1024.87
1027.61
1030.01
1032.17
1034.15
1036.05
1037.93
1039.81
1041.74
1043.72
1045.77
1047.9
1050.13
1052.46
1054.89
1057.42
1060.05
1062.79
1065.63
1068.58
1071.64
1074.81
1078.07
1081.42
1084.83
1088.27
1091.65
1094.85
1097.66
1098.69
1097.54
1094.42
1087.58
1074.04
1048.51
1001.71
919.611
789.162
610.351
438.769
373.862
389.352
399.471
329.292
364.493
1130.15
1473.87
660.409
671.889
686.44
702.552
719.157
735.661
751.82
767.589
783.008
798.137
813.025
827.697
842.151
856.365
870.3
883.909
897.138
909.936
922.251
934.041
945.279
955.982
966.141
975.523
984.073
991.774
998.626
1004.64
1009.86
1014.33
1018.13
1021.34
1024.06
1026.39
1028.42
1030.26
1031.96
1033.62
1035.28
1036.97
1038.71
1040.52
1042.41
1044.38
1046.45
1048.62
1050.89
1053.26
1055.74
1058.33
1061.03
1063.85
1066.79
1069.85
1073.02
1076.3
1079.67
1083.1
1086.55
1089.94
1093.13
1095.85
1096.8
1095.56
1092.24
1085.02
1070.78
1043.99
995.087
909.827
775.916
595.47
432.47
377.155
396.377
421.875
426.493
575.773
155.817
1256.99
662.22
674.157
689.32
706.146
723.529
740.856
757.869
774.507
790.796
806.777
822.478
837.904
853.035
867.83
882.238
896.201
909.657
922.549
934.826
946.451
957.42
967.739
977.263
985.844
993.453
1000.1
1005.82
1010.67
1014.74
1018.12
1020.91
1023.24
1025.2
1026.91
1028.47
1029.94
1031.39
1032.87
1034.39
1035.96
1037.61
1039.34
1041.16
1043.06
1045.07
1047.17
1049.38
1051.7
1054.14
1056.7
1059.39
1062.2
1065.14
1068.21
1071.39
1074.69
1078.08
1081.53
1084.99
1088.39
1091.57
1094.2
1095.04
1093.69
1090.14
1082.51
1067.52
1039.39
988.196
899.531
761.765
579.288
425.904
380.453
400.504
430.027
441.985
614.984
223.036
1274.44
664.059
676.518
692.373
709.998
728.251
746.493
764.448
782.036
799.262
816.143
832.684
848.866
864.647
879.972
894.774
908.985
922.539
935.376
947.446
958.722
969.232
978.924
987.549
995.07
1001.51
1006.92
1011.41
1015.07
1018.03
1020.43
1022.39
1024.04
1025.49
1026.81
1028.09
1029.37
1030.69
1032.05
1033.47
1034.96
1036.53
1038.19
1039.93
1041.77
1043.71
1045.75
1047.92
1050.21
1052.62
1055.17
1057.85
1060.66
1063.61
1066.69
1069.9
1073.21
1076.62
1080.09
1083.58
1086.99
1090.17
1092.68
1093.35
1091.88
1088.07
1079.95
1064.11
1034.5
980.8
888.46
746.622
562.119
419.958
384.901
403.643
432.899
445.632
632.208
222.873
1309.4
666.064
679.087
695.701
714.212
733.428
752.679
771.664
790.28
808.502
826.319
843.707
860.621
876.998
892.765
907.844
922.159
935.642
948.233
959.891
970.663
980.526
989.158
996.556
1002.77
1007.88
1012.01
1015.29
1017.86
1019.9
1021.55
1022.93
1024.16
1025.31
1026.43
1027.56
1028.73
1029.95
1031.22
1032.56
1033.97
1035.46
1037.04
1038.71
1040.49
1042.37
1044.38
1046.51
1048.78
1051.19
1053.73
1056.41
1059.24
1062.2
1065.3
1068.52
1071.85
1075.28
1078.78
1082.29
1085.73
1088.97
1091.24
1091.61
1090.07
1086.04
1077.46
1060.78
1029.67
973.366
877.161
731.19
545.165
413.987
388.223
403.946
429.737
437.008
647.078
256.873
1387.54
668.117
681.789
699.267
718.778
739.076
759.452
779.572
799.299
818.573
837.349
855.569
873.162
890.044
906.125
921.319
935.546
948.742
960.867
971.947
981.951
990.588
997.856
1003.83
1008.64
1012.42
1015.34
1017.58
1019.31
1020.7
1021.88
1022.93
1023.93
1024.92
1025.93
1026.97
1028.05
1029.18
1030.37
1031.63
1032.95
1034.37
1035.88
1037.49
1039.22
1041.07
1043.06
1045.17
1047.43
1049.83
1052.38
1055.07
1057.91
1060.88
1064
1067.24
1070.59
1074.05
1077.57
1081.11
1084.6
1088.01
1089.86
1089.68
1088.15
1083.97
1074.94
1057.29
1024.43
965.223
865.049
715.331
528.988
409.121
392.066
404.597
425.264
406.345
608.885
411.484
1500.89
670.357
684.744
703.185
723.817
745.322
766.943
788.301
809.214
829.577
849.305
868.306
886.48
903.723
919.934
935.021
948.908
961.546
972.941
983.091
991.795
998.979
1004.73
1009.22
1012.65
1015.22
1017.15
1018.64
1019.83
1020.85
1021.77
1022.66
1023.54
1024.44
1025.36
1026.31
1027.3
1028.35
1029.45
1030.62
1031.88
1033.24
1034.7
1036.27
1037.97
1039.8
1041.77
1043.88
1046.14
1048.54
1051.1
1053.8
1056.65
1059.64
1062.77
1066.04
1069.42
1072.89
1076.44
1080
1083.52
1086.96
1088.62
1088.1
1086.32
1081.89
1072.44
1053.94
1019.34
957.075
852.695
699.1
513.256
404.124
394.308
400.962
393.606
372.001
62.8272
1227.45
1484.87
672.678
687.892
707.44
729.348
752.219
775.227
797.933
820.099
841.567
862.206
881.889
900.489
917.887
933.976
948.667
961.899
973.664
983.992
992.768
999.857
1005.39
1009.56
1012.65
1014.91
1016.57
1017.85
1018.9
1019.81
1020.65
1021.46
1022.26
1023.06
1023.87
1024.7
1025.56
1026.46
1027.42
1028.45
1029.56
1030.77
1032.08
1033.5
1035.06
1036.74
1038.56
1040.52
1042.63
1044.89
1047.3
1049.86
1052.58
1055.44
1058.45
1061.61
1064.89
1068.29
1071.79
1075.35
1078.92
1082.43
1085.82
1087.38
1086.72
1084.65
1079.76
1069.63
1050.02
1013.51
948.102
839.653
682.76
499.519
401.525
399.412
408.054
417.95
420.656
472.218
122.027
1265.37
675.222
691.366
712.17
735.527
759.932
784.469
808.621
832.078
854.621
876.071
896.266
915.059
932.323
947.955
961.882
974.068
984.609
993.487
1000.48
1005.76
1009.64
1012.42
1014.41
1015.87
1017
1017.95
1018.78
1019.56
1020.31
1021.04
1021.75
1022.46
1023.17
1023.91
1024.68
1025.5
1026.39
1027.36
1028.43
1029.6
1030.88
1032.29
1033.83
1035.5
1037.31
1039.27
1041.38
1043.65
1046.07
1048.65
1051.38
1054.26
1057.3
1060.47
1063.78
1067.2
1070.72
1074.3
1077.88
1081.37
1084.68
1086.16
1085.4
1083.1
1077.82
1067.03
1046.3
1007.82
939.127
826.43
666.096
486.282
398.559
404
416.331
434.992
451.039
595.742
201.13
1246.19
677.895
695.132
717.397
742.423
768.563
794.784
820.465
845.212
868.74
890.823
911.272
929.93
946.674
961.423
974.143
984.969
993.895
1000.7
1005.7
1009.29
1011.82
1013.63
1014.97
1016.03
1016.93
1017.73
1018.47
1019.17
1019.84
1020.47
1021.09
1021.7
1022.33
1022.99
1023.69
1024.46
1025.3
1026.23
1027.26
1028.41
1029.67
1031.06
1032.59
1034.25
1036.07
1038.03
1040.15
1042.42
1044.85
1047.45
1050.2
1053.1
1056.15
1059.35
1062.68
1066.12
1069.65
1073.24
1076.81
1080.28
1083.5
1084.89
1084.01
1081.44
1075.64
1063.99
1041.87
1001.19
929.199
812.576
649.586
475.794
397.543
408.118
424.788
447.543
463.959
621.65
215.791
1232.46
680.852
699.349
723.307
750.247
778.331
806.37
833.615
859.577
883.904
906.331
926.653
944.721
960.45
973.831
984.991
993.956
1000.61
1005.35
1008.64
1010.95
1012.61
1013.89
1014.93
1015.82
1016.62
1017.34
1018
1018.6
1019.17
1019.7
1020.22
1020.74
1021.29
1021.89
1022.54
1023.27
1024.08
1024.98
1026
1027.12
1028.37
1029.75
1031.27
1032.94
1034.76
1036.73
1038.86
1041.15
1043.6
1046.21
1048.98
1051.91
1054.99
1058.21
1061.56
1065.02
1068.57
1072.17
1075.75
1079.19
1082.32
1083.61
1082.64
1079.86
1073.67
1061.28
1037.79
994.724
919.019
798.016
631.974
464.971
396.217
411.06
431.629
456.724
470.193
624.945
201.586
1231.74
684.02
704.028
729.989
759.141
789.394
819.356
848.13
875.127
899.938
922.273
941.936
958.812
972.88
984.287
993.227
999.794
1004.37
1007.48
1009.63
1011.2
1012.45
1013.52
1014.45
1015.29
1016.03
1016.68
1017.25
1017.76
1018.22
1018.68
1019.13
1019.6
1020.11
1020.67
1021.29
1021.99
1022.77
1023.66
1024.66
1025.77
1027.01
1028.39
1029.91
1031.58
1033.41
1035.39
1037.53
1039.84
1042.31
1044.94
1047.73
1050.68
1053.77
1057.01
1060.38
1063.87
1067.43
1071.03
1074.6
1078.01
1081.03
1082.2
1081.08
1077.98
1071.2
1057.83
1032.81
987.307
908.013
782.928
614.429
456.01
397.129
414.142
436.943
462.771
472.501
624.101
176.674
1231.64
687.583
709.391
737.716
769.401
802.016
833.921
864.06
891.749
916.54
938.149
956.448
971.467
983.415
992.499
998.911
1003.2
1006.08
1008.11
1009.65
1010.91
1012
1012.97
1013.82
1014.57
1015.2
1015.73
1016.18
1016.59
1016.97
1017.34
1017.74
1018.16
1018.64
1019.17
1019.76
1020.44
1021.21
1022.08
1023.06
1024.18
1025.42
1026.8
1028.33
1030.02
1031.86
1033.86
1036.02
1038.35
1040.84
1043.5
1046.32
1049.29
1052.42
1055.69
1059.09
1062.6
1066.19
1069.81
1073.38
1076.76
1079.66
1080.7
1079.48
1076.18
1068.97
1054.74
1028.1
979.79
896.271
766.444
595.141
446.023
396.839
415.279
439.654
465.92
472.94
623.539
158.894
1231.79
691.511
715.533
746.673
781.232
816.346
850.089
881.244
909.06
933.083
953.08
969.029
981.135
990.027
996.376
1000.67
1003.55
1005.61
1007.24
1008.63
1009.86
1010.95
1011.88
1012.67
1013.33
1013.88
1014.33
1014.73
1015.09
1015.44
1015.79
1016.16
1016.56
1017.01
1017.52
1018.11
1018.77
1019.53
1020.39
1021.37
1022.48
1023.73
1025.12
1026.66
1028.36
1030.21
1032.23
1034.41
1036.76
1039.27
1041.95
1044.79
1047.79
1050.93
1054.22
1057.64
1061.17
1064.77
1068.39
1071.96
1075.32
1078.08
1078.93
1077.52
1073.82
1065.95
1050.73
1022.53
971.601
884.13
749.788
575.989
437.356
398.18
415.953
440.241
466.202
470.759
621.601
146.131
1231.02
696.069
722.803
757.242
794.951
832.551
867.813
899.353
926.385
948.594
966.058
979.236
988.732
994.907
998.618
1001.14
1003.13
1004.83
1006.33
1007.65
1008.79
1009.74
1010.51
1011.13
1011.64
1012.06
1012.42
1012.75
1013.06
1013.36
1013.67
1014.01
1014.38
1014.81
1015.3
1015.87
1016.53
1017.29
1018.16
1019.14
1020.27
1021.52
1022.93
1024.49
1026.21
1028.09
1030.14
1032.35
1034.73
1037.28
1039.99
1042.86
1045.9
1049.08
1052.41
1055.86
1059.42
1063.06
1066.71
1070.3
1073.66
1076.22
1076.85
1075.36
1071.45
1063.09
1046.87
1016.74
962.499
870.231
730.803
554.684
426.653
396.846
413.864
437.868
463.696
466.729
618.883
147.128
1229.37
701.357
731.469
769.706
810.685
850.495
886.636
917.551
942.397
961.068
974.164
982.888
988.812
993.055
996.173
998.63
1000.72
1002.56
1004.17
1005.52
1006.62
1007.5
1008.21
1008.78
1009.25
1009.65
1010.01
1010.33
1010.63
1010.93
1011.24
1011.57
1011.94
1012.36
1012.85
1013.42
1014.08
1014.84
1015.72
1016.72
1017.85
1019.12
1020.54
1022.11
1023.85
1025.75
1027.81
1030.05
1032.45
1035.02
1037.76
1040.66
1043.72
1046.93
1050.28
1053.75
1057.33
1060.98
1064.65
1068.26
1071.7
1073.95
1074.18
1072.56
1068.31
1059.38
1042.2
1010.41
953.284
856.685
712.321
533.811
416.116
395.451
409.965
432.343
457.433
459.168
615.222
159.224
1229.22
707.783
742.039
784.547
828.689
869.908
905.588
934.41
956.026
971.093
980.94
986.847
990.221
992.564
994.684
996.733
998.638
1000.29
1001.66
1002.75
1003.62
1004.32
1004.9
1005.38
1005.78
1006.13
1006.43
1006.71
1006.98
1007.25
1007.53
1007.85
1008.21
1008.63
1009.12
1009.7
1010.37
1011.15
1012.04
1013.06
1014.22
1015.52
1016.98
1018.59
1020.36
1022.3
1024.41
1026.69
1029.14
1031.76
1034.55
1037.5
1040.61
1043.87
1047.27
1050.79
1054.42
1058.11
1061.82
1065.47
1069.02
1070.89
1070.68
1069.09
1064.7
1055.16
1036.65
1002.42
941.293
839.256
689.361
509.404
401.255
388.84
402.048
423.348
447.983
448.799
612.09
192.296
1232.66
715.289
754.296
801.565
848.929
890.27
922.334
944.849
959.653
969.04
975.175
979.714
983.525
986.993
990.124
992.751
994.822
996.427
997.694
998.723
999.574
1000.28
1000.87
1001.36
1001.76
1002.11
1002.41
1002.68
1002.95
1003.21
1003.5
1003.81
1004.18
1004.6
1005.09
1005.67
1006.34
1007.13
1008.03
1009.07
1010.24
1011.55
1013.02
1014.65
1016.45
1018.41
1020.54
1022.85
1025.32
1027.97
1030.78
1033.76
1036.9
1040.19
1043.62
1047.17
1050.82
1054.54
1058.28
1061.94
1065.51
1067.22
1066.7
1064.81
1060.09
1050.08
1030.64
994.666
930.495
823.865
668.237
485.37
384.035
377.861
389.164
408.427
431.693
429.05
604.678
231.077
1250.75
724.117
767.265
818.878
869.889
912.284
941.228
956.565
963.328
967.681
971.795
975.88
979.601
982.544
984.693
986.37
987.811
989.101
990.243
991.22
992.029
992.689
993.228
993.677
994.056
994.382
994.672
994.942
995.208
995.484
995.784
996.122
996.51
996.961
997.488
998.104
998.82
999.649
1000.6
1001.69
1002.91
1004.29
1005.83
1007.52
1009.39
1011.42
1013.63
1016.01
1018.56
1021.29
1024.19
1027.25
1030.47
1033.83
1037.34
1040.97
1044.7
1048.48
1052.27
1055.97
1059.47
1061.07
1060.38
1058.18
1052.93
1041.99
1020.87
981.807
912.501
798.991
636.006
451.338
356.407
356.834
368.889
387.573
409.37
400.817
586.851
263.319
1289.54
739.164
783.705
833.189
878.388
913.641
936.185
948.289
954.852
959.803
964.534
969.288
973.639
977.193
979.818
981.748
983.288
984.601
985.729
986.672
987.439
988.052
988.543
988.937
989.257
989.52
989.744
989.949
990.15
990.362
990.601
990.878
991.208
991.602
992.074
992.637
993.303
994.085
994.993
996.039
997.23
998.576
1000.08
1001.75
1003.6
1005.62
1007.81
1010.18
1012.74
1015.46
1018.36
1021.43
1024.67
1028.05
1031.58
1035.23
1038.98
1042.79
1046.59
1050.3
1053.78
1055.33
1054.52
1052.08
1046.48
1035.03
1013.04
972.376
900.005
781.321
610.256
416.354
319.396
320.814
332.752
350.475
370.107
338.364
529.228
268.607
1372.45
778.126
830.269
873.831
890.014
891.964
897.688
906.333
916.41
925.492
931.835
935.378
937.734
940.013
942.317
944.485
946.324
947.773
948.916
949.874
950.713
951.455
952.098
952.645
953.11
953.516
953.887
954.244
954.607
954.988
955.401
955.859
956.374
956.959
957.628
958.395
959.273
960.275
961.412
962.693
964.129
965.725
967.489
969.425
971.538
973.832
976.308
978.967
981.809
984.831
988.03
991.399
994.932
998.618
1002.44
1006.39
1010.43
1014.52
1018.58
1022.49
1026.04
1027.49
1026.43
1023.43
1016.81
1003.65
978.599
932.21
850.007
716.981
526.3
324.863
225.857
237.602
254.707
276.12
296.278
252.559
307.717
819.335
1456.7
)
;

boundaryField
{
    inlet
    {
        type            calculated;
        value           nonuniform List<scalar> 
40
(
5.28342e-12
6.6587e-12
6.58875e-12
5.79808e-12
4.509e-12
2.9787e-12
3.87706e-12
6.55836e-12
4.24797e-12
4.84772e-12
5.15176e-12
6.69111e-12
5.26141e-12
4.20288e-12
3.47222e-12
4.70712e-12
4.49737e-12
3.91528e-12
2.40088e-12
4.35927e-12
6.34091e-12
3.52057e-12
4.74581e-12
5.95168e-12
1.53023e-12
2.87472e-12
4.39108e-12
3.55577e-12
4.62749e-12
2.75421e-12
6.52832e-12
2.95886e-12
5.31347e-12
5.38021e-12
4.64669e-12
3.48592e-12
5.68727e-12
5.13419e-12
8.23709e-12
4.75163e-12
)
;
    }
    outlet
    {
        type            calculated;
        value           nonuniform List<scalar> 
40
(
1202.89
1579.63
1201.03
1215.24
1225.42
1345.56
1602.39
1236.06
1258.63
1293.05
1380.56
1337.27
1268.46
1311.4
1447.24
1592.88
1281.32
1308.99
1370.98
1473.87
1256.99
1274.44
1309.4
1387.54
1500.89
1484.87
1265.37
1246.19
1232.46
1231.74
1231.64
1231.79
1231.02
1229.37
1229.22
1232.66
1250.75
1289.54
1372.45
1456.7
)
;
    }
    axis
    {
        type            symmetryPlane;
    }
    wall
    {
        type            calculated;
        value           nonuniform List<scalar> 
200
(
4.69234e-12
5.29122e-12
2.62108e-12
1.57227e-12
2.22678e-12
5.07548e-12
5.24575e-12
8.08682e-13
3.41247e-12
3.46647e-12
3.72889e-12
6.54263e-13
7.56564e-13
3.22629e-12
3.03761e-12
2.55667e-12
1.23709e-13
1.23125e-12
2.38226e-12
2.65813e-12
2.08519e-14
4.25945e-12
2.30307e-12
3.52347e-13
7.21128e-12
1.21994e-12
2.51683e-12
2.05121e-12
8.76986e-13
3.78976e-13
1.23117e-12
6.18706e-12
1.54417e-11
6.24303e-11
2.82648e-10
1.22801e-09
5.17485e-09
2.11262e-08
8.36239e-08
3.20599e-07
1.18986e-06
4.27179e-06
1.48233e-05
4.96729e-05
0.000160591
0.00050038
0.0015009
0.00432834
0.0119839
0.0318044
0.08076
0.195786
0.451934
0.989766
2.04608
3.95376
7.00598
11.3337
16.9658
23.8391
31.7835
40.5833
50.0242
59.923
70.1362
80.557
91.1089
101.737
112.403
123.08
133.746
144.388
154.994
165.558
176.073
186.535
196.94
207.287
217.571
227.791
237.944
248.027
258.04
267.981
277.847
287.64
297.36
307.006
316.58
326.085
335.523
344.895
354.205
363.459
372.661
381.815
390.928
400.01
409.07
418.119
427.173
436.245
445.354
454.523
463.777
473.145
482.658
492.359
502.299
512.538
523.147
534.225
545.902
558.362
571.87
586.855
604.07
625.235
652.836
747.682
744.454
809.506
865.045
887.699
891.301
897.262
905.816
915.814
924.953
931.448
935.13
937.56
939.867
942.18
944.354
946.204
947.667
948.823
949.79
950.637
951.385
952.034
952.588
953.058
953.468
953.844
954.205
954.571
954.956
955.372
955.832
956.349
956.936
957.607
958.375
959.254
960.257
961.394
962.677
964.113
965.71
967.474
969.41
971.524
973.818
976.294
978.954
981.796
984.818
988.016
991.386
994.919
998.605
1002.43
1006.38
1010.42
1014.5
1018.56
1022.47
1026.02
1027.48
1026.42
1023.42
1016.8
1003.65
978.597
932.21
850.001
716.949
526.169
324.75
225.582
237.517
254.579
276.054
296.277
252.466
302.854
761.902
1456.66
)
;
    }
    frontAndBack
    {
        type            empty;
    }
}


// ************************************************************************* //
