/*--------------------------------*- C++ -*----------------------------------*\
  =========                 |
  \\      /  F ield         | OpenFOAM: The Open Source CFD Toolbox
   \\    /   O peration     | Website:  https://openfoam.org
    \\  /    A nd           | Version:  13
     \\/     M anipulation  |
\*---------------------------------------------------------------------------*/
FoamFile
{
    format      ascii;
    class       volScalarField;
    location    "0.8";
    object      Uy;
}
// * * * * * * * * * * * * * * * * * * * * * * * * * * * * * * * * * * * * * //

dimensions      [0 1 -1 0 0 0 0];

internalField   nonuniform List<scalar> 
400
(
-0.000243282
0.000128365
0.000540333
0.000807086
0.000943485
0.000983808
0.000946571
0.00083298
0.000634966
0.000347485
-1.96252e-05
-0.000434619
-0.000836926
-0.0011485
-0.00128998
-0.00120525
-0.000887049
-0.000395697
0.000124571
0.000370632
-7.05947e-05
0.00180001
0.00362066
0.00484081
0.0054668
0.00558727
0.00525779
0.0044879
0.00326813
0.00161524
-0.000383848
-0.00254422
-0.00457924
-0.00613804
-0.00687867
-0.0065705
-0.00519963
-0.00304158
-0.000699608
0.000734914
0.00143278
0.00622075
0.0103819
0.0131532
0.0145319
0.0146549
0.0136162
0.0114438
0.00815366
0.00383792
-0.00125104
-0.00664973
-0.0116904
-0.0155772
-0.0175416
-0.0170611
-0.0140918
-0.00923017
-0.00375846
0.000251193
0.00421909
0.0132034
0.0203194
0.0249044
0.027063
0.0270189
0.0249153
0.0208051
0.014743
0.00692072
-0.00221016
-0.0118659
-0.0209317
-0.0280769
-0.0319853
-0.0317031
-0.0270387
-0.01887
-0.0092135
-0.00117853
0.00816124
0.0225398
0.0331366
0.0396995
0.0426038
0.0422334
0.0388059
0.0324023
0.0231099
0.0112063
-0.00267602
-0.0174463
-0.0315331
-0.0430075
-0.0498633
-0.0504968
-0.0443281
-0.0323537
-0.0173318
-0.00358146
0.0131121
0.0339783
0.0485541
0.0572602
0.0609082
0.0601303
0.0552526
0.0463843
0.0336189
0.0172699
-0.00191509
-0.0225933
-0.0427821
-0.0599098
-0.0711108
-0.0738206
-0.0666739
-0.0504645
-0.0286495
-0.00708504
0.0188945
0.0471764
0.066176
0.0771992
0.0816435
0.0804799
0.0741823
0.0628853
0.0466483
0.0257454
0.00093368
-0.0263208
-0.0537063
-0.0780193
-0.0953866
-0.10191
-0.0948613
-0.0742497
-0.0440202
-0.0119958
0.0252949
0.0617064
0.0854902
0.0989932
0.104327
0.102889
0.095346
0.081858
0.0624067
0.037138
0.00668288
-0.0275435
-0.063054
-0.0961249
-0.12182
-0.134554
-0.1295
-0.104919
-0.0646338
-0.0188287
0.0320636
0.0770645
0.10587
0.121963
0.128273
0.126711
0.118189
0.102907
0.0807365
0.0516094
0.0158898
-0.0252448
-0.0693757
-0.112514
-0.148788
-0.170725
-0.17062
-0.143585
-0.0919612
-0.0283304
0.0389311
0.092698
0.12659
0.14526
0.152548
0.150967
0.141743
0.125148
0.100939
0.0687825
0.0286598
-0.0186912
-0.0712157
-0.125062
-0.1738
-0.208208
-0.217129
-0.19079
-0.127591
-0.0415098
0.0456525
0.108071
0.146874
0.167891
0.175969
0.174326
0.164582
0.147139
0.121672
0.0875819
0.0444201
-0.00767134
-0.0674547
-0.131547
-0.193655
-0.243428
-0.266243
-0.245814
-0.172884
-0.0596723
0.0520874
0.122779
0.165984
0.188772
0.197147
0.19515
0.184875
0.166929
0.140965
0.106163
0.0616442
0.00687175
-0.0578421
-0.130219
-0.204947
-0.271671
-0.313167
-0.305843
-0.228352
-0.0844294
0.0583338
0.136711
0.183331
0.206804
0.214559
0.211587
0.200525
0.182234
0.156415
0.122106
0.0780688
0.0231424
-0.0432497
-0.120443
-0.204928
-0.287851
-0.35132
-0.365316
-0.29267
-0.117586
0.0649501
0.150261
0.198569
0.220906
0.226592
0.221678
0.209335
0.190673
0.165474
0.132723
0.0909692
0.0385939
-0.0258758
-0.103285
-0.192516
-0.287778
-0.373333
-0.415885
-0.361442
-0.160707
0.0733435
0.164544
0.211558
0.229906
0.231473
0.223354
0.209093
0.189935
0.165694
0.135349
0.0973674
0.0498989
-0.00909228
-0.0816384
-0.169003
-0.269502
-0.372684
-0.447379
-0.426351
-0.214346
0.0864994
0.181494
0.222009
0.232128
0.226948
0.214236
0.197489
0.177794
0.154868
0.127659
0.0946473
0.053982
0.00348487
-0.0594534
-0.137787
-0.233939
-0.345187
-0.449363
-0.475386
-0.277556
0.110464
0.202991
0.227716
0.223793
0.209101
0.190844
0.171627
0.151895
0.131034
0.107896
0.0810428
0.0488109
0.00924863
-0.0401436
-0.102837
-0.18405
-0.289309
-0.412006
-0.492859
-0.346059
0.156371
0.225316
0.217044
0.19355
0.169221
0.147057
0.127465
0.109769
0.092849
0.075465
0.0563588
0.03423
0.00763144
-0.0252583
-0.0672397
-0.123898
-0.206289
-0.326833
-0.456323
-0.398572
0.226699
0.223761
0.165957
0.12792
0.101899
0.0824126
0.0674382
0.0554856
0.0452052
0.0354841
0.0254115
0.0141946
0.00106331
-0.0146679
-0.0347301
-0.0624781
-0.107463
-0.193966
-0.33313
-0.369477
0.137435
0.118163
0.0774034
0.0519841
0.0365129
0.0263221
0.0193882
0.0145316
0.0108935
0.00786391
0.005014
0.00203671
-0.00132661
-0.00508187
-0.0098288
-0.016427
-0.0273896
-0.0517999
-0.111392
-0.155794
)
;

boundaryField
{
    movingWall
    {
        type            calculated;
        value           uniform 0;
    }
    fixedWalls
    {
        type            calculated;
        value           uniform 0;
    }
    frontAndBack
    {
        type            empty;
    }
}


// ************************************************************************* //
