/*--------------------------------*- C++ -*----------------------------------*\
  =========                 |
  \\      /  F ield         | OpenFOAM: The Open Source CFD Toolbox
   \\    /   O peration     | Website:  https://openfoam.org
    \\  /    A nd           | Version:  13
     \\/     M anipulation  |
\*---------------------------------------------------------------------------*/
FoamFile
{
    format      ascii;
    class       volScalarField;
    location    "0.9";
    object      p;
}
// * * * * * * * * * * * * * * * * * * * * * * * * * * * * * * * * * * * * * //

dimensions      [1 -1 -2 0 0 0 0];

internalField   nonuniform List<scalar> 
2016
(
922.058
813.663
713.205
597.772
910.754
799.586
691.454
565.858
893.544
777.288
660.671
537.281
872.733
752.913
632.384
515.124
852.03
732.445
611.208
498.873
831.928
713.367
591.617
480.196
811.655
692.747
568.199
451.315
792.495
672.633
543.332
417.259
776.748
657.789
523.756
390.383
767.729
646.462
515.326
381.282
764.269
643.791
516.3
389.732
764.857
646.329
523.344
407.962
766.992
650.364
530.85
427.595
768.502
652.04
532.678
421.551
769.512
651.4
528.59
404.634
772.044
652.374
527.317
398.037
776.878
656.64
532.972
403.946
784.398
663.552
544.666
418.715
794.618
675.331
561.316
439.893
808.55
691.446
579.646
464.162
824.876
707.32
596.551
485.975
838.011
718.756
606.864
496.393
842.059
722.71
606.203
483.047
734.587
635.695
553.862
513.613
708.259
596.861
509.828
447.43
649.913
514.666
429.967
354.846
585.136
440.094
354.57
291.346
522.072
407.341
309.919
265.942
476.232
355.573
276.625
249.821
437.539
315.534
251.71
229.075
376.205
282.736
230.723
211.273
349.857
263.3
222.086
201.805
354.756
268.282
222.456
201.41
367.641
280.55
226.484
205.376
386.394
302.46
234.144
203.709
402.523
325.603
250.878
206.829
409.515
317.088
239.047
197.473
399.998
282.796
213.264
123.235
396.323
298.264
245.311
132.497
406.811
333.257
292.958
187.812
400.99
344.972
311.305
250.226
398.921
350.559
318.832
261.553
560.836
407.017
510.68
612.66
331.672
218.966
292.094
345.893
215.418
63.6854
10.5915
3.84562
0.941769
-6.6732
-10.0082
-12.4113
-14.532
-16.2581
-16.76
-11.8636
1.74116
3.40749
1.82716
4.16784
4.26398
4.67304
6.04474
6.81476
6.87648
6.58661
6.1183
5.56512
4.9807
4.39259
3.81476
3.2543
2.7134
2.1913
1.6859
1.19396
0.712473
0.234819
523.43
261.684
342.222
309.615
176.479
158.408
198.416
183.475
75.2412
10.7545
-1.92386
-3.43489
-5.30724
-8.11134
-10.5014
-12.9742
-15.9034
-19.5494
-23.3368
-26.3597
-26.8028
-29.1595
-12.6746
3.7861
3.7011
4.9346
6.56828
7.25303
7.15721
6.74102
6.19978
5.60255
4.99108
4.38724
3.80183
3.23887
2.69838
2.17847
1.67632
1.18807
0.710386
0.234588
464.822
302.396
245.804
178.98
147.073
167.856
179.974
128.386
29.968
4.35995
-1.9588
-3.07187
-4.29059
-6.84976
-9.76712
-12.9238
-16.8124
-21.6463
-26.8674
-32.1608
-35.8538
-36.207
-28.7969
-11.5279
-0.333524
5.76335
8.15601
8.40286
7.74291
7.00801
6.28928
5.59993
4.94565
4.32484
3.73604
3.17688
2.64398
2.13355
1.64159
1.16355
0.695721
0.230065
417.742
284.991
171.484
153.75
140.101
148.386
139.315
86.599
7.98866
-0.250693
-2.65094
-3.7275
-5.25763
-7.60678
-10.5006
-14.258
-19.5616
-26.8207
-34.4068
-40.0094
-42.7218
-43.1124
-38.2627
-27.6308
-11.27
5.55126
9.71808
9.49478
8.14863
7.10069
6.23529
5.47798
4.80138
4.18141
3.60456
3.06244
2.54849
2.0572
1.58369
1.12317
0.671817
0.222606
386.26
263.892
156.651
142.659
136.097
132.315
110.484
73.0851
4.92624
-2.17296
-3.1427
-4.2027
-5.93064
-8.30567
-11.4314
-16.1201
-23.2824
-33.3989
-42.9136
-48.6551
-51.0238
-50.5846
-45.5479
-36.6754
-18.9698
3.10798
8.95846
8.98097
7.69041
6.70053
5.8761
5.15678
4.51945
3.93913
3.4007
2.89445
2.41335
1.95184
1.50525
1.06923
0.640406
0.212671
364.205
247.981
151.758
133.779
123.312
104.114
76.8308
51.8653
3.76505
-3.26983
-3.83705
-5.05454
-6.98613
-9.42024
-12.752
-18.2329
-26.8765
-39.5372
-50.5336
-55.5831
-57.6387
-56.3096
-50.4325
-38.2719
-17.8049
0.210045
6.24731
6.93567
6.38701
5.79188
5.19738
4.63226
4.10339
3.60538
3.13266
2.68048
2.24489
1.82237
1.40979
1.00401
0.60266
0.200723
327.769
195.576
120.507
120.176
99.8799
79.5714
59.5356
42.9005
12.9985
-3.29973
-4.74314
-5.98067
-7.98082
-10.3539
-13.6774
-19.3719
-28.5582
-41.8619
-51.7265
-55.7838
-57.8292
-56.0658
-49.5603
-32.4614
-13.2054
-1.31579
3.1189
4.46202
4.71139
4.59605
4.32034
3.9719
3.59373
3.20599
2.81744
2.43189
2.05069
1.67378
1.30044
0.929335
0.559399
0.187026
276.389
140.037
101.344
90.6932
73.7592
64.2765
56.8235
51.0215
38.1146
-0.500189
-5.85749
-6.86724
-8.72672
-10.8516
-13.8296
-19.0537
-27.5496
-39.3801
-47.1652
-51.0331
-52.2139
-49.1788
-38.5594
-23.5937
-11.0639
-3.07948
0.460602
2.29921
3.08345
3.37562
3.39804
3.26431
3.04301
2.77276
2.47485
2.16132
1.83897
1.51145
1.1807
0.847365
0.511774
0.171873
231.622
113.128
97.6209
77.28
63.0092
57.1975
56.2315
54.8522
48.3691
0.828064
-6.86149
-7.52193
-9.07491
-10.802
-13.1989
-17.515
-24.5765
-32.9659
-38.7722
-41.5033
-41.5289
-37.4775
-27.4649
-17.2644
-9.20955
-4.05568
-1.10875
0.732247
1.76233
2.30842
2.54424
2.58265
2.49776
2.33564
2.12455
1.88194
1.6187
1.34155
1.05477
0.760801
0.461291
0.155699
220.437
117.374
100.359
69.8116
53.4537
53.3337
55.055
55.2017
50.5057
7.02224
-7.14593
-7.88426
-8.96392
-10.2597
-12.0564
-15.1724
-20.0823
-25.2945
-29.1904
-30.4006
-29.3542
-25.7913
-19.265
-12.4963
-7.43588
-4.13664
-1.86917
-0.247932
0.809532
1.45852
1.81552
1.9712
1.99072
1.91835
1.78357
1.60599
1.39866
1.17035
0.927017
0.672512
0.409575
0.139009
242.943
168.094
100.276
57.5995
39.8327
41.6944
47.882
51.4894
48.312
15.829
-6.49917
-7.91322
-8.40573
-9.39423
-10.6308
-12.6534
-15.6815
-18.736
-20.7345
-21.1332
-19.6812
-16.818
-13.1283
-9.23565
-6.26314
-3.99995
-2.19019
-0.810704
0.159624
0.816088
1.22415
1.44858
1.54028
1.53665
1.46462
1.34333
1.18639
1.00347
0.80147
0.585188
0.358158
0.122289
270.012
258.638
103.313
37.7581
28.164
31.6224
39.5312
45.9538
42.64
17.365
-4.47635
-7.29867
-7.47816
-8.35129
-9.20377
-10.4242
-12.1032
-13.8111
-14.733
-14.6323
-13.5219
-11.6722
-9.65369
-7.36703
-5.39952
-3.70514
-2.26326
-1.12235
-0.266117
0.346972
0.760137
1.01683
1.15352
1.19896
1.17571
1.10094
0.987619
0.845391
0.681468
0.501117
0.30837
0.105969
306.851
306.413
136.348
38.6538
29.5983
30.6875
35.37
40.1899
33.2729
7.37037
-2.58024
-6.24524
-6.5339
-7.29795
-7.90537
-8.63997
-9.52536
-10.3687
-10.8064
-10.6411
-9.91304
-8.86607
-7.58976
-6.03493
-4.60979
-3.32145
-2.19838
-1.27134
-0.540008
0.0111953
0.406544
0.669002
0.830168
0.90812
0.920882
0.883046
0.806199
0.699363
0.569542
0.422096
0.261281
0.0904108
326.123
247.847
124.857
48.4193
37.1178
35.1845
34.1513
32.9072
22.5894
-1.35676
-5.06529
-5.684
-5.8466
-6.34806
-6.75833
-7.22262
-7.71661
-8.12721
-8.28322
-8.08887
-7.58858
-6.89784
-6.00691
-4.94021
-3.90615
-2.93842
-2.06799
-1.32076
-0.706828
-0.223706
0.139428
0.397347
0.566062
0.663276
0.701163
0.691507
0.644262
0.567401
0.467385
0.349386
0.217675
0.0758881
277.011
159.191
110.835
61.9996
43.5576
37.0629
33.1592
28.9389
21.1142
-1.33322
-5.67787
-5.21217
-5.18299
-5.48025
-5.76137
-6.07296
-6.36745
-6.5759
-6.60727
-6.41983
-6.04254
-5.51291
-4.85203
-4.09764
-3.33431
-2.59667
-1.91436
-1.31102
-0.799237
-0.382203
-0.0564081
0.185915
0.354885
0.461478
0.515546
0.526421
0.50255
0.450476
0.375943
0.283763
0.17806
0.0625947
252.25
142.749
112.022
78.9864
45.303
33.864
31.0468
28.2792
22.6294
0.0838048
-4.65605
-4.37125
-4.43399
-4.65753
-4.89087
-5.11963
-5.31274
-5.42591
-5.40841
-5.24284
-4.94594
-4.53463
-4.02897
-3.46166
-2.87568
-2.29944
-1.75683
-1.26663
-0.840481
-0.48362
-0.196015
0.0258941
0.188035
0.297645
0.362181
0.386503
0.380793
0.348757
0.295562
0.225583
0.142698
0.0506543
261.978
142.129
104.909
84.8246
47.6852
32.1729
28.3509
27.671
22.7331
1.43471
-3.66985
-3.41372
-3.66212
-3.88738
-4.11984
-4.30981
-4.4518
-4.52148
-4.48961
-4.34787
-4.10675
-3.78254
-3.38963
-2.95089
-2.49277
-2.03688
-1.60153
-1.20138
-0.846564
-0.54274
-0.291641
-0.0920498
0.0592744
0.166925
0.235945
0.271154
0.278302
0.261811
0.226103
0.17484
0.11161
0.0401422
283.997
153.597
102.881
92.8455
56.1577
33.1994
26.2646
26.3772
19.44
3.2141
-2.60186
-2.55352
-2.91967
-3.185
-3.42557
-3.60493
-3.72664
-3.78014
-3.75037
-3.63397
-3.43879
-3.18181
-2.87233
-2.52781
-2.16587
-1.80232
-1.45104
-1.12351
-0.828225
-0.570577
-0.353084
-0.175895
-0.0374256
0.065104
0.13515
0.17648
0.193111
0.188783
0.167131
0.131228
0.0845563
0.03117
315.253
189.309
119.954
112.576
82.4341
42.6524
23.247
20.0917
8.27029
0.230599
-1.68539
-1.94781
-2.29475
-2.56314
-2.80042
-2.98448
-3.10422
-3.15679
-3.13774
-3.04778
-2.89666
-2.68961
-2.44405
-2.1711
-1.88299
-1.59138
-1.30683
-1.03832
-0.792834
-0.575171
-0.388053
-0.232364
-0.107586
-0.0121229
0.0563673
0.100642
0.123627
0.128298
0.117592
0.0942274
0.060937
0.0241786
347.9
238.463
155.762
135.078
104.924
48.466
21.6935
9.84752
1.83355
-0.703814
-1.21228
-1.51257
-1.79286
-2.03837
-2.26497
-2.45037
-2.56961
-2.62612
-2.62009
-2.55386
-2.43569
-2.2742
-2.08071
-1.86434
-1.63449
-1.4001
-1.16932
-0.949253
-0.745587
-0.562469
-0.402534
-0.267013
-0.15601
-0.0687065
-0.00357508
0.041321
0.0681468
0.0792059
0.0768838
0.0635741
0.0421125
0.0162632
377.722
275.281
191.426
150.461
117.559
44.1641
21.3172
0.789563
-0.357437
-0.641945
-0.794225
-1.08319
-1.35776
-1.60367
-1.82215
-1.99679
-2.11259
-2.17264
-2.17826
-2.13273
-2.04352
-1.91916
-1.76751
-1.59657
-1.41354
-1.22538
-1.03851
-0.858576
-0.690223
-0.536969
-0.401219
-0.284326
-0.186737
-0.108127
-0.047571
-0.003748
0.0249196
0.0401815
0.0439449
0.0381992
0.0254954
0.00875883
386.485
290.083
211.931
156.983
120.661
54.0337
17.8239
1.05405
0.307504
-0.19159
-0.33577
-0.688106
-0.990127
-1.24378
-1.45188
-1.61278
-1.72342
-1.78495
-1.79953
-1.77098
-1.7059
-1.61146
-1.49419
-1.3602
-1.21527
-1.06492
-0.914275
-0.767877
-0.629507
-0.502117
-0.387825
-0.287962
-0.203157
-0.133403
-0.0781926
-0.0366678
-0.0077253
0.0099302
0.0177892
0.0174538
0.0111656
0.00151736
358.128
282.769
222.968
168.989
121.167
66.0286
21.7158
1.58181
0.897207
0.345535
-0.0714073
-0.451635
-0.730622
-0.961191
-1.1479
-1.29258
-1.39476
-1.45443
-1.47452
-1.45888
-1.41308
-1.3429
-1.25351
-1.14969
-1.03601
-0.916877
-0.796411
-0.678259
-0.565492
-0.460563
-0.365289
-0.280904
-0.208112
-0.14711
-0.0976901
-0.0593452
-0.0313489
-0.0127754
-0.002492
0.000790259
-0.00100935
-0.00542495
369.615
292.11
251.807
208.296
156.987
102.697
31.8171
2.84984
1.20608
0.284122
-0.212525
-0.400196
-0.573927
-0.754501
-0.912282
-1.03697
-1.12683
-1.18099
-1.20278
-1.1957
-1.16433
-1.11302
-1.04568
-0.965961
-0.877439
-0.783623
-0.687831
-0.593001
-0.501615
-0.4157
-0.336805
-0.266036
-0.204106
-0.151341
-0.107749
-0.0730903
-0.0469286
-0.0286226
-0.0173181
-0.0119694
-0.0110029
-0.0118809
365.158
306.221
270.721
235.158
211.058
155.81
77.9885
18.4552
0.947932
0.146993
-0.259302
-0.338655
-0.456186
-0.60165
-0.730056
-0.833021
-0.907123
-0.952546
-0.972648
-0.970584
-0.949801
-0.913323
-0.863774
-0.803699
-0.735807
-0.662944
-0.587715
-0.512462
-0.439147
-0.36948
-0.304763
-0.245976
-0.193819
-0.148713
-0.110818
-0.0801039
-0.0563604
-0.03917
-0.0278854
-0.0216512
-0.0192197
-0.0179061
389.44
301.975
255.131
216.268
218.311
183.097
123
46.1733
3.29362
0.171644
-0.129516
-0.264695
-0.363783
-0.482122
-0.574039
-0.649936
-0.703162
-0.73618
-0.751618
-0.752324
-0.740317
-0.717156
-0.684
-0.642189
-0.593514
-0.540138
-0.484414
-0.427754
-0.371549
-0.317437
-0.266447
-0.219422
-0.177059
-0.13986
-0.108115
-0.0819639
-0.0613871
-0.0461592
-0.0358009
-0.0296505
-0.0267459
-0.0241956
350.196
269.986
234.059
184.598
167.035
156.713
102.326
42.5236
9.6173
1.90917
-0.216741
-0.277589
-0.330903
-0.394641
-0.441132
-0.483576
-0.510914
-0.529547
-0.538632
-0.541021
-0.536837
-0.526093
-0.508306
-0.483582
-0.452789
-0.41742
-0.379283
-0.340889
-0.300007
-0.260343
-0.222258
-0.186436
-0.153606
-0.124357
-0.0990903
-0.0780687
-0.0614156
-0.0490374
-0.0405732
-0.0355801
-0.0332875
-0.0305728
288.344
254.604
226.991
176.776
140.263
120.45
64.6518
11.4239
-23.2081
-9.04565
2.25955
-0.398987
-0.254225
-0.28536
-0.314338
-0.33054
-0.334184
-0.33816
-0.341289
-0.345604
-0.349208
-0.35035
-0.346977
-0.337973
-0.323352
-0.30397
-0.28103
-0.255252
-0.230335
-0.203664
-0.176796
-0.150734
-0.126392
-0.104465
-0.0854201
-0.0695983
-0.0572017
-0.0481952
-0.042293
-0.0392335
-0.0383642
-0.0364258
264.95
248.784
238.951
195.581
143.843
102.035
54.7441
5.11667
-38.7362
-27.3426
14.3581
1.28511
-0.0805281
-0.115882
-0.170498
-0.170295
-0.1694
-0.151387
-0.151053
-0.158307
-0.171317
-0.185304
-0.196932
-0.203835
-0.205198
-0.201175
-0.192677
-0.180635
-0.16598
-0.149272
-0.131424
-0.113485
-0.0965285
-0.081289
-0.0681999
-0.0575944
-0.0496803
-0.0444179
-0.0415598
-0.0409857
-0.0421651
-0.0417562
250.942
244.317
240.324
223.23
168.075
104.281
62.7387
11.822
-31.2733
-18.7859
17.9602
8.62227
1.3061
0.106418
0.00190036
0.0304351
0.0282868
0.0475008
0.0458768
0.0296723
0.00271392
-0.026648
-0.0546905
-0.0783902
-0.0960725
-0.107213
-0.112779
-0.113209
-0.10837
-0.099159
-0.0876299
-0.075696
-0.0648359
-0.0556449
-0.0482864
-0.0429193
-0.0396537
-0.038389
-0.0388947
-0.0412002
-0.0449183
-0.0466174
234.404
226.221
209.071
186.401
155.2
112.173
62.1654
6.38363
-30.6507
12.9536
15.1295
1.9306
8.49385
0.362296
0.254376
0.293527
0.306111
0.269902
0.256634
0.219833
0.174055
0.127234
0.0820573
0.0413327
0.00787167
-0.0179615
-0.0366168
-0.0480455
-0.0523641
-0.0503903
-0.0441995
-0.037209
-0.0316541
-0.0281236
-0.026405
-0.0263315
-0.0278201
-0.0306928
-0.0347655
-0.0402468
-0.0468661
-0.0510943
210.959
191.116
164.209
128.353
89.813
53.9831
37.0229
16.8913
16.7184
24.1719
20.3685
12.932
9.76074
0.57208
0.531815
0.50582
0.498717
0.49411
0.447928
0.394203
0.332749
0.26946
0.207873
0.151064
0.102776
0.0645216
0.0371018
0.0198349
0.010009
0.00549124
0.0046388
0.00480337
0.0037918
0.00102485
-0.00319214
-0.00853252
-0.0148091
-0.02186
-0.0296239
-0.0384823
-0.0482282
-0.0552618
187.731
157.475
129.12
74.8382
36.073
31.3466
25.9038
32.264
31.3816
25.6035
21.1471
19.7959
7.0061
0.673189
0.665259
0.628357
0.607556
0.597597
0.563728
0.520038
0.458752
0.385584
0.308875
0.234098
0.169752
0.123441
0.0961472
0.0838273
0.0775442
0.0698515
0.0602993
0.0508707
0.0412691
0.0311451
0.0205966
0.00979846
-0.00118741
-0.0123786
-0.0238856
-0.0362151
-0.0491873
-0.0591765
174.821
145.168
114.653
46.5805
29.2263
28.1053
28.0062
28.88
29.6266
28.4824
20.0321
18.0088
1.52039
0.63858
0.762189
0.694013
0.626509
0.5902
0.576461
0.571687
0.526452
0.454164
0.366243
0.273882
0.196789
0.146871
0.127123
0.130343
0.138675
0.134386
0.117952
0.0979409
0.0788219
0.060977
0.0441462
0.0280878
0.0125661
-0.00268054
-0.0179051
-0.033692
-0.0498897
-0.0628788
171.527
135.432
93.6594
39.7698
29.1204
28.5193
28.5671
30.2056
27.8035
23.5523
13.7532
10.8656
1.27527
0.736652
0.812205
0.662392
0.544117
0.49117
0.493795
0.576102
0.546096
0.479381
0.387376
0.286143
0.203768
0.153778
0.141391
0.160686
0.188562
0.192806
0.170466
0.140631
0.113308
0.0888101
0.0664507
0.0456503
0.0259171
0.00680915
-0.0119936
-0.0311206
-0.0504627
-0.0664141
169.188
107.906
56.2758
40.8778
30.8184
27.71
26.0262
26.5287
14.7893
8.05044
8.49512
1.91418
1.46855
1.12452
0.848922
0.607608
0.455001
0.399599
0.458427
0.555304
0.551815
0.496605
0.409648
0.309504
0.227058
0.178123
0.169264
0.196734
0.234329
0.242593
0.215379
0.176871
0.143216
0.113663
0.0867911
0.0619084
0.0383886
0.015717
-0.00641613
-0.0286804
-0.0510184
-0.0698279
154.485
83.1173
25.9147
18.4763
28.4259
21.8433
10.2737
4.50818
3.27882
1.95166
1.47058
1.29182
1.29564
1.17927
0.954506
0.702613
0.52323
0.475475
0.549869
0.619474
0.605389
0.549358
0.463676
0.365081
0.282657
0.23312
0.223072
0.247252
0.276456
0.276033
0.244834
0.203471
0.167111
0.134437
0.104322
0.0762071
0.0495066
0.0237341
-0.00137149
-0.0265078
-0.051645
-0.0731639
123.963
76.7485
24.0149
13.2564
13.9371
13.7611
3.79232
-9.40512
-3.29376
-0.966979
0.00267236
0.845195
1.33422
1.41725
1.2534
1.02418
0.8401
0.772394
0.77651
0.767352
0.720217
0.648706
0.556198
0.455405
0.370185
0.313636
0.291686
0.295329
0.300225
0.285022
0.253887
0.218901
0.184523
0.151178
0.119228
0.0887359
0.0593789
0.0308702
0.00307924
-0.0246825
-0.0523998
-0.0764489
75.7158
68.864
17.554
8.46305
7.48989
6.88836
1.45135
-3.33139
-1.20419
0.151285
0.796591
1.35952
1.6917
1.73961
1.58053
1.38861
1.2189
1.0981
1.01643
0.941032
0.859929
0.769658
0.667584
0.563121
0.472191
0.399356
0.351642
0.323236
0.298905
0.277148
0.254257
0.227665
0.197204
0.164325
0.131382
0.0990996
0.0675643
0.0367791
0.00672868
-0.0232955
-0.0533024
-0.0796739
31.8328
4.68636
3.87422
2.35726
1.75296
1.99593
1.18222
0.853829
1.41855
1.8345
1.97705
2.10859
2.12374
2.00241
1.81196
1.62223
1.45511
1.31215
1.19333
1.08891
0.990275
0.88883
0.781083
0.672387
0.572572
0.476592
0.396942
0.345411
0.306601
0.281327
0.263604
0.240069
0.209807
0.176236
0.142059
0.10812
0.0746651
0.0418839
0.00983612
-0.0222043
-0.0542622
-0.0827137
46.1754
11.2507
0.855565
-2.11637
-2.14705
-0.730695
0.904144
2.31441
2.84381
2.82563
2.66844
2.49414
2.31209
2.12393
1.93295
1.74898
1.57919
1.43594
1.31047
1.19679
1.08905
0.980838
0.871477
0.761447
0.650997
0.545156
0.453509
0.384986
0.341709
0.311823
0.285585
0.256426
0.22296
0.187466
0.151515
0.115734
0.0804034
0.0458406
0.0121252
-0.0215505
-0.0552938
-0.08556
69.0723
21.0428
5.0704
-1.21406
-1.87442
-0.502525
1.40583
2.81679
3.31869
3.06698
2.77857
2.53583
2.36358
2.20374
2.03896
1.86888
1.70116
1.54692
1.40795
1.28206
1.16592
1.05567
0.942382
0.814997
0.674678
0.55549
0.477344
0.42475
0.382985
0.346009
0.30986
0.272985
0.234906
0.196566
0.158614
0.121286
0.0846253
0.048843
0.0139308
-0.0210075
-0.0561033
-0.0877982
142.207
46.0214
17.688
3.78979
0.275218
-0.0865026
1.3527
2.56554
2.94764
2.87432
2.65891
2.44567
2.37228
2.28227
2.14509
1.97787
1.80395
1.63831
1.48709
1.35112
1.22617
1.10435
0.981894
0.854605
0.720293
0.590929
0.493278
0.43478
0.398459
0.36616
0.329567
0.288931
0.246633
0.204865
0.164563
0.125648
0.0877759
0.0509591
0.0151061
-0.0207477
-0.0567853
-0.0895355
213.969
114.911
57.2998
23.3102
9.81245
4.38865
3.52756
4.04598
4.01096
3.43426
2.65888
2.21026
2.32354
2.31282
2.20839
2.04808
1.87134
1.69952
1.53978
1.39424
1.26354
1.14077
1.0077
0.858152
0.715702
0.602089
0.522771
0.471257
0.431046
0.392675
0.350818
0.305071
0.257939
0.212171
0.169106
0.128512
0.0896471
0.0521986
0.0158612
-0.0204452
-0.0569353
-0.0900038
)
;

boundaryField
{
    leftWall
    {
        type            calculated;
        value           nonuniform List<scalar> 
46
(
922.058
813.663
713.205
597.772
560.836
407.017
510.68
612.66
331.672
218.966
292.094
345.893
215.418
63.6854
10.5915
3.84562
0.941769
-6.6732
-10.0082
-12.4113
-14.532
-16.2581
-16.76
-11.8636
1.74116
3.40749
1.82716
4.16784
4.26398
4.67304
6.04474
6.81476
6.87648
6.58661
6.1183
5.56512
4.9807
4.39259
3.81476
3.2543
2.7134
2.1913
1.6859
1.19396
0.712473
0.234819
)
;
    }
    rightWall
    {
        type            calculated;
        value           nonuniform List<scalar> 
46
(
398.921
350.559
318.832
261.553
213.969
114.911
57.2998
23.3102
9.81245
4.38865
3.52756
4.04598
4.01096
3.43426
2.65888
2.21026
2.32354
2.31282
2.20839
2.04808
1.87134
1.69952
1.53978
1.39424
1.26354
1.14077
1.0077
0.858152
0.715702
0.602089
0.522771
0.471257
0.431046
0.392675
0.350818
0.305071
0.257939
0.212171
0.169106
0.128512
0.0896471
0.0521986
0.0158612
-0.0204452
-0.0569353
-0.0900038
)
;
    }
    lowerWall
    {
        type            calculated;
        value           nonuniform List<scalar> 
52
(
734.587
635.695
553.862
513.613
793.257
766.929
708.575
643.8
580.743
534.902
496.209
428.621
383.405
388.419
406.259
419.371
435.621
455.589
446.072
442.397
449.478
433.344
428.771
842.059
722.71
606.203
483.047
980.917
969.613
952.403
931.591
910.889
890.787
870.513
851.354
835.607
826.588
823.128
823.716
825.851
827.36
828.371
830.893
834.131
840.498
850.718
864.719
882.81
896.29
899.926
432.129
427.673
)
;
    }
    atmosphere
    {
        type            calculated;
        value           nonuniform List<scalar> 
44
(
0
0
0
0
0
0
0
0
0
0
0
0
0
0
0
0
0
0
-1.89737e-07
-0.000681094
-0.00246295
-0.00509017
-0.00839813
-0.012205
-0.0165219
-0.0217752
-0.0276996
-0.0336049
-0.0393616
-0.0449521
-0.0504247
-0.0557937
-0.0610398
-0.0661241
-0.071039
-0.0757955
-0.0804239
-0.0849437
-0.0893505
-0.0934354
-0.0973133
-0.100282
-0.102752
-0.103115
)
;
    }
    frontAndBack
    {
        type            empty;
    }
}


// ************************************************************************* //
