/*--------------------------------*- C++ -*----------------------------------*\
  =========                 |
  \\      /  F ield         | OpenFOAM: The Open Source CFD Toolbox
   \\    /   O peration     | Website:  https://openfoam.org
    \\  /    A nd           | Version:  13
     \\/     M anipulation  |
\*---------------------------------------------------------------------------*/
FoamFile
{
    format      ascii;
    class       volScalarField;
    location    "0.9";
    object      p_rgh;
}
// * * * * * * * * * * * * * * * * * * * * * * * * * * * * * * * * * * * * * //

dimensions      [1 -1 -2 0 0 0 0];

internalField   nonuniform List<scalar> 
2016
(
980.917
990.239
1007.5
1009.78
969.613
976.162
985.748
977.869
952.403
953.864
954.965
949.292
931.591
929.489
926.677
927.135
910.889
909.019
905.497
910.884
890.787
889.94
885.902
892.207
870.513
869.321
862.484
863.326
851.354
849.209
837.623
829.268
835.607
834.365
818.05
802.394
826.588
823.039
809.62
793.293
823.128
820.367
810.593
801.743
823.716
822.905
817.638
819.973
825.851
826.941
825.144
839.606
827.36
828.616
826.972
833.562
828.371
827.976
822.883
816.645
830.893
828.94
821.61
810.047
834.131
832.855
827.265
815.956
840.498
839.206
838.959
830.726
850.718
851.401
855.61
851.903
864.719
868.022
873.939
876.172
882.81
883.896
890.844
897.985
896.29
895.332
901.114
908.177
899.926
898.954
899.882
894.158
793.257
811.673
842.902
919.967
766.929
768.72
782.559
843.184
708.575
685.173
709.215
747.968
643.8
615.516
646.922
557.154
580.743
583.353
566.828
333.995
534.902
531.585
413.114
293.522
496.209
450.485
327.665
273.175
428.621
376.796
279.626
256.137
383.405
340.405
256.25
246.726
388.419
360.829
259.206
246.982
406.259
396.423
294.58
251.21
419.371
431.871
384.627
257.756
435.621
460.212
449.633
432.348
455.589
455.309
457.24
502.571
446.072
421.018
439.41
367.988
442.397
436.484
475.678
269.112
449.478
429.934
456.63
383.114
433.344
383.716
384.807
518.364
428.771
389.303
417.617
529.691
1078.03
834.329
1018.92
1210.71
916.889
691.973
623.091
696.914
613.513
497.062
478.916
503.236
358.175
20.3991
-6.48141
-9.66776
-11.9561
-13.575
-13.7282
28.5182
75.468
80.1732
79.8153
13.7361
7.94681
8.37214
9.83819
10.7293
10.9155
10.7507
10.4076
9.97962
9.5204
9.05748
8.60485
8.16958
7.75387
7.35697
6.97676
6.61002
6.25372
5.90126
1056.38
855.66
1044.58
910.149
305.984
218.249
268.905
268.778
153.698
54.362
9.63795
0.341255
-3.13899
-5.9109
-8.1933
-10.5465
-13.3506
-16.8695
-20.2069
-21.4991
-22.1091
-9.43352
61.1533
55.2666
18.854
8.87144
10.4116
11.1753
11.1974
10.9053
10.4891
10.017
9.53078
9.05213
8.59192
8.15415
7.73886
7.34414
6.96719
6.60413
6.25164
5.90103
998.288
961.051
991.743
395.412
249.946
227.109
249.787
231.816
66.115
6.87236
0.00242952
-1.11008
-2.22979
-4.6698
-7.46547
-10.497
-14.2596
-18.9675
-24.0614
-29.2251
-32.7712
-32.8364
-13.5007
38.4794
39.3826
14.5237
12.5522
12.4358
11.8029
11.1754
10.579
10.0145
9.48535
8.98973
8.52612
8.09216
7.68445
7.29922
6.93245
6.57961
6.23697
5.89651
951.209
930.32
631.458
193.649
185.543
206.927
263.27
222.628
91.5725
1.79428
-0.802737
-1.77839
-3.18252
-5.41093
-8.1863
-11.8295
-17.0087
-24.1364
-31.5994
-37.0642
-39.6382
-39.8911
-34.7725
-0.204848
25.6603
27.2571
15.0389
13.594
12.2172
11.2691
10.5251
9.89254
9.34109
8.8463
8.39465
7.97772
7.58896
7.22287
6.87455
6.53923
6.21307
5.88905
917.287
895.728
351.844
182.722
181.407
234.218
234.394
209.142
130.459
0.559071
-1.31981
-2.26061
-3.80383
-5.87803
-8.96602
-13.6851
-20.7206
-30.7048
-39.9784
-45.5583
-47.9178
-47.3326
-42.1271
-20.0628
13.5138
25.5828
13.9488
13.0362
11.7511
10.8676
10.1657
9.57132
9.05915
8.60402
8.19078
7.80973
7.45382
7.1175
6.79611
6.48528
6.18166
5.87911
897.671
886.29
303.465
174.566
186.586
214.348
200.455
187.844
150.87
-1.01136
-2.00359
-3.11725
-4.64819
-6.93656
-10.2527
-15.7981
-24.3093
-35.8108
-45.9074
-52.1128
-54.5133
-53.0301
-47.0152
-20.5074
11.3023
13.622
10.6135
10.929
10.4356
9.95714
9.4868
9.04677
8.64309
8.27027
7.92275
7.59576
7.28536
6.98804
6.70065
6.42007
6.14391
5.86717
861.235
781.141
222.356
162.893
196.059
186.762
117.092
173.174
158.783
30.2959
-2.93591
-4.04639
-5.64103
-7.87019
-11.3134
-16.9406
-25.9674
-36.8188
-46.6638
-52.7231
-54.6781
-52.6147
-41.6236
-22.7298
-4.84209
3.48047
7.15012
8.39735
8.75271
8.76043
8.60966
8.3864
8.13343
7.87088
7.60753
7.34717
7.09117
6.83945
6.5913
6.34539
6.10065
5.85347
809.855
493.888
135.927
173.938
169.852
103.952
71.8066
79.9632
182.353
123.701
-4.0537
-4.93877
-6.43441
-8.36796
-11.5046
-16.6238
-24.7906
-34.2476
-41.7362
-48.0082
-49.0624
-45.7069
-30.5839
-18.6558
-7.04595
0.695454
4.26909
6.21606
7.12277
7.53977
7.68735
7.67881
7.58271
7.43765
7.26494
7.0766
6.87944
6.67712
6.47156
6.26342
6.05302
5.83832
757.838
279.063
120.122
101.412
126.17
97.8397
70.49
70.4641
190.076
151.432
-4.88315
-5.59346
-7.00129
-8.32037
-10.8918
-15.0923
-21.9345
-27.9336
-32.9447
-36.0273
-37.3532
-31.6678
-20.2089
-12.5941
-5.34196
-0.374927
2.68257
4.6464
5.8013
6.47253
6.83354
6.99714
7.03746
7.00054
6.91463
6.79722
6.65917
6.50722
6.34563
6.17686
6.00254
5.82214
724.466
249.841
114.445
80.7675
65.6199
67.3026
69.2639
70.7981
178.563
154.823
2.56536
-5.95552
-6.90842
-7.85512
-9.76403
-12.7578
-17.5252
-21.9133
-23.3092
-24.2252
-22.9445
-19.234
-12.6792
-5.93981
-3.13298
-0.46691
1.92152
3.66597
4.84845
5.62262
6.10482
6.3857
6.53042
6.58324
6.57366
6.52127
6.43913
6.33602
6.21788
6.08857
5.95082
5.80545
730.63
329.777
124.883
68.3133
51.3455
54.5186
62.0843
67.0821
122.961
161.727
37.0317
-5.98432
-6.35364
-7.23
-8.34177
-10.2413
-13.1337
-16.0466
-16.5446
-14.974
-13.2404
-10.1626
-7.72407
-3.78134
-2.31368
-0.331173
1.5997
3.10311
4.19854
4.98019
5.51344
5.86308
6.07998
6.20154
6.2547
6.25861
6.22686
6.16914
6.09233
6.00124
5.89941
5.78873
753.007
449.736
281.89
102.247
39.6194
44.4407
53.7335
61.5402
106.408
160.651
47.2985
-5.37005
-5.40361
-6.16762
-6.91709
-8.01268
-9.56598
-11.1443
-11.9131
-10.7098
-8.71075
-7.43335
-6.24434
-3.87486
-1.84829
-0.0406338
1.52539
2.79137
3.77279
4.51107
5.04943
5.43132
5.69322
5.86385
5.96579
6.01622
6.02809
6.01106
5.97233
5.91717
5.84962
5.77241
789.012
517.935
389.735
172.905
41.033
43.506
49.5724
57.9687
151.631
146.317
13.5872
-4.31939
-4.2796
-4.86418
-5.61875
-6.22857
-6.98874
-7.70662
-8.01075
-7.69671
-6.86327
-5.68542
-4.29604
-2.61683
-1.07085
0.341954
1.59014
2.64238
3.4989
4.1753
4.69584
5.0835
5.36987
5.57301
5.71097
5.79833
5.84667
5.86503
5.8604
5.83815
5.80253
5.75685
806.62
507.926
365.812
158.245
48.5617
48.0034
48.3657
66.3947
145.205
125.865
-3.26401
-3.76137
-3.56185
-3.87014
-4.36437
-4.81122
-5.18002
-5.46542
-5.49588
-5.17479
-4.54931
-3.73468
-2.71835
-1.52682
-0.367923
0.724917
1.72053
2.59296
3.33208
3.9404
4.42872
4.81184
5.10576
5.32817
5.49125
5.60679
5.68474
5.73307
5.75825
5.76544
5.75892
5.74233
766.908
405.846
193.571
155.439
55.0189
49.8921
47.3778
46.5235
121.296
122.374
-3.88188
-3.29388
-3.00696
-2.99949
-3.25901
-3.66157
-3.83086
-3.91412
-3.82028
-3.50756
-3.00505
-2.35032
-1.56423
-0.684674
0.203829
1.06666
1.87416
2.60269
3.23967
3.7819
4.23289
4.60041
4.89458
5.12637
5.30563
5.4417
5.54302
5.61614
5.6668
5.69982
5.71931
5.72904
763.126
369.016
196.881
175.453
192.43
46.6932
45.2662
43.89
90.8504
124.424
-2.75617
-2.45648
-2.27232
-2.17528
-2.35498
-2.70823
-2.77615
-2.76412
-2.62143
-2.33067
-1.90858
-1.37208
-0.741222
-0.0487232
0.662452
1.36389
2.03169
2.64709
3.19843
3.68048
4.09328
4.44039
4.72773
4.96254
5.15227
5.30178
5.42127
5.51443
5.58642
5.64164
5.68395
5.7171
790.994
439.62
192.111
187.894
284.258
45.0087
42.5755
43.2851
102.811
125.783
-1.88316
-1.50174
-1.4788
-1.4047
-1.54992
-1.89841
-1.91521
-1.85964
-1.70261
-1.4357
-1.06938
-0.619986
-0.101878
0.462049
1.04536
1.62645
2.18699
2.71234
3.19234
3.62136
3.99766
4.32245
4.59897
4.83182
5.02603
5.18643
5.31878
5.42748
5.51696
5.5909
5.65286
5.70659
817.462
565.911
193.895
199.322
300.939
83.0028
40.4912
55.9493
131.299
106.891
-0.815207
-0.641437
-0.755007
-0.702338
-0.800884
-1.19351
-1.19004
-1.11815
-0.963137
-0.721802
-0.401433
-0.0192579
0.415419
0.88513
1.37226
1.86101
2.33748
2.79021
3.21068
3.59353
3.93621
4.2386
4.50227
4.73
4.92524
5.09176
5.23359
5.35445
5.45799
5.54728
5.62581
5.69761
848.718
719.963
260.752
221.235
330.074
335.348
37.6189
75.5162
120.129
9.32191
0.101002
-0.036696
-0.201592
-0.0804666
-0.202343
-0.565922
-0.567612
-0.494768
-0.350352
-0.135589
0.140697
0.472944
0.8437
1.24184
1.65514
2.07194
2.48169
2.87539
3.24607
3.58893
3.90124
4.18213
4.43211
4.65277
4.84645
5.01592
5.1641
5.29397
5.40845
5.51028
5.60219
5.69062
881.366
865.865
405.455
246.238
322.891
571.793
36.8502
75.4995
73.0647
0.957841
0.573597
0.3983
0.247168
0.227418
0.155461
-0.0389207
-0.0329807
0.035969
0.167306
0.358416
0.601671
0.888353
1.20704
1.54861
1.90364
2.26323
2.6192
2.96446
3.29332
3.60163
3.88676
4.14748
4.38369
4.59619
4.78651
4.9566
5.10862
5.24487
5.36775
5.47963
5.58336
5.68271
911.168
928.202
574.466
263.491
343.815
678.125
155.409
16.0396
8.23121
1.02084
1.00686
0.827656
0.678289
0.557575
0.464308
0.420415
0.424149
0.489421
0.609135
0.779688
0.993834
1.24339
1.52024
1.81638
2.12459
2.43795
2.75001
3.05514
3.34869
3.62713
3.88808
4.13017
4.35296
4.55677
4.74252
4.91153
5.06539
5.20585
5.33481
5.45425
5.56674
5.6752
919.799
948.164
799.59
364.138
352.169
728.183
356.666
4.85935
7.9155
1.53154
1.48905
1.22273
1.04591
0.917464
0.834561
0.79898
0.813689
0.877023
0.987862
1.14147
1.33146
1.5511
1.79356
2.05274
2.32286
2.59841
2.87425
3.14584
3.4094
3.66199
3.90147
4.12654
4.33654
4.53149
4.71189
4.87861
5.03275
5.1756
5.30865
5.43351
5.55241
5.66796
891.227
940.706
1003.66
910.023
578.112
782.585
463.553
4.68782
4.22078
2.596
1.7371
1.45921
1.30542
1.20004
1.13853
1.11925
1.1423
1.20742
1.31274
1.45348
1.62428
1.81965
2.03424
2.26325
2.50212
2.74645
2.99211
3.23546
3.47342
3.70354
3.92401
4.13359
4.33159
4.51778
4.6924
4.85593
5.00912
5.15289
5.28837
5.41685
5.54024
5.66102
902.381
949.977
1034.65
1115.14
1041.8
884.307
687.835
22.7366
4.6209
8.54564
1.57316
1.51066
1.46295
1.4083
1.37392
1.37442
1.40976
1.48085
1.58433
1.71653
1.87303
2.04953
2.24206
2.44698
2.6607
2.8797
3.10069
3.32071
3.53729
3.7484
3.95249
4.14846
4.33559
4.51355
4.68234
4.84219
4.99355
5.13705
5.27354
5.40409
5.53025
5.65456
897.92
964.022
1009.65
1115.41
1166.57
880.693
940.47
460.79
4.51671
12.4234
2.57014
1.57224
1.58107
1.56383
1.55662
1.57837
1.62946
1.70924
1.81434
1.94161
2.08757
2.24923
2.42397
2.60924
2.80233
3.00038
3.20081
3.40125
3.59976
3.79462
3.98453
4.16852
4.34588
4.51618
4.67927
4.83518
4.98411
5.1265
5.26298
5.3944
5.52203
5.64854
920.358
883.595
714.598
887.392
1159.87
813.868
985.099
991.774
103.079
7.38467
7.38714
1.64647
1.67362
1.68372
1.71535
1.76145
1.83342
1.9256
2.03535
2.15984
2.29704
2.4454
2.60375
2.77075
2.94462
3.12319
3.30411
3.48596
3.66736
3.84667
4.02285
4.19508
4.36264
4.52503
4.68197
4.83332
4.97909
5.11951
5.25506
5.3864
5.5145
5.64225
859.092
519.953
545.346
799.485
1104.75
758.415
902.845
1175.75
978.98
143.056
1.64862
1.64219
1.70675
1.77108
1.85073
1.92812
2.02567
2.13223
2.24834
2.37114
2.50052
2.63646
2.77944
2.92936
3.08534
3.24591
3.40924
3.57283
3.7389
3.90376
4.06704
4.22806
4.38609
4.54054
4.691
4.83721
4.97906
5.11663
5.25029
5.38048
5.50796
5.63587
605.709
324.473
587.237
961.093
1035.33
609.258
535.585
1145.13
1234.8
1116.07
183.558
1.55706
1.78521
1.88048
1.97733
2.08327
2.20241
2.32362
2.44568
2.56656
2.68815
2.8122
2.94077
3.07497
3.21478
3.35936
3.50749
3.65846
3.80857
3.96044
4.1125
4.26376
4.41331
4.56043
4.70467
4.84568
4.98327
5.11747
5.24857
5.37682
5.50289
5.63002
338.33
318.652
375.6
890.42
1037.01
486.788
464.87
747.314
1219.25
1333.39
1043.35
81.9372
1.98249
2.05157
3.13419
3.76236
2.36731
2.51039
2.63592
2.75386
2.86604
2.97725
3.09081
3.20911
3.33296
3.46257
3.59805
3.73432
3.87294
4.01483
4.15787
4.30101
4.44317
4.5836
4.72189
4.85769
4.99079
5.12125
5.2493
5.37507
5.49908
5.62469
307.666
314.186
325.258
564.976
1048.78
620.267
472.865
831.152
1226.79
1339.5
1086.82
491.358
46.6173
2.29587
4.71863
5.38788
3.74064
2.7093
2.83285
2.94184
3.04007
3.1359
3.23306
3.33467
3.4476
3.5786
3.70374
3.82944
3.96004
4.0658
4.20167
4.3388
4.47486
4.60925
4.7418
4.87236
5.00082
5.12728
5.25197
5.37486
5.49633
5.61983
290.893
361.395
340.451
317.836
318.743
884.533
1016.98
1159.74
1225.2
977.521
161.98
432.157
271.992
2.60377
5.32447
5.67496
5.4897
2.93631
3.0483
3.132
3.21141
3.28979
3.36984
3.47734
3.63439
3.71412
3.75234
3.86619
3.98726
4.1148
4.2451
4.37729
4.50804
4.63677
4.76368
4.88895
5.01265
5.13497
5.2561
5.37581
5.49438
5.61535
276.444
328.02
327.098
288.791
174.781
274.022
829.587
1166.18
1157.57
231.537
64.1018
479.61
301.811
2.86455
5.63576
4.08215
3.06918
3.89819
3.32792
3.30637
3.37011
3.43203
3.50904
3.66397
3.75519
3.79467
3.82594
3.93385
4.04894
4.16959
4.29394
4.4193
4.54349
4.66592
4.78689
4.90675
5.02566
5.14381
5.26124
5.37757
5.49302
5.61118
254.633
293.226
292.048
263.724
121.778
42.5234
335.912
638.195
302.159
44.874
64.5456
549.822
213.458
3.00002
5.4715
3.08506
3.17736
3.32981
3.50076
3.45998
3.49612
3.54947
3.66872
3.75736
3.82226
3.9051
3.95124
3.99774
4.11648
4.23395
4.3496
4.46537
4.58097
4.69604
4.81068
4.92508
5.03929
5.15329
5.26698
5.37984
5.49206
5.60727
233.121
218.407
277.526
199.952
46.6056
30.6908
31.0895
41.5289
45.3234
47.7529
258.958
548.035
28.3138
2.98848
4.44901
3.3945
3.19582
3.28632
3.44766
3.48402
3.56388
3.62305
3.74746
3.79715
3.84929
3.92701
3.9657
4.06312
4.22643
4.30485
4.40725
4.51244
4.61854
4.72588
4.83424
4.94337
5.05304
5.16299
5.27296
5.38236
5.49136
5.60356
235.622
212.03
255.839
183.726
31.4131
31.0895
31.4149
33.4685
168.417
351.524
397.399
335.702
3.55005
4.99051
5.02711
3.38362
3.1135
3.18729
3.56641
3.69607
3.58363
3.65348
3.77773
3.8094
3.76379
3.81754
3.93048
4.17289
4.39721
4.51851
4.45976
4.55513
4.65302
4.75372
4.85655
4.96093
5.06639
5.17248
5.27887
5.38493
5.49079
5.60003
440.286
267.086
190.822
191.112
33.5351
30.2802
136.145
374.37
403.501
423.042
376.511
4.04586
3.7399
3.96025
3.14063
3.04597
3.02651
3.09797
3.9889
4.2196
3.58954
3.68901
3.79951
3.81187
3.7656
3.84188
3.95824
4.1192
4.44336
4.64737
4.61629
4.59137
4.68292
4.77857
4.87689
4.97719
5.07886
5.18138
5.28445
5.38738
5.49023
5.59662
484.391
469.721
134.149
53.263
49.759
24.8189
176.244
364.761
395.687
276.424
20.7362
3.41584
3.5593
3.34353
3.24573
3.19182
3.32638
3.84471
4.08034
4.15887
3.64353
3.73868
3.85293
3.82896
3.8212
3.89687
4.01299
4.16481
4.34706
4.68081
4.72435
4.61797
4.70681
4.79933
4.89441
4.99149
5.08998
5.1894
5.28949
5.38955
5.4896
5.59328
453.883
483.956
143.984
16.323
17.6115
15.1833
69.2939
152.919
107.005
11.014
2.49272
3.74464
3.4582
3.58048
3.54386
3.79146
4.08764
4.18104
4.27559
3.6821
3.75914
3.82912
3.87843
3.871
3.90872
3.97738
4.08482
4.21945
4.35757
4.6898
4.70531
4.6334
4.72422
4.81608
4.90932
5.00402
5.09985
5.19654
5.29394
5.39137
5.48885
5.58999
387.647
411.401
65.8241
9.79954
8.58301
8.12851
3.05585
-0.733652
2.74268
3.96567
3.25591
3.28728
3.72962
3.90263
3.86836
4.05841
4.46722
4.21223
3.85554
3.85353
3.89962
3.94025
3.95577
3.97647
4.01073
4.06311
4.14877
4.31543
4.42412
4.68175
4.61574
4.64216
4.7369
4.82922
4.92147
5.01438
5.10804
5.20245
5.29759
5.39276
5.48795
5.58677
172.202
40.8396
5.56143
3.33039
2.79745
3.1706
2.52899
2.38425
3.32593
3.82384
3.79455
4.03671
4.17845
4.16952
4.09957
4.04361
4.02553
3.99782
3.98044
4.00138
4.02906
4.05269
4.06926
4.08575
4.11251
4.15672
4.21737
4.36883
4.48265
4.55535
4.5529
4.65457
4.74951
4.84113
4.93215
5.0234
5.11514
5.20755
5.3007
5.39385
5.48699
5.58373
215.518
12.0626
1.66845
-1.19388
-1.10612
0.436265
2.19975
3.7375
4.40294
4.49851
4.46465
4.48002
4.48546
4.35541
4.21921
4.16044
4.1159
4.0978
4.09757
4.10926
4.12673
4.14438
4.17152
4.19726
4.20074
4.24385
4.26821
4.30635
4.4024
4.47861
4.57488
4.67092
4.76266
4.85236
4.9416
5.03101
5.12088
5.21151
5.30299
5.3945
5.48596
5.58088
284.447
21.9845
6.03181
-0.297242
-0.83359
0.663259
2.69625
4.23265
4.86007
4.76346
4.65607
4.57048
4.53212
4.36946
4.32521
4.28033
4.23781
4.20877
4.19499
4.19436
4.26255
4.38917
4.40808
4.34328
4.22455
4.25726
4.27353
4.33856
4.42192
4.51011
4.59916
4.68748
4.7746
4.86146
4.9487
5.03657
5.1251
5.21451
5.30479
5.39505
5.48515
5.57864
357.624
47.3552
20.2772
9.51686
3.20189
1.46179
2.64282
3.98119
4.48909
4.5414
4.45214
4.36493
4.41539
4.44334
4.43134
4.38932
4.3406
4.30016
4.27413
4.26356
4.30711
4.3478
4.32247
4.32237
4.55532
4.87798
4.92696
4.78208
4.43737
4.53026
4.61886
4.70343
4.78633
4.86976
4.95465
5.04093
5.12825
5.21663
5.30597
5.39531
5.48446
5.57691
549.371
181.709
61.0475
51.0671
49.3715
48.7617
52.6129
55.6749
59.8532
61.2059
27.752
4.12099
4.3594
4.47387
4.49464
4.45953
4.40799
4.36136
4.32711
4.31395
4.31346
4.32418
4.66961
4.8568
4.86132
4.89295
4.47658
4.38571
4.47065
4.55678
4.64011
4.71957
4.79764
4.87706
4.95919
5.04379
5.13012
5.21787
5.30672
5.39561
5.48431
5.57644
)
;

boundaryField
{
    leftWall
    {
        type            fixedFluxPressure;
        gradient        uniform 0;
        value           nonuniform List<scalar> 
46
(
980.917
990.239
1007.5
1009.78
1078.03
834.329
1018.92
1210.71
916.889
691.973
623.091
696.914
613.513
497.062
478.916
503.236
358.175
20.3991
-6.48141
-9.66776
-11.9561
-13.575
-13.7282
28.5182
75.468
80.1732
79.8153
13.7361
7.94681
8.37214
9.83819
10.7293
10.9155
10.7507
10.4076
9.97962
9.5204
9.05748
8.60485
8.16958
7.75387
7.35697
6.97676
6.61002
6.25372
5.90126
)
;
    }
    rightWall
    {
        type            fixedFluxPressure;
        gradient        uniform 0;
        value           nonuniform List<scalar> 
46
(
428.771
389.303
417.617
529.691
549.371
181.709
61.0475
51.0671
49.3715
48.7617
52.6129
55.6749
59.8532
61.2059
27.752
4.12099
4.3594
4.47387
4.49464
4.45953
4.40799
4.36136
4.32711
4.31395
4.31346
4.32418
4.66961
4.8568
4.86132
4.89295
4.47658
4.38571
4.47065
4.55678
4.64011
4.71957
4.79764
4.87706
4.95919
5.04379
5.13012
5.21787
5.30672
5.39561
5.48431
5.57644
)
;
    }
    lowerWall
    {
        type            fixedFluxPressure;
        gradient        uniform 0;
        value           nonuniform List<scalar> 
52
(
793.257
811.673
842.902
919.967
793.257
766.929
708.575
643.8
580.743
534.902
496.209
428.621
383.405
388.419
406.259
419.371
435.621
455.589
446.072
442.397
449.478
433.344
428.771
899.926
898.954
899.882
894.158
980.917
969.613
952.403
931.591
910.889
890.787
870.513
851.354
835.607
826.588
823.128
823.716
825.851
827.36
828.371
830.893
834.131
840.498
850.718
864.719
882.81
896.29
899.926
902.381
897.92
)
;
    }
    atmosphere
    {
        type            prghTotalPressure;
        rho             rho;
        psi             none;
        gamma           1;
        p0              uniform 0;
        value           nonuniform List<scalar> 
44
(
5.72904
5.72904
5.72904
5.72904
5.72904
5.72904
5.72904
5.72904
5.72904
5.72904
5.72904
5.72904
5.72904
5.72904
5.72904
5.72904
5.72904
5.72904
5.72904
5.72836
5.72658
5.72395
5.72064
5.71683
5.71252
5.70726
5.70134
5.69544
5.68968
5.68409
5.67862
5.67325
5.668
5.66292
5.658
5.65324
5.64862
5.6441
5.63969
5.6356
5.63173
5.62876
5.62629
5.62593
)
;
        rho             rho;
    }
    frontAndBack
    {
        type            empty;
    }
}


// ************************************************************************* //
