/*--------------------------------*- C++ -*----------------------------------*\
  =========                 |
  \\      /  F ield         | OpenFOAM: The Open Source CFD Toolbox
   \\    /   O peration     | Website:  https://openfoam.org
    \\  /    A nd           | Version:  13
     \\/     M anipulation  |
\*---------------------------------------------------------------------------*/
FoamFile
{
    format      ascii;
    class       volScalarField;
    location    "10";
    object      nut;
}
// * * * * * * * * * * * * * * * * * * * * * * * * * * * * * * * * * * * * * //

dimensions      [0 2 -1 0 0 0 0];

internalField   nonuniform List<scalar> 
400
(
1.84996e-07
4.85348e-07
2.1232e-06
4.78104e-06
6.69309e-06
8.11783e-06
9.24432e-06
1.0327e-05
1.12622e-05
1.22217e-05
1.31125e-05
1.40569e-05
1.49948e-05
1.55683e-05
1.58152e-05
1.57727e-05
1.44247e-05
1.10078e-05
6.62427e-06
4.60687e-06
8.26833e-07
3.5235e-06
6.2159e-06
1.30403e-05
1.69026e-05
2.29919e-05
2.68061e-05
3.20761e-05
3.62742e-05
4.02722e-05
4.32773e-05
4.54662e-05
4.62211e-05
4.69484e-05
4.63602e-05
4.42996e-05
4.28771e-05
3.32919e-05
1.80962e-05
9.8838e-06
2.85137e-06
1.23394e-05
2.11598e-05
2.75478e-05
3.39174e-05
4.00662e-05
4.49287e-05
5.0381e-05
5.3066e-05
5.60441e-05
5.76774e-05
5.88582e-05
5.91043e-05
5.91087e-05
5.80102e-05
5.4787e-05
5.14658e-05
4.44033e-05
2.46109e-05
1.3119e-05
6.31518e-06
2.42235e-05
3.14301e-05
3.78174e-05
4.39714e-05
4.91717e-05
5.34512e-05
5.76673e-05
6.03747e-05
6.31319e-05
6.42567e-05
6.5082e-05
6.54925e-05
6.55758e-05
6.48862e-05
6.18603e-05
5.61353e-05
5.23523e-05
3.31347e-05
1.52057e-05
8.86606e-06
3.09165e-05
3.80966e-05
4.38172e-05
5.01207e-05
5.58249e-05
6.06804e-05
6.39291e-05
6.54127e-05
6.53458e-05
6.51789e-05
6.56162e-05
6.6336e-05
6.72289e-05
6.81819e-05
6.82094e-05
6.1315e-05
5.63634e-05
3.99287e-05
1.67513e-05
1.0283e-05
3.47153e-05
4.14979e-05
4.90547e-05
5.58401e-05
6.13563e-05
6.42627e-05
6.41451e-05
6.35445e-05
6.32977e-05
6.32512e-05
6.35184e-05
6.40939e-05
6.53723e-05
6.75389e-05
7.00298e-05
6.6924e-05
5.99233e-05
4.63234e-05
1.80022e-05
1.05063e-05
3.5255e-05
4.50374e-05
5.32751e-05
5.91263e-05
6.24317e-05
6.33197e-05
6.23796e-05
6.1855e-05
6.1949e-05
6.22424e-05
6.27536e-05
6.28414e-05
6.33999e-05
6.55219e-05
6.94952e-05
7.21556e-05
6.34698e-05
5.15155e-05
1.89981e-05
1.03464e-05
3.61306e-05
4.75974e-05
5.50954e-05
6.0056e-05
6.22242e-05
6.21494e-05
6.12156e-05
6.1331e-05
6.22822e-05
6.33182e-05
6.38711e-05
6.37574e-05
6.36367e-05
6.41514e-05
6.79732e-05
7.41469e-05
6.67495e-05
5.64276e-05
1.9828e-05
9.94276e-06
3.58135e-05
4.80679e-05
5.55685e-05
6.00867e-05
6.17208e-05
6.13588e-05
6.08488e-05
6.18691e-05
6.36238e-05
6.5085e-05
6.56333e-05
6.50686e-05
6.42436e-05
6.42206e-05
6.63835e-05
7.32954e-05
7.06523e-05
6.00275e-05
2.04406e-05
9.18007e-06
3.55534e-05
4.80031e-05
5.55389e-05
5.98792e-05
6.12312e-05
6.09796e-05
6.09699e-05
6.25202e-05
6.45987e-05
6.60942e-05
6.6495e-05
6.61227e-05
6.55032e-05
6.49221e-05
6.58346e-05
7.11977e-05
7.39061e-05
6.33936e-05
2.0947e-05
8.3629e-06
3.38272e-05
4.65795e-05
5.45041e-05
5.89616e-05
6.07794e-05
6.0675e-05
6.07076e-05
6.18786e-05
6.37533e-05
6.54961e-05
6.61157e-05
6.61208e-05
6.58564e-05
6.58051e-05
6.62185e-05
7.03141e-05
7.59553e-05
6.5805e-05
2.12591e-05
7.64778e-06
3.15995e-05
4.54079e-05
5.37963e-05
5.85048e-05
5.99153e-05
6.03549e-05
6.04443e-05
6.12892e-05
6.26891e-05
6.39947e-05
6.43905e-05
6.48154e-05
6.56131e-05
6.60716e-05
6.66323e-05
6.98544e-05
7.73345e-05
6.76877e-05
2.14896e-05
6.88269e-06
2.78642e-05
4.22042e-05
5.11047e-05
5.67641e-05
5.94227e-05
5.99585e-05
6.00082e-05
6.03757e-05
6.1096e-05
6.21569e-05
6.25669e-05
6.33479e-05
6.47914e-05
6.64736e-05
6.70284e-05
6.95837e-05
7.81068e-05
6.79074e-05
2.16002e-05
6.16721e-06
2.52137e-05
3.94259e-05
4.84799e-05
5.49908e-05
5.86299e-05
5.93992e-05
5.954e-05
5.96527e-05
5.98742e-05
6.08476e-05
6.13893e-05
6.2479e-05
6.44067e-05
6.67271e-05
6.80689e-05
6.9502e-05
7.80964e-05
6.76495e-05
2.16635e-05
5.35911e-06
2.09814e-05
3.49503e-05
4.55179e-05
5.26221e-05
5.75797e-05
5.88451e-05
5.92041e-05
5.93783e-05
5.93853e-05
6.03674e-05
6.09133e-05
6.21246e-05
6.4146e-05
6.65133e-05
6.80538e-05
6.90361e-05
7.7017e-05
6.64683e-05
2.1181e-05
4.52171e-06
1.84311e-05
3.14756e-05
4.19115e-05
4.91303e-05
5.49695e-05
5.83131e-05
5.91909e-05
5.95915e-05
5.95114e-05
6.02041e-05
6.0619e-05
6.15656e-05
6.31314e-05
6.4923e-05
6.68416e-05
6.76292e-05
7.43211e-05
6.27138e-05
2.03564e-05
3.59851e-06
1.40536e-05
2.69454e-05
3.84093e-05
4.60895e-05
5.13966e-05
5.57447e-05
5.72741e-05
5.78106e-05
5.77322e-05
5.80312e-05
5.82936e-05
5.88819e-05
5.97783e-05
6.07946e-05
6.43482e-05
6.50638e-05
6.96769e-05
5.78094e-05
1.92477e-05
2.42204e-06
1.18295e-05
2.54862e-05
3.55321e-05
4.51296e-05
4.90636e-05
5.29473e-05
5.47391e-05
5.47362e-05
5.41581e-05
5.39636e-05
5.37781e-05
5.38881e-05
5.49978e-05
5.58644e-05
6.13745e-05
6.55316e-05
6.30937e-05
5.05511e-05
1.79539e-05
2.70093e-06
1.35103e-05
2.40635e-05
3.1603e-05
3.72406e-05
4.10211e-05
4.35832e-05
4.57596e-05
4.74923e-05
4.91492e-05
5.09944e-05
5.28797e-05
5.54594e-05
5.93768e-05
6.31482e-05
7.01937e-05
6.71419e-05
6.09597e-05
4.41541e-05
1.59595e-05
1.95529e-06
3.02882e-06
5.34012e-06
7.6112e-06
9.36851e-06
1.0523e-05
1.11967e-05
1.16053e-05
1.1823e-05
1.19687e-05
1.20454e-05
1.21732e-05
1.23122e-05
1.25064e-05
1.28291e-05
1.32265e-05
1.38947e-05
1.46895e-05
1.4545e-05
1.29549e-05
)
;

boundaryField
{
    movingWall
    {
        type            nutkWallFunction;
        Cmu             0.09;
        kappa           0.41;
        E               9.8;
        value           uniform 0;
    }
    fixedWalls
    {
        type            nutkWallFunction;
        Cmu             0.09;
        kappa           0.41;
        E               9.8;
        value           uniform 0;
    }
    frontAndBack
    {
        type            empty;
    }
}


// ************************************************************************* //
