/*--------------------------------*- C++ -*----------------------------------*\
  =========                 |
  \\      /  F ield         | OpenFOAM: The Open Source CFD Toolbox
   \\    /   O peration     | Website:  https://openfoam.org
    \\  /    A nd           | Version:  13
     \\/     M anipulation  |
\*---------------------------------------------------------------------------*/
FoamFile
{
    format      ascii;
    class       volVectorField;
    location    "10";
    object      U;
}
// * * * * * * * * * * * * * * * * * * * * * * * * * * * * * * * * * * * * * //

dimensions      [0 1 -1 0 0 0 0];

internalField   nonuniform List<vector> 
400
(
(0.00243457 -0.00341811 0)
(0.00338395 -0.00124721 0)
(-0.00400879 0.00383731 0)
(-0.0211773 0.00939765 0)
(-0.0563798 0.01384 0)
(-0.0829637 0.0120439 0)
(-0.10676 0.0104727 0)
(-0.124652 0.00806173 0)
(-0.138919 0.00601778 0)
(-0.148608 0.00363471 0)
(-0.154346 0.00167838 0)
(-0.156493 -0.000455178 0)
(-0.154679 -0.00380162 0)
(-0.147622 -0.00612151 0)
(-0.135778 -0.00953176 0)
(-0.117608 -0.0122182 0)
(-0.0941279 -0.015414 0)
(-0.0657474 -0.016633 0)
(-0.0356881 -0.0141256 0)
(-0.00865853 -0.00181396 0)
(-0.00168993 -0.00379466 0)
(-0.0106752 0.0102228 0)
(-0.0351524 0.0282822 0)
(-0.0647697 0.0390161 0)
(-0.0897229 0.0384066 0)
(-0.10963 0.0347784 0)
(-0.126678 0.0294616 0)
(-0.139217 0.0237439 0)
(-0.149746 0.0171557 0)
(-0.156853 0.011121 0)
(-0.16103 0.00524158 0)
(-0.161631 -0.000566961 0)
(-0.158697 -0.00693244 0)
(-0.152078 -0.0139208 0)
(-0.141244 -0.022283 0)
(-0.125483 -0.0319683 0)
(-0.104805 -0.0426962 0)
(-0.0793608 -0.051763 0)
(-0.0493092 -0.0523575 0)
(-0.0174313 -0.0309396 0)
(-0.00836756 0.0121944 0)
(-0.0306053 0.0376452 0)
(-0.0563625 0.053937 0)
(-0.0794299 0.0594383 0)
(-0.0972518 0.0563365 0)
(-0.111744 0.0497171 0)
(-0.123393 0.0410606 0)
(-0.132184 0.0317613 0)
(-0.138619 0.0231288 0)
(-0.141697 0.0145994 0)
(-0.142974 0.00606873 0)
(-0.141939 -0.00253752 0)
(-0.139114 -0.0114818 0)
(-0.133232 -0.0212446 0)
(-0.124539 -0.0324835 0)
(-0.112164 -0.0456178 0)
(-0.095794 -0.0609109 0)
(-0.0751249 -0.0770478 0)
(-0.0491457 -0.0873054 0)
(-0.0204816 -0.0731284 0)
(-0.0126785 0.0349548 0)
(-0.0370944 0.0607442 0)
(-0.0598715 0.0740179 0)
(-0.0774909 0.0761453 0)
(-0.090445 0.0705678 0)
(-0.10069 0.0614813 0)
(-0.108145 0.0504027 0)
(-0.113463 0.0388719 0)
(-0.116739 0.0276436 0)
(-0.118515 0.0166861 0)
(-0.118781 0.00616708 0)
(-0.117464 -0.00436754 0)
(-0.114495 -0.0153162 0)
(-0.109596 -0.0273023 0)
(-0.102735 -0.0409633 0)
(-0.0934622 -0.0569028 0)
(-0.0810491 -0.0753199 0)
(-0.0646905 -0.0953642 0)
(-0.0429588 -0.11209 0)
(-0.0188506 -0.107346 0)
(-0.0131328 0.0566136 0)
(-0.0355435 0.0814362 0)
(-0.054055 0.0910436 0)
(-0.0676454 0.0897489 0)
(-0.0773464 0.0813112 0)
(-0.0845607 0.0695838 0)
(-0.0894098 0.0562238 0)
(-0.0927588 0.0427765 0)
(-0.0947177 0.0298623 0)
(-0.0955194 0.0175223 0)
(-0.0951143 0.00561815 0)
(-0.0935259 -0.00626995 0)
(-0.0906989 -0.0185877 0)
(-0.0865877 -0.0320163 0)
(-0.0811803 -0.0473113 0)
(-0.0743167 -0.0653011 0)
(-0.0653127 -0.0865653 0)
(-0.0528613 -0.110732 0)
(-0.0351208 -0.133516 0)
(-0.0163262 -0.136103 0)
(-0.0112325 0.0767552 0)
(-0.0298503 0.0996424 0)
(-0.044335 0.105379 0)
(-0.0548741 0.100538 0)
(-0.0621303 0.0891463 0)
(-0.0672959 0.0749824 0)
(-0.0706578 0.0598169 0)
(-0.072947 0.0450278 0)
(-0.0741727 0.0309914 0)
(-0.0744831 0.017611 0)
(-0.0738742 0.00464347 0)
(-0.0723466 -0.0082883 0)
(-0.069863 -0.021641 0)
(-0.066439 -0.0360448 0)
(-0.0621337 -0.0522854 0)
(-0.0569496 -0.0713342 0)
(-0.0505483 -0.0941805 0)
(-0.0417498 -0.121228 0)
(-0.029832 -0.150152 0)
(-0.0102382 -0.159615 0)
(-0.0092273 0.0939141 0)
(-0.0226708 0.114351 0)
(-0.0336709 0.116844 0)
(-0.0415219 0.108789 0)
(-0.0468142 0.0948955 0)
(-0.0505563 0.0788157 0)
(-0.0530115 0.0623253 0)
(-0.0546922 0.0465433 0)
(-0.0555867 0.0316457 0)
(-0.0558149 0.0174594 0)
(-0.0553508 0.00367405 0)
(-0.0541532 -0.0101097 0)
(-0.0521735 -0.0243328 0)
(-0.0494377 -0.039533 0)
(-0.0460546 -0.0564465 0)
(-0.0421237 -0.0761384 0)
(-0.0375693 -0.0998866 0)
(-0.031307 -0.129052 0)
(-0.0243538 -0.162142 0)
(-0.00753913 -0.179303 0)
(-0.00629882 0.106955 0)
(-0.0152738 0.125559 0)
(-0.0231883 0.125409 0)
(-0.0285898 0.114869 0)
(-0.0322393 0.0991455 0)
(-0.0348833 0.0816875 0)
(-0.0367011 0.064237 0)
(-0.0380109 0.047715 0)
(-0.0387901 0.0321907 0)
(-0.0391098 0.0174181 0)
(-0.0389222 0.00301415 0)
(-0.0381638 -0.0114428 0)
(-0.0367796 -0.0263661 0)
(-0.0347973 -0.0421964 0)
(-0.0323512 -0.0595517 0)
(-0.0296136 -0.079518 0)
(-0.0266923 -0.103679 0)
(-0.022638 -0.134224 0)
(-0.0199679 -0.170464 0)
(-0.00358639 -0.194844 0)
(-0.00398523 0.115146 0)
(-0.00836807 0.132661 0)
(-0.0132498 0.130876 0)
(-0.0163865 0.118919 0)
(-0.0185657 0.102064 0)
(-0.0202619 0.083755 0)
(-0.0215341 0.0656983 0)
(-0.0225428 0.0486902 0)
(-0.0232458 0.0327528 0)
(-0.0236661 0.0175804 0)
(-0.0237536 0.00273663 0)
(-0.0234505 -0.0122165 0)
(-0.0227116 -0.0276658 0)
(-0.0215553 -0.0439669 0)
(-0.0201279 -0.0615878 0)
(-0.0186439 -0.0815632 0)
(-0.0173857 -0.10581 0)
(-0.0150866 -0.137218 0)
(-0.016464 -0.175816 0)
(-0.00135808 -0.207337 0)
(-0.000646723 0.118818 0)
(-0.00183481 0.136657 0)
(-0.00393978 0.13381 0)
(-0.00487247 0.121121 0)
(-0.00565424 0.103793 0)
(-0.00641913 0.0850962 0)
(-0.00711835 0.066746 0)
(-0.0077924 0.049483 0)
(-0.00837196 0.0333197 0)
(-0.00884392 0.0179223 0)
(-0.0091699 0.00282749 0)
(-0.00931625 -0.0124131 0)
(-0.00926377 -0.0281687 0)
(-0.00902741 -0.0447277 0)
(-0.00874161 -0.0624136 0)
(-0.00862813 -0.0821488 0)
(-0.00926678 -0.106128 0)
(-0.00838343 -0.13795 0)
(-0.013681 -0.178355 0)
(0.00166125 -0.21669 0)
(0.00172043 0.117447 0)
(0.00408786 0.136702 0)
(0.00511141 0.133755 0)
(0.0062096 0.121352 0)
(0.00679517 0.104121 0)
(0.00701366 0.0855516 0)
(0.00696483 0.0672722 0)
(0.00670433 0.0500143 0)
(0.0063226 0.0338273 0)
(0.0058543 0.0183952 0)
(0.00532293 0.00326034 0)
(0.0047335 -0.0120267 0)
(0.00406971 -0.0278246 0)
(0.00331466 -0.0443882 0)
(0.00232712 -0.0619235 0)
(0.000956732 -0.0811992 0)
(-0.00175327 -0.104579 0)
(-0.00213929 -0.13641 0)
(-0.0115158 -0.178845 0)
(0.0040322 -0.223507 0)
(0.00379227 0.112949 0)
(0.00999329 0.133802 0)
(0.0134915 0.131644 0)
(0.0167818 0.120336 0)
(0.0189445 0.103453 0)
(0.020295 0.0852795 0)
(0.0210547 0.0673034 0)
(0.0213353 0.05026 0)
(0.0212469 0.0342429 0)
(0.0208414 0.0189772 0)
(0.0201312 0.00403288 0)
(0.0190987 -0.0110334 0)
(0.0176851 -0.0265776 0)
(0.0158756 -0.042847 0)
(0.0134841 -0.0599733 0)
(0.0104818 -0.0785812 0)
(0.00568204 -0.101038 0)
(0.00393724 -0.132543 0)
(-0.00962419 -0.177239 0)
(0.00753489 -0.227729 0)
(0.0061196 0.103777 0)
(0.0153681 0.127233 0)
(0.0218728 0.126339 0)
(0.0269839 0.116843 0)
(0.0309559 0.101059 0)
(0.0336134 0.0837458 0)
(0.0353721 0.0664709 0)
(0.0363679 0.0499785 0)
(0.0367082 0.0344249 0)
(0.0364532 0.0196005 0)
(0.0356066 0.00513102 0)
(0.03414 -0.00940221 0)
(0.0319426 -0.0243448 0)
(0.0290114 -0.0399654 0)
(0.0250592 -0.0563712 0)
(0.020347 -0.0740934 0)
(0.0134272 -0.0953526 0)
(0.00988616 -0.12653 0)
(-0.00770439 -0.174053 0)
(0.0114843 -0.23014 0)
(0.00793782 0.0912111 0)
(0.0202142 0.11868 0)
(0.0293729 0.120042 0)
(0.0365981 0.11199 0)
(0.0425738 0.0976339 0)
(0.0468966 0.0813579 0)
(0.0499669 0.0649751 0)
(0.0519368 0.049254 0)
(0.0529037 0.0344012 0)
(0.0529367 0.0202751 0)
(0.0520268 0.00657103 0)
(0.0501486 -0.00709995 0)
(0.047125 -0.0210651 0)
(0.0430162 -0.0356317 0)
(0.0373559 -0.0509526 0)
(0.0308423 -0.0675422 0)
(0.0215149 -0.0874962 0)
(0.0160524 -0.118739 0)
(-0.00534566 -0.169558 0)
(0.0165638 -0.231107 0)
(0.00977649 0.0747312 0)
(0.0242586 0.105719 0)
(0.0357916 0.109866 0)
(0.0453591 0.103672 0)
(0.053542 0.0913424 0)
(0.0599246 0.076744 0)
(0.0646797 0.0618081 0)
(0.0679415 0.0473716 0)
(0.0697856 0.0336954 0)
(0.0702999 0.0207086 0)
(0.0694501 0.00819455 0)
(0.0672293 -0.00419782 0)
(0.0633613 -0.0167255 0)
(0.0580652 -0.0297679 0)
(0.0505723 -0.0435443 0)
(0.042144 -0.0587364 0)
(0.030038 -0.07736 0)
(0.0226433 -0.109022 0)
(-0.0030258 -0.163924 0)
(0.0222819 -0.231572 0)
(0.00975896 0.0559145 0)
(0.0265023 0.0922765 0)
(0.0399684 0.0992888 0)
(0.0519765 0.0946339 0)
(0.0628856 0.0840761 0)
(0.0719388 0.0712125 0)
(0.0789049 0.0578562 0)
(0.0838719 0.0448925 0)
(0.0869205 0.0326429 0)
(0.0881819 0.02108 0)
(0.0875742 0.0100894 0)
(0.0851869 -0.000698936 0)
(0.0805551 -0.011358 0)
(0.0742132 -0.0224135 0)
(0.0648673 -0.0341358 0)
(0.0545961 -0.0475621 0)
(0.0394995 -0.064653 0)
(0.030112 -0.097017 0)
(-0.000803863 -0.156684 0)
(0.0292798 -0.22892 0)
(0.00887992 0.0363204 0)
(0.0254707 0.0731228 0)
(0.0410614 0.0821501 0)
(0.0560078 0.07959 0)
(0.0700569 0.0715229 0)
(0.0822617 0.0613046 0)
(0.091903 0.0504463 0)
(0.0989655 0.0397845 0)
(0.103505 0.0297425 0)
(0.105798 0.0203155 0)
(0.105592 0.0114976 0)
(0.103383 0.00292948 0)
(0.0982984 -0.00538018 0)
(0.091485 -0.0139979 0)
(0.0806839 -0.0230722 0)
(0.0692717 -0.0342864 0)
(0.0513381 -0.0492847 0)
(0.0398787 -0.0823657 0)
(0.00340901 -0.145867 0)
(0.0388954 -0.217958 0)
(-0.00200136 0.0228449 0)
(0.0183349 0.0587648 0)
(0.0357865 0.0669336 0)
(0.0543628 0.0653683 0)
(0.0723808 0.0592469 0)
(0.0881423 0.0513872 0)
(0.100911 0.0430046 0)
(0.11064 0.0346516 0)
(0.117241 0.0268164 0)
(0.121286 0.0195527 0)
(0.12226 0.0129554 0)
(0.121224 0.00671049 0)
(0.116729 0.000927082 0)
(0.111072 -0.00513106 0)
(0.100367 -0.0112195 0)
(0.0898351 -0.0197554 0)
(0.0701627 -0.0320987 0)
(0.0579106 -0.063965 0)
(0.0174816 -0.126266 0)
(0.0558634 -0.18866 0)
(-0.0144528 0.0286671 0)
(-0.00192065 0.0306441 0)
(0.0236444 0.0339635 0)
(0.0493069 0.0348674 0)
(0.0723735 0.0331507 0)
(0.0925481 0.0294358 0)
(0.10928 0.0250712 0)
(0.122738 0.0206671 0)
(0.132644 0.0165485 0)
(0.139804 0.0126498 0)
(0.143651 0.00925752 0)
(0.145509 0.00580954 0)
(0.143956 0.00300577 0)
(0.141253 -0.000773963 0)
(0.133548 -0.00363867 0)
(0.126598 -0.00989044 0)
(0.108997 -0.0182016 0)
(0.100364 -0.0444003 0)
(0.0601244 -0.0909943 0)
(0.089648 -0.134371 0)
(0.0435017 0.036953 0)
(0.048845 0.0292962 0)
(0.0697861 0.026662 0)
(0.0990579 0.0263258 0)
(0.125591 0.0254703 0)
(0.149999 0.0236103 0)
(0.171576 0.0212437 0)
(0.190634 0.0188891 0)
(0.206438 0.016614 0)
(0.219765 0.0146182 0)
(0.230084 0.0127193 0)
(0.238323 0.0111436 0)
(0.243919 0.00947202 0)
(0.247794 0.00811094 0)
(0.248676 0.00593979 0)
(0.247543 0.00384287 0)
(0.236103 0.00285604 0)
(0.224115 -0.00730454 0)
(0.174567 -0.0116686 0)
(0.161936 -0.0554115 0)
)
;

boundaryField
{
    movingWall
    {
        type            fixedValue;
        value           uniform (1 0 0);
    }
    fixedWalls
    {
        type            noSlip;
    }
    frontAndBack
    {
        type            empty;
    }
}


// ************************************************************************* //
