/*--------------------------------*- C++ -*----------------------------------*\
  =========                 |
  \\      /  F ield         | OpenFOAM: The Open Source CFD Toolbox
   \\    /   O peration     | Website:  https://openfoam.org
    \\  /    A nd           | Version:  13
     \\/     M anipulation  |
\*---------------------------------------------------------------------------*/
FoamFile
{
    format      ascii;
    class       volScalarField;
    location    "10";
    object      Uy;
}
// * * * * * * * * * * * * * * * * * * * * * * * * * * * * * * * * * * * * * //

dimensions      [0 1 -1 0 0 0 0];

internalField   nonuniform List<scalar> 
400
(
-0.00341811
-0.00124721
0.00383731
0.00939765
0.01384
0.0120439
0.0104727
0.00806173
0.00601778
0.00363471
0.00167838
-0.000455178
-0.00380162
-0.00612151
-0.00953176
-0.0122182
-0.015414
-0.016633
-0.0141256
-0.00181396
-0.00379466
0.0102228
0.0282822
0.0390161
0.0384066
0.0347784
0.0294616
0.0237439
0.0171557
0.011121
0.00524158
-0.000566961
-0.00693244
-0.0139208
-0.022283
-0.0319683
-0.0426962
-0.051763
-0.0523575
-0.0309396
0.0121944
0.0376452
0.053937
0.0594383
0.0563365
0.0497171
0.0410606
0.0317613
0.0231288
0.0145994
0.00606873
-0.00253752
-0.0114818
-0.0212446
-0.0324835
-0.0456178
-0.0609109
-0.0770478
-0.0873054
-0.0731284
0.0349548
0.0607442
0.0740179
0.0761453
0.0705678
0.0614813
0.0504027
0.0388719
0.0276436
0.0166861
0.00616708
-0.00436754
-0.0153162
-0.0273023
-0.0409633
-0.0569028
-0.0753199
-0.0953642
-0.11209
-0.107346
0.0566136
0.0814362
0.0910436
0.0897489
0.0813112
0.0695838
0.0562238
0.0427765
0.0298623
0.0175223
0.00561815
-0.00626995
-0.0185877
-0.0320163
-0.0473113
-0.0653011
-0.0865653
-0.110732
-0.133516
-0.136103
0.0767552
0.0996424
0.105379
0.100538
0.0891463
0.0749824
0.0598169
0.0450278
0.0309914
0.017611
0.00464347
-0.0082883
-0.021641
-0.0360448
-0.0522854
-0.0713342
-0.0941805
-0.121228
-0.150152
-0.159615
0.0939141
0.114351
0.116844
0.108789
0.0948955
0.0788157
0.0623253
0.0465433
0.0316457
0.0174594
0.00367405
-0.0101097
-0.0243328
-0.039533
-0.0564465
-0.0761384
-0.0998866
-0.129052
-0.162142
-0.179303
0.106955
0.125559
0.125409
0.114869
0.0991455
0.0816875
0.064237
0.047715
0.0321907
0.0174181
0.00301415
-0.0114428
-0.0263661
-0.0421964
-0.0595517
-0.079518
-0.103679
-0.134224
-0.170464
-0.194844
0.115146
0.132661
0.130876
0.118919
0.102064
0.083755
0.0656983
0.0486902
0.0327528
0.0175804
0.00273663
-0.0122165
-0.0276658
-0.0439669
-0.0615878
-0.0815632
-0.10581
-0.137218
-0.175816
-0.207337
0.118818
0.136657
0.13381
0.121121
0.103793
0.0850962
0.066746
0.049483
0.0333197
0.0179223
0.00282749
-0.0124131
-0.0281687
-0.0447277
-0.0624136
-0.0821488
-0.106128
-0.13795
-0.178355
-0.21669
0.117447
0.136702
0.133755
0.121352
0.104121
0.0855516
0.0672722
0.0500143
0.0338273
0.0183952
0.00326034
-0.0120267
-0.0278246
-0.0443882
-0.0619235
-0.0811992
-0.104579
-0.13641
-0.178845
-0.223507
0.112949
0.133802
0.131644
0.120336
0.103453
0.0852795
0.0673034
0.05026
0.0342429
0.0189772
0.00403288
-0.0110334
-0.0265776
-0.042847
-0.0599733
-0.0785812
-0.101038
-0.132543
-0.177239
-0.227729
0.103777
0.127233
0.126339
0.116843
0.101059
0.0837458
0.0664709
0.0499785
0.0344249
0.0196005
0.00513102
-0.00940221
-0.0243448
-0.0399654
-0.0563712
-0.0740934
-0.0953526
-0.12653
-0.174053
-0.23014
0.0912111
0.11868
0.120042
0.11199
0.0976339
0.0813579
0.0649751
0.049254
0.0344012
0.0202751
0.00657103
-0.00709995
-0.0210651
-0.0356317
-0.0509526
-0.0675422
-0.0874962
-0.118739
-0.169558
-0.231107
0.0747312
0.105719
0.109866
0.103672
0.0913424
0.076744
0.0618081
0.0473716
0.0336954
0.0207086
0.00819455
-0.00419782
-0.0167255
-0.0297679
-0.0435443
-0.0587364
-0.07736
-0.109022
-0.163924
-0.231572
0.0559145
0.0922765
0.0992888
0.0946339
0.0840761
0.0712125
0.0578562
0.0448925
0.0326429
0.02108
0.0100894
-0.000698936
-0.011358
-0.0224135
-0.0341358
-0.0475621
-0.064653
-0.097017
-0.156684
-0.22892
0.0363204
0.0731228
0.0821501
0.07959
0.0715229
0.0613046
0.0504463
0.0397845
0.0297425
0.0203155
0.0114976
0.00292948
-0.00538018
-0.0139979
-0.0230722
-0.0342864
-0.0492847
-0.0823657
-0.145867
-0.217958
0.0228449
0.0587648
0.0669336
0.0653683
0.0592469
0.0513872
0.0430046
0.0346516
0.0268164
0.0195527
0.0129554
0.00671049
0.000927082
-0.00513106
-0.0112195
-0.0197554
-0.0320987
-0.063965
-0.126266
-0.18866
0.0286671
0.0306441
0.0339635
0.0348674
0.0331507
0.0294358
0.0250712
0.0206671
0.0165485
0.0126498
0.00925752
0.00580954
0.00300577
-0.000773963
-0.00363867
-0.00989044
-0.0182016
-0.0444003
-0.0909943
-0.134371
0.036953
0.0292962
0.026662
0.0263258
0.0254703
0.0236103
0.0212437
0.0188891
0.016614
0.0146182
0.0127193
0.0111436
0.00947202
0.00811094
0.00593979
0.00384287
0.00285604
-0.00730454
-0.0116686
-0.0554115
)
;

boundaryField
{
    movingWall
    {
        type            calculated;
        value           uniform 0;
    }
    fixedWalls
    {
        type            calculated;
        value           uniform 0;
    }
    frontAndBack
    {
        type            empty;
    }
}


// ************************************************************************* //
