/*--------------------------------*- C++ -*----------------------------------*\
  =========                 |
  \\      /  F ield         | OpenFOAM: The Open Source CFD Toolbox
   \\    /   O peration     | Website:  https://openfoam.org
    \\  /    A nd           | Version:  13
     \\/     M anipulation  |
\*---------------------------------------------------------------------------*/
FoamFile
{
    format      ascii;
    class       volScalarField;
    location    "0.0055";
    object      mag(U);
}
// * * * * * * * * * * * * * * * * * * * * * * * * * * * * * * * * * * * * * //

dimensions      [0 1 -1 0 0 0 0];

internalField   nonuniform List<scalar> 
8000
(
108.49
110.075
111.103
112.487
113.871
115.4
117
118.684
120.419
122.196
124.004
125.848
127.738
129.677
131.658
133.657
135.642
137.583
139.456
141.248
142.961
144.606
146.203
147.771
149.322
150.863
152.387
153.879
155.323
156.707
158.024
159.282
160.491
161.672
162.845
164.034
165.258
166.535
167.878
169.295
170.791
172.371
174.036
175.788
177.631
179.568
181.603
183.738
185.977
188.322
190.775
193.335
196.002
198.773
201.647
204.619
207.687
210.847
214.095
217.428
220.844
224.34
227.912
231.559
235.276
239.06
242.909
246.82
250.789
254.816
258.899
263.038
267.234
271.489
275.806
280.19
284.643
289.173
293.783
298.479
303.266
308.148
313.132
318.221
323.419
328.732
334.162
339.716
345.396
351.208
357.157
363.249
369.487
375.884
382.441
389.174
396.084
403.19
410.495
418.023
425.776
433.786
442.054
450.623
459.493
468.721
478.307
488.33
498.787
509.793
521.34
533.601
546.555
560.475
575.309
591.507
608.934
628.34
649.398
673.136
108.692
110.272
111.248
112.577
113.933
115.45
117.046
118.728
120.459
122.227
124.022
125.846
127.71
129.616
131.556
133.509
135.447
137.34
139.17
140.926
142.612
144.24
145.827
147.392
148.946
150.494
152.028
153.533
154.996
156.403
157.747
159.03
160.261
161.462
162.653
163.858
165.098
166.389
167.746
169.176
170.685
172.276
173.952
175.714
177.566
179.511
181.552
183.691
185.934
188.281
190.734
193.295
195.962
198.733
201.607
204.58
207.649
210.81
214.06
217.396
220.814
224.312
227.887
231.535
235.254
239.041
242.892
246.804
250.776
254.806
258.892
263.034
267.235
271.494
275.817
280.205
284.664
289.199
293.814
298.515
303.307
308.194
313.182
318.275
323.477
328.793
334.227
339.784
345.466
351.282
357.233
363.328
369.57
375.97
382.53
389.265
396.179
403.288
410.597
418.128
425.885
433.898
442.171
450.743
459.617
468.85
478.441
488.469
498.932
509.944
521.497
533.765
546.727
560.655
575.501
591.707
609.153
628.566
649.65
673.371
108.797
110.399
111.325
112.601
113.915
115.402
116.977
118.642
120.358
122.11
123.886
125.687
127.522
129.394
131.294
133.204
135.099
136.957
138.761
140.507
142.198
143.844
145.457
147.048
148.621
150.175
151.704
153.199
154.646
156.037
157.37
158.65
159.886
161.097
162.301
163.521
164.776
166.083
167.455
168.9
170.424
172.031
173.721
175.498
177.363
179.319
181.369
183.517
185.766
188.118
190.576
193.139
195.808
198.582
201.458
204.434
207.505
210.669
213.923
217.262
220.684
224.185
227.763
231.415
235.137
238.926
242.78
246.694
250.668
254.699
258.787
262.931
267.133
271.395
275.719
280.11
284.572
289.109
293.727
298.431
303.225
308.115
313.106
318.201
323.406
328.724
334.16
339.719
345.403
351.22
357.172
363.267
369.51
375.91
382.471
389.206
396.119
403.228
410.536
418.066
425.822
433.834
442.105
450.675
459.547
468.777
478.366
488.39
498.851
509.859
521.412
533.675
546.64
560.567
575.428
591.646
609.143
628.61
649.838
673.745
108.733
110.343
111.22
112.442
113.71
115.165
116.714
118.36
120.06
121.797
123.556
125.339
127.152
128.996
130.864
132.739
134.598
136.42
138.194
139.914
141.587
143.223
144.832
146.423
147.999
149.556
151.088
152.583
154.033
155.431
156.777
158.074
159.332
160.566
161.795
163.04
164.32
165.65
167.044
168.51
170.054
171.678
173.386
175.179
177.059
179.028
181.091
183.249
185.508
187.868
190.332
192.902
195.578
198.358
201.24
204.223
207.301
210.473
213.734
217.081
220.51
224.018
227.602
231.259
234.986
238.779
242.635
246.552
250.527
254.56
258.649
262.795
266.998
271.262
275.589
279.983
284.448
288.988
293.61
298.318
303.116
308.01
313.004
318.102
323.31
328.631
334.07
339.631
345.317
351.135
357.089
363.186
369.429
375.83
382.391
389.127
396.04
403.148
410.456
417.985
425.74
433.75
442.02
450.588
459.459
468.686
478.272
488.293
498.752
509.756
521.307
533.567
546.537
560.463
575.344
591.575
609.135
628.666
650.066
674.173
108.448
110.061
110.899
112.081
113.306
114.732
116.259
117.89
119.576
121.302
123.05
124.821
126.617
128.438
130.278
132.117
133.938
135.723
137.463
139.157
140.811
142.437
144.043
145.634
147.212
148.77
150.302
151.8
153.254
154.66
156.017
157.33
158.609
159.869
161.127
162.4
163.709
165.067
166.488
167.979
169.547
171.195
172.925
174.738
176.638
178.627
180.707
182.882
185.156
187.53
190.008
192.59
195.278
198.069
200.963
203.956
207.045
210.226
213.497
216.853
220.29
223.806
227.396
231.059
234.79
238.586
242.446
246.366
250.344
254.379
258.471
262.62
266.827
271.095
275.427
279.826
284.297
288.843
293.471
298.185
302.989
307.889
312.889
317.993
323.206
328.532
333.975
339.539
345.229
351.05
357.007
363.106
369.352
375.754
382.317
389.053
395.967
403.076
410.384
417.913
425.668
433.678
441.947
450.514
459.384
468.608
478.194
488.212
498.67
509.671
521.224
533.481
546.458
560.386
575.293
591.545
609.186
628.8
650.421
674.791
107.939
109.556
110.369
111.529
112.719
114.124
115.632
117.249
118.924
120.639
122.378
124.137
125.918
127.719
129.529
131.334
133.116
134.862
136.564
138.225
139.851
141.453
143.041
144.619
146.189
147.743
149.275
150.775
152.237
153.657
155.034
156.373
157.683
158.977
160.271
161.582
162.928
164.322
165.777
167.301
168.9
170.578
172.336
174.178
176.105
178.119
180.223
182.422
184.716
187.111
189.608
192.208
194.911
197.718
200.625
203.631
206.732
209.925
213.206
216.572
220.018
223.542
227.14
230.81
234.547
238.35
242.215
246.14
250.124
254.164
258.262
262.417
266.63
270.904
275.243
279.649
284.126
288.68
293.315
298.035
302.846
307.752
312.758
317.868
323.085
328.416
333.862
339.43
345.123
350.947
356.906
363.007
369.255
375.658
382.223
388.96
395.875
402.984
410.292
417.821
425.575
433.584
441.852
450.416
459.285
468.506
478.09
488.105
498.562
509.558
521.112
533.365
546.349
560.279
575.215
591.49
609.223
628.937
650.818
675.508
107.217
108.84
109.645
110.797
111.962
113.349
114.841
116.446
118.11
119.814
121.541
123.289
125.056
126.836
128.618
130.389
132.132
133.837
135.501
137.127
138.724
140.303
141.872
143.437
144.995
146.542
148.069
149.57
151.039
152.472
153.868
155.233
156.574
157.905
159.24
160.593
161.981
163.417
164.912
166.475
168.111
169.825
171.619
173.495
175.456
177.503
179.639
181.867
184.19
186.611
189.132
191.754
194.478
197.303
200.228
203.249
206.365
209.571
212.865
216.242
219.699
223.233
226.842
230.521
234.267
238.078
241.951
245.884
249.874
253.922
258.026
262.188
266.408
270.689
275.035
279.448
283.933
288.494
293.137
297.865
302.683
307.596
312.608
317.724
322.948
328.283
333.735
339.308
345.005
350.832
356.794
362.898
369.148
375.553
382.119
388.857
395.774
402.883
410.192
417.72
425.474
433.481
441.748
450.31
459.177
468.395
477.977
487.987
498.442
509.433
520.987
533.236
546.228
560.16
575.125
591.427
609.261
629.088
651.267
676.329
106.287
107.921
108.73
109.888
111.04
112.419
113.899
115.493
117.144
118.835
120.55
122.284
124.035
125.793
127.548
129.284
130.988
132.653
134.277
135.866
137.429
138.978
140.521
142.063
143.602
145.134
146.653
148.153
149.628
151.074
152.494
153.889
155.268
156.642
158.022
159.424
160.861
162.345
163.887
165.496
167.177
168.934
170.772
172.69
174.693
176.78
178.955
181.22
183.578
186.031
188.582
191.231
193.98
196.828
199.772
202.812
205.945
209.167
212.475
215.867
219.338
222.886
226.507
230.197
233.955
237.776
241.659
245.601
249.6
253.655
257.767
261.936
266.164
270.453
274.807
279.229
283.722
288.292
292.943
297.68
302.506
307.428
312.448
317.571
322.801
328.143
333.6
339.177
344.878
350.71
356.675
362.781
369.033
375.441
382.008
388.747
395.664
402.773
410.082
417.609
425.362
433.367
441.633
450.192
459.057
468.271
477.85
487.855
498.308
509.293
520.847
533.092
546.09
560.024
575.02
591.351
609.292
629.246
651.752
677.235
105.185
106.832
107.652
108.824
109.973
111.348
112.82
114.404
116.04
117.714
119.412
121.13
122.861
124.597
126.322
128.024
129.69
131.316
132.902
134.457
135.99
137.512
139.031
140.55
142.068
143.583
145.091
146.586
148.065
149.525
150.966
152.391
153.808
155.225
156.654
158.106
159.595
161.131
162.724
164.382
166.113
167.919
169.805
171.772
173.822
175.956
178.177
180.486
182.885
185.376
187.962
190.643
193.421
196.295
199.263
202.325
205.477
208.718
212.045
215.453
218.941
222.505
226.14
229.845
233.616
237.449
241.343
245.294
249.303
253.367
257.488
261.666
265.902
270.2
274.563
278.994
283.497
288.076
292.737
297.483
302.318
307.248
312.276
317.407
322.644
327.992
333.455
339.037
344.742
350.577
356.546
362.655
368.909
375.318
381.887
388.627
395.544
402.653
409.962
417.488
425.241
433.243
441.508
450.064
458.926
468.136
477.713
487.712
498.163
509.142
520.695
532.934
545.939
559.875
574.901
591.263
609.315
629.407
652.266
678.222
103.943
105.605
106.437
107.627
108.779
110.157
111.623
113.196
114.815
116.468
118.145
119.841
121.55
123.26
124.956
126.623
128.252
129.84
131.391
132.912
134.414
135.907
137.397
138.888
140.382
141.876
143.369
144.857
146.339
147.812
149.277
150.735
152.193
153.656
155.136
156.643
158.187
159.778
161.427
163.14
164.924
166.785
168.725
170.746
172.85
175.038
177.31
179.668
182.114
184.649
187.275
189.993
192.804
195.708
198.704
201.79
204.966
208.23
211.577
215.006
218.513
222.094
225.747
229.467
233.252
237.099
241.005
244.968
248.987
253.061
257.192
261.379
265.625
269.933
274.305
278.746
283.259
287.849
292.52
297.276
302.121
307.06
312.096
317.235
322.479
327.833
333.302
338.889
344.599
350.438
356.41
362.521
368.778
375.189
381.759
388.5
395.418
402.527
409.835
417.36
425.112
433.113
441.375
449.928
458.788
467.993
477.567
487.56
498.008
508.98
520.532
532.766
545.776
559.714
574.769
591.163
609.323
629.558
652.791
679.269
102.604
104.282
105.124
106.33
107.487
108.868
110.328
111.888
113.487
115.116
116.766
118.436
120.118
121.799
123.462
125.095
126.689
128.242
129.76
131.252
132.727
134.195
135.66
137.127
138.597
140.071
141.548
143.03
144.514
146
147.488
148.979
150.476
151.987
153.518
155.079
156.679
158.326
160.031
161.8
163.641
165.558
167.555
169.634
171.795
174.04
176.368
178.78
181.277
183.86
186.53
189.288
192.136
195.073
198.1
201.215
204.418
207.706
211.077
214.528
218.056
221.658
225.329
229.067
232.868
236.729
240.649
244.624
248.654
252.74
256.88
261.078
265.334
269.653
274.036
278.487
283.011
287.612
292.293
297.06
301.915
306.863
311.908
317.055
322.306
327.668
333.142
338.734
344.449
350.292
356.267
362.381
368.641
375.053
381.625
388.366
395.285
402.394
409.702
417.226
424.977
432.975
441.236
449.784
458.642
467.842
477.413
487.4
497.844
508.81
520.36
532.587
545.602
559.541
574.624
591.051
609.32
629.709
653.335
680.379
101.194
102.888
103.739
104.959
106.121
107.503
108.957
110.503
112.079
113.679
115.298
116.937
118.587
120.236
121.866
123.463
125.021
126.54
128.028
129.492
130.941
132.382
133.821
135.261
136.705
138.157
139.62
141.094
142.582
144.083
145.595
147.12
148.66
150.218
151.802
153.419
155.076
156.781
158.544
160.372
162.271
164.248
166.304
168.444
170.666
172.971
175.358
177.827
180.379
183.013
185.731
188.534
191.422
194.396
197.456
200.603
203.835
207.151
210.548
214.024
217.575
221.198
224.89
228.646
232.465
236.342
240.276
244.264
248.307
252.404
256.557
260.765
265.033
269.362
273.757
278.22
282.755
287.367
292.059
296.836
301.701
306.659
311.714
316.869
322.128
327.496
332.977
338.575
344.294
350.141
356.12
362.237
368.499
374.913
381.487
388.229
395.148
402.257
409.565
417.087
424.837
432.833
441.091
449.636
458.491
467.686
477.253
487.234
497.674
508.633
520.18
532.401
545.419
559.359
574.466
590.926
609.306
629.855
653.891
681.542
99.7394
101.45
102.308
103.539
104.702
106.084
107.53
109.059
110.609
112.178
113.762
115.365
116.98
118.592
120.184
121.745
123.267
124.755
126.215
127.654
129.08
130.499
131.915
133.332
134.754
136.187
137.637
139.108
140.601
142.117
143.655
145.214
146.796
148.402
150.038
151.709
153.423
155.186
157.006
158.892
160.85
162.885
165.002
167.202
169.486
171.852
174.299
176.827
179.435
182.122
184.89
187.738
190.669
193.682
196.779
199.959
203.223
206.568
209.994
213.496
217.072
220.718
224.431
228.208
232.044
235.939
239.888
243.891
247.948
252.058
256.222
260.443
264.722
269.063
273.47
277.944
282.492
287.115
291.819
296.607
301.482
306.45
311.514
316.678
321.945
327.32
332.807
338.411
344.135
349.986
355.969
362.089
368.353
374.769
381.344
388.087
395.008
402.116
409.424
416.944
424.693
432.686
440.942
449.484
458.335
467.525
477.088
487.063
497.499
508.449
519.993
532.207
545.227
559.167
574.296
590.789
609.269
629.98
654.435
682.738
98.25
99.9777
100.842
102.085
103.249
104.629
106.065
107.574
109.097
110.631
112.178
113.742
115.317
116.889
118.442
119.963
121.45
122.906
124.337
125.751
127.154
128.549
129.941
131.333
132.734
134.15
135.589
137.058
138.559
140.092
141.657
143.252
144.877
146.532
148.221
149.948
151.718
153.539
155.418
157.363
159.381
161.477
163.654
165.916
168.261
170.689
173.197
175.784
178.449
181.191
184.01
186.907
189.882
192.936
196.072
199.288
202.585
205.962
209.417
212.947
216.549
220.22
223.956
227.753
231.61
235.522
239.488
243.506
247.577
251.701
255.878
260.112
264.404
268.757
273.176
277.663
282.222
286.858
291.573
296.372
301.259
306.237
311.311
316.483
321.758
327.141
332.634
338.244
343.973
349.829
355.815
361.938
368.206
374.623
381.2
387.944
394.864
401.972
409.28
416.799
424.546
432.536
440.79
449.328
458.176
467.36
476.919
486.887
497.318
508.261
519.801
532.008
545.028
558.967
574.115
590.639
609.216
630.091
654.968
683.977
96.7359
98.4828
99.3554
100.61
101.773
103.15
104.573
106.063
107.556
109.054
110.561
112.083
113.615
115.143
116.652
118.133
119.583
121.007
122.412
123.802
125.183
126.557
127.929
129.302
130.685
132.089
133.522
134.992
136.504
138.057
139.65
141.282
142.949
144.653
146.394
148.175
150.002
151.88
153.817
155.82
157.896
160.05
162.288
164.609
167.015
169.502
172.07
174.716
177.438
180.234
183.104
186.049
189.069
192.166
195.341
198.594
201.926
205.336
208.821
212.38
216.01
219.706
223.466
227.285
231.162
235.093
239.076
243.111
247.198
251.336
255.528
259.775
264.08
268.446
272.877
277.377
281.949
286.597
291.324
296.135
301.033
306.021
311.105
316.286
321.57
326.96
332.46
338.075
343.81
349.669
355.66
361.786
368.056
374.476
381.054
387.798
394.719
401.827
409.134
416.651
424.397
432.384
440.636
449.169
458.014
467.193
476.747
486.708
497.134
508.069
519.604
531.803
544.822
558.76
573.924
590.478
609.144
630.184
655.488
685.238
95.1967
96.966
97.8488
99.1163
100.281
101.654
103.066
104.534
105.997
107.457
108.923
110.401
111.887
113.369
114.833
116.27
117.681
119.072
120.448
121.814
123.171
124.524
125.874
127.228
128.595
129.989
131.418
132.893
134.417
135.992
137.615
139.284
140.996
142.748
144.542
146.379
148.262
150.198
152.193
154.254
156.389
158.602
160.899
163.281
165.746
168.293
170.92
173.624
176.402
179.252
182.174
185.168
188.234
191.374
194.589
197.881
201.248
204.691
208.209
211.797
215.455
219.178
222.963
226.805
230.703
234.654
238.657
242.709
246.811
250.965
255.171
259.432
263.751
268.131
272.576
277.088
281.673
286.334
291.073
295.896
300.805
305.804
310.897
316.088
321.38
326.777
332.284
337.905
343.645
349.509
355.503
361.633
367.905
374.327
380.906
387.652
394.573
401.68
408.986
416.503
424.246
432.231
440.48
449.009
457.85
467.023
476.573
486.526
496.947
507.874
519.403
531.594
544.611
558.547
573.723
590.305
609.052
630.258
655.992
686.51
93.6355
95.4307
96.3264
97.6097
98.7777
100.146
101.546
102.992
104.424
105.846
107.269
108.7
110.138
111.57
112.984
114.376
115.748
117.105
118.453
119.795
121.133
122.467
123.8
125.141
126.498
127.887
129.318
130.801
132.341
133.939
135.594
137.301
139.056
140.858
142.703
144.594
146.533
148.526
150.577
152.696
154.888
157.159
159.513
161.952
164.475
167.08
169.764
172.523
175.356
178.258
181.231
184.272
187.384
190.567
193.823
197.152
200.556
204.033
207.583
211.202
214.889
218.639
222.449
226.316
230.236
234.208
238.23
242.3
246.42
250.59
254.811
259.087
263.42
267.814
272.272
276.798
281.396
286.069
290.821
295.656
300.576
305.586
310.689
315.889
321.189
326.594
332.108
337.735
343.481
349.349
355.347
361.48
367.755
374.178
380.759
387.505
394.427
401.533
408.839
416.353
424.095
432.077
440.323
448.848
457.684
466.852
476.397
486.343
496.758
507.676
519.2
531.383
544.396
558.329
573.514
590.122
608.94
630.31
656.47
687.797
92.0467
93.8719
94.783
96.0851
97.2596
98.6254
100.014
101.435
102.835
104.218
105.597
106.981
108.367
109.747
111.111
112.456
113.786
115.107
116.426
117.744
119.061
120.378
121.696
123.024
124.375
125.761
127.197
128.69
130.248
131.872
133.559
135.305
137.104
138.954
140.852
142.798
144.793
146.842
148.951
151.127
153.376
155.705
158.117
160.613
163.193
165.855
168.595
171.41
174.296
177.251
180.273
183.363
186.52
189.746
193.043
196.411
199.851
203.363
206.945
210.596
214.313
218.091
221.927
225.819
229.763
233.756
237.798
241.887
246.025
250.211
254.449
258.739
263.087
267.495
271.968
276.508
281.119
285.805
290.57
295.417
300.348
305.369
310.482
315.691
321
326.412
331.933
337.566
343.317
349.19
355.191
361.327
367.604
374.029
380.612
387.358
394.28
401.386
408.691
416.204
423.944
431.922
440.165
448.686
457.519
466.681
476.22
486.16
496.568
507.478
518.995
531.169
544.177
558.106
573.297
589.927
608.812
630.329
656.893
689.093
90.4286
92.288
93.2171
94.5404
95.7247
97.0873
98.4626
99.8588
101.225
102.568
103.901
105.234
106.568
107.893
109.203
110.499
111.787
113.074
114.365
115.662
116.963
118.267
119.577
120.901
122.251
123.642
125.087
126.596
128.175
129.826
131.546
133.331
135.175
137.074
139.023
141.023
143.073
145.178
147.344
149.576
151.881
154.265
156.733
159.284
161.919
164.636
167.43
170.298
173.235
176.241
179.311
182.447
185.649
188.917
192.254
195.661
199.137
202.684
206.3
209.983
213.729
217.536
221.4
225.317
229.284
233.3
237.363
241.472
245.628
249.832
254.085
258.392
262.755
267.178
271.665
276.219
280.843
285.543
290.32
295.179
300.122
305.153
310.276
315.495
320.812
326.232
331.759
337.398
343.154
349.031
355.037
361.175
367.455
373.882
380.465
387.212
394.134
401.24
408.543
416.054
423.792
431.768
440.008
448.524
457.353
466.509
476.043
485.975
496.377
507.278
518.788
530.953
543.955
557.879
573.074
589.723
608.664
630.333
657.302
690.4
88.7714
90.6693
91.6182
92.9647
94.1622
95.5224
96.8843
98.2527
99.5834
100.883
102.168
103.45
104.727
105.995
107.251
108.497
109.741
110.994
112.259
113.536
114.822
116.117
117.422
118.745
120.099
121.499
122.957
124.484
126.087
127.767
129.521
131.346
133.235
135.182
137.183
139.237
141.343
143.504
145.726
148.015
150.377
152.817
155.34
157.947
160.638
163.408
166.256
169.176
172.166
175.221
178.34
181.522
184.768
188.079
191.456
194.902
198.415
201.997
205.647
209.362
213.14
216.976
220.867
224.81
228.803
232.842
236.926
241.055
245.23
249.452
253.723
258.046
262.424
266.862
271.364
275.932
280.57
285.283
290.073
294.944
299.899
304.94
310.073
315.301
320.626
326.054
331.588
337.232
342.993
348.875
354.883
361.025
367.307
373.735
380.32
387.067
393.99
401.094
408.397
415.906
423.642
431.614
439.851
448.363
457.187
466.337
475.866
485.791
496.186
507.078
518.581
530.736
543.732
557.649
572.844
589.51
608.495
630.324
657.68
691.732
87.0692
89.01
89.9805
91.3517
92.5655
93.9223
95.2681
96.6053
97.897
99.1505
100.384
101.61
102.829
104.038
105.237
106.432
107.635
108.855
110.096
111.358
112.637
113.93
115.239
116.571
117.938
119.353
120.831
122.382
124.012
125.723
127.514
129.38
131.314
133.31
135.363
137.47
139.631
141.849
144.127
146.471
148.888
151.384
153.961
156.622
159.365
162.188
165.088
168.059
171.098
174.201
177.367
180.595
183.884
187.236
190.653
194.137
197.687
201.305
204.989
208.736
212.545
216.412
220.331
224.301
228.319
232.382
236.488
240.639
244.833
249.074
253.362
257.702
262.096
266.55
271.066
275.648
280.301
285.027
289.83
294.712
299.678
304.731
309.874
315.11
320.444
325.878
331.419
337.069
342.835
348.72
354.733
360.877
367.161
373.591
380.176
386.924
393.846
400.95
408.251
415.758
423.492
431.461
439.694
448.202
457.022
466.166
475.689
485.607
495.995
506.879
518.373
530.519
543.506
557.417
572.61
589.288
608.312
630.274
658.013
692.983
85.3102
87.2988
88.2921
89.6893
90.9221
92.2749
93.6021
94.9034
96.1507
97.3542
98.5327
99.6998
100.858
102.005
103.146
104.291
105.452
106.641
107.861
109.111
110.387
111.683
113
114.346
115.73
117.167
118.67
120.247
121.908
123.653
125.482
127.39
129.37
131.416
133.522
135.684
137.901
140.175
142.509
144.91
147.384
149.935
152.567
155.282
158.079
160.956
163.907
166.93
170.019
173.171
176.384
179.657
182.989
186.384
189.841
193.364
196.952
200.605
204.324
208.105
211.946
215.843
219.792
223.789
227.833
231.921
236.051
240.223
244.438
248.697
253.004
257.361
261.771
266.24
270.772
275.369
280.035
284.775
289.59
294.485
299.462
304.525
309.678
314.923
320.264
325.706
331.253
336.909
342.679
348.569
354.584
360.731
367.017
373.448
380.035
386.782
393.704
400.807
408.107
415.612
423.343
431.309
439.539
448.042
456.857
465.996
475.513
485.423
495.805
506.679
518.166
530.301
543.28
557.183
572.371
589.059
608.111
630.206
658.281
694.305
83.4909
85.5324
86.5506
87.9745
89.2289
90.5753
91.8785
93.1374
94.3342
95.4814
96.5998
97.7037
98.7973
99.8807
100.963
102.057
103.178
104.338
105.542
106.786
108.065
109.372
110.708
112.077
113.489
114.956
116.49
118.101
119.797
121.58
123.45
125.402
127.43
129.527
131.687
133.904
136.178
138.509
140.9
143.358
145.887
148.493
151.179
153.947
156.797
159.725
162.728
165.8
168.938
172.137
175.396
178.713
182.089
185.525
189.023
192.584
196.209
199.899
203.653
207.468
211.342
215.271
219.249
223.275
227.346
231.459
235.613
239.807
244.043
248.323
252.648
257.023
261.45
265.935
270.482
275.094
279.774
284.527
289.356
294.262
299.251
304.324
309.486
314.74
320.089
325.538
331.091
336.752
342.527
348.42
354.439
360.588
366.876
373.308
379.895
386.643
393.564
400.666
407.965
415.467
423.196
431.159
439.385
447.883
456.694
465.827
475.338
485.241
495.615
506.481
517.958
530.084
543.053
556.947
572.128
588.822
607.895
630.109
658.52
695.551
81.6073
83.708
84.7534
86.2049
87.4825
88.8196
90.0928
91.3014
92.4395
93.5243
94.5768
95.613
96.6383
97.6554
98.6768
99.7196
100.801
101.934
103.123
104.364
105.65
106.974
108.333
109.732
111.177
112.679
114.249
115.898
117.633
119.457
121.371
123.37
125.448
127.598
129.813
132.087
134.419
136.808
139.258
141.773
144.36
147.022
149.764
152.587
155.491
158.472
161.526
164.65
167.837
171.085
174.391
177.754
181.174
184.652
188.191
191.792
195.456
199.183
202.973
206.823
210.731
214.692
218.701
222.757
226.855
230.995
235.174
239.392
243.65
247.95
252.295
256.688
261.133
265.635
270.197
274.824
279.519
284.285
289.126
294.045
299.044
304.128
309.299
314.561
319.918
325.374
330.933
336.599
342.378
348.275
354.297
360.448
366.738
373.171
379.758
386.506
393.427
400.527
407.824
415.324
423.051
431.01
439.232
447.726
456.532
465.659
475.164
485.059
495.426
506.283
517.751
529.866
542.826
556.709
571.882
588.578
607.664
629.992
658.673
696.933
79.6713
81.8377
82.9141
84.3936
85.6953
87.0179
88.2518
89.3995
90.4697
91.4839
92.4643
93.4272
94.3799
95.3275
96.2864
97.2773
98.3195
99.4263
100.602
101.843
103.142
104.49
105.881
107.318
108.805
110.351
111.965
113.659
115.438
117.308
119.269
121.318
123.449
125.654
127.926
130.259
132.65
135.099
137.608
140.182
142.826
145.545
148.342
151.22
154.176
157.21
160.316
163.489
166.726
170.022
173.374
176.782
180.246
183.767
187.347
190.988
194.691
198.457
202.284
206.17
210.112
214.106
218.148
222.234
226.361
230.528
234.733
238.976
243.257
247.579
251.944
256.356
260.819
265.338
269.916
274.558
279.267
284.047
288.901
293.832
298.842
303.936
309.116
314.387
319.752
325.214
330.779
336.45
342.233
348.133
354.158
360.311
366.602
373.036
379.624
386.371
393.291
400.39
407.685
415.183
422.907
430.862
439.081
447.57
456.371
465.492
474.991
484.879
495.238
506.086
517.546
529.65
542.599
556.472
571.634
588.329
607.422
629.844
658.81
698.167
77.6996
79.94
81.0512
82.559
83.8839
85.1856
86.3697
87.4451
88.4365
89.3722
90.2738
91.1582
92.0336
92.9078
93.801
94.7371
95.7377
96.8165
97.9782
99.2198
100.532
101.905
103.331
104.809
106.342
107.936
109.599
111.34
113.168
115.088
117.1
119.202
121.388
123.65
125.981
128.375
130.827
133.338
135.908
138.543
141.246
144.024
146.878
149.812
152.824
155.912
159.071
162.297
165.584
168.93
172.33
175.785
179.295
182.86
186.483
190.166
193.91
197.715
201.58
205.504
209.482
213.511
217.586
221.703
225.861
230.057
234.289
238.557
242.863
247.207
251.594
256.026
260.508
265.044
269.639
274.297
279.021
283.815
288.681
293.624
298.645
303.749
308.939
314.217
319.589
325.058
330.628
336.304
342.092
347.995
354.022
360.178
366.47
372.905
379.493
386.24
393.159
400.256
407.55
415.045
422.766
430.718
438.933
447.418
456.214
465.329
474.822
484.703
495.054
505.894
517.344
529.438
542.375
556.237
571.387
588.078
607.17
629.681
658.867
699.546
75.7284
78.0505
79.2017
80.7368
82.0829
83.3559
84.4765
85.4654
86.3669
87.2157
88.0323
88.8328
89.626
90.4223
91.2454
92.1227
93.0775
94.1248
95.2699
96.5102
97.8367
99.2375
100.703
102.229
103.813
105.461
107.178
108.973
110.854
112.827
114.893
117.051
119.295
121.617
124.01
126.466
128.982
131.555
134.188
136.884
139.648
142.484
145.397
148.386
151.454
154.595
157.808
161.085
164.424
167.819
171.268
174.77
178.325
181.935
185.602
189.328
193.113
196.958
200.863
204.826
208.841
212.906
217.015
221.165
225.355
229.581
233.841
238.137
242.467
246.836
251.245
255.698
260.199
264.754
269.366
274.04
278.779
283.587
288.466
293.421
298.453
303.567
308.765
314.052
319.431
324.906
330.482
336.163
341.954
347.861
353.891
360.048
366.342
372.777
379.365
386.112
393.03
400.126
407.417
414.91
422.628
430.577
438.788
447.268
456.058
465.168
474.654
484.527
494.871
505.701
517.141
529.224
542.15
555.999
571.136
587.819
606.905
629.479
658.919
700.705
73.7931
76.2077
77.4046
78.9653
80.3277
81.5636
82.6083
83.4975
84.2982
85.0528
85.7787
86.4905
87.1969
87.9105
88.6579
89.4701
90.3726
91.3813
92.503
93.7363
95.0719
96.497
97.9993
99.5701
101.206
102.907
104.679
106.529
108.466
110.494
112.617
114.833
117.137
119.521
121.977
124.497
127.077
129.715
132.412
135.172
137.998
140.895
143.867
146.915
150.04
153.237
156.505
159.836
163.227
166.674
170.174
173.725
177.329
180.985
184.698
188.468
192.296
196.184
200.13
204.133
208.187
212.289
216.434
220.619
224.841
229.098
233.389
237.712
242.07
246.463
250.895
255.37
259.892
264.466
269.096
273.786
278.541
283.363
288.256
293.223
298.266
303.389
308.597
313.891
319.278
324.759
330.34
336.025
341.82
347.73
353.762
359.92
366.215
372.651
379.239
385.984
392.901
399.995
407.284
414.774
422.489
430.434
438.64
447.115
455.901
465.004
474.484
484.35
494.685
505.506
516.937
529.009
541.922
555.759
570.881
587.555
606.628
629.273
658.798
702.159
71.9421
74.459
75.7094
77.2925
78.6656
79.8565
80.8132
81.589
82.2801
82.9354
83.5665
84.186
84.802
85.4288
86.0954
86.8359
87.6782
88.6402
89.7308
90.9498
92.289
93.7341
95.27
96.8846
98.5704
100.326
102.153
104.06
106.053
108.139
110.32
112.596
114.961
117.408
119.928
122.513
125.159
127.862
130.624
133.446
136.335
139.293
142.324
145.43
148.611
151.865
155.187
158.572
162.016
165.515
169.065
172.666
176.317
180.021
183.78
187.595
191.468
195.399
199.387
203.43
207.524
211.664
215.846
220.066
224.322
228.612
232.933
237.286
241.671
246.09
250.546
255.043
259.586
264.18
268.828
273.536
278.307
283.144
288.05
293.029
298.083
303.217
308.433
313.736
319.129
324.616
330.202
335.891
341.69
347.602
353.636
359.796
366.091
372.527
379.115
385.859
392.775
399.868
407.155
414.643
422.355
430.296
438.5
446.97
455.751
464.849
474.323
484.183
494.511
505.324
516.745
528.807
541.708
555.532
570.639
587.3
606.359
629.045
658.685
703.465
70.2056
72.8407
74.156
75.7584
77.1328
78.2712
79.1339
79.7888
80.366
80.9189
81.4524
81.9778
82.5019
83.0401
83.6225
84.2858
85.0607
85.9677
87.0174
88.2117
89.5427
90.9954
92.5529
94.2
95.9264
97.728
99.6056
101.565
103.612
105.754
107.993
110.328
112.754
115.264
117.848
120.498
123.209
125.977
128.803
131.689
134.64
137.66
140.751
143.917
147.156
150.467
153.844
157.285
160.783
164.334
167.936
171.588
175.29
179.043
182.849
186.71
190.628
194.603
198.635
202.72
206.855
211.034
215.253
219.509
223.8
228.123
232.475
236.858
241.271
245.716
250.197
254.717
259.281
263.895
268.563
273.288
278.075
282.927
287.847
292.839
297.904
303.048
308.273
313.584
318.984
324.478
330.069
335.763
341.565
347.48
353.517
359.679
365.976
372.413
379.001
385.746
392.661
399.752
407.038
414.523
422.232
430.17
438.369
446.835
455.611
464.703
474.17
484.022
494.342
505.145
516.556
528.607
541.496
555.306
570.396
587.042
606.082
628.789
658.55
705.109
68.621
71.387
72.7817
74.4007
75.7675
76.8469
77.6135
78.1463
78.6102
79.0624
79.4986
79.9318
80.3658
80.8172
81.3166
81.9017
82.606
83.4526
84.4542
85.6138
86.9244
88.3712
89.9366
91.6035
93.3596
95.1983
97.1187
99.1249
101.223
103.417
105.712
108.104
110.589
113.16
115.806
118.519
121.293
124.125
127.013
129.962
132.973
136.052
139.202
142.425
145.72
149.086
152.518
156.012
159.562
163.165
166.818
170.52
174.271
178.071
181.924
185.832
189.794
193.813
197.887
202.014
206.189
210.407
214.663
218.956
223.282
227.637
232.021
236.433
240.873
245.344
249.849
254.392
258.978
263.612
268.299
273.042
277.845
282.712
287.645
292.649
297.726
302.879
308.114
313.433
318.84
324.339
329.936
335.634
341.44
347.357
353.395
359.557
365.854
372.289
378.875
385.617
392.529
399.617
406.898
414.379
422.083
430.016
438.209
446.668
455.437
464.522
473.981
483.824
494.135
504.928
516.327
528.366
541.24
555.035
570.106
586.734
605.749
628.469
658.273
706.411
67.1938
70.1078
71.6021
73.2394
74.5882
75.601
76.2774
76.7003
77.0584
77.4139
77.7565
78.1029
78.4537
78.826
79.2493
79.7617
80.3983
81.1841
82.1324
83.2464
84.5201
85.9406
87.4913
89.1561
90.9218
92.7807
94.7301
96.7722
98.9114
101.152
103.495
105.94
108.479
111.106
113.81
116.582
119.415
122.307
125.255
128.262
131.333
134.469
137.676
140.955
144.306
147.726
151.211
154.758
158.361
162.015
165.718
169.469
173.268
177.116
181.016
184.969
188.975
193.037
197.153
201.321
205.535
209.792
214.085
218.412
222.771
227.159
231.573
236.012
240.48
244.976
249.505
254.07
258.677
263.331
268.035
272.794
277.612
282.493
287.439
292.454
297.542
302.704
307.947
313.272
318.684
324.186
329.785
335.483
341.288
347.205
353.241
359.401
365.695
372.127
378.71
385.448
392.355
399.438
406.715
414.19
421.888
429.814
438.001
446.453
455.214
464.29
473.74
483.573
493.872
504.653
516.04
528.063
540.921
554.697
569.746
586.351
605.334
628.051
657.85
707.631
65.9512
69.0102
70.6245
72.2866
73.612
74.5537
75.1471
75.4813
75.7458
76.0147
76.2734
76.5433
76.8238
77.1303
77.4913
77.9432
78.5219
79.2526
80.1473
81.2086
82.432
83.808
85.324
86.9663
88.7228
90.5849
92.5487
94.6144
96.7845
99.0616
101.446
103.935
106.522
109.198
111.953
114.777
117.664
120.609
123.611
126.673
129.796
132.985
136.244
139.575
142.976
146.446
149.981
153.577
157.228
160.929
164.679
168.476
172.32
176.212
180.155
184.149
188.197
192.299
196.454
200.66
204.912
209.204
213.532
217.892
222.283
226.699
231.14
235.606
240.098
244.619
249.17
253.756
258.382
263.053
267.772
272.545
277.375
282.267
287.224
292.249
297.345
302.515
307.762
313.089
318.503
324.006
329.604
335.303
341.109
347.027
353.063
359.223
365.515
371.946
378.526
385.261
392.166
399.244
406.516
413.986
421.678
429.598
437.778
446.222
454.975
464.042
473.483
483.306
493.594
504.362
515.735
527.744
540.584
554.342
569.369
585.95
604.903
627.604
657.416
708.219
64.8764
68.0732
69.8355
71.5359
72.8365
73.7054
74.2287
74.5019
74.6925
74.8854
75.0757
75.2836
75.5126
75.771
76.0872
76.4956
77.0306
77.7151
78.5586
79.5624
80.7237
82.0375
83.497
85.0934
86.8179
88.6625
90.6224
92.6958
94.8828
97.1838
99.5976
102.12
104.743
107.459
110.255
113.122
116.054
119.044
122.093
125.201
128.372
131.608
134.914
138.292
141.74
145.256
148.838
152.479
156.174
159.92
163.713
167.553
171.438
175.371
179.354
183.388
187.473
191.612
195.802
200.043
204.33
208.655
213.013
217.402
221.819
226.261
230.727
235.217
239.732
244.276
248.849
253.454
258.095
262.777
267.508
272.291
277.132
282.034
287.001
292.036
297.14
302.314
307.564
312.894
318.312
323.821
329.427
335.135
340.952
346.88
352.927
359.096
365.399
371.838
378.426
385.167
392.077
399.16
406.435
413.907
421.601
429.522
437.702
446.146
454.897
463.962
473.4
483.219
493.502
504.265
515.629
527.629
540.457
554.2
569.207
585.763
604.673
627.366
657.116
708.844
63.9889
67.3042
69.2244
70.9752
72.2595
73.0648
73.5303
73.7642
73.9061
74.0366
74.1777
74.3449
74.5421
74.7716
75.0609
75.4423
75.9475
76.5959
77.3944
78.3427
79.4398
80.6853
82.0785
83.6168
85.2956
87.1088
89.0512
91.1192
93.3107
95.6237
98.0552
100.599
103.248
105.991
108.818
111.717
114.682
117.708
120.793
123.938
127.146
130.421
133.766
137.182
140.668
144.224
147.844
151.523
155.257
159.04
162.87
166.745
170.666
174.634
178.65
182.717
186.835
191.004
195.225
199.496
203.811
208.164
212.549
216.962
221.401
225.864
230.351
234.862
239.399
243.963
248.554
253.173
257.826
262.518
267.257
272.049
276.9
281.811
286.788
291.833
296.944
302.125
307.38
312.717
318.14
323.653
329.262
334.973
340.79
346.717
352.762
358.929
365.228
371.663
378.246
384.983
391.888
398.965
406.235
413.701
421.389
429.302
437.474
445.91
454.653
463.708
473.135
482.942
493.212
503.96
515.309
527.289
540.096
553.814
568.789
585.306
604.162
626.812
656.495
708.917
63.2432
66.6784
68.7673
70.5793
71.8596
72.6173
73.0447
73.2588
73.3694
73.456
73.5669
73.7155
73.8976
74.1141
74.3897
74.756
75.2409
75.861
76.6215
77.5206
78.5582
79.7367
81.0607
82.5339
84.1571
85.9274
87.84
89.8903
92.0739
94.3868
96.8238
99.3777
102.039
104.798
107.642
110.561
113.548
116.598
119.708
122.88
126.116
129.42
132.795
136.241
139.76
143.347
146.999
150.71
154.475
158.29
162.151
166.057
170.008
174.005
178.05
182.144
186.289
190.484
194.73
199.025
203.365
207.74
212.143
216.571
221.026
225.508
230.014
234.545
239.102
243.685
248.292
252.922
257.579
262.275
267.023
271.829
276.695
281.624
286.621
291.694
296.848
302.078
307.377
312.747
318.192
323.722
329.344
335.063
340.886
346.818
352.866
359.036
365.337
371.775
378.36
385.099
392.006
399.086
406.358
413.826
421.516
429.432
437.606
446.045
454.79
463.848
473.277
483.087
493.359
504.109
515.459
527.442
540.249
553.968
568.94
585.454
604.299
626.964
656.574
709.533
62.6889
66.2197
68.4548
70.3269
71.6151
72.3513
72.7569
72.9598
73.0501
73.1153
73.2152
73.3606
73.5391
73.7523
74.022
74.379
74.8486
75.447
76.179
77.042
78.0347
79.161
80.4287
81.8464
83.4194
85.1483
87.0296
89.0581
91.2283
93.5342
95.969
98.5243
101.19
103.955
106.807
109.736
112.735
115.797
118.922
122.109
125.362
128.684
132.078
135.544
139.083
142.692
146.365
150.099
153.887
157.724
161.607
165.535
169.507
173.525
177.59
181.704
185.868
190.082
194.347
198.659
203.014
207.404
211.82
216.263
220.732
225.23
229.755
234.305
238.878
243.473
248.091
252.73
257.401
262.118
266.886
271.71
276.592
281.535
286.54
291.61
296.752
301.969
307.264
312.636
318.09
323.627
329.254
334.975
340.798
346.727
352.773
358.941
365.239
371.673
378.255
384.99
391.893
398.969
406.235
413.699
421.383
429.294
437.462
445.893
454.631
463.681
473.102
482.902
493.164
503.903
515.24
527.209
539.998
553.697
568.644
585.125
603.925
626.545
655.942
709.205
62.2635
65.8847
68.2636
70.1892
71.4903
72.2216
72.6208
72.8188
72.8981
72.9568
73.0564
73.2047
73.3846
73.5982
73.8648
74.2149
74.6718
75.2543
75.9676
76.8081
77.7722
78.863
80.0898
81.4641
82.9952
84.6866
86.537
88.5418
90.6948
92.9888
95.4159
97.9665
100.63
103.394
106.247
109.178
112.18
115.247
118.377
121.572
124.833
128.164
131.568
135.046
138.597
142.219
145.907
149.655
153.459
157.312
161.211
165.154
169.142
173.174
177.254
181.382
185.56
189.788
194.065
198.387
202.753
207.154
211.572
216.015
220.498
225.013
229.555
234.117
238.699
243.307
247.957
252.659
257.403
262.173
266.976
271.823
276.721
281.674
286.686
291.761
296.905
302.123
307.418
312.792
318.248
323.789
329.421
335.147
340.975
346.91
352.961
359.133
365.436
371.876
378.463
385.203
392.111
399.193
406.466
413.936
421.626
429.544
437.719
446.158
454.904
463.963
473.392
483.202
493.473
504.224
515.571
527.552
540.354
554.067
569.028
585.528
604.339
626.971
656.269
710.472
62.0807
65.7968
68.2437
70.1817
71.4818
72.1985
72.585
72.7773
72.8515
72.9108
73.0152
73.1689
73.3525
73.5701
73.8389
74.1893
74.6432
75.2222
75.9318
76.7684
77.7257
78.8055
80.0178
81.3747
82.8865
84.5587
86.3916
88.3816
90.5228
92.808
95.2287
97.7748
100.435
103.197
106.049
108.98
111.982
115.05
118.182
121.378
124.642
127.976
131.382
134.864
138.419
142.045
145.738
149.492
153.302
157.161
161.066
165.015
169.008
173.045
177.128
181.261
185.443
189.675
193.955
198.278
202.638
207.029
211.451
215.927
220.439
224.968
229.511
234.07
238.647
243.25
247.888
252.574
257.309
262.087
266.903
271.761
276.665
281.622
286.636
291.711
296.854
302.069
307.36
312.732
318.186
323.726
329.357
335.083
340.911
346.845
352.896
359.067
365.368
371.806
378.392
385.13
392.036
399.116
406.387
413.855
421.544
429.459
437.633
446.07
454.814
463.871
473.299
483.107
493.378
504.126
515.473
527.452
540.254
553.966
568.927
585.428
604.216
626.813
655.971
710.573
61.8315
65.5374
68.0844
70.0603
71.406
72.1909
72.5793
72.7719
72.8448
72.9032
73.0073
73.1612
73.3449
73.5629
73.8317
74.1622
74.5969
75.1585
75.8526
76.6734
77.6145
78.6755
79.866
81.1997
82.6885
84.3396
86.1545
88.13
90.2602
92.5373
94.9521
97.494
100.151
102.911
105.761
108.69
111.691
114.757
117.888
121.085
124.348
127.683
131.092
134.577
138.136
141.767
145.466
149.227
153.043
156.911
160.824
164.782
168.783
172.828
176.92
181.061
185.252
189.494
193.781
198.107
202.477
206.93
211.496
216.077
220.631
225.175
229.722
234.283
238.863
243.467
248.105
252.787
257.521
262.304
267.131
272
276.913
281.877
286.897
291.978
297.125
302.344
307.64
313.015
318.475
324.021
329.658
335.391
341.225
347.167
353.224
359.402
365.711
372.156
378.749
385.496
392.41
399.498
406.778
414.255
421.953
429.878
438.061
446.509
455.262
464.33
473.768
483.589
493.87
504.632
515.99
527.984
540.798
554.527
569.502
586.022
604.814
627.387
656.514
712.034
688.184
692.907
697.751
702.796
708.034
713.483
719.147
725.037
731.16
737.501
744.01
750.621
757.597
764.791
772.33
780.278
788.37
796.648
805.162
813.927
822.947
832.209
841.708
851.427
861.36
871.488
881.807
892.294
902.944
913.731
924.654
935.68
946.811
958.011
969.285
980.594
991.948
1003.3
1014.68
1026.03
1037.37
1048.66
1059.92
1071.1
1082.25
1093.28
1104.26
1115.11
1125.91
1136.54
1147.16
1157.63
1168.15
1178.55
1189.15
1199.64
1210.34
1220.81
1231.21
1240.76
1249.97
1258.33
1266.19
1273.25
1279.54
1285.21
1289.43
1293.41
1296.05
1298.14
1300.04
1301.56
1300.77
1299.44
1295.99
1291.03
1285.23
1277.45
885.916
1684.12
688.414
693.135
697.976
703.015
708.246
713.683
719.331
725.202
731.305
737.671
744.333
751.109
758.128
765.363
772.97
780.802
788.855
797.12
805.611
814.331
823.283
832.455
841.846
851.436
861.225
871.19
881.329
891.616
902.051
912.604
923.277
934.035
944.885
955.788
966.756
977.744
988.773
999.792
1010.83
1021.83
1032.82
1043.76
1054.68
1065.5
1076.3
1086.99
1097.64
1108.16
1118.64
1129.01
1139.36
1149.6
1159.91
1170.11
1180.37
1190.53
1200.59
1210.35
1219.83
1228.9
1237.87
1246.66
1255.07
1262.85
1270.77
1276.84
1283.95
1288.31
1292.84
1297.2
1295.66
1295.2
1292.86
1292.95
1289.83
1288.53
1287.21
1281.53
869.41
1690.98
688.934
693.725
698.639
703.758
709.08
714.612
720.368
726.345
732.558
738.998
745.665
752.641
759.745
767.141
774.905
782.853
791.075
799.54
808.241
817.166
826.323
835.699
845.296
855.094
865.093
875.264
885.611
896.1
906.737
917.481
928.344
939.28
950.307
961.372
972.5
983.633
994.803
1005.95
1017.11
1028.21
1039.31
1050.32
1061.31
1072.2
1083.04
1093.76
1104.44
1115
1125.54
1136
1146.5
1156.92
1167.4
1177.76
1187.86
1197.65
1206.9
1215.47
1223.41
1231.33
1238.34
1245.84
1251.81
1258.7
1263.1
1269.69
1271.86
1277.76
1277.48
1283.3
1280.92
1283.45
1279.98
1282.44
1280.55
1282.47
1282.39
1282.46
893.372
1684.59
689.527
694.398
699.393
704.604
710.021
715.661
721.524
727.623
733.95
740.514
747.314
754.465
761.808
769.46
777.302
785.364
793.734
802.373
811.257
820.36
829.689
839.222
848.969
858.9
869.024
879.302
889.746
900.309
911.012
921.798
932.695
943.641
954.671
965.717
976.823
987.914
999.043
1010.13
1021.23
1032.27
1043.3
1054.24
1065.16
1075.98
1086.77
1097.47
1108.14
1118.76
1129.42
1140.02
1150.7
1161.26
1171.61
1181.77
1191.26
1200.17
1208.21
1215.99
1223.28
1230.87
1237.42
1243.71
1248.61
1254.56
1257.17
1261.09
1261.91
1266.19
1263.18
1268.23
1266.46
1270.27
1269.39
1273
1273.73
1276.48
1277.93
1280.08
900.94
1682.06
690.364
695.343
700.446
705.779
711.328
717.112
723.129
729.397
735.897
742.662
749.666
757.03
764.605
772.522
780.606
788.912
797.515
806.388
815.518
824.862
834.428
844.184
854.146
864.271
874.579
885.018
895.612
906.3
917.114
927.985
938.956
949.948
961.015
972.071
983.181
994.252
1005.36
1016.4
1027.45
1038.42
1049.38
1060.25
1071.1
1081.85
1092.6
1103.28
1114.01
1124.71
1135.5
1146.17
1156.73
1167.09
1176.64
1185.71
1193.85
1201.42
1208.31
1215.26
1221.53
1227.38
1232.8
1238.09
1240.23
1245.15
1248.14
1248.09
1250.12
1253.78
1250.26
1255.4
1256.48
1260.05
1261.83
1265.7
1267.37
1270.67
1272.03
1274.91
891.899
1687.07
691.351
696.462
701.698
707.179
712.895
718.851
725.068
731.53
738.269
745.254
752.537
760.098
767.975
776.16
784.538
793.14
802.02
811.166
820.574
830.197
840.039
850.055
860.263
870.611
881.127
891.745
902.503
913.323
924.255
935.211
946.252
957.284
968.38
979.436
990.537
1001.57
1012.63
1023.61
1034.6
1045.49
1056.37
1067.15
1077.94
1088.65
1099.39
1110.11
1120.9
1131.58
1142.19
1152.52
1162.15
1171.32
1179.55
1186.9
1193.81
1200.2
1206.44
1212.03
1217.58
1221.95
1224.18
1229.75
1230.56
1232
1235.98
1234.64
1235.64
1240.85
1240.94
1245.32
1247.75
1252.27
1254.79
1259.73
1261.99
1266.55
1268.76
1272.52
904.847
1688.22
692.49
697.759
703.151
708.812
714.718
720.89
727.331
734.046
741.044
748.317
755.895
763.716
771.979
780.474
789.207
798.156
807.379
816.844
826.579
836.515
846.674
856.979
867.47
878.064
888.813
899.625
910.561
921.52
932.574
943.617
954.728
965.798
976.916
987.968
999.052
1010.05
1021.06
1031.97
1042.89
1053.7
1064.52
1075.26
1086.04
1096.79
1107.61
1118.4
1129.18
1139.62
1149.54
1158.8
1167.14
1174.42
1181.19
1187.1
1192.82
1198.16
1203.62
1207.22
1210.35
1214.87
1214.34
1217.82
1220.03
1217.72
1221.97
1224.69
1225.03
1229.97
1232.54
1237
1239.75
1244.64
1247.54
1252.81
1255.85
1260.93
1263.95
1268.08
902.309
1696.95
693.769
699.218
704.791
710.661
716.789
723.214
729.913
736.93
744.221
751.841
759.737
767.932
776.543
785.41
794.525
803.885
813.492
823.338
833.429
843.721
854.211
864.842
875.624
886.49
897.474
908.494
919.601
930.704
941.868
952.992
964.158
975.253
986.381
997.408
1008.46
1019.39
1030.34
1041.17
1052
1062.75
1073.51
1084.23
1094.98
1105.68
1116.34
1126.64
1136.48
1145.68
1153.97
1161.17
1167.65
1173.4
1178.9
1184.43
1189.64
1192.98
1197.4
1200.15
1200.49
1204.48
1203.67
1203.99
1208.36
1209.06
1210.46
1215.43
1217.69
1221.85
1224.57
1229.55
1232.7
1237.89
1241.29
1246.81
1250.39
1255.88
1259.48
1264.11
924.035
1699.3
695.181
700.833
706.618
712.717
719.114
725.81
732.834
740.166
747.835
755.803
764.05
772.761
781.788
791.049
800.628
810.415
820.488
830.738
841.251
851.906
862.781
873.729
884.846
895.972
907.223
918.434
929.735
940.962
952.251
963.438
974.67
985.778
996.914
1007.92
1018.93
1029.82
1040.69
1051.48
1062.26
1073
1083.76
1094.52
1105.27
1115.81
1125.98
1135.35
1143.58
1150.89
1157.13
1162.74
1167.39
1172.44
1176.72
1180.04
1184.57
1185.53
1187.62
1190.91
1188.17
1192.08
1194.16
1194.43
1197.47
1201.44
1203.49
1207.48
1210.34
1215.09
1218.18
1223.06
1226.58
1231.94
1235.75
1241.34
1245.23
1250.86
1254.78
1259.52
940.633
1694.76
696.702
702.588
708.608
714.974
721.671
728.684
736.072
743.771
751.864
760.237
768.942
778.131
787.578
797.348
807.376
817.693
828.217
838.964
849.887
860.976
872.2
883.525
894.925
906.358
917.82
929.259
940.697
952.075
963.431
974.705
985.941
997.08
1008.18
1019.16
1030.1
1040.94
1051.76
1062.47
1073.22
1083.85
1094.42
1104.67
1114.56
1123.67
1131.87
1139.11
1145.08
1150.48
1154.99
1160.05
1164.33
1168.4
1171.87
1172.72
1175.83
1176.74
1175.26
1180.03
1179.5
1181.45
1184.91
1187.82
1189.91
1193.87
1196.82
1201.25
1204.14
1208.81
1212.38
1217.52
1221.33
1226.73
1230.78
1236.46
1240.61
1246.42
1250.72
1255.62
962.848
1686.31
698.339
704.493
710.77
717.45
724.471
731.864
739.641
747.781
756.333
765.128
774.504
784.141
794.169
804.406
815.04
825.821
836.936
848.121
859.57
871.035
882.706
894.324
906.096
917.743
929.49
941.07
952.71
964.157
975.643
986.919
998.233
1009.31
1020.44
1031.33
1042.29
1053.03
1063.85
1074.55
1085.21
1095.79
1105.96
1115.6
1124.05
1131.43
1137.36
1142.45
1146.65
1150.28
1153.55
1157.5
1159.61
1161.51
1164.19
1162.62
1164.32
1167.68
1165.96
1169.87
1172.25
1174.71
1177.11
1181.07
1183.91
1187.98
1190.78
1195.36
1198.94
1203.79
1207.5
1212.63
1216.69
1222.21
1226.51
1232.25
1236.64
1242.48
1247.02
1251.97
978.624
1679.57
700.095
706.54
713.111
720.141
727.522
735.357
743.548
752.226
761.232
770.637
780.506
790.774
801.295
812.213
823.327
834.784
846.347
858.159
870.003
882
893.979
906.029
918.014
929.997
941.883
953.701
965.409
977.021
988.503
999.886
1011.13
1022.27
1033.29
1044.21
1055
1065.76
1076.23
1086.61
1096.33
1105.42
1113.64
1120.95
1126.72
1131.43
1135.52
1139.52
1143.36
1147.4
1149.15
1151.49
1152.81
1151.1
1154.33
1155.19
1154.18
1158.78
1159.8
1162.37
1165.11
1168.67
1171.26
1175.15
1178.02
1182.51
1186
1190.58
1194.16
1199.11
1203.18
1208.45
1212.68
1218.18
1222.61
1228.42
1233.03
1238.94
1243.78
1248.72
991.868
1673.05
701.949
708.707
715.625
723.011
730.855
739.109
747.872
757.024
766.59
776.696
787.257
798.061
809.327
820.777
832.644
844.573
856.863
869.066
881.569
893.857
906.387
918.617
931.038
943.119
955.315
967.195
979.1
990.717
1002.34
1013.64
1025
1035.98
1047.06
1057.85
1068.64
1079.14
1089.52
1099.13
1108.06
1115.37
1121.6
1126.4
1130.08
1132.5
1135.13
1137.84
1139.23
1141.77
1141.76
1141.38
1144.41
1142.98
1144.51
1147.83
1147.95
1151.24
1153.81
1156.83
1159.26
1162.97
1165.89
1170.13
1173.48
1177.87
1181.41
1186.26
1190.29
1195.3
1199.4
1204.68
1209.14
1214.79
1219.44
1225.24
1229.93
1235.83
1240.87
1245.81
1004.55
1666.99
703.892
711.02
718.299
726.123
734.441
743.222
752.569
762.311
772.544
783.348
794.538
806.093
818.009
830.212
842.676
855.332
868.101
880.999
893.825
906.746
919.435
932.217
944.65
957.183
969.334
981.505
993.388
1005.15
1016.72
1028.11
1039.28
1050.38
1061.1
1071.68
1081.65
1090.87
1099.07
1106.29
1112.39
1116.88
1120.49
1123.3
1127.02
1130.08
1132.3
1133.52
1131.94
1133.32
1134.6
1132.72
1136.06
1137.01
1137.13
1141.04
1142.72
1145.52
1147.96
1151.47
1154.27
1158.14
1161.3
1165.52
1169.05
1173.76
1177.67
1182.45
1186.48
1191.65
1196.12
1201.55
1206.14
1211.71
1216.43
1222.28
1227.19
1233.16
1238.3
1243.19
1010.07
1660.59
705.929
713.474
721.145
729.483
738.301
747.722
757.669
768.083
779.158
790.707
802.644
814.998
827.642
840.627
853.75
867.099
880.462
893.881
907.262
920.482
933.701
946.546
959.515
971.892
984.546
996.499
1008.71
1020.32
1031.97
1043.26
1054.4
1065.21
1075.93
1085.65
1095.15
1102.97
1109.46
1114.4
1117.9
1120.33
1121.39
1122.65
1124.51
1125.14
1124.55
1126.29
1124.24
1125.17
1127.55
1126.45
1128.92
1131.6
1132.32
1135.36
1137.58
1140.69
1143.36
1146.91
1149.91
1153.92
1157.34
1161.77
1165.5
1170.11
1174.13
1179.19
1183.59
1188.8
1193.29
1198.72
1203.49
1209.22
1214.13
1219.93
1224.87
1230.79
1236.12
1241.1
1010.16
1659.68
708.07
716.058
724.191
733.076
742.488
752.601
763.234
774.449
786.3
798.656
811.44
824.599
838.115
851.797
865.764
879.651
893.763
907.564
921.535
935.037
948.649
961.761
974.85
987.618
1000.04
1012.51
1024.27
1036.3
1047.48
1058.75
1069.31
1079.08
1087.89
1095.04
1101.64
1106.85
1110.3
1112.58
1115.05
1117.67
1120.01
1118.92
1119.64
1117.8
1117.25
1119.44
1117.88
1119.13
1121.4
1121.6
1123.31
1126.36
1127.89
1130.68
1133.05
1136.24
1139.05
1142.83
1146.07
1150.17
1153.7
1158.14
1162.09
1166.95
1171.21
1176.22
1180.65
1186
1190.78
1196.34
1201.19
1206.82
1211.78
1217.67
1222.86
1228.82
1234.28
1239.14
1016.73
1651.77
710.312
718.775
727.457
736.906
747.067
757.853
769.281
781.417
794.279
807.401
821.235
835.182
849.658
864.092
878.841
893.401
908.058
922.453
936.703
950.763
964.419
978.058
991.049
1004.15
1016.62
1028.93
1040.99
1052.29
1063.94
1074.05
1084.39
1092.9
1099.76
1105.28
1109.17
1111.46
1112.27
1112.88
1113.54
1114
1113.67
1112.16
1112.6
1111.15
1111.18
1113.55
1112.65
1114.15
1116.21
1117.37
1118.99
1121.78
1123.82
1126.73
1129.2
1132.6
1135.63
1139.39
1142.77
1147.01
1150.8
1155.36
1159.42
1164.25
1168.64
1173.85
1178.54
1183.91
1188.7
1194.25
1199.27
1205.05
1210.2
1216.05
1221.23
1227.15
1232.8
1237.69
1019.17
1648.59
712.618
721.649
730.902
741.058
751.974
763.643
775.873
789.178
802.731
817.168
831.674
846.889
861.979
877.531
892.746
908.246
923.18
938.285
952.74
967.212
981.162
994.817
1008.31
1021.03
1033.96
1045.75
1057.71
1068.4
1078.33
1086.74
1093.25
1099.18
1102.94
1106.02
1107.21
1109.38
1111.25
1110.87
1109.28
1108.95
1106.94
1105.7
1106.77
1106.28
1106.08
1108.51
1108.51
1109.69
1111.75
1113.45
1115.14
1117.74
1120
1123.15
1125.84
1129.17
1132.28
1136.22
1139.78
1144.05
1147.93
1152.56
1156.83
1161.82
1166.36
1171.55
1176.28
1181.75
1186.75
1192.4
1197.49
1203.21
1208.41
1214.33
1219.72
1225.68
1231.34
1236.15
1015.92
1650.64
715.025
724.699
734.608
745.54
757.388
769.838
783.473
797.474
812.534
827.616
843.638
859.418
875.855
891.836
908.197
923.859
939.804
954.801
970.139
984.386
998.981
1012.48
1026.12
1038.98
1051.28
1063.27
1074.04
1084.13
1092.51
1099.11
1103.88
1106.56
1108.39
1108.32
1107.83
1107.35
1106.65
1105.78
1103.4
1103.05
1101.79
1100.67
1102.1
1102.69
1101.81
1104.05
1104.99
1105.93
1107.93
1110.04
1111.89
1114.51
1116.92
1120.06
1122.98
1126.57
1129.82
1133.74
1137.41
1141.8
1145.89
1150.61
1154.98
1159.97
1164.63
1169.94
1174.85
1180.33
1185.35
1190.98
1196.21
1202.05
1207.42
1213.33
1218.72
1224.65
1230.48
1235.33
1022.19
1647.73
717.538
727.979
738.543
750.503
763.174
776.892
791.307
806.95
822.644
839.522
856.042
873.475
890.301
907.598
924.213
940.876
956.847
972.724
987.855
1002.89
1017.07
1031.2
1044.2
1057.04
1068.48
1078.58
1087.22
1093.19
1099.08
1102.4
1104.64
1105.33
1107.16
1106.45
1105.56
1103.34
1101.82
1100.14
1098.39
1098.41
1098.18
1097.21
1098.16
1099.55
1098.68
1100.21
1101.72
1102.78
1104.54
1106.84
1108.87
1111.51
1114
1117.27
1120.31
1123.91
1127.31
1131.35
1135.15
1139.53
1143.68
1148.45
1152.97
1158.07
1162.84
1168.14
1173.08
1178.61
1183.78
1189.5
1194.8
1200.62
1206.03
1212
1217.55
1223.52
1229.36
1234.13
1022.75
1646.6
720.17
731.348
742.877
755.684
769.592
784.32
800.574
816.831
834.648
851.898
870.532
888.099
906.727
924.028
941.936
958.553
975.444
991.178
1007.02
1021.77
1036.31
1049.81
1063.01
1074.09
1085.4
1092.76
1099.78
1103.78
1106.33
1106.38
1106.06
1105.29
1103.92
1102.25
1100.09
1097.8
1096.71
1095.23
1094.73
1094.06
1094.38
1094.43
1094.13
1096.13
1096.17
1096.97
1098.73
1100.17
1101.87
1104.22
1106.41
1109.22
1111.86
1115.07
1118.24
1122.03
1125.58
1129.64
1133.53
1138.02
1142.35
1147.21
1151.82
1156.94
1161.8
1167.18
1172.26
1177.81
1183.02
1188.74
1194.14
1200.05
1205.58
1211.56
1217.12
1223.07
1229
1233.82
1019.99
1649.12
722.879
735.044
747.453
761.574
776.455
793.138
810.074
828.696
846.873
866.619
885.221
905.127
923.376
942.603
959.966
978.075
994.396
1011.27
1026.5
1041.69
1055.68
1068.36
1079.67
1087.87
1095.06
1099.49
1103.21
1104.75
1104.96
1105.25
1104.39
1102.55
1099.52
1097.98
1095.53
1093.91
1093.04
1091.87
1091.79
1091.06
1091.18
1091.99
1091.17
1092.76
1093.69
1094.3
1095.86
1097.62
1099.37
1101.68
1103.97
1106.82
1109.58
1112.9
1116.13
1119.87
1123.5
1127.67
1131.69
1136.21
1140.56
1145.42
1150.1
1155.27
1160.19
1165.55
1170.65
1176.2
1181.49
1187.25
1192.7
1198.59
1204.14
1210.13
1215.78
1221.75
1227.72
1232.5
1024.79
1645.99
725.724
738.879
752.577
767.767
784.57
802.137
821.553
840.721
861.593
881.423
902.606
922.132
942.604
961.078
980.354
997.44
1015.53
1031.1
1047.39
1061.13
1075.08
1085.33
1094.94
1101.21
1105.11
1107.7
1107.24
1106.37
1104.79
1102.32
1100.01
1097.6
1094.89
1093.84
1091.5
1090.64
1089.72
1088.57
1088.53
1088.39
1087.98
1089.27
1088.96
1089.67
1091.15
1092.18
1093.57
1095.45
1097.33
1099.71
1102.1
1105.07
1107.98
1111.34
1114.66
1118.52
1122.3
1126.54
1130.67
1135.29
1139.8
1144.76
1149.55
1154.75
1159.76
1165.19
1170.42
1176.06
1181.46
1187.26
1192.82
1198.78
1204.46
1210.5
1216.23
1222.22
1228.33
1233.11
1027.08
1644.5
728.618
743.201
757.977
774.798
792.948
813.07
833.254
855.309
876.513
899.06
920.125
941.846
961.864
982.053
1000.58
1019.33
1036.04
1052.87
1066.99
1080.06
1089.9
1096.38
1101.75
1105.02
1106.07
1106.63
1106.04
1104.28
1101.64
1098.4
1096.56
1094.03
1092.04
1090.99
1088.82
1088.27
1087.5
1086.3
1085.98
1086.15
1085.49
1086.72
1087.13
1087.26
1088.68
1090.09
1091.5
1093.39
1095.27
1097.66
1100.13
1103.1
1106.08
1109.52
1112.89
1116.7
1120.48
1124.76
1128.99
1133.63
1138.15
1143.07
1147.87
1153.07
1158.11
1163.51
1168.73
1174.32
1179.73
1185.5
1191.05
1196.94
1202.57
1208.55
1214.28
1220.2
1226.24
1230.93
1022.26
1646.77
731.709
747.69
764.183
782.415
803.209
824.246
847.718
870.122
894.614
916.834
940.72
961.645
983.755
1003.14
1023.16
1040.87
1058.51
1072.32
1087.56
1094.9
1103.74
1107.76
1109.81
1109.3
1108.07
1105.87
1103.02
1100.18
1097.46
1094.36
1093.2
1090.83
1089.18
1088.06
1086.06
1085.63
1085.1
1083.96
1083.54
1083.92
1083.53
1084.26
1085.25
1085.58
1086.7
1088.27
1089.87
1091.84
1093.83
1096.27
1098.81
1101.87
1104.98
1108.49
1111.96
1115.87
1119.8
1124.18
1128.52
1133.25
1137.9
1142.92
1147.84
1153.11
1158.24
1163.74
1169.11
1174.83
1180.37
1186.22
1191.88
1197.86
1203.63
1209.68
1215.5
1221.51
1227.75
1232.52
1028.68
1644.33
734.945
752.789
770.813
791.793
813.649
838.445
862.252
888.703
912.492
938.568
960.815
985.011
1005.28
1026.95
1045.71
1063.52
1079.25
1089.82
1099.98
1103.02
1107.88
1109.06
1109.49
1108.59
1106.04
1102.86
1099.6
1097.26
1094.83
1092.36
1090.93
1088.58
1087.16
1086.17
1084.35
1083.76
1083.2
1082.17
1081.66
1081.99
1082.15
1082.19
1083.37
1084.14
1085.09
1086.58
1088.25
1090.32
1092.38
1094.81
1097.38
1100.42
1103.55
1107.09
1110.63
1114.54
1118.48
1122.85
1127.22
1131.97
1136.64
1141.63
1146.53
1151.75
1156.87
1162.31
1167.65
1173.28
1178.76
1184.52
1190.11
1196
1201.73
1207.72
1213.5
1219.4
1225.51
1230.3
1027.42
1643.3
738.467
758.015
778.633
801.279
826.895
852.553
880.591
906.811
934.675
959.236
985.177
1007
1030.53
1049.51
1070.31
1083.06
1098.47
1104.9
1110.83
1113.21
1112.62
1111.37
1108.62
1105.57
1102.39
1099.53
1096.31
1094.71
1092.35
1090.15
1088.43
1086.08
1085.05
1084.15
1082.5
1081.84
1081.26
1080.57
1080.04
1080.26
1080.87
1080.75
1081.74
1082.87
1083.93
1085.42
1087.11
1089.24
1091.46
1094.01
1096.66
1099.74
1102.95
1106.57
1110.24
1114.27
1118.35
1122.8
1127.27
1132.08
1136.84
1141.9
1146.9
1152.2
1157.43
1162.95
1168.39
1174.1
1179.68
1185.53
1191.24
1197.19
1202.99
1209.05
1215
1221.08
1227.37
1232.14
1027.84
1645.33
742.158
764.176
787.044
813.387
840.512
870.586
899.036
929.496
956.236
984.619
1008.07
1033.49
1053.96
1074.6
1089.96
1099.25
1107.35
1110.96
1112.28
1113.66
1112.64
1109.63
1106.1
1102.65
1099.97
1097.52
1094.81
1093
1090.59
1088.62
1086.92
1084.67
1083.69
1082.74
1081.16
1080.44
1079.69
1079.35
1078.83
1078.89
1079.66
1079.74
1080.45
1081.68
1082.91
1084.44
1086.11
1088.23
1090.52
1093.12
1095.81
1098.86
1102.05
1105.64
1109.3
1113.26
1117.24
1121.55
1125.91
1130.63
1135.35
1140.36
1145.3
1150.48
1155.62
1161.1
1166.55
1172.26
1177.87
1183.72
1189.47
1195.45
1201.28
1207.33
1213.31
1219.46
1225.83
1230.65
1030.48
1643.37
746.283
770.796
797.576
826.012
858.013
889.095
922.095
952.115
982.342
1009
1035.52
1057.52
1081.44
1092.69
1107.57
1112.52
1117.06
1117.36
1116.02
1112.86
1109.57
1106.1
1103.02
1099.84
1097.71
1095.34
1092.83
1090.73
1088.3
1086.67
1085.13
1083.19
1082.14
1081.18
1079.77
1079.13
1078.4
1078.22
1077.94
1077.73
1078.57
1078.92
1079.56
1080.74
1082.06
1083.72
1085.49
1087.64
1090.02
1092.74
1095.55
1098.68
1101.96
1105.64
1109.45
1113.58
1117.74
1122.19
1126.67
1131.48
1136.3
1141.36
1146.39
1151.69
1157
1162.58
1168.09
1173.81
1179.46
1185.3
1191
1196.96
1202.94
1209.13
1215.12
1220.98
1226.95
1231.61
1032.18
1642.64
750.954
778.788
808.593
842.415
876.1
912.501
945.316
979.398
1008.16
1036.86
1062.35
1082.65
1101.16
1106.71
1113.96
1116.66
1117.86
1117.46
1114.43
1110.72
1107.06
1104.12
1101.53
1098.76
1096.51
1093.97
1091.65
1089.43
1087.02
1085.54
1084.01
1082.19
1080.99
1079.83
1078.58
1078.02
1077.34
1077.07
1077.07
1076.79
1077.52
1078.01
1078.69
1079.81
1081.16
1082.82
1084.61
1086.67
1088.91
1091.47
1094.16
1097.16
1100.33
1103.93
1107.72
1111.84
1116.02
1120.45
1124.89
1129.64
1134.44
1139.52
1144.64
1150.05
1155.46
1161.06
1166.59
1172.31
1177.94
1183.76
1189.49
1195.44
1201.3
1207.26
1213.06
1218.9
1225.28
1230.19
1029.33
1644.44
756.702
787.605
823.111
859.544
899.635
936.063
974.483
1005.5
1039.31
1062.53
1091.4
1102.18
1115.99
1121.33
1122.59
1121.56
1118.45
1114.9
1111.29
1107.92
1104.6
1102.14
1099.7
1097.13
1094.66
1092.07
1089.97
1087.84
1085.63
1084.25
1082.71
1081.04
1079.77
1078.48
1077.41
1076.87
1076.28
1075.77
1075.93
1075.76
1076.22
1076.82
1077.59
1078.7
1080.03
1081.76
1083.69
1085.9
1088.3
1091.03
1093.9
1097.08
1100.45
1104.19
1108.09
1112.26
1116.49
1120.97
1125.52
1130.39
1135.32
1140.52
1145.76
1151.22
1156.62
1162.22
1167.83
1173.64
1179.35
1185.23
1191.09
1197.15
1203.02
1208.97
1214.71
1220.65
1227.03
1231.89
1033.93
1642.89
763.47
798.978
838.618
881.971
924.162
965.585
1003.49
1036.8
1067.99
1091.26
1110.07
1115.06
1122.12
1123.35
1123.72
1120.8
1117.05
1112.99
1109.7
1106.85
1103.9
1101.3
1098.67
1096.11
1093.45
1090.79
1088.76
1086.64
1084.5
1082.91
1081.23
1079.63
1078.33
1076.93
1075.98
1075.46
1074.81
1074.23
1074.37
1074.37
1074.61
1075.37
1076.08
1076.98
1078.18
1079.85
1081.8
1084.05
1086.49
1089.25
1092.2
1095.47
1098.92
1102.67
1106.55
1110.73
1115.03
1119.6
1124.27
1129.16
1134.03
1139.12
1144.28
1149.66
1155.03
1160.55
1166.01
1171.67
1177.31
1183.12
1188.87
1194.75
1200.58
1206.65
1212.58
1218.42
1224.84
1229.71
1031.75
1642.74
771.852
811.672
859.494
905.94
955.475
995.601
1037.79
1066.69
1099.07
1114.09
1125.35
1129.98
1128.38
1125.57
1121.59
1117.56
1113.82
1110.19
1107.31
1104.69
1102.05
1099.34
1096.57
1094.09
1091.49
1088.97
1086.97
1084.86
1082.85
1081.11
1079.35
1077.91
1076.68
1075.33
1074.38
1073.82
1073.14
1072.66
1072.88
1072.95
1073.46
1074.18
1075.12
1076.26
1077.73
1079.56
1081.6
1083.96
1086.51
1089.38
1092.47
1095.88
1099.41
1103.2
1107.14
1111.41
1115.82
1120.48
1125.19
1130.04
1134.94
1140.12
1145.36
1150.83
1156.3
1161.95
1167.53
1173.27
1179
1184.94
1190.81
1196.73
1202.49
1208.45
1214.52
1220.85
1227.29
1231.95
1032.31
1644.5
782.404
829.695
882.672
937.875
988.098
1031.91
1069.19
1096.55
1116.91
1125.08
1126.29
1127.68
1125.41
1121.33
1116.35
1112.2
1108.98
1106.12
1103.6
1101.14
1098.68
1095.94
1093.21
1090.92
1088.63
1086.54
1084.65
1082.75
1081.01
1079.33
1077.7
1076.41
1075.31
1074.02
1073.1
1072.52
1071.86
1071.47
1071.78
1071.9
1072.44
1073.05
1074.11
1075.4
1076.92
1078.77
1080.86
1083.19
1085.7
1088.48
1091.48
1094.76
1098.21
1101.93
1105.83
1110.02
1114.34
1118.87
1123.45
1128.23
1133.17
1138.38
1143.62
1149.01
1154.41
1159.99
1165.58
1171.32
1177.05
1182.96
1188.8
1194.68
1200.43
1206.32
1212.41
1218.69
1225.02
1229.6
1031.18
1643.1
796.59
849.948
914.91
970.546
1026.71
1062.74
1100.65
1118.34
1125.93
1129.62
1126.58
1121.21
1116.02
1112.08
1109.14
1106.52
1104.17
1101.82
1099.31
1096.84
1094.48
1091.91
1089.39
1087.29
1085.2
1083.28
1081.41
1079.61
1078.03
1076.43
1074.91
1073.76
1072.75
1071.59
1070.77
1070.28
1069.78
1069.46
1069.72
1069.93
1070.35
1071.01
1071.98
1073.27
1074.79
1076.65
1078.75
1081.09
1083.58
1086.34
1089.34
1092.62
1096.04
1099.69
1103.49
1107.55
1111.76
1116.22
1120.77
1125.56
1130.51
1135.7
1140.95
1146.42
1151.93
1157.62
1163.31
1169.19
1175.09
1181.14
1187.12
1193.24
1199.35
1205.65
1211.93
1218.13
1224.63
1229.54
1030.54
1643.02
814.477
880.167
947.915
1009.08
1054.39
1084.36
1108.23
1119.18
1118.95
1118.83
1115.92
1113.42
1109.83
1106.45
1104.05
1101.58
1099.17
1096.66
1093.99
1091.43
1089.26
1086.99
1084.71
1082.62
1080.54
1078.55
1076.56
1074.78
1073.22
1071.61
1070.19
1069.14
1068.18
1067.2
1066.41
1066.02
1065.8
1065.56
1065.99
1066.35
1066.91
1067.73
1068.81
1070.14
1071.65
1073.45
1075.49
1077.77
1080.23
1082.96
1085.93
1089.18
1092.63
1096.33
1100.19
1104.31
1108.61
1113.19
1117.9
1122.86
1127.94
1133.24
1138.61
1144.21
1149.84
1155.63
1161.43
1167.4
1173.36
1179.45
1185.48
1191.66
1197.84
1204.17
1210.37
1216.51
1223.09
1228.06
1026.08
1644.65
836.574
909.077
986.867
1031.6
1075.73
1099.61
1110.14
1118.02
1115.79
1111.66
1106.15
1104.02
1103.36
1101.69
1099.53
1097.15
1094.7
1092.29
1089.76
1087.23
1084.94
1082.65
1080.45
1078.24
1076.25
1074.31
1072.31
1070.56
1068.95
1067.35
1065.93
1064.77
1063.82
1062.93
1062.14
1061.73
1061.66
1061.43
1061.96
1062.42
1063.16
1064.15
1065.34
1066.75
1068.31
1070.11
1072.17
1074.48
1076.99
1079.74
1082.72
1086.01
1089.5
1093.29
1097.27
1101.55
1106.01
1110.76
1115.65
1120.77
1125.98
1131.4
1136.89
1142.61
1148.35
1154.24
1160.12
1166.15
1172.14
1178.28
1184.35
1190.57
1196.74
1203.05
1209.25
1215.4
1221.94
1226.84
1025.12
1643.46
862.772
942.345
1013.28
1055.27
1088.42
1115.36
1119.58
1119.69
1116.44
1113.82
1110.45
1106.63
1104.13
1102.07
1099.76
1097.24
1094.66
1092.01
1089.13
1086.31
1083.59
1081.07
1078.71
1076.25
1074.16
1072.06
1069.98
1068.19
1066.42
1064.83
1063.39
1062.09
1061.11
1060.29
1059.54
1059.12
1059.13
1058.88
1059.42
1059.92
1060.7
1061.72
1062.91
1064.32
1065.93
1067.78
1069.91
1072.34
1075.02
1077.97
1081.17
1084.65
1088.37
1092.37
1096.56
1100.99
1105.57
1110.4
1115.34
1120.49
1125.69
1131.07
1136.52
1142.16
1147.8
1153.59
1159.36
1165.28
1171.14
1177.14
1183.1
1189.18
1195.2
1201.33
1207.37
1213.4
1219.85
1224.68
1021.4
1643.68
919.375
1024.02
1099.72
1136.25
1148.63
1146.75
1138.34
1129.03
1123.76
1119.18
1116.38
1113.21
1109.84
1106.52
1103.14
1099.65
1096.28
1093.04
1089.91
1086.97
1083.98
1081.37
1078.88
1076.32
1074.07
1071.79
1069.71
1067.82
1065.88
1064.39
1062.98
1061.47
1060.52
1059.79
1059.06
1058.57
1058.4
1058.18
1058.6
1059.01
1059.73
1060.71
1061.95
1063.5
1065.33
1067.45
1069.87
1072.67
1075.77
1079.13
1082.64
1086.37
1090.3
1094.46
1098.73
1103.22
1107.83
1112.66
1117.6
1122.75
1127.92
1133.24
1138.57
1144.06
1149.59
1155.31
1161.01
1166.84
1172.62
1178.52
1184.39
1190.41
1196.34
1202.34
1208.28
1214.25
1220.62
1225.47
1021.64
1645.27
995.728
1100.41
1152.5
1160.41
1163.48
1150.63
1141.79
1137.52
1129.93
1125.53
1122.1
1118.15
1113.59
1108.84
1104.75
1100.83
1097.18
1093.64
1090.41
1087.4
1084.21
1081.62
1079.13
1076.55
1074.25
1071.87
1069.81
1067.87
1065.82
1064.46
1063.09
1061.42
1060.56
1059.86
1059.11
1058.58
1058.3
1058.25
1058.45
1058.84
1059.49
1060.43
1061.64
1063.16
1064.97
1067.09
1069.54
1072.41
1075.62
1079.17
1082.88
1086.78
1090.77
1094.95
1099.19
1103.61
1108.1
1112.83
1117.68
1122.73
1127.8
1133
1138.18
1143.51
1148.86
1154.42
1160
1165.7
1171.34
1177.1
1182.85
1188.74
1194.53
1200.36
1206.18
1212.09
1218.45
1223.18
1019.29
1643.71
)
;

boundaryField
{
    inlet
    {
        type            calculated;
        value           nonuniform List<scalar> 
40
(
108.49
108.692
108.797
108.733
108.448
107.939
107.217
106.287
105.185
103.943
102.604
101.194
99.7394
98.25
96.7359
95.1967
93.6355
92.0467
90.4286
88.7714
87.0692
85.3102
83.4909
81.6073
79.6713
77.6996
75.7284
73.7931
71.9421
70.2056
68.621
67.1938
65.9512
64.8764
63.9889
63.2432
62.6889
62.2635
62.0807
61.8315
)
;
    }
    outlet
    {
        type            calculated;
        value           nonuniform List<scalar> 
40
(
1684.12
1690.98
1684.59
1682.06
1687.07
1688.22
1696.95
1699.3
1694.76
1686.31
1679.57
1673.05
1666.99
1660.59
1659.68
1651.77
1648.59
1650.64
1647.73
1646.6
1649.12
1645.99
1644.5
1646.77
1644.33
1643.3
1645.33
1643.37
1642.64
1644.44
1642.89
1642.74
1644.5
1643.1
1643.02
1644.65
1643.46
1643.68
1645.27
1643.71
)
;
    }
    axis
    {
        type            symmetryPlane;
    }
    wall
    {
        type            calculated;
        value           nonuniform List<scalar> 
200
(
61.8313
65.5368
68.0842
70.0601
71.4059
72.1909
72.5793
72.7719
72.8448
72.9032
73.0073
73.1612
73.3449
73.5629
73.8317
74.1621
74.5969
75.1584
75.8525
76.6733
77.6144
78.6753
79.8659
81.1995
82.6883
84.3394
86.1542
88.1297
90.2599
92.537
94.9518
97.4936
100.151
102.91
105.76
108.69
111.69
114.757
117.888
121.084
124.348
127.683
131.092
134.576
138.135
141.767
145.466
149.227
153.043
156.91
160.824
164.782
168.783
172.828
176.92
181.061
185.252
189.494
193.781
198.107
202.477
206.93
211.495
216.077
220.631
225.174
229.722
234.283
238.862
243.467
248.105
252.787
257.52
262.304
267.131
272
276.913
281.877
286.897
291.978
297.125
302.344
307.639
313.015
318.475
324.021
329.658
335.39
341.225
347.167
353.224
359.402
365.711
372.156
378.749
385.496
392.41
399.498
406.777
414.255
421.952
429.878
438.06
446.508
455.262
464.33
473.768
483.588
493.87
504.631
515.99
527.984
540.798
554.526
569.501
586.021
604.814
627.386
656.513
712.027
955.999
1073.38
1145.74
1159.65
1163.47
1150.57
1141.72
1137.49
1129.92
1125.53
1122.1
1118.15
1113.59
1108.83
1104.74
1100.83
1097.18
1093.64
1090.4
1087.39
1084.2
1081.61
1079.13
1076.55
1074.25
1071.87
1069.81
1067.87
1065.82
1064.46
1063.09
1061.42
1060.56
1059.86
1059.11
1058.58
1058.3
1058.25
1058.45
1058.84
1059.49
1060.43
1061.64
1063.15
1064.97
1067.09
1069.54
1072.41
1075.62
1079.17
1082.87
1086.78
1090.77
1094.95
1099.19
1103.6
1108.1
1112.83
1117.67
1122.72
1127.79
1132.99
1138.18
1143.5
1148.85
1154.41
1159.99
1165.69
1171.33
1177.09
1182.84
1188.73
1194.52
1200.35
1206.17
1212.08
1218.44
1223.17
1019.27
1643.71
)
;
    }
    frontAndBack
    {
        type            empty;
    }
}


// ************************************************************************* //
