/*--------------------------------*- C++ -*----------------------------------*\
  =========                 |
  \\      /  F ield         | OpenFOAM: The Open Source CFD Toolbox
   \\    /   O peration     | Website:  https://openfoam.org
    \\  /    A nd           | Version:  13
     \\/     M anipulation  |
\*---------------------------------------------------------------------------*/
FoamFile
{
    format      ascii;
    class       volScalarField;
    location    "0.6";
    object      rho;
}
// * * * * * * * * * * * * * * * * * * * * * * * * * * * * * * * * * * * * * //

dimensions      [1 -3 0 0 0 0 0];

internalField   nonuniform List<scalar> 
2016
(
992.216
993.689
993.745
994.577
992.138
956.343
942.439
994.698
973.582
879.844
880.365
983.517
879.435
879.891
941.494
996.622
879.435
939.444
998.052
997.537
975.93
998.465
998.282
947.001
999.911
999.895
987.592
443.635
999.911
999.91
578.749
38.2584
999.911
987.401
159.809
1.34633
999.911
609.388
29.0475
1.13349
999.911
336.278
1.50232
1.31306
999.91
262.026
1.33928
1.34898
997.14
240.998
1.2246
1.20633
958.883
228.139
1.20576
1.20505
917.471
219.073
1.19861
1.20152
881.882
223.81
1.19685
1.19673
867.576
291.208
1.19581
1.19538
866.186
376.97
1.19538
1.19532
864.442
512.052
1.19532
1.19532
862.563
655.567
1.19611
1.19542
836.261
760.209
129.466
1.1973
801.954
810.075
327.76
1.20017
813.997
814.018
501.917
1.32403
802.032
802.03
637.37
13.1974
785.983
801.301
483.159
1.00503
798.745
792.615
268.662
1.00425
911.6
697.5
100.274
1.00331
932.533
565.553
26.4766
1.00203
951.425
446.446
11.1494
1.00107
977.577
427.243
10.456
1.00074
994.801
442.095
14.9727
1.00069
999.659
513.076
21.513
1.00402
999.659
705.765
46.2329
1.08412
999.659
976.124
179.625
1.79348
999.659
999.657
682.772
54.1088
999.658
999.482
999.395
590.041
976.297
987.623
996.505
996.29
928.87
928.884
982.754
996.155
928.829
928.871
959.65
996.36
933.866
981.971
979.088
996.432
993.141
996.637
996.639
996.62
995.244
996.633
996.639
995.339
994.704
994.686
994.613
994.618
994.621
994.616
992.472
988.083
988.06
988.807
986.785
935.683
874.93
851.803
851.454
851.292
851.119
851.031
850.885
850.713
848.555
790.232
646.384
458.829
391.182
395.814
365.064
142.356
311.495
620.659
620.694
620.694
620.69
614.668
643.984
660.234
660.234
223.585
3.51782
3.44886
2.93852
1
994.719
994.705
994.478
994.622
994.622
994.618
994.601
994.458
915.726
258.121
1.11275
10.7204
7.65258
3.42566
5.00988
11.8216
16.8047
20.6862
27.0317
45.89
44.8067
38.8443
25.2269
1.14443
1.11868
1.55442
1.114
1.54478
2.37473
7.79354
33.5302
68.2526
59.3866
49.8684
61.9293
192.591
543.358
516.623
118.826
1.02039
1.00007
1
994.82
975.464
994.613
994.622
994.622
994.609
924.893
561.813
121.076
1.10862
1.08539
1.083
1.08003
1.07796
1.07794
1.07745
1.08016
1.08448
1.09135
1.10094
1.11187
1.11583
1.10294
1.09833
1.09859
1.10035
1.09881
1.10176
1.11473
1.17125
1.38971
1.50491
1.8147
1.6106
1.51313
2.11258
76.1295
408.127
405.35
105.769
1
1
996.037
825.999
829.407
718.873
535.381
356.66
190.936
37.4552
1.50858
1.16327
1.14655
1.35045
1.16404
1.07747
1.07194
1.13222
1.19567
1.27234
1.3529
1.34331
1.34058
1.32076
1.09747
1.08324
1.09783
1.0986
1.10142
1.10839
1.11844
1.11822
1.13595
1.18378
1.22757
1.24309
1.25859
1.37568
2.01983
62.6487
346.242
344.933
140.176
1
886.509
548.508
141.459
52.8297
10.2145
3.03865
3.08634
1.81335
1.75771
1.28952
2.02817
2.29257
2.28159
1.33846
1.04901
1.34311
1.3626
1.3626
1.35882
1.33443
1.10438
1.03026
1.05109
1.07577
1.16693
1.28801
1.42711
1.40173
1.48718
1.49987
1.23339
1.2328
1.23891
1.23891
1.23902
1.24939
1.37763
2.30622
52.6923
211.195
209.329
168.908
588.102
148.57
2.03708
1.27981
2.16645
2.59059
2.98737
3.18881
2.60737
1.55193
2.29257
2.29257
2.29257
1.5824
1.00648
1.00049
1.18249
1.17879
1.01629
1.00088
1.00352
1.02501
1.12604
1.59263
1.6516
1.64792
1.64644
1.64567
1.64226
1.63578
1.63076
1.62354
1.59331
1.41146
1.25306
1.26737
1.28543
1.5125
2.93907
8.27811
75.7335
165.029
122.05
2.18828
1.25967
1.13125
1.12077
1.11826
1.10704
1.10067
1.09544
1.26535
2.20415
2.29257
1.78682
1.0166
1.00113
1.0001
1.00004
1.00002
1.00002
1.00033
1.00751
1.50308
1.6515
1.6516
1.65258
1.65258
1.64743
1.62219
1.59723
1.43326
1.35723
1.58586
1.57407
1.56491
1.55402
1.32368
1.30124
1.34169
1.6142
2.35231
3.25552
26.8091
2.1093
1.34173
1.1384
1.12558
1.12369
1.12118
1.10614
1.09545
1.09378
1.09417
1.23035
1.187
1.00256
1.00146
1.0007
1.00059
1.00033
1.00001
1.00002
1.0002
1.48144
1.64729
1.65024
1.65257
1.65212
1.64117
1.35748
1.17105
1.14908
1.14348
1.14127
1.14073
1.15534
1.32493
1.5195
1.47069
1.33515
1.35375
1.39937
1.58717
1.89645
2.43115
1.13898
1.13184
1.13441
1.13349
1.12714
1.1601
1.15781
1.135
1.16544
1.09091
1.0022
1.00097
1.0012
1.00211
1.00076
1.00051
1.00037
1.00001
1.00001
1.08916
1.60121
1.63399
1.64695
1.64692
1.56621
1.15207
1.15247
1.16427
1.15658
1.14622
1.14081
1.14058
1.14058
1.14134
1.24949
1.41689
1.38163
1.3855
1.41886
1.4378
1.57474
1.62542
1.12843
1.12846
1.12895
1.36913
2.06262
2.57044
2.05971
1.30583
1.26386
1.1906
1.03428
1.00007
1
1
1
1
1
1
1
1.04314
1.18586
1.43109
1.5643
1.41569
1.03381
1.07779
1.13012
1.1729
1.19813
1.19255
1.40456
1.40704
1.2073
1.15231
1.16141
1.34494
1.37052
1.39145
1.40085
1.43426
1.45352
1.4447
1.2502
1.39184
2.21606
2.72348
2.72624
2.70443
2.11222
1.32623
1.24907
1.12864
1.00047
1
1
1
1
1
1.00002
1
1.00105
1.00036
1.00017
1.00007
1.00019
1.00082
1.01087
1.07414
1.247
1.42173
1.43085
1.42082
1.41474
1.4126
1.4039
1.34754
1.10623
1.11019
1.35383
1.35971
1.39127
1.40906
1.41409
1.38702
2.1432
2.80445
2.80466
2.71459
1.69675
1.13426
1.00018
1.0648
1.02835
1
1
1
1
1
1
1
1.00002
1.00001
1.00398
1.00162
1.00005
1.00005
1.00006
1.00008
1.00669
1.38383
1.43291
1.43494
1.43373
1.43198
1.41337
1.40468
1.34972
1.15487
1.06842
1.07058
1.153
1.34912
1.36372
1.39386
1.38716
1.38341
2.05293
2.80466
2.76779
1.08187
1.0002
1.00017
1.00015
1
1
1.00023
1.00004
1
1
1
1
1
1.00001
1
1.00394
1.00189
1.00003
1.00003
1.00005
1.00011
1.17524
1.43233
1.43543
1.43526
1.43488
1.32154
1.05241
1.04645
1.04926
1.05153
1.05223
1.05655
1.07133
1.30472
1.36761
1.37082
1.38281
1.36527
1.30237
2.80425
1.42628
1.00012
1.00146
1.00185
1.00114
1
1
1
1
1
1
1
1
1
1
1
1.00048
1
1.00001
1.00003
1.0001
1.00059
1.42507
1.43482
1.43547
1.43547
1.42711
1.0468
1.04548
1.04538
1.04549
1.04641
1.04755
1.04963
1.05607
1.26526
1.36506
1.37168
1.36573
1.36492
1.49226
2.68849
1
1.00008
1.00158
1.00159
1
1
1
1
1
1
1
1
1
1
1
1.00001
1
1
1.00001
1.0001
1.00082
1.02081
1.43346
1.43519
1.43547
1.43493
1.13505
1.04542
1.04539
1.04538
1.04539
1.04551
1.04593
1.0468
1.04925
1.16563
1.36866
1.36643
1.36721
1.3519
1.82575
2.00155
1
1
1
1
1
1
1
1
1
1
1
1
1
1
1
1
1
1
1.00003
1.00017
1.0008
1.01862
1.27765
1.43348
1.43493
1.42508
1.0914
1.04544
1.04538
1.04538
1.04538
1.0454
1.0455
1.0458
1.04638
1.05659
1.36267
1.36894
1.36539
1.35196
1.4814
1.68201
1
1.00001
1.00003
1.00003
1.00001
1
1
1
1
1
1
1
1
1
1
1
1
1
1.00002
1.00011
1.00079
1.00571
1.11652
1.42785
1.43233
1.42532
1.31004
1.0464
1.04541
1.04538
1.04539
1.04539
1.04541
1.0455
1.04581
1.04839
1.21359
1.27777
1.34413
1.30884
1.19541
1.22665
1.3461
1.00001
1.00001
1.00038
1.0001
1
1
1
1
1
1
1
1
1
1
1
1
1
1.00001
1.00009
1.0008
1.00624
1.0975
1.41987
1.42918
1.42834
1.42152
1.06172
1.04588
1.04541
1.0454
1.0454
1.04547
1.04572
1.04703
1.05246
1.16607
1.39831
1.24808
1.18383
1.19532
1.46416
1.43862
1.00001
1.00693
1.03634
1.03005
1.00002
1
1
1
1
1
1
1
1
1
1
1
1
1.00001
1.0001
1.00075
1.00463
1.02554
1.29096
1.4288
1.43226
1.43341
1.36844
1.05188
1.04559
1.04543
1.04545
1.04564
1.04654
1.05119
1.12542
1.41047
1.41935
1.39795
1.0777
1.27128
1.84181
1.35135
1.00013
1.03753
1.07511
1.07486
1.01157
1
1
1
1
1
1
1
1
1
1
1
1
1.00001
1.00008
1.00052
1.00286
1.01492
1.1088
1.42803
1.43308
1.43699
1.44072
1.43513
1.18375
1.04552
1.0477
1.11666
1.22822
1.33551
1.41756
1.42586
1.42497
1.42044
1.28585
1.29982
1.84264
1.37436
1.00075
1.0526
1.07511
1.07511
1.03379
1
1
1
1
1
1
1
1
1
1
1
1
1.00001
1.00003
1.00018
1.00091
1.0042
1.01617
1.16446
1.42836
1.43993
1.44201
1.44236
1.44418
1.443
1.41444
1.42142
1.41996
1.42213
1.42619
1.42619
1.42519
1.41826
1.31287
1.29138
1.84221
1.52419
1.00147
1.04688
1.07511
1.07508
1.00538
1
1
1
1
1
1
1
1
1
1
1
1
1
1.00001
1.00002
1.00011
1.00049
1.00213
1.00559
1.06015
1.37073
1.43517
1.44395
1.4458
1.4458
1.4458
1.44291
1.4362
1.42466
1.42308
1.42615
1.42264
1.20237
1.04569
24.0159
1.62773
1.62743
1.00174
1.0177
1.07511
1.06926
1
1
1
1
1
1
1
1
1
1
1
1
1
1
1
1
1
1.00001
1.00004
1.00014
1.00034
1.00126
1.00938
1.08288
1.37629
1.4458
1.37515
1.27054
1.30261
1.30619
1.21883
1.13326
1.04465
1.00825
1.00065
72.0373
1.77905
1.35731
1.02807
1.01778
1.03928
1.04779
1
1
1
1
1
1
1
1
1
1
1.00001
1
1
1
1
1
1
1
1
1.00001
1.00002
1.00006
1.00019
1.00088
1.00462
1.02159
1.02132
1.01349
1.01466
1.01465
1.00969
1.00539
1.00219
1.0005
1.00002
71.4589
1.12453
1.11939
1.11242
1.03064
1.00498
1.015
1.00014
1.00001
1
1
1
1
1
1
1
1.00001
1.00004
1.00004
1.00001
1.00001
1
1
1
1
1
1
1
1.00001
1.00002
1.00009
1.00097
1.00108
1.00102
1.001
1.00098
1.00077
1.00066
1.0004
1.00015
1.00002
1
4.79599
1.25613
1.22242
1.14288
1.01297
1.00096
1.00085
1.00005
1.00001
1
1
1
1
1
1
1
1
1.0001
1.00034
1.00027
1.00006
1.00003
1.00001
1
1
1
1
1
1
1
1
1.00003
1.00006
1.00006
1.00006
1.00006
1.00004
1.00003
1.00002
1.00001
1
1
1.23182
1.25481
1.19338
1.10818
1.02165
1.00421
1.00002
1.00004
1.00001
1
1
1
1
1
1
1
1.00001
1.00006
1.00161
1.00315
1.00218
1.0004
1.00013
1.00002
1
1
1
1
1
1
1
1
1
1
1
1
1
1
1
1
1
1
1.15927
1.21014
1.02326
1.02845
1.02724
1.00424
1.00002
1.00003
1.00001
1
1
1
1
1
1
1
1.00002
1.00015
1.00183
1.02771
1.04877
1.05358
1.01302
1.00002
1
1.00003
1.00003
1
1
1
1
1
1
1
1
1
1
1
1
1
1
1
1.06532
1.00002
1.00332
1.01983
1.02084
1.00001
1.00002
1.00002
1.00001
1
1
1
1
1
1
1.00001
1.00013
1.001
1.00668
1.0657
1.82038
2.23122
1.11564
1.00007
1.0001
1.00047
1.00036
1
1
1
1
1
1
1
1
1
1
1
1
1
1
1
1.04355
1.00001
1.00074
1.00259
1.00266
1.00001
1.00002
1
1
1
1
1
1
1
1
1.00006
1.00056
1.00471
1.04488
1.80634
2.36458
2.36877
2.33572
1.38902
1.00008
1.00007
1.00006
1.00004
1.00004
1.00002
1.00001
1.00007
1.00013
1.00012
1.00009
1.00005
1.00002
1.00001
1
1
1
1
1.02766
1
1.00002
1.00001
1
1.00001
1.00001
1
1
1
1
1
1
1
1.00001
1.00007
1.00077
1.00696
1.13312
2.25569
2.37283
2.37502
2.36544
2.22754
1.17796
1.00006
1.00006
1.00005
1.00006
1.00007
1.00012
1.0014
1.00311
1.00245
1.00237
1.00116
1.00062
1.00035
1.00014
1.00002
1
1
1.00364
1
1.00001
1
1
1
1
1
1
1
1
1
1
1
1
1.00005
1.00057
1.00556
1.13603
2.32456
2.3759
2.37687
2.37357
2.34374
1.73863
1.00028
1.00006
1.00007
1.00012
1.00023
1.00066
1.00537
1.0968
1.17238
1.17091
1.05923
1.0156
1.00856
1.00265
1.00054
1.00012
1.00001
1.00069
1.00301
1.0113
1.00632
1
1
1
1
1.00001
1.00001
1
1
1
1
1
1.00002
1.00032
1.00347
1.05601
1.96951
2.37389
2.376
2.36793
2.14002
1.27071
1.12317
1.00652
1.00927
1.2358
1.52103
1.40851
1.17153
1.41432
1.53657
1.54835
1.56057
1.41313
1.1947
1.09419
1.00839
1.00241
1.00029
1.00647
1.00295
1.00948
1.04773
1.06677
1
1
1
1
1
1
1
1
1
1
1.00001
1.00011
1.00144
1.01587
1.26481
2.36143
2.37101
2.25698
1.13191
1.10207
1.09296
1.03783
1.23356
1.52951
1.52946
1.5291
1.53193
1.53886
1.55246
1.56575
1.56951
1.56888
1.57302
1.57161
1.1972
1.11303
1.05034
1.00906
1.02441
1.01029
1.01178
1.11268
1.97226
2.04067
1.02988
1
1
1
1
1
1
1
1
1
1.00003
1.00101
1.00637
1.35116
2.35882
2.35675
1.41232
1.08686
1.07965
1.06747
1.11943
1.34095
1.4332
1.25585
1.15661
1.25063
1.29064
1.3231
1.50654
1.57302
1.57302
1.57302
1.45702
1.35988
1.21655
1.05892
1.08104
1.11137
1.06793
1.07354
2.0699
2.35529
2.35118
1.83342
1.6772
1.75005
1.71343
1.08482
1.00002
1
1
1
1.00001
1.00005
1.00096
1.00625
1.36377
2.25797
2.23165
1.29955
1.0885
1.08878
1.08923
1.09585
1.09425
1.09076
1.09058
1.09056
1.09065
1.09528
1.10616
1.52804
1.57231
1.57181
1.44419
1.20094
1.19286
1.60026
1.14961
1.15008
1.06367
1.06284
1.16216
2.02495
2.37195
2.37265
2.36197
2.13953
1.50804
1.73074
1.8635
1.86251
1.85516
1.58825
1.00234
1.00045
1.00118
1.00244
1.00733
1.29399
2.15639
2.10364
1.80243
1.15226
1.09918
1.09997
1.09415
1.09077
1.09062
1.09177
1.17086
1.20612
1.31648
1.58446
1.57673
1.56302
1.24863
1.17632
1.17604
27.5083
1.52038
1.11486
1.0647
1.06217
1.06182
1.06856
1.32825
1.86585
2.003
1.48248
1.11476
1.12559
1.21347
1.26365
1.25793
1.46061
1.28072
1.10276
1.00261
1.00342
1.00608
1.01603
1.1113
1.74207
1.78735
1.7772
1.71488
1.62723
1.54779
1.16265
1.0934
1.35944
1.5914
1.58725
1.59105
1.59105
1.58583
1.32926
1.18291
1.17608
1.17605
479.351
9.48978
1.25595
1.07573
1.06206
1.06072
1.05999
1.06196
1.24837
1.3338
1.14471
1.109
1.10886
1.10884
1.10883
1.11012
1.36629
1.59937
1.60032
1.26019
1.01199
1.00807
1.0127
1.01892
1.03624
1.21231
1.32894
1.53491
1.61755
1.6218
1.6218
1.6218
1.61874
1.60925
1.5996
1.58705
1.56136
1.27255
1.20553
1.19283
1.18164
1.17775
927.811
251.137
1.8261
1.10387
1.06229
1.06008
1.06007
1.06001
1.24682
1.32699
1.213
1.11088
1.10892
1.10985
1.12012
1.12591
1.17825
1.5719
1.57824
1.58051
1.08184
1.0139
1.01481
1.01658
1.01945
1.02912
1.09854
1.21918
1.28537
1.26386
1.26023
1.26301
1.28656
1.39255
1.29697
1.2662
1.25111
1.24726
1.22517
1.20649
1.21928
1.31569
996.125
475.84
8.43591
1.40002
1.54229
1.72082
1.06147
1.07093
1.08926
1.16128
1.14163
1.11885
1.11436
1.20656
1.59624
2.41378
1.25828
1.27681
1.23172
1.09221
1.02494
1.01576
1.01657
1.03405
1.20333
1.21761
1.21527
1.21105
1.21243
1.21278
1.25089
1.25552
1.23602
1.2787
1.35627
1.30805
1.2902
1.25369
1.2551
1.71018
1.67969
1.37139
972.326
531.25
144.666
105.215
96.7204
89.9556
51.8326
17.2741
1.12224
1.15426
1.14569
1.14119
1.12289
21.892
303.584
484.814
338.801
63.2535
1.29678
1.09763
1.03457
1.01987
1.01714
1.0205
1.03906
1.05951
1.09447
1.16904
1.42141
1.40353
1.34249
1.19857
1.20437
1.38301
1.63712
2.02114
2.50452
2.17536
1.81931
1.6832
1.20175
1.11239
951.414
796.703
786.974
855.756
873.168
847.168
539.493
161.171
53.5759
32.9341
40.8176
65.3855
357.248
943.803
974.602
974.594
939.159
567.192
253.145
164.116
19.3393
1.07868
1.02071
1.02483
1.04095
1.10288
1.09938
1.15007
1.44943
1.20632
1.18676
1.18568
1.19683
8.98948
30.0526
26.1526
1.58411
1.16549
1.16106
1.16104
1
1
992.395
993.73
993.738
993.738
993.738
993.72
980.436
924.054
893.539
892.479
933.614
958.093
970.486
974.602
974.602
974.602
974.589
974.241
816.51
364.973
166.821
153.439
228.151
344.573
520.546
567.445
566.638
566.616
524.202
439.914
443.744
496.303
512.493
512.493
139.3
54.479
170.482
343.826
390.139
390.336
387.321
378.945
)
;

boundaryField
{
    leftWall
    {
        type            calculated;
        value           nonuniform List<scalar> 
46
(
992.216
993.689
993.745
994.577
994.704
994.686
994.613
994.618
994.621
994.616
992.472
988.083
988.06
988.807
986.785
935.683
874.93
851.803
851.454
851.292
851.119
851.031
850.885
850.713
848.555
790.232
646.384
458.829
391.182
395.814
365.064
142.356
311.495
620.659
620.694
620.694
620.69
614.668
643.984
660.234
660.234
223.585
3.51782
3.44886
2.93852
1
)
;
    }
    rightWall
    {
        type            calculated;
        value           nonuniform List<scalar> 
46
(
995.244
996.633
996.639
995.339
992.395
993.73
993.738
993.738
993.738
993.72
980.436
924.054
893.539
892.479
933.614
958.093
970.486
974.602
974.602
974.602
974.589
974.241
816.51
364.973
166.821
153.439
228.151
344.573
520.546
567.445
566.638
566.616
524.202
439.914
443.744
496.303
512.493
512.493
139.3
54.479
170.482
343.826
390.139
390.336
387.321
378.945
)
;
    }
    lowerWall
    {
        type            calculated;
        value           nonuniform List<scalar> 
52
(
802.032
802.03
637.37
13.1974
802.032
785.983
798.745
911.6
932.533
951.425
977.577
994.801
999.659
999.659
999.659
999.659
999.658
976.297
928.87
928.829
933.866
993.141
995.244
813.997
814.018
501.917
1.32403
992.216
992.138
973.582
879.435
879.435
975.93
999.911
999.911
999.911
999.911
999.911
999.91
997.14
958.883
917.471
881.882
867.576
866.186
864.442
862.563
836.261
801.954
813.997
72.0373
71.4589
)
;
    }
    atmosphere
    {
        type            calculated;
        value           nonuniform List<scalar> 
44
(
1
1
1
1
1
165.029
26.8091
2.43115
1.62542
1.4447
1.38702
1.38341
1.36527
1.36492
1.3519
1.35196
1.30884
1
1
1
1
1.04569
1
1
1
1
1
1
1
1
1
1
1
1
1.21655
1.19286
1.17604
1.17605
1.17775
1.31569
1.37139
1.11239
1
378.945
)
;
    }
    frontAndBack
    {
        type            empty;
    }
}


// ************************************************************************* //
