/*--------------------------------*- C++ -*----------------------------------*\
  =========                 |
  \\      /  F ield         | OpenFOAM: The Open Source CFD Toolbox
   \\    /   O peration     | Website:  https://openfoam.org
    \\  /    A nd           | Version:  13
     \\/     M anipulation  |
\*---------------------------------------------------------------------------*/
FoamFile
{
    format      ascii;
    class       volScalarField;
    location    "8";
    object      k;
}
// * * * * * * * * * * * * * * * * * * * * * * * * * * * * * * * * * * * * * //

dimensions      [0 2 -2 0 0 0 0];

internalField   nonuniform List<scalar> 
400
(
5.38995e-06
1.3079e-05
5.93094e-05
0.000147341
0.000216053
0.00026654
0.000306119
0.000344045
0.000376767
0.000410249
0.000441365
0.000474238
0.000507335
0.000528245
0.000537397
0.000537572
0.000492972
0.000377868
0.000226327
0.000157399
2.43268e-05
8.27219e-05
0.000184781
0.000338643
0.000403864
0.00048489
0.000528979
0.000594106
0.000645935
0.000707259
0.000765095
0.000825647
0.000878934
0.000937653
0.000984963
0.00100702
0.00100942
0.000885606
0.000575641
0.000342834
8.68783e-05
0.000284643
0.00044437
0.000523099
0.000580137
0.000634084
0.000672308
0.000723173
0.000765652
0.000813886
0.000857626
0.000901526
0.000943558
0.000991352
0.00103748
0.00106821
0.0010775
0.00101518
0.000722191
0.000459117
0.000195572
0.000486284
0.000571898
0.000609118
0.000644357
0.000672959
0.00070075
0.000734809
0.000765456
0.000798829
0.000826375
0.000858293
0.000899507
0.0009528
0.0010191
0.00108219
0.00111007
0.00110555
0.000866835
0.000534167
0.000281454
0.000597157
0.000627914
0.000632203
0.000648319
0.000667827
0.00068752
0.000702042
0.000706771
0.000706882
0.000712248
0.000734584
0.00077807
0.000847521
0.000948944
0.00107502
0.00115434
0.00117168
0.000991251
0.00059
0.000332033
0.000637661
0.000637686
0.000630119
0.000639613
0.000644674
0.000640286
0.000618206
0.000591426
0.000576727
0.000571625
0.000583359
0.00062632
0.000705355
0.000833211
0.00101296
0.00118549
0.00124859
0.001119
0.00063498
0.000340905
0.000633068
0.000632246
0.000619633
0.000615235
0.000597631
0.000568502
0.000526364
0.000486644
0.000461516
0.000451422
0.000454298
0.000491807
0.000569134
0.000705856
0.000920513
0.00119374
0.00132483
0.00124022
0.00067085
0.000335613
0.000617833
0.000617834
0.000597336
0.000581659
0.000550923
0.000506624
0.000454527
0.000409428
0.000380503
0.000368395
0.000367773
0.000396981
0.000464024
0.000592694
0.000819215
0.00115838
0.00139354
0.00137098
0.000700419
0.000322108
0.00058597
0.000591431
0.000571906
0.00055115
0.00051334
0.000461935
0.000406881
0.000361577
0.000332611
0.000320082
0.000318861
0.000340417
0.000394329
0.000506223
0.000723628
0.00109447
0.00145221
0.00148374
0.000722217
0.000296177
0.000556801
0.000565755
0.000549183
0.000527112
0.000487083
0.000434271
0.000380313
0.000337178
0.000309356
0.000296831
0.00029632
0.000313327
0.000356735
0.000449738
0.000648979
0.00102672
0.00149637
0.00159669
0.000739847
0.000268723
0.000518882
0.000537393
0.000527553
0.00050738
0.000469867
0.000419891
0.00036983
0.000330031
0.000303309
0.000289611
0.000289569
0.000303685
0.0003404
0.000421744
0.000598627
0.000968807
0.00152341
0.00169021
0.000750653
0.00024487
0.000485839
0.000516028
0.000511342
0.000494594
0.000460222
0.000415906
0.000370952
0.000333159
0.000307191
0.00029325
0.000292906
0.000303407
0.000336135
0.000411599
0.000573981
0.000926236
0.00154501
0.00177069
0.000757709
0.000219332
0.000442838
0.000490815
0.000493307
0.000483365
0.00045641
0.000417725
0.000376816
0.000342648
0.000318496
0.000305028
0.000305443
0.000315096
0.000344476
0.000412335
0.000565707
0.00090469
0.00156348
0.0018102
0.000761266
0.000195736
0.000414352
0.00047646
0.000483132
0.000476794
0.000457677
0.000423721
0.000389027
0.000359195
0.000337373
0.000324786
0.000325838
0.000335942
0.000365296
0.000431348
0.000574943
0.000897553
0.00158132
0.00182363
0.000762904
0.000168861
0.000368906
0.000452415
0.000475123
0.000474897
0.000463098
0.000436312
0.000406451
0.000380629
0.000361478
0.000350873
0.000352838
0.000364191
0.000394984
0.000461875
0.000603956
0.000910693
0.00160244
0.00180639
0.000747466
0.000141684
0.000341748
0.000439596
0.000477189
0.000482727
0.000476425
0.00045901
0.000433437
0.000410273
0.000392326
0.000382997
0.000385867
0.00039897
0.000432863
0.000504257
0.000654158
0.000952423
0.00162249
0.00171817
0.000719535
0.000111265
0.000285357
0.00040753
0.000481931
0.000505416
0.000504045
0.000493902
0.000472159
0.000450274
0.000432452
0.000425704
0.000430522
0.000447858
0.000490395
0.00057573
0.000760597
0.00104965
0.00163295
0.00158269
0.000682092
7.537e-05
0.000248057
0.000416038
0.0005151
0.00057512
0.000579007
0.000571786
0.000554283
0.000535019
0.000521959
0.000524735
0.000539582
0.00057491
0.000651896
0.000776278
0.00104488
0.00135373
0.00165832
0.00146242
0.000638014
8.7894e-05
0.000272057
0.000463876
0.000588321
0.00066717
0.000701445
0.000724353
0.000742312
0.000766047
0.00080447
0.000865255
0.000954787
0.00107509
0.00125759
0.00146529
0.0017847
0.00189992
0.00177724
0.00139181
0.000566087
6.37653e-05
9.95694e-05
0.000176664
0.000250065
0.000311045
0.000350402
0.000374771
0.000390396
0.0003989
0.000405989
0.000410501
0.000418026
0.00042454
0.00043694
0.000448372
0.000470431
0.000495021
0.00052507
0.000520191
0.000463904
)
;

boundaryField
{
    movingWall
    {
        type            kqRWallFunction;
        value           nonuniform List<scalar> 
20
(
6.37653e-05
9.95694e-05
0.000176664
0.000250065
0.000311045
0.000350402
0.000374771
0.000390396
0.0003989
0.000405989
0.000410501
0.000418026
0.00042454
0.00043694
0.000448372
0.000470431
0.000495021
0.00052507
0.000520191
0.000463904
)
;
    }
    fixedWalls
    {
        type            kqRWallFunction;
        value           nonuniform List<scalar> 
60
(
5.38995e-06
2.43268e-05
8.68783e-05
0.000195572
0.000281454
0.000332033
0.000340905
0.000335613
0.000322108
0.000296177
0.000268723
0.00024487
0.000219332
0.000195736
0.000168861
0.000141684
0.000111265
7.537e-05
8.7894e-05
6.37653e-05
0.000157399
0.000342834
0.000459117
0.000534167
0.00059
0.00063498
0.00067085
0.000700419
0.000722217
0.000739847
0.000750653
0.000757709
0.000761266
0.000762904
0.000747466
0.000719535
0.000682092
0.000638014
0.000566087
0.000463904
5.38995e-06
1.3079e-05
5.93094e-05
0.000147341
0.000216053
0.00026654
0.000306119
0.000344045
0.000376767
0.000410249
0.000441365
0.000474238
0.000507335
0.000528245
0.000537397
0.000537572
0.000492972
0.000377868
0.000226327
0.000157399
)
;
    }
    frontAndBack
    {
        type            empty;
    }
}


// ************************************************************************* //
