/*--------------------------------*- C++ -*----------------------------------*\
  =========                 |
  \\      /  F ield         | OpenFOAM: The Open Source CFD Toolbox
   \\    /   O peration     | Website:  https://openfoam.org
    \\  /    A nd           | Version:  13
     \\/     M anipulation  |
\*---------------------------------------------------------------------------*/
FoamFile
{
    format      ascii;
    class       volScalarField;
    location    "8";
    object      p;
}
// * * * * * * * * * * * * * * * * * * * * * * * * * * * * * * * * * * * * * //

dimensions      [0 2 -2 0 0 0 0];

internalField   nonuniform List<scalar> 
400
(
2.93381e-08
-7.0504e-05
-0.000153846
-0.000255484
-0.000871351
-0.00205619
-0.00352052
-0.00496423
-0.00615807
-0.00696712
-0.00728771
-0.00701626
-0.00613992
-0.00464278
-0.0025185
8.49567e-05
0.00281424
0.00509748
0.00643108
0.00672411
5.8505e-05
-1.16297e-05
-0.000169712
-0.000630136
-0.00152017
-0.00280846
-0.00426364
-0.00566129
-0.00682217
-0.00762503
-0.00797062
-0.00779614
-0.00704929
-0.00568677
-0.0037262
-0.00126041
0.00142453
0.00384715
0.00549032
0.00618026
0.000263764
-1.38203e-05
-0.000521911
-0.00139055
-0.00262945
-0.00407548
-0.00554819
-0.0068994
-0.00800983
-0.00875747
-0.0090734
-0.00892449
-0.00827624
-0.00711119
-0.00542645
-0.00327495
-0.000816923
0.00163121
0.00360118
0.004619
0.000156484
-0.000331739
-0.00123668
-0.00252245
-0.00405079
-0.00562672
-0.00710909
-0.00838954
-0.00937548
-0.0100142
-0.0102802
-0.010151
-0.00960134
-0.0086234
-0.00721448
-0.00539999
-0.00325886
-0.000975836
0.00106682
0.00220006
-0.000467559
-0.00113745
-0.00233804
-0.00388759
-0.00555867
-0.00716467
-0.00859071
-0.00976034
-0.0106296
-0.01118
-0.0114022
-0.0112876
-0.0108276
-0.0100195
-0.00886245
-0.00736712
-0.00557008
-0.00357789
-0.00166833
-0.000554239
-0.00160021
-0.00236641
-0.00369203
-0.00531314
-0.00698559
-0.00853374
-0.00986147
-0.0109185
-0.0116882
-0.0121664
-0.0123535
-0.0122518
-0.0118647
-0.0111965
-0.0102504
-0.0090311
-0.00755653
-0.00590004
-0.00430764
-0.00323949
-0.00299919
-0.00378019
-0.00508397
-0.00664647
-0.00823316
-0.00967627
-0.0108923
-0.0118457
-0.0125315
-0.0129528
-0.0131158
-0.013028
-0.0126983
-0.0121373
-0.0113542
-0.0103551
-0.00915439
-0.00781008
-0.0065479
-0.00558736
-0.00435747
-0.0050998
-0.00631076
-0.00776468
-0.00923515
-0.0105639
-0.0116757
-0.0125423
-0.0131629
-0.0135435
-0.0136924
-0.0136183
-0.013332
-0.0128481
-0.0121824
-0.0113473
-0.0103597
-0.00927361
-0.00830131
-0.00744131
-0.00544178
-0.00613544
-0.00723693
-0.00858262
-0.00994605
-0.011178
-0.0122087
-0.0130125
-0.0135889
-0.0139439
-0.0140856
-0.0140222
-0.0137646
-0.0133295
-0.0127393
-0.0120162
-0.0111834
-0.0102818
-0.00952834
-0.00874918
-0.00615119
-0.00677225
-0.00778429
-0.00905431
-0.01034
-0.0115072
-0.0124889
-0.013258
-0.0138115
-0.0141544
-0.0142933
-0.0142355
-0.0139916
-0.0135794
-0.0130268
-0.0123672
-0.0116362
-0.0108432
-0.0102573
-0.00947503
-0.00643974
-0.00698922
-0.0079428
-0.00916501
-0.0104079
-0.0115475
-0.0125143
-0.013277
-0.0138285
-0.0141715
-0.014311
-0.0142534
-0.0140089
-0.0135961
-0.0130475
-0.012406
-0.011725
-0.0109578
-0.0105235
-0.00961379
-0.00630654
-0.00681313
-0.00772764
-0.00892303
-0.0101554
-0.0112993
-0.0122822
-0.0130656
-0.0136358
-0.0139914
-0.0141355
-0.0140731
-0.0138145
-0.0133796
-0.0128053
-0.0121429
-0.011449
-0.0106587
-0.0103847
-0.0091824
-0.00583592
-0.00631553
-0.00719705
-0.00835864
-0.00959784
-0.0107694
-0.0117942
-0.0126232
-0.0132323
-0.0136139
-0.0137676
-0.013697
-0.0134127
-0.0129362
-0.0123088
-0.0115855
-0.0108355
-0.0100238
-0.00980402
-0.00828271
-0.00514045
-0.0055847
-0.00641302
-0.00751762
-0.00875317
-0.00996494
-0.0110542
-0.0119529
-0.0126222
-0.013045
-0.0132164
-0.0131372
-0.012818
-0.0122827
-0.0115775
-0.0107609
-0.009929
-0.00907638
-0.00878532
-0.00704798
-0.00436493
-0.00473714
-0.00545336
-0.00645768
-0.00766217
-0.00891604
-0.0100865
-0.0110761
-0.0118259
-0.0123066
-0.012507
-0.0124241
-0.0120662
-0.0114592
-0.0106549
-0.00971358
-0.00875923
-0.00779611
-0.00738689
-0.00547655
-0.0036728
-0.00388693
-0.00437977
-0.00521786
-0.00636634
-0.00766294
-0.00892867
-0.0100285
-0.0108802
-0.0114386
-0.0116845
-0.0116106
-0.0112243
-0.0105436
-0.0096241
-0.00851939
-0.00737167
-0.00618165
-0.00551443
-0.00312744
-0.00321234
-0.00312888
-0.00327832
-0.00389395
-0.00497089
-0.00630862
-0.00767492
-0.00889684
-0.00986786
-0.0105244
-0.0108371
-0.0107912
-0.0103989
-0.00965578
-0.00861428
-0.00729405
-0.00582947
-0.00416883
-0.0027115
0.00117319
-0.00299328
-0.00244834
-0.00218136
-0.00257233
-0.00358607
-0.00496152
-0.00642653
-0.00777833
-0.0088856
-0.00966372
-0.0100713
-0.0100832
-0.00970484
-0.00892427
-0.00776904
-0.00617327
-0.00420863
-0.00158505
0.00180196
0.00898916
-0.00296294
-0.00180429
-0.00122526
-0.00148574
-0.00246021
-0.00386039
-0.00540427
-0.00686993
-0.00810172
-0.0089982
-0.00950478
-0.00959483
-0.00925959
-0.00847172
-0.00721283
-0.00529862
-0.00258746
0.00174813
0.00865237
0.0206823
-0.0034508
-0.00073811
5.24999e-05
-0.000353935
-0.00138675
-0.00282685
-0.00444229
-0.00600681
-0.00734332
-0.00833687
-0.0089202
-0.00905454
-0.0087208
-0.00786918
-0.00656069
-0.00434661
-0.000753224
0.00606219
0.0174688
0.033057
)
;

boundaryField
{
    movingWall
    {
        type            zeroGradient;
    }
    fixedWalls
    {
        type            zeroGradient;
    }
    frontAndBack
    {
        type            empty;
    }
}


// ************************************************************************* //
