/*--------------------------------*- C++ -*----------------------------------*\
  =========                 |
  \\      /  F ield         | OpenFOAM: The Open Source CFD Toolbox
   \\    /   O peration     | Website:  https://openfoam.org
    \\  /    A nd           | Version:  13
     \\/     M anipulation  |
\*---------------------------------------------------------------------------*/
FoamFile
{
    format      ascii;
    class       volScalarField;
    location    "0.0015";
    object      p;
}
// * * * * * * * * * * * * * * * * * * * * * * * * * * * * * * * * * * * * * //

dimensions      [1 -1 -2 0 0 0 0];

internalField   nonuniform List<scalar> 
8000
(
198153
194038
190191
186423
182929
179700
176916
174601
172679
171028
169529
168104
166716
165355
164027
162738
161491
160287
159123
157998
156911
155862
154850
153877
152942
152046
151189
150372
149594
148854
148151
147484
146850
146249
145677
145134
144620
144134
143676
143248
142851
142488
142160
141868
141616
141401
141225
141085
140978
140896
140835
140785
140740
140693
140638
140572
140491
140398
140294
140183
140067
139951
139833
139713
139589
139458
139314
139154
138974
138770
138542
138289
138014
137720
137413
137096
136775
136452
136128
135803
135474
135139
134793
134433
134055
133655
133231
132780
132302
131794
131258
130693
130101
129482
128839
128171
127480
126764
126025
125256
124460
123627
122760
121846
120889
119871
118801
117655
116445
115139
113753
112242
110632
108851
106943
104796
102477
99817.2
96930.1
93562
198152
194037
190191
186423
182930
179701
176919
174605
172685
171034
169535
168110
166721
165360
164032
162743
161495
160290
159126
158001
156915
155865
154854
153880
152945
152049
151193
150375
149597
148857
148154
147486
146852
146250
145678
145135
144621
144134
143677
143249
142853
142489
142162
141870
141617
141403
141227
141086
140978
140896
140833
140783
140738
140691
140637
140571
140491
140399
140295
140185
140070
139953
139835
139715
139590
139458
139313
139153
138972
138768
138540
138287
138013
137720
137414
137099
136778
136456
136132
135806
135477
135141
134795
134434
134055
133655
133230
132779
132300
131793
131257
130692
130101
129483
128841
128174
127484
126769
126030
125261
124465
123631
122764
121849
120892
119874
118804
117658
116448
115141
113755
112244
110633
108854
106943
104797
102475
99810.7
96915.4
93534
198152
194035
190190
186425
182933
179704
176924
174612
172693
171043
169544
168118
166729
165368
164039
162749
161502
160296
159132
158007
156920
155871
154859
153886
152951
152055
151198
150381
149602
148861
148158
147489
146855
146252
145680
145137
144622
144136
143679
143252
142856
142493
142165
141874
141621
141406
141229
141087
140978
140895
140832
140781
140736
140689
140635
140570
140492
140400
140298
140188
140074
139957
139839
139718
139592
139458
139313
139151
138970
138765
138537
138286
138013
137722
137417
137103
136784
136461
136138
135812
135482
135145
134798
134436
134056
133655
133229
132778
132299
131792
131257
130693
130103
129486
128846
128179
127491
126776
126037
125269
124472
123639
122771
121856
120898
119880
118809
117663
116452
115146
113759
112249
110637
108858
106946
104798
102471
99800.2
96890.5
93489.3
198152
194033
190190
186427
182935
179709
176932
174622
172705
171055
169557
168131
166741
165379
164049
162759
161511
160305
159140
158015
156928
155879
154867
153894
152959
152063
151206
150388
149609
148868
148163
147494
146858
146255
145682
145139
144624
144139
143682
143255
142859
142497
142170
141879
141625
141410
141232
141089
140978
140894
140830
140779
140733
140686
140633
140569
140492
140402
140302
140193
140080
139963
139844
139721
139594
139459
139312
139149
138966
138762
138534
138283
138012
137723
137421
137109
136791
136470
136146
135820
135489
135150
134801
134438
134057
133654
133228
132776
132297
131790
131256
130694
130106
129490
128852
128187
127500
126786
126048
125279
124483
123649
122780
121865
120906
119887
118816
117669
116458
115152
113765
112255
110642
108864
106949
104800
102465
99785.1
96855.1
93425.2
198151
194032
190189
186428
182937
179716
176942
174635
172720
171071
169573
168146
166755
165392
164062
162771
161522
160316
159150
158025
156938
155888
154877
153904
152969
152073
151216
150397
149618
148876
148170
147500
146863
146259
145685
145142
144627
144141
143685
143259
142864
142503
142175
141884
141631
141414
141235
141091
140979
140893
140828
140775
140728
140682
140629
140567
140492
140405
140306
140199
140086
139970
139850
139726
139597
139460
139310
139145
138962
138757
138529
138280
138011
137725
137425
137116
136800
136480
136156
135829
135497
135157
134806
134440
134057
133653
133226
132774
132295
131789
131256
130695
130109
129496
128859
128197
127511
126798
126061
125293
124496
123662
122792
121876
120916
119897
118824
117678
116465
115160
113772
112263
110649
108871
106953
104803
102458
99766.7
96810.7
93343.6
198151
194032
190189
186428
182938
179723
176954
174650
172738
171090
169592
168164
166773
165409
164078
162785
161536
160328
159162
158036
156949
155900
154889
153916
152981
152085
151227
150408
149628
148885
148178
147507
146869
146264
145689
145145
144630
144145
143689
143264
142870
142509
142182
141891
141637
141420
141239
141094
140980
140892
140825
140771
140724
140677
140626
140565
140493
140408
140312
140206
140094
139978
139857
139731
139600
139460
139309
139142
138957
138751
138524
138277
138010
137727
137430
137124
136810
136491
136168
135840
135506
135164
134811
134443
134058
133653
133225
132771
132293
131787
131255
130696
130112
129502
128868
128208
127524
126813
126076
125309
124511
123677
122806
121889
120927
119908
118834
117687
116474
115169
113780
112272
110656
108880
106958
104806
102451
99745.7
96758.8
93246.5
198151
194032
190190
186428
182940
179731
176967
174667
172758
171112
169613
168185
166792
165427
164095
162802
161551
160343
159176
158050
156962
155913
154902
153929
152994
152098
151240
150421
149640
148895
148187
147515
146876
146269
145694
145149
144634
144149
143694
143269
142876
142516
142190
141899
141644
141426
141244
141097
140980
140891
140821
140766
140718
140672
140622
140563
140493
140411
140318
140214
140103
139986
139864
139737
139604
139461
139307
139138
138951
138745
138519
138273
138009
137729
137436
137133
136822
136504
136181
135853
135517
135173
134817
134447
134060
133652
133223
132769
132290
131785
131255
130698
130116
129509
128878
128220
127538
126829
126093
125326
124529
123694
122822
121904
120941
119921
118845
117699
116484
115180
113790
112283
110666
108891
106965
104811
102444
99722.9
96700.5
93135.7
198151
194032
190190
186427
182942
179740
176982
174686
172780
171136
169637
168208
166814
165448
164114
162820
161568
160359
159192
158065
156977
155928
154917
153944
153009
152113
151255
150435
149652
148907
148198
147523
146883
146275
145699
145154
144639
144154
143699
143275
142883
142524
142198
141907
141652
141433
141249
141100
140981
140889
140818
140761
140713
140667
140617
140560
140493
140414
140324
140223
140113
139996
139873
139744
139608
139463
139306
139134
138946
138739
138513
138269
138008
137732
137443
137143
136834
136518
136196
135866
135529
135182
134824
134451
134061
133652
133221
132766
132288
131784
131255
130700
130121
129517
128888
128234
127554
126847
126112
125345
124548
123712
122839
121920
120956
119935
118858
117711
116496
115192
113801
112296
110677
108903
106973
104817
102437
99699.2
96637.4
93012.9
198151
194032
190191
186427
182945
179749
176998
174707
172804
171161
169663
168233
166838
165470
164136
162840
161587
160377
159209
158081
156993
155943
154932
153960
153025
152129
151270
150450
149666
148920
148209
147533
146891
146282
145705
145159
144643
144159
143705
143282
142891
142532
142207
141916
141660
141440
141255
141103
140982
140888
140815
140756
140707
140661
140613
140558
140494
140418
140330
140231
140123
140006
139882
139751
139612
139464
139304
139130
138940
138732
138507
138265
138007
137734
137449
137153
136847
136533
136211
135881
135542
135193
134831
134456
134064
133652
133219
132764
132285
131782
131255
130703
130127
129525
128900
128248
127571
126865
126132
125366
124568
123732
122858
121938
120972
119950
118872
117725
116508
115205
113813
112309
110689
108916
106982
104825
102431
99675.3
96570.5
92879.6
198151
194033
190193
186427
182948
179759
177015
174730
172830
171189
169690
168260
166863
165494
164158
162861
161607
160396
159227
158098
157010
155960
154949
153977
153042
152146
151287
150465
149681
148933
148221
147543
146900
146289
145711
145164
144649
144164
143711
143289
142898
142541
142216
141925
141669
141448
141261
141107
140983
140887
140811
140751
140701
140655
140608
140555
140494
140421
140337
140240
140133
140016
139892
139759
139617
139466
139303
139126
138934
138726
138502
138261
138006
137737
137456
137163
136861
136548
136227
135896
135555
135204
134840
134461
134066
133652
133218
132762
132283
131781
131255
130706
130132
129534
128912
128263
127589
126885
126152
125387
124589
123753
122877
121957
120989
119967
118887
117740
116522
115219
113827
112324
110702
108931
106993
104834
102426
99652
96500.9
92737.3
198152
194034
190194
186427
182951
179769
177032
174753
172858
171218
169720
168288
166890
165519
164182
162883
161628
160416
159246
158117
157028
155978
154967
153995
153060
152163
151304
150482
149697
148947
148233
147554
146909
146297
145717
145170
144654
144170
143717
143296
142907
142550
142225
141935
141678
141455
141267
141111
140985
140885
140808
140746
140695
140649
140603
140553
140494
140425
140343
140249
140143
140027
139901
139766
139622
139468
139301
139122
138928
138720
138496
138258
138006
137740
137463
137174
136874
136564
136243
135911
135569
135215
134848
134467
134069
133653
133217
132760
132281
131780
131256
130709
130139
129544
128924
128279
127607
126905
126174
125409
124611
123774
122898
121976
121007
119984
118903
117756
116537
115235
113841
112340
110717
108948
107006
104845
102423
99629.7
96429.7
92587.4
198153
194035
190196
186428
182956
179780
177051
174778
172886
171248
169750
168317
166918
165546
164207
162907
161650
160436
159266
158136
157047
155997
154986
154013
153079
152182
151322
150499
149713
148962
148247
147566
146919
146305
145725
145176
144660
144176
143724
143303
142915
142559
142235
141944
141687
141464
141273
141115
140986
140884
140805
140741
140690
140644
140599
140550
140494
140428
140349
140258
140154
140038
139911
139774
139627
139470
139300
139118
138923
138714
138491
138254
138005
137744
137470
137185
136888
136579
136259
135927
135583
135227
134857
134472
134072
133654
133216
132759
132280
131780
131258
130713
130145
129554
128937
128295
127625
126926
126195
125432
124633
123796
122919
121997
121026
120002
118920
117773
116553
115251
113857
112357
110734
108966
107020
104858
102422
99609.2
96357.8
92431
198155
194038
190200
186430
182961
179792
177070
174803
172916
171280
169781
168347
166946
165573
164232
162931
161673
160458
159286
158156
157066
156016
155005
154032
153098
152201
151340
150517
149729
148977
148260
147578
146929
146314
145732
145183
144667
144183
143731
143311
142923
142568
142245
141954
141696
141472
141279
141119
140988
140884
140802
140737
140684
140638
140594
140548
140495
140431
140355
140266
140164
140048
139921
139782
139633
139472
139300
139115
138918
138708
138485
138251
138005
137747
137477
137195
136901
136594
136275
135943
135597
135239
134866
134479
134075
133655
133216
132757
132279
131780
131259
130717
130152
129564
128951
128311
127643
126946
126217
125455
124656
123819
122941
122018
121046
120022
118938
117790
116569
115268
113874
112375
110751
108985
107036
104873
102423
99590.8
96286
92269.6
198159
194043
190205
186433
182966
179804
177090
174829
172946
171312
169813
168378
166976
165601
164259
162956
161697
160481
159308
158177
157086
156036
155025
154052
153117
152220
151359
150535
149746
148993
148274
147590
146940
146324
145740
145191
144674
144189
143738
143319
142932
142577
142255
141964
141706
141480
141286
141123
140990
140883
140799
140732
140679
140633
140590
140545
140495
140434
140361
140275
140174
140059
139931
139790
139638
139475
139299
139112
138913
138702
138481
138248
138005
137750
137484
137206
136914
136610
136291
135958
135612
135251
134876
134486
134079
133657
133216
132757
132278
131780
131262
130722
130160
129574
128964
128327
127662
126967
126239
125477
124679
123842
122963
122039
121066
120041
118956
117808
116587
115286
113891
112394
110770
109005
107054
104889
102427
99575
96215.1
92104.2
198165
194050
190211
186438
182974
179817
177110
174856
172977
171345
169846
168410
167006
165629
164286
162982
161721
160504
159330
158198
157107
156056
155045
154072
153137
152240
151378
150553
149764
149009
148289
147603
146951
146333
145749
145198
144681
144197
143745
143327
142941
142587
142264
141974
141715
141488
141293
141128
140992
140883
140796
140728
140674
140628
140586
140543
140495
140437
140367
140283
140183
140069
139941
139799
139644
139477
139299
139109
138908
138697
138476
138245
138005
137754
137491
137216
136927
136624
136307
135974
135626
135263
134886
134493
134084
133659
133217
132757
132278
131781
131264
130727
130167
129585
128977
128344
127681
126987
126261
125500
124702
123865
122985
122061
121087
120061
118975
117827
116605
115305
113910
112414
110789
109026
107073
104907
102433
99562
96146
91935.6
198173
194059
190220
186445
182982
179831
177131
174883
173008
171378
169879
168442
167037
165659
164313
163008
161746
160528
159353
158220
157128
156077
155065
154092
153157
152259
151398
150572
149781
149025
148304
147616
146963
146343
145758
145206
144688
144204
143753
143335
142949
142596
142274
141983
141724
141496
141299
141132
140994
140882
140794
140724
140669
140623
140582
140541
140495
140440
140372
140291
140193
140079
139950
139807
139650
139480
139299
139107
138905
138693
138472
138243
138005
137757
137498
137226
136940
136639
136322
135989
135640
135276
134896
134500
134089
133661
133218
132757
132279
131783
131267
130732
130175
129596
128991
128360
127699
127008
126282
125523
124725
123888
123008
122083
121108
120082
118995
117847
116624
115324
113929
112435
110810
109048
107094
104927
102442
99552.2
96079.2
91765.1
198183
194071
190231
186453
182992
179845
177153
174911
173040
171412
169913
168475
167068
165688
164341
163034
161771
160552
159375
158242
157150
156098
155086
154113
153178
152279
151417
150591
149799
149042
148319
147630
146975
146354
145767
145214
144696
144211
143761
143343
142958
142605
142284
141993
141733
141504
141306
141137
140996
140882
140792
140720
140664
140619
140578
140539
140495
140442
140378
140298
140202
140089
139960
139815
139656
139483
139299
139105
138901
138689
138469
138241
138005
137760
137504
137236
136952
136653
136337
136004
135654
135288
134906
134507
134094
133664
133219
132758
132280
131785
131271
130738
130183
129607
129004
128376
127717
127028
126304
125545
124747
123911
123030
122105
121129
120102
119015
117866
116643
115344
113949
112456
110832
109071
107116
104948
102453
99545.6
96015.1
91594.2
198196
194086
190246
186465
183005
179862
177175
174939
173072
171446
169947
168508
167099
165718
164370
163061
161796
160576
159399
158264
157171
156119
155107
154134
153198
152300
151437
150609
149817
149058
148334
147643
146987
146364
145776
145223
144704
144219
143768
143351
142967
142614
142293
142002
141742
141512
141312
141141
140999
140882
140790
140717
140660
140614
140575
140537
140495
140445
140382
140305
140210
140098
139969
139822
139661
139487
139300
139103
138898
138685
138466
138240
138006
137764
137511
137245
136964
136667
136352
136019
135668
135300
134916
134515
134099
133668
133221
132760
132282
131787
131275
130744
130192
129618
129018
128392
127735
127047
126325
125567
124770
123933
123052
122127
121151
120123
119035
117886
116663
115364
113969
112478
110854
109096
107140
104971
102467
99542.5
95954.4
91423.2
198212
194105
190262
186479
183019
179879
177198
174967
173104
171479
169981
168541
167130
165748
164398
163088
161822
160600
159422
158287
157193
156141
155128
154154
153219
152320
151456
150628
149835
149075
148349
147657
146999
146375
145786
145232
144712
144227
143776
143359
142975
142623
142302
142012
141751
141520
141318
141146
141001
140883
140788
140714
140656
140611
140572
140535
140495
140447
140387
140311
140218
140107
139977
139830
139667
139490
139301
139102
138896
138682
138463
138239
138007
137767
137517
137254
136975
136680
136366
136033
135682
135312
134926
134523
134105
133672
133224
132761
132284
131790
131279
130750
130200
129629
129031
128407
127753
127067
126345
125589
124792
123956
123074
122149
121172
120144
119055
117907
116683
115385
113990
112500
110877
109121
107165
104996
102483
99543.1
95897.9
91252.5
198231
194126
190282
186496
183036
179899
177222
174996
173137
171513
170015
168573
167162
165777
164426
163116
161848
160625
159446
158310
157215
156162
155149
154175
153239
152340
151476
150647
149852
149091
148364
147671
147011
146386
145796
145241
144720
144235
143784
143368
142984
142632
142311
142020
141759
141528
141325
141150
141004
140883
140787
140711
140653
140607
140569
140533
140495
140449
140391
140318
140226
140115
139986
139838
139673
139494
139302
139102
138894
138680
138461
138238
138008
137771
137523
137263
136986
136692
136379
136047
135695
135324
134936
134531
134111
133676
133227
132764
132286
131794
131284
130757
130209
129640
129044
128423
127770
127086
126365
125610
124814
123978
123096
122171
121193
120166
119076
117928
116703
115406
114012
112523
110901
109146
107191
105022
102503
99547.4
95845.9
91083.7
198252
194150
190305
186517
183055
179920
177246
175025
173169
171547
170048
168606
167193
165807
164455
163143
161874
160650
159470
158332
157237
156184
155170
154196
153259
152360
151495
150666
149870
149108
148379
147685
147024
146397
145806
145250
144729
144243
143793
143376
142992
142641
142320
142029
141768
141535
141331
141155
141006
140884
140786
140709
140650
140604
140566
140531
140495
140451
140395
140323
140233
140123
139994
139845
139678
139497
139304
139101
138892
138678
138460
138237
138010
137775
137529
137271
136997
136704
136392
136060
135707
135336
134946
134539
134117
133681
133230
132767
132289
131797
131289
130764
130218
129651
129057
128438
127787
127104
126385
125630
124835
124000
123118
122193
121215
120187
119097
117948
116724
115428
114034
112547
110926
109172
107218
105049
102524
99555.1
95798.5
90917.5
198276
194177
190331
186540
183076
179942
177272
175054
173201
171581
170082
168639
167225
165837
164483
163170
161900
160675
159493
158355
157259
156205
155191
154216
153280
152379
151515
150684
149888
149124
148395
147699
147036
146409
145816
145259
144738
144252
143801
143384
143001
142649
142328
142038
141776
141542
141337
141159
141009
140885
140785
140707
140647
140601
140564
140530
140495
140452
140398
140329
140240
140131
140001
139852
139684
139501
139306
139102
138891
138676
138459
138237
138011
137778
137535
137279
137007
136716
136405
136073
135720
135347
134956
134548
134124
133686
133234
132770
132293
131802
131295
130771
130227
129661
129070
128452
127803
127122
126404
125651
124855
124021
123139
122214
121236
120208
119117
117969
116745
115449
114056
112570
110950
109199
107246
105078
102549
99566.4
95756.2
90754.7
198303
194207
190359
186567
183101
179967
177299
175084
173233
171614
170115
168671
167256
165867
164512
163197
161926
160699
159517
158378
157281
156226
155212
154237
153300
152399
151534
150702
149905
149141
148410
147712
147049
146420
145827
145269
144746
144260
143809
143392
143009
142657
142337
142046
141784
141549
141343
141164
141012
140886
140785
140705
140645
140598
140561
140529
140494
140454
140402
140334
140246
140138
140009
139858
139689
139505
139308
139102
138890
138675
138458
138237
138013
137782
137541
137287
137016
136727
136416
136085
135732
135358
134966
134556
134130
133691
133239
132774
132297
131806
131300
130778
130236
129672
129083
128467
127819
127139
126423
125670
124876
124041
123160
122235
121256
120229
119138
117990
116766
115471
114079
112594
110976
109226
107274
105107
102575
99581.1
95719.4
90595.3
198332
194239
190390
186597
183127
179994
177327
175114
173265
171647
170148
168703
167286
165896
164540
163224
161952
160724
159541
158401
157303
156248
155233
154257
153320
152418
151552
150721
149922
149157
148425
147726
147062
146432
145837
145278
144755
144268
143817
143400
143017
142665
142345
142054
141791
141556
141349
141168
141015
140887
140784
140704
140643
140596
140559
140527
140494
140455
140405
140338
140252
140145
140015
139865
139695
139509
139310
139103
138890
138675
138457
138238
138015
137785
137546
137294
137025
136737
136428
136097
135743
135369
134975
134564
134137
133697
133243
132778
132301
131811
131306
130785
130245
129683
129095
128481
127834
127156
126441
125689
124895
124062
123181
122256
121277
120249
119159
118011
116787
115493
114102
112618
111001
109254
107304
105137
102604
99599.3
95688.3
90440.4
198364
194273
190424
186630
183157
180023
177355
175144
173296
171679
170180
168735
167317
165926
164568
163251
161977
160749
159564
158423
157325
156269
155253
154277
153339
152437
151571
150738
149939
149173
148440
147740
147074
146443
145847
145288
144764
144277
143825
143408
143025
142673
142353
142061
141798
141563
141354
141172
141017
140888
140784
140703
140641
140594
140558
140526
140494
140457
140407
140342
140258
140151
140022
139871
139700
139512
139312
139104
138891
138675
138458
138239
138017
137789
137552
137301
137034
136747
136438
136108
135754
135380
134985
134572
134144
133703
133248
132783
132306
131816
131313
130793
130254
129694
129108
128495
127850
127173
126458
125708
124915
124081
123201
122276
121297
120270
119179
118032
116808
115515
114124
112643
111027
109282
107334
105169
102634
99620.6
95663.6
90289.9
198399
194308
190461
186666
183188
180054
177385
175174
173328
171711
170212
168766
167347
165955
164596
163277
162003
160773
159587
158446
157347
156290
155274
154297
153359
152456
151589
150756
149956
149189
148455
147754
147087
146455
145858
145297
144773
144285
143833
143416
143033
142681
142360
142069
141805
141569
141360
141177
141020
140890
140784
140702
140639
140592
140556
140525
140494
140458
140410
140346
140263
140157
140028
139877
139705
139516
139315
139105
138891
138675
138458
138240
138019
137793
137557
137308
137042
136756
136449
136118
135765
135390
134994
134581
134151
133709
133254
132788
132311
131822
131319
130801
130263
129704
129120
128508
127864
127189
126475
125726
124933
124101
123220
122296
121317
120290
119200
118053
116830
115537
114147
112667
111053
109310
107364
105200
102666
99645.1
95644.9
90145.1
198436
194345
190500
186705
183222
180086
177416
175205
173359
171743
170244
168797
167377
165983
164623
163304
162028
160797
159611
158468
157368
156311
155294
154317
153378
152475
151607
150773
149973
149205
148469
147768
147100
146466
145869
145307
144782
144294
143841
143424
143040
142689
142368
142076
141812
141575
141365
141181
141023
140891
140785
140701
140638
140591
140555
140525
140494
140459
140412
140350
140267
140162
140034
139882
139710
139520
139318
139107
138892
138676
138459
138241
138022
137796
137562
137314
137050
136765
136458
136128
135775
135399
135003
134589
134158
133715
133259
132793
132316
131828
131326
130809
130272
129715
129131
128521
127879
127204
126492
125743
124951
124119
123239
122315
121337
120310
119220
118073
116851
115559
114170
112692
111080
109338
107394
105233
102700
99672.6
95632.4
90006.4
198476
194381
190543
186746
183258
180121
177449
175237
173390
171774
170275
168827
167406
166011
164650
163330
162053
160821
159634
158490
157389
156331
155314
154336
153396
152493
151625
150790
149989
149220
148484
147781
147112
146478
145879
145317
144791
144302
143849
143432
143048
142696
142375
142083
141819
141581
141370
141185
141026
140893
140785
140701
140637
140589
140554
140524
140495
140460
140414
140353
140272
140167
140039
139887
139715
139524
139321
139109
138893
138677
138460
138243
138024
137800
137567
137320
137057
136774
136468
136138
135785
135409
135012
134597
134166
133721
133265
132799
132322
131834
131333
130816
130281
129725
129143
128534
127892
127219
126508
125760
124969
124137
123258
122334
121356
120329
119240
118094
116872
115581
114193
112716
111106
109366
107425
105266
102735
99702.9
95626.7
89874.9
198519
194416
190589
186791
183297
180157
177482
175268
173421
171804
170305
168856
167435
166039
164677
163355
162078
160845
159656
158512
157410
156351
155333
154355
153415
152511
151642
150807
150005
149235
148498
147794
147124
146489
145890
145327
144800
144311
143857
143439
143055
142703
142382
142090
141825
141587
141375
141189
141029
140895
140786
140701
140636
140588
140553
140523
140495
140461
140416
140356
140276
140172
140044
139892
139719
139528
139324
139111
138895
138678
138461
138245
138027
137803
137571
137326
137064
136782
136476
136147
135794
135418
135021
134605
134173
133728
133271
132805
132328
131840
131340
130824
130290
129735
129154
128546
127906
127234
126523
125776
124986
124155
123276
122353
121375
120349
119259
118114
116893
115603
114216
112740
111132
109394
107456
105299
102771
99735.7
95628.5
89752.1
198565
194452
190636
186837
183337
180194
177516
175300
173452
171834
170335
168886
167463
166066
164703
163381
162102
160868
159679
158533
157431
156371
155353
154374
153433
152529
151659
150824
150021
149250
148512
147808
147137
146500
145900
145336
144809
144319
143865
143447
143062
142710
142389
142096
141831
141592
141379
141193
141032
140897
140787
140701
140636
140588
140552
140523
140495
140462
140418
140359
140279
140176
140049
139897
139724
139532
139327
139114
138897
138679
138463
138247
138029
137807
137576
137332
137071
136789
136485
136156
135803
135427
135029
134613
134180
133735
133278
132811
132334
131847
131347
130832
130299
129745
129165
128558
127919
127248
126538
125792
125002
124172
123293
122371
121394
120368
119279
118134
116913
115624
114239
112764
111158
109422
107487
105332
102808
99770.9
95637.1
89643.4
198613
194488
190683
186886
183379
180233
177551
175332
173482
171864
170364
168914
167491
166093
164729
163405
162126
160891
159701
158554
157451
156391
155372
154392
153451
152546
151676
150840
150036
149265
148526
147820
147149
146512
145910
145346
144818
144327
143873
143454
143069
142717
142395
142102
141837
141597
141384
141196
141034
140898
140788
140701
140635
140587
140551
140523
140495
140463
140420
140361
140282
140180
140053
139902
139728
139535
139330
139116
138899
138681
138465
138249
138032
137811
137580
137337
137077
136796
136492
136164
135811
135435
135037
134620
134187
133741
133284
132817
132340
131853
131354
130840
130308
129754
129176
128570
127931
127261
126552
125807
125018
124188
123310
122388
121412
120386
119298
118153
116934
115646
114262
112788
111184
109450
107518
105365
102845
99808.1
95652.4
89550.9
198664
194526
190731
186936
183423
180274
177586
175364
173512
171893
170392
168942
167518
166120
164755
163430
162149
160913
159722
158575
157472
156410
155390
154410
153469
152563
151692
150855
150051
149279
148540
147833
147161
146523
145921
145355
144827
144336
143881
143462
143076
142724
142402
142108
141842
141602
141388
141200
141037
140900
140789
140701
140635
140587
140551
140522
140495
140463
140421
140363
140285
140184
140057
139906
139732
139539
139333
139119
138901
138683
138467
138251
138035
137814
137584
137342
137083
136803
136500
136172
135819
135443
135045
134628
134194
133748
133290
132823
132346
131860
131361
130848
130316
129764
129186
128581
127944
127274
126566
125821
125033
124204
123327
122405
121429
120404
119316
118173
116953
115667
114284
112812
111209
109477
107548
105398
102883
99847.5
95674.4
89479.6
198716
194566
190780
186988
183469
180315
177622
175396
173541
171921
170420
168969
167545
166145
164779
163454
162172
160936
159744
158596
157491
156429
155409
154428
153486
152580
151708
150871
150066
149293
148553
147846
147172
146534
145931
145365
144836
144344
143888
143469
143083
142730
142408
142114
141847
141607
141393
141203
141040
140902
140790
140702
140635
140586
140551
140522
140495
140464
140423
140365
140288
140187
140061
139910
139736
139543
139336
139121
138903
138685
138469
138254
138038
137817
137588
137347
137088
136809
136506
136179
135827
135451
135052
134635
134201
133754
133297
132830
132353
131867
131368
130856
130324
129773
129196
128592
127955
127286
126579
125835
125047
124219
123343
122422
121446
120421
119334
118191
116973
115687
114306
112835
111234
109505
107579
105432
102921
99888.8
95703.3
89437
198771
194608
190828
187040
183516
180357
177659
175428
173571
171949
170447
168996
167571
166171
164804
163477
162195
160958
159765
158616
157511
156448
155427
154446
153502
152596
151724
150886
150080
149307
148566
147858
147184
146545
145941
145374
144844
144352
143896
143476
143090
142736
142413
142119
141852
141612
141396
141207
141042
140904
140791
140702
140635
140586
140550
140522
140495
140465
140424
140367
140291
140190
140065
139914
139739
139546
139339
139124
138906
138688
138471
138256
138041
137821
137593
137352
137094
136815
136513
136186
135834
135458
135060
134642
134208
133761
133303
132836
132359
131873
131375
130863
130333
129782
129205
128602
127966
127298
126592
125848
125061
124234
123358
122437
121462
120438
119352
118209
116992
115707
114326
112857
111258
109531
107607
105463
102958
99929.5
95734.1
89428.8
198822
194653
190878
187094
183565
180401
177697
175461
173600
171976
170473
169022
167596
166195
164828
163500
162217
160979
159785
158636
157530
156466
155444
154462
153519
152612
151739
150900
150094
149320
148579
147870
147195
146555
145951
145383
144853
144359
143903
143482
143096
142742
142418
142124
141856
141615
141399
141209
141044
140905
140791
140701
140634
140584
140548
140520
140494
140463
140423
140367
140291
140191
140066
139915
139741
139548
139341
139126
138907
138689
138473
138258
138042
137823
137595
137355
137097
136819
136518
136191
135839
135464
135065
134648
134213
133766
133308
132841
132364
131878
131380
130869
130339
129788
129212
128610
127974
127307
126601
125858
125072
124245
123369
122449
121474
120451
119365
118223
117006
115722
114342
112874
111277
109551
107630
105488
102987
99963.8
95764.6
89462.5
198876
194701
190930
187147
183615
180445
177734
175493
173628
172003
170499
169047
167621
166220
164851
163523
162239
161000
159805
158655
157548
156484
155462
154479
153535
152627
151754
150915
150108
149334
148591
147882
147207
146566
145961
145393
144862
144368
143911
143490
143103
142748
142425
142130
141862
141620
141404
141213
141047
140908
140793
140703
140635
140586
140550
140522
140495
140465
140425
140370
140295
140195
140070
139920
139746
139552
139345
139130
138911
138693
138476
138261
138046
137827
137600
137360
137103
136825
136524
136199
135847
135471
135073
134656
134221
133774
133316
132848
132372
131887
131389
130878
130348
129799
129223
128621
127987
127320
126615
125873
125087
124261
123386
122466
121492
120469
119384
118243
117028
115744
114366
112900
111304
109580
107663
105524
103029
100012
95807.7
89531.6
198920
194750
190982
187197
183662
180488
177772
175525
173656
172028
170522
169070
167643
166241
164872
163544
162259
161019
159824
158673
157566
156501
155477
154494
153548
152639
151765
150925
150118
149343
148600
147890
147214
146572
145967
145398
144866
144372
143914
143492
143105
142750
142426
142131
141863
141621
141404
141213
141047
140907
140792
140702
140634
140584
140548
140520
140495
140465
140425
140371
140296
140197
140072
139922
139748
139555
139347
139132
138913
138694
138478
138263
138048
137829
137602
137362
137106
136829
136528
136202
135851
135475
135077
134659
134225
133777
133319
132852
132376
131890
131393
130882
130353
129804
129229
128627
127993
127326
126621
125879
125094
124268
123393
122474
121500
120478
119393
118253
117037
115755
114377
112911
111317
109594
107678
105541
103048
100038
95834.9
89586
198969
194801
191037
187253
183714
180534
177811
175557
173683
172053
170547
169094
167667
166265
164895
163566
162280
161040
159844
158693
157585
156519
155495
154511
153565
152656
151782
150941
150133
149357
148614
147903
147226
146584
145978
145409
144876
144381
143923
143501
143113
142758
142434
142138
141870
141627
141410
141218
141052
140911
140795
140705
140636
140586
140549
140521
140495
140466
140426
140372
140298
140199
140075
139925
139751
139558
139351
139135
138916
138697
138481
138266
138051
137833
137606
137367
137111
136834
136534
136209
135858
135483
135085
134668
134233
133786
133327
132860
132384
131899
131402
130891
130362
129814
129239
128638
128005
127339
126635
125894
125109
124284
123410
122492
121519
120498
119414
118274
117060
115779
114403
112939
111347
109627
107715
105583
103098
100096
95898.9
89683.9
198988
194825
191052
187273
183740
180558
177830
175572
173695
172062
170555
169101
167674
166271
164902
163571
162285
161043
159847
158694
157586
156520
155495
154511
153566
152656
151782
150941
150133
149357
148614
147903
147226
146583
145977
145407
144875
144380
143922
143500
143112
142757
142432
142136
141868
141625
141408
141216
141049
140908
140792
140701
140633
140583
140546
140518
140492
140463
140424
140369
140295
140197
140072
139922
139748
139555
139347
139131
138912
138693
138476
138261
138046
137828
137601
137362
137106
136830
136529
136204
135853
135478
135080
134662
134228
133780
133321
132854
132377
131892
131394
130884
130355
129806
129232
128631
127997
127331
126627
125886
125102
124277
123403
122485
121512
120490
119406
118267
117053
115772
114396
112932
111341
109621
107711
105580
103098
100099
95898.9
89694.4
199089
194970
191188
187397
183846
180649
177907
175638
173753
172117
170609
169155
167727
166323
164952
163620
162333
161090
159892
158738
157628
156561
155536
154550
153603
152693
151818
150976
150167
149390
148645
147933
147254
146611
146003
145432
144898
144402
143943
143519
143130
142773
142448
142151
141882
141638
141420
141227
141059
140917
140801
140709
140639
140589
140552
140523
140498
140468
140429
140376
140302
140205
140082
139933
139760
139568
139361
139145
138926
138707
138491
138276
138061
137843
137617
137378
137123
136848
136549
136225
135875
135500
135103
134686
134253
133806
133348
132881
132405
131920
131424
130914
130386
129838
129265
128665
128033
127369
126667
125927
125145
124321
123449
122533
121562
120543
119461
118324
117113
115834
114462
113002
111415
109700
107796
105673
103203
100225
96059.6
90018.2
91469.9
90801.6
90110.8
89390.8
88639
87858.7
87042.6
86197
85311.3
84397.2
83444.8
82476.7
81473.1
80404.4
79315.7
78170.3
76980
75763.6
74519.3
73243.8
71935.8
70595.7
69225.1
67826.5
66402.1
64954.9
63487.5
62003.3
60504.8
58995.7
57478.7
55957.7
54435
52915
51399.4
49893
48396.8
46915.6
45449.6
44004
42577.9
41176.8
39798.6
38449.1
37125.1
35832.9
34568.1
33337.5
32135.4
30968.8
29830.5
28726.2
27647.2
26597.3
25564.8
24556.9
23559.3
22589.3
21640.7
20743.2
19901.3
19119.8
18389.4
17732.3
17123.3
16576.9
16095.7
15681.1
15321.2
15027.7
14813.9
14621.9
14516.3
14547.2
14674.1
14901.5
15248
15840.6
13316.2
1.21814e+06
91433.9
90759.6
90064.8
89337.6
88581.4
87792
86970.9
86113.6
85221.2
84288.9
83314.2
82312.7
81295.9
80241.6
79143.5
77995
76807.7
75584.4
74327.8
73038.7
71717.2
70364.7
68982.8
67574
66140.4
64685.1
63210.7
61720.6
60217.3
58704.8
57185.5
55663.6
54141.1
52622.6
51109.6
49606.9
48115.2
46639.4
45179.6
43740.9
42322.1
40928.7
39558.5
38217.3
36901.8
35618.1
34361.8
33139
31943.7
30781.8
29645.3
28539
27452.7
26394.5
25352.3
24342.2
23360.1
22423
21538.1
20720.3
19932.4
19213.2
18516.1
17893.3
17319.8
16806.3
16329.7
15960.9
15621.5
15376.1
15177.2
15174.3
15206.7
15295.3
15419.6
15580.2
15685.1
15873.2
13152
1.2402e+06
91371.5
90688.9
89985.8
89249.6
88483.5
87683.7
86851.8
85983.3
85081.7
84141.6
83168.9
82154.3
81096.2
80022.2
78889.8
77726
76525.4
75284.2
74006.5
72696.2
71355.1
69984.8
68586.8
67163.4
65716.8
64250
62765.6
61267.2
59757.5
58240.3
56718.1
55195.1
53673.4
52157.2
50648.1
49150.6
47665.4
46197.3
44746.1
43316.6
41908
40525
39165.9
37835.8
36531.8
35259
34013.5
32799.3
31610.7
30451
29312.6
28200.3
27105.1
26042.4
25009.2
24020.5
23098.8
22236.8
21441.2
20699.5
19982.9
19326.7
18726.1
18138.9
17650.3
17213.1
16798.5
16492
16264.4
16090.5
15972.6
16012.7
16024.1
16071.5
16065.9
16082.3
16038.6
16018.7
13163.4
1.22521e+06
91281.4
90586.8
89871.4
89121.8
88340.8
87525.3
86676.1
85789.8
84869
83910
82916.7
81875.7
80783.8
79669.4
78514
77328.7
76105.2
74839.4
73535.2
72197.7
70830.2
69435.2
68014.4
66570.3
65105.1
63622.1
62123.8
60614.2
59095.7
57572.5
56047
54523.2
53003.2
51491.1
49988.3
48499.1
47024.1
45567.7
44129.7
42714.5
41321.3
39954.3
38611.9
37298.4
36011.3
34753.4
33521.1
32316.2
31132.5
29972.8
28831.7
27719.7
26636.4
25603.4
24638.1
23733.1
22921.2
22173.2
21450
20779.4
20159.5
19554.1
19074.2
18587.1
18156.7
17870.5
17569.8
17363.9
17285.8
17192.2
17077.9
17036
16924.4
16810.6
16669.2
16536.8
16370.1
16236.9
13290.5
1.2311e+06
91165.7
90455.3
89724
88956.6
88155.9
87319.6
86446.8
85536.6
84588.5
83602.1
82576.9
81505.6
80389.2
79231.6
78041.7
76819.5
75560.5
74261.7
72924.6
71554.2
70154.2
68728.4
67279.1
65809.3
64321.4
62819
61304.6
59782.2
58254.5
56725.4
55197.4
53674.3
52158.1
50652.6
49159.1
47681.5
46220.4
44779.4
43358.8
41961.8
40588
39240.7
37918.6
36623.9
35354.8
34111.1
32888.6
31689.6
30509
29352.5
28227.6
27149.1
26138.1
25193.3
24357.3
23585.1
22852.3
22202.5
21568.8
20967.3
20492.8
19984.6
19583.4
19295.6
18943.9
18802.3
18679.9
18496.4
18442.9
18328.3
18107.9
17914.8
17691
17439.1
17176.2
16942
16689.5
16507.6
13536.2
1.20049e+06
91026.8
90296.9
89546
88756.8
87931.9
87069.4
86168
85227.2
84245.7
83223.7
82159.8
81050.8
79896.7
78697.8
77464.1
76196.2
74893
73553.4
72177.5
70768.8
69331.5
67870
66387.7
64888.5
63375
61851
60319.2
58783.7
57247
55713
54183.9
52663.6
51153.7
49657.7
48176.8
46714.2
45270.6
43848.8
42449.2
41074
39722.9
38397.7
37097.7
35821.5
34567.9
33335.5
32120.7
30929.6
29768.7
28647.8
27595.7
26621
25754.5
24953.5
24237
23590.2
22924.9
22350.3
21872.2
21351.9
20996.6
20695.9
20351.2
20269.1
20094.7
19939.9
19877.7
19680.1
19452.7
19250.5
18966.5
18654.2
18345.1
18033.2
17715
17419.2
17105.9
16875.4
13873.5
1.19493e+06
90866.6
90113.6
89339.6
88524.2
87670.5
86776.8
85841
84863.5
83841.8
82777.1
81667.3
80516.8
79314.9
78067.9
76782.5
75461.6
74106.6
72718.3
71296.7
69844.6
68365.5
66864.8
65346.5
63815.1
62274.1
60727.4
59178
57629.7
56085.1
54547.8
53019.9
51504.8
50004
48520.6
47055.4
45611.1
44188.3
42788.8
41413
40062.1
38735.3
37432.7
36153.4
34893.6
33653.5
32435.4
31246.5
30093.4
29011.4
28010.2
27104.2
26298.8
25584.6
24903
24262.1
23725.1
23192.7
22693.1
22388.9
22025.1
21753.9
21707.6
21476.1
21376.9
21304.6
21060.6
20846
20616.6
20294.7
19970.9
19646
19305.7
18956.9
18608.5
18256.4
17915.3
17549
17263.3
14226.9
1.18849e+06
90687
89906.9
89106.4
88260.1
87373.3
86442.5
85467.1
84445.8
83377.7
82262.8
81100.2
79900
78642.2
77339.8
75996.5
74616.5
73202.9
71758.6
70284.8
68784.2
67260.2
65717.7
64161.7
62597.2
61028.3
59459.3
57893.1
56333.7
54783.1
53245.2
51721.3
50214.7
48726.2
47258.6
45812.4
44389.4
42990.2
41615.4
40264.9
38938.8
37636.1
36353.9
35093
33851
32635.2
31457.6
30348.5
29308.8
28386
27588.8
26863.2
26198
25611.1
25035.1
24485.4
24079.1
23715.1
23313.8
23203.1
23034.1
22809
22821.6
22670.8
22400.5
22240.5
21986.2
21640.9
21319.8
20987.2
20631.1
20266.7
19903.7
19535.8
19162.1
18777.2
18395.7
17986.9
17662.3
14611.7
1.18029e+06
90488.8
89678.3
88847.2
87965.7
87040.8
86067.1
85045.9
83974.1
82852.5
81679.8
80461.6
79195.9
77876.9
76511.9
75104.4
73659.3
72181.4
70675
69143.3
67589.9
66017.8
64432.6
62838.5
61241.6
59645.7
58056.1
56475.2
54907.4
53354.1
51818.7
50302.5
48807.5
47335.3
45886.6
44462.8
43063.7
41690.3
40341.3
39017.2
37715.3
36437.1
35178.9
33946.3
32755.6
31619.4
30566.3
29630.4
28797.8
28060.5
27427.9
26842.1
26266.2
25808.1
25390.6
24951.3
24729.2
24534.9
24277.2
24279.9
24187.1
23886.8
23776.6
23606.7
23278.6
22963.4
22664.2
22323.7
21962.7
21595.8
21226
20846.8
20456.3
20055.4
19650.5
19238.5
18828.6
18392.1
18040.4
14981.2
1.1739e+06
90273.6
89428.9
88562.8
87641.9
86672.5
85651
84576.5
83447.6
82264.4
81026.5
79744.8
78405.3
77016.7
75581.4
74103.1
72587.7
71040
69467.2
67873.1
66263.4
64641.7
63012.9
61382.1
59754.4
58134.6
56526.9
54935.3
53362
51810.2
50280.7
48776
47296.7
45843.4
44417.5
43017.4
41645
40297.6
38975.7
37678.2
36403.7
35155.7
33943.6
32780.4
31707.6
30747.4
29903.6
29207.2
28609.2
28020.3
27498.4
27046
26572.5
26256.3
26026.4
25735.7
25706.8
25620.7
25355.7
25300.6
25167.2
24813.8
24549.9
24291.2
23958.1
23615.3
23270.6
22908.4
22541.9
22162.5
21765.3
21355.7
20939.4
20515.3
20085.8
19651.6
19220.5
18765
18395.9
15325.9
1.17195e+06
90042.9
89159.4
88254.3
87288.3
86268.8
85192.7
84057.7
82864.2
81610.5
80306.7
78942.7
77524.9
76058
74544.6
72989.4
71397.7
69777.1
68133.8
66475.4
64807.3
63135.3
61464
59798.6
58143.4
56503.6
54882.7
53284
51710.9
50163.3
48645.7
47155
45695.9
44264.5
42862.9
41490.7
40144.6
38827.9
37537.5
36277.7
35058.4
33886.3
32801.1
31829.6
30970.4
30260.8
29623.7
29064.7
28625.4
28172.6
27759.8
27490
27158.7
27019.7
26994.6
26762.6
26719
26642.9
26319.6
26112.9
25908.8
25557.5
25213.2
24898.4
24547.5
24186.8
23832
23455.1
23057.4
22649.3
22232
21803.3
21364.5
20920.2
20471.5
20020.9
19572.7
19100.9
18716.6
15647
1.16598e+06
89797.4
88870
87921.8
86904.2
85829.3
84690.1
83487.7
82220.3
80888.1
79505.3
78054.6
76550.2
74996.3
73397.1
71758
70086
68388.5
66673.8
64949.6
63223.8
61502
59791
58093.4
56416.4
54760.3
53132.4
51531.5
49962.9
48425.9
46921.9
45452
44012.9
42609.3
41233.1
39892.2
38579.1
37298.6
36062
34866.5
33757.1
32743.3
31872
31188.3
30605.5
30117.5
29676.5
29206.3
28857.9
28564.7
28297.1
28263.9
28103.9
27989.5
28006.8
27759.3
27552.4
27418.6
27111.1
26787
26512.5
26184.8
25819.9
25460.7
25097.2
24714.8
24321.5
23918.7
23504.2
23076.1
22636.7
22190.1
21736.3
21278.6
20814.5
20348.8
19885.1
19399.5
19003.9
15935
1.16053e+06
89536.6
88561.6
87564.4
86489.7
85351.6
84141.8
82863.1
81511.7
80102.7
78619.8
77075
75475.6
73826
72134.2
70405
68649.2
66872.1
65086.3
63297
61516.2
59747.9
58000.2
56277
54580.9
52917.3
51285.2
49690.4
48130.1
46609
45123.4
43676.3
42264.6
40887.9
39550.8
38247.3
36994.9
35795.4
34677.6
33665.3
32784.7
32061.1
31432.8
30938.2
30524.6
30164.2
29882.9
29562.2
29371.5
29299.1
29152.7
29183.1
29113.2
28869.3
28792.9
28573.3
28247.3
28021.7
27736.9
27403.7
27077.1
26731
26365.1
25982.5
25582.1
25173.1
24757.1
24329.4
23891.1
23445.8
22992.8
22533.4
22065
21593.1
21115.4
20638.1
20162.2
19664.8
19258.9
16189
1.15699e+06
89262.2
88234.4
87181.6
86044
84833.2
83545.1
82179.3
80734.1
79229.3
77645
75997.5
74293.5
72541.3
70748.8
68926.5
67081.5
65227
63368.3
61520.3
59685.9
57878.6
56098.7
54355
52647.8
50979.8
49353.2
47766.8
46223.4
44720.7
43260.9
41839.6
40464.5
39126
37841.7
36611.6
35452.1
34408.9
33475.6
32732.1
32174.8
31770.8
31395
31034.1
30718.1
30435.7
30343.3
30253.7
30205
30245.7
30073.4
29978.6
29920.8
29623
29408
29200.1
28876.8
28578
28278.9
27941.6
27597.7
27232.6
26838.5
26432.4
26013.8
25581.1
25138.7
24691
24236.3
23774.6
23304.5
22830
22348.9
21866.7
21378.3
20891.1
20404.4
19896.7
19481.8
16415.4
1.15176e+06
88975.9
87887.5
86774
85563.9
84272.5
82895.1
81430.9
79897.1
78271.3
76574.7
74814.4
72996.7
71135
69236.6
67316.8
65383.2
63449.5
61524.9
59618.8
57742.6
55897.8
54097.9
52336.9
50627.4
48960.8
47344.9
45774.7
44251.9
42776.7
41347.7
39969.5
38646.5
37391
36217.4
35154.9
34236.9
33470.2
32846.6
32351.6
31974.1
31721.2
31498.6
31287.6
31161.3
31051.2
31093.5
31122.1
31026.3
31025.5
30878.3
30624.4
30504.3
30251.8
29961.9
29723
29426.1
29100.7
28773.6
28420.9
28046.1
27659.6
27255.7
26831.8
26390.6
25940.4
25480.7
25013.8
24539.3
24060.7
23576.4
23089.8
22597.1
22104.7
21606.7
21111.4
20616.1
20099.6
19676.9
16609.3
1.14954e+06
88676.4
87520
86339.7
85046.7
83665.7
82186.5
80611.4
78963
77218.6
75400.5
73514.6
71578.5
69596.8
67593.2
65569.6
63552.3
61539.3
59556.3
57598.8
55686.7
53817.5
51999
50237
48523.7
46872.9
45268.8
43724.9
42232.2
40793.6
39418.5
38106.9
36877
35757.7
34767.5
33926.6
33322
32903.1
32619.5
32386.3
32116
31898.8
31836.4
31836.5
31930.8
31892.7
31868.4
31900.6
31730.8
31614.7
31503.1
31217.9
31006.3
30777.6
30486.4
30207.3
29903.4
29567.6
29211.3
28836.8
28446.3
28038.3
27613.6
27177.1
26725.2
26259.8
25781.4
25296.9
24806
24312.8
23814.5
23316.1
22813
22311.9
21805.4
21301.8
20798
20273.4
19844.3
16780
1.14565e+06
88362.4
87132.4
85875.4
84491.2
83007.3
81413.6
79734.4
77941.7
76064.6
74110.1
72092.8
70025.2
67925.5
65807.1
63689.4
61582.2
59506.4
57461.2
55472.1
53524.1
51645.9
49816.3
48057.5
46357.3
44717.5
43148.5
41630.6
40194.8
38820.2
37549.5
36395.7
35371.6
34548
33885.5
33365.3
32979.6
32745.7
32624.2
32512.4
32400.6
32404.3
32487.6
32543.5
32659.8
32649.6
32508.9
32474
32320.9
32103.3
31980.7
31747.6
31486.1
31239.3
30947.5
30642.5
30319.9
29968.9
29596.7
29204
28792.3
28369.2
27932.5
27480.9
27012.9
26534
26043.2
25546
25040.8
24534.1
24023
23513.8
23000.5
22490.5
21975.5
21464.5
20953.7
20422.6
19988.3
16925.6
1.14244e+06
88035.8
86723.3
85378.9
83892.6
82291.3
80568.5
78750.7
76818.2
74795.4
72693.8
70535.1
68330.9
66109.5
63877.5
61668.2
59480.3
57344.3
55256.7
53231.6
51276.2
49378.8
47567.4
45806.9
44136.7
42523.9
40995.1
39546.5
38186.2
36940.7
35833
34891.2
34153.4
33643.4
33362.9
33221.7
33059.5
32876.6
32825.5
32920.2
33023.1
33145.5
33236.5
33207.8
33215.7
33236.2
33073.6
32942
32820.2
32577.6
32402
32197.8
31930.4
31655.8
31353.5
31025.9
30683.9
30321.5
29933.9
29527.4
29102.2
28661.5
28206.8
27741.7
27263.3
26773.8
26270.9
25761.7
25244.7
24727.3
24205.6
23686.6
23163.7
22644.9
22121.5
21603
21085.5
20548.7
20110.1
17050.7
1.13966e+06
87698.3
86289.7
84848.7
83244.7
81509.9
79660.1
77675.2
75584.9
73399.7
71141.4
68830.1
66489.4
64139.5
61807.1
59501.7
57255.3
55058.6
52947.3
50895.8
48936.4
47046.8
45239.8
43520.5
41867.6
40330.1
38869.6
37550.9
36381.4
35394.9
34635.9
34032.2
33651
33350.9
33249
33218.2
33211.6
33253.6
33330.8
33527.1
33680.2
33769.2
33814.4
33758.1
33656.3
33656.5
33549.7
33357.9
33236.9
33022.7
32796.4
32578.4
32314.7
32022.4
31705.6
31366.4
31006.2
30628
30229.3
29810.2
29370.3
28916.4
28448.3
27969.1
27477.3
26977
26465.5
25948.6
25422.7
24896
24364.1
23835.6
23303.2
22776.2
22245
21720.1
21197
20655.2
20212.6
17154.7
1.13963e+06
87347.4
85829.3
84279.6
82541.1
80654.4
78642.9
76490.4
74225.3
71862.9
69440.4
66966.3
64491.7
62014.5
59587.4
57203.3
54898.7
52672
50528.3
48484.6
46513.9
44658.5
42870.9
41200.5
39630.7
38174.8
36883.8
35744.2
34820.8
34156.6
33739.6
33558.8
33505.1
33421.2
33364.7
33458.7
33666.1
33877.7
33993.4
34135.1
34210.5
34252.5
34259.8
34234.7
34079.2
34021.8
33952.4
33754.5
33604.7
33410.9
33162.8
32915.4
32643.5
32344
32016.9
31664.4
31290.8
30898.6
30485.3
30054.5
29604.2
29138.2
28656.2
28164.5
27662.1
27152.7
26632.5
26107.5
25574
25040.3
24500.9
23964.5
23423.4
22888.1
22349.1
21818
21289.6
20743.7
20297.4
17237.6
1.146e+06
86981.2
85340.1
83665
81773.6
79731.4
77525.9
75183.5
72720.9
70175.9
67567.4
64944.7
62318.6
59742.6
57213.1
54779.8
52422.3
50180.6
48025.6
45985.7
44047.4
42211.9
40510.3
38905.5
37509.3
36261.2
35273.1
34544.4
33984.4
33661.9
33457.9
33468.8
33513.6
33612.2
33768.4
33949.7
34214.9
34421.1
34534.9
34589.3
34619.6
34634.8
34607.7
34607.9
34490
34359.7
34287.2
34112
33929.2
33737.2
33488.9
33219.5
32932.5
32621.4
32286.3
31926.1
31539.2
31132.9
30707.9
30266.3
29805.3
29329.1
28836.5
28334
27820.5
27301.5
26773.6
26242.7
25703.6
25163.7
24616.8
24072.5
23523.5
22981.2
22435.9
21899.9
21366.9
20816.7
20367.7
17317.4
1.13082e+06
86600.1
84818.2
82997.7
80932.3
78697.3
76288.6
73732.7
71060
68313.1
65524.4
62738.5
59988
57302.8
54712.4
52219.5
49853.6
47584.9
45459
43426.3
41553.6
39785.5
38200.6
36787
35587.4
34646.8
33984.1
33640.8
33589.3
33560.8
33518.5
33596.3
33804.6
34086.2
34354.1
34500.3
34696.1
34827.4
34935.9
34969.1
34983.4
34990.3
34926.5
34915.9
34853.5
34683.8
34577.5
34419.4
34220.4
34017.3
33771.6
33490.8
33187.3
32864.5
32518.6
32148.9
31753.4
31337
30900.1
30447.3
29976.6
29491.5
28989.9
28478.6
27955.7
27428.4
26893.1
26356.2
25811.3
25265.9
24713
24162.7
23607.2
23059
22508
21966.9
21429.6
20875.3
20423.8
17377.1
1.1303e+06
86204.2
84258.6
82269
80004.1
77552.8
74913.2
72118.2
69220.9
66261
63288.9
60351.5
57481.4
54715.8
52069.6
49553.7
47173.7
44927.1
42820.3
40868.4
39076.5
37484.7
36131.5
35099.4
34311.9
33812
33502.8
33399.2
33449.3
33594.4
33775.5
34010.4
34263
34556.2
34789.6
34922.8
35065.5
35136.8
35240
35295.4
35295.2
35310.9
35231.7
35183.6
35148.2
34989.7
34841.7
34682.3
34478.7
34261.6
34013
33728
33413
33076.4
32719.5
32341.2
31937.5
31512.6
31066.3
30603.5
30123
29629.7
29120.8
28602.2
28071.5
27536.7
26994.5
26451.7
25901.4
25350.8
24792.4
24236.6
23675.6
23122.6
22567.1
22022
21480.9
20922.6
20468.1
17420.1
1.13626e+06
85791
83655.6
81465.6
78992.2
76277.5
73374.4
70321.4
67181.9
64004.9
60856.4
57776.5
54810.6
51984.7
49302.9
46789.2
44412.1
42215.5
40192.7
38358.2
36772.5
35423.2
34404.3
33727.4
33375.6
33407.5
33400.1
33430
33592.6
33900.3
34220.3
34518.3
34690.3
34922.9
35109.4
35251.9
35382.8
35424
35512.5
35582.6
35571.7
35583
35512.7
35424.8
35385.8
35253.6
35084
34912.1
34702.6
34472.4
34218.4
33930.4
33608.4
33261
32891.3
32502.8
32092.5
31661.3
31206.5
30734.2
30244.8
29744.2
29228.9
28704.4
28167.5
27626.6
27078.2
26529.3
25973.1
25417.2
24854.2
24294.6
23730
23173.5
22614.5
22065.2
21520.7
20959.2
20502.9
17463.9
1.12225e+06
85358.5
83001.9
80575.8
77838.7
74843.5
71647.9
68313.5
64922.5
61531.2
58213.9
55021.2
51977.2
49122.4
46430.3
43934.7
41619.5
39505.8
37667.7
36085.7
34886
34054.8
33518.3
33210.1
33155.3
33234.7
33456.2
33709.5
33995.7
34304.9
34606.4
34877.8
35020.5
35217.6
35369.8
35516.6
35653
35687.9
35760
35833.2
35817.7
35813.5
35768.9
35652.3
35588
35472.8
35302
35116.2
34898.9
34657.3
34394.5
34103.1
33776.6
33420.3
33040
32642.2
32224.4
31786.6
31324.8
30845.3
30348.5
29841.2
29319.9
28790.3
28248.6
27703.1
27149
26594.1
26032
25471.4
24904.5
24342
23774.8
23215.8
22654.1
22101.6
21554.5
20990.2
20531.3
17503.4
1.1218e+06
84898.8
82287.7
79584.7
76544
73225.5
69702.4
66073
62421.7
58826.2
55371.3
52080.7
49010.1
46131.4
43487.3
41026.3
38866.7
36961.9
35383.4
34188.8
33372.6
33026.6
33061.1
33077.7
33162.4
33396.7
33769.7
34112.6
34412.3
34633.2
34890.5
35132.6
35299
35483.2
35603.9
35742.4
35881.6
35922
35980.8
36046.6
36028.1
36007.2
35981.9
35862.6
35766.4
35653
35486.6
35293.3
35068.3
34816.8
34544.3
34246.7
33915.8
33553.9
33165.3
32758.6
32332.7
31888.1
31420.2
30935.3
30432.8
29919.6
29392.9
28859
28313.5
27763.8
27204
26642.9
26075
25509.8
24939.3
24374.2
23804.7
23243
22678.3
22122.4
21573.1
21006.2
20545.1
17520.2
1.12554e+06
84407.2
81499
78470.2
75068.4
71384.7
67508.3
63565
59667
55886.6
52326.9
48982.6
45912.6
43054.1
40509.4
38180.6
36285
34837.9
33752
33187.6
32804.1
32772.2
32862.4
33144.9
33454.4
33776.5
34118.5
34424.5
34711.1
34889.1
35123.6
35347.8
35533.1
35717.3
35815.4
35941.5
36078.4
36131
36182.4
36236.6
36215.7
36179.5
36158.2
36053.6
35932.6
35807.8
35641.6
35444.5
35215.2
34956.4
34673.8
34367.8
34031.8
33666.2
33272.3
32857.9
32423.3
31971.1
31498.1
31010
30503.6
29986
29455.1
28918.1
28369.9
27817.2
27253
26687.2
26114.1
25544.7
24970.6
24403.2
23831.5
23267.7
22700.4
22141.8
21590
21020.3
20557.4
17541.6
1.11631e+06
83867.8
80620.8
77189.2
73377.1
69282.3
65019.5
60778.9
56630.9
52726.3
49092.2
45742
42724.5
39940.1
37604.8
35613.3
34100.9
33092.4
32551.2
32604.5
32641
32753.2
33026.3
33440.9
33813.5
34119.1
34373.2
34647.6
34926.2
35115.9
35341.5
35539
35727.5
35913.5
36002.8
36118.4
36245.6
36306.3
36355
36398.1
36375.7
36329
36304.7
36214.5
36082.6
35942.1
35770.5
35570.1
35338.4
35075.2
34783.6
34468.1
34126.3
33758.3
33361.2
32940.3
32497.2
32037.9
31560.6
31069.5
30559.4
30038.1
29503.4
28962.8
28410.7
27853.2
27283.8
26713.3
26135.7
25562.5
24985
24414.5
23839.7
23273.5
22705.8
22148.7
21597.3
21028.2
20565.5
17554.2
1.11372e+06
83260.9
79628.5
75722.7
71421.8
66872.9
62209.7
57676.9
53339
49339.1
45715.7
42392.8
39511.9
36955.7
34978.4
33674.7
32851.5
32370.5
32258.3
32355.8
32666.6
33025.4
33376.4
33742.8
34068.7
34360.5
34573.8
34835.3
35106.3
35319.4
35538.5
35707.4
35891.7
36077
36170.9
36283
36396.7
36457.5
36505.7
36539.5
36516.5
36461.9
36430.2
36346.8
36212.9
36060.6
35881.4
35676.1
35441.8
35175.1
34876.2
34552.7
34206.4
33837.5
33439.9
33016.3
32568
32103.6
31622.9
31129.8
30617
30092.6
29553.3
29007.9
28450.1
27887.1
27312.3
26737.2
26154.9
25578
24997.3
24424.1
23846
23277.6
22710
22156.7
21609
21044.3
20583.5
17579.9
1.10873e+06
82552.6
78494.4
74003.6
69165.5
64081.4
59061.2
54236.1
49806.2
45768.5
42222.9
39040.6
36411.9
34389
32890.6
32124.1
32042.2
32127.6
32234.1
32508.6
32939.2
33358.9
33678.7
33949.5
34236
34532.6
34753.4
35012.6
35264
35490.3
35704.8
35852.8
36030
36209.9
36313.7
36427.2
36526.6
36582.1
36631.2
36658.6
36637.7
36581.2
36539.1
36454.6
36321
36162
35975.4
35763.4
35524.4
35253.9
34949.2
34618.9
34266.2
33891.8
33488.3
33058.4
32603.2
32132.1
31644.8
31145.4
30628.5
30102
29561
29013.2
28451.8
27886.4
27310.8
26735.5
26153.3
25576.4
24995.3
24422.5
23845.3
23277.4
22706.7
22146.7
21593.6
21022.7
20559.4
17562.6
1.10607e+06
81707.7
77134.1
71981.3
66503.5
60885.6
55506.2
50505.4
46025.6
42106.9
38698.7
35872.2
33772.3
32680.9
31983.5
31685
31762.2
32075.7
32478
32845.1
33213.8
33572.1
33876.4
34107.2
34378.1
34678.9
34922.5
35178.4
35400.3
35630
35843.4
35982.9
36154.5
36324.4
36438.3
36554.1
36643.8
36689.5
36737.5
36759.9
36740.4
36685.8
36630.4
36541.1
36411.8
36255.7
36066.9
35849.6
35606.3
35332.8
35024.3
34689
34329.5
33948.1
33537.7
33102
32640.7
32163.9
31670.4
31165.7
30645.9
30118.6
29576.8
29027.8
28463.7
27896.5
27320
26745.7
26164.8
25589.6
25008.6
24437.3
23862.7
23296.5
22719.5
22151
21592.4
21018.1
20553.2
17570.7
1.10434e+06
80663.9
75497.4
69552.9
63385.1
57214.8
51578.3
46485.4
42137.4
38393.7
35396.7
33217
31791.2
31442.8
31517
31602.5
31868.8
32299.3
32773.1
33126.1
33399.2
33693.6
34002.4
34243
34516.2
34807.2
35069.3
35318.3
35515
35742
35953.3
36097
36266.7
36423.3
36542.4
36660.8
36746
36783.2
36828.4
36846.5
36827.4
36773.8
36707.9
36609
36478.6
36317.7
36123.4
35901.4
35651.5
35372.3
35060.6
34721.5
34355.2
33966.6
33552
33115.4
32653.6
32175.3
31678.1
31170.4
30647.7
30116.8
29570.6
29016.9
28449.6
27880.5
27302.5
26726.4
26143
25565
24981.9
24407
23828.5
23260.1
22689.7
22128.8
21571.9
20997.6
20531.6
17544.8
1.10427e+06
79380.4
73457.8
66621.2
59696.8
53061.6
47289.1
42278
38245.6
34962.8
32638
31754.2
31129.8
31142.1
31399.7
31785.4
32177.3
32568.5
32958.9
33293
33532.6
33797.8
34105.9
34374.5
34656
34923.5
35190.6
35432.7
35617.6
35839.5
36045
36199.4
36368.8
36511.5
36630.4
36749.9
36832.2
36864.5
36905.3
36916
36898.4
36850.2
36765.7
36672.8
36552.6
36387.8
36184.6
35956
35698.8
35415
35102.4
34762.7
34392
33997.7
33579.3
33142.3
32680.1
32200.4
31699
31188.4
30661.3
30126
29575.1
29018.2
28448.9
27879.1
27300.4
26723.8
26139.4
25560.6
24977
24401.7
23822.6
23255.3
22689.9
22133.7
21575.9
21000.8
20532.9
17540.3
1.1079e+06
77729.8
70889.8
63023.1
55394.5
48427.4
42787.5
38074.2
34553.3
32205
30703.8
30713.5
30860.1
31135.6
31549.5
32049.8
32450.9
32761.8
33070.2
33397
33645.4
33904.4
34204.9
34498.2
34783.2
35024
35287.1
35523.8
35708.3
35923.4
36120.3
36286.9
36456
36587.1
36704
36824.1
36905.3
36936.8
36974.3
36976.4
36955.7
36898
36819.3
36709.8
36568.7
36404.5
36208.4
35976.4
35711
35419.8
35100.9
34754
34375.6
33974.6
33551.9
33113
32650.2
32169.6
31667.4
31154.5
30627.6
30093.1
29542.3
28984.6
28413.4
27840.3
27258.1
26679.3
26093.8
25513
24926.3
24347.7
23767
23198.2
22628.4
22067.1
21510.8
20935.9
20469.7
17498
1.09777e+06
75567.4
67559.2
58640.8
50412.4
43466.6
38269.9
34364.4
31645
30810.4
30311.8
30495.7
30863.6
31354.7
31846.9
32295.1
32654
32901.3
33149.4
33456.1
33738.2
34015.3
34310.5
34614.1
34890
35110.5
35360.7
35592.3
35788.3
35996.4
36184.7
36363.2
36531.9
36651.7
36764.1
36881.2
36958.2
36989
37019.2
37014.6
36992.3
36938.7
36858.3
36737.8
36596.2
36436.6
36239.1
36001.9
35732.4
35439.3
35118.3
34768.4
34386.4
33982.2
33556.6
33115
32649.6
32166.7
31661.6
31145.8
30615.7
30078
29523.9
28964
28391.2
27817.4
27234.2
26655.4
26069.5
25488.5
24901.5
24323.2
23742.5
23173.8
22603.4
22043.2
21489.2
20915.3
20448.9
17484.9
1.09517e+06
72733.1
63330.3
53236.1
45016.4
38505.1
33988.1
31375
29860.8
30035.6
30325.3
30738.6
31215.9
31690.9
32068.1
32397
32718.7
32960.4
33203.2
33507.5
33825.4
34129.1
34407.8
34696.7
34954.7
35170.7
35413.2
35641
35850.3
36054.6
36233.1
36413.9
36578.8
36689.9
36801.6
36921.3
36994.5
37029.9
37055.2
37055.7
37029.7
36970.9
36879.9
36761
36614.5
36442.2
36237.1
35997.7
35726.9
35431.1
35106.2
34753.3
34370.6
33967.9
33543.3
33102
32636.3
32153.2
31647.7
31130.8
30598.3
30058.4
29502
28941.2
28367.2
27792.6
27208.1
26628.6
26041.6
25460.2
24873
24295.3
23714.6
23145.7
22574.3
22013.4
21458.9
20884.6
20419.2
17455
1.09375e+06
68990.5
57944.2
47108
39475.6
34549
30915.4
29858.2
29608.2
29806.7
30315.3
31029.1
31518.2
31858.9
32119.7
32383
32702.3
33001.5
33280.4
33587.8
33918.1
34210.9
34453.2
34723.3
34980.1
35213.3
35455.6
35682.4
35902.3
36099.1
36272.8
36456.9
36617.1
36730.6
36846.4
36954.9
37022.7
37057.1
37080
37078.1
37047.7
36986.5
36900.3
36784.9
36637.1
36463.4
36258.8
36019.9
35746.9
35446.7
35116.1
34758.5
34371.8
33964.9
33534.4
33087.7
32618.4
32134.1
31627.6
31110.1
30575.2
30033.6
29476
28915
28340.6
27766.3
27181.6
26602.3
26014.5
25433.3
24846.3
24269.3
23688.4
23118.8
22546.2
21984.7
21429.7
20855.8
20390.6
17429
1.09183e+06
63927.9
51280.6
40810.6
34305.6
30911.8
29269.5
29256.5
29534.4
30285.5
30859.9
31289.9
31640.3
31899.9
32146.5
32447.1
32787.2
33117.6
33416.4
33703.3
34013.9
34296.3
34539.2
34804.6
35058.2
35302.6
35533.4
35747.8
35971.3
36163
36332.7
36513
36665.8
36781.5
36897.4
36993.4
37055.8
37101.3
37118.8
37106
37065.6
36998
36902.6
36778.1
36622.2
36438.3
36225.9
35985.2
35712.8
35412.8
35084
34733.2
34356.4
33957.8
33531.4
33085.8
32616.2
32131.8
31625.2
31107
30569.5
30026
29467.1
28906
28331.5
27757.4
27172.5
26592.1
26003.3
25422.4
24835.9
24259.2
23677.8
23107.5
22534.2
21972.7
21417.1
20844.4
20379.5
17417.7
1.09132e+06
57044.9
44151
36027.7
31418.9
29182.5
28958.2
29459.7
30142.7
30589.9
31000.1
31278.7
31536.8
31819.1
32107.6
32417.4
32731.2
33064.6
33385.5
33670.3
33964.6
34253
34521.7
34777.8
35023.8
35278.9
35507.3
35723.3
35951.1
36147.8
36324.3
36498.7
36645.8
36779
36894.1
36975.2
37045.2
37089.4
37124.9
37110.7
37072.3
37009.1
36918.1
36796.3
36641
36456
36243.2
36003.2
35729.6
35426.3
35094.3
34742.8
34365.8
33967.3
33541.5
33097.3
32629.4
32146.9
31643.2
31127.1
30590.8
30047.9
29490.4
28930.8
28358.4
27786
27202.4
26620
26030.4
25448.9
24862.6
24284.8
23702.9
23130.7
22556.6
21994
21437.1
20864.9
20400.6
17432.4
1.09369e+06
41118.4
27814.1
24859
25477.4
27250.4
29057.2
30197.8
30890.7
31058.2
31192.5
31344.1
31595.7
31930.5
32281.7
32572.7
32848.3
33196.1
33545
33819.2
34092.2
34371
34651
34893.3
35123.5
35386.9
35608.2
35814
36043.7
36235.1
36402.7
36568.1
36710.7
36843.3
36953.2
37020.7
37081.4
37130.2
37144.5
37120
37072.1
37001
36903.2
36776.3
36614.8
36421.9
36203.1
35960
35679.8
35366.9
35022.9
34662.3
34277.5
33871.3
33433.1
32977.8
32500
32013.1
31503.4
30983.1
30439.3
29893.2
29331.1
28771
28194.8
27622.1
27034.1
26453.6
25863.6
25286.7
24701.2
24127.6
23545.9
22977.6
22404.7
21846.4
21291.8
20722.9
20259
17310.8
1.08486e+06
)
;

boundaryField
{
    inlet
    {
        type            fixedValue;
        value           uniform 200000;
    }
    outlet
    {
        type            fixedValue;
        value           uniform 9000;
    }
    axis
    {
        type            symmetryPlane;
    }
    wall
    {
        type            zeroGradient;
    }
    frontAndBack
    {
        type            empty;
    }
}


// ************************************************************************* //
