/*--------------------------------*- C++ -*----------------------------------*\
  =========                 |
  \\      /  F ield         | OpenFOAM: The Open Source CFD Toolbox
   \\    /   O peration     | Website:  https://openfoam.org
    \\  /    A nd           | Version:  13
     \\/     M anipulation  |
\*---------------------------------------------------------------------------*/
FoamFile
{
    format      ascii;
    class       volScalarField;
    location    "0.0015";
    object      rho;
}
// * * * * * * * * * * * * * * * * * * * * * * * * * * * * * * * * * * * * * //

dimensions      [1 -3 0 0 0 0 0];

internalField   nonuniform List<scalar> 
8000
(
0.383654
0.37795
0.372588
0.367305
0.362379
0.357802
0.353836
0.350526
0.347769
0.345391
0.343228
0.341167
0.339153
0.337175
0.33524
0.333358
0.331533
0.329766
0.328055
0.326398
0.324794
0.323243
0.321744
0.320299
0.318908
0.317573
0.316295
0.315074
0.31391
0.312801
0.311746
0.310743
0.309789
0.308882
0.30802
0.307201
0.306423
0.305687
0.304994
0.304345
0.303743
0.303191
0.302693
0.30225
0.301865
0.301539
0.301271
0.301058
0.300894
0.30077
0.300676
0.3006
0.300532
0.30046
0.300377
0.300275
0.300152
0.30001
0.299851
0.299681
0.299505
0.299327
0.299147
0.298965
0.298775
0.298574
0.298354
0.29811
0.297834
0.297523
0.297173
0.296786
0.296364
0.295914
0.295442
0.294957
0.294463
0.293966
0.293468
0.292968
0.292462
0.291945
0.291412
0.290856
0.290272
0.289653
0.288997
0.288298
0.287556
0.286768
0.285935
0.285056
0.284134
0.283169
0.282165
0.281119
0.280038
0.278914
0.277752
0.276541
0.275286
0.27397
0.272597
0.271146
0.269625
0.268003
0.266294
0.264458
0.262514
0.260409
0.258168
0.255716
0.253092
0.250179
0.24704
0.24349
0.239633
0.235178
0.230303
0.224567
0.383653
0.377948
0.372587
0.367306
0.36238
0.357804
0.353841
0.350532
0.347777
0.3454
0.343237
0.341175
0.339161
0.337182
0.335247
0.333364
0.331539
0.329771
0.32806
0.326403
0.324799
0.323248
0.321749
0.320304
0.318913
0.317579
0.3163
0.315079
0.313914
0.312805
0.311749
0.310746
0.309791
0.308884
0.308021
0.307202
0.306424
0.305688
0.304995
0.304347
0.303745
0.303194
0.302696
0.302253
0.301868
0.301542
0.301273
0.301059
0.300894
0.300769
0.300674
0.300598
0.300529
0.300457
0.300374
0.300273
0.300152
0.300011
0.299853
0.299684
0.299509
0.299331
0.299151
0.298967
0.298777
0.298574
0.298353
0.298108
0.297831
0.297519
0.29717
0.296783
0.296363
0.295914
0.295445
0.29496
0.294468
0.293972
0.293474
0.292973
0.292466
0.291948
0.291414
0.290857
0.290272
0.289652
0.288996
0.288296
0.287555
0.286767
0.285934
0.285056
0.284135
0.283171
0.282168
0.281124
0.280044
0.278921
0.27776
0.276549
0.275294
0.273977
0.272604
0.271153
0.26963
0.268008
0.266299
0.264463
0.262518
0.260412
0.258171
0.25572
0.253095
0.250182
0.247041
0.243492
0.239629
0.235167
0.230278
0.224519
0.383653
0.377946
0.372587
0.367308
0.362384
0.357809
0.353849
0.350542
0.347788
0.345413
0.34325
0.341187
0.339172
0.337194
0.335258
0.333374
0.331548
0.32978
0.328069
0.326411
0.324807
0.323256
0.321757
0.320312
0.318922
0.317587
0.316309
0.315087
0.313922
0.312811
0.311755
0.310751
0.309796
0.308888
0.308024
0.307204
0.306427
0.305691
0.304998
0.304351
0.30375
0.303199
0.302701
0.302258
0.301873
0.301546
0.301276
0.301061
0.300894
0.300768
0.300672
0.300595
0.300525
0.300454
0.300372
0.300272
0.300153
0.300013
0.299857
0.29969
0.299515
0.299337
0.299156
0.298971
0.298779
0.298575
0.298352
0.298105
0.297828
0.297515
0.297166
0.296781
0.296362
0.295916
0.295449
0.294967
0.294476
0.293981
0.293483
0.292982
0.292474
0.291954
0.291418
0.290859
0.290273
0.289652
0.288994
0.288295
0.287553
0.286765
0.285934
0.285057
0.284138
0.283176
0.282175
0.281133
0.280054
0.278932
0.277771
0.276561
0.275306
0.273989
0.272615
0.271163
0.26964
0.268017
0.266306
0.26447
0.262525
0.26042
0.258178
0.255727
0.253101
0.25019
0.247045
0.243494
0.239623
0.235149
0.230236
0.224442
0.383652
0.377944
0.372586
0.367311
0.362388
0.357815
0.35386
0.350557
0.347805
0.345431
0.343268
0.341205
0.339189
0.337209
0.335273
0.333388
0.331561
0.329792
0.32808
0.326423
0.324819
0.323267
0.321769
0.320324
0.318934
0.317599
0.31632
0.315098
0.313932
0.312821
0.311763
0.310758
0.309801
0.308892
0.308028
0.307208
0.30643
0.305695
0.305003
0.304356
0.303756
0.303206
0.302708
0.302265
0.30188
0.301552
0.301281
0.301064
0.300895
0.300767
0.300669
0.30059
0.30052
0.300449
0.300368
0.30027
0.300153
0.300016
0.299863
0.299697
0.299524
0.299345
0.299163
0.298977
0.298783
0.298576
0.298351
0.298101
0.297822
0.297509
0.297161
0.296777
0.296361
0.295918
0.295454
0.294976
0.294487
0.293994
0.293496
0.292993
0.292484
0.291962
0.291424
0.290863
0.290274
0.289651
0.288992
0.288292
0.28755
0.286763
0.285933
0.285058
0.284142
0.283182
0.282184
0.281145
0.280068
0.278948
0.277788
0.276578
0.275322
0.274005
0.272629
0.271177
0.269652
0.268029
0.266317
0.264481
0.262534
0.26043
0.258187
0.255737
0.253109
0.250199
0.24705
0.243497
0.239613
0.235124
0.230176
0.224332
0.383652
0.377942
0.372586
0.367312
0.36239
0.357825
0.353874
0.350575
0.347827
0.345454
0.343291
0.341227
0.339211
0.33723
0.335291
0.333406
0.331578
0.329808
0.328095
0.326438
0.324833
0.323282
0.321783
0.320339
0.318948
0.317614
0.316335
0.315112
0.313945
0.312833
0.311774
0.310766
0.309808
0.308898
0.308033
0.307212
0.306434
0.305699
0.305008
0.304362
0.303763
0.303214
0.302717
0.302274
0.301888
0.301559
0.301286
0.301067
0.300896
0.300765
0.300665
0.300585
0.300514
0.300443
0.300363
0.300267
0.300153
0.30002
0.29987
0.299707
0.299534
0.299356
0.299173
0.298984
0.298787
0.298577
0.298349
0.298097
0.297816
0.297502
0.297154
0.296772
0.29636
0.295921
0.295461
0.294986
0.294501
0.294009
0.293512
0.293008
0.292496
0.291972
0.291431
0.290867
0.290275
0.289651
0.28899
0.288289
0.287547
0.286761
0.285932
0.28506
0.284146
0.283191
0.282196
0.28116
0.280086
0.278968
0.277809
0.2766
0.275343
0.274025
0.272648
0.271194
0.269668
0.268044
0.26633
0.264494
0.262546
0.260442
0.258198
0.25575
0.25312
0.250211
0.247057
0.243502
0.239602
0.235093
0.230101
0.224193
0.383652
0.377941
0.372585
0.367312
0.362392
0.357835
0.353891
0.350596
0.347852
0.345481
0.343318
0.341254
0.339236
0.337253
0.335314
0.333427
0.331598
0.329827
0.328113
0.326455
0.32485
0.323299
0.3218
0.320356
0.318966
0.317631
0.316352
0.315129
0.31396
0.312847
0.311786
0.310777
0.309817
0.308905
0.308039
0.307217
0.306439
0.305704
0.305014
0.304369
0.303772
0.303223
0.302727
0.302285
0.301898
0.301567
0.301293
0.301071
0.300897
0.300763
0.300661
0.300578
0.300507
0.300436
0.300357
0.300264
0.300154
0.300025
0.299878
0.299718
0.299547
0.299368
0.299183
0.298992
0.298792
0.298578
0.298346
0.298091
0.297808
0.297493
0.297146
0.296767
0.296358
0.295924
0.295469
0.294999
0.294517
0.294027
0.29353
0.293025
0.292511
0.291984
0.291439
0.290871
0.290277
0.28965
0.288987
0.288285
0.287543
0.286758
0.285932
0.285062
0.284152
0.2832
0.28221
0.281177
0.280106
0.27899
0.277833
0.276625
0.275367
0.274049
0.27267
0.271215
0.269687
0.268062
0.266346
0.26451
0.26256
0.260457
0.258212
0.255765
0.253133
0.250226
0.247065
0.243508
0.23959
0.235058
0.230013
0.224027
0.383652
0.377941
0.372586
0.367312
0.362395
0.357847
0.35391
0.350621
0.347881
0.345512
0.34335
0.341284
0.339264
0.33728
0.335339
0.333451
0.33162
0.329848
0.328134
0.326475
0.32487
0.323318
0.32182
0.320376
0.318986
0.317651
0.316372
0.315147
0.313978
0.312862
0.3118
0.310789
0.309827
0.308913
0.308046
0.307223
0.306445
0.305711
0.305021
0.304378
0.303781
0.303234
0.302739
0.302296
0.301909
0.301577
0.3013
0.301075
0.300898
0.300761
0.300656
0.300571
0.300499
0.300428
0.300351
0.300261
0.300155
0.300029
0.299887
0.299729
0.29956
0.299382
0.299195
0.299001
0.298797
0.29858
0.298344
0.298085
0.2978
0.297484
0.297138
0.296761
0.296357
0.295928
0.295478
0.295013
0.294535
0.294047
0.29355
0.293045
0.292528
0.291997
0.291448
0.290877
0.290279
0.289649
0.288984
0.288281
0.287539
0.286755
0.285931
0.285065
0.284159
0.283211
0.282225
0.281197
0.280129
0.279016
0.27786
0.276652
0.275395
0.274075
0.272695
0.271239
0.269708
0.268082
0.266365
0.264528
0.262577
0.260475
0.258227
0.255783
0.253148
0.250243
0.247076
0.243516
0.239578
0.235019
0.229914
0.223837
0.383651
0.377942
0.372587
0.367311
0.362398
0.357859
0.353931
0.350649
0.347913
0.345546
0.343384
0.341317
0.339296
0.33731
0.335368
0.333477
0.331645
0.329872
0.328156
0.326497
0.324891
0.32334
0.321842
0.320398
0.319008
0.317673
0.316393
0.315168
0.313997
0.31288
0.311815
0.310802
0.309838
0.308922
0.308053
0.30723
0.306451
0.305718
0.305029
0.304387
0.303792
0.303246
0.302751
0.302309
0.301921
0.301587
0.301308
0.30108
0.300899
0.300759
0.300651
0.300564
0.30049
0.300419
0.300344
0.300257
0.300155
0.300035
0.299896
0.299742
0.299575
0.299396
0.299208
0.299011
0.298803
0.298581
0.298341
0.298079
0.297791
0.297475
0.297129
0.296756
0.296355
0.295932
0.295488
0.295028
0.294554
0.294069
0.293573
0.293066
0.292546
0.292012
0.291459
0.290883
0.290281
0.289648
0.288981
0.288277
0.287535
0.286753
0.285931
0.285068
0.284166
0.283223
0.282242
0.281218
0.280154
0.279044
0.277889
0.276683
0.275424
0.274104
0.272722
0.271265
0.269732
0.268105
0.266385
0.264548
0.262595
0.260494
0.258245
0.255803
0.253166
0.250263
0.247089
0.243526
0.239566
0.23498
0.229807
0.223626
0.383651
0.377942
0.372588
0.367311
0.362401
0.357872
0.353954
0.350679
0.347948
0.345584
0.343422
0.341354
0.339331
0.337343
0.335398
0.333506
0.331673
0.329898
0.328181
0.32652
0.324915
0.323363
0.321865
0.320421
0.319032
0.317697
0.316416
0.31519
0.314018
0.312899
0.311832
0.310816
0.30985
0.308933
0.308062
0.307237
0.306458
0.305725
0.305038
0.304397
0.303803
0.303259
0.302765
0.302322
0.301933
0.301598
0.301316
0.301085
0.300901
0.300757
0.300645
0.300556
0.300481
0.300411
0.300337
0.300254
0.300156
0.30004
0.299906
0.299755
0.29959
0.299412
0.299222
0.299022
0.29881
0.298584
0.298339
0.298073
0.297782
0.297465
0.29712
0.29675
0.296354
0.295936
0.295498
0.295044
0.294574
0.294091
0.293596
0.293088
0.292566
0.292028
0.291471
0.290891
0.290285
0.289648
0.288979
0.288274
0.287531
0.28675
0.285931
0.285072
0.284174
0.283237
0.28226
0.281241
0.28018
0.279073
0.27792
0.276715
0.275456
0.274136
0.272752
0.271293
0.269757
0.268129
0.266407
0.26457
0.262616
0.260516
0.258265
0.255825
0.253185
0.250285
0.247105
0.243539
0.239557
0.23494
0.229694
0.223398
0.383652
0.377943
0.37259
0.367311
0.362405
0.357886
0.353978
0.350711
0.347985
0.345623
0.343461
0.341392
0.339367
0.337378
0.335431
0.333537
0.331702
0.329926
0.328208
0.326546
0.32494
0.323388
0.32189
0.320447
0.319057
0.317722
0.316441
0.315214
0.31404
0.312919
0.31185
0.310832
0.309863
0.308944
0.308071
0.307246
0.306466
0.305733
0.305047
0.304407
0.303815
0.303272
0.302778
0.302336
0.301947
0.30161
0.301325
0.301091
0.300903
0.300755
0.30064
0.300549
0.300472
0.300402
0.30033
0.30025
0.300156
0.300045
0.299916
0.299769
0.299605
0.299427
0.299237
0.299034
0.298817
0.298586
0.298337
0.298067
0.297773
0.297455
0.297111
0.296744
0.296353
0.29594
0.295509
0.29506
0.294595
0.294114
0.29362
0.293111
0.292586
0.292044
0.291483
0.290899
0.290288
0.289649
0.288977
0.28827
0.287528
0.286749
0.285932
0.285077
0.284183
0.283251
0.282279
0.281264
0.280207
0.279104
0.277953
0.276749
0.27549
0.274169
0.272783
0.271323
0.269785
0.268156
0.266432
0.264594
0.262638
0.260539
0.258287
0.255849
0.253208
0.25031
0.247123
0.243554
0.239549
0.2349
0.229576
0.223154
0.383652
0.377944
0.372592
0.367311
0.362411
0.357901
0.354003
0.350744
0.348025
0.345665
0.343503
0.341433
0.339406
0.337414
0.335466
0.33357
0.331733
0.329955
0.328236
0.326573
0.324966
0.323414
0.321917
0.320473
0.319084
0.317748
0.316467
0.315238
0.314063
0.31294
0.311869
0.310848
0.309878
0.308955
0.308081
0.307255
0.306475
0.305742
0.305056
0.304418
0.303827
0.303285
0.302793
0.302351
0.30196
0.301622
0.301334
0.301096
0.300905
0.300753
0.300635
0.300541
0.300463
0.300393
0.300323
0.300246
0.300156
0.30005
0.299926
0.299782
0.299621
0.299444
0.299252
0.299045
0.298825
0.298589
0.298335
0.298061
0.297764
0.297445
0.297103
0.296738
0.296352
0.295945
0.29552
0.295076
0.294615
0.294138
0.293645
0.293135
0.292608
0.292062
0.291496
0.290907
0.290293
0.289649
0.288975
0.288267
0.287525
0.286747
0.285933
0.285082
0.284193
0.283266
0.282298
0.281289
0.280236
0.279135
0.277986
0.276783
0.275524
0.274203
0.272816
0.271354
0.269814
0.268184
0.266457
0.26462
0.262662
0.260564
0.258311
0.255875
0.253232
0.250337
0.247144
0.243573
0.239544
0.234863
0.229455
0.222897
0.383654
0.377947
0.372595
0.367312
0.362417
0.357916
0.35403
0.35078
0.348066
0.345709
0.343547
0.341475
0.339446
0.337453
0.335502
0.333604
0.331765
0.329986
0.328265
0.326602
0.324994
0.323442
0.321944
0.320501
0.319111
0.317776
0.316493
0.315264
0.314087
0.312962
0.311889
0.310866
0.309892
0.308968
0.308092
0.307264
0.306484
0.305752
0.305066
0.304429
0.30384
0.303299
0.302807
0.302366
0.301974
0.301634
0.301344
0.301103
0.300907
0.300752
0.30063
0.300534
0.300455
0.300385
0.300316
0.300242
0.300157
0.300055
0.299935
0.299796
0.299637
0.29946
0.299267
0.299058
0.298833
0.298592
0.298333
0.298055
0.297756
0.297436
0.297094
0.296733
0.296351
0.29595
0.29553
0.295092
0.294636
0.294162
0.293669
0.293159
0.292629
0.29208
0.29151
0.290916
0.290298
0.289651
0.288974
0.288265
0.287523
0.286747
0.285935
0.285088
0.284204
0.283281
0.282319
0.281314
0.280265
0.279168
0.27802
0.276819
0.27556
0.274238
0.272849
0.271387
0.269844
0.268213
0.266484
0.264646
0.262687
0.26059
0.258336
0.255903
0.253258
0.250366
0.247168
0.243594
0.239542
0.234828
0.229333
0.222629
0.383657
0.377951
0.3726
0.367315
0.362424
0.357933
0.354057
0.350816
0.348108
0.345754
0.343592
0.341519
0.339488
0.337492
0.335539
0.33364
0.331799
0.330018
0.328296
0.326631
0.325023
0.32347
0.321973
0.320529
0.31914
0.317804
0.316521
0.315291
0.314112
0.312985
0.311909
0.310884
0.309908
0.308981
0.308104
0.307275
0.306494
0.305761
0.305077
0.304441
0.303853
0.303313
0.302822
0.30238
0.301988
0.301646
0.301354
0.301109
0.30091
0.30075
0.300625
0.300526
0.300446
0.300376
0.300309
0.300238
0.300157
0.30006
0.299945
0.299809
0.299652
0.299476
0.299282
0.29907
0.298841
0.298596
0.298332
0.29805
0.297748
0.297427
0.297087
0.296728
0.29635
0.295955
0.295541
0.295109
0.294657
0.294186
0.293694
0.293183
0.292651
0.292099
0.291524
0.290926
0.290303
0.289653
0.288974
0.288263
0.287522
0.286747
0.285938
0.285094
0.284215
0.283297
0.282339
0.281339
0.280294
0.2792
0.278055
0.276855
0.275596
0.274274
0.272884
0.27142
0.269876
0.268243
0.266513
0.264675
0.262714
0.260618
0.258363
0.255932
0.253287
0.250397
0.247195
0.243618
0.239544
0.234798
0.229211
0.222352
0.383663
0.377957
0.372606
0.36732
0.362432
0.35795
0.354085
0.350853
0.348152
0.345801
0.343639
0.341564
0.339531
0.337533
0.335578
0.333676
0.331833
0.330051
0.328327
0.326662
0.325053
0.3235
0.322002
0.320559
0.319169
0.317833
0.316549
0.315318
0.314138
0.313009
0.311931
0.310902
0.309924
0.308995
0.308116
0.307286
0.306504
0.305772
0.305088
0.304453
0.303866
0.303327
0.302837
0.302395
0.302002
0.301659
0.301363
0.301116
0.300912
0.300749
0.300621
0.30052
0.300438
0.300368
0.300303
0.300235
0.300157
0.300065
0.299954
0.299822
0.299668
0.299492
0.299297
0.299082
0.29885
0.2986
0.298332
0.298045
0.297741
0.297419
0.297079
0.296723
0.29635
0.29596
0.295552
0.295125
0.294677
0.294209
0.293719
0.293207
0.292674
0.292118
0.291539
0.290937
0.290309
0.289656
0.288974
0.288263
0.287521
0.286747
0.285941
0.285102
0.284226
0.283313
0.28236
0.281365
0.280323
0.279232
0.278089
0.27689
0.275632
0.27431
0.272919
0.271454
0.269908
0.268275
0.266542
0.264704
0.262742
0.260647
0.258392
0.255963
0.253317
0.25043
0.247224
0.243645
0.23955
0.234771
0.229091
0.222068
0.38367
0.377967
0.372616
0.367326
0.362442
0.357968
0.354114
0.350892
0.348196
0.345848
0.343686
0.34161
0.339575
0.337574
0.335617
0.333714
0.331869
0.330085
0.32836
0.326693
0.325083
0.32353
0.322032
0.320588
0.319199
0.317862
0.316578
0.315345
0.314164
0.313033
0.311952
0.310922
0.309941
0.30901
0.308129
0.307297
0.306515
0.305782
0.305099
0.304465
0.303879
0.303341
0.302852
0.30241
0.302017
0.301671
0.301373
0.301122
0.300915
0.300749
0.300617
0.300513
0.30043
0.30036
0.300296
0.300231
0.300157
0.300069
0.299963
0.299834
0.299682
0.299508
0.299312
0.299095
0.298859
0.298604
0.298331
0.298041
0.297734
0.297411
0.297073
0.296719
0.29635
0.295965
0.295563
0.29514
0.294697
0.294232
0.293743
0.293231
0.292696
0.292137
0.291554
0.290948
0.290316
0.289659
0.288975
0.288262
0.287521
0.286749
0.285946
0.285109
0.284238
0.28333
0.282381
0.28139
0.280352
0.279265
0.278123
0.276926
0.275668
0.274346
0.272954
0.271489
0.269941
0.268307
0.266573
0.264734
0.262771
0.260677
0.258422
0.255995
0.253349
0.250465
0.247255
0.243675
0.23956
0.234749
0.228973
0.221778
0.383681
0.37798
0.372628
0.367335
0.362454
0.357988
0.354144
0.350931
0.348241
0.345896
0.343734
0.341656
0.339619
0.337617
0.335658
0.333752
0.331905
0.330119
0.328393
0.326725
0.325115
0.323561
0.322062
0.320619
0.319229
0.317892
0.316607
0.315373
0.31419
0.313057
0.311974
0.310941
0.309958
0.309025
0.308142
0.307309
0.306526
0.305793
0.305111
0.304477
0.303892
0.303355
0.302866
0.302425
0.302031
0.301684
0.301383
0.301129
0.300919
0.300748
0.300613
0.300507
0.300423
0.300353
0.300291
0.300228
0.300157
0.300074
0.299971
0.299846
0.299697
0.299523
0.299326
0.299107
0.298867
0.298609
0.298331
0.298038
0.297728
0.297404
0.297067
0.296716
0.296351
0.295971
0.295573
0.295156
0.294717
0.294254
0.293767
0.293255
0.292718
0.292156
0.291569
0.290959
0.290323
0.289663
0.288976
0.288263
0.287522
0.286751
0.28595
0.285118
0.28425
0.283347
0.282402
0.281415
0.280381
0.279296
0.278157
0.276962
0.275704
0.274383
0.27299
0.271524
0.269974
0.268339
0.266604
0.264765
0.262801
0.260708
0.258453
0.256029
0.253383
0.250501
0.24729
0.243708
0.239574
0.234733
0.22886
0.221485
0.383696
0.377996
0.372644
0.367348
0.362469
0.358009
0.354175
0.35097
0.348287
0.345944
0.343783
0.341704
0.339664
0.337659
0.335698
0.333791
0.331942
0.330155
0.328427
0.326758
0.325146
0.323592
0.322093
0.320649
0.319259
0.317922
0.316636
0.315401
0.314216
0.313082
0.311997
0.310961
0.309976
0.309041
0.308156
0.307321
0.306538
0.305805
0.305122
0.304489
0.303905
0.303369
0.302881
0.302439
0.302044
0.301696
0.301393
0.301136
0.300922
0.300748
0.30061
0.300502
0.300416
0.300346
0.300285
0.300224
0.300157
0.300077
0.299979
0.299857
0.29971
0.299538
0.299341
0.299119
0.298876
0.298613
0.298332
0.298035
0.297723
0.297398
0.297061
0.296713
0.296352
0.295976
0.295583
0.295171
0.294735
0.294276
0.29379
0.293278
0.292739
0.292175
0.291585
0.29097
0.290331
0.289668
0.288979
0.288264
0.287523
0.286754
0.285956
0.285127
0.284263
0.283364
0.282423
0.28144
0.280409
0.279328
0.278191
0.276997
0.27574
0.274419
0.273025
0.271559
0.270008
0.268372
0.266636
0.264797
0.262832
0.26074
0.258485
0.256063
0.253418
0.25054
0.247326
0.243743
0.239593
0.234722
0.228751
0.221191
0.383714
0.378017
0.372664
0.367364
0.362486
0.358032
0.354207
0.35101
0.348333
0.345993
0.343832
0.341751
0.33971
0.337703
0.33574
0.33383
0.33198
0.33019
0.328461
0.326791
0.325178
0.323623
0.322124
0.32068
0.319289
0.317951
0.316665
0.315429
0.314243
0.313107
0.312019
0.310982
0.309994
0.309057
0.30817
0.307334
0.30655
0.305817
0.305134
0.304502
0.303918
0.303383
0.302895
0.302454
0.302058
0.301708
0.301403
0.301143
0.300926
0.300749
0.300607
0.300497
0.30041
0.30034
0.30028
0.300221
0.300157
0.300081
0.299986
0.299868
0.299724
0.299552
0.299354
0.299131
0.298885
0.298618
0.298333
0.298033
0.297718
0.297393
0.297057
0.29671
0.296353
0.295981
0.295593
0.295185
0.294753
0.294297
0.293812
0.2933
0.29276
0.292193
0.2916
0.290982
0.29034
0.289673
0.288982
0.288267
0.287525
0.286758
0.285962
0.285136
0.284276
0.283381
0.282444
0.281465
0.280437
0.279359
0.278224
0.277032
0.275775
0.274454
0.27306
0.271594
0.270042
0.268406
0.266668
0.264829
0.262864
0.260773
0.258518
0.256099
0.253455
0.250579
0.247365
0.243781
0.239617
0.234716
0.228648
0.220897
0.383735
0.378043
0.372687
0.367384
0.362506
0.358057
0.354239
0.351051
0.348379
0.346042
0.343881
0.341799
0.339755
0.337746
0.335781
0.33387
0.332018
0.330226
0.328495
0.326824
0.325211
0.323655
0.322155
0.320711
0.31932
0.317981
0.316694
0.315457
0.31427
0.313131
0.312042
0.311003
0.310013
0.309073
0.308185
0.307348
0.306562
0.305829
0.305146
0.304514
0.303931
0.303397
0.302909
0.302468
0.302071
0.30172
0.301413
0.30115
0.30093
0.300749
0.300605
0.300492
0.300404
0.300334
0.300275
0.300218
0.300157
0.300084
0.299993
0.299878
0.299736
0.299566
0.299368
0.299143
0.298894
0.298624
0.298335
0.298031
0.297715
0.297388
0.297053
0.296709
0.296354
0.295986
0.295603
0.295199
0.294771
0.294317
0.293834
0.293322
0.292781
0.292212
0.291616
0.290994
0.290348
0.289679
0.288986
0.288269
0.287528
0.286762
0.285969
0.285146
0.284289
0.283398
0.282465
0.281489
0.280464
0.279389
0.278256
0.277065
0.27581
0.27449
0.273095
0.271628
0.270076
0.268439
0.2667
0.264861
0.262896
0.260806
0.258552
0.256135
0.253493
0.25062
0.247406
0.243822
0.239644
0.234717
0.228552
0.220603
0.383761
0.378072
0.372715
0.367408
0.36253
0.358084
0.354273
0.351092
0.348426
0.346091
0.34393
0.341846
0.339801
0.33779
0.335823
0.333909
0.332055
0.330262
0.32853
0.326857
0.325243
0.323686
0.322186
0.320741
0.31935
0.318011
0.316723
0.315485
0.314296
0.313156
0.312065
0.311023
0.310031
0.30909
0.3082
0.307361
0.306575
0.305841
0.305158
0.304527
0.303944
0.30341
0.302923
0.302481
0.302084
0.301732
0.301423
0.301157
0.300934
0.30075
0.300603
0.300488
0.300399
0.300329
0.30027
0.300216
0.300157
0.300087
0.299999
0.299887
0.299747
0.299579
0.29938
0.299154
0.298903
0.298629
0.298337
0.29803
0.297711
0.297384
0.29705
0.296707
0.296355
0.295992
0.295612
0.295212
0.294787
0.294336
0.293854
0.293343
0.292801
0.29223
0.291631
0.291007
0.290357
0.289685
0.28899
0.288273
0.287532
0.286768
0.285976
0.285156
0.284303
0.283415
0.282485
0.281513
0.280491
0.279418
0.278287
0.277099
0.275844
0.274524
0.27313
0.271663
0.270109
0.268473
0.266733
0.264894
0.262929
0.26084
0.258587
0.256172
0.253531
0.250662
0.247449
0.243865
0.239676
0.234724
0.228464
0.220313
0.383791
0.378106
0.372747
0.367437
0.362557
0.358114
0.354308
0.351133
0.348472
0.346139
0.343979
0.341894
0.339846
0.337833
0.335864
0.333949
0.332093
0.330299
0.328565
0.326891
0.325276
0.323718
0.322218
0.320772
0.31938
0.318041
0.316752
0.315513
0.314323
0.313181
0.312088
0.311044
0.31005
0.309107
0.308215
0.307375
0.306588
0.305853
0.305171
0.304539
0.303957
0.303423
0.302936
0.302494
0.302097
0.301743
0.301432
0.301164
0.300938
0.300751
0.300602
0.300484
0.300394
0.300324
0.300266
0.300213
0.300157
0.30009
0.300005
0.299896
0.299758
0.299591
0.299392
0.299165
0.298911
0.298634
0.298339
0.298029
0.297709
0.297381
0.297047
0.296706
0.296357
0.295997
0.295621
0.295224
0.294803
0.294354
0.293874
0.293363
0.29282
0.292248
0.291647
0.291019
0.290367
0.289692
0.288995
0.288277
0.287537
0.286773
0.285984
0.285166
0.284316
0.283432
0.282506
0.281536
0.280517
0.279447
0.278318
0.277131
0.275877
0.274558
0.273164
0.271697
0.270143
0.268506
0.266766
0.264928
0.262962
0.260874
0.258622
0.25621
0.253571
0.250704
0.247493
0.24391
0.239712
0.234737
0.228383
0.220026
0.383824
0.378144
0.372783
0.36747
0.362588
0.358147
0.354345
0.351175
0.348518
0.346188
0.344027
0.341941
0.339892
0.337877
0.335906
0.333989
0.332132
0.330335
0.3286
0.326924
0.325308
0.32375
0.322249
0.320803
0.319411
0.31807
0.316781
0.315541
0.314349
0.313206
0.312111
0.311065
0.310069
0.309124
0.30823
0.307389
0.306601
0.305866
0.305183
0.304551
0.30397
0.303436
0.302949
0.302507
0.302109
0.301754
0.301441
0.301171
0.300942
0.300752
0.3006
0.300481
0.30039
0.300319
0.300262
0.300211
0.300157
0.300092
0.30001
0.299903
0.299768
0.299602
0.299404
0.299175
0.298919
0.29864
0.298341
0.298029
0.297707
0.297379
0.297045
0.296706
0.29636
0.296003
0.29563
0.295237
0.294818
0.294371
0.293893
0.293382
0.292839
0.292265
0.291662
0.291032
0.290377
0.2897
0.289001
0.288283
0.287542
0.28678
0.285992
0.285177
0.28433
0.283448
0.282525
0.281559
0.280543
0.279475
0.278348
0.277163
0.27591
0.274592
0.273198
0.271731
0.270176
0.26854
0.266799
0.264961
0.262996
0.260909
0.258658
0.256249
0.253612
0.250748
0.247539
0.243957
0.239753
0.234757
0.228311
0.219746
0.38386
0.378185
0.372823
0.367508
0.362622
0.358182
0.354383
0.351218
0.348564
0.346235
0.344075
0.341988
0.339937
0.33792
0.335947
0.334028
0.332169
0.330372
0.328635
0.326958
0.325341
0.323782
0.32228
0.320833
0.31944
0.3181
0.316809
0.315568
0.314375
0.313231
0.312134
0.311086
0.310088
0.309141
0.308246
0.307403
0.306614
0.305878
0.305195
0.304564
0.303982
0.303449
0.302962
0.30252
0.302121
0.301764
0.30145
0.301177
0.300946
0.300754
0.300599
0.300478
0.300386
0.300315
0.300259
0.300208
0.300156
0.300094
0.300015
0.299911
0.299778
0.299613
0.299415
0.299185
0.298927
0.298645
0.298344
0.29803
0.297706
0.297377
0.297044
0.296706
0.296362
0.296008
0.295638
0.295248
0.294833
0.294388
0.293911
0.293401
0.292858
0.292282
0.291677
0.291044
0.290387
0.289708
0.289008
0.288289
0.287548
0.286787
0.286001
0.285189
0.284344
0.283465
0.282545
0.281582
0.280568
0.279502
0.278377
0.277193
0.275942
0.274625
0.273231
0.271764
0.27021
0.268573
0.266832
0.264995
0.26303
0.260945
0.258695
0.256288
0.253653
0.250793
0.247586
0.244006
0.239797
0.234782
0.228249
0.219471
0.383901
0.378229
0.372866
0.36755
0.36266
0.35822
0.354423
0.351261
0.348609
0.346283
0.344122
0.342034
0.339981
0.337963
0.335988
0.334068
0.332207
0.330408
0.328669
0.326992
0.325373
0.323813
0.32231
0.320863
0.31947
0.318129
0.316837
0.315595
0.314401
0.313255
0.312157
0.311107
0.310107
0.309158
0.308262
0.307418
0.306628
0.305891
0.305207
0.304576
0.303994
0.303461
0.302974
0.302531
0.302132
0.301774
0.301458
0.301184
0.30095
0.300755
0.300599
0.300476
0.300382
0.300311
0.300255
0.300206
0.300156
0.300096
0.300019
0.299918
0.299786
0.299623
0.299425
0.299195
0.298936
0.298651
0.298348
0.298031
0.297706
0.297376
0.297043
0.296707
0.296365
0.296014
0.295647
0.295259
0.294847
0.294404
0.293929
0.293419
0.292875
0.292299
0.291692
0.291057
0.290398
0.289717
0.289015
0.288295
0.287555
0.286795
0.28601
0.2852
0.284358
0.283482
0.282565
0.281604
0.280592
0.279529
0.278406
0.277224
0.275973
0.274657
0.273263
0.271797
0.270243
0.268606
0.266865
0.265028
0.263064
0.26098
0.258732
0.256327
0.253695
0.250838
0.247635
0.244057
0.239845
0.234812
0.228197
0.219205
0.383945
0.378276
0.372914
0.367596
0.362701
0.358261
0.354464
0.351304
0.348655
0.346329
0.344169
0.34208
0.340025
0.338005
0.336029
0.334107
0.332245
0.330444
0.328704
0.327025
0.325405
0.323844
0.322341
0.320893
0.319499
0.318157
0.316865
0.315622
0.314427
0.313279
0.312179
0.311128
0.310126
0.309176
0.308277
0.307432
0.306641
0.305904
0.30522
0.304588
0.304006
0.303473
0.302986
0.302543
0.302143
0.301784
0.301467
0.30119
0.300954
0.300757
0.300598
0.300474
0.300379
0.300308
0.300253
0.300205
0.300156
0.300098
0.300023
0.299924
0.299795
0.299632
0.299435
0.299205
0.298944
0.298657
0.298352
0.298033
0.297707
0.297376
0.297044
0.296709
0.296369
0.296019
0.295655
0.29527
0.29486
0.29442
0.293946
0.293437
0.292893
0.292315
0.291707
0.29107
0.290409
0.289726
0.289024
0.288303
0.287563
0.286803
0.286021
0.285212
0.284373
0.283499
0.282584
0.281626
0.280617
0.279555
0.278434
0.277253
0.276004
0.274688
0.273295
0.27183
0.270275
0.268639
0.266899
0.265062
0.263098
0.261016
0.25877
0.256367
0.253738
0.250884
0.247685
0.244109
0.239896
0.234849
0.228155
0.218946
0.383993
0.378326
0.372965
0.367646
0.362746
0.358305
0.354507
0.351348
0.3487
0.346376
0.344215
0.342125
0.340069
0.338047
0.336069
0.334146
0.332282
0.33048
0.328738
0.327058
0.325437
0.323875
0.322371
0.320923
0.319528
0.318185
0.316892
0.315648
0.314451
0.313302
0.312201
0.311148
0.310145
0.309193
0.308293
0.307446
0.306654
0.305916
0.305232
0.304599
0.304018
0.303484
0.302997
0.302554
0.302153
0.301794
0.301475
0.301196
0.300958
0.300759
0.300599
0.300473
0.300377
0.300305
0.30025
0.300203
0.300156
0.300101
0.300028
0.29993
0.299803
0.299642
0.299445
0.299214
0.298952
0.298664
0.298356
0.298036
0.297708
0.297377
0.297045
0.296711
0.296372
0.296025
0.295663
0.295281
0.294873
0.294434
0.293962
0.293453
0.292909
0.292331
0.291722
0.291084
0.290421
0.289736
0.289032
0.288311
0.287571
0.286813
0.286031
0.285225
0.284388
0.283517
0.282604
0.281648
0.28064
0.279581
0.278461
0.277282
0.276034
0.274719
0.273327
0.271862
0.270308
0.268672
0.266932
0.265096
0.263133
0.261053
0.258808
0.256408
0.253781
0.250931
0.247735
0.244162
0.239951
0.234891
0.228125
0.218697
0.384044
0.378377
0.37302
0.367701
0.362794
0.358351
0.354551
0.351392
0.348745
0.346421
0.34426
0.342169
0.340112
0.338089
0.336109
0.334184
0.332319
0.330515
0.328772
0.327091
0.325469
0.323906
0.322401
0.320952
0.319556
0.318212
0.316919
0.315674
0.314476
0.313326
0.312223
0.311168
0.310164
0.30921
0.308309
0.307461
0.306668
0.305929
0.305244
0.304611
0.304029
0.303496
0.303008
0.302565
0.302163
0.301803
0.301483
0.301203
0.300963
0.300762
0.300599
0.300472
0.300376
0.300304
0.300249
0.300203
0.300157
0.300103
0.300032
0.299937
0.299811
0.299651
0.299454
0.299223
0.29896
0.29867
0.298361
0.298039
0.29771
0.297378
0.297046
0.296713
0.296377
0.296031
0.295672
0.295292
0.294886
0.294449
0.293977
0.29347
0.292926
0.292347
0.291736
0.291097
0.290432
0.289747
0.289042
0.28832
0.287581
0.286823
0.286043
0.285238
0.284403
0.283534
0.282623
0.281669
0.280664
0.279606
0.278488
0.27731
0.276063
0.27475
0.273358
0.271894
0.27034
0.268705
0.266965
0.26513
0.263168
0.261089
0.258846
0.256448
0.253825
0.250978
0.247787
0.244217
0.240008
0.234938
0.228105
0.218459
0.384099
0.378427
0.37308
0.36776
0.362845
0.3584
0.354597
0.351437
0.34879
0.346466
0.344305
0.342213
0.340155
0.33813
0.336149
0.334222
0.332355
0.33055
0.328806
0.327123
0.3255
0.323936
0.32243
0.32098
0.319584
0.318239
0.316945
0.315699
0.3145
0.313349
0.312244
0.311188
0.310182
0.309227
0.308324
0.307476
0.306681
0.305942
0.305256
0.304623
0.304041
0.303507
0.30302
0.302576
0.302174
0.301812
0.301491
0.301209
0.300968
0.300765
0.300601
0.300472
0.300375
0.300303
0.300248
0.300203
0.300158
0.300105
0.300036
0.299942
0.299818
0.299659
0.299463
0.299232
0.298968
0.298677
0.298366
0.298042
0.297712
0.297381
0.297049
0.296717
0.296381
0.296037
0.29568
0.295302
0.294898
0.294462
0.293992
0.293486
0.292942
0.292363
0.291751
0.29111
0.290444
0.289758
0.289052
0.28833
0.28759
0.286833
0.286054
0.285251
0.284418
0.283551
0.282642
0.28169
0.280686
0.279631
0.278514
0.277338
0.276092
0.27478
0.273389
0.271925
0.270372
0.268737
0.266998
0.265164
0.263203
0.261125
0.258884
0.256489
0.253869
0.251025
0.247838
0.244272
0.240067
0.23499
0.228096
0.218232
0.384158
0.378476
0.373143
0.367822
0.362899
0.358451
0.354644
0.351482
0.348834
0.34651
0.344349
0.342256
0.340196
0.33817
0.336188
0.33426
0.332391
0.330585
0.328839
0.327155
0.325531
0.323966
0.322459
0.321008
0.319611
0.318266
0.316971
0.315724
0.314524
0.313371
0.312266
0.311209
0.310201
0.309244
0.308341
0.307491
0.306695
0.305955
0.305269
0.304635
0.304053
0.303519
0.303031
0.302587
0.302184
0.301822
0.3015
0.301216
0.300973
0.300769
0.300603
0.300473
0.300375
0.300302
0.300248
0.300203
0.300159
0.300108
0.30004
0.299948
0.299825
0.299667
0.299472
0.29924
0.298975
0.298683
0.298371
0.298046
0.297715
0.297383
0.297052
0.29672
0.296386
0.296044
0.295688
0.295312
0.294909
0.294476
0.294007
0.293501
0.292957
0.292378
0.291765
0.291124
0.290457
0.289769
0.289062
0.28834
0.2876
0.286844
0.286066
0.285265
0.284433
0.283567
0.282661
0.281711
0.280708
0.279655
0.278539
0.277364
0.276119
0.274808
0.273418
0.271956
0.270403
0.268769
0.267031
0.265198
0.263238
0.261162
0.258922
0.25653
0.253913
0.251073
0.24789
0.244328
0.240129
0.235046
0.2281
0.218021
0.384221
0.378524
0.373209
0.367888
0.362956
0.358505
0.354693
0.351527
0.348878
0.346553
0.344391
0.342298
0.340238
0.33821
0.336226
0.334297
0.332427
0.330619
0.328872
0.327186
0.325561
0.323995
0.322487
0.321036
0.319638
0.318293
0.316996
0.315749
0.314548
0.313394
0.312288
0.311229
0.31022
0.309262
0.308357
0.307506
0.30671
0.305969
0.305282
0.304648
0.304065
0.303531
0.303042
0.302598
0.302195
0.301832
0.301508
0.301224
0.300979
0.300773
0.300605
0.300474
0.300375
0.300302
0.300247
0.300203
0.30016
0.300109
0.300043
0.299952
0.29983
0.299674
0.299479
0.299248
0.298982
0.298689
0.298376
0.29805
0.297719
0.297386
0.297055
0.296724
0.296391
0.29605
0.295696
0.295321
0.29492
0.294488
0.29402
0.293515
0.292972
0.292392
0.291779
0.291137
0.290469
0.28978
0.289073
0.28835
0.287611
0.286855
0.286078
0.285278
0.284447
0.283584
0.282679
0.28173
0.28073
0.279677
0.278564
0.27739
0.276146
0.274836
0.273447
0.271985
0.270433
0.2688
0.267063
0.265231
0.263272
0.261198
0.25896
0.25657
0.253956
0.25112
0.247943
0.244385
0.240191
0.235107
0.228116
0.217835
0.384287
0.378575
0.373276
0.367956
0.363016
0.35856
0.354743
0.351573
0.348921
0.346595
0.344433
0.342339
0.340278
0.338249
0.336264
0.334333
0.332462
0.330652
0.328904
0.327217
0.325591
0.324025
0.322516
0.321064
0.319666
0.318319
0.317022
0.315774
0.314572
0.313417
0.312309
0.31125
0.310239
0.30928
0.308374
0.307522
0.306725
0.305983
0.305295
0.304661
0.304077
0.303543
0.303054
0.302609
0.302205
0.301841
0.301516
0.301231
0.300984
0.300777
0.300608
0.300475
0.300375
0.300302
0.300247
0.300203
0.30016
0.300111
0.300045
0.299956
0.299835
0.29968
0.299486
0.299254
0.298989
0.298695
0.298381
0.298055
0.297722
0.297389
0.297058
0.296728
0.296395
0.296056
0.295703
0.29533
0.29493
0.294499
0.294033
0.293528
0.292985
0.292406
0.291792
0.291149
0.29048
0.289791
0.289083
0.28836
0.287621
0.286866
0.28609
0.285291
0.284461
0.283599
0.282696
0.281749
0.28075
0.279699
0.278587
0.277415
0.276172
0.274863
0.273475
0.272014
0.270463
0.26883
0.267094
0.265263
0.263305
0.261233
0.258997
0.25661
0.253999
0.251166
0.247994
0.244441
0.240255
0.235171
0.228144
0.217677
0.384358
0.378627
0.373343
0.368027
0.363078
0.358617
0.354793
0.351619
0.348964
0.346637
0.344474
0.342379
0.340317
0.338287
0.336301
0.334368
0.332496
0.330685
0.328936
0.327249
0.325622
0.324054
0.322545
0.321092
0.319693
0.318346
0.317048
0.315799
0.314596
0.31344
0.312331
0.311271
0.310259
0.309299
0.308391
0.307538
0.30674
0.305997
0.305309
0.304673
0.30409
0.303554
0.303065
0.302619
0.302215
0.30185
0.301524
0.301237
0.300989
0.300781
0.30061
0.300476
0.300375
0.300301
0.300246
0.300202
0.30016
0.300111
0.300047
0.299958
0.299839
0.299685
0.299492
0.299261
0.298995
0.298701
0.298386
0.298058
0.297725
0.297392
0.297061
0.296731
0.2964
0.296061
0.295709
0.295338
0.294939
0.29451
0.294044
0.29354
0.292997
0.292418
0.291804
0.29116
0.290491
0.289801
0.289093
0.28837
0.287631
0.286876
0.286101
0.285303
0.284475
0.283614
0.282712
0.281767
0.280769
0.27972
0.278608
0.277437
0.276196
0.274888
0.273501
0.272041
0.270491
0.268859
0.267123
0.265294
0.263338
0.261267
0.259034
0.256648
0.254041
0.251212
0.248045
0.244496
0.240318
0.235238
0.228182
0.217554
0.384429
0.378682
0.37341
0.3681
0.363143
0.358676
0.354845
0.351665
0.349007
0.346678
0.344514
0.342419
0.340356
0.338324
0.336337
0.334403
0.33253
0.330718
0.328969
0.327281
0.325653
0.324084
0.322574
0.32112
0.319721
0.318373
0.317074
0.315824
0.31462
0.313463
0.312353
0.311291
0.310279
0.309317
0.308409
0.307554
0.306755
0.306011
0.305322
0.304686
0.304101
0.303565
0.303075
0.302629
0.302223
0.301858
0.301531
0.301243
0.300994
0.300784
0.300612
0.300477
0.300375
0.3003
0.300244
0.3002
0.300159
0.300111
0.300048
0.299961
0.299843
0.299689
0.299497
0.299266
0.299
0.298706
0.29839
0.298062
0.297729
0.297395
0.297064
0.296735
0.296404
0.296066
0.295715
0.295345
0.294947
0.294519
0.294054
0.29355
0.293008
0.292429
0.291815
0.291171
0.290501
0.289811
0.289102
0.288379
0.28764
0.286886
0.286111
0.285314
0.284488
0.283628
0.282727
0.281783
0.280787
0.279739
0.278628
0.277459
0.276218
0.274912
0.273525
0.272066
0.270517
0.268886
0.267152
0.265323
0.263369
0.261299
0.259069
0.256686
0.254082
0.251256
0.248095
0.244551
0.240382
0.235307
0.228232
0.217479
0.384505
0.378741
0.373478
0.368173
0.363209
0.358736
0.354898
0.351711
0.349049
0.346718
0.344553
0.342457
0.340394
0.338362
0.336373
0.334439
0.332565
0.330753
0.329002
0.327313
0.325684
0.324115
0.322604
0.321149
0.319748
0.318399
0.3171
0.315848
0.314644
0.313486
0.312375
0.311311
0.310298
0.309335
0.308425
0.307569
0.306769
0.306024
0.305334
0.304697
0.304112
0.303575
0.303084
0.302636
0.30223
0.301864
0.301536
0.301247
0.300996
0.300785
0.300612
0.300476
0.300373
0.300298
0.300243
0.300199
0.300158
0.300111
0.300049
0.299963
0.299846
0.299693
0.299502
0.299271
0.299005
0.29871
0.298394
0.298065
0.297731
0.297398
0.297067
0.296737
0.296407
0.29607
0.29572
0.29535
0.294954
0.294526
0.294062
0.29356
0.293018
0.292439
0.291825
0.291181
0.29051
0.289819
0.289111
0.288388
0.287649
0.286895
0.286121
0.285325
0.284499
0.28364
0.282741
0.281798
0.280803
0.279755
0.278646
0.277478
0.276238
0.274933
0.273547
0.272089
0.270541
0.268911
0.267178
0.26535
0.263397
0.261329
0.259101
0.256721
0.25412
0.251297
0.24814
0.244602
0.240442
0.235374
0.228282
0.217462
0.384575
0.378803
0.373549
0.368248
0.363278
0.358798
0.354951
0.351757
0.34909
0.346757
0.344591
0.342495
0.340431
0.338398
0.336409
0.334474
0.3326
0.330787
0.329035
0.327345
0.325715
0.324144
0.322632
0.321176
0.319774
0.318424
0.317123
0.315871
0.314665
0.313506
0.312394
0.31133
0.310314
0.30935
0.308439
0.307583
0.306781
0.306035
0.305344
0.304706
0.304119
0.303581
0.30309
0.302641
0.302234
0.301867
0.301538
0.301247
0.300996
0.300783
0.300609
0.300473
0.300369
0.300294
0.300239
0.300196
0.300155
0.300109
0.300047
0.299962
0.299846
0.299694
0.299503
0.299272
0.299006
0.298711
0.298395
0.298066
0.297731
0.297398
0.297066
0.296737
0.296407
0.296071
0.295722
0.295353
0.294957
0.294531
0.294067
0.293565
0.293024
0.292445
0.291831
0.291187
0.290516
0.289825
0.289116
0.288393
0.287654
0.2869
0.286127
0.285331
0.284506
0.283648
0.282749
0.281807
0.280813
0.279766
0.278658
0.27749
0.276252
0.274947
0.273562
0.272105
0.270557
0.268928
0.267196
0.265369
0.263417
0.26135
0.259123
0.256745
0.254146
0.251327
0.248174
0.244641
0.240488
0.235429
0.22833
0.217517
0.38465
0.37887
0.373621
0.368324
0.363348
0.358861
0.355004
0.351804
0.349132
0.346796
0.344629
0.342532
0.340468
0.338435
0.336445
0.33451
0.332635
0.33082
0.329067
0.327375
0.325743
0.324171
0.322657
0.3212
0.319797
0.318446
0.317145
0.315892
0.314685
0.313525
0.312412
0.311346
0.31033
0.309365
0.308452
0.307594
0.306792
0.306044
0.305352
0.304713
0.304126
0.303587
0.303095
0.302647
0.302239
0.301871
0.301542
0.30125
0.300998
0.300785
0.300611
0.300474
0.30037
0.300295
0.30024
0.300197
0.300157
0.300111
0.30005
0.299966
0.299851
0.299699
0.299508
0.299278
0.299012
0.298717
0.2984
0.29807
0.297735
0.297401
0.29707
0.296741
0.296411
0.296075
0.295726
0.295358
0.294964
0.294538
0.294075
0.293574
0.293033
0.292454
0.29184
0.291196
0.290525
0.289834
0.289125
0.288402
0.287663
0.28691
0.286136
0.285341
0.284517
0.28366
0.282762
0.281821
0.280828
0.279782
0.278675
0.277508
0.276271
0.274967
0.273584
0.272127
0.270581
0.268953
0.267222
0.265396
0.263446
0.261381
0.259156
0.25678
0.254185
0.251369
0.248222
0.244694
0.24055
0.235502
0.228398
0.217631
0.384711
0.378938
0.373693
0.368394
0.363415
0.358921
0.355058
0.351849
0.349171
0.346831
0.344663
0.342566
0.340501
0.338468
0.336478
0.334542
0.332665
0.330849
0.329094
0.3274
0.325767
0.324193
0.322678
0.321219
0.319814
0.318461
0.317158
0.315904
0.314696
0.313535
0.312421
0.311354
0.310337
0.30937
0.308457
0.307597
0.306793
0.306045
0.305351
0.304711
0.304123
0.303584
0.303092
0.302643
0.302236
0.301868
0.301539
0.301247
0.300995
0.300782
0.300607
0.30047
0.300367
0.300292
0.300237
0.300195
0.300155
0.30011
0.30005
0.299966
0.299851
0.2997
0.29951
0.29928
0.299015
0.298719
0.298402
0.298072
0.297737
0.297402
0.297071
0.296742
0.296412
0.296076
0.295728
0.29536
0.294966
0.29454
0.294078
0.293577
0.293036
0.292457
0.291843
0.291199
0.290528
0.289836
0.289126
0.288403
0.287664
0.286911
0.286138
0.285343
0.284519
0.283663
0.282765
0.281825
0.280832
0.279787
0.27868
0.277514
0.276277
0.274973
0.27359
0.272134
0.270588
0.26896
0.267229
0.265404
0.263455
0.26139
0.259166
0.256791
0.254198
0.251383
0.248238
0.244712
0.240573
0.235534
0.228437
0.217719
0.384777
0.379008
0.37377
0.368472
0.363489
0.358987
0.355113
0.351895
0.34921
0.346867
0.344698
0.3426
0.340534
0.3385
0.336508
0.334571
0.332691
0.330873
0.329117
0.327422
0.325787
0.324213
0.322697
0.321237
0.319832
0.31848
0.317176
0.315921
0.314713
0.313551
0.312436
0.311368
0.31035
0.309383
0.308469
0.307609
0.306804
0.306054
0.30536
0.30472
0.304133
0.303594
0.303102
0.302653
0.302245
0.301876
0.301546
0.301254
0.301001
0.300786
0.300611
0.300473
0.300369
0.300293
0.300238
0.300195
0.300156
0.300111
0.300051
0.299967
0.299854
0.299704
0.299514
0.299285
0.29902
0.298724
0.298407
0.298077
0.297742
0.297407
0.297076
0.296747
0.296417
0.296081
0.295733
0.295366
0.294973
0.294548
0.294087
0.293586
0.293046
0.292468
0.291854
0.29121
0.290539
0.289847
0.289138
0.288414
0.287675
0.286922
0.286149
0.285355
0.284531
0.283676
0.282779
0.28184
0.280848
0.279805
0.278699
0.277534
0.276299
0.274996
0.273614
0.27216
0.270615
0.268989
0.267259
0.265436
0.263489
0.261426
0.259205
0.256833
0.254244
0.251433
0.248295
0.244777
0.240651
0.235628
0.228546
0.217861
0.384802
0.37904
0.37379
0.3685
0.363525
0.359021
0.355141
0.351917
0.349227
0.34688
0.344709
0.342609
0.340541
0.338504
0.336509
0.334567
0.332685
0.330865
0.329107
0.327412
0.325777
0.324203
0.322687
0.321228
0.319823
0.318471
0.317168
0.315913
0.314705
0.313543
0.312428
0.31136
0.310342
0.309376
0.308462
0.307602
0.306798
0.30605
0.305357
0.304719
0.304131
0.303592
0.303099
0.30265
0.302242
0.301873
0.301542
0.30125
0.300996
0.300782
0.300606
0.300468
0.300363
0.300287
0.300233
0.30019
0.300151
0.300106
0.300046
0.299963
0.29985
0.2997
0.29951
0.299281
0.299015
0.298719
0.298402
0.298071
0.297735
0.2974
0.297068
0.296739
0.296409
0.296074
0.295726
0.295359
0.294965
0.294541
0.294079
0.293579
0.293039
0.292461
0.291847
0.291202
0.290531
0.289838
0.289128
0.288404
0.287665
0.286911
0.286138
0.285343
0.28452
0.283664
0.282768
0.281828
0.280837
0.279793
0.278688
0.277523
0.276287
0.274984
0.273603
0.272148
0.270603
0.268977
0.267248
0.265424
0.263477
0.261414
0.259194
0.256822
0.254233
0.251424
0.248288
0.244773
0.240652
0.235636
0.228551
0.217811
0.384941
0.379239
0.373979
0.368675
0.363676
0.359151
0.355251
0.35201
0.349311
0.34696
0.344786
0.342685
0.340616
0.338576
0.336577
0.334632
0.332748
0.330926
0.329167
0.32747
0.325834
0.324258
0.322741
0.32128
0.319874
0.31852
0.317215
0.315959
0.31475
0.313587
0.31247
0.311402
0.310382
0.309414
0.308498
0.307637
0.306831
0.306082
0.305387
0.304747
0.304157
0.303617
0.303123
0.302672
0.302263
0.301892
0.301561
0.301267
0.301012
0.300796
0.300619
0.300479
0.300373
0.300296
0.300241
0.300198
0.300159
0.300114
0.300055
0.299973
0.299861
0.299712
0.299524
0.299297
0.299033
0.298739
0.298422
0.298092
0.297757
0.297422
0.29709
0.296761
0.296432
0.296097
0.29575
0.295384
0.294992
0.294569
0.294109
0.29361
0.293072
0.292495
0.291883
0.291239
0.290569
0.289878
0.289169
0.288446
0.287708
0.286955
0.286183
0.28539
0.284568
0.283715
0.28282
0.281883
0.280893
0.279852
0.278749
0.277587
0.276354
0.275055
0.273676
0.272224
0.270683
0.26906
0.267335
0.265516
0.263573
0.261516
0.259301
0.256935
0.254354
0.251554
0.248429
0.244927
0.240827
0.235849
0.228828
0.218327
0.220967
0.219813
0.218617
0.217369
0.216063
0.214704
0.213278
0.211798
0.210242
0.208632
0.206949
0.205232
0.203447
0.201538
0.199587
0.197526
0.195374
0.193166
0.190896
0.188558
0.186149
0.183667
0.181115
0.178495
0.175812
0.173068
0.170269
0.167418
0.16452
0.16158
0.158603
0.155596
0.152562
0.149509
0.14644
0.143363
0.140281
0.137203
0.134129
0.13107
0.128023
0.125002
0.122001
0.119033
0.116092
0.113194
0.110327
0.107509
0.104727
0.101999
0.0993082
0.0966699
0.0940639
0.0914998
0.0889499
0.086432
0.0839106
0.0814292
0.078973
0.0766207
0.0743878
0.0722911
0.0703088
0.0685069
0.0668192
0.0652907
0.0639325
0.062753
0.0617215
0.0608753
0.0602552
0.0596969
0.0593853
0.0594738
0.0598397
0.0605006
0.0614687
0.0633922
0.0526009
7.05239
0.220904
0.21974
0.218538
0.217277
0.215963
0.214587
0.213153
0.211651
0.210084
0.20844
0.206717
0.204941
0.203131
0.201247
0.199278
0.197209
0.195062
0.192839
0.190546
0.188181
0.185745
0.183238
0.180662
0.178021
0.175317
0.172555
0.169739
0.166873
0.163962
0.161012
0.158026
0.155013
0.151975
0.14892
0.145851
0.142777
0.139699
0.136627
0.133561
0.130511
0.127475
0.124465
0.121476
0.118522
0.115595
0.11271
0.109858
0.107053
0.104282
0.101561
0.0988695
0.0962215
0.0935926
0.091003
0.0884231
0.0858936
0.0834049
0.0810021
0.0787069
0.076562
0.0744718
0.0725436
0.0706543
0.0689497
0.0673645
0.0659324
0.064592
0.0635466
0.062578
0.061874
0.0612993
0.0612905
0.0613838
0.0616392
0.0619956
0.0624609
0.0627427
0.0633676
0.052173
7.13803
0.220797
0.219618
0.218401
0.217124
0.215792
0.214398
0.212945
0.211423
0.209838
0.20818
0.20646
0.204659
0.202774
0.200854
0.198821
0.196724
0.19455
0.192292
0.189958
0.187551
0.185075
0.182531
0.179921
0.177248
0.174515
0.171726
0.168885
0.165998
0.163068
0.160102
0.157104
0.154081
0.151037
0.14798
0.144911
0.14184
0.138767
0.135703
0.132647
0.129608
0.126585
0.12359
0.120617
0.117679
0.114769
0.111901
0.109065
0.106271
0.103508
0.100783
0.0980793
0.0954081
0.0927483
0.0901378
0.0875701
0.0850842
0.0827407
0.0805247
0.0784574
0.0765102
0.07461
0.0728523
0.0712285
0.0696261
0.0682815
0.0670686
0.0659106
0.0650477
0.0644033
0.0639091
0.0635699
0.0636829
0.0637155
0.0638507
0.0638359
0.0638841
0.0637487
0.0637274
0.0523094
7.0635
0.220642
0.219441
0.218203
0.216902
0.215544
0.214122
0.212637
0.211083
0.209463
0.207771
0.206013
0.204164
0.202217
0.200222
0.198145
0.196005
0.193787
0.191481
0.189093
0.186632
0.184102
0.181507
0.178848
0.17613
0.173354
0.170527
0.167651
0.164733
0.161777
0.15879
0.155775
0.152741
0.149689
0.146629
0.143562
0.140496
0.137433
0.134381
0.131341
0.12832
0.125319
0.122346
0.119398
0.116485
0.113601
0.110755
0.107937
0.105154
0.10239
0.0996531
0.0969301
0.0942467
0.0916024
0.0890521
0.086642
0.0843579
0.0822878
0.0803623
0.0784824
0.0767227
0.0750819
0.0734652
0.0721735
0.0708522
0.0696764
0.0688883
0.068057
0.0674837
0.0672656
0.067004
0.0666852
0.0665674
0.0662564
0.0659386
0.0655422
0.0651747
0.0646822
0.0644035
0.052716
7.07065
0.220442
0.219214
0.217947
0.216615
0.215222
0.213763
0.212236
0.210638
0.208969
0.207227
0.20541
0.203505
0.201511
0.199436
0.197294
0.195083
0.192796
0.190425
0.187972
0.185444
0.182847
0.180187
0.177466
0.174691
0.171863
0.168988
0.16607
0.163116
0.16013
0.157119
0.154086
0.15104
0.147982
0.144921
0.141858
0.138801
0.135752
0.132718
0.129699
0.126703
0.123728
0.120783
0.117864
0.114978
0.11212
0.109291
0.106481
0.103696
0.100923
0.0981774
0.0954768
0.092858
0.0903761
0.0880316
0.0859364
0.0839831
0.0821121
0.0804388
0.0787933
0.0772182
0.0759665
0.0746162
0.0735432
0.0727685
0.0718174
0.0714309
0.0710973
0.0705964
0.0704502
0.0701367
0.0695348
0.0690048
0.0683894
0.067693
0.0669619
0.0663156
0.0655792
0.0651705
0.0535143
6.91302
0.220202
0.21894
0.217639
0.216268
0.214832
0.213325
0.211747
0.210094
0.208364
0.206557
0.204669
0.202694
0.200629
0.198476
0.19625
0.193952
0.191579
0.189127
0.186595
0.183989
0.181314
0.178578
0.175785
0.172943
0.170054
0.167125
0.164161
0.161167
0.158149
0.155112
0.152062
0.149004
0.145943
0.142883
0.139829
0.136786
0.133756
0.130744
0.127751
0.124784
0.12184
0.118925
0.116038
0.113174
0.110333
0.107511
0.1047
0.101914
0.099169
0.0964886
0.0939452
0.0915642
0.0894267
0.0874324
0.085633
0.083996
0.082298
0.0808202
0.079582
0.0782256
0.0772935
0.0765001
0.0755868
0.0753666
0.0749018
0.074488
0.0743216
0.0737928
0.0731845
0.0726409
0.0718753
0.0710282
0.0701873
0.0693335
0.0684567
0.067646
0.0667439
0.0662097
0.0545518
6.83404
0.219926
0.218623
0.217281
0.215863
0.214376
0.212814
0.211173
0.209454
0.207651
0.205766
0.203793
0.20174
0.199586
0.197341
0.195017
0.192616
0.190141
0.187592
0.184967
0.182271
0.179507
0.176686
0.173813
0.170896
0.167941
0.164953
0.161938
0.158903
0.155851
0.15279
0.149723
0.146657
0.143594
0.140541
0.137498
0.134473
0.131466
0.12848
0.125518
0.122582
0.119671
0.116784
0.113922
0.111074
0.108242
0.105431
0.102658
0.0999391
0.0973603
0.0949494
0.0927465
0.0907708
0.0890048
0.0873058
0.0856961
0.0843378
0.0829823
0.0817018
0.0809173
0.0799754
0.0792696
0.079147
0.0785428
0.0782823
0.0780927
0.0774525
0.0768896
0.076285
0.0754336
0.0745726
0.0737057
0.0727915
0.071851
0.0709059
0.0699444
0.0690161
0.0679731
0.0673023
0.0556331
6.74284
0.219615
0.218265
0.216876
0.215404
0.213857
0.212228
0.210516
0.208718
0.20683
0.204853
0.202782
0.200636
0.198376
0.196026
0.19359
0.191074
0.188484
0.185822
0.18309
0.180291
0.177431
0.174518
0.171558
0.168562
0.165536
0.162487
0.159421
0.156344
0.15326
0.150177
0.147097
0.144026
0.140966
0.137922
0.134896
0.131892
0.128912
0.125956
0.123025
0.120119
0.117237
0.114373
0.111527
0.108695
0.105894
0.103152
0.100542
0.0980704
0.0958558
0.0939264
0.0921565
0.0905218
0.0890699
0.0876354
0.0862572
0.0852321
0.08431
0.0832879
0.083003
0.0825699
0.0819921
0.082023
0.0816359
0.0809397
0.0805277
0.0798692
0.0789726
0.0781346
0.0772635
0.0763251
0.0753609
0.0743946
0.0734109
0.0724059
0.0713637
0.0703331
0.0691793
0.0684166
0.0567977
6.65119
0.219273
0.217869
0.216426
0.214891
0.213276
0.21157
0.209776
0.207885
0.2059
0.203815
0.201641
0.199372
0.196997
0.194526
0.191965
0.189322
0.186603
0.183815
0.180963
0.178052
0.175086
0.172075
0.169026
0.165949
0.162851
0.159741
0.156625
0.153509
0.150397
0.147295
0.144206
0.141134
0.138082
0.135053
0.132048
0.129069
0.126118
0.123192
0.120292
0.117413
0.114559
0.111722
0.108913
0.106173
0.10353
0.101056
0.0988368
0.0968458
0.0950693
0.0935345
0.0921045
0.0906896
0.0895573
0.0885203
0.0874238
0.0868654
0.0863772
0.0857267
0.0857322
0.0854978
0.084739
0.0844594
0.0840288
0.0831934
0.0823887
0.0816214
0.0807446
0.0798101
0.0788567
0.0778902
0.0768949
0.0758637
0.0747999
0.073719
0.0726111
0.0715114
0.070288
0.069463
0.0579005
6.57565
0.218901
0.217436
0.215931
0.214326
0.212631
0.21084
0.208948
0.206954
0.204856
0.202651
0.200358
0.19795
0.195441
0.192835
0.190135
0.187352
0.184492
0.181568
0.178584
0.175551
0.172474
0.169361
0.166221
0.163063
0.159896
0.156727
0.153565
0.150413
0.147278
0.144161
0.141069
0.138002
0.134962
0.131952
0.12897
0.12602
0.123097
0.120201
0.117331
0.114485
0.111669
0.108907
0.106229
0.103735
0.101482
0.099485
0.0978254
0.0963919
0.0949715
0.0937054
0.0926023
0.0914419
0.0906627
0.0900945
0.089374
0.0893
0.0890856
0.0884269
0.0882893
0.0879566
0.0870737
0.0864121
0.0857618
0.0849207
0.084052
0.0831743
0.082249
0.0813073
0.0803286
0.0792979
0.0782306
0.0771386
0.0760207
0.0748813
0.0737209
0.072571
0.0713026
0.0704389
0.0589162
6.52498
0.218502
0.216968
0.215394
0.213709
0.211924
0.210034
0.208033
0.205921
0.203692
0.201365
0.198918
0.196361
0.193702
0.190943
0.188092
0.185155
0.182146
0.179074
0.175952
0.172789
0.169596
0.166379
0.163149
0.159913
0.156681
0.15346
0.150256
0.147076
0.143921
0.1408
0.137707
0.134652
0.131628
0.12864
0.125687
0.122763
0.119875
0.117018
0.114201
0.111448
0.108775
0.106276
0.104019
0.102006
0.100332
0.0988194
0.0974845
0.0964307
0.0953391
0.0943395
0.0936832
0.0928752
0.0925336
0.0924714
0.0919029
0.0917949
0.0916082
0.0908132
0.0903041
0.0897997
0.088929
0.0880722
0.0872867
0.0864068
0.0854991
0.0846019
0.0836452
0.0826303
0.0815844
0.0805083
0.0793976
0.0782537
0.0770891
0.0759054
0.0747075
0.0735182
0.0722112
0.0713151
0.0598606
6.4637
0.218076
0.216466
0.214815
0.213037
0.211153
0.209149
0.207026
0.204778
0.202404
0.199929
0.197318
0.194596
0.191769
0.188841
0.185822
0.182721
0.179551
0.176327
0.17306
0.169766
0.166453
0.163134
0.159815
0.156509
0.153216
0.149951
0.146712
0.143511
0.140346
0.137221
0.134139
0.131094
0.128096
0.12513
0.122212
0.119327
0.116486
0.113716
0.111012
0.108478
0.106141
0.104116
0.102516
0.101145
0.0999914
0.0989443
0.0978226
0.0969878
0.096283
0.0956373
0.0955558
0.0951684
0.094891
0.0949323
0.0943327
0.0938301
0.0935046
0.0927547
0.0919622
0.0912887
0.0904821
0.0895801
0.0886893
0.0877837
0.0868272
0.0858387
0.0848223
0.0837703
0.0826791
0.0815521
0.0804007
0.0792237
0.0780297
0.0768113
0.075579
0.0743542
0.0730151
0.0720955
0.0607033
6.40895
0.217624
0.215929
0.214191
0.212312
0.210314
0.208182
0.205919
0.203517
0.201
0.198337
0.195548
0.192643
0.189628
0.186517
0.183315
0.18004
0.176701
0.17332
0.169906
0.166481
0.163051
0.159632
0.156233
0.152858
0.149518
0.146212
0.142952
0.139734
0.136568
0.133446
0.130378
0.127356
0.124381
0.121465
0.118594
0.115808
0.113115
0.110582
0.108267
0.106237
0.104557
0.103089
0.101929
0.100954
0.100102
0.0994341
0.0986709
0.0982148
0.0980412
0.0976905
0.0977623
0.097595
0.0970107
0.0968271
0.096299
0.0955136
0.0949688
0.0942787
0.0934689
0.0926725
0.0918258
0.0909266
0.0899831
0.0889912
0.087974
0.0869338
0.0858595
0.0847526
0.0836224
0.082466
0.0812868
0.0800769
0.0788512
0.0776022
0.0763443
0.0750923
0.0737267
0.0727853
0.0614424
6.36578
0.217148
0.21536
0.213523
0.21153
0.209402
0.207127
0.204705
0.202129
0.199433
0.196579
0.193593
0.190485
0.187268
0.183953
0.180559
0.177096
0.173588
0.170043
0.166489
0.16293
0.159394
0.15588
0.152406
0.148974
0.14559
0.142259
0.13898
0.13576
0.132596
0.129492
0.126441
0.123461
0.120532
0.117694
0.11495
0.112339
0.109968
0.107829
0.106113
0.104819
0.103878
0.103
0.102153
0.10141
0.100743
0.100524
0.100311
0.100195
0.100291
0.0998823
0.0996573
0.0995197
0.0988117
0.0982994
0.0978027
0.0970283
0.096311
0.0955904
0.0947754
0.0939413
0.0930528
0.0920896
0.0910931
0.0900611
0.0889897
0.0878884
0.0867688
0.0856253
0.084458
0.0832625
0.0820492
0.0808113
0.079563
0.0782907
0.0770112
0.0757354
0.0743461
0.0733863
0.0621002
6.31971
0.216651
0.214755
0.21281
0.210688
0.208413
0.205976
0.203373
0.200632
0.19771
0.194641
0.191437
0.188106
0.18467
0.181139
0.17754
0.173885
0.170199
0.166498
0.1628
0.159127
0.155481
0.151892
0.148346
0.144871
0.141451
0.138104
0.134819
0.131603
0.128456
0.125379
0.122381
0.119476
0.116692
0.114065
0.111666
0.109576
0.107817
0.106379
0.105231
0.104353
0.103763
0.103242
0.102748
0.102451
0.102191
0.10229
0.102357
0.102132
0.10213
0.101783
0.101185
0.100902
0.100305
0.0996177
0.0990501
0.0983427
0.0975655
0.0967814
0.0959334
0.0950287
0.0940923
0.0931094
0.0920738
0.0909907
0.0898803
0.0887406
0.0875772
0.0863879
0.0851823
0.0839548
0.0827146
0.0814507
0.08018
0.078887
0.0775899
0.0762954
0.0748865
0.0739104
0.0626592
6.28916
0.216131
0.214114
0.212049
0.209778
0.207341
0.204718
0.20191
0.198955
0.195808
0.192507
0.189058
0.185491
0.181811
0.17806
0.174239
0.170396
0.166526
0.162678
0.158844
0.155062
0.151329
0.147662
0.144073
0.140549
0.13712
0.133754
0.130482
0.127287
0.124177
0.121175
0.118283
0.115544
0.113029
0.110784
0.108863
0.107474
0.106507
0.105851
0.105311
0.104683
0.104177
0.10403
0.10403
0.104249
0.10416
0.104103
0.104178
0.103782
0.103511
0.103249
0.102581
0.102084
0.101546
0.10086
0.1002
0.0994791
0.0986807
0.0978304
0.0969338
0.0959948
0.0950104
0.0939809
0.0929183
0.0918128
0.090669
0.0894868
0.0882835
0.0870572
0.0858185
0.0845591
0.0832924
0.0820053
0.0807158
0.079404
0.0780889
0.0767756
0.0753483
0.074359
0.063152
6.25498
0.215585
0.213437
0.211235
0.208799
0.206175
0.203342
0.20034
0.197115
0.193715
0.19015
0.186441
0.182609
0.178684
0.174689
0.170658
0.166609
0.162581
0.158573
0.154636
0.15074
0.146946
0.143211
0.139585
0.136042
0.13259
0.129252
0.125991
0.122874
0.119859
0.117045
0.114466
0.112156
0.110285
0.108771
0.107575
0.106685
0.106144
0.105862
0.105603
0.105343
0.105351
0.105544
0.105673
0.105942
0.105918
0.105593
0.105512
0.105156
0.10465
0.104365
0.103821
0.10321
0.102632
0.101946
0.101229
0.100467
0.0996353
0.0987504
0.0978135
0.0968272
0.0958098
0.0947546
0.0936587
0.0925176
0.091344
0.0901347
0.0889033
0.0876447
0.0863753
0.085087
0.0837958
0.0824861
0.0811766
0.0798459
0.0785142
0.0771854
0.0757436
0.0747436
0.0635716
6.22519
0.215016
0.212722
0.210363
0.207742
0.204905
0.201834
0.198574
0.195084
0.191403
0.18755
0.183558
0.179445
0.175262
0.171018
0.166776
0.162531
0.158343
0.154207
0.150152
0.146195
0.142313
0.138567
0.134887
0.131359
0.127915
0.124615
0.121456
0.118459
0.115687
0.113198
0.111065
0.109382
0.108212
0.107567
0.107243
0.106869
0.106446
0.106328
0.106546
0.106783
0.107065
0.107274
0.107208
0.107227
0.107273
0.106899
0.106595
0.106313
0.105752
0.105344
0.10487
0.104248
0.103607
0.1029
0.102131
0.101326
0.100471
0.0995524
0.0985858
0.0975704
0.0965136
0.0954181
0.0942926
0.093129
0.0919327
0.0906967
0.0894386
0.0881535
0.0868604
0.0855482
0.0842352
0.0829035
0.0815741
0.0802242
0.0788757
0.0775319
0.0760771
0.0750692
0.0639317
6.19823
0.214428
0.211962
0.20943
0.206596
0.203514
0.200208
0.196635
0.192843
0.188848
0.184683
0.18038
0.175981
0.171519
0.167044
0.162573
0.158169
0.153813
0.14958
0.14542
0.141402
0.137484
0.133694
0.130048
0.126503
0.123169
0.119968
0.117048
0.114434
0.112209
0.110486
0.109107
0.108232
0.107541
0.107305
0.107236
0.107219
0.107315
0.107493
0.107944
0.108296
0.1085
0.108603
0.108474
0.10824
0.108241
0.107995
0.107554
0.107275
0.106781
0.106258
0.105754
0.105142
0.104462
0.103724
0.10293
0.102085
0.101195
0.100253
0.099259
0.0982114
0.0971258
0.0960007
0.0948439
0.0936504
0.0924304
0.0911759
0.0899013
0.088597
0.0872833
0.0859481
0.0846132
0.0832601
0.0819116
0.0805441
0.079181
0.0778249
0.0763586
0.0753439
0.0642263
6.18357
0.213815
0.211155
0.208426
0.205349
0.201988
0.19838
0.19449
0.190362
0.186018
0.181521
0.176881
0.172191
0.167444
0.162741
0.158066
0.153495
0.149025
0.144671
0.14047
0.136371
0.132466
0.12866
0.125061
0.121641
0.118434
0.11556
0.112998
0.110904
0.109388
0.108433
0.108018
0.107895
0.107703
0.107572
0.107788
0.108264
0.108749
0.109013
0.109338
0.10951
0.109606
0.109622
0.109565
0.109209
0.109078
0.108919
0.108465
0.108122
0.107676
0.107105
0.106534
0.105905
0.10521
0.10445
0.103628
0.102754
0.101833
0.100859
0.0998392
0.0987693
0.0976571
0.0965012
0.0953167
0.0940998
0.0928599
0.0915866
0.0902945
0.0889736
0.0876445
0.0862926
0.0849401
0.083567
0.0821994
0.0808137
0.0794361
0.078068
0.0765922
0.0755713
0.0644555
6.20019
0.213175
0.210295
0.207341
0.203985
0.200336
0.196365
0.192113
0.187601
0.182891
0.178014
0.173054
0.168031
0.163044
0.158087
0.153258
0.148521
0.14396
0.13952
0.135265
0.13117
0.127245
0.123563
0.120048
0.116956
0.114163
0.111934
0.110277
0.108997
0.108256
0.107787
0.107812
0.107914
0.108141
0.108499
0.108914
0.10952
0.109991
0.11025
0.110374
0.110443
0.110478
0.110416
0.110416
0.110148
0.10985
0.109685
0.109284
0.108866
0.108426
0.107856
0.107236
0.106573
0.105854
0.105077
0.104239
0.103335
0.102384
0.101384
0.100341
0.099248
0.0981137
0.0969347
0.0957263
0.0944847
0.0932234
0.0919332
0.0906286
0.0892959
0.0879534
0.0865847
0.0852141
0.0838224
0.0824387
0.0810384
0.0796494
0.0782709
0.0767853
0.075757
0.0646988
6.13548
0.212509
0.209377
0.20616
0.202485
0.198479
0.194124
0.18946
0.184534
0.179414
0.174156
0.168839
0.163522
0.158264
0.153124
0.148112
0.143291
0.138606
0.134158
0.129848
0.125827
0.121981
0.118492
0.115344
0.112644
0.110508
0.108993
0.108205
0.108088
0.108023
0.107926
0.108104
0.108582
0.109226
0.109838
0.110172
0.110617
0.110916
0.111162
0.111238
0.11127
0.111286
0.111141
0.111117
0.110975
0.110589
0.110347
0.109986
0.109532
0.109068
0.108505
0.10786
0.107162
0.106417
0.105616
0.104758
0.103836
0.102863
0.101837
0.10077
0.0996555
0.098502
0.0973034
0.0960753
0.0948131
0.0935333
0.0922269
0.090909
0.0895637
0.088209
0.086827
0.0854426
0.084036
0.0826383
0.0812244
0.0798237
0.078435
0.0769393
0.0759065
0.0648697
6.12327
0.211816
0.208391
0.204867
0.200826
0.196415
0.191621
0.186491
0.181114
0.175552
0.169896
0.16423
0.158617
0.153132
0.147809
0.142676
0.137751
0.133036
0.128553
0.124343
0.120426
0.116902
0.113872
0.11154
0.109747
0.108602
0.107891
0.107652
0.107767
0.1081
0.108515
0.109053
0.109631
0.110299
0.11083
0.111133
0.111457
0.111618
0.111852
0.111978
0.111977
0.112013
0.111833
0.111724
0.111644
0.111284
0.110948
0.110586
0.110122
0.109627
0.109059
0.108406
0.107682
0.106907
0.106082
0.105206
0.104267
0.103275
0.102229
0.101139
0.100004
0.0988321
0.0976175
0.0963738
0.0950941
0.0937975
0.0924757
0.0911447
0.0897872
0.0884206
0.0870259
0.0856289
0.0842095
0.0828005
0.0813763
0.0799659
0.0785684
0.0770627
0.0760239
0.0649864
6.13936
0.211092
0.207326
0.203438
0.199011
0.194106
0.188805
0.183165
0.177291
0.171267
0.165211
0.159199
0.153323
0.147639
0.142162
0.13695
0.131947
0.127256
0.122873
0.118841
0.115312
0.112273
0.109955
0.108405
0.107597
0.10767
0.107654
0.107722
0.108096
0.108801
0.109533
0.110213
0.110604
0.111133
0.111557
0.11188
0.112176
0.112269
0.112469
0.112628
0.112603
0.112629
0.11247
0.112271
0.112183
0.111884
0.111499
0.111109
0.110633
0.110109
0.109529
0.108871
0.108132
0.107333
0.106481
0.105581
0.104628
0.103623
0.102558
0.101448
0.100292
0.0991048
0.0978763
0.0966196
0.0953259
0.0940159
0.0926798
0.0913347
0.0899635
0.0885849
0.0871794
0.0857736
0.084346
0.0829292
0.0814966
0.0800765
0.078671
0.0771577
0.0761137
0.0651266
6.08022
0.210333
0.20617
0.201851
0.196934
0.191496
0.185625
0.179419
0.173017
0.166518
0.16006
0.153745
0.147625
0.141791
0.136201
0.130935
0.125972
0.12137
0.117311
0.11377
0.111056
0.10916
0.107929
0.107219
0.107091
0.107273
0.107783
0.108365
0.10902
0.109727
0.110415
0.111032
0.111356
0.111803
0.112148
0.11248
0.112788
0.112867
0.113029
0.113195
0.11316
0.11315
0.11305
0.112786
0.112641
0.112381
0.111994
0.111573
0.11108
0.110531
0.109932
0.109266
0.108518
0.1077
0.106824
0.105904
0.104935
0.103915
0.102835
0.101709
0.100537
0.0993342
0.0980922
0.0968241
0.0955199
0.0941994
0.0928502
0.0914912
0.0901064
0.088717
0.0873029
0.0858909
0.0844577
0.0830355
0.0815971
0.0801693
0.078758
0.0772375
0.0761903
0.06524
6.07093
0.209525
0.204903
0.200077
0.194592
0.188534
0.182016
0.175201
0.168236
0.161261
0.154444
0.147836
0.141561
0.135576
0.129983
0.124688
0.119967
0.115738
0.112186
0.109465
0.107591
0.106793
0.106873
0.106912
0.107107
0.107646
0.108503
0.109288
0.109973
0.110476
0.111062
0.111611
0.111988
0.112405
0.112678
0.11299
0.113304
0.113395
0.113528
0.113676
0.113634
0.113587
0.11353
0.113261
0.113044
0.112788
0.112411
0.111974
0.111464
0.110892
0.110272
0.109593
0.108835
0.108005
0.10711
0.106171
0.105183
0.104149
0.103055
0.101918
0.100733
0.099517
0.0982629
0.0969853
0.0956728
0.0943431
0.092981
0.0916082
0.0902103
0.0888106
0.0873885
0.0859709
0.0845324
0.0831041
0.0816586
0.0802226
0.0788062
0.0772785
0.0762284
0.0652853
6.08064
0.20866
0.203501
0.198075
0.191909
0.185141
0.17791
0.17043
0.162905
0.15547
0.148336
0.141506
0.135118
0.129058
0.123567
0.118451
0.114221
0.110948
0.108468
0.107169
0.106284
0.106205
0.106413
0.107066
0.107779
0.108518
0.109301
0.11
0.110653
0.111058
0.11159
0.112098
0.112517
0.112933
0.113154
0.113438
0.113746
0.113864
0.113979
0.114101
0.114053
0.113972
0.113923
0.113688
0.113415
0.113133
0.112758
0.112312
0.111792
0.111205
0.110562
0.109865
0.109097
0.108258
0.107353
0.106396
0.10539
0.104338
0.103234
0.102089
0.100896
0.0996704
0.0984072
0.0971231
0.0958056
0.0944705
0.0930998
0.0917168
0.0903073
0.088898
0.0874677
0.0860448
0.0846013
0.0831679
0.0817158
0.0802728
0.07885
0.0773154
0.0762596
0.0653583
6.03943
0.207709
0.201935
0.195763
0.188815
0.181235
0.173206
0.165067
0.156946
0.149144
0.141733
0.134759
0.128354
0.122323
0.117174
0.112705
0.109263
0.106942
0.105691
0.105814
0.105899
0.106158
0.106789
0.107744
0.108599
0.109299
0.109879
0.110504
0.111137
0.111568
0.112079
0.112525
0.11295
0.113369
0.11357
0.11383
0.114116
0.114252
0.114361
0.114457
0.114406
0.114301
0.114246
0.114043
0.113746
0.11343
0.113043
0.112591
0.112067
0.11147
0.110808
0.110089
0.109309
0.108467
0.107555
0.106585
0.105559
0.104492
0.103379
0.102227
0.101026
0.0997927
0.0985218
0.0972306
0.0959054
0.0945604
0.0931784
0.0917845
0.0903639
0.0889452
0.0875064
0.0860755
0.0846237
0.0831838
0.08173
0.0802905
0.0788685
0.0773359
0.0762777
0.0654033
6.01965
0.206637
0.20016
0.193104
0.185213
0.176717
0.167832
0.15901
0.15038
0.142241
0.134705
0.127639
0.121386
0.11572
0.111263
0.10828
0.106382
0.105269
0.105002
0.105229
0.10595
0.106779
0.107587
0.108428
0.109174
0.10984
0.110327
0.110921
0.111537
0.112019
0.112514
0.112896
0.113311
0.113729
0.11394
0.114192
0.114447
0.114584
0.114692
0.114768
0.114716
0.114594
0.114524
0.114337
0.114037
0.113694
0.113291
0.112829
0.1123
0.111697
0.11102
0.110284
0.109495
0.108652
0.10774
0.106765
0.105729
0.104651
0.103531
0.102376
0.10117
0.0999305
0.0986495
0.0973467
0.0960075
0.0946481
0.093252
0.0918462
0.0904137
0.0889854
0.0875382
0.0861002
0.0846401
0.0831941
0.0817399
0.0803098
0.078898
0.0773781
0.0763235
0.0654814
5.99062
0.205383
0.198123
0.189966
0.181019
0.17142
0.161725
0.152179
0.1432
0.134812
0.127272
0.120342
0.114496
0.109909
0.106461
0.104672
0.104489
0.104688
0.104934
0.105572
0.106567
0.107534
0.108269
0.10889
0.109546
0.110223
0.110726
0.111315
0.111885
0.112398
0.112883
0.113218
0.113618
0.114024
0.114258
0.114514
0.114738
0.114864
0.114975
0.115038
0.114992
0.114866
0.114774
0.114586
0.114287
0.113931
0.113512
0.113035
0.112497
0.111886
0.111196
0.110446
0.109643
0.108787
0.107862
0.106872
0.105821
0.104728
0.103593
0.102425
0.101211
0.0999666
0.0986805
0.09737
0.0960196
0.0946513
0.0932507
0.0918435
0.0904104
0.0889818
0.0875332
0.0860957
0.0846375
0.0831922
0.0817293
0.0802804
0.078853
0.077315
0.0762535
0.0654348
5.97101
0.203882
0.195666
0.186246
0.176018
0.165273
0.154713
0.144628
0.135349
0.127013
0.119584
0.113269
0.108484
0.105967
0.104344
0.103649
0.103829
0.10456
0.105495
0.106344
0.107195
0.108021
0.108721
0.10925
0.109871
0.110558
0.111113
0.111696
0.1122
0.112721
0.113205
0.113522
0.11391
0.114294
0.114551
0.114813
0.115016
0.115121
0.115229
0.115283
0.115241
0.11512
0.114997
0.1148
0.114511
0.114162
0.113739
0.11325
0.112702
0.112084
0.111385
0.110623
0.109803
0.10893
0.107987
0.106983
0.105916
0.104809
0.103658
0.102477
0.101254
0.100007
0.0987191
0.097406
0.0960492
0.0946764
0.0932735
0.0918683
0.0904385
0.0890138
0.0875651
0.0861312
0.0846796
0.0832381
0.0817577
0.0802832
0.0788366
0.0772855
0.0762194
0.0654476
5.95548
0.202018
0.192691
0.181737
0.170084
0.158094
0.146812
0.136306
0.127075
0.118899
0.11219
0.107206
0.103891
0.103081
0.103258
0.103461
0.104084
0.105087
0.106188
0.107008
0.107641
0.10832
0.10903
0.109582
0.110207
0.110872
0.111471
0.112038
0.112486
0.113001
0.11348
0.113805
0.114189
0.114543
0.114812
0.115079
0.115271
0.115356
0.115458
0.1155
0.115457
0.115339
0.115191
0.114971
0.114682
0.114323
0.113887
0.113387
0.112822
0.112189
0.111481
0.110709
0.109872
0.108981
0.108027
0.107018
0.105948
0.104835
0.103673
0.10248
0.101247
0.0999904
0.0986917
0.0973691
0.0960056
0.0946288
0.0932223
0.0918119
0.090375
0.088942
0.0874867
0.0860423
0.0845789
0.0831305
0.0816651
0.0802071
0.0787603
0.077206
0.0761344
0.0653569
5.94765
0.199714
0.188955
0.17623
0.162956
0.149807
0.137981
0.127368
0.118572
0.111211
0.105883
0.103836
0.102372
0.1024
0.103005
0.103909
0.104829
0.105744
0.106653
0.107429
0.107982
0.108591
0.109297
0.109913
0.110557
0.111167
0.111776
0.112326
0.112743
0.113244
0.113708
0.114056
0.114437
0.114757
0.115023
0.11529
0.115474
0.115545
0.115636
0.115656
0.115616
0.115506
0.115315
0.115103
0.114832
0.114462
0.114005
0.113489
0.112908
0.112265
0.111554
0.110781
0.109934
0.109031
0.108068
0.107059
0.105987
0.10487
0.103698
0.102498
0.101253
0.0999845
0.0986726
0.0973405
0.095971
0.094592
0.0931828
0.09177
0.0903288
0.0888923
0.0874343
0.0859869
0.0845203
0.0830739
0.0816234
0.0801819
0.0787362
0.077182
0.0761051
0.0653111
5.95755
0.196735
0.184209
0.169373
0.154475
0.140328
0.128459
0.118191
0.110299
0.104919
0.101394
0.101408
0.101746
0.102396
0.103374
0.104557
0.105498
0.10622
0.106929
0.107675
0.108244
0.10884
0.109527
0.110196
0.110843
0.111386
0.111978
0.112507
0.112922
0.113403
0.113841
0.114212
0.114588
0.114878
0.115136
0.115402
0.115581
0.115648
0.11573
0.115729
0.115681
0.115547
0.115368
0.115116
0.114793
0.114419
0.113974
0.113449
0.112848
0.112189
0.111464
0.110674
0.10981
0.108892
0.107921
0.106908
0.105836
0.104717
0.103543
0.102338
0.101095
0.0998266
0.0985122
0.0971746
0.0957977
0.0944093
0.0929901
0.0915701
0.0901246
0.0886819
0.087215
0.0857586
0.0842869
0.0828366
0.0813769
0.0799289
0.0784949
0.0769452
0.0758746
0.0651497
5.91285
0.192803
0.177971
0.160852
0.144389
0.129865
0.118608
0.109878
0.103624
0.10167
0.100448
0.100873
0.101738
0.102896
0.104043
0.105073
0.105895
0.106459
0.107025
0.107721
0.108362
0.108991
0.10966
0.110346
0.110966
0.111459
0.112017
0.112531
0.112966
0.113427
0.113842
0.114234
0.114605
0.114864
0.115109
0.115365
0.11553
0.115593
0.115653
0.115639
0.115585
0.115461
0.115276
0.115002
0.114678
0.114313
0.113863
0.113323
0.11271
0.112043
0.111312
0.110513
0.10964
0.108714
0.107735
0.106716
0.105638
0.104515
0.103335
0.102124
0.100874
0.0995993
0.0982781
0.0969361
0.0955556
0.0941655
0.092744
0.0913247
0.0898788
0.0884366
0.0869701
0.0855163
0.0840461
0.0825978
0.0811385
0.0796955
0.0782709
0.0767282
0.0756605
0.0649843
5.8912
0.187581
0.169883
0.150021
0.133057
0.119009
0.108894
0.102878
0.0992304
0.0995896
0.100243
0.101225
0.102345
0.103447
0.104308
0.105042
0.105762
0.106303
0.106853
0.107544
0.108259
0.108937
0.109558
0.110202
0.110775
0.111255
0.111795
0.1123
0.112761
0.113212
0.113604
0.113999
0.11436
0.114599
0.11484
0.115099
0.115254
0.115325
0.115372
0.115367
0.115306
0.11517
0.114963
0.114694
0.114363
0.113972
0.113508
0.112965
0.112349
0.111676
0.110937
0.110132
0.109256
0.108333
0.107357
0.10634
0.105263
0.104143
0.102966
0.101757
0.100505
0.0992304
0.0979098
0.0965712
0.0951932
0.0938054
0.0923851
0.0909686
0.0895247
0.0880861
0.0866238
0.085176
0.0837109
0.0822666
0.0808075
0.0793633
0.0779386
0.0763983
0.0753372
0.0646951
5.87303
0.180513
0.159212
0.137158
0.120789
0.1099
0.101335
0.0988192
0.0980479
0.0985119
0.0996948
0.101343
0.102451
0.103211
0.103797
0.10439
0.105104
0.105768
0.106388
0.107078
0.107819
0.108474
0.109014
0.109615
0.110184
0.110701
0.111241
0.111747
0.112237
0.112675
0.113061
0.11347
0.113827
0.114078
0.114335
0.114576
0.114727
0.114801
0.114855
0.114852
0.114787
0.114653
0.114464
0.114209
0.113883
0.113498
0.113043
0.11251
0.111899
0.111225
0.110479
0.109669
0.108791
0.107866
0.106885
0.105865
0.10479
0.103676
0.102506
0.101306
0.100058
0.0987893
0.0974754
0.0961465
0.0947772
0.0933995
0.0919881
0.0905814
0.0891452
0.0877164
0.0862638
0.0848265
0.0833696
0.081932
0.0804771
0.0790373
0.0776166
0.0760837
0.0750293
0.0644251
5.85541
0.170547
0.145305
0.123005
0.108384
0.10052
0.096438
0.0963637
0.0969796
0.0987291
0.100034
0.100983
0.101762
0.102333
0.102875
0.103552
0.10433
0.105084
0.105768
0.106425
0.107135
0.10778
0.108339
0.108946
0.109524
0.110084
0.110612
0.111103
0.111616
0.112057
0.112448
0.112864
0.113219
0.11349
0.113761
0.11399
0.114146
0.114256
0.114321
0.114305
0.11423
0.114095
0.113898
0.113636
0.113304
0.112909
0.11245
0.111926
0.11133
0.11067
0.109941
0.109159
0.108319
0.107429
0.106473
0.105471
0.104409
0.103309
0.102151
0.100961
0.0997203
0.0984585
0.0971532
0.0958352
0.094477
0.0931114
0.091711
0.0903135
0.0888862
0.0874691
0.0860282
0.0846017
0.0831537
0.0817232
0.0802754
0.0788439
0.0774294
0.0759068
0.0748587
0.064273
5.84697
0.156293
0.129422
0.111078
0.100339
0.094814
0.0943456
0.0955423
0.0971562
0.0982094
0.0991905
0.0998683
0.100496
0.101176
0.101869
0.102611
0.103365
0.104163
0.104931
0.105612
0.106312
0.106996
0.107634
0.108241
0.108826
0.109429
0.109972
0.110484
0.111022
0.11149
0.111912
0.112328
0.112683
0.113006
0.113287
0.113498
0.113677
0.113802
0.113916
0.113903
0.113843
0.113728
0.113551
0.113307
0.112988
0.112602
0.112155
0.111645
0.11106
0.110407
0.109689
0.108924
0.1081
0.107224
0.106281
0.105291
0.104242
0.103155
0.102013
0.100836
0.0996058
0.0983532
0.0970594
0.0957531
0.0944085
0.0930557
0.0916679
0.0902735
0.088852
0.0874405
0.0860075
0.0845853
0.0831424
0.0817129
0.0802687
0.0788396
0.0774269
0.0759101
0.0748664
0.0642699
5.85362
0.122964
0.0920663
0.0835221
0.0850187
0.0892391
0.0936017
0.0964116
0.0980614
0.0986027
0.0990286
0.0994757
0.100144
0.100991
0.101872
0.10261
0.103299
0.10415
0.104995
0.105666
0.106333
0.10701
0.107682
0.108269
0.108829
0.109458
0.109993
0.110492
0.11104
0.111503
0.111912
0.112313
0.112663
0.112989
0.113264
0.113449
0.113608
0.113754
0.113817
0.113787
0.113709
0.11358
0.113393
0.113141
0.112813
0.112415
0.111959
0.111448
0.110854
0.110187
0.10945
0.108676
0.10784
0.10695
0.105981
0.104967
0.103897
0.1028
0.101645
0.100459
0.0992128
0.0979532
0.0966487
0.0953414
0.0939882
0.0926354
0.0912373
0.0898472
0.0884242
0.0870231
0.0855913
0.0841784
0.082735
0.0813139
0.0798713
0.0784516
0.077043
0.0755332
0.0744889
0.0639438
5.81973
)
;

boundaryField
{
    inlet
    {
        type            calculated;
        value           uniform 0.386208;
    }
    outlet
    {
        type            calculated;
        value           nonuniform List<scalar> 
40
(
0.0521051
0.0517999
0.0518862
0.0516904
0.0518265
0.0514729
0.0510612
0.050717
0.0504137
0.0501087
0.049892
0.049702
0.049518
0.049383
0.0492391
0.0491377
0.0490414
0.0489482
0.0488336
0.0486927
0.048831
0.0487567
0.0486282
0.0487608
0.048706
0.048622
0.0486914
0.0486451
0.0486284
0.0485858
0.0485352
0.0484744
0.0483959
0.0484763
0.0484132
0.0483266
0.0482663
0.0482193
0.0481696
0.0482804
)
;
    }
    axis
    {
        type            symmetryPlane;
    }
    wall
    {
        type            calculated;
        value           nonuniform List<scalar> 
200
(
0.384941
0.379239
0.373979
0.368675
0.363676
0.359151
0.355251
0.35201
0.349311
0.34696
0.344786
0.342685
0.340616
0.338576
0.336577
0.334632
0.332748
0.330926
0.329167
0.32747
0.325834
0.324258
0.322741
0.32128
0.319874
0.31852
0.317215
0.315959
0.31475
0.313587
0.31247
0.311402
0.310382
0.309414
0.308498
0.307637
0.306831
0.306082
0.305387
0.304747
0.304157
0.303617
0.303123
0.302672
0.302263
0.301892
0.301561
0.301267
0.301012
0.300796
0.300619
0.300479
0.300373
0.300296
0.300241
0.300198
0.300159
0.300114
0.300055
0.299973
0.299861
0.299712
0.299524
0.299297
0.299033
0.298739
0.298422
0.298092
0.297757
0.297422
0.29709
0.296761
0.296432
0.296097
0.29575
0.295384
0.294992
0.294569
0.294109
0.29361
0.293072
0.292495
0.291883
0.291239
0.290569
0.289878
0.289169
0.288446
0.287708
0.286955
0.286183
0.28539
0.284568
0.283715
0.28282
0.281883
0.280893
0.279852
0.278749
0.277587
0.276354
0.275055
0.273676
0.272224
0.270683
0.26906
0.267335
0.265516
0.263573
0.261516
0.259301
0.256935
0.254354
0.251554
0.248429
0.244927
0.240827
0.235849
0.228828
0.218327
0.122964
0.0920663
0.0835221
0.0850187
0.0892391
0.0936017
0.0964116
0.0980614
0.0986027
0.0990286
0.0994757
0.100144
0.100991
0.101872
0.10261
0.103299
0.10415
0.104995
0.105666
0.106333
0.10701
0.107682
0.108269
0.108829
0.109458
0.109993
0.110492
0.11104
0.111503
0.111912
0.112313
0.112663
0.112989
0.113264
0.113449
0.113608
0.113754
0.113817
0.113787
0.113709
0.11358
0.113393
0.113141
0.112813
0.112415
0.111959
0.111448
0.110854
0.110187
0.10945
0.108676
0.10784
0.10695
0.105981
0.104967
0.103897
0.1028
0.101645
0.100459
0.0992128
0.0979532
0.0966487
0.0953414
0.0939882
0.0926354
0.0912373
0.0898472
0.0884242
0.0870231
0.0855913
0.0841784
0.082735
0.0813139
0.0798713
0.0784516
0.077043
0.0755332
0.0744889
0.0639438
5.81973
)
;
    }
    frontAndBack
    {
        type            empty;
    }
}


// ************************************************************************* //
