/*--------------------------------*- C++ -*----------------------------------*\
  =========                 |
  \\      /  F ield         | OpenFOAM: The Open Source CFD Toolbox
   \\    /   O peration     | Website:  https://openfoam.org
    \\  /    A nd           | Version:  13
     \\/     M anipulation  |
\*---------------------------------------------------------------------------*/
FoamFile
{
    format      ascii;
    class       volScalarField;
    location    "0.001";
    object      p;
}
// * * * * * * * * * * * * * * * * * * * * * * * * * * * * * * * * * * * * * //

dimensions      [1 -1 -2 0 0 0 0];

internalField   nonuniform List<scalar> 
8000
(
200000
200000
200000
200000
200000
200000
200000
200000
200000
200000
200000
200000
200000
200000
200000
200000
200000
200000
199998
199944
199563
198448
196590
194309
191869
189403
186961
184562
182215
179923
177691
175520
173411
171363
169373
167440
165562
163735
161959
160233
158557
156931
155354
153829
152354
150929
149554
148228
146950
145717
144527
143379
142270
141198
140161
139158
138186
137246
136338
135460
134614
133800
133020
132273
131563
130888
130249
129648
129082
128551
128054
127589
127155
126748
126368
126011
125674
125352
125043
124741
124441
124137
123826
123503
123167
122815
122448
122065
121669
121258
120834
120394
119938
119464
118968
118446
117898
117316
116702
116047
115352
114610
113824
112983
112093
111139
110131
109049
107906
106674
105371
103956
102453
100800
99034.5
97057.9
94931.6
92494.8
89855.8
86768.9
200000
200000
200000
200000
200000
200000
200000
200000
200000
200000
200000
200000
200000
200000
200000
200000
200000
200000
199998
199944
199565
198453
196597
194317
191878
189412
186970
184571
182223
179931
177699
175528
173418
171370
169380
167447
165568
163741
161965
160239
158563
156936
155360
153835
152359
150935
149560
148233
146955
145721
144531
143383
142273
141201
140163
139159
138188
137248
136339
135462
134616
133803
133023
132277
131566
130892
130253
129651
129085
128554
128056
127590
127156
126748
126368
126010
125672
125351
125041
124738
124438
124135
123825
123503
123168
122818
122452
122070
121674
121264
120839
120398
119943
119467
118971
118448
117899
117317
116702
116046
115351
114609
113822
112981
112091
111138
110131
109050
107907
106677
105374
103960
102458
100806
99040.3
97063.8
94934.6
92494.1
89847.1
86747
200000
200000
200000
200000
200000
200000
200000
200000
200000
200000
200000
200000
200000
200000
200000
200000
200000
200000
199998
199945
199569
198461
196609
194330
191891
189425
186983
184584
182236
179944
177711
175539
173429
171380
169390
167456
165577
163750
161973
160247
158571
156945
155369
153844
152368
150944
149568
148242
146962
145728
144537
143388
142278
141205
140167
139163
138191
137251
136343
135466
134621
133808
133028
132283
131573
130898
130260
129657
129090
128558
128060
127594
127158
126750
126368
126009
125671
125349
125039
124736
124436
124134
123825
123504
123171
122822
122457
122077
121682
121272
120847
120406
119949
119473
118975
118452
117901
117318
116702
116046
115350
114607
113821
112980
112090
111138
110131
109052
107911
106682
105380
103969
102467
100816
99049.6
97072.9
94938.7
92491.8
89830.7
86711
200000
200000
200000
200000
200000
200000
200000
200000
200000
200000
200000
200000
200000
200000
200000
200000
200000
200000
199998
199946
199574
198473
196625
194348
191910
189444
187002
184602
182254
179962
177728
175556
173446
171396
169404
167470
165590
163762
161986
160260
158584
156958
155382
153857
152381
150956
149580
148253
146973
145738
144546
143396
142284
141210
140172
139167
138196
137256
136348
135471
134627
133815
133036
132291
131582
130907
130268
129666
129098
128565
128065
127597
127160
126751
126368
126008
125668
125346
125036
124733
124433
124132
123824
123505
123174
122828
122465
122086
121693
121283
120858
120417
119959
119480
118981
118456
117904
117319
116702
116045
115349
114605
113819
112978
112089
111138
110132
109054
107915
106689
105389
103980
102479
100831
99062.5
97085.4
94944.3
92488.4
89807.5
86659.3
200000
200000
200000
200000
200000
200000
200000
200000
200000
200000
200000
200000
200000
200000
200000
200000
200000
200000
199998
199947
199581
198487
196646
194371
191934
189468
187026
184626
182277
179984
177750
175578
173466
171415
169423
167487
165606
163778
162002
160275
158600
156974
155398
153873
152397
150972
149596
148267
146986
145750
144557
143405
142293
141218
140178
139173
138201
137262
136354
135478
134635
133823
133046
132302
131592
130918
130279
129676
129107
128573
128072
127602
127164
126752
126368
126007
125666
125342
125031
124728
124429
124129
123823
123507
123178
122835
122475
122098
121706
121297
120872
120430
119970
119490
118989
118461
117907
117321
116702
116044
115347
114603
113816
112976
112087
111137
110133
109058
107920
106697
105400
103994
102494
100849
99078.9
97101.3
94951.5
92484.2
89778.1
86593.3
200000
200000
200000
200000
200000
200000
200000
200000
200000
200000
200000
200000
200000
200000
200000
200000
200000
200000
199998
199949
199589
198504
196670
194399
191963
189497
187054
184654
182304
180011
177777
175603
173490
171438
169445
167508
165626
163797
162020
160294
158618
156993
155417
153892
152416
150991
149614
148284
147002
145764
144570
143416
142303
141226
140186
139180
138208
137268
136361
135486
134644
133834
133057
132314
131605
130931
130292
129688
129118
128583
128080
127608
127167
126754
126368
126005
125663
125338
125026
124723
124425
124126
123822
123508
123183
122843
122486
122112
121722
121314
120889
120445
119984
119502
118998
118468
117911
117323
116702
116042
115344
114600
113813
112973
112085
111137
110134
109062
107927
106708
105412
104011
102512
100870
99098.2
97120
94960.1
92479.5
89743.3
86514.5
200000
200000
200000
200000
200000
200000
200000
200000
200000
200000
200000
200000
200000
200000
200000
200000
200000
200000
199998
199950
199597
198524
196698
194431
191996
189529
187086
184685
182335
180041
177806
175632
173518
171464
169469
167531
165648
163819
162042
160315
158640
157014
155439
153914
152438
151012
149634
148304
147020
145781
144584
143429
142314
141236
140195
139188
138216
137276
136370
135496
134654
133845
133070
132328
131620
130946
130307
129702
129131
128593
128089
127615
127172
126757
126368
126003
125659
125333
125021
124717
124420
124123
123821
123511
123189
122852
122498
122127
121739
121332
120907
120462
119999
119515
119008
118476
117916
117326
116703
116041
115342
114597
113810
112971
112083
111137
110136
109067
107935
106720
105427
104030
102533
100894
99120.2
97141.4
94970.2
92474.6
89704
86424
200000
200000
200000
200000
200000
200000
200000
200000
200000
200000
200000
200000
200000
200000
200000
200000
200000
200000
199998
199952
199607
198545
196728
194465
192032
189566
187122
184720
182370
180075
177839
175664
173548
171493
169497
167558
165673
163843
162065
160339
158663
157038
155463
153938
152462
151035
149656
148325
147040
145799
144601
143444
142327
141248
140205
139198
138225
137285
136379
135506
134665
133858
133084
132343
131635
130962
130322
129717
129144
128605
128098
127623
127177
126759
126368
126001
125656
125328
125015
124712
124415
124119
123820
123513
123195
122862
122512
122144
121757
121351
120926
120481
120016
119529
119020
118484
117922
117329
116703
116040
115340
114595
113806
112968
112082
111138
110139
109074
107944
106733
105443
104051
102555
100920
99144.5
97164.9
94981.7
92469.8
89661
86323.3
200000
200000
200000
200000
200000
200000
200000
200000
200000
200000
200000
200000
200000
200000
200000
200000
200000
200000
199998
199954
199617
198568
196761
194503
192071
189605
187160
184758
182407
180112
177875
175698
173582
171525
169527
167586
165701
163869
162091
160364
158689
157064
155489
153964
152488
151060
149681
148348
147061
145818
144618
143460
142341
141260
140216
139208
138234
137295
136389
135517
134678
133872
133098
132359
131652
130979
130339
129733
129159
128618
128109
127631
127183
126762
126369
126000
125652
125323
125009
124706
124410
124116
123819
123516
123201
122872
122526
122161
121776
121372
120947
120501
120034
119544
119032
118494
117928
117332
116705
116040
115337
114592
113804
112966
112081
111139
110143
109081
107954
106748
105461
104073
102580
100949
99170.7
97190.4
94994.6
92465.4
89615.1
86213.4
200000
200000
200000
200000
200000
200000
200000
200000
200000
200000
200000
200000
200000
200000
200000
200000
200000
200000
199998
199956
199627
198593
196796
194543
192113
189647
187202
184799
182447
180151
177913
175735
173617
171559
169559
167616
165730
163897
162118
160392
158716
157091
155516
153991
152515
151087
149707
148373
147084
145839
144637
143477
142356
141273
140228
139219
138245
137306
136401
135529
134691
133886
133114
132375
131669
130997
130357
129749
129174
128632
128120
127640
127189
126766
126370
125998
125649
125318
125004
124700
124405
124113
123819
123518
123207
122882
122540
122178
121796
121393
120968
120521
120053
119561
119045
118504
117935
117337
116706
116040
115336
114590
113801
112965
112080
111141
110147
109089
107965
106764
105480
104097
102606
100978
99198.7
97217.6
95008.9
92461.7
89566.9
86095.5
200000
200000
200000
200000
200000
200000
200000
200000
200000
200000
200000
200000
200000
200000
200000
200000
200000
200000
199998
199958
199638
198618
196833
194586
192157
189691
187245
184842
182489
180192
177953
175774
173655
171594
169593
167649
165761
163927
162147
160420
158745
157120
155545
154020
152544
151115
149734
148398
147108
145862
144658
143495
142372
141288
140241
139231
138257
137317
136413
135542
134705
133901
133130
132393
131687
131015
130375
129767
129190
128646
128132
127649
127195
126770
126371
125997
125645
125314
124998
124695
124401
124110
123819
123522
123214
122893
122554
122196
121816
121414
120990
120542
120072
119578
119060
118515
117943
117342
116708
116040
115334
114588
113799
112964
112080
111144
110152
109098
107977
106781
105501
104123
102633
101009
99228.1
97246.3
95024.7
92459
89517.2
85970.5
200000
200000
200000
200000
200000
200000
200000
200000
200000
200000
200000
200000
200000
200000
200000
200000
200000
200000
199999
199960
199649
198644
196872
194630
192203
189737
187291
184886
182533
180235
177995
175815
173694
171632
169628
167682
165793
163958
162178
160450
158775
157150
155575
154050
152573
151144
149762
148425
147133
145885
144679
143514
142389
141303
140255
139244
138269
137329
136425
135555
134719
133917
133147
132410
131706
131034
130393
129784
129207
128661
128145
127659
127202
126774
126373
125996
125643
125309
124993
124690
124396
124108
123819
123525
123221
122904
122568
122213
121836
121436
121012
120564
120092
119596
119074
118527
117952
117347
116711
116040
115333
114586
113797
112963
112081
111147
110158
109108
107991
106799
105522
104149
102662
101042
99258.8
97276.3
95042
92457.4
89466.5
85839.4
200000
200000
200000
200000
200000
200000
200000
200000
200000
200000
200000
200000
200000
200000
200000
200000
200000
200000
199999
199962
199660
198671
196911
194675
192250
189785
187338
184932
182578
180279
178038
175857
173734
171670
169665
167718
165826
163991
162210
160482
158806
157181
155606
154081
152604
151174
149791
148453
147159
145909
144701
143534
142407
141319
140269
139257
138282
137342
136438
135569
134734
133933
133164
132428
131725
131053
130412
129803
129224
128676
128158
127669
127210
126779
126374
125996
125640
125305
124988
124685
124393
124106
123819
123528
123228
122914
122583
122230
121856
121457
121034
120586
120112
119614
119090
118539
117961
117353
116714
116041
115333
114585
113796
112963
112083
111151
110165
109118
108005
106818
105544
104176
102691
101074
99290.6
97307.5
95060.8
92457.5
89415.7
85703.4
200000
200000
200000
200000
200000
200000
200000
200000
200000
200000
200000
200000
200000
200000
200000
200000
200000
200000
199999
199964
199671
198698
196951
194722
192299
189834
187386
184980
182625
180325
178083
175900
173776
171710
169703
167754
165861
164024
162242
160514
158838
157213
155638
154113
152635
151205
149820
148481
147186
145933
144723
143554
142425
141336
140285
139271
138295
137356
136452
135583
134749
133949
133182
132447
131744
131072
130431
129821
129241
128691
128171
127680
127218
126784
126377
125995
125638
125301
124984
124681
124389
124104
123820
123532
123235
122925
122596
122247
121875
121478
121055
120607
120133
119632
119105
118552
117970
117360
116718
116043
115333
114585
113796
112964
112085
111156
110172
109130
108020
106837
105567
104203
102721
101108
99323.3
97339.6
95081
92459.3
89365.3
85563.2
200000
200000
200000
200000
200000
200000
200000
200000
200000
200000
200000
200000
200000
200000
200000
200000
200000
200000
199999
199966
199682
198726
196992
194770
192350
189884
187436
185028
182672
180371
178129
175944
173818
171751
169742
167791
165897
164059
162276
160547
158870
157245
155671
154145
152667
151236
149851
148510
147213
145959
144746
143575
142444
141353
140301
139286
138310
137370
136466
135598
134765
133965
133199
132465
131762
131091
130450
129839
129258
128706
128184
127691
127226
126789
126379
125996
125636
125298
124980
124677
124386
124102
123821
123536
123242
122935
122610
122264
121894
121499
121077
120628
120153
119651
119121
118565
117980
117367
116722
116046
115334
114585
113796
112966
112088
111162
110181
109142
108035
106857
105591
104231
102751
101142
99356.7
97372.7
95102.9
92463
89315.7
85419.6
200000
200000
200000
200000
200000
200000
200000
200000
200000
200000
200000
200000
200000
200000
200000
200000
200000
200000
199999
199968
199693
198754
197034
194819
192401
189935
187486
185078
182720
180419
178175
175989
173861
171792
169782
167829
165933
164094
162310
160580
158903
157278
155703
154178
152699
151268
149881
148539
147240
145984
144770
143597
142464
141371
140317
139302
138324
137384
136481
135613
134781
133982
133216
132483
131781
131110
130469
129857
129275
128722
128197
127702
127234
126795
126382
125996
125635
125296
124977
124674
124384
124102
123822
123539
123249
122945
122623
122280
121912
121519
121098
120649
120173
119669
119137
118578
117991
117374
116727
116049
115335
114587
113798
112968
112092
111168
110190
109155
108051
106878
105614
104259
102782
101176
99390.7
97406.4
95126.3
92468.7
89267.6
85273.8
200000
200000
200000
200000
200000
200000
200000
200000
200000
200000
200000
200000
200000
200000
200000
200000
200000
200000
199999
199969
199704
198781
197076
194868
192452
189987
187537
185127
182769
180467
178222
176034
173905
171835
169822
167867
165970
164129
162344
160614
158937
157312
155737
154210
152732
151299
149912
148568
147268
146010
144794
143619
142484
141389
140334
139318
138340
137399
136496
135629
134797
133999
133234
132501
131800
131129
130488
129875
129292
128737
128211
127713
127243
126801
126386
125997
125634
125294
124974
124671
124382
124101
123823
123544
123256
122955
122636
122296
121930
121538
121118
120670
120193
119687
119153
118592
118001
117382
116733
116052
115338
114588
113800
112971
112096
111176
110200
109169
108068
106899
105639
104287
102812
101210
99425.1
97440.9
95151.2
92476.7
89221.3
85126.7
200000
200000
200000
200000
200000
200000
200000
200000
200000
200000
200000
200000
200000
200000
200000
200000
200000
200000
199999
199971
199715
198809
197118
194918
192504
190039
187588
185178
182819
180515
178269
176080
173950
171877
169863
167906
166007
164165
162380
160649
158971
157345
155770
154244
152764
151331
149943
148598
147296
146036
144818
143641
142505
141408
140352
139334
138355
137415
136511
135644
134813
134016
133251
132519
131818
131148
130506
129893
129309
128753
128224
127724
127252
126807
126390
125999
125634
125292
124971
124669
124380
124101
123825
123548
123262
122964
122648
122310
121947
121557
121138
120690
120212
119705
119169
118605
118012
117391
116739
116057
115341
114591
113802
112975
112102
111184
110210
109183
108085
106920
105663
104316
102843
101244
99459.9
97475.8
95177.7
92487.1
89177.4
84979
200000
200000
200000
200000
200000
200000
200000
200000
200000
200000
200000
200000
200000
200000
200000
200000
200000
200000
199999
199973
199725
198836
197160
194967
192557
190091
187640
185228
182868
180564
178316
176126
173994
171920
169904
167946
166045
164202
162415
160683
159005
157379
155803
154277
152797
151363
149974
148628
147324
146063
144843
143664
142525
141427
140369
139351
138371
137430
136527
135660
134829
134032
133269
132537
131837
131166
130524
129911
129325
128768
128238
127735
127261
126814
126394
126001
125634
125291
124970
124668
124379
124101
123827
123552
123269
122973
122660
122325
121963
121575
121157
120709
120231
119723
119185
118619
118024
117400
116745
116062
115344
114594
113806
112980
112108
111192
110221
109197
108103
106941
105687
104344
102874
101278
99495
97511.2
95205.7
92499.8
89136.5
84831.1
200000
200000
200000
200000
200000
200000
200000
200000
200000
200000
200000
200000
200000
200000
200000
200000
200000
200000
199999
199974
199735
198863
197202
195017
192609
190144
187691
185279
182918
180612
178364
176172
174039
171963
169945
167985
166083
164239
162451
160718
159039
157413
155837
154310
152829
151395
150004
148657
147352
146089
144867
143687
142547
141447
140388
139368
138388
137446
136543
135676
134845
134049
133286
132555
131855
131184
130542
129928
129342
128783
128251
127747
127270
126820
126398
126003
125635
125290
124969
124666
124379
124102
123829
123556
123275
122982
122671
122338
121979
121592
121175
120728
120249
119740
119201
118633
118035
117409
116753
116067
115349
114598
113810
112985
112115
111201
110233
109212
108121
106963
105712
104372
102905
101312
99530.2
97546.8
95235.1
92514.9
89098.9
84684.1
200000
200000
200000
200000
200000
200000
200000
200000
200000
200000
200000
200000
200000
200000
200000
200000
200000
200000
199999
199976
199745
198889
197243
195067
192662
190197
187743
185330
182968
180661
178411
176219
174083
172006
169986
168025
166121
164275
162486
160753
159073
157447
155870
154342
152862
151426
150035
148687
147380
146116
144892
143710
142568
141467
140406
139385
138404
137462
136559
135692
134861
134066
133303
132572
131872
131202
130559
129945
129358
128798
128264
127758
127279
126827
126403
126006
125636
125290
124968
124666
124379
124103
123832
123560
123282
122991
122682
122351
121994
121608
121192
120746
120267
119757
119217
118647
118047
117419
116760
116073
115354
114603
113815
112991
112122
111211
110245
109227
108139
106984
105737
104400
102936
101346
99565.4
97582.8
95265.9
92532.5
89064.7
84538.9
200000
200000
200000
200000
200000
200000
200000
200000
200000
200000
200000
200000
200000
200000
200000
200000
200000
200000
199999
199977
199755
198915
197285
195116
192714
190249
187795
185380
183017
180709
178458
176265
174128
172049
170028
168064
166159
164312
162522
160788
159108
157480
155903
154375
152894
151458
150065
148716
147408
146142
144917
143733
142589
141487
140425
139403
138421
137479
136575
135708
134878
134082
133320
132589
131889
131219
130576
129962
129374
128812
128277
127769
127288
126834
126408
126009
125637
125291
124968
124666
124379
124104
123834
123565
123288
122999
122692
122364
122008
121624
121209
120763
120284
119774
119232
118661
118059
117429
116768
116080
115360
114609
113821
112998
112131
111222
110258
109243
108157
107006
105761
104428
102966
101379
99600.5
97618.8
95298.1
92552.5
89034.5
84396.3
200000
200000
200000
200000
200000
200000
200000
200000
200000
200000
200000
200000
200000
200000
200000
200000
200000
200000
199999
199978
199764
198941
197326
195165
192766
190301
187846
185430
183066
180758
178505
176310
174172
172092
170069
168104
166197
164349
162557
160822
159142
157514
155936
154408
152926
151489
150096
148745
147436
146168
144942
143756
142611
141507
140443
139421
138438
137495
136591
135724
134894
134098
133336
132606
131906
131236
130593
129978
129389
128827
128290
127781
127297
126842
126413
126013
125639
125292
124968
124666
124380
124106
123837
123569
123294
123007
122702
122375
122022
121639
121225
120779
120301
119790
119247
118674
118071
117439
116777
116087
115366
114615
113827
113005
112139
111232
110271
109259
108176
107027
105785
104455
102996
101412
99635.5
97655
95331.5
92574.8
89008.8
84256.1
200000
200000
200000
200000
200000
200000
200000
200000
200000
200000
200000
200000
200000
200000
200000
200000
200000
200000
199999
199980
199773
198966
197366
195214
192818
190353
187897
185480
183115
180806
178552
176356
174216
172134
170110
168143
166235
164385
162593
160857
159175
157547
155969
154440
152957
151520
150125
148774
147463
146194
144966
143779
142632
141527
140462
139439
138455
137512
136607
135740
134910
134114
133353
132622
131923
131252
130609
129993
129404
128840
128303
127792
127307
126849
126419
126017
125642
125293
124969
124667
124381
124107
123840
123573
123300
123015
122712
122386
122034
121653
121240
120795
120316
119805
119262
118688
118083
117449
116786
116095
115373
114622
113834
113013
112149
111244
110285
109275
108194
107049
105809
104482
103026
101445
99670.2
97691.1
95365.9
92599.6
88987.6
84119.6
200000
200000
200000
200000
200000
200000
200000
200000
200000
200000
200000
200000
200000
200000
200000
200000
200000
200000
200000
199981
199781
198990
197406
195263
192869
190404
187947
185530
183164
180853
178598
176401
174260
172176
170150
168182
166273
164422
162628
160891
159209
157580
156001
154471
152988
151550
150155
148802
147490
146220
144990
143802
142654
141547
140481
139457
138472
137528
136623
135756
134926
134130
133369
132638
131939
131268
130625
130009
129419
128854
128315
127803
127316
126857
126425
126021
125645
125295
124971
124668
124383
124110
123843
123578
123306
123022
122721
122397
122046
121666
121255
120810
120332
119820
119276
118701
118095
117460
116795
116103
115380
114629
113842
113022
112159
111255
110298
109291
108213
107070
105833
104509
103055
101477
99704.7
97727.1
95401.3
92626.5
88971.5
83986.4
200000
200000
200000
200000
200000
200000
200000
200000
200000
200000
200000
200000
200000
200000
200000
200000
200000
200000
200000
199982
199789
199014
197445
195310
192920
190455
187998
185579
183212
180900
178644
176445
174303
172218
170191
168221
166310
164458
162663
160925
159242
157612
156033
154503
153019
151580
150184
148830
147517
146246
145015
143824
142675
141567
140500
139475
138490
137545
136639
135772
134941
134146
133384
132654
131955
131284
130640
130024
129433
128867
128327
127813
127325
126864
126431
126025
125648
125298
124972
124669
124384
124112
123847
123582
123311
123029
122729
122407
122058
121679
121268
120825
120346
119835
119290
118714
118106
117471
116805
116112
115388
114637
113850
113031
112169
111267
110312
109307
108231
107091
105857
104535
103084
101508
99738.8
97763
95437.6
92655.7
88960.2
83858.2
200000
200000
200000
200000
200000
200000
200000
200000
200000
200000
200000
200000
200000
200000
200000
200000
200000
200000
200000
199983
199797
199037
197483
195357
192970
190505
188047
185627
183259
180946
178689
176489
174346
172259
170230
168260
166347
164494
162698
160959
159275
157644
156065
154534
153049
151609
150212
148857
147544
146271
145038
143847
142696
141587
140519
139493
138507
137561
136656
135788
134957
134162
133400
132670
131970
131299
130655
130038
129447
128880
128339
127824
127334
126872
126437
126030
125652
125300
124974
124671
124386
124115
123850
123587
123317
123036
122737
122417
122069
121691
121281
120838
120360
119849
119303
118726
118118
117481
116814
116121
115397
114645
113859
113041
112180
111280
110326
109323
108250
107112
105880
104561
103113
101539
99772.4
97798.6
95474.4
92687
88954.3
83734.9
200000
200000
200000
200000
200000
200000
200000
200000
200000
200000
200000
200000
200000
200000
200000
200000
200000
200000
200000
199984
199804
199060
197521
195404
193019
190555
188096
185675
183306
180992
178734
176533
174388
172300
170270
168298
166384
164529
162732
160992
159307
157676
156096
154564
153079
151638
150240
148885
147570
146296
145062
143869
142718
141607
140538
139510
138524
137578
136672
135804
134973
134177
133415
132685
131985
131313
130670
130052
129460
128893
128351
127834
127344
126880
126443
126035
125656
125303
124977
124674
124389
124117
123854
123591
123322
123042
122745
122426
122079
121703
121294
120851
120374
119862
119316
118739
118130
117492
116824
116130
115406
114654
113868
113051
112191
111292
110341
109339
108268
107132
105903
104586
103140
101569
99805.6
97834
95511.9
92720.2
88954.3
83618.1
200000
200000
200000
200000
200000
200000
200000
200000
200000
200000
200000
200000
200000
200000
200000
200000
200000
200000
200000
199985
199811
199081
197558
195449
193068
190604
188144
185722
183352
181037
178778
176576
174430
172340
170309
168335
166420
164564
162766
161025
159339
157707
156126
154594
153108
151666
150268
148911
147595
146320
145085
143891
142739
141627
140557
139528
138541
137594
136687
135819
134988
134192
133430
132699
131999
131328
130684
130065
129473
128905
128362
127845
127353
126888
126450
126040
125660
125307
124980
124676
124391
124120
123857
123595
123328
123049
122752
122434
122089
121713
121305
120864
120386
119875
119329
118751
118141
117503
116834
116140
115415
114663
113878
113061
112202
111305
110355
109356
108286
107152
105925
104611
103168
101599
99838.3
97869
95549.7
92755
88960.2
83509.7
200000
200000
200000
200000
200000
200000
200000
200000
200000
200000
200000
200000
200000
200000
200000
200000
200000
200000
200000
199986
199818
199103
197594
195494
193116
190652
188191
185769
183398
181082
178822
176618
174471
172380
170347
168372
166456
164599
162799
161058
159371
157738
156156
154623
153137
151694
150295
148937
147621
146344
145108
143913
142759
141647
140576
139546
138558
137611
136703
135834
135003
134207
133444
132714
132013
131342
130697
130079
129485
128917
128373
127855
127361
126895
126456
126046
125664
125310
124983
124679
124394
124124
123861
123600
123333
123055
122759
122442
122098
121724
121316
120876
120399
119887
119341
118763
118153
117514
116844
116149
115424
114673
113888
113071
112214
111318
110369
109372
108304
107172
105947
104635
103194
101628
99870.4
97903.6
95587.7
92791.6
88971.9
83413.4
200000
200000
200000
200000
200000
200000
200000
200000
200000
200000
200000
200000
200000
200000
200000
200000
200000
200000
200000
199986
199825
199123
197629
195538
193163
190699
188238
185814
183442
181125
178864
176659
174511
172419
170385
168409
166491
164633
162832
161089
159402
157768
156186
154652
153165
151722
150322
148963
147645
146368
145131
143935
142780
141666
140594
139564
138575
137627
136719
135850
135018
134221
133458
132728
132027
131355
130710
130091
129498
128928
128384
127865
127370
126903
126463
126051
125669
125314
124986
124682
124397
124127
123864
123604
123338
123060
122766
122450
122106
121733
121327
120887
120410
119899
119352
118774
118164
117524
116855
116159
115434
114683
113898
113082
112225
111331
110384
109388
108322
107192
105969
104659
103220
101657
99901.8
97937.6
95625.5
92829.6
88989.4
83331.8
200000
200000
200000
200000
200000
200000
200000
200000
200000
200000
200000
200000
200000
200000
200000
200000
200000
200000
200000
199987
199831
199143
197664
195582
193210
190746
188284
185860
183486
181168
178906
176700
174550
172458
170422
168445
166526
164666
162865
161121
159433
157798
156215
154680
153192
151748
150347
148988
147669
146391
145153
143956
142800
141685
140612
139581
138592
137643
136734
135865
135032
134235
133472
132741
132040
131368
130723
130104
129509
128940
128394
127874
127379
126911
126470
126057
125673
125318
124989
124685
124400
124130
123868
123608
123342
123066
122772
122457
122114
121742
121336
120897
120421
119910
119363
118785
118174
117534
116864
116169
115443
114692
113908
113093
112237
111344
110398
109403
108339
107211
105990
104681
103245
101684
99932.3
97970.9
95663
92868.8
89012.4
83269.1
200000
200000
200000
200000
200000
200000
200000
200000
200000
200000
200000
200000
200000
200000
200000
200000
200000
200000
200000
199988
199837
199162
197697
195624
193254
190791
188329
185903
183529
181210
178947
176740
174589
172495
170458
168480
166560
164699
162897
161152
159462
157827
156243
154708
153219
151775
150373
149013
147693
146414
145175
143977
142820
141704
140630
139598
138608
137659
136750
135879
135046
134249
133486
132754
132053
131381
130735
130115
129521
128950
128404
127883
127387
126918
126476
126063
125678
125322
124993
124689
124404
124133
123872
123612
123347
123071
122778
122464
122122
121750
121345
120906
120430
119920
119373
118795
118184
117544
116874
116178
115452
114701
113917
113103
112248
111356
110411
109418
108355
107229
106009
104703
103269
101710
99961.7
98003.3
95700.3
92909.1
89041.6
83232.8
200000
200000
200000
200000
200000
200000
200000
200000
200000
200000
200000
200000
200000
200000
200000
200000
200000
200000
200000
199988
199842
199180
197730
195666
193299
190836
188373
185947
183571
181251
178987
176779
174627
172532
170494
168514
166593
164731
162928
161182
159492
157856
156271
154735
153245
151800
150398
149037
147716
146436
145197
143998
142840
141723
140648
139616
138624
137674
136765
135894
135060
134263
133499
132767
132065
131392
130746
130126
129531
128960
128414
127892
127395
126925
126483
126068
125683
125327
124997
124692
124407
124137
123875
123616
123352
123076
122784
122470
122129
121758
121354
120916
120441
119930
119384
118806
118194
117554
116884
116188
115463
114712
113928
113115
112260
111369
110425
109433
108372
107247
106029
104725
103293
101736
99990.3
98034.7
95736
92949
89072
83228.7
200000
200000
200000
200000
200000
200000
200000
200000
200000
200000
200000
200000
200000
200000
200000
200000
200000
200000
200000
199989
199847
199198
197762
195706
193342
190880
188416
185989
183612
181291
179026
176817
174664
172568
170529
168548
166626
164763
162958
161212
159521
157883
156298
154761
153271
151825
150422
149060
147739
146458
145217
144017
142858
141741
140665
139632
138640
137689
136779
135908
135074
134275
133511
132779
132077
131403
130756
130135
129539
128968
128420
127898
127400
126930
126486
126071
125686
125329
124998
124693
124408
124137
123876
123617
123352
123078
122786
122473
122133
121763
121360
120922
120448
119938
119392
118814
118203
117563
116892
116196
115471
114720
113936
113123
112270
111379
110436
109445
108385
107261
106045
104742
103312
101757
100014
98060.5
95766.1
92983.5
89102.4
83263.6
200000
200000
200000
200000
200000
200000
200000
200000
200000
200000
200000
200000
200000
200000
200000
200000
200000
200000
200000
199989
199852
199215
197793
195746
193385
190923
188458
186030
183653
181331
179065
176855
174701
172604
170563
168581
166658
164794
162988
161241
159549
157911
156325
154787
153296
151850
150446
149083
147761
146479
145238
144037
142878
141759
140683
139649
138656
137705
136794
135922
135088
134289
133525
132792
132089
131416
130769
130148
129551
128979
128432
127909
127410
126939
126495
126079
125693
125335
125004
124699
124413
124143
123882
123623
123359
123085
122794
122481
122142
121772
121369
120932
120458
119949
119403
118825
118214
117574
116904
116208
115483
114732
113949
113137
112284
111394
110452
109462
108404
107281
106066
104765
103337
101784
100044
98094.1
95804.8
93029
89143.5
83328.3
200000
200000
200000
200000
200000
200000
200000
200000
200000
200000
200000
200000
200000
200000
200000
200000
200000
200000
200000
199990
199857
199232
197823
195783
193425
190964
188499
186070
183692
181369
179102
176891
174736
172637
170596
168613
166688
164822
163016
161267
159574
157936
156349
154811
153319
151872
150467
149103
147779
146496
145253
144052
142891
141772
140695
139660
138667
137715
136803
135931
135096
134296
133531
132798
132095
131421
130774
130152
129556
128984
128436
127912
127414
126942
126497
126081
125695
125337
125006
124700
124415
124144
123883
123625
123362
123088
122797
122485
122146
121777
121374
120938
120464
119954
119408
118830
118219
117579
116909
116213
115488
114738
113955
113143
112291
111401
110460
109471
108413
107291
106077
104776
103349
101797
100058
98109.8
95823.1
93052.9
89169.2
83378.9
200000
200000
200000
200000
200000
200000
200000
200000
200000
200000
200000
200000
200000
200000
200000
200000
200000
200000
200000
199990
199861
199248
197853
195822
193467
191005
188539
186109
183730
181406
179138
176925
174769
172670
170628
168644
166718
164852
163045
161295
159602
157962
156375
154836
153344
151896
150491
149127
147803
146519
145276
144073
142912
141792
140714
139679
138685
137732
136820
135947
135111
134312
133546
132813
132110
131435
130788
130166
129569
128997
128448
127924
127425
126952
126507
126090
125702
125343
125012
124706
124420
124149
123888
123629
123366
123093
122802
122491
122152
121784
121382
120946
120473
119964
119419
118841
118231
117591
116921
116225
115501
114751
113968
113157
112305
111416
110476
109488
108432
107311
106099
104801
103377
101828
100093
98149
95870.1
93107.8
89229.5
83470.4
200000
200000
200000
200000
200000
200000
200000
200000
200000
200000
200000
200000
200000
200000
200000
200000
200000
200000
200000
199991
199865
199262
197879
195855
193502
191039
188572
186140
183758
181432
179161
176947
174789
172687
170643
168656
166729
164861
163053
161303
159609
157969
156380
154840
153347
151899
150493
149128
147804
146521
145277
144075
142913
141793
140714
139678
138684
137731
136818
135945
135110
134310
133544
132811
132109
131434
130787
130165
129568
128995
128446
127921
127422
126949
126503
126086
125698
125339
125007
124700
124414
124143
123882
123623
123360
123086
122796
122484
122146
121777
121376
120940
120467
119958
119413
118835
118224
117584
116914
116218
115493
114742
113960
113148
112296
111407
110467
109479
108422
107302
106091
104793
103370
101821
100088
98146
95870.2
93110.4
89229.8
83480.6
200000
200000
200000
200000
200000
200000
200000
200000
200000
200000
200000
200000
200000
200000
200000
200000
200000
200000
200000
199991
199871
199283
197921
195911
193564
191104
188638
186206
183825
181499
179228
177014
174856
172754
170710
168723
166796
164928
163118
161366
159670
158028
156438
154897
153403
151953
150546
149180
147855
146571
145326
144122
142959
141838
140758
139721
138725
137771
136857
135982
135146
134345
133578
132843
132139
131464
130815
130193
129595
129021
128472
127947
127446
126973
126526
126108
125719
125359
125026
124719
124433
124162
123900
123642
123379
123106
122817
122506
122169
121802
121401
120967
120495
119988
119444
118868
118258
117620
116951
116256
115532
114783
114002
113192
112342
111455
110517
109531
108478
107360
106152
104857
103439
101895
100168
98232.5
95967.4
93227.3
89379.1
83780.2
84850.9
84236.9
83602
82939.7
82247.9
81529.1
80777.3
79997.5
79181.9
78337.9
77458
76562.1
75633.9
74650.2
73642.7
72590.6
71484.6
70355
69200.3
68017
66803
65559.2
64286.6
62988
61664.9
60320.9
58957.5
57578.7
56186
54783.7
53373.4
51959.7
50543.8
49130.9
47721.4
46320.9
44929.2
43552.1
42188.5
40844.6
39518.2
38215.7
36934.1
35679.8
34448.8
33248
32072.2
30928.9
29811.6
28727.7
27669.9
26644.3
25641.9
24668.3
23710.2
22776.2
21853.5
20952.1
20071.9
19237.3
18442.9
17717.7
17034.8
16407.2
15839.9
15332.5
14857.9
14468.1
14130.2
13842.7
13624.6
13448.4
13308.7
13324.7
13413.8
13591.2
13882.2
14402.8
12759.9
922070
84821.1
84201.4
83562.7
82893.7
82197.8
81470.4
80714.4
79923.5
79103
78243.5
77351.7
76413.1
75470.9
74496.4
73484.8
72420.5
71321.9
70188.2
69022.8
67826.8
66600.2
65344.6
64061.3
62753.1
61421.4
60069.7
58699.7
57315.3
55918.2
54512.6
53100.2
51685.6
50270
48858.4
47451.4
46054.3
44667.1
43295
41937.5
40599.9
39280.6
37985.3
36711.5
35464.8
34242
33049
31881.3
30744.9
29634.4
28554.7
27499
26471.9
25463.7
24481.3
23516.6
22576.1
21665.7
20792.2
19961.2
19200.1
18469.6
17783.2
17149.3
16555.1
16000.8
15534.7
15087.4
14701.6
14399.2
14154.7
13955.3
13887
13921.1
13998.1
14096.4
14241.3
14342
14504.9
12671.4
934547
84767.9
84140.3
83493.5
82816
82110.2
81373.5
80605.8
79805.4
78972.2
78105.4
77205.3
76272.6
75294.4
74295.4
73251.3
72170
71059.1
69909.6
68724.8
67509
66263.8
64991.6
63693.2
62371.3
61027.3
59664.9
58285.5
56893.4
55490.2
54080.3
52665.2
51249.6
49834.7
48425.2
47022
45629.8
44248.8
42883.9
41534.7
40205.8
38896.3
37610.7
36347.6
35111.1
33899.3
32716.2
31558.9
30430.1
29326.3
28249
27191.7
26159.5
25144.6
24155
23197.2
22275.8
21408.3
20608.9
19859.3
19159.2
18512.1
17871.8
17306.5
16793.6
16284.1
15867.5
15532.3
15170.1
14942.6
14808.5
14660.8
14656
14683.6
14727.4
14712.2
14733.6
14701.2
14682.6
12742.9
914613
84691.1
84051.9
83393.6
82703.2
81983.4
81231.6
80447.7
79630
78778.3
77892.5
76972.1
76017.9
75008.7
73974.8
72901.2
71800.9
70667.9
69495.7
68286.2
67045.2
65775.6
64480.4
63160.6
61819.4
60458
59080.4
57688.1
56285.4
54874
53458.5
52040.3
50624.1
49210.8
47805.3
46408.1
45023.7
43652.6
42298.7
40962.1
39646.6
38351.9
37081.1
35833.8
34612.8
33416.8
32247.4
31102.9
29982.5
28883.8
27807.1
26747.8
25713.5
24710.5
23743.3
22838.8
22000.1
21224.3
20526.9
19868.2
19211.2
18647
18100.3
17573.8
17176.8
16778
16400.2
16218.2
15979.5
15804.4
15807
15696.5
15609.1
15541.7
15453
15307.2
15182.5
15032.9
14915.1
12900.6
907657
84592
83937.9
83264.4
82557.1
81819
81047.2
80241.5
79400.6
78523.6
77610.9
76660.9
75675
74638.3
73570.7
72464.3
71329.9
70162.4
68958.5
67718.3
66446.6
65146.7
63822.8
62476.5
61111.3
59728.8
58332.9
56925.5
55510.9
54090.9
52669.8
51249.3
49833.7
48424.2
47024.8
45636.6
44263.2
42905.2
41565.9
40245.8
38947.4
37671
36418.5
35190.3
33986.6
32807.6
31650.9
30516.6
29401.8
28305.8
27231.4
26187.9
25177.7
24236.6
23353.9
22552.6
21840.2
21161.1
20523.2
19961.5
19389.2
18887.1
18494.2
18049.4
17733.4
17529.7
17222.6
17143.3
17075.5
16869.5
16810.8
16696.2
16478.3
16262.8
16055.5
15814.8
15588.2
15348.4
15178
13114
903350
84472.7
83800.2
83108.2
82380.2
81619.3
80822.7
79990.2
79120
78211.9
77265
76279
75254
74188.2
73077.4
71931
70754
69544.3
68301.4
67024.4
65716.9
64382.2
63025.1
61648
60255.3
58848.8
57432.8
56009.1
54582.1
53153.6
51727.9
50306.6
48893.5
47490.1
46099.7
44723.5
43364.2
42022.9
40701.6
39401.3
38123.1
36868.1
35636.1
34428.2
33241.6
32077.5
30931.1
29804.1
28697.2
27617.2
26571.1
25595.3
24674.9
23851.2
23121.4
22427.7
21807
21230.9
20641.5
20180.8
19761.6
19315.7
19070.8
18802.8
18547.2
18521.7
18346.1
18185
18137.7
17920.3
17676.8
17469.8
17203.6
16902.1
16613.2
16322.2
16045.9
15752
15533.3
13431.8
898660
84334.7
83640.4
82926.4
82173.9
81385.5
80559.8
79694.6
78789.9
77843.8
76856.8
75828
74758.8
73649.6
72493.7
71300.3
70074.1
68815.6
67526.6
66206.3
64858
63484.2
62090.4
60679.6
59256.9
57824.7
56387.4
54947.1
53508.1
52072.2
50643.4
49223.3
47815.3
46420.6
45042.1
43680.9
42338.8
41017.2
39716.8
38438.7
37183
35950.5
34739.5
33550.7
32379.3
31228
30095.5
28988.8
27917.7
26907
25961.8
25120.5
24364.2
23664.1
23054.4
22462.6
21890.4
21447.8
20979.4
20586.9
20356
20028.3
19902.3
19833.7
19609.2
19552.8
19446.9
19159.4
18957.2
18724.6
18412.8
18099.4
17795.5
17480.9
17161.1
16834.3
16514.5
16173.1
15904.3
13768.1
891285
84179.4
83459.7
82720.5
81938.9
81119.3
80258.7
79355.8
78410.2
77420
76386.4
75307.8
74195.8
73027.9
71819.8
70572.8
69291.6
67978.4
66636.6
65267.2
63873.2
62457.2
61024.2
59578.2
58124.5
56666.1
55207.8
53751.8
52302.3
50861.1
49431.7
48015.4
46615.4
45232.5
43869
42525.7
41203.7
39904
38626.5
37372
36139.2
34928.7
33736.9
32564.7
31410.2
30280.2
29185.3
28145.4
27173.9
26314.1
25546.5
24862.4
24267.5
23673.2
23136.3
22678.9
22190.5
21865.4
21581.4
21269.1
21223.8
21054.1
20908.7
20882
20672.2
20423
20250.1
19970.2
19646.8
19342
19026.9
18696.7
18360.3
18018.1
17675
17322.7
16969.3
16589.4
16283.2
14123.1
885651
84007.5
83259
82491.1
81676.2
80820.7
79919.6
78973.7
77980.3
76939.8
75852.3
74720.1
73546.6
72320.8
71053.6
69746.5
68404.7
67031.2
65631.6
64207.7
62764.2
61303
59829.9
58348.1
56864
55380.4
53902.8
52433.1
50975.8
49532.2
48105.3
46696.5
45307.7
43940.1
42594.4
41271.8
39972.1
38696.2
37442.4
36212.1
35001.7
33813.3
32643.9
31497.2
30390
29329
28346.1
27464.8
26672.5
25995.2
25391
24805.7
24321
23853.4
23400.1
23107.2
22760.7
22549.6
22489.5
22261.8
22215.5
22123.7
21861.7
21697.2
21490.7
21175.4
20879.4
20583.1
20261.7
19926.5
19581.5
19232
18877.8
18511.5
18136.6
17753.9
17372.7
16968.7
16639.6
14467.2
879464
83820
83039.4
82238.5
81386.4
80489.1
79542.8
78546.8
77499.7
76401.6
75253.1
74064.1
72818.2
71526.8
70193.2
68819.5
67411.3
65972.9
64511
63029
61532.8
60024.9
58511
56994.7
55481.6
53975.8
52481.2
51001.8
49539.4
48097.5
46676.4
45278.6
43904.4
42554.6
41229.8
39929.4
38653.7
37401.8
36172.7
34966.3
33781.6
32619.6
31492.6
30408.5
29407.7
28502.6
27706.8
27055.8
26478
25929
25460.4
24973.9
24566.7
24267.8
23925.5
23811.5
23670.3
23492.5
23492.9
23305.7
23083.4
22939.8
22672.4
22366.9
22095.1
21792.6
21471.4
21138
20796.7
20450.9
20091.9
19715.9
19330.1
18937.9
18541.6
18140.7
17740.3
17317.8
16971.4
14791.2
873983
83618.2
82801.2
81963.4
81069.1
80124.6
79127
78074
76966.4
75802.2
74591.4
73325
72006.3
70641.6
69234.6
67788.1
66308.7
64801.5
63274.1
61731.9
60181
58626.3
57072.2
55523.7
53984.8
52460.2
50953.6
49467.7
48005.9
46568.3
45158.4
43774
42418.4
41088.7
39786.4
38510.8
37259.6
36034.5
34835.1
33662.1
32527.1
31435.9
30422
29513
28705
28032.9
27428.8
26909.7
26486.8
26037.2
25688.4
25365.4
25063.7
24977.7
24789.3
24721.5
24695.1
24448.5
24310.8
24138.8
23834.4
23565.6
23290.5
22975.9
22656.9
22326.8
21992.6
21650.2
21288.9
20911.3
20525.4
20131.6
19728.7
19318.7
18902.1
18483.5
18067.2
17631.3
17272.2
15084.3
870693
83402.6
82544.5
81666.2
80723.5
79726.7
78670.1
77553.6
76377
75139.6
73856
72506
71106.7
69660.9
68173.1
66648.2
65092.9
63513.9
61919.4
60315.7
58711.1
57109.6
55518.5
53939.9
52380.4
50841.2
49327.8
47840.6
46383.3
44955.6
43558.7
42193.2
40856.1
39551.6
38272.1
37024.7
35803.3
34611
33459.9
32346.7
31308.7
30365.3
29545.1
28894.1
28345.8
27885.4
27465.9
27023
26688.5
26373.1
26162.7
26065.9
25895.7
25886.7
25786.5
25576.9
25490.1
25263.4
24979.7
24748.1
24460.3
24147.3
23833.5
23505.2
23172.7
22827.1
22463.4
22088.1
21706
21313.8
20909.5
20495.9
20074.7
19650.6
19221.5
18791
18360.3
17909.8
17538.9
15346.9
866787
83172.9
82269.9
81345.7
80349.3
79293.4
78170.5
76982.4
75727.3
74418.2
73040.1
71602.1
70114.2
68578.9
67004.6
65395.2
63761.5
62107.9
60446.7
58782.3
57125.8
55481.2
53855.8
52253
50676.5
49129.8
47613.6
46132
44682.5
43270
41889.3
40544.8
39232.2
37951.7
36707.7
35493.8
34327.7
33209.7
32166.4
31220.6
30393.8
29713.5
29125.9
28645.2
28257.8
27916.6
27638.7
27334.3
27146.6
27029.4
26924.7
26950
26827.9
26685.3
26592.1
26334.4
26100.6
25872.4
25580.2
25289.3
24988.9
24671.1
24342.4
23993.8
23628.5
23255
22873.4
22480.4
22075.1
21661.2
21240.6
20815.5
20382.4
19945.5
19501.8
19058.4
18616.4
18156.7
17777.1
15582.3
863491
82930.2
81977.7
81001.4
79945.9
78822.1
77625.6
76355.9
75013.7
73615.1
72140.8
70606.8
69021.1
67390
65722
64025.3
62308.7
60582.1
58853.3
57133.3
55427.2
53745.7
52090.4
50469.3
48881.8
47332.4
45820.5
44347.3
42913.3
41516.7
40160.2
38837.8
37558.5
36312.4
35115.5
33969.2
32887.8
31913.9
31038
30339.3
29812.8
29421.7
29076.3
28726.3
28425.7
28157.9
28039.4
27951.7
27904.2
27916.5
27776.6
27699.8
27606.5
27357.2
27174
26947.8
26664.8
26392.9
26100.9
25795.7
25477.7
25138.2
24783.1
24416.1
24034.4
23639
23231.9
22818
22397.7
21971
21534.9
21093.8
20646.4
20199
19746.6
19295.4
18843.2
18372.6
17983.9
15787
860523
82675.9
81666.8
80633.5
79510.3
78310.9
77031.2
75668.8
74245
72732.2
71152.4
69513.3
67821.2
66088
64321.1
62534
60734.3
58934.4
57143.4
55369.5
53623.7
51907.8
50233.6
48596.9
47007.6
45459.5
43957.6
42499
41083.2
39711.2
38381.6
37098.2
35865.2
34695.9
33599.4
32608.6
31748.6
31032
30442.4
29974.1
29620.9
29359
29156.3
28951.2
28814.4
28719.5
28717.6
28753.3
28679.3
28650.5
28530.3
28307.5
28165
27935.5
27685.1
27449.9
27174.6
26883.9
26573.6
26242.2
25900.5
25546.1
25174.5
24786.9
24385
23973.9
23552.3
23122
22682.2
22237.7
21787.8
21336.7
20879.7
20422.5
19959.4
19499
19038.8
18561.8
18166.5
15968.1
857738
82409.2
81336.5
80240.6
79040
77756.7
76381.8
74915.1
73384.6
71760
70066.9
68310.9
66508.1
64663.4
62798.1
60914.7
59036.8
57163.4
55317.4
53496
51716.5
49977.9
48286.9
46648.8
45056.9
43522.1
42032
40595.2
39207
37867.6
36584.9
35364.1
34214.5
33169.7
32244.5
31459.1
30885.2
30491.2
30222.2
29996.1
29748.2
29519.9
29448.4
29459.8
29495
29514.9
29449.4
29450.1
29354.4
29202.3
29087.5
28862
28647.3
28426.1
28167.6
27909.3
27625.6
27315.4
26987.4
26641.1
26277.3
25900.9
25512.9
25113.6
24698.8
24270.9
23830.5
23383.8
22930.4
22474.1
22011.4
21547.9
21079.8
20614.4
20144.4
19677.5
19209.2
18723.3
18321.2
16124.6
854021
82128.4
80986.8
79819.2
78533.3
77154.1
75672
74111.3
72441.7
70692.8
68873.6
66994.3
65070.1
63114.3
61143.1
59171.4
57210.4
55278
53374.9
51523.3
49711.2
47963.8
46262.9
44627.7
43047.1
41522.7
40062.2
38650.2
37310.6
36031.1
34842.4
33766
32809.9
32034.5
31416.3
30929.8
30561.3
30336.3
30221
30100.2
30011.2
29971.5
30039
30133.6
30170.8
30192.2
30098
29972.9
29872.3
29684.2
29528
29337.3
29107.2
28868.2
28598.3
28313.3
28014.9
27694.1
27349.1
26986.2
26608.6
26218.7
25814.4
25397.5
24967.1
24526.7
24074.5
23615.3
23147.6
22678.1
22204.4
21732.6
21256.3
20782.5
20303.3
19828.1
19353.2
18862.1
18455.6
16260.5
851024
81835.5
80616.7
79367.5
77986.3
76497.4
74894.8
73204.1
71402.8
69519.4
67561.9
65552.5
63499.7
61431.7
59354
57297.3
55261
53272.9
51329.8
49446
47626
45862.2
44176.5
42540.6
40985.7
39485.6
38060.1
36711.2
35439.9
34278.3
33241.4
32360
31667.7
31188.9
30920.1
30784.1
30632.3
30454.6
30402.2
30459.4
30584.7
30659.4
30715.9
30770
30718.7
30669.8
30624.5
30446
30297.5
30131.9
29942.9
29748.7
29519.2
29262.2
28978.2
28674.6
28355.3
28020.5
27667.6
27295.4
26902.7
26495.7
26075.9
25645.7
25202.4
24749.2
24284.4
23814.4
23337
22858.7
22375
21893.1
21407
20925.3
20439.5
19958.2
19476.9
18978.8
18567.4
16375.1
847787
81532
80223.3
78884
77392.9
75779.2
74060.3
72210.6
70263.2
68227.6
66125.1
63972.5
61793.7
59605.2
57434.6
55287.6
53197.8
51152
49188.8
47278.4
45457.2
43698.3
42018.1
40417.4
38878.7
37445.3
36081.7
34852.4
33756.3
32833.3
32123.6
31556
31193
30913.5
30808.9
30777.8
30762.6
30792.1
30880
31006.4
31177
31274.1
31249.1
31245.5
31175.9
31045.4
31010.9
30883.6
30692.4
30528.2
30326.3
30107.3
29870.8
29604.9
29308.3
28991.2
28659
28311.2
27944.5
27560.4
27157.4
26738.9
26304.6
25859.5
25403.3
24940.2
24466.9
23988.4
23501.3
23013.4
22520.8
22031.4
21537.9
21048.7
20554.8
20066.2
19579.4
19077.2
18662.8
16474.6
844330
81215.6
79804.5
78363.8
76747.2
74991.9
73120.5
71114.7
69004.8
66804.8
64548.2
62245.6
59940.3
57635.2
55374.5
53156.2
51010.4
48938.8
46943.4
45043
43208.6
41482.6
39818.3
38262.4
36797.1
35439.7
34230.8
33166.9
32301.3
31674.6
31284.6
31113
31058
30978.4
30912.4
30998.7
31172.9
31368.8
31495.8
31560.3
31652.9
31734.8
31680.1
31629.4
31583.4
31416.9
31345.2
31256.1
31064
30880
30669
30427.3
30174
29900.4
29599.2
29273.9
28927.1
28565
28186.8
27791.8
27377.3
26947.1
26501.4
26045.7
25579
25105.8
24622.9
24136.3
23642.2
23147.9
22647.9
22150.2
21648.3
21151.8
20651.8
20158.2
19666.6
19159.2
18741.2
16554.7
842586
80884.4
79358.4
77800.7
76041.3
74142.4
72088
69904.9
67612.3
65240.6
62812.9
60369.8
57925.2
55527
53171.3
50907.5
48711.9
46627
44621
42723.2
40919.3
39210.3
37623.5
36129.9
34818.6
33656.4
32730.1
32042.6
31522.8
31212.7
31017.8
31027.2
31064.8
31156.3
31274.5
31463.3
31669
31867.2
31987.2
32008.2
32016.6
32067.4
32034.6
31952.1
31927.2
31783.8
31653.3
31563
31387.4
31186.3
30966.1
30713
30443.5
30158.6
29850.1
29518.4
29162.9
28788
28395.4
27988.6
27565
27126.4
26671.1
26205.4
25728.8
25246.9
24756.5
24263.2
23762.4
23261.2
22754.1
22249.9
21741.6
21238.9
20732.7
20233.4
19737.5
19226.7
18806.1
16623.8
839631
80539.1
78881.5
77188.2
75266.1
73186.9
70942.6
68561.8
66072.7
63514.1
60917.6
58323.4
55762.2
53262.6
50850.7
48530.7
46327.9
44217.7
42237.1
40348.2
38598.2
36958.7
35469.7
34157.1
33028
32147.3
31528.9
31199.6
31151.1
31121.1
31076.5
31143.4
31329.3
31592.7
31814.6
31985.8
32097.3
32237.9
32350.1
32384.1
32348.3
32365.5
32351.3
32249.6
32220.2
32115.3
31945.1
31826.6
31660.1
31454.2
31226
30966.1
30682.9
30385.2
30068.7
29729.6
29364.9
28980
28576.7
28159.2
27725.1
27277.5
26814.7
26342.2
25857.9
25368.1
24869.8
24369.7
23863
23356.4
22843.7
22333.5
21818.8
21310.2
20799.1
20296.1
19796.8
19282.2
18858.5
16679.7
836881
80179.2
78369
76517.6
74411.2
72128.1
69669.3
67065.4
64368.3
61609.2
58845.5
56105.4
53438.3
50858.7
48399.3
46054.5
43840.6
41748.4
39785.5
37970.7
36292.8
34817.9
33543.3
32574.5
31845.1
31364.8
31078
30975.2
31020.6
31148.5
31323.1
31515.3
31762.6
32016.3
32230.7
32371.4
32434.6
32529.1
32623.1
32686.6
32647.4
32637.5
32632.4
32521.9
32471.3
32390.7
32218.1
32064.9
31892.1
31683.6
31450.4
31186.9
30895.4
30585.5
30257.1
29909.3
29537.9
29145.3
28732.1
28304
27860.5
27405.7
26936.7
26457.9
25966.5
25470
24965.6
24459.8
23947.2
23434.8
22916.4
22401.2
21881.9
21369
20853.9
20346.8
19844.1
19326.2
18900.3
16724.8
834538
79803
77815.7
75776.8
73475
70947.4
68242.5
65400.3
62475.2
59517.1
56585.9
53716
50957.8
48322.8
45831.2
43485.6
41276.4
39228.6
37342
35634.3
34150.3
32890.1
31935.1
31292.1
30967.3
30991.7
30983.2
31007.4
31156.1
31423.1
31742.6
31972.5
32170.4
32344.9
32526.8
32666.7
32739.5
32796.7
32866.9
32941.5
32912.6
32883.1
32877.9
32766.1
32691.2
32616.7
32457.5
32282.7
32095.3
31879.8
31641.1
31375.8
31079.9
30760.4
30420.2
30061.8
29682.5
29283.8
28863.7
28427.3
27975.1
27512.8
27037.4
26553.2
26056.6
25555.1
25045
24533.3
24014.9
23497.5
22974.7
22455.5
21932.1
21415.7
20897.5
20387.8
19882.6
19361.8
18933.4
16761.7
831972
79407.9
77214.7
74954.9
72407.4
69618.8
66640.7
63537.8
60377.3
57220.6
54132
51156.8
48326.7
45664.3
43161.7
40834.4
38680.1
36707.6
34994.6
33511.3
32404
31600
31112.5
30814.6
30759.7
30833.2
31030.5
31270.2
31522.4
31801.2
32091.2
32307.1
32484.2
32607.3
32764
32910.8
32999.3
33041.5
33091.5
33158.9
33144.4
33102.4
33090.9
32989.9
32890.1
32807
32659.8
32478.1
32276.6
32050.8
31805
31536.5
31237.9
30911.2
30560
30191.6
29805.2
29400.7
28974.2
28530.9
28071.6
27603
27121.6
26632.1
26130.7
25625
25110.3
24593.9
24070.4
23548.3
23021.3
22498.8
21972.7
21454.1
20933.6
20421.4
19913.7
19390.6
18960.6
16790.8
830955
78987.5
76557.3
74039.9
71208.7
68117.3
64835.6
61458.6
58052.8
54712.2
51487
48430
45565.5
42888.9
40423.5
38133.5
36118.3
34339.3
32870.2
31742.2
30987.7
30644.6
30685.2
30695.8
30769.1
30987.1
31311.8
31655.4
31890.4
32116.9
32340.7
32549.5
32740.4
32845.9
32977.8
33119.7
33213.3
33260.8
33295.5
33346.6
33342.4
33291.4
33270.3
33186.4
33069.6
32969.9
32826.8
32644.5
32434.6
32199.7
31945.3
31671.2
31368.7
31036.8
30678.1
30301.1
29906.4
29495.3
29063.7
28616.2
28151.8
27677.1
27189.2
26694.7
26189.7
25680.5
25161.2
24639.8
24111.1
23584.8
23054.4
22529
22000.4
21479.6
20956.7
20442.1
19932.1
19406.6
18974.6
16807.9
828287
78535.9
75829.2
73006.6
69839.7
66408.8
62797.6
59129.7
55493.6
51981.7
48657
45554
42683.9
40033.8
37650.2
35493.4
33712.2
32358.1
31353
30811.6
30452.5
30414
30498.8
30754.9
31041.7
31337.3
31634.3
31942.8
32157.6
32363.8
32548.7
32751.6
32953.3
33058.6
33173.9
33301.5
33389.5
33453.2
33484.1
33516.7
33517.5
33458.1
33425.1
33355.7
33234.4
33114.3
32966.7
32784.2
32571
32330.7
32068
31785.4
31477
31141.1
30777.6
30393.7
29991
29573.1
29136.6
28685.9
28217.7
27738
27245.1
26746.7
26238.9
25726.9
25204.2
24679.4
24146.8
23616.9
23082.9
22555.1
22024.4
21502.1
20977
20460.3
19948.1
19420.7
18986.9
16822
825770
78039.1
75017.6
71820.3
68271.7
64454.3
60489
56540
52671.5
49048.4
45645.2
42549.8
39711.9
37146.9
34948.3
33102.1
31681.2
30732.2
30227.1
30269.3
30309.4
30405.2
30653.3
31020.7
31384.3
31641.1
31879.5
32134.6
32360.4
32580
32743
32930.8
33127.1
33238.8
33353.9
33461.1
33538
33614.4
33648.3
33663.5
33664.4
33601.7
33559.1
33496.9
33377.3
33240.9
33084.3
32899.7
32685.8
32443
32173.1
31881.1
31565.7
31226.4
30860
30470.9
30060.8
29636.4
29195.8
28742.8
28271.2
27787.4
27290.3
26788.3
26276.8
25760.6
25233.4
24705
24169.2
23637.2
23100.8
22571.2
22039
21516.1
20990.6
20474.3
19962
19435.8
19002.3
16841
823813
77478.8
74101.5
70460.4
66456.8
62217
57880.4
53656.2
49615.9
45896.9
42511.2
39433
36730.2
34366.3
32511.3
31278.5
30522.4
30066
29952.9
30040.7
30326.3
30656
30979.4
31299.9
31624.7
31853.4
32075.3
32299.8
32535.1
32769.7
32917.3
33088
33270.2
33389.5
33514.4
33607.5
33673.3
33754.3
33793.7
33794.5
33791.7
33729
33677.3
33614
33496.8
33351.6
33186.5
32997.7
32782.1
32537.4
32261.9
31962
31640.4
31298.5
30930.8
30539.4
30125.2
29697
29253.8
28799.6
28325.5
27838.2
27336.4
26829.8
26313.5
25793
25261.2
24728.8
24189.6
23656.5
23118.6
22587.8
22054.6
21533
21009.6
20497.4
19987.6
19467.8
19036.9
16898.3
821856
76822.7
73047.7
68865.4
64361.4
59622.5
54958.1
50453.8
46336.1
42573.2
39268.5
36307.3
33860.5
31964.9
30569
29836.4
29763.5
29840.9
29933.8
30183.1
30570.8
30970.7
31251.8
31499.5
31771.4
32013
32250.7
32457.5
32688.2
32921.1
33066
33228.4
33390.4
33513.8
33649.5
33735.1
33791.4
33871.4
33913.1
33906.4
33899.1
33841.7
33780.7
33709.6
33593.3
33445.1
33273.2
33078.6
32859.5
32611.8
32331.3
32025
31697.1
31349.9
30977.4
30581
30161.3
29727
29277.6
28816.2
28337.5
27848.5
27345
26835.1
26313.8
25790
25257.5
24724.9
24185.1
23649.6
23110.2
22578.2
22042.9
21517.3
20990.1
20473.5
19960.4
19433.3
18997.7
16845.8
821080
76038.1
71786.9
66988.2
61888.3
56650.5
51656.7
46976.5
42828.5
39155.6
36002.7
33339.3
31424.8
30352.5
29715.3
29432.4
29502.4
29789
30159
30497
30824.3
31170.3
31425.9
31652.5
31895
32154
32412.1
32602.9
32820.5
33038.5
33193
33356.2
33498.4
33622.7
33765
33847.8
33898.9
33972.7
34011.3
34002.9
33990
33939.8
33869.7
33789
33676
33532.5
33358.7
33158.5
32934.9
32684.7
32401.8
32091.8
31757.8
31404
31024.8
30623.1
30198.2
29758.6
29303.2
28835.7
28353.4
27864.1
27360.3
26849
26323.5
25796.7
25263.3
24731.9
24192.6
23655.7
23114.5
22581.2
22043.6
21514.8
20985.1
20467.1
19952.7
19423.2
18986.1
16835.6
818513
75071.4
70265.8
64735
58987
53239.1
48001
43239.9
39211
35696.1
32932.4
30868.7
29564.4
29213.2
29283.2
29357.1
29599.6
29991.2
30436.2
30751.7
30999.8
31277.7
31541.1
31785.9
32017.3
32280
32542.9
32726.8
32931.6
33131.2
33298.1
33467.4
33595.5
33716.7
33860.2
33941.6
33994.3
34059.2
34090.5
34084.8
34068.7
34019.6
33942.7
33851.9
33736.7
33589.6
33411.5
33208.2
32978.9
32722.5
32435.4
32121.5
31781.6
31421
31038
30636.2
30212.1
29771.7
29312.3
28841.1
28354.9
27861.2
27353.1
26838.1
26311.3
25783.8
25248.6
24714.5
24174.1
23638.3
23098
22564
22026.4
21497.5
20967.3
20447.7
19932.3
19401.6
18964.6
16819.6
816514
73873.4
68369.2
62009.5
55552.5
49378.5
44003.6
39327.4
35591.5
32505.1
30356.5
29507.5
28932.2
28938.4
29171.3
29524.2
29886.8
30240.9
30610.8
30900.4
31128
31370.1
31640.6
31911.6
32139.9
32394.1
32644.1
32832.7
33031.2
33214.7
33388.1
33563.7
33684.2
33800.6
33939.4
34019.5
34075.7
34132
34157.1
34150.2
34133.5
34088.7
34004
33916.6
33805.1
33653.3
33468.5
33260.5
33024.7
32762.7
32473.5
32158.7
31814.5
31448.5
31062.1
30661.5
30239.2
29798.9
29335.3
28859.8
28367.8
27868.3
27356
26838.8
26311.5
25784.1
25247.6
24712.3
24171.7
23637.8
23099
22566.3
22030.1
21502.2
20971.3
20449.8
19933.2
19402
18964.3
16826.2
815378
72342.1
65978.6
58667
51541.3
45063.3
39813.1
35419.9
32140.4
29938
28537.4
28538.9
28675.4
28929.3
29305.3
29769.6
30138.4
30422.1
30710.9
30994.9
31236.2
31465.1
31736.7
32025
32252.1
32492
32721.6
32921.5
33117.8
33288.2
33463.1
33642.2
33760
33873.7
34006.4
34084.6
34145
34196.5
34217.1
34207.7
34187.4
34132.3
34053
33949.5
33821.4
33670.9
33491.1
33278.2
33033.6
32765
32471.6
32152.6
31803.3
31431.3
31039.4
30634.3
30208.8
29766.1
29301.6
28825.1
28335
27837.3
27325.8
26808.3
26278.1
25745.9
25205.9
24670
24128.9
23591.3
23047.6
22511.4
21972.7
21443.1
20912.2
20390.8
19874.9
19344.3
18908.5
16775.6
813975
70335.4
62887.4
54577.6
46906.1
40441
35601
31980.2
29430.3
28645.7
28170.2
28341.2
28680
29131.4
29578.1
29998.6
30323.6
30554.1
30780.2
31051.9
31322.8
31564
31838.4
32124.2
32351.4
32572.8
32781.8
32992.5
33190.6
33352.9
33527.2
33707.2
33827.7
33941
34057.5
34133.7
34195.7
34239.5
34255.6
34242.1
34218.3
34169.4
34092.9
33980.3
33848.9
33701.2
33519.5
33301.1
33052.5
32782.5
32488
32166.9
31814.6
31439.8
31045
30636.9
30208.1
29762.7
29295.5
28816.4
28323.7
27823.5
27309
26789.6
26257.9
25724.8
25183.9
24648
24106.2
23568.2
23024.2
22488.7
21950.5
21421.7
20891.2
20370.1
19853.9
19323.4
18886.9
16759.4
812119
67699.1
58953.1
49545.3
41888.7
35824.5
31612.4
29183.4
27751.8
27913.1
28185
28568.9
29006.9
29444.8
29785.5
30092.3
30383.7
30610
30826.8
31100.1
31402.9
31666.4
31932.9
32190.7
32415
32626.3
32826.6
33043.1
33244.3
33404.6
33576.8
33747.6
33868.1
33981.8
34088.7
34170.2
34234.2
34275.6
34289.9
34279.3
34252.8
34199.3
34112.9
34001.7
33866.1
33706.9
33517.9
33297.3
33048
32776.5
32479.2
32155.3
31802.1
31428.3
31034
30625.2
30195.1
29749.1
29281.5
28802.3
28307.8
27806
27289.4
26768.6
26235.5
25701.7
25160
24623.4
24080
23541.2
22997
22462
21924.3
21395.8
20865.1
20343.2
19826.7
19295.5
18859
16730.6
811267
64221
53938.4
43857.4
36720
32155.6
28752.8
27781.3
27517.7
27701.9
28176.7
28837.9
29286.3
29596.3
29834
30078
30368.9
30647.3
30894.1
31177.3
31485.6
31741.7
31977.1
32207.8
32445.2
32663.6
32865.9
33086.5
33285.1
33445.6
33617.4
33779
33905.9
34024.3
34123
34199.6
34263.3
34298.2
34311.1
34300.4
34269.2
34214.3
34134
34026.4
33888.8
33727.1
33537.4
33317.1
33066.5
32791.7
32489.5
32161.4
31804.5
31427.2
31027.1
30612.4
30177.6
29729.9
29261.7
28782.5
28286.3
27783.4
27265.3
26743.9
26210.4
25677.2
25135.8
24599
24054.5
23515.7
22971.8
22437.3
21899.3
21370.7
20839.4
20317
19800.3
19268.8
18832.1
16705.3
810034
59509
47739.8
37986.2
31916.9
28767.6
27232.6
27212.2
27457.9
28146.1
28682.7
29079.4
29398.1
29629.8
29860.2
30136.1
30448.7
30753.7
31015.8
31287.5
31568
31822.9
32056
32279.8
32523.4
32741.5
32937.7
33150.2
33339.6
33505.6
33675.4
33821.7
33952.2
34074.5
34163.5
34236.3
34297.4
34335.9
34345.5
34323.2
34284.3
34223.7
34136.3
34021.4
33876
33703.3
33505.3
33283.8
33035.3
32762.1
32461.7
32139.3
31791.3
31421.8
31025.5
30610.8
30174.9
29726.5
29258.4
28779.3
28281.3
27776.5
27256.8
26735.1
26201.7
25669.2
25127.6
24589.8
24044.2
23505.5
22962.1
22427.5
21889.2
21360.4
20829
20306.4
19789.7
19257.6
18821
16694.9
809881
53097.2
41109.9
33526.8
29236.8
27154
26937.2
27397.3
28019.6
28433.9
28815.8
29071.2
29302.7
29555.5
29824.3
30107.1
30400.1
30703.8
30989.7
31258.8
31518.3
31789.2
32035.6
32257.9
32494.9
32714.1
32919
33125.1
33313.8
33497.8
33666.1
33799.9
33943.7
34072.5
34151.5
34221.4
34292.6
34324.7
34346.8
34329.1
34292
34234.8
34151.2
34038.7
33893.4
33719
33520
33299.2
33050.5
32775
32471.8
32148.6
31800.5
31431.3
31035.5
30621.8
30187.1
29739.9
29274.4
28797.5
28300.9
27796.5
27278
26757.6
26226.7
25696.2
25155.8
24616.1
24069.6
23530.2
22986.8
22451.1
21912.2
21382.2
20850.2
20326.4
19809.2
19275.6
18839.4
16710.5
811521
38268
25895.9
23117.6
23699.5
25353.9
27022.7
28072.1
28709.3
28870.9
28994.5
29132.3
29356.6
29656.8
29987.5
30244
30509.1
30823
31137.5
31401.7
31629.3
31901.5
32151.3
32360.2
32592.3
32807.1
33011.5
33211.3
33389
33580.1
33741.9
33861.3
34001.2
34133.9
34205.9
34264.3
34327.7
34363.7
34361.7
34337.2
34292.1
34227.2
34138.5
34021.5
33869.6
33686.6
33481.4
33258.5
33005
32721.3
32406.7
32074.5
31719.3
31343.4
30936.1
30511.3
30065.9
29614.4
29143.9
28663.9
28160.9
27653.3
27130.1
26609.2
26075
25544.5
24999.9
24461.4
23914.5
23379.2
22836.8
22304.9
21766.6
21240.5
20709.9
20190
19674.1
19143.6
18709.1
16593.9
805206
)
;

boundaryField
{
    inlet
    {
        type            fixedValue;
        value           uniform 200000;
    }
    outlet
    {
        type            fixedValue;
        value           uniform 9000;
    }
    axis
    {
        type            symmetryPlane;
    }
    wall
    {
        type            zeroGradient;
    }
    frontAndBack
    {
        type            empty;
    }
}


// ************************************************************************* //
