/*--------------------------------*- C++ -*----------------------------------*\
  =========                 |
  \\      /  F ield         | OpenFOAM: The Open Source CFD Toolbox
   \\    /   O peration     | Website:  https://openfoam.org
    \\  /    A nd           | Version:  13
     \\/     M anipulation  |
\*---------------------------------------------------------------------------*/
FoamFile
{
    format      ascii;
    class       volScalarField;
    location    "0.6";
    object      p_rgh;
}
// * * * * * * * * * * * * * * * * * * * * * * * * * * * * * * * * * * * * * //

dimensions      [1 -1 -2 0 0 0 0];

internalField   nonuniform List<scalar> 
2016
(
558.451
557.452
556.476
557.683
556.318
553.434
550.721
548.071
557.359
553.197
548.215
537.513
562.439
556.812
550.455
539.897
572.312
565.755
558.809
550.02
586.816
581.473
574.398
567.394
602.691
598.492
593.024
587.195
618.198
615.131
610.832
604.768
633.293
630.769
627.062
621.768
649.453
647.221
643.876
639.734
667.617
665.424
662.683
658.761
687.622
685.513
683.445
679.839
708.955
707.132
705.762
702.884
731.065
729.748
729.143
727.619
753.357
752.616
752.715
752.946
775.163
774.939
775.449
777.041
795.836
796.104
796.862
799.561
814.598
815.339
816.552
820.663
830.336
831.364
834.05
839.888
841.617
841.655
848.748
857.111
846.176
846.887
862.084
873.07
852.061
855.427
875.048
891.245
863.764
871.017
883.319
901.282
747.984
516.038
480.685
501.338
661.17
384.62
393.657
549.373
851.899
653.597
591.626
755.545
1134.19
958.737
891.541
855.738
1312.93
1112.88
983.557
874.412
1264.63
1031.52
910.567
737.448
1223.67
1045.95
895.365
646.357
1129.73
892.541
472.123
257.142
826.38
331.746
143.858
93.3305
512.25
144.024
92.5488
81.4955
278.222
87.4483
78.3347
75.3191
178.149
75.0327
74.19
72.0361
168.353
73.4971
72.7522
70.5332
192.647
82.2455
73.2891
70.9114
286.942
116.753
76.0581
73.0166
564.88
218.368
87.2216
78.2066
1055.04
572.358
160.45
92.9395
1440.08
1183.34
702.804
314.55
1375.06
1291.35
1113.31
934.18
425.406
7.08056
7.01618
7.01274
6.95706
6.90189
6.8599
6.82253
6.78758
6.75502
6.7235
6.69243
6.66136
6.62997
6.59811
6.5657
6.53273
6.49924
6.46532
6.43106
6.39657
6.36196
6.32734
6.29282
6.25849
6.22445
6.19077
6.15752
6.12478
6.09256
6.06089
6.02978
5.99928
5.9693
5.93979
5.91072
5.88207
5.85376
5.8257
5.79784
5.7702
5.74271
329.692
7.10932
6.99142
6.98779
6.94272
6.89103
6.85296
6.81818
6.78578
6.75439
6.72348
6.69274
6.66183
6.63052
6.59867
6.56622
6.5332
6.49964
6.46563
6.43127
6.39668
6.36198
6.32726
6.29266
6.25826
6.22416
6.19042
6.15712
6.12428
6.09196
6.0602
6.02901
5.99859
5.96865
5.93921
5.91023
5.88167
5.85346
5.8255
5.79775
5.77018
5.74273
251.98
7.00139
6.93494
6.89452
6.9038
6.87619
6.84378
6.81437
6.78373
6.75359
6.72352
6.69333
6.66274
6.63157
6.59975
6.56726
6.53413
6.50042
6.46623
6.43168
6.39688
6.36197
6.32706
6.29226
6.2577
6.22345
6.1896
6.15622
6.12337
6.09111
6.05946
6.02846
5.99784
5.96787
5.93845
5.9095
5.88099
5.85286
5.82499
5.79736
5.76995
5.74264
255.45
7.68711
6.8743
6.83519
6.87376
6.85156
6.8298
6.80534
6.77891
6.75153
6.7232
6.69404
6.66405
6.63318
6.60145
6.56889
6.53559
6.50163
6.46715
6.43227
6.39714
6.36189
6.32666
6.29158
6.25675
6.22228
6.18825
6.15473
6.12177
6.08942
6.05767
6.02654
5.99598
5.96604
5.93668
5.90788
5.87958
5.85167
5.82405
5.79666
5.76948
5.7425
283.235
37.7229
6.9151
6.85849
6.89135
6.8406
6.82746
6.80302
6.77729
6.75125
6.72412
6.6958
6.66632
6.63568
6.60396
6.57125
6.53767
6.50334
6.46843
6.4331
6.39749
6.36179
6.32612
6.29063
6.25545
6.22068
6.18641
6.1527
6.11962
6.0872
6.05545
6.02438
5.99397
5.9642
5.93501
5.90638
5.87826
5.85056
5.82317
5.79603
5.76912
5.74237
341.966
74.4637
6.92178
6.86588
6.86917
6.84021
6.82001
6.79929
6.7764
6.75203
6.72616
6.6987
6.66969
6.63923
6.60743
6.57445
6.54044
6.5056
6.4701
6.43415
6.39792
6.36161
6.32537
6.28936
6.25372
6.21856
6.18398
6.15004
6.1168
6.08428
6.05251
6.02147
5.99115
5.96151
5.93251
5.90411
5.87626
5.84886
5.8218
5.79503
5.7685
5.74216
423.202
92.8214
6.8954
6.83462
6.84042
6.83093
6.814
6.79685
6.77691
6.75438
6.7298
6.70314
6.6745
6.64408
6.61204
6.57862
6.54401
6.50846
6.4722
6.43544
6.39841
6.36133
6.32437
6.28772
6.25151
6.21588
6.18091
6.14669
6.11325
6.08064
6.04884
6.01787
5.98768
5.95825
5.92951
5.90142
5.87391
5.8469
5.82025
5.79391
5.76783
5.74194
490.461
104.123
6.87724
6.80698
6.81977
6.82172
6.80979
6.79696
6.7795
6.7588
6.73549
6.70951
6.68108
6.65048
6.618
6.58391
6.54848
6.512
6.47474
6.43697
6.39894
6.3609
6.32306
6.28561
6.24872
6.21252
6.1771
6.14254
6.10889
6.07617
6.04437
6.01348
5.98347
5.95428
5.92586
5.89814
5.87105
5.84449
5.81835
5.79253
5.767
5.74165
544.013
131.635
6.86853
6.80036
6.80284
6.82073
6.80995
6.80166
6.78521
6.76605
6.74378
6.71821
6.68973
6.65871
6.62551
6.59048
6.55395
6.51627
6.47775
6.43871
6.39945
6.36024
6.32134
6.28295
6.24525
6.20838
6.17244
6.13751
6.10362
6.07078
6.039
6.00823
5.97844
5.94956
5.92152
5.89425
5.86767
5.84167
5.81611
5.79091
5.76602
5.74132
595.954
186.574
6.83654
6.81459
6.79148
6.82755
6.8157
6.81227
6.79465
6.77681
6.75509
6.7296
6.70076
6.66898
6.63473
6.59844
6.5605
6.5213
6.48122
6.44063
6.39988
6.35928
6.3191
6.2796
6.24095
6.20331
6.16679
6.13144
6.09729
6.06436
6.03262
6.00202
5.9725
5.944
5.91643
5.88969
5.86372
5.83837
5.8135
5.78902
5.76487
5.74094
642.027
269.97
6.78439
6.8314
6.80109
6.84575
6.83034
6.83067
6.80848
6.79139
6.76977
6.74399
6.71441
6.6815
6.64584
6.60792
6.56819
6.52711
6.48512
6.44266
6.40012
6.35786
6.3162
6.2754
6.23567
6.19716
6.15997
6.12417
6.08978
6.05677
6.0251
5.99473
5.96557
5.93753
5.91051
5.88442
5.85915
5.83456
5.81049
5.78685
5.76356
5.7405
674.268
373.349
7.98008
6.88091
6.82134
6.86365
6.84685
6.84804
6.82892
6.81031
6.78822
6.76162
6.73085
6.69642
6.65895
6.61899
6.57706
6.53368
6.48939
6.44467
6.40001
6.3558
6.31242
6.27013
6.22918
6.1897
6.15181
6.11554
6.08089
6.04784
6.01632
5.98625
5.95752
5.93004
5.90368
5.87835
5.8539
5.83019
5.80705
5.78436
5.76206
5.74
699.438
489.268
47.2439
6.88989
6.84984
6.88098
6.86499
6.86958
6.85352
6.83389
6.81075
6.78268
6.75025
6.71386
6.67415
6.6317
6.58709
6.54095
6.49389
6.4465
6.39934
6.35287
6.3075
6.26354
6.22122
6.18069
6.14204
6.1053
6.07045
6.03741
6.00611
5.97643
5.94825
5.92144
5.89586
5.87142
5.84792
5.82522
5.80314
5.78155
5.76035
5.73943
727.203
624.97
127.72
6.91512
6.89816
6.92562
6.91632
6.90138
6.88564
6.86247
6.83728
6.80722
6.77267
6.73392
6.69151
6.64607
6.59825
6.54879
6.49843
6.44788
6.3978
6.34872
6.3011
6.25527
6.21146
6.16982
6.1304
6.09322
6.05821
6.02527
5.9943
5.96514
5.93765
5.91169
5.88706
5.86358
5.84116
5.81962
5.79873
5.77837
5.75844
5.73879
755.166
752.716
256.896
7.04413
6.96267
6.97218
6.95934
6.93807
6.91969
6.89498
6.86747
6.83518
6.79817
6.75667
6.7111
6.66211
6.61047
6.55705
6.50276
6.44849
6.395
6.34294
6.29279
6.24491
6.19951
6.15672
6.11656
6.079
6.04392
6.01121
5.98069
5.9522
5.92556
5.90055
5.87699
5.85472
5.83355
5.81331
5.79379
5.77482
5.75629
5.73807
780.365
785.489
420.294
22.9946
7.02748
7.00822
6.99698
6.97748
6.95731
6.93096
6.90108
6.86642
6.82679
6.78222
6.73301
6.67984
6.62363
6.56548
6.50653
6.44786
6.39043
6.33497
6.28201
6.23192
6.18487
6.14095
6.10013
6.0623
6.02732
5.99499
5.96511
5.93746
5.91182
5.88796
5.86567
5.84475
5.82502
5.80627
5.78827
5.77086
5.75391
5.73727
803.58
809.995
560.463
56.4141
7.08277
7.0445
7.04501
7.01961
6.99729
6.9698
6.93778
6.9009
6.85856
6.81067
6.75734
6.69927
6.63763
6.57381
6.50928
6.44543
6.38341
6.32411
6.26808
6.21566
6.16697
6.12201
6.08067
6.04277
6.00808
5.97635
5.94732
5.92074
5.89631
5.87381
5.85299
5.83363
5.81553
5.79845
5.78216
5.76647
5.75127
5.73639
825.805
832.925
719.653
102.392
7.12784
7.09154
7.0933
7.0657
7.04118
7.0118
6.97766
6.93866
6.89365
6.84226
6.78426
6.72045
6.65229
6.58163
6.5104
6.44042
6.37312
6.3095
6.25017
6.19538
6.14514
6.09932
6.0577
6.01998
5.98587
5.95503
5.92714
5.90185
5.8789
5.85799
5.83887
5.82129
5.80501
5.7898
5.77541
5.76165
5.74837
5.73542
846.551
854.678
845.068
222.059
7.16345
7.1502
7.1524
7.11779
7.08944
7.05718
7.02008
6.97922
6.93202
6.87719
6.81399
6.74342
6.66737
6.58834
6.50901
6.43178
6.35842
6.29006
6.22727
6.17017
6.1186
6.07224
6.0307
5.99353
5.96038
5.93077
5.90433
5.88065
5.85944
5.84039
5.82322
5.80764
5.79343
5.7803
5.76802
5.75637
5.7452
5.73436
864.585
874.097
880.329
349.585
7.24496
7.23233
7.22585
7.17499
7.14034
7.10444
7.06252
7.02055
6.97252
6.91519
6.84655
6.76806
6.68233
6.59297
6.50377
6.41798
6.33778
6.26436
6.19814
6.139
6.08651
6.04009
5.99915
5.96297
5.93133
5.90338
5.87871
5.85697
5.83782
5.82092
5.80596
5.79265
5.78074
5.76993
5.75996
5.75061
5.74175
5.73322
879.113
892.66
898.412
441.329
7.37855
7.32309
7.29546
7.23715
7.19717
7.14448
7.10015
7.05791
7.01153
6.95426
6.88112
6.79374
6.69624
6.59395
6.49263
6.39679
6.30905
6.2305
6.1612
6.10062
6.04792
6.00213
5.96265
5.92843
5.89848
5.87256
5.85012
5.8307
5.81394
5.79949
5.78704
5.77627
5.76691
5.75865
5.75122
5.74439
5.73802
5.73198
892.181
910.996
915.202
546.632
7.51151
7.41112
7.37496
7.34111
7.24846
7.17166
7.12741
7.08428
7.04276
6.98973
6.9155
6.819
6.70732
6.58867
6.47238
6.36495
6.26931
6.18606
6.11456
6.05363
6.0019
5.95806
5.92053
5.88863
5.8614
5.83819
5.81845
5.80176
5.78773
5.77605
5.7664
5.75846
5.75192
5.74647
5.7418
5.7377
5.73403
5.73065
894.455
929.118
928.938
661.917
11.1057
7.4848
7.45104
7.63584
7.53095
7.19449
7.14019
7.09608
7.0627
7.01745
6.94649
6.84183
6.71249
6.57265
6.43785
6.31762
6.21455
6.12795
6.05598
5.99652
5.94726
5.90635
5.87226
5.84383
5.82006
5.8002
5.78369
5.77012
5.75917
5.75056
5.74401
5.73919
5.73577
5.73339
5.73173
5.73057
5.72978
5.72924
873.202
940.415
935.821
692.231
39.5286
7.47223
7.56297
7.79954
7.71555
7.62453
7.17899
7.12494
7.07518
7.03871
6.97287
6.86037
6.70706
6.53872
6.38182
6.24923
6.14128
6.05444
5.98511
5.92937
5.88458
5.84844
5.81912
5.79525
5.77574
5.75981
5.74693
5.73676
5.72911
5.72376
5.72051
5.71903
5.71895
5.71984
5.72134
5.72324
5.72542
5.7278
913.06
947.714
942.246
674.099
41.7024
7.46106
7.61919
7.86319
7.73469
7.71521
7.50361
7.4489
7.09092
7.06033
7.00138
6.87766
6.68607
6.47614
6.29419
6.15289
6.0455
5.96398
5.90077
5.85205
5.81431
5.78485
5.76171
5.74346
5.72901
5.71758
5.70867
5.70209
5.69784
5.69586
5.69606
5.69814
5.70161
5.70595
5.71075
5.71579
5.721
5.72634
950.394
955.529
951.009
603.225
17.7688
7.51819
7.71837
7.96295
7.91659
7.58576
7.78677
7.61765
7.13886
7.09244
7.0409
6.89866
6.64256
6.35386
6.14193
6.00343
5.90963
5.84054
5.79042
5.75403
5.72734
5.70763
5.69309
5.68239
5.67452
5.66873
5.66456
5.66209
5.66167
5.66347
5.66768
5.674
5.68172
5.69013
5.69875
5.7074
5.71605
5.72471
877.005
932.455
952.558
504.951
10.0687
7.87781
7.87726
8.02606
7.93244
7.81283
7.99131
7.42864
7.2504
7.16091
7.11456
6.90333
6.5516
6.10289
5.85672
5.76706
5.71033
5.67106
5.64578
5.62985
5.61988
5.61408
5.61128
5.61063
5.6114
5.61278
5.61405
5.61598
5.61977
5.6256
5.63452
5.64609
5.65902
5.67228
5.68535
5.69808
5.71057
5.72291
837.427
903.762
959.06
652.488
149.754
8.33263
8.18816
8.2747
8.24627
8.13163
8.15093
7.61802
7.44482
7.36576
7.57753
7.16797
8.28406
6.05138
5.3623
5.42914
5.45658
5.46723
5.47789
5.48906
5.49997
5.51081
5.52169
5.5326
5.54339
5.55337
5.5601
5.56892
5.57561
5.5845
5.59837
5.61631
5.63535
5.65399
5.67177
5.6887
5.70508
5.72116
852.968
876.359
922.911
988.656
884.047
399.908
218.949
162.29
40.5981
50.3269
10.9434
7.9511
7.71297
8.1491
10.3144
30.6242
19.1057
5.96277
4.81509
5.04312
5.17204
5.24354
5.29549
5.33653
5.36979
5.39794
5.42256
5.44475
5.46563
5.48838
5.52034
5.54407
5.53624
5.54068
5.55882
5.58464
5.61107
5.63569
5.65835
5.67948
5.69968
5.71929
786.799
753.163
718.764
684.749
665.123
724.043
773.426
584.011
345.396
439.322
244.51
21.1126
8.91743
12.9125
30.6572
105.665
17.6201
4.27583
4.50073
4.74137
4.91717
5.03005
5.11378
5.17952
5.2319
5.27437
5.30884
5.33638
5.36035
5.4113
5.48215
5.51122
5.53921
5.53042
5.51833
5.55277
5.58713
5.61809
5.64563
5.67076
5.69459
5.71766
458.701
192.278
2.68949
-21.3752
56.9423
251.087
222.013
164.863
524.559
560.56
544.124
265.014
21.6727
239.789
529.511
102.912
5.57296
4.31161
4.41446
4.57362
4.72281
4.84428
4.94333
5.02389
5.0885
5.13875
5.17546
5.20102
5.22213
5.26304
5.34562
5.40757
5.46523
5.51723
5.50771
5.5255
5.56601
5.60248
5.63443
5.66288
5.68991
5.71608
326.431
160.712
99.3277
96.8623
135.969
154.27
134.72
86.1435
108.396
157.5
455.117
473.534
558.142
1158.5
994.421
71.0976
5.13995
4.37052
4.3566
4.44266
4.55928
4.67838
4.78398
4.87213
4.94255
4.99453
5.02952
5.05295
5.07515
5.10879
5.16048
5.23432
5.34889
5.46743
5.51931
5.50935
5.54941
5.58985
5.62542
5.656
5.68567
5.71444
122.032
61.8227
54.9684
59.1976
65.6021
69.5995
74.6412
81.6331
91.3911
104.825
120.255
176.031
1247.81
1273.06
1051.72
62.2223
4.42987
4.16656
4.17015
4.25381
4.38045
4.51322
4.62995
4.7266
4.80106
4.85441
4.89013
4.91553
4.94136
4.98017
5.04288
5.13351
5.24431
5.35467
5.47538
5.51831
5.5354
5.58033
5.61807
5.65133
5.68236
5.71262
78.0274
69.6163
64.2946
62.3456
62.9667
65.9874
71.0963
77.8593
87.824
103.253
123.416
148.936
1134.21
1264.54
555.997
8.4947
4.14283
3.76664
3.82126
3.96835
4.15989
4.33655
4.47942
4.59205
4.67531
4.73399
4.77355
4.80219
4.83055
4.86943
4.93372
5.04829
5.19286
5.34909
5.43457
5.50715
5.52904
5.57519
5.61425
5.64807
5.67926
5.70971
75.5317
70.1006
64.7471
61.5673
61.4724
64.0836
69.6579
77.1591
86.8451
101.567
125.929
636.001
1370.6
1082.27
88.7538
5.55043
3.59729
3.41302
3.38697
3.62183
3.91234
4.15783
4.34322
4.48169
4.58072
4.64893
4.69394
4.72569
4.75601
4.79925
4.8743
4.99477
5.35045
5.45551
5.42395
5.48972
5.53175
5.57523
5.61276
5.64543
5.67556
5.70496
71.5464
66.8307
62.2081
59.5633
59.3379
61.3695
67.0907
73.9548
82.2058
96.7501
293.933
1563.63
1344.56
63.3939
6.43953
4.50031
3.50261
3.15379
2.99089
3.29532
3.6882
4.01141
4.24786
4.41656
4.54295
4.66315
4.73854
4.7554
4.74383
4.77385
4.85374
5.04863
5.43778
5.49688
5.41175
5.47751
5.53119
5.57565
5.612
5.6429
5.67096
5.69811
68.5834
64.1739
59.6076
57.1361
56.9273
58.8462
62.8874
67.6813
71.5825
144.28
1230.26
1844.51
707.735
14.2236
6.65621
4.79782
3.41267
2.87178
2.86167
3.09236
3.54574
3.93951
4.22447
4.41899
4.55516
4.71144
4.75872
4.79243
4.82829
4.82571
4.85632
5.21629
5.45059
5.44928
5.39905
5.46317
5.52539
5.57466
5.6114
5.64042
5.6651
5.68787
67.0826
62.9782
58.9805
56.6518
56.1833
57.1503
58.3725
60.5896
84.0767
948.122
1708.8
1808.21
627.871
18.1833
6.45548
4.02439
3.30162
2.86076
2.77914
3.06108
3.52301
3.97018
4.29703
4.50696
4.62622
4.70327
4.73637
4.77608
4.78406
4.84749
4.94713
5.2946
5.45457
5.36074
5.37525
5.44525
5.51734
5.57115
5.60878
5.63544
5.65564
5.67227
67.6934
63.862
60.6228
58.9311
58.8547
58.9021
56.167
48.7522
417.796
1425.53
1544.13
1651.79
1720.03
673.27
7.35019
3.89572
3.29679
3.04436
2.95265
3.34981
3.74843
4.10792
4.46346
4.68137
4.7752
4.78512
4.76553
4.74194
4.72621
4.72239
4.75631
4.88654
5.11551
5.25173
5.33765
5.42589
5.50431
5.55875
5.59607
5.62145
5.63912
5.65033
70.3438
67.0946
64.5558
63.7164
64.6153
65.2683
61.4721
135.339
963.817
1326.84
1436.93
1553.62
1691.11
1795.54
568.249
5.1079
3.65604
3.37531
3.30069
3.68721
4.31965
4.29867
4.66738
4.88287
5.03619
5.26714
5.09333
4.79457
4.89427
13.8148
20.2422
4.74383
4.98363
5.19975
5.33206
5.42705
5.49773
5.55023
5.58817
5.61304
5.62649
5.62978
75.1515
72.1854
69.6827
69.251
71.4011
75.2546
76.692
146.93
972.434
1278.72
557.051
1232.19
1706.64
1879.73
1906.73
368.277
6.77398
4.4869
4.03466
4.06274
4.69728
5.16465
4.87108
5.12203
6.06781
25.8464
42.1715
43.4774
44.0354
44.5662
45.0775
39.4842
9.13899
5.20753
5.3322
5.70546
5.48189
5.53136
5.56315
5.5807
5.58932
5.58766
82.0598
77.1358
73.9295
73.3181
77.128
86.7819
99.6037
149.893
656.79
756.764
309.984
403.804
1752.21
1936.37
2100.01
1770.11
78.2532
10.005
7.58989
5.23431
5.17002
5.67814
22.6387
38.9577
40.197
41.509
42.9214
34.7528
20.8252
21.6903
43.1066
43.3089
35.3357
6.46729
19.2832
23.4682
22.7224
5.57251
5.54684
5.57345
5.60943
5.62293
251.869
286.283
334.642
366.31
407.317
568.506
812.504
1061.06
1163.15
366.539
352.638
706.891
1730.86
1977.12
2134.65
2254.76
984.925
182.528
153.01
138.519
61.2274
29.9792
26.8115
22.1973
20.8474
20.1849
20.2577
20.2775
20.7355
21.323
21.7827
22.2856
25.6245
20.7747
15.8213
8.99505
5.55515
5.48575
5.50814
5.51177
6.31234
5.45408
827.024
800.595
842.744
941.1
1064.45
1209.17
1359.58
1474.45
1512.09
1146.06
1314.36
1697.75
1875.38
1952
2088.74
2154.51
1498.01
828.144
831.455
723.742
175.627
73.7803
361.09
374.406
388.191
398.359
396.05
407.127
415.83
290.944
185.866
374.884
406.163
417.447
429.408
359.628
279.495
541.134
645.934
663.805
679.732
579.156
)
;

boundaryField
{
    leftWall
    {
        type            fixedFluxPressure;
        gradient        uniform 0;
        value           nonuniform List<scalar> 
46
(
558.451
557.452
556.476
557.683
425.406
7.08056
7.01618
7.01274
6.95706
6.90189
6.8599
6.82253
6.78758
6.75502
6.7235
6.69243
6.66136
6.62997
6.59811
6.5657
6.53273
6.49924
6.46532
6.43106
6.39657
6.36196
6.32734
6.29282
6.25849
6.22445
6.19077
6.15752
6.12478
6.09256
6.06089
6.02978
5.99928
5.9693
5.93979
5.91072
5.88207
5.85376
5.8257
5.79784
5.7702
5.74271
)
;
    }
    rightWall
    {
        type            fixedFluxPressure;
        gradient        uniform 0;
        value           nonuniform List<scalar> 
46
(
1375.06
1291.35
1113.31
934.18
827.024
800.595
842.744
941.1
1064.45
1209.17
1359.58
1474.45
1512.09
1146.06
1314.36
1697.75
1875.38
1952
2088.74
2154.51
1498.01
828.144
831.455
723.742
175.627
73.7803
361.09
374.406
388.191
398.359
396.05
407.127
415.83
290.944
185.866
374.884
406.163
417.447
429.408
359.628
279.495
541.134
645.934
663.805
679.732
579.156
)
;
    }
    lowerWall
    {
        type            fixedFluxPressure;
        gradient        uniform 0;
        value           nonuniform List<scalar> 
52
(
747.984
516.038
480.685
501.338
747.984
661.17
851.899
1134.19
1312.93
1264.63
1223.67
1129.73
826.38
512.25
278.222
178.149
168.353
192.647
286.942
564.88
1055.04
1440.08
1375.06
863.764
871.017
883.319
901.282
558.451
556.318
557.359
562.439
572.312
586.816
602.691
618.198
633.293
649.453
667.617
687.622
708.955
731.065
753.357
775.163
795.836
814.598
830.336
841.617
846.176
852.061
863.764
873.202
913.06
)
;
    }
    atmosphere
    {
        type            prghTotalPressure;
        rho             rho;
        psi             none;
        gamma           1;
        p0              uniform 0;
        value           nonuniform List<scalar> 
44
(
5.72904
5.72904
5.72904
5.72904
5.72904
5.72904
5.72904
5.72904
5.72904
5.72904
5.72904
5.72904
5.72904
5.72904
5.72904
5.72904
5.72904
5.72904
5.72904
5.72904
5.72904
5.72904
5.72904
5.72904
5.72904
5.72904
5.72904
5.72904
5.72904
5.72904
5.72904
5.72894
5.72775
5.72472
5.71928
5.71148
5.69892
5.67939
5.65251
5.62726
5.57623
5.59694
5.46766
5.72246
)
;
        rho             rho;
    }
    frontAndBack
    {
        type            empty;
    }
}


// ************************************************************************* //
