/*--------------------------------*- C++ -*----------------------------------*\
  =========                 |
  \\      /  F ield         | OpenFOAM: The Open Source CFD Toolbox
   \\    /   O peration     | Website:  https://openfoam.org
    \\  /    A nd           | Version:  13
     \\/     M anipulation  |
\*---------------------------------------------------------------------------*/
FoamFile
{
    format      ascii;
    class       volScalarField;
    location    "0.003";
    object      p;
}
// * * * * * * * * * * * * * * * * * * * * * * * * * * * * * * * * * * * * * //

dimensions      [1 -1 -2 0 0 0 0];

internalField   nonuniform List<scalar> 
8000
(
200743
201003
201762
202469
203206
203948
204689
205430
206184
206949
207713
208457
209167
209846
210504
211152
211795
212426
213033
213600
214116
214579
214996
215378
215738
216080
216405
216713
217008
217300
217601
217915
218232
218538
218817
219070
219309
219551
219807
220069
220322
220547
220744
220926
221111
221310
221524
221744
221956
222144
222295
222407
222487
222546
222589
222627
222664
222702
222736
222757
222764
222752
222720
222665
222584
222476
222352
222218
222079
221932
221771
221592
221399
221202
221002
220791
220553
220275
219963
219638
219324
219032
218754
218470
218162
217823
217457
217068
216664
216250
215836
215433
215056
214706
214377
214043
213670
213218
212656
211953
211107
210108
208963
207677
206292
204805
203247
201593
199861
197993
196006
193817
191459
188807
185918
182594
178944
174647
169898
164222
200747
201002
201758
202461
203197
203939
204681
205424
206180
206946
207710
208453
209164
209843
210502
211151
211794
212425
213032
213598
214114
214576
214992
215375
215733
216075
216401
216710
217007
217300
217599
217909
218223
218527
218807
219064
219308
219554
219809
220068
220316
220541
220739
220924
221110
221308
221520
221738
221947
222132
222282
222395
222480
222542
222589
222628
222665
222700
222729
222744
222743
222725
222689
222632
222553
222451
222330
222196
222056
221906
221740
221557
221361
221161
220959
220745
220505
220228
219921
219603
219297
219010
218735
218450
218141
217801
217431
217037
216626
216204
215785
215380
215005
214658
214333
213998
213622
213162
212587
211872
211016
210006
208856
207571
206188
204703
203152
201508
199787
197930
195954
193772
191415
188758
185858
182517
178842
174512
169713
163988
200755
201001
201752
202449
203183
203927
204673
205422
206181
206946
207708
208450
209160
209841
210501
211150
211793
212424
213030
213595
214110
214572
214987
215369
215727
216069
216396
216708
217006
217299
217596
217901
218210
218513
218796
219059
219308
219556
219809
220063
220308
220533
220735
220924
221113
221311
221520
221733
221938
222120
222269
222386
222477
222547
222600
222643
222679
222711
222735
222743
222735
222711
222674
222620
222550
222457
222342
222214
222076
221925
221758
221573
221377
221179
220979
220769
220535
220269
219977
219676
219383
219103
218829
218542
218230
217886
217511
217109
216687
216257
215836
215434
215065
214724
214400
214061
213675
213201
212613
211885
211017
210002
208863
207596
206235
204781
203261
201644
199943
198104
196136
193956
191589
188919
185997
182640
178944
174601
169802
164069
200765
200999
201745
202435
203168
203912
204663
205416
206176
206943
207703
208444
209156
209839
210501
211151
211793
212422
213026
213590
214103
214564
214980
215361
215719
216061
216389
216704
217006
217299
217592
217891
218195
218495
218782
219052
219309
219560
219811
220059
220300
220525
220732
220926
221118
221314
221520
221727
221925
222102
222250
222371
222471
222551
222612
222658
222694
222721
222736
222736
222718
222686
222644
222592
222528
222444
222338
222215
222078
221925
221755
221569
221374
221178
220981
220774
220545
220290
220014
219729
219448
219174
218898
218607
218290
217940
217557
217144
216711
216273
215851
215455
215093
214759
214437
214093
213696
213207
212603
211860
210975
209950
208813
207563
206227
204804
203312
201721
200042
198221
196261
194083
191707
189024
186080
182701
178971
174599
169760
163973
200778
200996
201737
202420
203153
203899
204653
205411
206175
206941
207700
208441
209153
209838
210502
211153
211794
212420
213021
213582
214093
214555
214971
215353
215711
216053
216382
216700
217004
217298
217589
217882
218180
218478
218768
219046
219311
219566
219815
220057
220293
220518
220730
220930
221124
221320
221520
221720
221910
222080
222226
222351
222460
222552
222624
222674
222708
222729
222735
222724
222697
222656
222608
222554
222494
222419
222323
222205
222069
221915
221744
221559
221368
221176
220983
220780
220559
220316
220057
219790
219521
219250
218971
218674
218350
217992
217600
217175
216733
216290
215869
215481
215130
214804
214484
214135
213726
213220
212595
211831
210933
209899
208764
207534
206228
204835
203372
201812
200159
198357
196406
194229
191843
189144
186172
182766
178995
174582
169677
163819
200791
200993
201731
202407
203140
203888
204645
205406
206171
206938
207697
208438
209152
209839
210505
211156
211795
212418
213014
213571
214081
214543
214961
215344
215703
216044
216375
216694
217001
217296
217585
217874
218166
218462
218756
219041
219314
219574
219821
220059
220290
220515
220730
220936
221134
221329
221524
221715
221896
222058
222201
222329
222448
222553
222635
222689
222721
222737
222732
222711
222675
222626
222571
222514
222454
222383
222295
222185
222053
221902
221733
221553
221368
221182
220994
220797
220584
220354
220109
219854
219592
219321
219037
218732
218399
218033
217632
217199
216751
216307
215889
215510
215169
214850
214530
214176
213755
213233
212588
211802
210888
209849
208714
207499
206221
204861
203430
201899
200267
198479
196534
194357
191960
189249
186251
182822
179010
174553
169576
163631
200806
200990
201726
202396
203131
203879
204638
205402
206169
206937
207696
208437
209154
209844
210511
211161
211797
212415
213005
213557
214066
214529
214950
215335
215694
216036
216366
216686
216996
217293
217581
217866
218155
218449
218745
219038
219318
219582
219829
220063
220292
220516
220734
220945
221146
221339
221528
221710
221881
222036
222176
222307
222435
222550
222642
222701
222732
222742
222727
222698
222653
222597
222537
222476
222413
222343
222258
222154
222030
221885
221724
221551
221374
221196
221014
220824
220620
220399
220164
219916
219656
219382
219090
218775
218434
218061
217654
217217
216767
216325
215913
215543
215211
214897
214577
214217
213786
213250
212589
211786
210855
209810
208679
207476
206216
204887
203488
201981
200361
198582
196637
194462
192058
189339
186320
182872
179022
174521
169467
163423
200821
200989
201724
202389
203124
203873
204634
205398
206166
206934
207695
208439
209158
209849
210517
211166
211798
212410
212993
213541
214048
214513
214937
215326
215686
216027
216357
216677
216988
217287
217575
217859
218145
218438
218737
219035
219321
219589
219837
220070
220297
220522
220743
220957
221160
221351
221534
221707
221870
222018
222155
222289
222422
222546
222646
222710
222740
222744
222721
222683
222633
222573
222508
222442
222375
222302
222218
222118
222001
221866
221716
221554
221387
221216
221040
220856
220659
220446
220217
219971
219708
219426
219125
218802
218455
218077
217668
217231
216782
216345
215941
215580
215256
214946
214626
214261
213821
213275
212600
211786
210842
209791
208661
207467
206223
204919
203541
202052
200440
198664
196718
194545
192136
189415
186381
182919
179033
174491
169356
163200
200835
200988
201725
202384
203120
203869
204630
205396
206165
206935
207697
208443
209164
209858
210526
211173
211799
212404
212980
213523
214029
214495
214923
215315
215677
216018
216347
216666
216978
217279
217569
217852
218137
218429
218730
219032
219323
219595
219845
220080
220307
220532
220755
220971
221174
221363
221539
221705
221859
222002
222137
222272
222409
222538
222643
222712
222742
222741
222711
222669
222615
222554
222487
222417
222345
222267
222180
222081
221971
221847
221710
221561
221404
221240
221070
220890
220698
220491
220265
220016
219746
219454
219143
218814
218463
218085
217676
217241
216797
216366
215971
215618
215300
214993
214671
214303
213858
213304
212620
211797
210849
209794
208665
207479
206248
204956
203589
202109
200500
198726
196777
194605
192194
189475
186432
182961
179044
174462
169243
162966
200851
200990
201729
202382
203119
203867
204629
205394
206165
206936
207700
208449
209173
209868
210536
211179
211800
212397
212966
213504
214008
214476
214908
215303
215667
216009
216336
216654
216966
217268
217560
217844
218129
218422
218724
219028
219323
219599
219853
220090
220319
220546
220770
220986
221188
221374
221545
221703
221851
221990
222124
222260
222397
222529
222636
222707
222738
222734
222700
222656
222602
222540
222473
222401
222324
222240
222149
222049
221943
221828
221703
221568
221420
221263
221096
220920
220732
220528
220301
220048
219767
219465
219147
218814
218463
218086
217681
217250
216812
216389
216002
215656
215341
215035
214713
214343
213894
213337
212649
211822
210871
209818
208692
207511
206285
204997
203631
202152
200543
198769
196818
194647
192234
189521
186472
182998
179053
174434
169131
162722
200866
200994
201735
202381
203119
203866
204627
205394
206166
206940
207707
208458
209184
209880
210547
211186
211800
212389
212951
213484
213987
214457
214891
215290
215657
215998
216324
216642
216952
217255
217548
217835
218121
218414
218717
219024
219322
219601
219860
220101
220333
220561
220785
221000
221200
221382
221548
221701
221845
221981
222115
222250
222386
222517
222625
222695
222726
222722
222688
222644
222592
222532
222466
222393
222313
222224
222128
222026
221922
221813
221697
221571
221432
221279
221115
220942
220757
220554
220325
220066
219776
219465
219142
218807
218458
218085
217684
217260
216829
216413
216032
215689
215376
215071
214749
214379
213930
213372
212684
211858
210908
209859
208736
207559
206332
205041
203668
202184
200571
198797
196843
194674
192261
189555
186504
183030
179062
174410
169019
162470
200882
200999
201742
202383
203122
203867
204628
205395
206169
206944
207714
208468
209196
209893
210558
211192
211799
212381
212936
213465
213966
214437
214874
215276
215645
215988
216313
216628
216938
217241
217535
217824
218112
218407
218711
219018
219318
219602
219866
220112
220347
220577
220800
221013
221211
221389
221550
221699
221840
221975
222109
222243
222377
222505
222609
222679
222710
222708
222678
222636
222586
222529
222465
222392
222311
222219
222119
222014
221908
221800
221689
221569
221434
221285
221124
220953
220771
220569
220338
220072
219775
219458
219130
218797
218453
218086
217691
217272
216847
216436
216058
215717
215404
215099
214777
214409
213963
213408
212724
211904
210959
209916
208797
207620
206387
205086
203702
202208
200587
198812
196857
194692
192280
189580
186530
183059
179071
174388
168909
162211
200897
201004
201751
202386
203125
203869
204631
205399
206175
206953
207726
208481
209211
209908
210570
211199
211799
212373
212922
213447
213947
214418
214857
215262
215633
215977
216302
216615
216923
217225
217521
217811
218102
218399
218704
219012
219314
219601
219870
220122
220361
220591
220814
221025
221219
221394
221551
221696
221835
221971
222105
222239
222370
222492
222592
222660
222691
222694
222668
222631
222585
222530
222468
222398
222317
222225
222122
222014
221904
221794
221681
221561
221427
221278
221119
220952
220773
220574
220341
220071
219767
219445
219118
218791
218452
218091
217702
217288
216867
216459
216082
215740
215425
215120
214799
214434
213993
213444
212767
211955
211019
209983
208868
207689
206446
205132
203732
202227
200597
198819
196863
194702
192292
189600
186551
183086
179081
174369
168801
161948
200913
201011
201762
202390
203130
203872
204635
205405
206183
206963
207738
208495
209226
209922
210581
211206
211800
212367
212910
213431
213928
214399
214840
215247
215620
215966
216291
216603
216908
217209
217505
217798
218091
218390
218696
219005
219309
219600
219874
220131
220373
220605
220826
221034
221225
221396
221549
221692
221831
221968
222103
222236
222363
222479
222574
222639
222673
222680
222661
222630
222586
222535
222475
222407
222328
222236
222133
222023
221909
221794
221675
221548
221410
221259
221100
220936
220762
220567
220335
220061
219755
219433
219111
218789
218457
218103
217720
217310
216890
216482
216103
215757
215440
215134
214815
214455
214020
213479
212810
212009
211084
210057
208945
207762
206508
205179
203762
202245
200605
198824
196866
194709
192301
189617
186571
183111
179093
174354
168695
161678
200927
201016
201773
202395
203135
203877
204641
205413
206194
206976
207753
208511
209242
209937
210593
211213
211801
212362
212899
213416
213911
214381
214822
215231
215607
215954
216279
216590
216893
217193
217490
217784
218080
218381
218688
218998
219304
219598
219877
220139
220384
220616
220836
221041
221228
221395
221546
221688
221826
221965
222102
222235
222358
222468
222556
222620
222656
222669
222657
222631
222590
222541
222484
222418
222341
222252
222149
222036
221918
221796
221668
221532
221386
221231
221071
220910
220741
220549
220320
220048
219744
219427
219110
218794
218470
218123
217743
217335
216915
216504
216121
215770
215449
215142
214826
214472
214043
213511
212852
212063
211151
210133
209024
207837
206570
205225
203791
202262
200613
198828
196868
194715
192311
189633
186591
183137
179106
174343
168593
161406
200942
201021
201785
202400
203142
203883
204648
205423
206206
206990
207768
208527
209257
209951
210605
211221
211803
212358
212891
213403
213895
214364
214805
215215
215594
215943
216268
216578
216879
217177
217474
217771
218069
218372
218680
218991
219299
219597
219880
220146
220393
220625
220843
221046
221229
221393
221542
221682
221822
221962
222101
222234
222354
222458
222541
222604
222642
222660
222655
222634
222596
222548
222493
222429
222355
222268
222167
222052
221929
221800
221663
221516
221358
221195
221034
220876
220713
220527
220303
220036
219737
219427
219116
218808
218491
218149
217772
217364
216941
216527
216137
215781
215455
215147
214833
214484
214064
213541
212893
212117
211215
210207
209100
207907
206629
205270
203821
202281
200623
198835
196873
194723
192321
189651
186612
183163
179122
174336
168495
161130
200955
201025
201796
202406
203148
203889
204657
205435
206221
207006
207784
208543
209272
209964
210616
211228
211806
212356
212884
213392
213881
214348
214788
215199
215579
215930
216257
216566
216866
217163
217460
217758
218059
218363
218672
218984
219294
219596
219883
220152
220401
220632
220848
221047
221228
221389
221536
221676
221817
221959
222099
222232
222350
222450
222530
222591
222633
222654
222655
222638
222603
222556
222502
222440
222369
222285
222184
222069
221941
221805
221658
221499
221330
221158
220993
220837
220679
220500
220284
220025
219735
219433
219131
218831
218521
218182
217806
217396
216969
216549
216152
215789
215458
215148
214836
214493
214080
213568
212931
212167
211277
210276
209170
207973
206684
205312
203851
202301
200637
198845
196882
194734
192335
189672
186636
183193
179143
174333
168401
160853
200967
201028
201808
202412
203156
203897
204667
205448
206236
207023
207801
208559
209287
209977
210626
211235
211810
212355
212878
213382
213868
214332
214771
215183
215565
215918
216246
216555
216854
217150
217447
217746
218049
218355
218665
218978
219290
219595
219886
220157
220407
220637
220850
221047
221225
221384
221529
221670
221811
221956
222098
222231
222347
222444
222522
222582
222627
222652
222657
222643
222610
222563
222509
222450
222381
222299
222199
222083
221952
221810
221654
221483
221302
221121
220952
220796
220643
220471
220264
220016
219737
219445
219153
218861
218556
218221
217845
217432
216999
216571
216167
215797
215460
215149
214838
214499
214094
213591
212966
212213
211333
210338
209233
208031
206732
205351
203880
202323
200653
198860
196895
194750
192354
189696
186663
183226
179167
174336
168312
160575
200978
201029
201819
202417
203163
203903
204677
205461
206251
207040
207818
208575
209302
209990
210636
211243
211813
212355
212874
213374
213855
214317
214755
215166
215550
215905
216234
216544
216843
217138
217436
217736
218040
218347
218659
218973
219287
219595
219889
220161
220411
220640
220851
221045
221220
221378
221522
221663
221806
221952
222096
222230
222344
222440
222517
222578
222625
222652
222661
222649
222617
222570
222516
222458
222391
222310
222211
222094
221961
221814
221651
221470
221279
221089
220915
220758
220607
220443
220245
220010
219744
219464
219181
218897
218596
218263
217886
217469
217030
216595
216182
215804
215463
215149
214839
214503
214104
213610
212996
212255
211383
210393
209287
208081
206775
205386
203907
202346
200672
198879
196915
194773
192379
189726
186696
183263
179197
174346
168230
160297
200988
201029
201829
202423
203170
203911
204687
205473
206266
207056
207834
208591
209315
210001
210645
211249
211817
212355
212870
213366
213843
214302
214738
215149
215534
215891
216222
216533
216832
217128
217426
217728
218033
218341
218653
218969
219286
219596
219892
220166
220415
220641
220850
221041
221215
221371
221515
221656
221801
221948
222094
222228
222342
222438
222515
222577
222626
222656
222666
222655
222622
222575
222521
222464
222398
222318
222219
222101
221967
221816
221647
221459
221260
221063
220883
220724
220575
220416
220229
220007
219755
219487
219214
218936
218639
218307
217929
217508
217063
216619
216198
215813
215466
215149
214838
214505
214112
213626
213022
212290
211426
210439
209332
208122
206810
205416
203933
202368
200693
198901
196939
194800
192409
189761
186735
183305
179233
174361
168154
160021
200995
201028
201839
202427
203175
203917
204695
205484
206280
207072
207851
208606
209328
210012
210654
211255
211821
212356
212867
213358
213832
214287
214721
215133
215518
215877
216210
216522
216822
217119
217418
217720
218027
218335
218649
218966
219285
219598
219895
220170
220417
220642
220847
221036
221208
221363
221507
221649
221795
221945
222091
222226
222341
222437
222516
222580
222631
222661
222672
222660
222627
222578
222524
222468
222403
222323
222224
222105
221970
221817
221644
221452
221246
221044
220859
220697
220548
220394
220217
220008
219769
219513
219249
218977
218684
218353
217973
217549
217097
216645
216215
215823
215470
215149
214838
214506
214117
213638
213043
212320
211462
210477
209369
208156
206839
205442
203955
202390
200715
198926
196967
194833
192445
189802
186779
183352
179274
174383
168086
159748
201002
201027
201847
202430
203181
203922
204702
205493
206292
207086
207865
208620
209340
210022
210662
211261
211824
212356
212863
213351
213820
214273
214705
215116
215503
215863
216198
216512
216813
217111
217411
217715
218022
218331
218645
218964
219285
219600
219899
220174
220420
220641
220844
221031
221201
221355
221499
221643
221790
221941
222089
222225
222341
222439
222520
222586
222637
222668
222678
222665
222630
222581
222527
222470
222405
222325
222225
222105
221969
221815
221641
221446
221238
221032
220843
220678
220528
220378
220209
220011
219785
219541
219285
219019
218729
218399
218019
217591
217133
216673
216235
215835
215476
215151
214837
214506
214120
213647
213059
212344
211491
210509
209399
208183
206863
205463
203974
202410
200737
198953
196998
194870
192486
189847
186828
183404
179321
174410
168025
159478
201007
201025
201854
202433
203185
203926
204707
205500
206302
207098
207879
208633
209352
210031
210669
211266
211826
212355
212859
213343
213809
214258
214689
215099
215487
215849
216186
216501
216804
217104
217405
217710
218018
218328
218643
218963
219286
219604
219904
220177
220422
220640
220840
221024
221192
221346
221492
221637
221786
221937
222086
222223
222340
222441
222525
222593
222645
222675
222683
222668
222633
222584
222529
222471
222405
222324
222222
222101
221964
221810
221637
221443
221235
221027
220835
220667
220517
220369
220206
220018
219803
219569
219320
219058
218771
218444
218064
217633
217170
216703
216256
215849
215484
215154
214837
214505
214120
213653
213071
212363
211514
210533
209423
208204
206881
205480
203992
202429
200759
198980
197032
194910
192532
189898
186882
183460
179373
174445
167973
159214
201011
201022
201859
202435
203187
203928
204710
205505
206310
207108
207890
208644
209362
210040
210676
211271
211829
212355
212855
213336
213799
214245
214674
215083
215471
215834
216173
216491
216796
217097
217401
217707
218016
218326
218642
218963
219288
219608
219908
220181
220423
220639
220836
221018
221184
221338
221484
221631
221781
221934
222083
222221
222340
222443
222531
222602
222654
222682
222688
222671
222635
222586
222531
222472
222404
222320
222217
222094
221957
221804
221633
221442
221236
221028
220835
220665
220514
220367
220209
220028
219822
219595
219352
219095
218812
218488
218108
217676
217208
216734
216280
215865
215494
215159
214838
214503
214119
213655
213079
212376
211532
210553
209441
208220
206896
205494
204007
202447
200781
199008
197067
194952
192581
189952
186940
183521
179431
174485
167930
158956
201012
201018
201865
202436
203189
203929
204712
205509
206316
207117
207900
208654
209371
210048
210682
211274
211830
212354
212851
213328
213788
214232
214659
215067
215455
215820
216161
216481
216788
217092
217397
217705
218014
218325
218641
218965
219291
219612
219913
220184
220424
220637
220831
221011
221176
221330
221477
221626
221777
221931
222080
222218
222340
222446
222537
222611
222662
222689
222692
222674
222637
222588
222533
222473
222403
222316
222209
222085
221947
221795
221628
221442
221240
221035
220843
220673
220521
220375
220219
220041
219839
219617
219380
219128
218850
218529
218151
217718
217247
216767
216305
215883
215506
215166
214840
214502
214117
213655
213084
212386
211545
210567
209455
208233
206908
205507
204020
202464
200803
199037
197102
194996
192632
190010
187002
183584
179492
174531
167897
158705
201008
201015
201869
202436
203189
203928
204711
205510
206319
207123
207908
208662
209379
210054
210686
211278
211831
212352
212847
213321
213778
214219
214644
215052
215440
215806
216149
216471
216781
217087
217394
217703
218013
218325
218642
218966
219295
219617
219918
220188
220425
220635
220827
221004
221168
221322
221470
221621
221774
221928
222077
222216
222340
222449
222544
222619
222670
222696
222695
222675
222638
222590
222535
222474
222400
222310
222200
222074
221935
221786
221623
221443
221247
221047
220858
220687
220535
220388
220232
220055
219855
219636
219404
219157
218884
218567
218193
217760
217286
216801
216332
215903
215520
215174
214843
214501
214115
213653
213085
212391
211554
210578
209466
208243
206918
205517
204033
202481
200824
199065
197138
195041
192684
190069
187066
183651
179558
174583
167873
158463
201001
201011
201875
202437
203188
203926
204710
205510
206322
207128
207914
208669
209385
210059
210691
211280
211831
212350
212842
213313
213768
214207
214631
215037
215426
215793
216137
216462
216774
217082
217391
217702
218013
218325
218643
218969
219299
219622
219922
220191
220425
220633
220822
220997
221160
221314
221464
221616
221771
221925
222074
222213
222339
222451
222550
222627
222678
222702
222697
222675
222639
222592
222537
222475
222398
222303
222190
222061
221922
221775
221617
221444
221257
221063
220878
220709
220556
220407
220248
220069
219868
219651
219423
219181
218914
218603
218232
217801
217325
216835
216360
215925
215535
215184
214848
214501
214111
213650
213083
212394
211560
210586
209474
208252
206926
205527
204045
202496
200846
199093
197174
195086
192737
190129
187132
183719
179626
174639
167860
158233
200990
201006
201878
202436
203186
203923
204706
205508
206322
207130
207918
208673
209389
210063
210694
211282
211831
212347
212837
213306
213758
214196
214618
215024
215412
215779
216126
216453
216767
217077
217389
217701
218013
218326
218644
218971
219303
219626
219926
220193
220426
220631
220818
220991
221152
221306
221457
221612
221768
221922
222071
222210
222337
222453
222555
222635
222685
222707
222699
222676
222640
222594
222540
222476
222396
222297
222179
222047
221908
221763
221611
221446
221268
221082
220902
220736
220582
220430
220267
220083
219880
219663
219437
219201
218940
218635
218269
217840
217363
216869
216388
215947
215551
215195
214853
214502
214109
213646
213081
212394
211563
210592
209481
208259
206934
205536
204057
202512
200867
199121
197210
195130
192791
190190
187199
183789
179697
174700
167858
158012
200978
201000
201880
202435
203183
203919
204702
205505
206321
207131
207920
208676
209392
210066
210696
211283
211830
212344
212832
213299
213749
214185
214605
215010
215398
215767
216115
216444
216760
217073
217386
217700
218013
218326
218646
218974
219307
219631
219930
220195
220426
220629
220814
220985
221145
221299
221451
221607
221765
221920
222067
222206
222336
222454
222559
222641
222691
222711
222700
222675
222641
222596
222543
222477
222394
222291
222169
222034
221893
221751
221604
221448
221280
221104
220930
220766
220611
220455
220286
220098
219890
219672
219448
219216
218962
218664
218304
217878
217400
216902
216416
215970
215568
215206
214859
214503
214106
213641
213077
212392
211565
210596
209487
208266
206942
205546
204069
202528
200888
199149
197246
195174
192843
190250
187265
183859
179769
174765
167867
157812
200966
200993
201879
202432
203178
203912
204697
205500
206318
207130
207920
208677
209393
210067
210697
211282
211828
212341
212826
213292
213741
214175
214594
214998
215386
215755
216104
216435
216754
217069
217384
217699
218013
218327
218647
218976
219310
219635
219934
220197
220426
220627
220810
220979
221138
221292
221445
221603
221762
221917
222064
222203
222333
222454
222563
222647
222696
222715
222700
222675
222641
222599
222546
222479
222393
222285
222159
222020
221879
221738
221597
221450
221292
221126
220959
220798
220641
220481
220306
220111
219898
219678
219456
219229
218981
218690
218336
217913
217435
216934
216444
215992
215586
215218
214866
214505
214104
213637
213073
212391
211566
210600
209493
208274
206951
205556
204082
202545
200910
199177
197281
195218
192895
190309
187331
183928
179842
174833
167888
157635
200955
200986
201876
202428
203173
203906
204690
205495
206314
207128
207919
208677
209394
210067
210696
211281
211826
212337
212821
213285
213732
214165
214583
214986
215374
215744
216094
216427
216748
217064
217382
217698
218013
218327
218648
218978
219314
219639
219937
220199
220425
220624
220806
220974
221132
221285
221440
221600
221760
221914
222061
222199
222331
222454
222566
222652
222701
222717
222700
222675
222642
222601
222549
222481
222392
222281
222150
222008
221865
221726
221590
221451
221305
221149
220990
220830
220671
220506
220325
220124
219906
219682
219460
219238
218997
218714
218365
217946
217467
216964
216470
216014
215603
215231
214874
214508
214103
213634
213069
212389
211567
210603
209499
208281
206960
205567
204096
202562
200932
199204
197315
195260
192945
190367
187395
183997
179915
174904
167918
157483
200941
200978
201871
202421
203165
203897
204681
205487
206308
207123
207915
208674
209391
210065
210695
211279
211823
212332
212815
213277
213724
214155
214572
214975
215363
215733
216085
216419
216742
217060
217379
217697
218012
218327
218649
218980
219316
219642
219939
220199
220424
220622
220802
220969
221126
221279
221435
221596
221757
221912
222058
222195
222328
222453
222569
222656
222705
222719
222700
222674
222643
222603
222552
222483
222392
222277
222142
221997
221852
221714
221583
221453
221317
221172
221019
220862
220700
220530
220343
220135
219912
219685
219463
219244
219010
218734
218392
217976
217498
216992
216494
216035
215620
215243
214881
214511
214102
213631
213066
212387
211568
210607
209505
208289
206970
205580
204111
202581
200954
199232
197349
195301
192994
190423
187458
184064
179988
174978
167960
157370
200929
200972
201865
202415
203158
203889
204673
205480
206302
207118
207911
208670
209388
210063
210692
211276
211819
212327
212809
213270
213716
214147
214563
214964
215352
215723
216076
216411
216735
217056
217376
217695
218011
218327
218649
218981
219318
219644
219940
220200
220423
220620
220799
220965
221121
221273
221430
221593
221755
221910
222054
222191
222325
222452
222570
222659
222708
222721
222700
222674
222643
222605
222554
222486
222392
222274
222136
221987
221840
221703
221576
221454
221329
221193
221047
220891
220727
220552
220360
220146
219917
219687
219465
219249
219021
218752
218416
218003
217525
217018
216517
216054
215636
215255
214889
214514
214103
213630
213065
212387
211570
210612
209512
208299
206981
205593
204126
202600
200977
199260
197383
195340
193041
190477
187519
184130
180061
175055
168012
157305
200912
200964
201857
202407
203148
203879
204663
205470
206293
207111
207905
208664
209383
210058
210688
211272
211814
212321
212802
213263
213708
214138
214553
214954
215342
215713
216067
216404
216729
217051
217372
217692
218009
218325
218648
218981
219319
219645
219941
220200
220422
220618
220796
220961
221116
221268
221425
221589
221752
221907
222051
222188
222321
222451
222572
222662
222711
222722
222700
222674
222644
222607
222557
222488
222393
222272
222131
221980
221830
221693
221569
221455
221339
221212
221071
220917
220751
220572
220374
220155
219921
219688
219465
219252
219029
218768
218437
218027
217549
217040
216537
216072
215650
215266
214896
214518
214103
213628
213063
212387
211572
210617
209520
208308
206992
205606
204142
202618
200999
199286
197414
195377
193085
190527
187576
184192
180129
175129
168067
157297
200901
200959
201850
202401
203140
203871
204654
205461
206285
207103
207898
208658
209377
210053
210683
211267
211809
212316
212796
213256
213701
214130
214545
214945
215333
215704
216059
216397
216724
217046
217369
217690
218007
218324
218647
218980
219318
219645
219941
220199
220421
220615
220793
220957
221111
221264
221421
221586
221750
221905
222048
222184
222318
222449
222571
222663
222713
222723
222700
222673
222644
222608
222559
222489
222393
222270
222127
221973
221822
221685
221564
221455
221348
221228
221092
220938
220771
220587
220385
220161
219923
219687
219462
219251
219034
218778
218452
218045
217567
217057
216552
216084
215659
215272
214899
214518
214100
213624
213059
212384
211571
210619
209525
208315
207002
205617
204155
202633
201017
199306
197438
195406
193119
190567
187621
184242
180185
175191
168121
157355
200882
200952
201837
202391
203128
203859
204642
205450
206274
207093
207889
208650
209370
210046
210677
211261
211803
212309
212789
213249
213693
214122
214536
214936
215324
215696
216051
216390
216718
217041
217365
217687
218005
218321
218645
218979
219317
219644
219940
220198
220419
220613
220790
220953
221107
221259
221417
221583
221747
221902
222045
222180
222313
222445
222569
222662
222712
222721
222697
222669
222640
222605
222556
222486
222388
222264
222119
221966
221814
221677
221559
221456
221356
221243
221111
220959
220789
220603
220397
220170
219928
219690
219465
219256
219042
218792
218471
218066
217589
217078
216571
216101
215674
215285
214909
214526
214107
213630
213065
212391
211581
210631
209538
208330
207018
205634
204174
202655
201042
199335
197471
195444
193163
190617
187678
184305
180257
175275
168196
157475
200872
200948
201830
202384
203120
203851
204633
205441
206265
207084
207881
208642
209362
210039
210670
211255
211797
212303
212782
213242
213686
214115
214528
214929
215316
215688
216044
216384
216712
217037
217361
217683
218001
218318
218642
218976
219315
219643
219939
220196
220417
220611
220787
220950
221104
221255
221414
221580
221745
221900
222043
222177
222312
222445
222570
222665
222715
222724
222700
222672
222645
222611
222563
222493
222395
222269
222123
221966
221810
221671
221554
221455
221360
221252
221123
220972
220801
220613
220403
220173
219930
219689
219465
219257
219047
218801
218483
218081
217604
217092
216585
216113
215685
215294
214916
214531
214111
213634
213069
212397
211589
210640
209549
208342
207029
205646
204187
202669
201057
199352
197491
195466
193188
190645
187708
184337
180291
175317
168240
157562
200852
200941
201813
202372
203106
203837
204619
205426
206251
207071
207869
208631
209352
210030
210662
211247
211789
212295
212775
213235
213679
214107
214521
214921
215308
215681
216037
216377
216707
217032
217356
217679
217998
218315
218639
218973
219312
219640
219936
220193
220414
220608
220784
220947
221100
221252
221411
221577
221742
221898
222041
222175
222309
222443
222569
222665
222716
222724
222700
222672
222645
222612
222564
222494
222396
222270
222122
221962
221805
221666
221552
221456
221365
221261
221135
220985
220814
220624
220412
220180
219934
219691
219465
219257
219049
218806
218492
218092
217616
217104
216595
216122
215692
215299
214920
214533
214112
213634
213070
212399
211593
210647
209558
208353
207043
205662
204205
202689
201081
199379
197521
195501
193230
190694
187768
184406
180376
175419
168354
157734
200844
200937
201807
202367
203099
203830
204611
205418
206243
207063
207861
208623
209345
210023
210656
211241
211783
212290
212769
213229
213673
214101
214514
214914
215302
215675
216031
216372
216702
217027
217352
217675
217994
218311
218635
218969
219308
219636
219933
220190
220411
220605
220781
220944
221097
221249
221407
221574
221739
221896
222039
222173
222307
222438
222562
222655
222705
222712
222687
222658
222630
222597
222550
222480
222381
222254
222105
221946
221790
221651
221538
221444
221354
221253
221129
220979
220808
220616
220402
220167
219919
219673
219445
219236
219029
218788
218476
218076
217599
217086
216576
216102
215671
215277
214896
214507
214084
213605
213039
212367
211560
210614
209525
208321
207012
205631
204175
202659
201051
199350
197493
195475
193207
190675
187753
184396
180373
175422
168354
157752
200821
200931
201786
202354
203083
203814
204595
205402
206227
207048
207846
208610
209332
210012
210645
211231
211774
212281
212761
213221
213665
214093
214506
214906
215294
215667
216024
216365
216695
217020
217345
217668
217987
218304
218628
218962
219302
219630
219928
220186
220407
220601
220778
220941
221094
221245
221404
221570
221736
221892
222035
222169
222304
222438
222567
222664
222717
222725
222702
222674
222647
222615
222568
222499
222401
222275
222127
221966
221808
221668
221555
221462
221375
221276
221153
221005
220835
220644
220431
220197
219949
219704
219476
219268
219062
218824
218516
218119
217646
217135
216625
216149
215717
215322
214941
214552
214131
213655
213094
212427
211626
210686
209603
208403
207098
205720
204267
202755
201151
199454
197604
195593
193333
190810
187900
184556
180553
175636
168628
158304
160683
159530
158345
157110
155867
154552
153139
151656
150138
148574
146949
145233
143440
141554
139596
137581
135486
133352
131169
128928
126625
124263
121845
119377
116863
114309
111718
109098
106451
103787
101107
98420.4
95729.5
93044.8
90366.4
87705.7
85061.4
82445.5
79855
77302.4
74782.9
72309.6
69875.4
67494.1
65156.7
62877.4
60645.5
58475.3
56354.7
54298.6
52291.2
50347.8
48449.6
46606
44799.6
43039.5
41298
39607
37946.7
36349.1
34842.9
33450.7
32118.9
30921.8
29816.6
28795.2
27873.8
27090.6
26369.7
25755.4
25271.3
24872.3
24555.8
24267.9
24290.1
24427.5
24716.6
25374.8
19324.4
3.19117e+06
160416
159261
158067
156828
155552
154210
152780
151292
149744
148159
146527
144817
143044
141199
139266
137252
135174
133029
130821
128554
126226
123842
121405
118920
116389
113822
111219
108589
105934
103264
100580
97892.4
95202.5
92520.9
89847.6
87193.7
84558
81952.2
79373.2
76833.2
74327.3
71868.2
69448.9
67082.8
64760.9
62496.9
60280.2
58124.7
56017
53971
51970.5
50025.6
48121.1
46265.8
44440.2
42673.1
40943.5
39282.1
37711.9
36240.7
34838
33549.4
32312.3
31151
30104.4
29167.2
28241.3
27502.8
26854.7
26261
25818.4
25536.7
25412.7
25405.7
25485.2
25686.2
25828.2
26045.2
19540.3
3.24466e+06
160466
159299
158091
156821
155480
154108
152685
151190
149620
147979
146268
144500
142673
140799
138846
136793
134676
132490
130240
127934
125572
123158
120694
118184
115631
113043
110423
107779
105113
102435
99746.7
97057.8
94369.6
91692.5
89026.5
86382.3
83758.7
81166.7
78603.6
76080.5
73593.2
71153.1
68754.1
66408
64107.2
61863
59666
57527.3
55434.3
53394.8
51397.8
49444.2
47528.9
45665.2
43839.9
42096.5
40446.4
38882.3
37459.9
36140.3
34853.8
33651.4
32595.2
31512
30546.6
29767.4
28974
28255.8
27798.3
27362
26956.3
26868.1
26777.6
26788.7
26751.8
26772.3
26711.6
26651.3
19993.1
3.1775e+06
160325
159136
157907
156608
155224
153801
152348
150825
149215
147517
145739
143901
142041
140153
138158
136072
133913
131684
129387
127034
124627
122171
119667
117122
114537
111921
109277
106613
103933
101244
98550.5
95860.9
93176.5
90507.2
87853.2
85224.3
82619.7
80049.1
77510.4
75013.3
72554.2
70142.8
67774.2
65458
63187.3
60970.9
58799.7
56679.5
54601.4
52563.3
50566.8
48611.6
46705.6
44878.9
43143
41514.6
40054.3
38687.6
37390.1
36211.4
35076
33944.2
33053
32199.3
31282.8
30663.4
30174.1
29504.9
29275.1
29126
28769.1
28650
28500.3
28290.1
28020.9
27799.6
27512.1
27280.4
20481.4
3.16317e+06
160112
158893
157638
156310
154906
153434
151928
150361
148717
146983
145173
143300
141352
139371
137292
135146
132928
130641
128287
125876
123412
120903
118350
115760
113137
110488
107816
105130
102434
99735.6
97038
94350.3
91673.4
89016.6
86380
83772.5
81193.4
78651
76143.9
73679.9
71256.3
68880.5
66548.6
64267.3
62029.8
59841.1
57693.9
55585.8
53518.6
51486.2
49508.4
47600.6
45784
44093.3
42566.9
41139.2
39861
38681.7
37491.3
36436.2
35539
34560.2
33747.2
33212.8
32505.7
31970
31833.6
31388.7
31107.7
31052.2
30698.6
30312.5
29987.6
29591.1
29118
28688.9
28223.1
27885.8
20975.4
3.16294e+06
159847
158592
157303
155940
154506
152989
151418
149787
148086
146301
144433
142498
140480
138375
136225
134011
131725
129369
126947
124467
121937
119365
116755
114115
111447
108761
106059
103351
100639
97933.4
95235.1
92553.2
89888.6
87249.8
84636.8
82057.3
79510.7
77003.8
74535.4
72111.1
69729.2
67394.1
65102.4
62856.7
60651.3
58485.6
56358.3
54264.3
52220.4
50244.1
48359.3
46610.3
45014.8
43558.7
42283.8
41060.1
39882.8
38877.2
37888
36931.8
36281.3
35598.9
34856.9
34635.8
34256.1
33804.3
33758.6
33481.6
32971
32708
32313.5
31759.5
31226.5
30709.8
30155.9
29623.5
29053.4
28634.1
21568.1
3.1916e+06
159546
158250
156919
155513
154034
152472
150832
149128
147351
145496
143553
141537
139444
137244
134995
132689
130316
127877
125374
122817
120212
117570
114896
112200
109484
106759
104027
101297
98572.4
95861.5
93166.2
90494.4
87847.3
85231.6
82648
80101.9
77593.6
75127.2
72702.2
70321.8
67984.2
65691.2
63438.6
61224.8
59050.7
56910.8
54816.9
52790.6
50846.9
49055.2
47405.4
45920.8
44628
43377.1
42252.5
41244.5
40188.8
39351.7
38667
37851.9
37427.5
37111.9
36546.1
36456.1
36264.3
35757.9
35499.3
35187
34599.6
34048.6
33526.4
32943.6
32340
31745.6
31140.1
30548.7
29909.3
29408
22284.9
3.13059e+06
159218
157873
156493
155033
153499
151880
150173
148386
146521
144578
142543
140447
138244
135948
133589
131175
128699
126164
123571
120929
118244
115527
112786
110031
107267
104502
101742
98992.8
96258.8
93547.4
90860.4
88204.5
85580.6
82994.4
80445.7
77939.2
75473.7
73052.7
70673.7
68339.7
66045.8
63793
61576.9
59396.3
57264.2
55187.6
53192.5
51352.1
49658.3
48163.4
46879.2
45650
44577.8
43548.7
42503.6
41737.1
40953.1
40235.1
39897.1
39349.5
39052.7
38989.2
38498.9
38228.4
38003.8
37478.4
36923.7
36439.8
35860.4
35238.2
34617.7
33992.6
33364.4
32736
32086
31434.5
30728.9
30164.5
22968
3.12648e+06
158866
157465
156030
154506
152905
151216
149433
147558
145595
143548
141401
139198
136881
134477
132001
129466
126875
124233
121540
118805
116035
113242
110432
107619
104807
102007
99220.5
96458
93719.9
91014.4
88341.9
85708.4
83114.2
80563.3
78055.2
75592.5
73174.1
70799.7
68469.6
66180.7
63932.8
61723.4
59560.6
57461
55440.6
53559.6
51837.9
50319.8
49004.5
47765.8
46732.9
45727.4
44760.6
44027.7
43197.7
42630.8
42218.6
41669.6
41558.7
41270.8
40838
40699.2
40275.9
39729.6
39303.2
38770.8
38151.5
37541.8
36913.6
36280.1
35643.2
34984.4
34302.6
33615.5
32914.7
32214.4
31461.7
30854.9
23558.6
3.15109e+06
158491
157029
155530
153934
152254
150481
148610
146637
144566
142400
140155
137802
135356
132829
130226
127561
124845
122084
119283
116450
113593
110723
107847
104978
102124
99291.2
96486.6
93714.9
90980.6
88286.7
85636.1
83031
80472.5
77961.7
75498.6
73082.4
70712.5
68387.4
66105.7
63867.7
61672.8
59538.7
57483.4
55568
53794.6
52263.2
50980.6
49818.3
48843.4
47846.6
46933.9
46187
45383.7
44919.1
44427.2
44029
43933.3
43515.8
43244.3
43024.9
42478.9
42036.8
41588.9
40998.5
40405.4
39815.1
39195.4
38566.3
37914.2
37237
36545.4
35844.8
35125.7
34392.5
33646
32902.8
32113.4
31481.9
24197.6
3.09359e+06
158095
156564
154995
153318
151548
149677
147700
145617
143424
141133
138745
136250
133664
130999
128257
125455
122603
119717
116801
113867
110922
107976
105039
102121
99230.4
96374.5
93557.7
90786.8
88061.8
85389.3
82765.6
80197
77678
75212.7
72797.1
70431.8
68113.2
65848.4
63632.5
61481.5
59419.1
57479.7
55720
54160.5
52813.7
51638.5
50670.3
49727.8
48953
48247.7
47509
47078.2
46544.3
46293.8
46137.1
45737.2
45577.7
45259.3
44716.1
44315.7
43807.9
43209
42636.2
42046.8
41430.5
40799
40145.8
39476.4
38789.4
38080.6
37348.3
36597.3
35833.9
35064.5
34290.2
33518.8
32700
32043.2
24738
3.07938e+06
157678
156071
154425
152656
150785
148801
146703
144491
142162
139738
137188
134538
131798
128978
126087
123138
120147
117128
114095
111058
108027
105012
102019
99061.5
96142.6
93273.2
90453.3
87691.8
84985.7
82339.6
79753
77221.5
74751.9
72332.9
69972.2
67665.6
65413
63232.4
61132
59141.9
57336.3
55744.8
54422
53350.9
52482.2
51603.4
50847.5
50110
49452.2
49065.8
48592.9
48454.5
48236.6
47904.6
47764
47362.5
46898.6
46518.4
45981.8
45407.5
44847.7
44258.5
43642
43001.7
42347.5
41681.9
40993.8
40284.1
39552.1
38800.1
38033.5
37253.6
36463.9
35663.3
34857.9
34057.5
33213.4
32537
25215.1
3.07175e+06
157240
155548
153816
151945
149960
147849
145611
143252
140780
138183
135466
132649
129741
126756
123704
120605
117468
114319
111167
108032
104917
101840
98800.8
95814
92878.4
90005.5
87195.2
84449.3
81773.7
79159.5
76615.3
74132.3
71711.3
69359.6
67066.2
64860.4
62746.8
60755.4
58942.5
57347.4
55989.1
54853.9
53892
53085.1
52499.2
51863.8
51325.3
50909.9
50449.3
50388.8
50170.4
49956.7
49850.4
49425.5
49020
48617.3
48067.9
47539.3
47002.6
46432.5
45828.9
45191.8
44544.3
43874.6
43175.5
42458.7
41726.1
40978.6
40216
39435.4
38639.8
37828.4
37011.1
36186
35359.7
34536.7
33669.1
32972.1
25623.2
3.07116e+06
156779
154994
153164
151181
149068
146815
144419
141893
139255
136473
133571
130571
127480
124319
121099
117844
114564
111288
108023
104794
101607
98473
95401.8
92391.5
89457.1
86587.5
83799
81080.2
78437.9
75871.7
73370.1
70953
68599.9
66334.5
64168.9
62113.6
60251.1
58564.5
57166.4
56124.6
55318.2
54631.1
54022.8
53361
52879.6
52515.2
52269.5
52262.9
51986.8
51836.5
51724
51291
51006.5
50641.7
50108.1
49610.5
49079.8
48525.1
47946
47335.3
46709.8
46047.8
45348.6
44630.3
43897.9
43147.4
42379.3
41594.8
40797.2
39986
39166.3
38333.3
37495.5
36646.5
35798
34953.4
34068.4
33355
25967
3.09338e+06
156299
154407
152470
150360
148102
145691
143117
140429
137576
134590
131489
128287
125005
121655
118266
114850
111436
108033
104671
101355
98108.4
94931.7
91836.3
88822.7
85890.4
83046.7
80280.2
77606.2
75004.4
72496.2
70068.8
67736.9
65531.1
63441.9
61563.2
59892.3
58490.1
57351.3
56392.6
55677
55150.2
54718.9
54375.2
53979.4
53765.9
53748
53591.4
53616.6
53487.5
53081.8
52882.9
52472.4
51968.3
51580
51091
50555.4
49999.9
49409.6
48805
48163.4
47481.5
46778.3
46057.3
45310
44541.1
43753.8
42952.6
42136.7
41310.5
40471.7
39627.4
38771.8
37915.5
37049.2
36184.9
35321.9
34418
33690.5
26327.7
3.04374e+06
155798
153786
151730
149474
147056
144466
141693
138800
135729
132525
129202
125787
122295
118757
115190
111623
108071
104564
101107
97730.7
94431
91232
88122.1
85117.4
82202.4
79390.5
76666.5
74041.1
71513.4
69079.8
66782.5
64600.9
62608.6
60843.3
59326.7
58153.2
57337.1
56798.5
56361.4
55874.6
55452
55145.2
55193.9
55185.6
55083.3
55145.4
54893.8
54700.4
54621.6
54173.9
53804.5
53448.9
52920.4
52446.3
51956.8
51405.2
50831.1
50215
49556.6
48875.4
48174
47441.3
46683.4
45905.2
45109.7
44293.1
43461
42613.5
41759.3
40895.9
40031.6
39157.5
38284.3
37399.8
36518.8
35639.7
34721
33982.4
26630.9
3.03049e+06
155271
153129
150938
148518
145918
143125
140169
137014
133704
130258
126697
123053
119344
115613
111869
108156
104482
100877
97354.6
93921.8
90602.1
87382.6
84285.7
81290.9
78415.8
75642.1
72986.2
70438.5
68029.4
65774
63721.7
61918.4
60379.5
59196.1
58235.6
57473.3
56978.7
56714.1
56493.5
56284.2
56241.3
56175.5
56335.1
56465.7
56281.5
56248.7
56025.6
55617.7
55470.2
55107.3
54656.2
54285.2
53790.9
53261.6
52733.5
52159.7
51547.2
50905.7
50234.3
49522.5
48782.1
48021.3
47240.9
46434.4
45607.6
44761.2
43903.7
43032.6
42156.8
41271
40385.7
39491.8
38602.2
37702.8
36808.6
35915.5
34982.3
34232.4
26887.3
3.02497e+06
154722
152433
150088
147486
144676
141649
138457
135052
131480
127771
123960
120067
116147
112207
108309
104445
100675
96985.1
93412.3
89956
86618.6
83415.7
80328
77379.6
74547.7
71855.3
69295.1
66899.3
64684.8
62723
61022.8
59669
58705.8
58121.9
57803.1
57550.4
57206.1
56994.6
57097.3
57233.4
57482.9
57406
57418.2
57509.3
57256.8
57104.7
56955.9
56501
56229.4
55911.8
55455.8
55037.2
54553.3
53999.4
53424.1
52820.9
52191.1
51524.9
50823.9
50091.8
49331.9
48540.4
47726.7
46892.3
46043.1
45175.3
44296.5
43402.7
42505.2
41598.8
40695.4
39783.8
38878.2
37962.8
37054.8
36149.3
35205.8
34447.4
27118
3.014e+06
154153
151694
149177
146366
143319
140081
136581
132891
129035
125043
120962
116827
112675
108561
104485
100525
96640.2
92917.2
89295.5
85843.7
82509.7
79332.3
76293.7
73398.6
70669.1
68103.3
65761.7
63681
61915.2
60535
59442.2
58678.6
58137.6
57833.9
57737.6
57720.2
57732.5
57863.1
58085.2
58268.8
58541.8
58460.4
58311.2
58325.8
58066.5
57822.7
57709.3
57323
56947.6
56610.8
56163.2
55700.5
55205.2
54644.6
54047.6
53414.7
52753.4
52066.9
51349.4
50591.7
49803.6
48988.1
48153.2
47295.6
46423.4
45533.7
44636.1
43724.8
42810.5
41885.6
40963.9
40034.1
39113
38184.3
37265.6
36349.6
35396.8
34630.3
27316.1
3.00452e+06
153561
150908
148198
145147
141835
138297
134503
130506
126331
122055
117682
113308
108937
104644
100440
96361.4
92437
88651
85054.5
81582.1
78311.1
75166
72217.9
69442.6
66874
64561.6
62546
60897.6
59655.3
58866.2
58487.6
58345
58210.8
58011.5
58098.3
58406.1
58696.2
59023.3
59103.9
59155.1
59317.9
59300.4
59079
59030.9
58812.7
58492.8
58355.1
58039.7
57625.4
57236.8
56781.5
56290.1
55775.2
55209.4
54597.8
53946.1
53262.7
52545.3
51799.6
51023.4
50219.3
49382.7
48524.8
47645.5
46755.3
45849
44934.9
44005.9
43074.2
42132.6
41195.9
40251.6
39316.5
38373.8
37443.3
36516.6
35557.3
34784.7
27482.5
2.99929e+06
152941
150071
147133
143816
140224
136341
132208
127859
123369
118755
114125
109485
104932
100465
96163.1
91998.9
88045
84247.9
80659.1
77248
74011.8
71008.4
68184.5
65670.1
63471.1
61676.6
60347.1
59362.3
58751.5
58316.5
58275.7
58318.3
58466.4
58653.2
58928.9
59315.1
59603.9
59887.5
59932.6
59876.5
59917.9
59958.6
59744.1
59639.4
59479.8
59125.3
58914.4
58628.7
58224.9
57799.8
57326.6
56811.7
56273.1
55698.1
55080.3
54412.3
53705.2
52963.7
52194.9
51395.4
50570.8
49717.4
48844.7
47949
47041.6
46117.4
45187
44243.5
43298.8
42343.7
41392.9
40434.2
39485.9
38532.1
37593.2
36657.9
35691.9
34913.7
27611.1
2.997e+06
152296
149173
145978
142346
138423
134165
129659
124939
120086
115163
110241
105381
100639
96056.6
91655
87472.8
83480.8
79737.4
76163.3
72849.3
69756.9
66915.8
64436.6
62249.2
60563.1
59352.9
58687.3
58500.6
58461.6
58385.6
58469.6
58732.5
59203.8
59568.1
59912
60120.8
60292.3
60504.4
60610.4
60528.5
60483.5
60530.7
60341.6
60179.5
60052.4
59716.4
59421.9
59126.7
58738.3
58298.6
57811.2
57276.2
56714.6
56123.6
55494.4
54816.5
54093.2
53326.9
52533.4
51714.4
50874.9
50007.2
49119.6
48208.2
47286.2
46348
45404.6
44447.6
43490
42522.4
41560.1
40590.7
39631.9
38667.4
37718.8
36774.7
35800.9
35017.8
27720.4
2.98933e+06
151622
148210
144708
140744
136414
131762
126822
121704
116483
111226
106042
100973
96079.8
91410.2
86956.9
82774.7
78809
75109.8
71670.2
68475.7
65706.1
63235.2
61372.3
59964.1
59009.6
58463.1
58212.8
58262.2
58467.8
58758.1
59107.8
59480.5
59973.3
60302.3
60635.3
60749.4
60849
61016
61158.3
61108.7
61005.4
61023.7
60865.5
60654.6
60528.9
60237.7
59894.5
59564.1
59174.5
58729.1
58234.1
57687
57106
56495.6
55850.3
55157.4
54419.1
53636.6
52824.8
51985.7
51128.6
50247.2
49348.9
48426.2
47491.4
46538.9
45582.7
44614.5
43647.5
42670.2
41697.9
40717.9
39749.9
38777.6
37822.1
36872.9
35890.3
35101.7
27813.1
2.98871e+06
150920
147167
143313
138959
134187
129054
123663
118118
112507
106945
101512
96267.5
91277.2
86540.8
82106.6
77928.2
74072.5
70467.9
67262.9
64404.2
62013.3
60156
58879
58218.8
58240.3
58221.4
58254.8
58480.3
58915.8
59483.7
59897.2
60247.3
60579.1
60847.5
61165.7
61288.9
61370.7
61487
61608.7
61607.1
61479
61452.4
61323.3
61080.7
60934
60676.4
60322.6
59955.5
59549.1
59095.7
58597.1
58045.6
57451.4
56818.2
56149.8
55440.3
54690
53895.1
53069.1
52214.5
51343.8
50450.2
49540.8
48607.2
47661.7
46698.3
45732.5
44754.6
43778.3
42791.8
41811.4
40823.7
39849.2
38869.8
37906.8
36952
35960.3
35167.3
27892.8
3.00067e+06
150178
146037
141752
136957
131654
126032
120121
114146
108151
102292
96661.5
91281
86234.8
81499.9
77100
73032
69325.9
66002.2
63214.2
61081.2
59462
58548.2
57947.5
57790.2
57921.7
58270.6
58683.2
59123.6
59571.7
60113.1
60472.7
60836.3
61061.3
61290.7
61601.5
61742.3
61849.4
61913.9
61984.1
62026.8
61903.8
61827.2
61722.5
61476.6
61287.7
61040
60693.6
60303.3
59876.8
59411.2
58907.6
58353.8
57749.4
57095.2
56402.8
55673.5
54910.7
54107.6
53272.9
52405.9
51521.3
50614.6
49695
48752.8
47799.7
46827.3
45852.7
44865.9
43881.8
42888.4
41902.3
40909
39929.9
38946.5
37980
37021.5
36023.5
35227.5
27996.4
2.96441e+06
149389
144795
140050
134675
128822
122607
116171
109758
103369
97302.5
91468.9
86060
80970.9
76324.1
72031.6
68160.1
64812.6
61977.5
59797.2
58337.1
57582.5
57665.1
57685.6
57795.6
58160
58731.2
59346.6
59778.4
60150.6
60564.6
60905.1
61297.7
61489.4
61696.3
61975.2
62121.4
62257.9
62297
62321.9
62376.2
62272.5
62155.4
62060.2
61831.2
61598.9
61341.3
61001.8
60602.7
60161.8
59682.9
59170.2
58610.6
57996.3
57324.2
56611.1
55863.7
55088.9
54278.6
53437.4
52561.5
51666
50748.2
49819.4
48869.7
47910.1
46930.3
45948.1
44953.3
43961.9
42961
41968.6
40969.2
39985.2
38997.1
38027.9
37064.6
36062.7
35262.1
28041.3
2.95577e+06
148536
143422
138088
132094
125582
118758
111754
104926
98185
91965.4
85994.2
80615.7
75574
71076.7
67053.5
63599.2
60936
59097.9
57960.1
57258.1
57134
57280.7
57742.8
58252
58774.6
59289.8
59854.1
60238.6
60608.6
60938.5
61270.2
61672.6
61858.2
62066.7
62296.2
62438.1
62594
62645.4
62638.2
62676.2
62594.5
62449.5
62347.9
62137.5
61877.1
61597.3
61257.4
60857.9
60410.9
59920.3
59393.5
58821.1
58196
57512.3
56785.3
56021.7
55233.5
54415.1
53568.9
52687.1
51782.6
50853.6
49915.8
48960.4
47997.4
47013.4
46024.7
45022
44024.9
43019.7
42024.5
41020.5
40031.2
39038.2
38068.3
37103.5
36098.8
35292.4
28089.9
2.94744e+06
147594
141866
135866
129103
121912
114363
106863
99585.1
92633.3
86262.9
80303
74976
70175.7
65946.4
62446.6
59730.1
57798.4
56837.8
56874.7
56983.8
57129.8
57543.4
58200.2
58864.6
59321.6
59725.5
60186.7
60582.6
61001.4
61285.5
61596.3
61969.1
62166.7
62393.3
62581.5
62712.8
62873.8
62949.2
62918.1
62931.1
62862.3
62705.7
62591.9
62391.4
62117.4
61815.3
61470
61072.3
60623.2
60122.3
59578.8
58989.9
58353.8
57663.2
56928.1
56152.6
55352.5
54525.1
53673.1
52785.3
51874.3
50937.8
49993.2
49031.4
48062.5
47073.1
46080.1
45072.1
44069.9
43058.4
42056.8
41045.2
40048.4
39048.5
38070.7
37103.8
36096.1
35286.1
28111.1
2.93922e+06
146523
140159
133292
125646
117677
109390
101421
93766.2
86698.6
80273.8
74465.7
69308.4
64944.2
61370.1
58845.6
57472.9
56562.3
56274.7
56432.2
56966.4
57572.5
58137.9
58695.8
59286.7
59695.1
60079.8
60478.6
60888.3
61341.5
61595
61886.4
62213
62427.5
62673.3
62845.1
62962.7
63116.7
63209.9
63168.5
63157.4
63090.1
62930.2
62799.2
62600.1
62321.5
62005.7
61653.6
61252.6
60799.5
60289.2
59730.3
59126.5
58482.8
57790.6
57053.3
56270.9
55462.2
54628.6
53775.3
52885.1
51968.3
51021.9
50068.7
49102.5
48134.3
47141.1
46138.6
45117.7
44108
43094.2
42091
41072.7
40065.8
39055.1
38071.1
37106.4
36103.7
35292
28137
2.93406e+06
145273
138154
130271
121617
112811
103787
95417.4
87487.2
80483.6
74026.7
68698.2
63920
60274.5
57642.6
56117.2
55886.5
56042
56226.4
56693.8
57407.1
58147.8
58636.1
59049.4
59531.3
59965.1
60396
60760.6
61161
61600.8
61852.8
62143.7
62419.9
62644.1
62904.2
63073.1
63176.5
63321.5
63415.1
63376.1
63350.3
63282.3
63126.8
62974.8
62768.5
62489.9
62167.8
61805.7
61395.6
60935.7
60416.7
59844.9
59226.9
58573.6
57875.7
57133.9
56344.3
55525.1
54675.8
53807.5
52909.3
51992.3
51045.1
50084.4
49103.4
48123.4
47128.7
46132.1
45115.4
44103
43081.5
42078.4
41071
40077.6
39071.6
38085.9
37114
36116.6
35319.4
28175
2.92789e+06
143774
135777
126706
116923
107231
97476.3
88923.7
80755.6
74087.7
67815.8
63099.4
59463.8
57005.6
55939.9
55335.7
55442.8
55965.8
56651.3
57266.4
57851.4
58489.1
58944.3
59322.7
59741.6
60201.1
60682.6
61020.2
61399.6
61796.2
62072.4
62373.8
62612.6
62836.8
63102.5
63272.3
63369.2
63502.2
63580
63547.9
63514.4
63443.6
63292.1
63122.6
62913.5
62645.1
62330.9
61958.9
61535.2
61066.8
60541.2
59961.2
59332.1
58669.3
57964.2
57217.2
56420.1
55589.8
54724.6
53842.9
52938.6
52023.1
51075.9
50108.7
49114.3
48123.6
47130
46146.8
45139.9
44122.9
43087.6
42082.8
41094.6
40140.8
39160.5
38164.5
37157.8
36171.6
35422
28341.1
2.92311e+06
141943
132895
122439
111408
100837
90508.9
81905.5
73860.2
67539.9
62222.3
58219.9
55757.3
54858.6
54968.4
55144.7
55641.3
56363.4
57164.1
57722.7
58150.9
58650.5
59132.9
59561.1
59957.9
60416.4
60908.8
61236.6
61598.4
61950.2
62252.9
62569.1
62791.3
63007.2
63269.3
63437.1
63537.5
63655.7
63715
63689.3
63655.6
63578.7
63425.3
63241.9
63023.4
62752.3
62419.7
62037.3
61609.9
61134.1
60599
60011.5
59374.1
58700.5
57985.8
57235.3
56439.2
55608.4
54739.3
53850
52936.5
52010.8
51059
50095.8
49108.1
48116
47107.2
46099
45079.9
44076.3
43061.9
42060.4
41045.9
40043.7
39035.3
38056
37090.1
36092.2
35287.5
28177.8
2.91936e+06
139669
129308
117249
104953
93549.6
82942.7
74516.3
67089.6
61328.6
57681.7
55472.8
54373.3
54359.2
54808.1
55492.5
56184.3
56818.9
57466
57972.6
58364.8
58793
59289.1
59783.5
60179.7
60621.3
61081.3
61417.1
61772.4
62092.8
62408.1
62736.6
62954.7
63160.9
63411.5
63573
63678.2
63782.4
63828.2
63802.8
63769.6
63692.5
63541.9
63362.1
63144.1
62872.5
62514.9
62120.9
61687.4
61203.5
60661.9
60073.3
59433.4
58753
58029.5
57276.9
56483.2
55655.4
54783.9
53885.1
52956.8
52017.3
51060.1
50103.1
49125.3
48132.7
47103.9
46074.8
45047.5
44056
43066.4
42072.5
41040.9
40021.2
39005.8
38034.2
37088.3
36089.9
35270.4
28193.2
2.91966e+06
136769
124790
110902
97409.4
85416
75062.2
66964.8
60874.8
56254.8
53896.5
53636.8
53945.2
54436.9
55118.8
55946.7
56621.7
57129.2
57630.3
58125.6
58548.7
58949.6
59442.7
59982
60382.8
60802.1
61211.1
61566.7
61922
62221.7
62537.9
62873.5
63092
63293.8
63532
63684.8
63796.1
63892
63928.4
63903.8
63864.8
63774.2
63621.2
63425.1
63184.2
62890.9
62554.7
62162.2
61707.7
61202.9
60650.4
60055
59407
58716.6
57985.1
57226.2
56427
55593.2
54716.5
53818.9
52897.4
51965.7
51010.6
50042.6
49045
48039.1
47018.5
46012.2
44999.7
43996.3
42970.8
41950.1
40925.6
39926.4
38927.4
37951.9
36978.5
35957.2
35145.6
28064.6
2.92795e+06
132989
118931
103142
88748.5
76574
67332.6
60150.2
55966.4
53825.3
52907.8
53293.5
54049.2
54871.2
55650.6
56378.4
56950.8
57350.6
57737.1
58213.7
58699.3
59124.5
59619.6
60153.4
60561.6
60952.3
61310.4
61681.3
62043.7
62334.1
62648.4
62983.2
63210.7
63414.9
63623
63761.7
63874.6
63958.6
63986.1
63960.7
63917.3
63832.6
63688
63484.9
63227.9
62941.9
62609
62205.1
61735.8
61224.8
60672.6
60077.5
59425.9
58730.4
57993.1
57228.8
56423.8
55585.9
54704.6
53803.5
52876.1
51940.2
50980.4
50008.2
49006.5
47998.9
46977.2
45972.4
44960.9
43955.8
42925.6
41905.2
40881.4
39884.3
38889.7
37915.8
36940.1
35918.3
35103.2
28036.2
2.90486e+06
128026
111488
93635.7
79398.5
67657.7
60025.7
54705.6
52414.7
52640.8
53079.6
53726.6
54593.7
55433.1
56052.7
56556
57030.6
57421.6
57812.2
58304.3
58852.3
59315.7
59788.4
60259.7
60667.1
61043.6
61384.3
61765.1
62136
62428.5
62739
63052.6
63280.7
63485.5
63676.1
63824.6
63946.3
64026.2
64050.2
64028.9
63982.3
63887.7
63731.9
63520.4
63262.9
62958.6
62604.4
62191.6
61718.5
61204.4
60649.2
60051.2
59398.3
58704.3
57968.7
57204.3
56398
55560.5
54680.5
53779.8
52849.1
51908.2
50941
49963
48958.8
47954.4
46936.8
45934.6
44918.7
43904.2
42869.2
41854.2
40835.8
39843.2
38849.2
37867.4
36886.5
35866.2
35055
27990.4
2.90334e+06
121473
102048
82830.2
69860.9
60353
54798.3
52067.4
51789.4
52214.8
53142.7
54236.8
55025.9
55677.5
56135.4
56511.1
56978.2
57490.1
57953.6
58459.1
59005.6
59446.8
59855.5
60272.5
60709.1
61102.7
61451.3
61845.5
62214.2
62508.1
62815.9
63104.5
63341.4
63556.9
63739.5
63875.9
63995.5
64058.7
64079
64061.2
64005.9
63908.7
63760.4
63560.6
63303
62993.3
62635.2
62222
61747.3
61228.2
60664.8
60059.5
59400.5
58701.3
57956.2
57181.2
56365.6
55524.8
54644.1
53743.1
52809.1
51863.8
50890.9
49911
48908.7
47910.3
46897.5
45893.3
44869.2
43850
42817.6
41809.7
40794.8
39802.6
38803.6
37815.6
36834.1
35817.3
35008.6
27950.3
2.90031e+06
112565
90365
71707.9
60686.2
53880.4
51699
51228.9
51690.1
53064
54084.6
54703.5
55219.7
55699.7
56139.9
56595.9
57137.7
57701.8
58180
58657
59144.7
59583.9
59994.2
60395.9
60840.4
61237.7
61585.8
61970.2
62316.6
62618.2
62923.1
63181.6
63420.6
63648.5
63816.9
63944
64050.7
64118.6
64137.7
64105.5
64037.7
63926.9
63767
63554.5
63282.1
62953.6
62574.7
62151.9
61679.4
61165.2
60605.5
60008.8
59365.5
58682.5
57947.2
57175.3
56359.7
55519.5
54639.6
53738.1
52799.7
51848.7
50871.1
49891.8
48893.2
47899
46886.2
45875.2
44843.3
43824.1
42797.1
41794.5
40781.4
39787.5
38783.6
37792.2
36815.1
35799.8
34992.1
27937
2.90106e+06
100423
77886.3
63268.5
55480.6
50921.5
50863.1
51618.6
52832.1
53583.4
54283.8
54714.3
55082
55523
56023.3
56540.9
57072.7
57613.8
58119.3
58590.1
59042.7
59521.5
59958.2
60348.4
60772.4
61172.6
61548.9
61926.7
62266.7
62600.3
62904.1
63137
63389.8
63637.4
63794.2
63913.1
64040.2
64094.5
64144.2
64111.4
64047.6
63944.8
63791.4
63582.9
63313
62982.5
62599
62175.7
61705.2
61189.4
60623.7
60024.2
59380.2
58697.9
57962.6
57192.4
56380.3
55542.6
54667.7
53770.2
52834.3
51883.5
50907.8
49932.6
48940.9
47950.7
46938.4
45922.3
44883.2
43862.9
42841.3
41841.3
40830.4
39832.7
38823.6
37826.3
36854.6
35839
35034.5
27971.9
2.90738e+06
72340.3
49106.4
43465.6
44827.3
47595.8
50820.6
53074
54193.5
54325.4
54549
54837.1
55194.6
55674.7
56259.7
56824.4
57317.2
57831
58373.5
58835.7
59232.8
59726.1
60175.5
60532
60946
61345.4
61730.6
62097.7
62408.9
62751.5
63048
63251.3
63498.8
63757.9
63896.2
63996.6
64094.5
64158.7
64171.2
64127.5
64048.9
63932.4
63769.9
63552.4
63270.5
62924.9
62524.5
62093.1
61617.5
61092.5
60507.4
59889.5
59231.2
58537.6
57783.6
56993
56158.2
55311.7
54426.5
53522.3
52573
51614.7
50629.6
49654.4
48658.1
47668.7
46647.8
45631.5
44595.1
43585.6
42563.3
41568.3
40553.3
39561.9
38554.5
37569.9
36599.8
35587.5
34781.6
27759.6
2.88696e+06
)
;

boundaryField
{
    inlet
    {
        type            fixedValue;
        value           uniform 200000;
    }
    outlet
    {
        type            fixedValue;
        value           uniform 9000;
    }
    axis
    {
        type            symmetryPlane;
    }
    wall
    {
        type            zeroGradient;
    }
    frontAndBack
    {
        type            empty;
    }
}


// ************************************************************************* //
