/*--------------------------------*- C++ -*----------------------------------*\
  =========                 |
  \\      /  F ield         | OpenFOAM: The Open Source CFD Toolbox
   \\    /   O peration     | Website:  https://openfoam.org
    \\  /    A nd           | Version:  13
     \\/     M anipulation  |
\*---------------------------------------------------------------------------*/
FoamFile
{
    format      ascii;
    class       volScalarField;
    location    "0.003";
    object      T;
}
// * * * * * * * * * * * * * * * * * * * * * * * * * * * * * * * * * * * * * //

dimensions      [0 0 0 1 0 0 0];

internalField   nonuniform List<scalar> 
8000
(
1801.91
1802.58
1804.53
1806.34
1808.22
1810.11
1811.98
1813.86
1815.76
1817.67
1819.58
1821.41
1823.16
1824.82
1826.42
1828.01
1829.59
1831.16
1832.69
1834.12
1835.43
1836.6
1837.67
1838.64
1839.55
1840.41
1841.22
1841.97
1842.69
1843.38
1844.09
1844.82
1845.57
1846.28
1846.95
1847.56
1848.16
1848.77
1849.42
1850.08
1850.72
1851.28
1851.77
1852.21
1852.65
1853.11
1853.61
1854.13
1854.62
1855.05
1855.39
1855.64
1855.81
1855.93
1856.02
1856.1
1856.18
1856.26
1856.34
1856.4
1856.42
1856.4
1856.32
1856.19
1855.99
1855.72
1855.41
1855.1
1854.78
1854.45
1854.1
1853.72
1853.31
1852.9
1852.48
1852.03
1851.51
1850.89
1850.19
1849.45
1848.73
1848.06
1847.43
1846.78
1846.08
1845.3
1844.45
1843.55
1842.6
1841.62
1840.63
1839.66
1838.74
1837.88
1837.07
1836.24
1835.32
1834.19
1832.8
1831.06
1828.96
1826.49
1823.64
1820.42
1816.94
1813.18
1809.22
1805
1800.54
1795.71
1790.53
1784.78
1778.53
1771.44
1763.63
1754.54
1744.42
1732.32
1718.69
1702.02
1801.92
1802.58
1804.52
1806.32
1808.19
1810.08
1811.96
1813.84
1815.75
1817.67
1819.57
1821.4
1823.15
1824.81
1826.42
1828.01
1829.59
1831.16
1832.68
1834.11
1835.42
1836.6
1837.66
1838.63
1839.54
1840.4
1841.21
1841.97
1842.69
1843.38
1844.09
1844.81
1845.54
1846.26
1846.93
1847.55
1848.16
1848.78
1849.42
1850.08
1850.71
1851.27
1851.76
1852.2
1852.65
1853.11
1853.61
1854.11
1854.6
1855.02
1855.36
1855.61
1855.79
1855.92
1856.02
1856.1
1856.18
1856.26
1856.32
1856.36
1856.37
1856.33
1856.25
1856.11
1855.91
1855.66
1855.36
1855.05
1854.72
1854.39
1854.03
1853.64
1853.22
1852.8
1852.38
1851.92
1851.4
1850.78
1850.09
1849.36
1848.67
1848.01
1847.39
1846.74
1846.03
1845.24
1844.39
1843.47
1842.51
1841.51
1840.51
1839.53
1838.62
1837.77
1836.96
1836.13
1835.2
1834.05
1832.63
1830.86
1828.74
1826.23
1823.37
1820.15
1816.67
1812.92
1808.98
1804.78
1800.35
1795.54
1790.39
1784.66
1778.42
1771.31
1763.47
1754.33
1744.14
1731.94
1718.16
1701.32
1801.94
1802.58
1804.5
1806.29
1808.16
1810.05
1811.94
1813.84
1815.75
1817.67
1819.56
1821.39
1823.14
1824.8
1826.41
1828
1829.59
1831.16
1832.68
1834.11
1835.41
1836.59
1837.65
1838.62
1839.52
1840.38
1841.2
1841.96
1842.69
1843.38
1844.08
1844.79
1845.52
1846.23
1846.9
1847.54
1848.16
1848.79
1849.43
1850.07
1850.69
1851.25
1851.75
1852.21
1852.65
1853.12
1853.61
1854.1
1854.58
1855
1855.33
1855.59
1855.79
1855.93
1856.05
1856.14
1856.22
1856.29
1856.34
1856.36
1856.35
1856.3
1856.21
1856.08
1855.91
1855.67
1855.39
1855.09
1854.77
1854.44
1854.07
1853.68
1853.26
1852.84
1852.42
1851.98
1851.47
1850.88
1850.22
1849.54
1848.87
1848.24
1847.61
1846.96
1846.24
1845.45
1844.58
1843.64
1842.65
1841.63
1840.63
1839.66
1838.76
1837.93
1837.13
1836.29
1835.33
1834.15
1832.69
1830.89
1828.74
1826.22
1823.38
1820.21
1816.79
1813.12
1809.26
1805.12
1800.75
1795.99
1790.86
1785.14
1778.88
1771.74
1763.85
1754.67
1744.42
1732.18
1718.41
1701.56
1801.97
1802.57
1804.49
1806.25
1808.12
1810.01
1811.92
1813.82
1815.74
1817.66
1819.55
1821.38
1823.12
1824.79
1826.41
1828
1829.59
1831.15
1832.67
1834.1
1835.4
1836.58
1837.64
1838.6
1839.51
1840.37
1841.18
1841.96
1842.69
1843.39
1844.08
1844.77
1845.48
1846.19
1846.88
1847.53
1848.17
1848.8
1849.44
1850.07
1850.67
1851.24
1851.74
1852.21
1852.67
1853.13
1853.61
1854.09
1854.55
1854.95
1855.29
1855.56
1855.77
1855.94
1856.08
1856.18
1856.25
1856.31
1856.34
1856.35
1856.31
1856.24
1856.14
1856.02
1855.86
1855.65
1855.39
1855.09
1854.78
1854.44
1854.07
1853.67
1853.25
1852.84
1852.43
1851.99
1851.49
1850.93
1850.31
1849.67
1849.03
1848.4
1847.78
1847.11
1846.39
1845.58
1844.69
1843.72
1842.7
1841.67
1840.66
1839.71
1838.83
1838.01
1837.21
1836.36
1835.38
1834.17
1832.67
1830.83
1828.64
1826.09
1823.25
1820.13
1816.77
1813.17
1809.38
1805.32
1801
1796.29
1791.19
1785.47
1779.19
1772.02
1764.07
1754.83
1744.49
1732.17
1718.28
1701.27
1802
1802.56
1804.47
1806.21
1808.08
1809.98
1811.89
1813.81
1815.73
1817.65
1819.54
1821.36
1823.11
1824.78
1826.41
1828
1829.59
1831.15
1832.66
1834.08
1835.38
1836.56
1837.62
1838.59
1839.49
1840.35
1841.17
1841.95
1842.69
1843.39
1844.07
1844.76
1845.46
1846.16
1846.85
1847.53
1848.19
1848.83
1849.46
1850.07
1850.66
1851.22
1851.74
1852.22
1852.69
1853.15
1853.61
1854.08
1854.51
1854.9
1855.23
1855.51
1855.75
1855.95
1856.11
1856.21
1856.28
1856.33
1856.34
1856.32
1856.26
1856.17
1856.06
1855.93
1855.78
1855.59
1855.35
1855.07
1854.76
1854.42
1854.04
1853.64
1853.24
1852.84
1852.43
1852
1851.52
1850.99
1850.41
1849.81
1849.2
1848.59
1847.95
1847.27
1846.53
1845.7
1844.79
1843.79
1842.75
1841.7
1840.7
1839.77
1838.92
1838.12
1837.33
1836.47
1835.45
1834.2
1832.65
1830.76
1828.53
1825.96
1823.13
1820.05
1816.76
1813.24
1809.53
1805.54
1801.3
1796.64
1791.56
1785.85
1779.54
1772.34
1764.31
1755.01
1744.56
1732.12
1718.03
1700.8
1802.03
1802.56
1804.45
1806.18
1808.05
1809.95
1811.87
1813.8
1815.72
1817.64
1819.52
1821.35
1823.1
1824.78
1826.4
1828
1829.59
1831.14
1832.65
1834.06
1835.36
1836.54
1837.6
1838.57
1839.48
1840.33
1841.16
1841.94
1842.69
1843.39
1844.08
1844.75
1845.44
1846.14
1846.84
1847.53
1848.21
1848.86
1849.48
1850.08
1850.66
1851.22
1851.75
1852.24
1852.71
1853.17
1853.62
1854.06
1854.48
1854.85
1855.17
1855.46
1855.72
1855.95
1856.13
1856.25
1856.32
1856.35
1856.33
1856.29
1856.21
1856.1
1855.97
1855.83
1855.68
1855.51
1855.29
1855.03
1854.73
1854.39
1854.02
1853.63
1853.24
1852.85
1852.45
1852.04
1851.58
1851.07
1850.53
1849.96
1849.37
1848.76
1848.11
1847.41
1846.64
1845.8
1844.86
1843.85
1842.79
1841.74
1840.74
1839.83
1839.01
1838.23
1837.45
1836.57
1835.53
1834.24
1832.64
1830.69
1828.42
1825.83
1823
1819.96
1816.74
1813.31
1809.67
1805.76
1801.57
1796.95
1791.89
1786.19
1779.85
1772.62
1764.53
1755.16
1744.6
1732.04
1717.74
1700.24
1802.07
1802.55
1804.44
1806.16
1808.03
1809.93
1811.86
1813.79
1815.72
1817.63
1819.52
1821.34
1823.1
1824.78
1826.41
1828.01
1829.59
1831.14
1832.63
1834.03
1835.33
1836.51
1837.58
1838.55
1839.46
1840.32
1841.14
1841.93
1842.68
1843.4
1844.08
1844.75
1845.42
1846.12
1846.83
1847.54
1848.23
1848.89
1849.51
1850.1
1850.67
1851.23
1851.76
1852.27
1852.75
1853.2
1853.64
1854.06
1854.45
1854.8
1855.12
1855.41
1855.69
1855.94
1856.15
1856.28
1856.34
1856.36
1856.32
1856.26
1856.16
1856.03
1855.89
1855.74
1855.59
1855.41
1855.21
1854.96
1854.67
1854.35
1854
1853.63
1853.25
1852.88
1852.5
1852.1
1851.66
1851.18
1850.66
1850.11
1849.53
1848.9
1848.24
1847.52
1846.73
1845.86
1844.91
1843.89
1842.83
1841.78
1840.8
1839.91
1839.11
1838.35
1837.56
1836.68
1835.61
1834.28
1832.64
1830.65
1828.34
1825.74
1822.92
1819.9
1816.73
1813.37
1809.82
1805.97
1801.81
1797.22
1792.16
1786.46
1780.11
1772.86
1764.72
1755.3
1744.63
1731.95
1717.42
1699.62
1802.1
1802.55
1804.44
1806.14
1808.02
1809.92
1811.85
1813.78
1815.71
1817.62
1819.51
1821.34
1823.09
1824.78
1826.41
1828.01
1829.59
1831.13
1832.61
1834
1835.3
1836.48
1837.55
1838.54
1839.44
1840.3
1841.12
1841.92
1842.67
1843.39
1844.08
1844.75
1845.42
1846.11
1846.83
1847.56
1848.26
1848.93
1849.55
1850.13
1850.7
1851.25
1851.79
1852.3
1852.78
1853.23
1853.65
1854.05
1854.42
1854.76
1855.07
1855.36
1855.66
1855.93
1856.16
1856.3
1856.36
1856.36
1856.31
1856.22
1856.11
1855.97
1855.82
1855.66
1855.5
1855.32
1855.11
1854.88
1854.61
1854.31
1853.98
1853.64
1853.29
1852.93
1852.56
1852.18
1851.75
1851.29
1850.79
1850.24
1849.65
1849.01
1848.32
1847.58
1846.78
1845.9
1844.95
1843.92
1842.87
1841.83
1840.87
1840.01
1839.22
1838.47
1837.69
1836.79
1835.7
1834.35
1832.68
1830.66
1828.31
1825.69
1822.87
1819.88
1816.75
1813.45
1809.95
1806.15
1802.02
1797.43
1792.38
1786.68
1780.32
1773.06
1764.88
1755.43
1744.66
1731.86
1717.1
1698.96
1802.13
1802.54
1804.45
1806.14
1808.02
1809.92
1811.85
1813.77
1815.7
1817.62
1819.5
1821.33
1823.09
1824.79
1826.42
1828.02
1829.59
1831.11
1832.58
1833.97
1835.26
1836.44
1837.53
1838.52
1839.43
1840.29
1841.11
1841.9
1842.66
1843.39
1844.08
1844.75
1845.42
1846.11
1846.84
1847.57
1848.28
1848.96
1849.59
1850.17
1850.74
1851.29
1851.83
1852.34
1852.82
1853.26
1853.67
1854.05
1854.4
1854.72
1855.02
1855.32
1855.62
1855.91
1856.15
1856.3
1856.36
1856.36
1856.29
1856.19
1856.07
1855.93
1855.77
1855.6
1855.43
1855.23
1855.02
1854.79
1854.54
1854.27
1853.97
1853.66
1853.33
1852.99
1852.64
1852.26
1851.85
1851.4
1850.91
1850.35
1849.74
1849.08
1848.37
1847.62
1846.81
1845.93
1844.97
1843.95
1842.9
1841.88
1840.95
1840.1
1839.34
1838.59
1837.81
1836.9
1835.8
1834.43
1832.73
1830.69
1828.33
1825.7
1822.88
1819.91
1816.81
1813.54
1810.07
1806.3
1802.17
1797.59
1792.53
1786.84
1780.48
1773.23
1765.03
1755.55
1744.7
1731.79
1716.78
1698.26
1802.16
1802.55
1804.46
1806.14
1808.02
1809.92
1811.85
1813.77
1815.7
1817.61
1819.5
1821.33
1823.1
1824.79
1826.43
1828.03
1829.58
1831.1
1832.55
1833.93
1835.21
1836.41
1837.5
1838.5
1839.41
1840.27
1841.09
1841.88
1842.64
1843.38
1844.07
1844.75
1845.42
1846.12
1846.84
1847.58
1848.31
1848.99
1849.62
1850.21
1850.78
1851.33
1851.87
1852.39
1852.86
1853.29
1853.69
1854.05
1854.38
1854.69
1854.99
1855.29
1855.6
1855.89
1856.13
1856.29
1856.35
1856.34
1856.26
1856.16
1856.04
1855.9
1855.74
1855.57
1855.38
1855.17
1854.95
1854.72
1854.48
1854.23
1853.97
1853.68
1853.38
1853.05
1852.71
1852.34
1851.94
1851.49
1851
1850.43
1849.8
1849.11
1848.39
1847.62
1846.81
1845.94
1844.99
1843.98
1842.95
1841.94
1841.02
1840.2
1839.44
1838.7
1837.91
1837
1835.89
1834.51
1832.81
1830.76
1828.39
1825.77
1822.95
1819.99
1816.9
1813.65
1810.18
1806.41
1802.29
1797.71
1792.64
1786.96
1780.59
1773.36
1765.14
1755.66
1744.73
1731.71
1716.46
1697.53
1802.19
1802.56
1804.49
1806.14
1808.03
1809.92
1811.84
1813.77
1815.7
1817.62
1819.5
1821.33
1823.1
1824.8
1826.44
1828.03
1829.58
1831.08
1832.52
1833.89
1835.17
1836.37
1837.47
1838.47
1839.4
1840.26
1841.07
1841.86
1842.63
1843.36
1844.06
1844.74
1845.42
1846.12
1846.85
1847.59
1848.32
1849.01
1849.66
1850.26
1850.83
1851.38
1851.92
1852.43
1852.9
1853.32
1853.7
1854.04
1854.36
1854.67
1854.97
1855.27
1855.57
1855.86
1856.1
1856.26
1856.32
1856.31
1856.23
1856.13
1856.01
1855.88
1855.73
1855.55
1855.36
1855.14
1854.91
1854.67
1854.44
1854.2
1853.96
1853.7
1853.41
1853.1
1852.76
1852.39
1852
1851.56
1851.06
1850.48
1849.83
1849.12
1848.38
1847.61
1846.8
1845.94
1845
1844.01
1842.99
1842.01
1841.1
1840.28
1839.53
1838.79
1838
1837.09
1835.98
1834.6
1832.9
1830.85
1828.49
1825.87
1823.06
1820.11
1817.02
1813.76
1810.28
1806.5
1802.36
1797.78
1792.71
1787.04
1780.67
1773.45
1765.23
1755.75
1744.76
1731.65
1716.14
1696.78
1802.21
1802.57
1804.52
1806.16
1808.04
1809.93
1811.85
1813.77
1815.7
1817.62
1819.5
1821.34
1823.11
1824.81
1826.45
1828.04
1829.57
1831.06
1832.49
1833.85
1835.13
1836.33
1837.43
1838.45
1839.38
1840.24
1841.06
1841.85
1842.61
1843.34
1844.05
1844.74
1845.42
1846.13
1846.86
1847.6
1848.34
1849.04
1849.69
1850.3
1850.87
1851.43
1851.96
1852.47
1852.93
1853.34
1853.71
1854.04
1854.35
1854.65
1854.95
1855.25
1855.55
1855.83
1856.07
1856.22
1856.28
1856.28
1856.21
1856.11
1856
1855.88
1855.73
1855.56
1855.36
1855.13
1854.89
1854.65
1854.41
1854.18
1853.95
1853.7
1853.42
1853.12
1852.78
1852.43
1852.04
1851.61
1851.1
1850.5
1849.83
1849.11
1848.36
1847.59
1846.8
1845.95
1845.03
1844.04
1843.04
1842.07
1841.17
1840.36
1839.6
1838.86
1838.07
1837.17
1836.06
1834.69
1832.99
1830.96
1828.61
1826.01
1823.22
1820.26
1817.16
1813.88
1810.37
1806.56
1802.4
1797.83
1792.75
1787.09
1780.72
1773.53
1765.31
1755.84
1744.79
1731.59
1715.82
1696.01
1802.23
1802.58
1804.55
1806.18
1808.05
1809.93
1811.86
1813.78
1815.71
1817.63
1819.51
1821.35
1823.12
1824.82
1826.46
1828.04
1829.57
1831.04
1832.46
1833.81
1835.09
1836.29
1837.4
1838.42
1839.36
1840.23
1841.05
1841.83
1842.59
1843.33
1844.04
1844.73
1845.42
1846.13
1846.86
1847.61
1848.35
1849.06
1849.72
1850.34
1850.92
1851.48
1852.01
1852.5
1852.95
1853.36
1853.71
1854.03
1854.34
1854.64
1854.94
1855.24
1855.53
1855.8
1856.02
1856.17
1856.24
1856.24
1856.18
1856.1
1856
1855.88
1855.74
1855.57
1855.38
1855.15
1854.91
1854.65
1854.41
1854.17
1853.93
1853.69
1853.41
1853.1
1852.78
1852.43
1852.05
1851.62
1851.11
1850.51
1849.82
1849.08
1848.34
1847.58
1846.8
1845.97
1845.06
1844.09
1843.09
1842.13
1841.23
1840.41
1839.65
1838.91
1838.12
1837.23
1836.14
1834.78
1833.1
1831.08
1828.76
1826.18
1823.39
1820.44
1817.31
1814
1810.45
1806.61
1802.43
1797.85
1792.77
1787.12
1780.76
1773.58
1765.37
1755.91
1744.82
1731.54
1715.51
1695.23
1802.26
1802.6
1804.59
1806.2
1808.07
1809.94
1811.87
1813.8
1815.73
1817.64
1819.53
1821.36
1823.13
1824.84
1826.47
1828.05
1829.57
1831.03
1832.44
1833.78
1835.05
1836.25
1837.37
1838.4
1839.34
1840.22
1841.04
1841.82
1842.57
1843.31
1844.02
1844.72
1845.42
1846.14
1846.87
1847.62
1848.36
1849.08
1849.75
1850.38
1850.97
1851.52
1852.05
1852.54
1852.98
1853.36
1853.71
1854.02
1854.33
1854.63
1854.93
1855.23
1855.51
1855.77
1855.98
1856.12
1856.2
1856.21
1856.17
1856.1
1856.01
1855.9
1855.76
1855.6
1855.41
1855.19
1854.94
1854.69
1854.43
1854.18
1853.93
1853.66
1853.38
1853.07
1852.74
1852.39
1852.03
1851.61
1851.1
1850.49
1849.79
1849.06
1848.32
1847.58
1846.82
1846
1845.11
1844.14
1843.15
1842.19
1841.28
1840.45
1839.69
1838.94
1838.16
1837.27
1836.2
1834.86
1833.2
1831.21
1828.91
1826.36
1823.58
1820.62
1817.47
1814.11
1810.52
1806.66
1802.46
1797.86
1792.78
1787.14
1780.78
1773.63
1765.43
1755.99
1744.86
1731.5
1715.21
1694.42
1802.29
1802.62
1804.62
1806.21
1808.08
1809.95
1811.88
1813.81
1815.75
1817.66
1819.54
1821.37
1823.14
1824.85
1826.48
1828.05
1829.57
1831.02
1832.42
1833.75
1835.02
1836.22
1837.34
1838.37
1839.33
1840.21
1841.03
1841.81
1842.56
1843.29
1844.01
1844.72
1845.42
1846.14
1846.88
1847.63
1848.38
1849.1
1849.78
1850.41
1851.01
1851.56
1852.08
1852.56
1852.99
1853.36
1853.7
1854.01
1854.32
1854.62
1854.93
1855.23
1855.5
1855.74
1855.94
1856.08
1856.16
1856.19
1856.16
1856.11
1856.03
1855.92
1855.79
1855.64
1855.45
1855.24
1854.99
1854.73
1854.46
1854.19
1853.92
1853.63
1853.33
1853.01
1852.67
1852.34
1851.98
1851.57
1851.06
1850.46
1849.77
1849.05
1848.32
1847.6
1846.85
1846.05
1845.17
1844.21
1843.21
1842.24
1841.32
1840.48
1839.71
1838.96
1838.18
1837.31
1836.25
1834.93
1833.3
1831.34
1829.07
1826.54
1823.77
1820.8
1817.62
1814.23
1810.6
1806.7
1802.48
1797.88
1792.79
1787.15
1780.81
1773.68
1765.48
1756.06
1744.9
1731.47
1714.91
1693.6
1802.34
1802.64
1804.65
1806.22
1808.1
1809.97
1811.9
1813.83
1815.77
1817.68
1819.56
1821.39
1823.16
1824.86
1826.49
1828.06
1829.57
1831.01
1832.4
1833.73
1834.99
1836.19
1837.31
1838.35
1839.31
1840.2
1841.03
1841.81
1842.56
1843.28
1844
1844.71
1845.42
1846.15
1846.89
1847.64
1848.39
1849.12
1849.81
1850.45
1851.04
1851.6
1852.11
1852.58
1853
1853.36
1853.69
1854
1854.31
1854.62
1854.93
1855.22
1855.49
1855.72
1855.91
1856.04
1856.13
1856.17
1856.16
1856.12
1856.05
1855.95
1855.82
1855.67
1855.5
1855.29
1855.04
1854.78
1854.49
1854.21
1853.91
1853.6
1853.27
1852.93
1852.59
1852.26
1851.92
1851.52
1851.03
1850.43
1849.75
1849.04
1848.34
1847.63
1846.9
1846.11
1845.24
1844.28
1843.28
1842.29
1841.36
1840.5
1839.71
1838.96
1838.19
1837.33
1836.29
1834.99
1833.39
1831.46
1829.23
1826.72
1823.96
1820.98
1817.77
1814.34
1810.67
1806.75
1802.5
1797.89
1792.8
1787.18
1780.84
1773.72
1765.54
1756.13
1744.94
1731.45
1714.63
1692.77
1802.4
1802.65
1804.68
1806.23
1808.11
1809.98
1811.91
1813.86
1815.79
1817.7
1819.57
1821.4
1823.17
1824.87
1826.5
1828.07
1829.57
1831.01
1832.39
1833.71
1834.96
1836.16
1837.28
1838.33
1839.3
1840.19
1841.02
1841.81
1842.55
1843.28
1844
1844.71
1845.43
1846.16
1846.9
1847.65
1848.4
1849.14
1849.83
1850.48
1851.08
1851.62
1852.13
1852.59
1853
1853.36
1853.68
1853.99
1854.3
1854.61
1854.93
1855.22
1855.48
1855.7
1855.88
1856.02
1856.11
1856.16
1856.17
1856.14
1856.07
1855.97
1855.85
1855.71
1855.54
1855.33
1855.09
1854.82
1854.53
1854.22
1853.9
1853.56
1853.2
1852.84
1852.49
1852.17
1851.84
1851.46
1850.98
1850.4
1849.75
1849.06
1848.37
1847.68
1846.97
1846.19
1845.32
1844.35
1843.34
1842.34
1841.39
1840.52
1839.71
1838.96
1838.19
1837.34
1836.32
1835.05
1833.47
1831.58
1829.37
1826.89
1824.13
1821.14
1817.91
1814.45
1810.75
1806.8
1802.54
1797.92
1792.82
1787.2
1780.87
1773.78
1765.6
1756.21
1745
1731.44
1714.35
1691.93
1802.46
1802.67
1804.69
1806.23
1808.12
1810
1811.94
1813.88
1815.81
1817.72
1819.59
1821.41
1823.17
1824.87
1826.51
1828.07
1829.57
1831.01
1832.38
1833.69
1834.94
1836.13
1837.26
1838.31
1839.28
1840.19
1841.03
1841.81
1842.55
1843.28
1844
1844.72
1845.44
1846.17
1846.92
1847.67
1848.42
1849.16
1849.86
1850.51
1851.1
1851.65
1852.14
1852.59
1852.99
1853.35
1853.67
1853.97
1854.28
1854.61
1854.93
1855.22
1855.48
1855.69
1855.86
1856
1856.1
1856.16
1856.18
1856.16
1856.09
1856
1855.88
1855.74
1855.58
1855.37
1855.13
1854.86
1854.55
1854.23
1853.89
1853.52
1853.13
1852.74
1852.39
1852.07
1851.75
1851.39
1850.93
1850.38
1849.75
1849.09
1848.42
1847.75
1847.05
1846.28
1845.4
1844.43
1843.41
1842.39
1841.42
1840.53
1839.71
1838.95
1838.18
1837.34
1836.34
1835.1
1833.55
1831.69
1829.51
1827.04
1824.29
1821.29
1818.03
1814.55
1810.82
1806.86
1802.58
1797.96
1792.86
1787.24
1780.92
1773.84
1765.67
1756.3
1745.06
1731.45
1714.09
1691.08
1802.51
1802.67
1804.71
1806.24
1808.13
1810.01
1811.95
1813.9
1815.83
1817.74
1819.6
1821.42
1823.18
1824.88
1826.51
1828.08
1829.58
1831
1832.37
1833.67
1834.92
1836.11
1837.23
1838.29
1839.27
1840.19
1841.03
1841.81
1842.56
1843.29
1844.01
1844.73
1845.45
1846.19
1846.93
1847.69
1848.44
1849.18
1849.88
1850.54
1851.13
1851.67
1852.15
1852.6
1852.99
1853.34
1853.65
1853.96
1854.27
1854.6
1854.92
1855.22
1855.48
1855.69
1855.86
1855.99
1856.1
1856.17
1856.19
1856.17
1856.11
1856.02
1855.9
1855.77
1855.61
1855.41
1855.16
1854.88
1854.57
1854.24
1853.87
1853.48
1853.06
1852.66
1852.3
1851.97
1851.66
1851.32
1850.89
1850.36
1849.76
1849.13
1848.48
1847.83
1847.14
1846.38
1845.5
1844.52
1843.48
1842.44
1841.45
1840.54
1839.7
1838.94
1838.17
1837.34
1836.36
1835.14
1833.62
1831.79
1829.63
1827.17
1824.42
1821.41
1818.14
1814.64
1810.89
1806.92
1802.63
1798
1792.9
1787.3
1780.98
1773.91
1765.75
1756.39
1745.14
1731.47
1713.84
1690.24
1802.55
1802.67
1804.73
1806.24
1808.15
1810.02
1811.97
1813.92
1815.85
1817.75
1819.61
1821.42
1823.18
1824.88
1826.52
1828.08
1829.58
1831
1832.36
1833.66
1834.9
1836.08
1837.21
1838.27
1839.27
1840.19
1841.04
1841.83
1842.57
1843.3
1844.02
1844.75
1845.47
1846.21
1846.95
1847.7
1848.46
1849.21
1849.91
1850.56
1851.15
1851.68
1852.16
1852.6
1852.98
1853.32
1853.64
1853.94
1854.26
1854.59
1854.92
1855.22
1855.47
1855.68
1855.85
1855.99
1856.11
1856.18
1856.21
1856.19
1856.13
1856.04
1855.92
1855.79
1855.63
1855.43
1855.19
1854.9
1854.58
1854.24
1853.86
1853.44
1853.01
1852.59
1852.21
1851.89
1851.58
1851.25
1850.84
1850.35
1849.78
1849.18
1848.56
1847.92
1847.24
1846.48
1845.59
1844.61
1843.55
1842.49
1841.48
1840.55
1839.7
1838.93
1838.16
1837.34
1836.37
1835.17
1833.68
1831.87
1829.73
1827.29
1824.54
1821.52
1818.23
1814.71
1810.96
1806.97
1802.68
1798.06
1792.96
1787.36
1781.05
1774
1765.85
1756.5
1745.23
1731.51
1713.62
1689.39
1802.57
1802.67
1804.75
1806.25
1808.16
1810.04
1811.98
1813.93
1815.86
1817.76
1819.62
1821.42
1823.18
1824.88
1826.52
1828.08
1829.58
1831
1832.35
1833.65
1834.88
1836.06
1837.19
1838.26
1839.26
1840.19
1841.05
1841.84
1842.59
1843.32
1844.04
1844.77
1845.49
1846.23
1846.97
1847.73
1848.49
1849.23
1849.94
1850.59
1851.17
1851.69
1852.16
1852.59
1852.97
1853.31
1853.62
1853.93
1854.25
1854.59
1854.92
1855.22
1855.47
1855.69
1855.86
1856
1856.12
1856.2
1856.23
1856.21
1856.15
1856.05
1855.93
1855.8
1855.64
1855.44
1855.2
1854.91
1854.59
1854.23
1853.85
1853.42
1852.97
1852.54
1852.15
1851.82
1851.51
1851.19
1850.81
1850.35
1849.81
1849.23
1848.64
1848.02
1847.35
1846.58
1845.7
1844.7
1843.63
1842.55
1841.51
1840.56
1839.71
1838.92
1838.15
1837.34
1836.38
1835.2
1833.73
1831.94
1829.82
1827.38
1824.63
1821.6
1818.3
1814.78
1811.01
1807.02
1802.73
1798.12
1793.03
1787.44
1781.14
1774.1
1765.96
1756.62
1745.34
1731.56
1713.41
1688.55
1802.59
1802.67
1804.77
1806.26
1808.17
1810.05
1811.99
1813.93
1815.87
1817.76
1819.61
1821.42
1823.18
1824.88
1826.51
1828.08
1829.58
1831
1832.34
1833.63
1834.86
1836.05
1837.17
1838.25
1839.26
1840.19
1841.06
1841.86
1842.62
1843.35
1844.07
1844.8
1845.52
1846.25
1847
1847.75
1848.51
1849.26
1849.97
1850.62
1851.19
1851.7
1852.17
1852.59
1852.96
1853.29
1853.61
1853.92
1854.24
1854.58
1854.91
1855.22
1855.48
1855.69
1855.87
1856.02
1856.14
1856.21
1856.24
1856.22
1856.16
1856.06
1855.94
1855.81
1855.65
1855.45
1855.2
1854.91
1854.58
1854.23
1853.83
1853.4
1852.95
1852.51
1852.11
1851.77
1851.46
1851.15
1850.79
1850.35
1849.85
1849.3
1848.72
1848.11
1847.45
1846.69
1845.8
1844.79
1843.71
1842.61
1841.55
1840.59
1839.71
1838.92
1838.15
1837.33
1836.38
1835.22
1833.77
1832
1829.9
1827.46
1824.7
1821.67
1818.36
1814.83
1811.06
1807.07
1802.79
1798.18
1793.11
1787.54
1781.25
1774.22
1766.09
1756.76
1745.46
1731.63
1713.22
1687.72
1802.61
1802.66
1804.79
1806.27
1808.18
1810.05
1811.99
1813.93
1815.86
1817.76
1819.61
1821.41
1823.17
1824.87
1826.51
1828.08
1829.57
1830.99
1832.33
1833.62
1834.85
1836.03
1837.16
1838.24
1839.26
1840.2
1841.08
1841.88
1842.64
1843.38
1844.1
1844.83
1845.55
1846.28
1847.02
1847.78
1848.54
1849.29
1850
1850.64
1851.21
1851.71
1852.17
1852.58
1852.95
1853.28
1853.59
1853.91
1854.24
1854.58
1854.91
1855.22
1855.48
1855.7
1855.88
1856.04
1856.16
1856.23
1856.26
1856.23
1856.17
1856.07
1855.95
1855.81
1855.65
1855.44
1855.19
1854.89
1854.57
1854.21
1853.82
1853.39
1852.94
1852.49
1852.09
1851.74
1851.43
1851.13
1850.78
1850.37
1849.89
1849.36
1848.8
1848.21
1847.55
1846.79
1845.9
1844.89
1843.79
1842.67
1841.6
1840.61
1839.73
1838.92
1838.14
1837.33
1836.38
1835.23
1833.8
1832.05
1829.95
1827.53
1824.76
1821.72
1818.41
1814.87
1811.1
1807.12
1802.84
1798.25
1793.19
1787.64
1781.36
1774.35
1766.23
1756.91
1745.6
1731.72
1713.06
1686.91
1802.62
1802.66
1804.81
1806.28
1808.19
1810.05
1811.99
1813.92
1815.85
1817.74
1819.59
1821.4
1823.15
1824.86
1826.5
1828.07
1829.56
1830.98
1832.32
1833.6
1834.83
1836.01
1837.15
1838.23
1839.26
1840.21
1841.1
1841.91
1842.68
1843.41
1844.14
1844.87
1845.59
1846.32
1847.05
1847.81
1848.57
1849.32
1850.03
1850.67
1851.23
1851.72
1852.16
1852.57
1852.93
1853.27
1853.58
1853.9
1854.23
1854.57
1854.9
1855.21
1855.48
1855.7
1855.9
1856.06
1856.18
1856.25
1856.27
1856.24
1856.17
1856.07
1855.95
1855.82
1855.65
1855.44
1855.18
1854.87
1854.54
1854.19
1853.8
1853.38
1852.94
1852.49
1852.09
1851.74
1851.43
1851.12
1850.79
1850.4
1849.94
1849.43
1848.88
1848.29
1847.65
1846.89
1846.01
1844.99
1843.87
1842.74
1841.65
1840.65
1839.75
1838.93
1838.15
1837.32
1836.38
1835.24
1833.82
1832.09
1830
1827.57
1824.81
1821.76
1818.44
1814.91
1811.14
1807.16
1802.89
1798.32
1793.28
1787.74
1781.49
1774.49
1766.38
1757.07
1745.76
1731.83
1712.93
1686.11
1802.62
1802.65
1804.82
1806.28
1808.19
1810.05
1811.98
1813.91
1815.83
1817.72
1819.57
1821.38
1823.14
1824.84
1826.49
1828.06
1829.55
1830.96
1832.31
1833.59
1834.82
1836
1837.14
1838.23
1839.26
1840.23
1841.12
1841.94
1842.71
1843.45
1844.18
1844.91
1845.63
1846.35
1847.09
1847.84
1848.61
1849.35
1850.06
1850.69
1851.24
1851.72
1852.16
1852.56
1852.92
1853.25
1853.57
1853.89
1854.22
1854.56
1854.9
1855.21
1855.48
1855.71
1855.91
1856.08
1856.2
1856.27
1856.28
1856.25
1856.18
1856.08
1855.96
1855.82
1855.64
1855.42
1855.16
1854.85
1854.52
1854.16
1853.79
1853.38
1852.95
1852.51
1852.11
1851.75
1851.44
1851.14
1850.81
1850.43
1849.98
1849.48
1848.95
1848.37
1847.73
1846.99
1846.11
1845.08
1843.96
1842.81
1841.7
1840.69
1839.77
1838.94
1838.15
1837.32
1836.38
1835.24
1833.84
1832.12
1830.04
1827.61
1824.85
1821.8
1818.47
1814.94
1811.17
1807.21
1802.95
1798.39
1793.36
1787.86
1781.62
1774.64
1766.55
1757.24
1745.92
1731.96
1712.82
1685.34
1802.62
1802.64
1804.83
1806.28
1808.19
1810.03
1811.96
1813.88
1815.8
1817.69
1819.54
1821.35
1823.11
1824.82
1826.47
1828.04
1829.53
1830.95
1832.29
1833.57
1834.8
1835.99
1837.14
1838.24
1839.28
1840.25
1841.15
1841.98
1842.76
1843.5
1844.23
1844.95
1845.67
1846.39
1847.12
1847.88
1848.64
1849.39
1850.08
1850.71
1851.25
1851.73
1852.16
1852.55
1852.91
1853.24
1853.55
1853.88
1854.21
1854.55
1854.89
1855.2
1855.48
1855.72
1855.93
1856.1
1856.22
1856.28
1856.29
1856.25
1856.18
1856.08
1855.96
1855.82
1855.64
1855.41
1855.13
1854.82
1854.49
1854.14
1853.77
1853.38
1852.96
1852.54
1852.14
1851.79
1851.48
1851.18
1850.85
1850.46
1850.02
1849.53
1849
1848.44
1847.81
1847.08
1846.2
1845.18
1844.05
1842.89
1841.76
1840.73
1839.8
1838.96
1838.16
1837.32
1836.38
1835.24
1833.84
1832.13
1830.06
1827.64
1824.88
1821.82
1818.49
1814.96
1811.2
1807.24
1803
1798.46
1793.46
1787.97
1781.76
1774.79
1766.72
1757.42
1746.1
1732.1
1712.75
1684.59
1802.6
1802.63
1804.85
1806.28
1808.18
1810.02
1811.94
1813.85
1815.77
1817.66
1819.51
1821.32
1823.08
1824.79
1826.44
1828.02
1829.51
1830.93
1832.27
1833.55
1834.79
1835.99
1837.14
1838.24
1839.29
1840.28
1841.19
1842.02
1842.8
1843.55
1844.28
1845.01
1845.72
1846.43
1847.16
1847.91
1848.67
1849.42
1850.11
1850.73
1851.26
1851.73
1852.15
1852.54
1852.89
1853.22
1853.54
1853.87
1854.2
1854.55
1854.88
1855.19
1855.47
1855.72
1855.94
1856.12
1856.24
1856.3
1856.29
1856.25
1856.18
1856.09
1855.97
1855.82
1855.63
1855.39
1855.11
1854.79
1854.45
1854.11
1853.76
1853.39
1852.99
1852.58
1852.19
1851.85
1851.53
1851.23
1850.89
1850.5
1850.05
1849.57
1849.05
1848.5
1847.89
1847.16
1846.29
1845.27
1844.14
1842.97
1841.83
1840.78
1839.84
1838.99
1838.17
1837.33
1836.37
1835.24
1833.85
1832.14
1830.08
1827.67
1824.9
1821.84
1818.52
1814.99
1811.23
1807.28
1803.05
1798.53
1793.55
1788.09
1781.9
1774.96
1766.89
1757.6
1746.29
1732.26
1712.71
1683.88
1802.57
1802.62
1804.86
1806.28
1808.17
1810
1811.91
1813.82
1815.73
1817.62
1819.47
1821.28
1823.04
1824.76
1826.42
1827.99
1829.49
1830.9
1832.25
1833.54
1834.78
1835.99
1837.15
1838.26
1839.32
1840.31
1841.23
1842.07
1842.86
1843.61
1844.34
1845.06
1845.77
1846.48
1847.2
1847.95
1848.71
1849.45
1850.14
1850.74
1851.27
1851.73
1852.15
1852.53
1852.88
1853.21
1853.53
1853.86
1854.2
1854.54
1854.87
1855.18
1855.47
1855.72
1855.95
1856.14
1856.25
1856.31
1856.3
1856.25
1856.19
1856.09
1855.97
1855.82
1855.63
1855.38
1855.08
1854.76
1854.42
1854.09
1853.75
1853.39
1853.02
1852.63
1852.25
1851.91
1851.6
1851.28
1850.94
1850.54
1850.09
1849.6
1849.09
1848.55
1847.95
1847.24
1846.38
1845.36
1844.23
1843.04
1841.89
1840.83
1839.88
1839.02
1838.19
1837.34
1836.37
1835.24
1833.85
1832.15
1830.1
1827.68
1824.92
1821.87
1818.54
1815.01
1811.26
1807.33
1803.11
1798.61
1793.65
1788.21
1782.04
1775.12
1767.08
1757.8
1746.49
1732.43
1712.7
1683.2
1802.54
1802.61
1804.87
1806.28
1808.16
1809.98
1811.88
1813.78
1815.68
1817.57
1819.42
1821.23
1823
1824.72
1826.38
1827.96
1829.46
1830.87
1832.22
1833.52
1834.77
1835.99
1837.16
1838.28
1839.35
1840.35
1841.28
1842.13
1842.92
1843.67
1844.4
1845.12
1845.83
1846.53
1847.24
1847.98
1848.74
1849.48
1850.16
1850.76
1851.28
1851.74
1852.15
1852.52
1852.87
1853.19
1853.51
1853.85
1854.19
1854.53
1854.86
1855.17
1855.46
1855.73
1855.96
1856.15
1856.27
1856.32
1856.3
1856.26
1856.19
1856.1
1855.98
1855.83
1855.62
1855.36
1855.06
1854.73
1854.39
1854.06
1853.74
1853.4
1853.05
1852.69
1852.33
1851.99
1851.67
1851.35
1850.99
1850.57
1850.11
1849.62
1849.11
1848.59
1848
1847.31
1846.46
1845.45
1844.31
1843.12
1841.96
1840.89
1839.92
1839.05
1838.21
1837.35
1836.38
1835.23
1833.85
1832.15
1830.11
1827.7
1824.94
1821.89
1818.56
1815.04
1811.3
1807.37
1803.17
1798.68
1793.74
1788.33
1782.18
1775.29
1767.26
1757.99
1746.7
1732.62
1712.73
1682.58
1802.5
1802.59
1804.87
1806.27
1808.15
1809.95
1811.84
1813.73
1815.63
1817.51
1819.36
1821.18
1822.95
1824.68
1826.34
1827.92
1829.42
1830.84
1832.2
1833.5
1834.77
1835.99
1837.18
1838.31
1839.4
1840.41
1841.34
1842.2
1842.99
1843.74
1844.47
1845.19
1845.88
1846.58
1847.29
1848.02
1848.77
1849.51
1850.18
1850.78
1851.29
1851.74
1852.14
1852.51
1852.85
1853.18
1853.5
1853.84
1854.18
1854.52
1854.85
1855.16
1855.46
1855.73
1855.97
1856.17
1856.29
1856.33
1856.3
1856.26
1856.19
1856.11
1855.99
1855.83
1855.62
1855.35
1855.04
1854.7
1854.36
1854.04
1853.73
1853.42
1853.09
1852.74
1852.4
1852.07
1851.75
1851.41
1851.04
1850.61
1850.14
1849.64
1849.13
1848.62
1848.05
1847.37
1846.53
1845.53
1844.39
1843.2
1842.02
1840.94
1839.97
1839.08
1838.23
1837.36
1836.38
1835.23
1833.84
1832.16
1830.12
1827.72
1824.96
1821.91
1818.59
1815.07
1811.33
1807.42
1803.23
1798.76
1793.84
1788.45
1782.33
1775.45
1767.45
1758.19
1746.91
1732.82
1712.79
1682.04
1802.48
1802.58
1804.87
1806.26
1808.13
1809.92
1811.8
1813.68
1815.58
1817.45
1819.31
1821.12
1822.9
1824.63
1826.3
1827.88
1829.38
1830.81
1832.17
1833.49
1834.76
1836
1837.2
1838.36
1839.45
1840.48
1841.42
1842.28
1843.07
1843.83
1844.55
1845.26
1845.94
1846.63
1847.33
1848.06
1848.8
1849.53
1850.2
1850.79
1851.3
1851.74
1852.14
1852.5
1852.84
1853.16
1853.49
1853.83
1854.17
1854.52
1854.84
1855.15
1855.45
1855.73
1855.98
1856.18
1856.3
1856.34
1856.31
1856.26
1856.2
1856.11
1856
1855.84
1855.62
1855.34
1855.02
1854.67
1854.33
1854.01
1853.72
1853.43
1853.12
1852.81
1852.48
1852.15
1851.82
1851.48
1851.08
1850.64
1850.15
1849.65
1849.15
1848.64
1848.08
1847.42
1846.6
1845.61
1844.47
1843.27
1842.09
1841
1840.01
1839.12
1838.26
1837.37
1836.39
1835.23
1833.84
1832.16
1830.13
1827.73
1824.98
1821.94
1818.62
1815.11
1811.38
1807.47
1803.29
1798.84
1793.94
1788.57
1782.47
1775.62
1767.63
1758.38
1747.12
1733.03
1712.89
1681.57
1802.44
1802.56
1804.86
1806.25
1808.11
1809.89
1811.76
1813.63
1815.52
1817.39
1819.24
1821.06
1822.84
1824.58
1826.24
1827.83
1829.34
1830.77
1832.14
1833.47
1834.76
1836.02
1837.24
1838.41
1839.52
1840.55
1841.51
1842.37
1843.17
1843.92
1844.63
1845.33
1846
1846.68
1847.37
1848.09
1848.83
1849.55
1850.22
1850.8
1851.3
1851.74
1852.13
1852.49
1852.83
1853.15
1853.48
1853.82
1854.17
1854.51
1854.83
1855.14
1855.44
1855.73
1855.99
1856.19
1856.31
1856.35
1856.31
1856.26
1856.2
1856.12
1856.01
1855.84
1855.62
1855.33
1855
1854.65
1854.31
1853.99
1853.71
1853.44
1853.16
1852.87
1852.55
1852.23
1851.9
1851.53
1851.13
1850.67
1850.17
1849.66
1849.15
1848.65
1848.11
1847.47
1846.67
1845.68
1844.54
1843.34
1842.15
1841.05
1840.06
1839.16
1838.29
1837.39
1836.39
1835.24
1833.85
1832.17
1830.14
1827.75
1825
1821.96
1818.65
1815.14
1811.42
1807.52
1803.36
1798.92
1794.04
1788.69
1782.61
1775.78
1767.81
1758.58
1747.33
1733.24
1713.01
1681.23
1802.41
1802.55
1804.85
1806.24
1808.09
1809.86
1811.71
1813.58
1815.46
1817.33
1819.18
1821
1822.78
1824.52
1826.19
1827.78
1829.29
1830.73
1832.11
1833.45
1834.77
1836.04
1837.28
1838.47
1839.59
1840.64
1841.6
1842.47
1843.27
1844.01
1844.72
1845.4
1846.07
1846.72
1847.4
1848.12
1848.85
1849.57
1850.23
1850.81
1851.31
1851.74
1852.13
1852.49
1852.82
1853.14
1853.47
1853.81
1854.16
1854.5
1854.82
1855.13
1855.43
1855.72
1856
1856.2
1856.32
1856.36
1856.31
1856.26
1856.21
1856.13
1856.01
1855.85
1855.62
1855.33
1854.99
1854.63
1854.28
1853.97
1853.7
1853.44
1853.19
1852.92
1852.62
1852.3
1851.96
1851.59
1851.17
1850.69
1850.18
1849.66
1849.16
1848.67
1848.14
1847.51
1846.73
1845.75
1844.61
1843.4
1842.21
1841.11
1840.11
1839.2
1838.32
1837.41
1836.41
1835.25
1833.86
1832.18
1830.16
1827.77
1825.03
1822
1818.69
1815.19
1811.47
1807.58
1803.43
1799
1794.13
1788.8
1782.74
1775.93
1767.98
1758.77
1747.53
1733.47
1713.17
1681.05
1802.36
1802.54
1804.84
1806.22
1808.06
1809.82
1811.66
1813.52
1815.39
1817.26
1819.11
1820.93
1822.72
1824.45
1826.13
1827.72
1829.24
1830.68
1832.08
1833.44
1834.77
1836.07
1837.32
1838.53
1839.68
1840.74
1841.7
1842.58
1843.37
1844.1
1844.8
1845.47
1846.12
1846.77
1847.44
1848.14
1848.87
1849.59
1850.24
1850.82
1851.31
1851.74
1852.13
1852.48
1852.81
1853.13
1853.46
1853.8
1854.16
1854.5
1854.82
1855.12
1855.43
1855.72
1856
1856.21
1856.33
1856.36
1856.32
1856.27
1856.21
1856.13
1856.02
1855.86
1855.62
1855.33
1854.98
1854.62
1854.26
1853.95
1853.68
1853.45
1853.22
1852.97
1852.68
1852.37
1852.02
1851.63
1851.2
1850.71
1850.19
1849.66
1849.16
1848.67
1848.16
1847.55
1846.78
1845.81
1844.67
1843.46
1842.26
1841.15
1840.15
1839.23
1838.35
1837.43
1836.42
1835.26
1833.87
1832.2
1830.17
1827.8
1825.06
1822.03
1818.73
1815.23
1811.52
1807.64
1803.49
1799.08
1794.23
1788.91
1782.87
1776.07
1768.15
1758.95
1747.73
1733.68
1713.34
1681.04
1802.33
1802.53
1804.83
1806.2
1808.03
1809.79
1811.62
1813.46
1815.33
1817.19
1819.04
1820.87
1822.65
1824.39
1826.07
1827.67
1829.19
1830.64
1832.05
1833.43
1834.78
1836.09
1837.37
1838.6
1839.75
1840.83
1841.8
1842.67
1843.46
1844.19
1844.88
1845.53
1846.17
1846.81
1847.46
1848.16
1848.89
1849.6
1850.25
1850.82
1851.31
1851.74
1852.12
1852.47
1852.8
1853.12
1853.45
1853.8
1854.15
1854.49
1854.81
1855.11
1855.42
1855.72
1856
1856.22
1856.34
1856.37
1856.32
1856.27
1856.21
1856.14
1856.03
1855.86
1855.62
1855.32
1854.97
1854.6
1854.25
1853.93
1853.68
1853.46
1853.24
1853.01
1852.74
1852.42
1852.06
1851.67
1851.22
1850.72
1850.19
1849.66
1849.15
1848.67
1848.17
1847.58
1846.82
1845.85
1844.72
1843.51
1842.3
1841.19
1840.18
1839.26
1838.37
1837.45
1836.43
1835.26
1833.87
1832.2
1830.18
1827.82
1825.09
1822.06
1818.76
1815.27
1811.57
1807.69
1803.55
1799.15
1794.3
1788.99
1782.97
1776.19
1768.28
1759.1
1747.9
1733.88
1713.51
1681.24
1802.28
1802.51
1804.8
1806.17
1807.99
1809.74
1811.56
1813.39
1815.25
1817.12
1818.97
1820.8
1822.59
1824.33
1826.01
1827.61
1829.14
1830.6
1832.02
1833.41
1834.78
1836.12
1837.41
1838.65
1839.82
1840.9
1841.88
1842.75
1843.54
1844.26
1844.94
1845.59
1846.21
1846.84
1847.49
1848.18
1848.9
1849.61
1850.26
1850.83
1851.31
1851.74
1852.12
1852.47
1852.79
1853.11
1853.44
1853.79
1854.14
1854.48
1854.8
1855.11
1855.41
1855.71
1856
1856.22
1856.34
1856.36
1856.31
1856.26
1856.2
1856.13
1856.02
1855.85
1855.61
1855.31
1854.96
1854.59
1854.23
1853.92
1853.67
1853.46
1853.27
1853.05
1852.78
1852.47
1852.11
1851.7
1851.25
1850.74
1850.2
1849.66
1849.15
1848.68
1848.19
1847.62
1846.86
1845.91
1844.77
1843.56
1842.35
1841.24
1840.23
1839.3
1838.4
1837.48
1836.46
1835.29
1833.89
1832.23
1830.22
1827.86
1825.13
1822.11
1818.81
1815.33
1811.63
1807.76
1803.63
1799.23
1794.4
1789.11
1783.11
1776.34
1768.45
1759.29
1748.12
1734.14
1713.75
1681.62
1802.26
1802.5
1804.78
1806.15
1807.96
1809.69
1811.5
1813.33
1815.19
1817.05
1818.9
1820.73
1822.53
1824.27
1825.95
1827.56
1829.09
1830.56
1831.99
1833.4
1834.78
1836.14
1837.44
1838.69
1839.87
1840.96
1841.94
1842.81
1843.59
1844.31
1844.98
1845.62
1846.24
1846.86
1847.5
1848.19
1848.91
1849.61
1850.26
1850.83
1851.31
1851.73
1852.11
1852.46
1852.78
1853.1
1853.43
1853.78
1854.14
1854.48
1854.8
1855.1
1855.41
1855.71
1856
1856.22
1856.35
1856.37
1856.32
1856.27
1856.21
1856.15
1856.04
1855.87
1855.63
1855.32
1854.97
1854.59
1854.22
1853.91
1853.66
1853.46
1853.28
1853.07
1852.81
1852.5
1852.13
1851.72
1851.26
1850.75
1850.2
1849.66
1849.15
1848.68
1848.21
1847.64
1846.9
1845.94
1844.81
1843.6
1842.39
1841.27
1840.26
1839.33
1838.42
1837.5
1836.47
1835.3
1833.91
1832.25
1830.24
1827.88
1825.16
1822.14
1818.85
1815.36
1811.67
1807.8
1803.68
1799.29
1794.47
1789.18
1783.19
1776.43
1768.56
1759.4
1748.25
1734.3
1713.89
1681.9
1802.19
1802.48
1804.73
1806.11
1807.9
1809.63
1811.44
1813.26
1815.11
1816.98
1818.83
1820.66
1822.46
1824.21
1825.89
1827.5
1829.04
1830.52
1831.97
1833.39
1834.78
1836.14
1837.46
1838.72
1839.9
1840.99
1841.97
1842.84
1843.62
1844.34
1845.01
1845.65
1846.26
1846.87
1847.51
1848.19
1848.91
1849.61
1850.26
1850.82
1851.31
1851.73
1852.11
1852.46
1852.78
1853.09
1853.42
1853.78
1854.13
1854.48
1854.79
1855.1
1855.4
1855.71
1856
1856.23
1856.35
1856.37
1856.32
1856.27
1856.22
1856.15
1856.04
1855.87
1855.63
1855.33
1854.96
1854.58
1854.21
1853.9
1853.65
1853.46
1853.29
1853.09
1852.84
1852.53
1852.17
1851.75
1851.28
1850.76
1850.21
1849.66
1849.15
1848.68
1848.21
1847.65
1846.92
1845.97
1844.84
1843.63
1842.42
1841.29
1840.27
1839.34
1838.43
1837.5
1836.48
1835.31
1833.91
1832.25
1830.25
1827.9
1825.19
1822.17
1818.88
1815.4
1811.72
1807.86
1803.74
1799.36
1794.55
1789.28
1783.31
1776.57
1768.72
1759.6
1748.5
1734.6
1714.21
1682.62
1802.15
1802.46
1804.7
1806.08
1807.87
1809.59
1811.39
1813.21
1815.06
1816.92
1818.78
1820.62
1822.41
1824.17
1825.85
1827.47
1829.01
1830.49
1831.95
1833.38
1834.78
1836.15
1837.47
1838.73
1839.91
1841
1841.98
1842.86
1843.64
1844.35
1845.02
1845.66
1846.27
1846.88
1847.52
1848.2
1848.91
1849.61
1850.26
1850.82
1851.3
1851.72
1852.1
1852.45
1852.77
1853.08
1853.41
1853.77
1854.13
1854.47
1854.79
1855.09
1855.4
1855.7
1855.98
1856.2
1856.32
1856.34
1856.29
1856.24
1856.18
1856.12
1856.01
1855.84
1855.6
1855.29
1854.93
1854.54
1854.18
1853.86
1853.62
1853.44
1853.27
1853.07
1852.83
1852.52
1852.15
1851.73
1851.26
1850.73
1850.17
1849.62
1849.1
1848.63
1848.16
1847.61
1846.88
1845.93
1844.8
1843.58
1842.37
1841.24
1840.22
1839.29
1838.38
1837.44
1836.41
1835.23
1833.84
1832.17
1830.17
1827.82
1825.1
1822.09
1818.8
1815.33
1811.64
1807.78
1803.67
1799.29
1794.48
1789.21
1783.25
1776.52
1768.68
1759.57
1748.49
1734.59
1714.18
1683.18
1802.09
1802.44
1804.64
1806.04
1807.81
1809.54
1811.33
1813.15
1815.01
1816.87
1818.73
1820.57
1822.37
1824.13
1825.82
1827.43
1828.98
1830.47
1831.92
1833.36
1834.77
1836.14
1837.46
1838.72
1839.9
1840.99
1841.97
1842.85
1843.63
1844.34
1845.01
1845.65
1846.26
1846.87
1847.51
1848.19
1848.9
1849.6
1850.25
1850.81
1851.3
1851.72
1852.1
1852.44
1852.76
1853.08
1853.41
1853.76
1854.12
1854.46
1854.78
1855.08
1855.39
1855.7
1855.99
1856.22
1856.35
1856.38
1856.33
1856.27
1856.22
1856.16
1856.05
1855.89
1855.65
1855.34
1854.98
1854.59
1854.22
1853.9
1853.66
1853.48
1853.32
1853.13
1852.89
1852.58
1852.21
1851.8
1851.33
1850.8
1850.25
1849.69
1849.18
1848.71
1848.24
1847.7
1846.97
1846.04
1844.92
1843.7
1842.49
1841.36
1840.33
1839.4
1838.49
1837.55
1836.52
1835.36
1833.97
1832.32
1830.33
1828
1825.3
1822.3
1819.02
1815.55
1811.87
1808.03
1803.92
1799.56
1794.77
1789.52
1783.58
1776.88
1769.08
1760.01
1748.99
1735.19
1714.96
1685.2
1691.46
1687.98
1684.38
1680.61
1676.79
1672.73
1668.33
1663.69
1658.91
1653.94
1648.74
1643.2
1637.36
1631.17
1624.68
1617.93
1610.83
1603.53
1595.96
1588.11
1579.93
1571.44
1562.62
1553.49
1544.05
1534.31
1524.28
1513.95
1503.35
1492.48
1481.34
1469.97
1458.35
1446.52
1434.48
1422.26
1409.85
1397.3
1384.59
1371.78
1358.83
1345.81
1332.69
1319.53
1306.29
1293.04
1279.74
1266.46
1253.14
1239.88
1226.59
1213.36
1200.09
1186.84
1173.49
1160.11
1146.48
1132.85
1119.06
1105.37
1092.07
1079.39
1066.91
1055.37
1044.43
1034.05
1024.47
1016.14
1008.32
1001.54
996.11
991.591
987.969
984.684
984.966
986.588
990.173
995.158
1007.66
785.574
1690.66
1687.17
1683.54
1679.75
1675.82
1671.67
1667.21
1662.55
1657.66
1652.61
1647.38
1641.85
1636.07
1630
1623.57
1616.81
1609.77
1602.41
1594.75
1586.79
1578.5
1569.91
1561
1551.78
1542.25
1532.43
1522.32
1511.92
1501.25
1490.31
1479.12
1467.7
1456.04
1444.17
1432.1
1419.86
1407.44
1394.89
1382.18
1369.37
1356.44
1343.44
1330.34
1317.2
1303.99
1290.78
1277.5
1264.26
1250.97
1237.72
1224.41
1211.11
1197.74
1184.33
1170.77
1157.25
1143.64
1130.17
1117.06
1104.41
1092
1080.29
1068.74
1057.61
1047.32
1037.88
1028.35
1020.58
1013.65
1007.2
1002.33
999.204
997.833
997.75
998.641
1000.84
1002.61
1003.94
1008.53
789.41
1690.81
1687.28
1683.61
1679.72
1675.6
1671.35
1666.91
1662.22
1657.26
1652.03
1646.54
1640.82
1634.85
1628.67
1622.17
1615.26
1608.06
1600.55
1592.72
1584.59
1576.15
1567.42
1558.37
1549.02
1539.37
1529.42
1519.19
1508.68
1497.9
1486.87
1475.59
1464.09
1452.37
1440.45
1428.33
1416.06
1403.61
1391.03
1378.31
1365.5
1352.57
1339.58
1326.49
1313.37
1300.18
1286.99
1273.73
1260.49
1247.19
1233.88
1220.49
1207.03
1193.46
1179.87
1166.18
1152.72
1139.61
1126.82
1114.87
1103.48
1092.09
1081.18
1071.36
1061.06
1051.66
1043.92
1035.9
1028.51
1023.74
1019.16
1014.84
1013.93
1012.98
1013.1
1012.68
1012.88
1012.34
1010.99
1011.46
785.676
1690.37
1686.78
1683.04
1679.06
1674.8
1670.39
1665.85
1661.06
1655.97
1650.55
1644.83
1638.86
1632.76
1626.52
1619.85
1612.81
1605.44
1597.74
1589.71
1581.38
1572.74
1563.81
1554.56
1545.02
1535.18
1525.06
1514.65
1503.99
1493.06
1481.9
1470.5
1458.9
1447.08
1435.09
1422.91
1410.59
1398.11
1385.51
1372.79
1359.98
1347.06
1334.09
1321.03
1307.95
1294.79
1281.62
1268.39
1255.12
1241.77
1228.32
1214.78
1201.15
1187.48
1174
1160.82
1148.12
1136.41
1125.17
1114.24
1104.07
1094.05
1083.83
1075.61
1067.59
1058.81
1052.79
1047.98
1041.32
1039.02
1037.53
1033.89
1032.69
1031.14
1028.95
1026.13
1023.74
1021.02
1017.21
1016.35
786.209
1689.72
1686.03
1682.21
1678.14
1673.81
1669.24
1664.53
1659.59
1654.37
1648.83
1642.99
1636.89
1630.49
1623.91
1616.93
1609.66
1602.05
1594.1
1585.83
1577.23
1568.33
1559.13
1549.63
1539.85
1529.77
1519.43
1508.82
1497.96
1486.86
1475.54
1464
1452.27
1440.35
1428.27
1416.03
1403.66
1391.15
1378.53
1365.81
1353
1340.11
1327.16
1314.14
1301.08
1287.95
1274.77
1261.5
1248.13
1234.66
1221.05
1207.44
1193.94
1180.72
1168.08
1156.36
1145.12
1134.82
1125.1
1115.09
1106.01
1098.15
1089.41
1082.02
1077.1
1070.51
1065.47
1064.19
1059.95
1057.24
1056.72
1053.26
1049.45
1046.19
1042.21
1037.42
1032.91
1028.57
1023.28
1021.69
787.537
1688.92
1685.11
1681.18
1677
1672.56
1667.85
1662.92
1657.77
1652.36
1646.63
1640.58
1634.26
1627.6
1620.57
1613.32
1605.77
1597.88
1589.64
1581.06
1572.16
1562.94
1553.43
1543.62
1533.55
1523.19
1512.59
1501.73
1490.65
1479.35
1467.85
1456.15
1444.29
1432.26
1420.1
1407.79
1395.37
1382.83
1370.2
1357.48
1344.69
1331.82
1318.89
1305.89
1292.83
1279.68
1266.43
1253.06
1239.56
1226.01
1212.55
1199.36
1186.78
1175.01
1164.01
1154.15
1144.49
1135
1126.73
1118.45
1110.31
1104.68
1098.71
1092.13
1090.17
1086.75
1082.66
1082.26
1079.73
1074.98
1072.51
1068.78
1063.51
1058.35
1053.29
1047.83
1042.39
1037.14
1030.93
1028.48
790.435
1688.01
1684.07
1680.01
1675.68
1671.1
1666.23
1661.08
1655.68
1650.01
1644.03
1637.71
1631.09
1624.15
1616.77
1609.14
1601.22
1592.96
1584.37
1575.43
1566.16
1556.57
1546.7
1536.55
1526.13
1515.47
1504.57
1493.44
1482.11
1470.59
1458.89
1447.03
1435.02
1422.88
1410.61
1398.24
1385.76
1373.2
1360.56
1347.84
1335.05
1322.19
1309.26
1296.25
1283.13
1269.92
1256.57
1243.16
1229.83
1216.71
1204.28
1192.55
1181.75
1172.12
1162.62
1153.91
1145.96
1137.49
1130.67
1125.01
1118.19
1114.61
1111.92
1107.06
1106.32
1104.66
1100.23
1097.94
1095.16
1089.89
1084.89
1080.08
1074.67
1068.99
1063.33
1057.49
1051.59
1045.77
1038.73
1035.4
786.866
1687.02
1682.93
1678.7
1674.2
1669.44
1664.38
1659
1653.32
1647.35
1641.06
1634.41
1627.49
1620.14
1612.39
1604.33
1595.97
1587.29
1578.27
1568.91
1559.23
1549.24
1538.96
1528.42
1517.63
1506.62
1495.4
1483.98
1472.38
1460.62
1448.72
1436.68
1424.53
1412.27
1399.91
1387.47
1374.95
1362.35
1349.69
1336.96
1324.17
1311.29
1298.32
1285.24
1272.04
1258.8
1245.57
1232.52
1220.17
1208.52
1198
1188.76
1179.76
1171.76
1163.95
1155.89
1149.89
1143.67
1137.91
1135.18
1130.72
1128.3
1127.79
1123.71
1121.46
1119.56
1115.12
1110.35
1106.16
1101.09
1095.59
1090.02
1084.35
1078.57
1072.71
1066.58
1060.22
1053.91
1046.18
1042.55
787.832
1685.95
1681.68
1677.28
1672.57
1667.59
1662.3
1656.66
1650.68
1644.36
1637.71
1630.66
1623.34
1615.56
1607.38
1598.85
1590
1580.82
1571.32
1561.49
1551.35
1540.9
1530.19
1519.22
1508.04
1496.65
1485.09
1473.36
1461.5
1449.49
1437.39
1425.17
1412.88
1400.5
1388.05
1375.54
1362.97
1350.34
1337.65
1324.89
1312.05
1299.14
1286.12
1273.06
1260.05
1247.21
1234.96
1223.48
1213.12
1203.96
1195.17
1187.71
1180.33
1173.14
1167.61
1161.28
1156.91
1153.71
1149.42
1148.56
1146.29
1142.84
1141.73
1138.32
1133.88
1130.37
1125.97
1120.78
1115.63
1110.24
1104.76
1099.16
1093.31
1087.16
1080.88
1074.4
1067.68
1061.05
1052.93
1048.98
790.317
1684.81
1680.35
1675.75
1670.81
1665.56
1659.99
1654.05
1647.73
1641.03
1633.95
1626.54
1618.67
1610.39
1601.72
1592.67
1583.27
1573.54
1563.5
1553.14
1542.49
1531.56
1520.37
1508.96
1497.36
1485.58
1473.67
1461.63
1449.48
1437.24
1424.93
1412.54
1400.1
1387.61
1375.08
1362.49
1349.86
1337.18
1324.44
1311.64
1298.77
1285.83
1272.93
1260.21
1248.05
1236.53
1226.36
1217.67
1209.66
1202.84
1195.76
1189.18
1183.74
1177.82
1174.36
1170.68
1167.69
1166.97
1163.8
1161.72
1160.03
1155.8
1152.34
1148.8
1144.11
1139.35
1134.56
1129.47
1124.25
1118.77
1113.02
1107.05
1100.94
1094.56
1087.97
1081.18
1074.16
1067.3
1059.02
1054.8
787.236
1683.61
1678.93
1674.1
1668.9
1663.35
1657.45
1651.15
1644.45
1637.32
1629.78
1621.84
1613.43
1604.61
1595.38
1585.74
1575.75
1565.41
1554.76
1543.82
1532.62
1521.16
1509.49
1497.61
1485.58
1473.42
1461.15
1448.79
1436.37
1423.89
1411.38
1398.83
1386.26
1373.65
1361.02
1348.36
1335.67
1322.93
1310.18
1297.4
1284.7
1272.22
1260.2
1249.04
1238.94
1230.05
1222.16
1215.55
1209.04
1203.62
1198.63
1193.36
1190.26
1186.39
1184.58
1183.44
1180.5
1179.32
1176.96
1172.9
1169.88
1166.02
1161.44
1157.01
1152.41
1147.54
1142.51
1137.24
1131.78
1126.1
1120.17
1113.96
1107.5
1100.83
1094.01
1087.06
1079.87
1072.84
1064.39
1059.93
787.875
1682.35
1677.42
1672.34
1666.83
1660.96
1654.67
1647.95
1640.8
1633.18
1625.16
1616.61
1607.61
1598.16
1588.3
1578.02
1567.36
1556.37
1545.07
1533.51
1521.71
1509.7
1497.51
1485.16
1472.71
1460.15
1447.53
1434.87
1422.18
1409.48
1396.77
1384.06
1371.34
1358.64
1345.9
1333.17
1320.44
1307.7
1295.07
1282.62
1270.53
1259.32
1249.23
1240.68
1233.65
1227.86
1221.94
1216.79
1211.71
1207.14
1204.44
1201.11
1200.15
1198.61
1196.25
1195.24
1192.36
1189
1186.23
1182.3
1178.06
1173.87
1169.44
1164.75
1159.84
1154.75
1149.53
1144.06
1138.36
1132.39
1126.19
1119.77
1113.15
1106.34
1099.32
1092.18
1084.81
1077.64
1069.02
1064.55
788.6
1681.01
1675.82
1670.46
1664.61
1658.36
1651.64
1644.44
1636.76
1628.63
1619.97
1610.78
1601.12
1590.99
1580.42
1569.43
1558.07
1546.36
1534.37
1522.14
1509.72
1497.13
1484.42
1471.6
1458.72
1445.78
1432.83
1419.88
1406.93
1394.02
1381.11
1368.25
1355.4
1342.58
1329.82
1317.08
1304.54
1292.23
1280.36
1269.32
1259.4
1250.8
1243.49
1237.21
1231.89
1227.98
1223.71
1220.06
1217.24
1214.08
1213.67
1212.17
1210.69
1209.96
1207
1204.16
1201.31
1197.41
1193.63
1189.75
1185.6
1181.17
1176.45
1171.59
1166.53
1161.17
1155.62
1149.87
1143.94
1137.8
1131.43
1124.84
1118.03
1111.06
1103.9
1096.65
1089.15
1081.86
1073.04
1068.59
789.669
1679.6
1674.11
1668.43
1662.22
1655.53
1648.32
1640.58
1632.31
1623.56
1614.2
1604.3
1593.9
1583
1571.66
1559.9
1547.77
1535.32
1522.61
1509.69
1496.62
1483.45
1470.2
1456.92
1443.61
1430.33
1417.04
1403.82
1390.63
1377.5
1364.44
1351.4
1338.5
1325.64
1312.96
1300.55
1288.5
1277.33
1267.01
1258.29
1251.69
1246.52
1242.07
1238.09
1233.72
1230.53
1228.1
1226.46
1226.43
1224.58
1223.56
1222.81
1219.87
1217.92
1215.43
1211.74
1208.29
1204.57
1200.66
1196.54
1192.16
1187.62
1182.78
1177.61
1172.24
1166.69
1160.95
1154.99
1148.83
1142.47
1135.93
1129.2
1122.28
1115.2
1107.9
1100.52
1092.88
1085.51
1076.55
1072.16
791.924
1678.13
1672.3
1666.26
1659.63
1652.45
1644.7
1636.33
1627.47
1617.93
1607.8
1597.1
1585.87
1574.14
1561.95
1549.36
1536.41
1523.19
1509.73
1496.12
1482.39
1468.64
1454.87
1441.12
1427.42
1413.77
1400.2
1386.68
1373.3
1359.96
1346.77
1333.71
1320.85
1308.39
1296.32
1285.22
1275.15
1266.54
1259.45
1253.39
1248.82
1245.43
1242.64
1240.4
1237.81
1236.42
1236.31
1235.28
1235.45
1234.6
1231.91
1230.59
1227.85
1224.46
1221.83
1218.5
1214.83
1210.99
1206.88
1202.63
1198.09
1193.2
1188.12
1182.84
1177.31
1171.56
1165.59
1159.43
1153.09
1146.56
1139.85
1132.99
1125.93
1118.75
1111.37
1103.91
1096.16
1088.68
1079.66
1075.01
789.296
1676.59
1670.37
1663.94
1656.82
1649.1
1640.73
1631.65
1622.04
1611.68
1600.69
1589.09
1576.95
1564.29
1551.2
1537.71
1523.92
1509.88
1495.68
1481.35
1467.02
1452.66
1438.4
1424.19
1410.11
1396.11
1382.26
1368.52
1354.93
1341.52
1328.29
1315.5
1303.06
1291.44
1280.92
1271.72
1264.49
1259.39
1255.99
1253.21
1250.1
1247.39
1245.41
1245.73
1245.68
1245.03
1245.43
1243.8
1242.55
1242.03
1239.11
1236.69
1234.34
1230.84
1227.67
1224.37
1220.64
1216.72
1212.48
1207.9
1203.12
1198.15
1192.91
1187.41
1181.71
1175.81
1169.68
1163.34
1156.8
1150.11
1143.25
1136.28
1129.12
1121.85
1114.36
1106.81
1098.97
1091.41
1082.34
1077.58
790.282
1674.96
1668.32
1661.45
1653.78
1645.43
1636.35
1626.6
1616.03
1604.75
1592.8
1580.21
1567.06
1553.39
1539.32
1524.88
1510.21
1495.34
1480.38
1465.4
1450.41
1435.54
1420.75
1406.15
1391.65
1377.38
1363.25
1349.37
1335.72
1322.48
1309.78
1297.96
1287.34
1278.11
1270.9
1264.98
1260.23
1257.12
1255.44
1254.05
1252.72
1252.45
1252.04
1253.06
1253.89
1252.72
1252.51
1251.09
1248.47
1247.52
1245.18
1242.26
1239.84
1236.59
1233.1
1229.58
1225.74
1221.59
1217.22
1212.6
1207.65
1202.45
1197.05
1191.45
1185.59
1179.5
1173.19
1166.71
1160.04
1153.22
1146.23
1139.14
1131.86
1124.5
1116.93
1109.31
1101.39
1093.75
1084.59
1079.8
791.949
1673.26
1666.14
1658.76
1650.47
1641.41
1631.5
1620.88
1609.36
1597.06
1584.03
1570.35
1556.07
1541.35
1526.19
1510.82
1495.18
1479.53
1463.79
1448.15
1432.6
1417.18
1401.97
1386.91
1372.14
1357.57
1343.35
1329.47
1316.15
1303.54
1292.11
1282.01
1273.83
1267.92
1264.3
1262.3
1260.72
1258.55
1257.22
1257.87
1258.73
1260.31
1259.83
1259.9
1260.48
1258.89
1257.93
1257
1254.11
1252.38
1250.35
1247.43
1244.72
1241.58
1237.96
1234.16
1230.16
1225.93
1221.43
1216.65
1211.6
1206.31
1200.73
1194.93
1188.91
1182.71
1176.28
1169.68
1162.88
1155.94
1148.83
1141.62
1134.24
1126.79
1119.12
1111.42
1103.43
1095.74
1086.52
1081.71
793.175
1671.49
1663.82
1655.87
1646.87
1636.98
1626.3
1614.56
1601.94
1588.49
1574.26
1559.37
1543.92
1528
1511.81
1495.34
1478.89
1462.29
1445.94
1429.57
1413.52
1397.58
1381.96
1366.59
1351.54
1336.96
1322.88
1309.71
1297.72
1287.32
1279.05
1272.41
1267.72
1264.37
1262.49
1261.88
1261.78
1261.86
1262.68
1264.07
1265.21
1266.91
1266.4
1265.48
1265.57
1263.95
1262.43
1261.72
1259.3
1256.93
1254.8
1251.95
1248.99
1245.8
1242.16
1238.26
1234.09
1229.69
1225.09
1220.23
1215.04
1209.59
1203.89
1197.97
1191.83
1185.49
1178.94
1172.24
1165.33
1158.3
1151.08
1143.77
1136.27
1128.72
1120.98
1113.22
1105.16
1097.43
1088.15
1083.31
794.345
1669.64
1661.34
1652.74
1642.92
1632.1
1620.33
1607.48
1593.65
1578.88
1563.38
1547.14
1530.45
1513.3
1495.98
1478.52
1461.08
1443.79
1426.6
1409.78
1393.06
1376.83
1360.77
1345.27
1330.27
1316
1302.82
1291.07
1281.26
1273.75
1268.91
1266.56
1265.67
1264.83
1263.59
1264.14
1266.05
1267.85
1269.87
1270.37
1270.69
1271.69
1271.58
1270.22
1269.92
1268.58
1266.6
1265.74
1263.78
1261.19
1258.75
1255.87
1252.75
1249.46
1245.81
1241.84
1237.58
1233.07
1228.29
1223.27
1218
1212.47
1206.65
1200.61
1194.34
1187.9
1181.26
1174.47
1167.46
1160.33
1153.01
1145.61
1138.03
1130.39
1122.55
1114.72
1106.6
1098.84
1089.52
1084.68
795.667
1667.69
1658.68
1649.32
1638.59
1626.76
1613.73
1599.56
1584.31
1568.17
1551.15
1533.59
1515.47
1497.15
1478.62
1460.2
1441.81
1423.79
1405.93
1388.52
1371.45
1354.75
1338.78
1323.32
1309.17
1296.49
1285.9
1277.91
1271.91
1268.17
1265.48
1265.23
1265.5
1266.42
1267.58
1269.29
1271.66
1273.43
1275.16
1275.44
1275.1
1275.35
1275.6
1274.29
1273.65
1272.67
1270.5
1269.2
1267.43
1264.92
1262.27
1259.3
1256.05
1252.63
1248.95
1244.97
1240.63
1235.99
1231.08
1225.93
1220.52
1214.88
1208.97
1202.86
1196.5
1189.97
1183.23
1176.34
1169.25
1162.05
1154.65
1147.16
1139.49
1131.77
1123.86
1115.99
1107.82
1100.02
1090.68
1085.72
797.072
1665.67
1655.83
1645.6
1633.76
1620.74
1606.3
1590.66
1573.86
1556.1
1537.56
1518.45
1498.97
1479.34
1459.73
1440.26
1421.13
1402.25
1383.95
1365.9
1348.61
1331.97
1316.22
1302.09
1289.31
1279.25
1271.9
1267.81
1266.64
1266.39
1265.92
1266.44
1268.07
1270.98
1273.21
1275.31
1276.58
1277.62
1278.91
1279.55
1279.05
1278.78
1279.06
1277.92
1276.93
1276.16
1274.11
1272.31
1270.5
1268.1
1265.37
1262.33
1258.98
1255.43
1251.67
1247.63
1243.25
1238.52
1233.47
1228.19
1222.68
1216.96
1210.98
1204.78
1198.34
1191.73
1184.91
1177.95
1170.78
1163.5
1156.03
1148.47
1140.74
1132.96
1124.98
1117.05
1108.82
1100.98
1091.62
1086.56
797.898
1663.54
1652.75
1641.47
1628.47
1613.96
1598
1580.6
1562.07
1542.57
1522.31
1501.64
1480.73
1459.82
1439.15
1418.71
1398.83
1379.31
1360.45
1342.32
1324.92
1309.36
1295.1
1284.07
1275.58
1269.75
1266.39
1264.84
1265.15
1266.43
1268.23
1270.39
1272.67
1275.68
1277.68
1279.7
1280.39
1280.99
1281.99
1282.84
1282.55
1281.92
1282.03
1281.08
1279.81
1279.04
1277.28
1275.19
1273.17
1270.78
1268.03
1264.96
1261.54
1257.89
1254.02
1249.9
1245.44
1240.64
1235.51
1230.12
1224.49
1218.68
1212.62
1206.38
1199.87
1193.2
1186.29
1179.26
1172.03
1164.7
1157.17
1149.56
1141.76
1133.92
1125.9
1117.93
1109.67
1101.78
1092.35
1087.37
799.02
1661.32
1649.4
1636.92
1622.52
1606.36
1588.51
1569.22
1548.74
1527.3
1505.29
1482.98
1460.63
1438.54
1416.76
1395.58
1374.87
1355.04
1335.83
1318.16
1301.9
1287.9
1276.78
1268.99
1264.9
1265.02
1264.9
1265.11
1266.51
1269.2
1272.69
1275.22
1277.35
1279.36
1280.98
1282.89
1283.63
1284.11
1284.81
1285.53
1285.52
1284.76
1284.6
1283.82
1282.36
1281.48
1279.92
1277.78
1275.55
1273.06
1270.28
1267.2
1263.77
1260.05
1256.05
1251.8
1247.25
1242.4
1237.2
1231.74
1226.03
1220.14
1214.02
1207.72
1201.16
1194.42
1187.46
1180.38
1173.1
1165.71
1158.13
1150.47
1142.63
1134.76
1126.7
1118.67
1110.38
1102.44
1092.91
1088.18
800.512
1658.97
1645.76
1631.79
1615.78
1597.61
1577.76
1556.2
1533.63
1510.12
1486.23
1462.33
1438.55
1415.32
1392.62
1370.66
1349.56
1329.59
1311.05
1294.97
1282.33
1272.51
1266.89
1263.18
1262.21
1263.03
1265.21
1267.76
1270.48
1273.23
1276.53
1278.71
1280.9
1282.26
1283.63
1285.49
1286.33
1286.96
1287.34
1287.76
1288.01
1287.28
1286.82
1286.2
1284.72
1283.59
1282.1
1280.01
1277.65
1275.06
1272.21
1269.11
1265.68
1261.91
1257.81
1253.42
1248.76
1243.84
1238.61
1233.11
1227.33
1221.36
1215.18
1208.81
1202.21
1195.44
1188.43
1181.29
1173.96
1166.53
1158.91
1151.22
1143.35
1135.46
1127.38
1119.34
1111.02
1103.03
1093.48
1088.72
798.517
1656.46
1641.73
1626.14
1608.02
1587.68
1565.35
1541.37
1516.5
1490.69
1465.09
1439.39
1414.49
1390.02
1366.7
1344.24
1323.16
1304.24
1287.69
1274.6
1265.63
1260.93
1261.44
1261.56
1262.25
1264.52
1268.06
1271.85
1274.49
1276.75
1279.26
1281.31
1283.67
1284.82
1286.05
1287.71
1288.58
1289.39
1289.62
1289.76
1290.08
1289.47
1288.77
1288.21
1286.85
1285.46
1283.92
1281.88
1279.48
1276.81
1273.89
1270.75
1267.3
1263.49
1259.28
1254.78
1250.02
1245.03
1239.76
1234.24
1228.41
1222.39
1216.13
1209.72
1203.07
1196.26
1189.21
1182.03
1174.65
1167.17
1159.51
1151.78
1143.87
1135.94
1127.83
1119.77
1111.42
1103.39
1093.84
1088.84
799.488
1653.74
1637.25
1619.58
1599.12
1576.13
1551.11
1524.34
1497.07
1468.88
1441.61
1414.18
1388.27
1362.84
1339.12
1316.98
1297.23
1281.47
1270.29
1263.25
1258.84
1258.11
1259.04
1261.94
1265.11
1268.34
1271.51
1274.96
1277.3
1279.54
1281.53
1283.52
1285.93
1287.04
1288.28
1289.64
1290.48
1291.4
1291.71
1291.67
1291.89
1291.41
1290.55
1289.96
1288.71
1287.17
1285.5
1283.47
1281.07
1278.37
1275.4
1272.18
1268.66
1264.79
1260.52
1255.94
1251.08
1246.02
1240.71
1235.15
1229.3
1223.22
1216.9
1210.43
1203.74
1196.91
1189.83
1182.61
1175.18
1167.66
1159.97
1152.23
1144.28
1136.32
1128.18
1120.11
1111.76
1103.71
1094.11
1089.04
800.762
1650.73
1632.14
1612.07
1588.66
1562.8
1534.44
1504.93
1474.84
1444.61
1415.44
1386.73
1359.75
1334.25
1310.75
1290.49
1274.23
1262.35
1256.31
1256.55
1257.24
1258.16
1260.76
1264.85
1268.96
1271.77
1274.24
1277.06
1279.46
1281.98
1283.69
1285.55
1287.77
1288.94
1290.29
1291.4
1292.18
1293.13
1293.58
1293.39
1293.47
1293.07
1292.14
1291.47
1290.29
1288.67
1286.87
1284.81
1282.43
1279.72
1276.69
1273.37
1269.75
1265.82
1261.51
1256.88
1251.95
1246.81
1241.44
1235.86
1229.97
1223.84
1217.47
1210.96
1204.23
1197.35
1190.24
1183
1175.53
1167.99
1160.26
1152.48
1144.47
1136.45
1128.26
1120.13
1111.74
1103.68
1094.04
1088.98
802.067
1647.28
1626.49
1603.26
1576.36
1547.05
1515.03
1482.58
1449.63
1417.49
1386.59
1357.12
1329.54
1305.06
1284.15
1268.87
1260.34
1254.6
1252.83
1253.84
1257.24
1261.06
1264.59
1268.04
1271.68
1274.18
1276.53
1278.95
1281.42
1284.14
1285.66
1287.4
1289.33
1290.6
1292.05
1293.06
1293.75
1294.65
1295.19
1294.94
1294.87
1294.47
1293.53
1292.75
1291.57
1289.92
1288.04
1285.93
1283.53
1280.79
1277.7
1274.29
1270.57
1266.59
1262.27
1257.62
1252.65
1247.46
1242.05
1236.45
1230.55
1224.39
1217.96
1211.4
1204.67
1197.82
1190.7
1183.4
1175.86
1168.27
1160.53
1152.75
1144.71
1136.62
1128.34
1120.16
1111.8
1103.76
1094.11
1089.03
803.439
1643.24
1619.79
1592.77
1561.72
1528.45
1492.4
1456.92
1421.18
1387.66
1354.87
1326.25
1299.24
1277.68
1261.56
1252.02
1250.48
1251.47
1252.66
1255.63
1260.12
1264.78
1267.81
1270.36
1273.31
1275.95
1278.56
1280.76
1283.16
1285.79
1287.28
1289
1290.62
1291.93
1293.45
1294.42
1295.01
1295.85
1296.38
1296.14
1295.97
1295.55
1294.63
1293.72
1292.49
1290.83
1288.91
1286.75
1284.28
1281.51
1278.35
1274.86
1271.07
1267.03
1262.68
1258.01
1253
1247.75
1242.24
1236.53
1230.58
1224.43
1218.01
1211.4
1204.6
1197.71
1190.6
1183.35
1175.85
1168.26
1160.46
1152.68
1144.75
1136.78
1128.57
1120.42
1112.01
1103.99
1094.5
1089.19
804.513
1638.37
1611.78
1580.17
1544.23
1506.43
1465.88
1427.85
1389.05
1355.23
1321.46
1294.56
1272.88
1257.63
1250.89
1247.01
1247.7
1251.06
1255.43
1259.32
1262.98
1266.93
1269.72
1272.03
1274.57
1277.36
1280.26
1282.27
1284.52
1286.86
1288.48
1290.25
1291.64
1292.93
1294.46
1295.43
1295.97
1296.73
1297.16
1296.96
1296.74
1296.3
1295.4
1294.39
1293.14
1291.54
1289.66
1287.44
1284.9
1282.08
1278.9
1275.38
1271.54
1267.46
1263.09
1258.42
1253.38
1248.08
1242.5
1236.73
1230.77
1224.65
1218.24
1211.61
1204.72
1197.74
1190.62
1183.47
1176.06
1168.48
1160.61
1152.81
1145
1137.34
1129.36
1121.2
1112.56
1104.62
1095.57
1090.8
805.595
1632.39
1601.94
1564.78
1523.06
1480.17
1435.16
1394.7
1354.15
1319.98
1289.46
1265.26
1249.78
1243.92
1244.61
1245.74
1248.93
1253.53
1258.57
1262.02
1264.65
1267.7
1270.65
1273.25
1275.66
1278.42
1281.36
1283.29
1285.42
1287.49
1289.26
1291.1
1292.39
1293.63
1295.14
1296.11
1296.67
1297.36
1297.69
1297.54
1297.33
1296.87
1295.96
1294.86
1293.56
1291.94
1289.96
1287.69
1285.15
1282.31
1279.11
1275.56
1271.69
1267.56
1263.15
1258.48
1253.48
1248.21
1242.64
1236.87
1230.87
1224.7
1218.28
1211.72
1204.88
1197.86
1190.6
1183.28
1175.8
1168.34
1160.68
1152.89
1144.81
1136.74
1128.52
1120.49
1112.23
1104.23
1094.62
1089.38
806.791
1624.9
1589.49
1545.53
1497.32
1448.76
1399.87
1357.57
1317.52
1284.09
1261.62
1247.67
1240.45
1240.47
1243.39
1247.78
1252.13
1256.07
1260.08
1263.19
1265.6
1268.24
1271.29
1274.28
1276.67
1279.33
1282.07
1284.07
1286.17
1288.07
1289.93
1291.86
1293.15
1294.35
1295.83
1296.79
1297.41
1298.03
1298.32
1298.18
1298.01
1297.58
1296.73
1295.7
1294.43
1292.84
1290.74
1288.41
1285.85
1282.97
1279.73
1276.18
1272.3
1268.13
1263.67
1259
1254.02
1248.79
1243.21
1237.4
1231.31
1225.08
1218.66
1212.14
1205.37
1198.37
1191.03
1183.6
1176.06
1168.66
1161.15
1153.45
1145.3
1137.12
1128.84
1120.82
1112.69
1104.8
1095.11
1090.31
808.265
1615.21
1573.46
1521.15
1465.8
1411.64
1360.59
1316.74
1281.14
1252.13
1237.01
1235.64
1237.65
1240.82
1245.15
1250.29
1254.5
1257.71
1260.93
1264.09
1266.73
1269.18
1272.2
1275.52
1277.96
1280.53
1283.06
1285.24
1287.4
1289.21
1291.12
1293.14
1294.47
1295.69
1297.1
1298.03
1298.71
1299.29
1299.55
1299.43
1299.24
1298.77
1297.93
1296.85
1295.5
1293.84
1291.91
1289.62
1286.94
1283.94
1280.63
1277.05
1273.12
1268.9
1264.38
1259.65
1254.63
1249.35
1243.74
1237.92
1231.88
1225.71
1219.3
1212.68
1205.76
1198.71
1191.5
1184.24
1176.78
1169.22
1161.35
1153.46
1145.46
1137.47
1129.28
1121.13
1112.69
1104.65
1095.17
1090.23
809.794
1602.37
1552.09
1490.09
1427.62
1368.55
1319.06
1276.69
1250.09
1236.09
1230.75
1233.43
1238.41
1243.72
1248.79
1253.63
1257.4
1260.03
1262.55
1265.63
1268.73
1271.42
1274.51
1277.84
1280.38
1282.81
1285.07
1287.39
1289.65
1291.46
1293.41
1295.46
1296.88
1298.16
1299.43
1300.31
1301.04
1301.55
1301.82
1301.71
1301.5
1301.06
1300.28
1299.15
1297.71
1296.12
1294.25
1291.94
1289.23
1286.23
1282.96
1279.41
1275.48
1271.25
1266.72
1261.98
1256.93
1251.62
1245.99
1240.16
1234.08
1227.87
1221.4
1214.74
1207.8
1200.76
1193.51
1186.23
1178.74
1171.16
1163.27
1155.39
1147.39
1139.4
1131.23
1123.09
1114.65
1106.61
1097.09
1092.09
808.818
1585.26
1524.2
1450.37
1384.13
1322
1277.32
1243.52
1229.38
1231.59
1234.68
1238.86
1244.59
1250.16
1254.33
1257.91
1261.21
1263.86
1266.41
1269.58
1273.14
1276.19
1279.24
1282.25
1284.85
1287.23
1289.36
1291.74
1294.06
1295.91
1297.85
1299.79
1301.22
1302.5
1303.72
1304.7
1305.5
1305.99
1306.27
1306.19
1305.96
1305.45
1304.58
1303.39
1301.94
1300.21
1298.2
1295.83
1293.09
1290.09
1286.82
1283.27
1279.36
1275.15
1270.65
1265.91
1260.85
1255.54
1249.89
1244.03
1237.9
1231.61
1225.05
1218.33
1211.34
1204.26
1196.97
1189.65
1182.1
1174.46
1166.56
1158.68
1150.63
1142.63
1134.45
1126.29
1117.82
1109.7
1100.09
1094.96
810.53
1562.66
1488.18
1403.65
1338.19
1282.5
1249.42
1231.61
1232.17
1235.32
1241.7
1249.19
1254.73
1259.3
1262.46
1265.02
1268.26
1271.79
1274.93
1278.25
1281.77
1284.62
1287.24
1289.9
1292.66
1295.12
1297.27
1299.67
1301.91
1303.69
1305.54
1307.25
1308.65
1309.91
1310.99
1311.81
1312.49
1312.83
1312.93
1312.81
1312.46
1311.86
1310.96
1309.76
1308.23
1306.39
1304.27
1301.81
1298.98
1295.88
1292.5
1288.87
1284.87
1280.58
1275.95
1271.06
1265.86
1260.44
1254.69
1248.74
1242.49
1236.08
1229.4
1222.58
1215.52
1208.37
1201.02
1193.61
1185.95
1178.21
1170.24
1162.31
1154.19
1146.1
1137.82
1129.54
1120.99
1112.76
1103.01
1097.81
812.428
1532.6
1443.34
1355.81
1295.78
1254.14
1241.7
1239.28
1242.79
1252.32
1259.63
1264.3
1268.01
1271.45
1274.55
1277.62
1281.11
1284.67
1287.65
1290.57
1293.52
1296.12
1298.48
1300.8
1303.37
1305.63
1307.55
1309.7
1311.61
1313.24
1314.88
1316.21
1317.44
1318.59
1319.38
1319.95
1320.38
1320.58
1320.44
1320.1
1319.54
1318.72
1317.61
1316.2
1314.44
1312.35
1309.97
1307.31
1304.35
1301.12
1297.63
1293.93
1289.88
1285.53
1280.79
1275.77
1270.43
1264.87
1259
1252.92
1246.52
1239.95
1233.11
1226.18
1219.02
1211.8
1204.34
1196.78
1188.94
1181.08
1173.03
1165.03
1156.82
1148.62
1140.19
1131.76
1123.12
1114.8
1104.96
1099.77
813.939
1492.22
1395.72
1325.4
1281.29
1255.8
1254.18
1259.25
1267.04
1271.73
1275.91
1278.26
1280.22
1282.65
1285.45
1288.33
1291.23
1294.14
1296.81
1299.27
1301.61
1304.11
1306.34
1308.28
1310.43
1312.43
1314.3
1316.19
1317.84
1319.46
1320.9
1321.9
1323.04
1324.15
1324.7
1325.07
1325.53
1325.48
1325.37
1324.95
1324.3
1323.41
1322.22
1320.71
1318.84
1316.61
1314.06
1311.25
1308.15
1304.76
1301.05
1297.12
1292.88
1288.39
1283.53
1278.42
1273.01
1267.38
1261.46
1255.32
1248.85
1242.19
1235.28
1228.29
1221.1
1213.83
1206.3
1198.63
1190.66
1182.7
1174.6
1166.55
1158.28
1150
1141.48
1132.94
1124.27
1115.9
1106.07
1100.9
814.955
1366.94
1236.57
1214.49
1225.18
1245.92
1266.98
1280.68
1286.61
1285.59
1285.66
1286.2
1287.32
1289.33
1292.09
1294.74
1297
1299.46
1302.12
1304.29
1306.06
1308.45
1310.61
1312.18
1314.13
1316
1317.84
1319.56
1320.92
1322.51
1323.81
1324.58
1325.62
1326.73
1327.1
1327.32
1327.58
1327.52
1327.22
1326.66
1325.88
1324.87
1323.59
1321.97
1319.97
1317.6
1314.88
1311.96
1308.76
1305.24
1301.31
1297.13
1292.71
1288.08
1283.07
1277.79
1272.2
1266.48
1260.45
1254.22
1247.61
1240.85
1233.82
1226.78
1219.49
1212.17
1204.51
1196.78
1188.78
1180.83
1172.66
1164.58
1156.23
1147.95
1139.38
1130.89
1122.17
1113.77
1103.87
1098.62
813.342
)
;

boundaryField
{
    inlet
    {
        type            fixedValue;
        value           uniform 1800;
    }
    outlet
    {
        type            zeroGradient;
    }
    axis
    {
        type            symmetryPlane;
    }
    wall
    {
        type            zeroGradient;
    }
    frontAndBack
    {
        type            empty;
    }
}


// ************************************************************************* //
