/*--------------------------------*- C++ -*----------------------------------*\
  =========                 |
  \\      /  F ield         | OpenFOAM: The Open Source CFD Toolbox
   \\    /   O peration     | Website:  https://openfoam.org
    \\  /    A nd           | Version:  13
     \\/     M anipulation  |
\*---------------------------------------------------------------------------*/
FoamFile
{
    format      ascii;
    class       volScalarField;
    location    "0.8";
    object      p;
}
// * * * * * * * * * * * * * * * * * * * * * * * * * * * * * * * * * * * * * //

dimensions      [1 -1 -2 0 0 0 0];

internalField   nonuniform List<scalar> 
2016
(
572.314
450.478
319.977
187.4
571.684
448.7
317.325
185.512
571.381
446.469
315.735
186.144
573.509
446.256
317.214
191.145
580.706
453.311
326.985
204.896
593.552
468.873
344.524
228.689
610.274
488.319
366.036
250.077
628.31
507.812
386.736
268.186
647.215
527.451
406.732
285.799
667.577
548.31
427.825
305.001
689.451
571.054
451.802
330.03
712.095
595.185
478.87
362.301
733.979
618.869
506.464
396.766
752.913
639.443
530.738
427.455
766.96
654.472
547.384
446.412
775.374
662.758
554.565
450.923
778.593
664.371
553.406
443.743
777.278
660.416
547.304
430.961
773.247
653.738
540.322
418.473
769.62
650.137
534.3
410.338
770.58
650.57
533.018
410.172
775.509
653.16
534.655
414.562
780.943
660.539
541.145
424.575
1149.84
1031.61
860.458
652.011
1097.68
946.195
771.724
603.325
1049.47
884.188
722.462
572.757
996.465
827.73
693.266
596.166
909.392
704.821
603.691
631.406
826.776
627.897
524.477
517.875
852.83
686.4
533.131
426.91
946.161
773.492
611.312
466.317
966.843
815.186
675.155
513.861
937.68
823.336
658.986
457.034
912.154
781.704
553.004
320.559
851.976
697.424
444.476
262.404
763.045
617.839
393.499
245.816
696.705
548.273
364.289
212.966
628.354
487.462
366.668
179.508
571.427
443.566
359.889
135.218
525.857
444.886
397.926
291.172
538.871
528.557
492.936
467.027
612.904
591.308
544.089
523.264
75.0458
27.2115
16.133
13.0115
10.9562
9.26073
7.75912
6.45878
5.4152
4.55591
3.8337
3.21435
2.71428
2.35121
2.10839
1.94562
1.82987
1.74328
1.67602
1.62126
1.57366
1.52903
1.48428
1.43731
1.38684
1.33229
1.27352
1.21064
1.14389
1.07353
0.999844
0.923119
0.84363
0.761642
0.677401
0.591161
0.503183
0.413727
0.323067
0.231428
0.139232
0.0459659
73.7639
22.0221
14.1045
12.1188
10.4585
8.87885
7.45198
6.19502
5.07179
4.14346
3.46609
2.95553
2.5662
2.2743
2.06114
1.90387
1.78779
1.7044
1.6452
1.60037
1.56172
1.52402
1.48413
1.44028
1.39163
1.33799
1.27955
1.21663
1.14962
1.07886
1.00469
0.927433
0.847393
0.764869
0.680141
0.59349
0.505183
0.415474
0.324617
0.232794
0.140369
0.0467093
76.9693
22.1487
12.5847
11.3035
9.87125
8.38288
7.06179
5.90898
4.88008
3.97988
3.21431
2.64697
2.25439
1.99558
1.82931
1.72099
1.64894
1.60122
1.56888
1.54385
1.52002
1.4935
1.46204
1.42453
1.38065
1.33061
1.27483
1.21385
1.14819
1.07833
1.00475
0.927857
0.848043
0.765652
0.680987
0.594333
0.505961
0.416128
0.325089
0.233054
0.140352
0.0466981
85.1449
24.3083
11.537
10.4797
9.11577
7.77255
6.61623
5.58343
4.60416
3.68922
2.89617
2.28491
1.86195
1.61256
1.49161
1.4453
1.43472
1.43921
1.44801
1.45433
1.45399
1.44493
1.42647
1.3987
1.36216
1.31764
1.26603
1.20816
1.14479
1.0766
1.00419
0.928099
0.848813
0.766744
0.682246
0.595636
0.507209
0.417244
0.326015
0.233749
0.14078
0.0468767
98.8187
28.7069
10.4961
9.45048
8.20662
7.11708
6.17798
5.26697
4.31389
3.35453
2.4923
1.81666
1.37618
1.15333
1.08848
1.11241
1.17223
1.23873
1.29801
1.34358
1.37296
1.3861
1.38415
1.36864
1.3412
1.30344
1.25685
1.20271
1.14208
1.07584
1.00478
0.929572
0.850824
0.769043
0.684648
0.598005
0.509438
0.419239
0.327695
0.235043
0.14162
0.0471989
114.882
34.3235
10.1788
8.42962
7.24951
6.5033
5.80236
4.97471
3.96616
2.85052
1.81194
1.05167
0.64188
0.524517
0.583519
0.719135
0.871368
1.01236
1.13016
1.22048
1.28354
1.32184
1.33855
1.33684
1.31961
1.28938
1.24832
1.19823
1.14051
1.07632
1.00664
0.9323
0.854031
0.77245
0.688052
0.601255
0.512413
0.42184
0.329835
0.236645
0.142621
0.0475652
129.826
40.4684
11.5512
7.95572
6.50881
6.08258
5.57285
4.7223
3.48455
2.02618
0.701514
-0.140616
-0.429469
-0.319183
-0.0381569
0.266041
0.53833
0.767907
0.952327
1.09211
1.19158
1.25663
1.29299
1.30573
1.2991
1.27665
1.24126
1.19525
1.14043
1.07826
1.00989
0.936331
0.858446
0.776955
0.692437
0.605363
0.516124
0.425056
0.332471
0.238626
0.143871
0.0480499
143.156
48.0814
13.9429
8.12441
6.18801
5.95453
5.54496
4.47795
2.64036
0.291121
-1.56062
-2.21612
-2.0207
-1.41834
-0.782749
-0.244358
0.182095
0.516804
0.774843
0.966809
1.10371
1.1957
1.25149
1.27831
1.28194
1.26694
1.23691
1.19471
1.14256
1.08216
1.01491
0.941955
0.864287
0.782728
0.697935
0.610434
0.520651
0.428943
0.335633
0.240984
0.145344
0.0486052
156.287
54.2462
14.3424
8.31269
6.20872
6.12574
5.83483
4.46521
1.70496
-2.41905
-5.39675
-5.83293
-4.33975
-2.75661
-1.61593
-0.798453
-0.187288
0.272924
0.611053
0.854792
1.02733
1.14449
1.21811
1.25768
1.27049
1.26206
1.23668
1.1977
1.1477
1.08866
1.02216
0.949502
0.871791
0.789935
0.704659
0.616539
0.526034
0.433519
0.339325
0.243719
0.147045
0.0492427
173.161
53.9056
11.4874
8.17828
6.99543
6.65616
6.56091
5.25749
1.56167
-4.99092
-9.97968
-8.65903
-6.24286
-3.88331
-2.24669
-1.22737
-0.49742
0.0658707
0.47686
0.766952
0.970094
1.10833
1.19674
1.24675
1.26693
1.26367
1.24183
1.20516
1.15657
1.09828
1.03203
0.959255
0.881153
0.798705
0.712691
0.62373
0.532305
0.438803
0.343557
0.246836
0.148971
0.0499551
201.604
64.8301
18.9007
12.4115
9.96892
8.30092
7.92048
6.90989
1.30671
-6.22113
-10.7572
-7.68333
-6.56287
-4.27365
-2.48895
-1.39723
-0.652996
-0.0626952
0.389495
0.713484
0.93905
1.09206
1.19074
1.24795
1.27308
1.27312
1.25336
1.21787
1.16976
1.11145
1.04483
0.971427
0.892514
0.809126
0.722084
0.632033
0.539472
0.444791
0.348319
0.250322
0.151113
0.0507364
240.027
114.922
66.1198
36.8286
20.6874
11.8767
10.5141
9.5855
2.21359
-0.901307
-2.51063
-0.476708
-4.9517
-3.87737
-2.26528
-1.22166
-0.577983
-0.0702767
0.366041
0.701792
0.93852
1.09883
1.20249
1.26305
1.29025
1.2914
1.27201
1.23633
1.18763
1.12844
1.06074
0.986141
0.905949
0.821239
0.732853
0.641448
0.547524
0.451467
0.353595
0.254161
0.153458
0.051582
285.847
195.605
148.848
89.4166
46.7519
18.6129
14.5506
13.6679
9.70048
6.04958
1.7146
1.55629
-0.299798
-2.39798
-1.5155
-0.776558
-0.30744
0.0485605
0.415488
0.735095
0.969893
1.13004
1.2333
1.29309
1.31926
1.31912
1.29821
1.26086
1.21039
1.14937
1.07984
1.00343
0.921461
0.835028
0.744971
0.65194
0.556425
0.458797
0.359352
0.258328
0.155991
0.0524837
330.488
278.68
207.528
146.483
86.1079
36.5282
20.3484
16.5433
14.0527
11.186
5.16923
3.46236
3.41796
-0.884153
-0.561224
-0.124176
0.0501367
0.234671
0.523398
0.808335
1.03087
1.18515
1.28321
1.33827
1.36029
1.35639
1.33204
1.29148
1.23801
1.1742
1.10207
1.02322
0.938981
0.850423
0.758368
0.663443
0.566115
0.466727
0.365548
0.262788
0.15869
0.0534322
355.396
314.448
221.752
157.567
99.1662
55.0093
28.1761
17.6574
14.736
14.1113
9.15436
5.89273
4.6344
1.82384
0.074497
0.254458
0.364306
0.469758
0.669203
0.907599
1.1155
1.26127
1.35063
1.39774
1.41283
1.40286
1.37318
1.32792
1.27028
1.20273
1.12723
1.04535
0.958362
0.867294
0.77293
0.675859
0.57651
0.475188
0.372125
0.267501
0.161532
0.0544186
354.981
297.842
198.803
135.748
86.6759
55.8465
34.0674
20.1158
15.1483
14.4702
11.3923
7.98192
6.68302
5.5518
0.419671
0.589007
0.632505
0.669102
0.807715
1.02221
1.21961
1.35496
1.43332
1.47014
1.47594
1.4577
1.42098
1.36967
1.30676
1.2346
1.15504
1.06956
0.979382
0.885452
0.788496
0.689052
0.587499
0.484092
0.379017
0.272421
0.164489
0.0554337
335.453
248.815
155.317
110.338
67.1071
46.8997
33.9507
25.0165
15.4434
14.8314
14.5473
9.58158
6.70685
5.41693
1.50256
0.869043
0.816745
0.840667
0.949185
1.15105
1.33978
1.4638
1.52948
1.55404
1.54851
1.51974
1.47455
1.41599
1.34687
1.26932
1.18508
1.09552
1.00176
0.904657
0.804868
0.702861
0.598951
0.493336
0.386147
0.277494
0.167531
0.0564668
309.665
196.848
113.547
84.7259
49.6503
34.8561
25.7404
23.511
16.4296
15.7275
15.4255
13.9234
7.43026
6.49731
5.71851
0.846888
0.925608
1.00613
1.12171
1.30664
1.48072
1.58831
1.63894
1.64817
1.62967
1.58708
1.53275
1.46604
1.38989
1.30628
1.21685
1.12281
1.02515
0.924638
0.821825
0.717106
0.610724
0.502807
0.393432
0.282663
0.170623
0.0575059
288.282
159.599
80.8115
57.0519
39.1131
27.3463
16.8832
19.5799
17.2501
15.5803
14.8471
14.8118
9.15466
5.74007
7.53261
1.02605
1.15482
1.20906
1.33865
1.50271
1.64786
1.73049
1.75914
1.74943
1.71443
1.66087
1.59489
1.51894
1.43505
1.34479
1.24979
1.15098
1.0492
0.945092
0.839122
0.731592
0.622662
0.512388
0.400783
0.287866
0.173729
0.0585403
277.149
138.187
59.8991
41.7695
34.8974
29.1509
23.682
22.2744
18.0585
15.0728
14.076
14.1349
9.65828
5.15276
6.55718
1.82416
1.58122
1.54805
1.62387
1.73743
1.83779
1.88696
1.8877
1.85627
1.80371
1.73647
1.65886
1.57332
1.48151
1.38404
1.28334
1.17957
1.07351
0.96571
0.856509
0.746119
0.634611
0.521958
0.40811
0.293042
0.176814
0.0595599
278.837
138.059
57.2431
40.0314
34.7168
32.8491
29.1648
24.3207
19.5377
15.8331
14.7288
13.9528
8.69663
4.6496
7.0402
2.54316
2.05529
1.95268
1.94903
1.99692
2.04314
2.05079
2.02017
1.96529
1.89444
1.8128
1.72336
1.62791
1.52775
1.42375
1.31703
1.20811
1.09772
0.986184
0.87374
0.760492
0.646415
0.531398
0.415324
0.298128
0.179841
0.0605527
292.659
156.089
64.4925
44.2748
40.6214
40.4139
32.832
26.8455
20.1713
17.6212
16.2795
13.4409
7.3036
4.56662
3.71902
2.78491
2.47846
2.34513
2.27517
2.26029
2.24964
2.21293
2.15085
2.07249
1.98374
1.88795
1.78693
1.6818
1.57347
1.46265
1.35003
1.23614
1.12146
1.00622
0.890574
0.774523
0.657928
0.540591
0.422334
0.303058
0.18277
0.0615047
317.867
195.634
87.5414
51.9034
49.1936
49.4329
32.582
44.6471
23.3545
20.9855
18.677
12.0668
6.07351
6.79317
3.28892
2.98377
2.79263
2.65952
2.56112
2.49918
2.43966
2.36438
2.27391
2.17422
2.06905
1.96008
1.84818
1.73391
1.61776
1.50026
1.38192
1.26315
1.1443
1.02551
0.906793
0.788042
0.669016
0.549434
0.42905
0.307762
0.185555
0.0623977
353.929
241.981
132.52
63.334
55.4776
54.4548
36.4677
67.1541
31.8226
26.8401
21.7081
12.9063
6.19043
4.56242
3.4503
3.19257
3.03277
2.89927
2.78825
2.69493
2.60029
2.49553
2.38238
2.26531
2.14622
2.02583
1.90437
1.78193
1.65871
1.53506
1.41139
1.28807
1.16534
1.04328
0.921761
0.800534
0.679264
0.557602
0.435199
0.312037
0.188064
0.0631868
340.019
268.976
170.214
81.505
58.9878
56.0047
45.4822
78.0521
40.6916
31.553
23.3795
13.3218
7.45891
3.89009
3.58604
3.38434
3.23388
3.1
2.97652
2.85712
2.73503
2.60732
2.47661
2.34549
2.21482
2.0848
1.95513
1.82554
1.69601
1.56675
1.43819
1.31069
1.18446
1.05946
0.935416
0.811957
0.688627
0.565002
0.440784
0.31586
0.190244
0.0638
449.908
349.294
243.14
114.604
62.3927
56.8745
53.8676
67.1881
43.8128
31.1654
21.9809
11.7838
6.67377
3.85662
3.69831
3.58884
3.45008
3.30394
3.15739
3.01034
2.8625
2.71447
2.56787
2.42365
2.28221
2.14316
2.0057
1.86921
1.7334
1.59849
1.46495
1.33326
1.20358
1.07571
0.949212
0.82354
0.698121
0.572476
0.446317
0.319539
0.19217
0.0640562
454.656
360.583
269.196
143.664
73.1674
61.6159
56.8949
42.5293
50.352
25.8542
16.6217
8.15418
4.69362
4.01372
3.92635
3.81346
3.65707
3.49154
3.32085
3.14897
2.97922
2.81365
2.65275
2.49676
2.34565
2.19851
2.05406
1.91118
1.76935
1.6288
1.49029
1.35455
1.22173
1.09135
0.962655
0.834902
0.707423
0.57972
0.451531
0.322794
0.19353
0.0635741
436.097
342.488
258.602
151.886
81.7519
66.6541
44.5437
18.8257
46.8671
21.489
11.5656
6.0558
4.88822
4.45706
4.22301
4.0112
3.82567
3.64165
3.45236
3.262
3.07576
2.89637
2.72395
2.55847
2.39958
2.24596
2.09581
1.94746
1.80014
1.65431
1.51123
1.37209
1.23697
1.10487
0.974546
0.845046
0.715699
0.586049
0.455902
0.325246
0.194123
0.0623279
484.136
368.573
273.773
163.011
84.2864
56.4863
10.5216
-5.03659
35.5404
35.0587
10.4076
5.60559
4.95146
4.62234
4.34465
4.1249
3.9451
3.75411
3.55298
3.35027
3.15278
2.96336
2.78218
2.6092
2.44402
2.2851
2.13021
1.97706
1.8246
1.67363
1.52642
1.38494
1.24886
1.1162
0.984918
0.853991
0.722927
0.591409
0.459367
0.326861
0.193959
0.0603226
633.361
530.481
375.417
196.19
77.0218
4.96003
-41.8793
-25.4048
24.8883
51.8372
14.6098
5.54489
4.89434
4.55577
4.29157
4.12738
3.99844
3.82272
3.62062
3.41374
3.21042
3.01515
2.82795
2.64931
2.47921
2.31627
2.15768
2.00002
1.8422
1.68553
1.53475
1.39237
1.25703
1.12523
0.993765
0.861711
0.729033
0.595708
0.461858
0.327627
0.193045
0.0575672
518.159
481.981
364.994
148.987
-4.62335
-68.4456
-70.0616
-7.76835
38.4575
61.7019
33.7091
7.85917
4.74294
4.29506
4.17305
4.03035
3.9801
3.83732
3.64999
3.45032
3.24848
3.05199
2.8617
2.67927
2.50524
2.3385
2.17584
2.01406
1.85173
1.69232
1.53994
1.39735
1.26317
1.13257
1.00119
0.868139
0.733898
0.598861
0.463348
0.327545
0.191369
0.0540673
343.944
255.101
159.702
91.9922
53.854
21.3323
5.41486
13.856
37.8549
56.3129
43.6744
16.9379
5.10697
4.14771
4.0232
3.8534
3.89106
3.78327
3.63142
3.45711
3.26566
3.07212
2.88088
2.69489
2.51517
2.34173
2.17387
2.01084
1.85228
1.69735
1.5479
1.40624
1.2717
1.14025
1.00781
0.873325
0.737462
0.600855
0.463872
0.326636
0.188935
0.0498527
318.436
190.441
109.147
70.7919
44.3595
22.8764
13.1239
13.917
20.5967
17.9374
27.225
22.0309
5.08017
3.80571
3.47564
3.56891
3.6598
3.68059
3.61361
3.44805
3.25779
3.06799
2.87736
2.68735
2.49907
2.31558
2.14242
1.98233
1.83464
1.69489
1.55776
1.42056
1.28433
1.14941
1.01407
0.877438
0.739861
0.60185
0.463571
0.324982
0.1858
0.0449918
336.89
190.226
109.797
68.0713
36.973
19.3021
12.7047
11.0164
14.3518
-1.65472
6.42848
16.7481
3.447
3.23092
3.23381
3.29721
3.31146
3.32842
3.40622
3.33552
3.19622
3.02419
2.8408
2.64835
2.44974
2.25463
2.07624
1.92257
1.79348
1.68027
1.56497
1.43606
1.29811
1.15856
1.01966
0.880696
0.741491
0.602198
0.462678
0.322733
0.182082
0.0395912
270.602
154.214
97.2164
59.4387
27.7398
13.6296
10.0211
10.325
10.2889
0.54448
2.83054
8.13113
3.05537
2.97732
3.03371
2.98357
2.90633
2.88604
3.05687
3.13773
3.06545
2.93811
2.77437
2.58632
2.38307
2.18329
2.00591
1.86039
1.74654
1.6579
1.56831
1.45014
1.30979
1.16551
1.02367
0.882931
0.742457
0.602055
0.461322
0.320016
0.17791
0.0337402
204.975
156.947
111.02
53.3262
14.849
10.3259
9.15355
8.55792
5.83868
3.07905
4.15632
4.01114
2.59365
2.7459
2.96536
2.7932
2.62658
2.64916
2.86605
2.98397
2.94924
2.85377
2.71033
2.53316
2.33543
2.14072
1.96824
1.82621
1.71897
1.64388
1.57138
1.45913
1.31741
1.16899
1.02561
0.8841
0.742875
0.601575
0.459651
0.316974
0.173403
0.0274941
197.722
166.417
129.664
75.3744
19.256
8.49342
8.11367
6.9932
5.56826
4.58772
4.78321
4.76089
4.17298
3.6275
3.25975
2.89267
2.655
2.67797
2.84491
2.93156
2.90214
2.81596
2.68389
2.51646
2.32723
2.13841
1.96775
1.82606
1.71818
1.64217
1.56908
1.45189
1.31145
1.16616
1.02435
0.883723
0.742635
0.600867
0.457901
0.313847
0.168697
0.0208441
185.995
162.799
142.601
97.4015
22.8974
6.82541
7.15512
6.07836
5.24182
4.89199
4.87848
4.86336
4.63239
4.13679
3.53359
3.10198
2.90534
2.90753
2.97937
2.99004
2.93356
2.83771
2.70567
2.54253
2.35952
2.17309
2.00211
1.85382
1.73819
1.64541
1.5483
1.42491
1.29208
1.15644
1.02023
0.88266
0.742768
0.600799
0.456646
0.310955
0.163941
0.0138046
152.771
137.67
142.442
122.235
52.7701
11.3297
6.14083
5.43912
4.76791
4.64992
4.7424
4.73141
4.47858
4.0974
3.71363
3.40613
3.23335
3.17484
3.14902
3.09311
3.0069
2.89577
2.75655
2.59233
2.41307
2.2215
2.04751
1.89194
1.76084
1.63661
1.51101
1.3872
1.26502
1.14168
1.01372
0.880721
0.742729
0.600703
0.455436
0.308172
0.159205
0.00639699
94.3014
106.313
147.846
151.98
94.8645
19.4964
5.85001
5.15729
4.64594
4.53045
4.58378
4.5299
4.35568
4.09666
3.8271
3.60553
3.45584
3.36166
3.28331
3.19331
3.08889
2.96621
2.82
2.654
2.47558
2.28507
2.09596
1.91406
1.76212
1.61901
1.47862
1.35833
1.24471
1.1295
1.00962
0.881842
0.745876
0.603308
0.456126
0.306504
0.154976
-0.000920871
54.6859
113.933
181.538
189.153
138.986
28.6668
6.94654
5.05581
4.33968
4.29056
4.38085
4.35804
4.26168
4.08126
3.87263
3.68908
3.55286
3.44774
3.35263
3.24941
3.13123
2.99658
2.83824
2.65795
2.48234
2.31165
2.12472
1.92746
1.74586
1.60318
1.47562
1.3531
1.23669
1.12441
1.01111
0.887852
0.752213
0.607496
0.457512
0.305264
0.151047
-0.00857147
203.533
177.962
214.526
213.924
170.58
49.8708
12.4203
6.49248
4.38292
4.26349
4.44809
4.40561
4.27313
4.0813
3.9228
3.79437
3.67673
3.56915
3.46149
3.34367
3.21108
3.07899
2.94403
2.77521
2.54816
2.3101
2.1035
1.9244
1.75049
1.59429
1.4582
1.32729
1.21441
1.11987
1.0234
0.905293
0.765538
0.615315
0.461023
0.30561
0.148444
-0.0146588
385.38
224.525
226.737
211.63
164.632
90.508
31.5461
15.6479
7.15323
4.66497
3.55173
3.74128
4.05366
4.0053
3.86724
3.73318
3.61732
3.50557
3.38048
3.24922
3.11072
2.9757
2.82705
2.66574
2.49163
2.3053
2.11827
1.94087
1.7534
1.61045
1.46314
1.30697
1.18545
1.10682
1.03728
0.932298
0.787464
0.628293
0.46716
0.307373
0.146802
-0.0206577
512.08
372.098
257.723
200.482
119.014
87.3167
86.4953
41.0107
18.9644
12.0889
7.99429
5.43385
4.74484
4.33423
4.10522
3.99992
3.94222
3.87556
3.65081
3.51909
3.36153
3.26696
3.13807
2.95081
2.68135
2.413
2.24542
2.02364
1.56117
1.49076
1.42071
1.3322
1.24636
1.17451
1.08939
0.965139
0.807028
0.638002
0.471097
0.308628
0.146133
-0.0241024
)
;

boundaryField
{
    leftWall
    {
        type            calculated;
        value           nonuniform List<scalar> 
46
(
572.314
450.478
319.977
187.4
75.0458
27.2115
16.133
13.0115
10.9562
9.26073
7.75912
6.45878
5.4152
4.55591
3.8337
3.21435
2.71428
2.35121
2.10839
1.94562
1.82987
1.74328
1.67602
1.62126
1.57366
1.52903
1.48428
1.43731
1.38684
1.33229
1.27352
1.21064
1.14389
1.07353
0.999844
0.923119
0.84363
0.761642
0.677401
0.591161
0.503183
0.413727
0.323067
0.231428
0.139232
0.0459659
)
;
    }
    rightWall
    {
        type            calculated;
        value           nonuniform List<scalar> 
46
(
612.904
591.308
544.089
523.264
512.08
372.098
257.723
200.482
119.014
87.3167
86.4953
41.0107
18.9644
12.0889
7.99429
5.43385
4.74484
4.33423
4.10522
3.99992
3.94222
3.87556
3.65081
3.51909
3.36153
3.26696
3.13807
2.95081
2.68135
2.413
2.24542
2.02364
1.56117
1.49076
1.42071
1.3322
1.24636
1.17451
1.08939
0.965139
0.807028
0.638002
0.471097
0.308628
0.146133
-0.0241024
)
;
    }
    lowerWall
    {
        type            calculated;
        value           nonuniform List<scalar> 
52
(
1149.84
1031.61
860.458
652.011
1208.51
1156.35
1108.14
1055.14
968.062
885.445
911.499
1004.82
1022.06
968.959
942.7
882.521
796.567
742.798
674.447
617.52
571.801
583.756
657.585
780.943
660.539
541.145
424.575
631.173
630.543
630.24
632.368
639.564
652.411
669.132
687.169
706.074
726.436
748.309
770.954
792.838
811.772
825.819
834.232
837.451
835.353
829.298
825.668
826.772
832.655
838.048
416.425
402.514
)
;
    }
    atmosphere
    {
        type            calculated;
        value           nonuniform List<scalar> 
44
(
0
0
0
0
0
0
0
0
0
0
0
0
0
0
0
0
0
0
0
0
0
0
0
0
-5.12231e-06
-0.000456702
-0.00179708
-0.00401535
-0.00706035
-0.0108721
-0.0154359
-0.0207046
-0.0266056
-0.0330319
-0.0399309
-0.0472678
-0.0551506
-0.0636529
-0.0729449
-0.0821798
-0.0929795
-0.100886
-0.110931
-0.116785
)
;
    }
    frontAndBack
    {
        type            empty;
    }
}


// ************************************************************************* //
