/*--------------------------------*- C++ -*----------------------------------*\
  =========                 |
  \\      /  F ield         | OpenFOAM: The Open Source CFD Toolbox
   \\    /   O peration     | Website:  https://openfoam.org
    \\  /    A nd           | Version:  13
     \\/     M anipulation  |
\*---------------------------------------------------------------------------*/
FoamFile
{
    format      ascii;
    class       volScalarField;
    location    "0.8";
    object      p_rgh;
}
// * * * * * * * * * * * * * * * * * * * * * * * * * * * * * * * * * * * * * //

dimensions      [1 -1 -2 0 0 0 0];

internalField   nonuniform List<scalar> 
2016
(
631.173
627.054
614.271
599.411
630.543
625.276
611.618
597.523
630.24
623.046
610.029
598.155
632.368
622.832
611.508
603.156
639.564
629.887
621.279
616.907
652.411
645.449
638.815
640.7
669.132
664.894
660.317
662.088
687.169
684.387
681.016
680.197
706.074
704.027
701.022
697.81
726.436
724.886
722.119
717.011
748.309
747.63
746.096
742.04
770.954
771.761
773.163
774.31
792.838
795.445
800.758
808.775
811.772
816.019
825.031
839.464
825.819
831.048
841.678
858.422
834.232
839.334
848.859
862.933
837.451
840.945
847.699
855.753
835.353
836.861
841.597
842.971
829.298
829.865
834.615
830.483
825.668
826.289
828.593
822.349
826.772
827.146
827.311
822.183
832.655
829.736
828.948
826.569
838.048
837.067
834.711
834.98
1208.51
1207.62
1153.81
1061.67
1156.35
1122.21
1043.83
966.36
1108.14
1060.18
942.783
767.667
1055.14
1003.73
977.22
944.1
968.062
880.829
896.989
1040.86
885.445
803.904
817.54
833.964
911.499
862.372
758.889
549.293
1004.82
920.863
713.757
579.996
1022.06
893.172
782.604
717.872
968.959
902.585
836.845
728.372
942.7
888.071
754.422
586.047
882.521
824.636
647.753
404.651
796.567
749.719
593.195
355.447
742.798
683.342
565.895
342.291
674.447
567.487
573.163
437.4
617.52
495.043
566.203
424.31
571.801
496.187
582.369
548.233
583.756
591.073
530.023
507.095
657.585
654.943
572.709
563.332
406.678
125.065
27.2938
16.0215
12.5744
10.5868
9.10133
7.8951
6.9699
6.2355
5.63412
5.13047
4.75276
4.51345
4.39502
4.3571
4.36648
4.40506
4.46299
4.53343
4.61102
4.69159
4.77203
4.85025
4.92498
4.99562
5.06204
5.12435
5.1828
5.23763
5.28914
5.33762
5.38333
5.42653
5.46749
5.50644
5.54366
5.57939
5.61393
5.64748
5.68048
5.71241
432.416
80.1824
20.5621
13.2807
11.5829
10.0775
8.74917
7.61039
6.61131
5.83011
5.28643
4.90351
4.64183
4.45466
4.34819
4.31556
4.32447
4.36621
4.43218
4.51254
4.59908
4.68657
4.77187
4.85322
4.92976
5.00132
5.06807
5.13035
5.18853
5.24296
5.29399
5.34193
5.38709
5.42976
5.47023
5.50877
5.54566
5.58114
5.61548
5.64885
5.68162
5.71315
424.907
93.4812
19.5298
12.4068
10.947
9.55679
8.35193
7.32136
6.41682
5.64167
5.00348
4.57125
4.31119
4.16867
4.11649
4.13269
4.18562
4.26302
4.35586
4.45602
4.55738
4.65605
4.74979
4.83747
4.91879
4.99394
5.06336
5.12757
5.1871
5.24244
5.29405
5.34235
5.38774
5.43054
5.47107
5.50961
5.54644
5.5818
5.61595
5.64911
5.6816
5.71314
425.256
129.796
18.7981
11.7996
10.1998
8.94607
7.9056
6.99514
6.14017
5.35023
4.68234
4.19616
3.89819
3.77435
3.77866
3.85698
3.97134
4.101
4.23499
4.3665
4.49135
4.60748
4.71421
4.81164
4.90029
4.98097
5.05455
5.12187
5.1837
5.2407
5.29348
5.3426
5.38851
5.43164
5.47233
5.51092
5.54768
5.58291
5.61688
5.6498
5.68203
5.71332
462.188
199.675
18.8052
11.0548
9.31499
8.29672
7.47108
6.68134
5.85096
5.01584
4.27831
3.72757
3.41221
3.31446
3.37476
3.52383
3.70883
3.90051
4.08498
4.25575
4.41032
4.54866
4.6719
4.78158
4.87933
4.96677
5.04537
5.11643
5.18099
5.23994
5.29407
5.34407
5.39052
5.43393
5.47473
5.51329
5.54991
5.58491
5.61856
5.6511
5.68287
5.71364
533.631
277.528
20.5204
10.3176
8.40184
7.7016
7.10748
6.39595
5.50611
4.51356
3.60529
2.96931
2.67806
2.68581
2.86984
3.13057
3.40796
3.67414
3.91713
4.13265
4.3209
4.48439
4.62629
4.74978
4.85774
4.95271
5.03685
5.11194
5.17942
5.24043
5.29594
5.3468
5.39373
5.43734
5.47814
5.51654
5.55289
5.58751
5.6207
5.6527
5.68387
5.71401
599.128
329.405
23.0923
10.2648
7.75323
7.31684
6.8991
6.1663
5.04977
3.71064
2.56918
1.85743
1.61752
1.84541
2.24891
2.67772
3.075
3.42971
3.7393
4.00428
4.22894
4.41919
4.58074
4.71867
4.83724
4.93998
5.02978
5.10896
5.17934
5.24236
5.29919
5.35083
5.39814
5.44185
5.48252
5.52064
5.5566
5.59072
5.62333
5.65468
5.68512
5.71449
642.354
360.371
26.6928
11.1657
7.6598
7.28891
6.91224
6.01421
4.44396
2.183
0.708096
0.31356
0.304804
0.761786
1.51195
2.16967
2.71941
3.17878
3.56186
3.87898
4.14107
4.35826
4.53923
4.69125
4.82008
4.93027
5.02543
5.10843
5.18147
5.24627
5.30421
5.35645
5.40399
5.44762
5.48802
5.52571
5.56112
5.59461
5.62649
5.65704
5.68659
5.71505
676.827
394.931
33.7616
12.3554
8.29908
7.73369
7.31458
6.3259
4.61973
1.01791
-2.03737
-1.1819
-0.0805108
-0.463285
0.715501
1.62849
2.35375
2.93572
3.39822
3.767
4.06469
4.30704
4.50586
4.67062
4.80862
4.92539
5.0252
5.11142
5.18661
5.25276
5.31145
5.364
5.41149
5.45483
5.49474
5.53182
5.56651
5.59919
5.63019
5.65977
5.68829
5.71569
704.916
445.126
49.9402
14.3919
10.6204
8.9348
8.35276
11.2248
12.7379
40.2032
26.5513
-2.03751
1.29493
0.291513
0.169141
1.22755
2.04945
2.73019
3.26451
3.67926
4.00748
4.27089
4.48448
4.65969
4.80506
4.92699
5.03035
5.11888
5.19548
5.26238
5.32132
5.37375
5.42085
5.4636
5.50278
5.53901
5.57278
5.60447
5.63442
5.66289
5.69022
5.7164
735.069
519.969
82.5479
23.8197
17.4291
12.31
10.6354
18.047
123.493
230.996
205.696
29.8781
0.842139
5.98839
1.69785
1.09217
1.90482
2.60491
3.1779
3.62593
3.97646
4.25463
4.47849
4.66089
4.81121
4.93645
5.04188
5.13158
5.20867
5.27555
5.33412
5.38592
5.43221
5.47402
5.51217
5.54731
5.57995
5.61046
5.63918
5.66638
5.69236
5.71718
773.465
614.102
150.364
53.4669
54.0141
20.8414
15.6969
37.0449
216.475
236.316
252.596
231.957
1.5284
2.57597
5.41344
1.83296
2.02307
2.6118
3.15437
3.61425
3.97599
4.26141
4.49024
4.67599
4.82839
4.95473
5.06054
5.15005
5.22654
5.29254
5.35004
5.40064
5.44565
5.48613
5.52294
5.55673
5.588
5.61713
5.64446
5.67022
5.69471
5.71803
819.195
710.43
245.792
128.602
230.592
113.783
24.4962
39.4266
155.545
243.267
256.144
272.921
94.9365
1.97341
2.88659
3.57516
2.49169
2.71801
3.20411
3.64844
4.00762
4.29266
4.52106
4.70604
4.85739
4.98244
5.08674
5.17458
5.2493
5.31348
5.36914
5.41792
5.46116
5.49992
5.53506
5.56722
5.5969
5.62446
5.65021
5.67438
5.69724
5.71893
863.85
792.514
317.588
235.937
310.246
285.963
60.8678
41.5542
50.6617
247.386
258.762
274.393
261.806
3.333
3.62166
5.18887
2.63858
2.90913
3.32997
3.72621
4.06893
4.34785
4.57099
4.75121
4.89842
5.01972
5.12056
5.20519
5.27692
5.33831
5.39136
5.43771
5.47868
5.51532
5.54845
5.57872
5.60659
5.63239
5.65641
5.67884
5.69994
5.71988
888.831
826.67
351.667
298.789
323.166
306.466
262.808
35.3914
30.175
68.6199
262.309
275.638
291.263
61.4242
3.58505
4.52267
5.11218
3.59569
3.48377
3.82459
4.15403
4.42412
4.63844
4.81069
4.95097
5.06619
5.1617
5.24163
5.30919
5.36684
5.41653
5.45985
5.49806
5.53219
5.56302
5.59114
5.61698
5.64086
5.66299
5.68356
5.70278
5.72086
888.404
817.267
347.052
332.629
310.977
306.961
309.512
104.656
29.5673
29.8182
159.671
277.013
291.402
243.499
3.19635
3.40309
5.59177
3.46868
3.65022
3.93966
4.25857
4.5179
4.72115
4.88309
5.01408
5.12103
5.2095
5.28338
5.34567
5.39871
5.44434
5.48406
5.51908
5.55034
5.57858
5.60433
5.62797
5.64976
5.66988
5.68848
5.70574
5.72188
868.875
774.925
303.408
251.7
291.103
295.52
303.457
262.209
29.5854
29.5519
34.3234
269.289
288.329
303.133
6.55581
3.6524
3.72959
5.15244
3.75471
4.08261
4.37903
4.62696
4.81736
4.96701
5.08665
5.18307
5.26307
5.32971
5.38578
5.43342
5.47437
5.51002
5.54146
5.56955
5.59495
5.61814
5.63943
5.659
5.67701
5.69355
5.70878
5.72291
843.096
731.994
236.857
141.322
270.95
278.098
285.87
261.739
30.0413
30.4494
31.2576
73.4935
287.9
302.727
186.698
3.47888
3.69288
5.43862
4.06561
4.22167
4.52384
4.75176
4.9269
5.06116
5.16781
5.25041
5.32128
5.37976
5.4288
5.47038
5.50614
5.53731
5.56485
5.58953
5.61191
5.63239
5.6512
5.66847
5.68429
5.69872
5.71187
5.72395
821.725
704.305
193.279
89.938
161.514
172.346
224.878
104.915
30.8862
30.3002
30.8637
58.4604
281.511
298.613
284.526
3.54741
3.75012
4.87387
4.5986
4.41743
4.69102
4.89399
5.04709
5.16241
5.25257
5.32419
5.38341
5.43266
5.47396
5.50889
5.53909
5.56548
5.5889
5.60998
5.62921
5.64687
5.66314
5.67806
5.69164
5.70392
5.71498
5.72498
810.594
697.679
170.427
72.682
70.0655
68.8303
60.3874
56.5677
31.7685
29.8209
30.256
36.6767
183.352
296.156
314.418
10.3315
4.1483
4.56167
4.97594
4.65261
4.88034
5.04989
5.17558
5.26924
5.34185
5.3998
5.44738
5.48703
5.52041
5.54814
5.57264
5.59407
5.61321
5.6306
5.6466
5.6614
5.67508
5.68763
5.69897
5.7091
5.71806
5.726
812.277
717.78
180.16
70.9177
69.9057
72.5983
68.8361
52.5154
48.8378
30.6714
31.3191
35.0148
184.77
295.653
249.243
4.96298
4.60784
4.78821
5.12566
4.9092
5.08101
5.21424
5.30794
5.37825
5.43257
5.47612
5.51189
5.54163
5.56665
5.58785
5.60632
5.62261
5.63742
5.65108
5.66383
5.67577
5.68689
5.69707
5.70619
5.71418
5.72109
5.727
826.082
769.467
234.946
75.2042
76.0785
88.5228
186.876
149.035
63.8634
33.0491
35.2785
93.0698
257.89
285.152
40.6102
5.20334
5.0278
5.10134
5.14499
5.17251
5.28713
5.37639
5.43862
5.48543
5.52187
5.55128
5.57546
5.59552
5.61238
5.62675
5.63932
5.65064
5.66116
5.67111
5.68066
5.6898
5.6984
5.70626
5.7132
5.71911
5.72402
5.72795
850.495
853.254
487.564
87.3969
85.1647
105.606
480.526
582.078
44.8258
38.6316
88.2511
224.49
235.91
189.85
5.58095
5.40144
5.34069
5.38037
5.38136
5.41139
5.47705
5.52732
5.56177
5.58716
5.60719
5.62341
5.6367
5.64762
5.65667
5.66437
5.67121
5.67765
5.684
5.6904
5.69688
5.70332
5.70949
5.7151
5.71991
5.72382
5.7268
5.72884
886.533
899.593
806.477
195.078
92.3229
101.404
447.04
924.601
55.584
50.1986
180.326
225.33
232.533
44.4075
5.74233
5.61001
5.57761
5.56745
5.57566
5.60728
5.63765
5.65811
5.67024
5.67825
5.68435
5.68916
5.69289
5.69565
5.69762
5.69916
5.70068
5.70257
5.70504
5.70817
5.71185
5.71581
5.71974
5.72327
5.72606
5.72809
5.72931
5.72963
872.617
926.573
942.366
366.484
98.798
110.238
307.064
1077.19
70.2412
64.2163
160.828
225.745
203.166
6.05635
5.87785
5.80269
5.79068
5.76934
5.76351
5.76928
5.77239
5.76988
5.76437
5.75843
5.75295
5.74813
5.74365
5.73926
5.73491
5.73085
5.72749
5.72519
5.72416
5.72435
5.7255
5.72724
5.7291
5.73067
5.73165
5.73192
5.73149
5.73024
979.934
1006.77
1025.55
793.839
151.383
117.095
279.614
1159.24
133.151
68.4361
87.4207
220.553
104.861
6.02286
5.99001
6.01104
6.00688
5.98541
5.94445
5.92251
5.89986
5.87702
5.85561
5.8366
5.82034
5.80648
5.79422
5.78292
5.77231
5.76259
5.75425
5.74776
5.74328
5.7406
5.7393
5.73882
5.73859
5.73814
5.73718
5.73559
5.73342
5.7305
807.591
666.289
929.115
846.256
242.006
124.363
297.922
1202.12
723.367
58.7889
49.4484
103.543
29.1901
6.17993
6.21808
6.23164
6.21387
6.17426
6.11947
6.06113
6.01658
5.9762
5.9405
5.9097
5.88379
5.86184
5.84258
5.8249
5.80826
5.7929
5.77959
5.76904
5.76143
5.75624
5.75274
5.75018
5.7479
5.74539
5.74239
5.73885
5.73478
5.73002
683.592
649.381
806.078
740.479
278.316
132.608
652.033
1185.42
1152.89
66.8235
33.2232
19.0252
6.9293
6.6233
6.51425
6.42664
6.36662
6.31531
6.24249
6.17416
6.11312
6.05893
6.01169
5.9714
5.93772
5.90929
5.88433
5.86117
5.83905
5.81841
5.80053
5.78659
5.77667
5.76976
5.76463
5.76033
5.75617
5.75172
5.74676
5.7413
5.73537
5.72877
847.249
749.049
953.461
867.766
355.31
375.831
980.439
1185.59
1310.06
704.819
22.6725
18.1066
7.0035
6.78895
6.63632
6.53833
6.48178
6.41589
6.33995
6.26244
6.19014
6.12591
6.06992
6.02214
5.98216
5.94843
5.91873
5.89077
5.86351
5.83773
5.81572
5.79944
5.78856
5.78109
5.775
5.76927
5.7634
5.75708
5.75023
5.74292
5.73521
5.72677
1138.39
1147.44
1105.47
1040.91
884.186
984.718
1068.75
1173.39
1305.5
1081.28
279.159
22.9141
6.98142
6.74603
6.63686
6.5698
6.53551
6.48453
6.40759
6.3259
6.24778
6.17771
6.1157
6.06225
6.01735
5.9796
5.94623
5.93443
5.92885
5.88696
5.82749
5.80687
5.79673
5.79012
5.78385
5.77699
5.76951
5.76138
5.75272
5.74368
5.73429
5.72401
723.707
782.867
967.908
967.578
910.657
951.32
1053.91
785.304
871.626
1090.72
762.581
97.2321
10.7411
6.50052
7.14092
9.54162
7.09972
6.49936
6.43696
6.36249
6.28584
6.21454
6.14944
6.09221
6.04338
6.00605
6.01956
6.00463
5.93875
5.86197
5.82924
5.81185
5.80287
5.79746
5.79128
5.78342
5.77437
5.76453
5.75421
5.7436
5.73262
5.72051
453.201
386.341
315.963
248.373
341.322
740.604
695.544
163.259
67.744
701.828
829.194
332.101
35.7064
7.22958
11.6043
11.8384
10.0564
6.48539
6.41839
6.36927
6.30302
6.23467
6.16863
6.10785
6.05354
6.05184
6.08616
5.99008
5.90721
5.86988
5.8372
5.82074
5.8114
5.80515
5.79789
5.7886
5.77794
5.76652
5.75473
5.74269
5.73018
5.7163
461.081
365.502
323.035
226.159
149.384
61.9932
35.0187
39.1741
48.8474
385.285
817.196
504.452
50.9007
23.3459
13.3918
8.6994
9.06355
7.0776
6.41937
6.36022
6.29515
6.23055
6.16511
6.10043
6.06651
6.09909
6.05523
6.02439
6.00581
5.95734
5.84706
5.83506
5.82403
5.81433
5.80418
5.79272
5.78034
5.76752
5.75443
5.74104
5.72705
5.71143
662.141
557.237
285.662
139.712
108.181
44.9497
32.6733
35.0417
41.8518
624.396
795.795
473.008
15.4603
5.53394
5.58093
5.75934
5.89446
7.7034
8.01214
6.4957
6.23358
6.18675
6.12856
6.06194
6.05811
6.03813
5.9891
5.96465
5.96385
5.97799
5.95002
5.85056
5.83781
5.82348
5.80979
5.796
5.78197
5.76787
5.75354
5.73879
5.72333
5.70603
606.225
332.317
166.08
83.9375
48.8472
41.6894
29.1117
36.4956
235.573
659.615
697.664
168.742
11.2961
5.95652
5.36802
5.423
5.47871
6.40837
7.66533
6.24558
6.10284
6.10068
6.06217
6.01145
5.97335
5.9007
5.81715
5.78686
5.8541
5.93912
5.97205
5.92593
5.84949
5.83041
5.81379
5.79824
5.78293
5.76772
5.75218
5.73607
5.71916
5.70018
307.225
235.416
203.499
220.215
37.7118
11.5632
10.4794
17.9805
77.1828
83.7219
120.208
105.635
32.795
5.32953
5.28681
5.2161
5.19504
5.50888
6.31872
5.94836
5.98669
6.01637
6.00372
5.96091
5.88631
5.80524
5.75814
5.74169
5.75992
5.81114
5.93629
5.97343
5.91925
5.83388
5.8157
5.7994
5.78335
5.76724
5.75051
5.73303
5.71465
5.69394
259.827
242.913
275.262
318.849
212.237
9.69016
9.43323
8.49629
7.21599
7.03158
6.97514
10.9867
9.83152
6.49944
5.54959
5.30958
5.22667
5.35344
5.63715
5.84453
5.93962
5.97869
5.98088
5.94346
5.8665
5.80289
5.75751
5.74918
5.78111
5.92496
6.18176
5.94014
5.89418
5.83105
5.81445
5.79902
5.78311
5.76654
5.74876
5.7299
5.70995
5.68729
248.005
239.478
280.146
342.571
302.28
8.02725
8.45041
7.49853
6.78302
6.56115
6.67817
6.79628
6.66837
6.29796
5.82006
5.51836
5.44858
5.5706
5.76699
5.9023
5.97102
6.00117
5.99745
5.95736
5.89877
5.83758
5.80519
5.79945
5.80189
6.10608
6.16961
5.92299
5.84401
5.82133
5.81032
5.79796
5.78324
5.76647
5.74751
5.72701
5.70519
5.68025
214.877
214.903
234.798
335.869
361.475
125.817
7.43321
6.85094
6.30496
6.31181
6.52871
6.64221
6.51455
6.25857
6.00005
5.81785
5.77011
5.83679
5.93612
6.00531
6.04435
6.05879
6.04439
6.00569
5.955
5.9034
5.85703
5.82782
5.82354
6.11865
6.13232
5.82179
5.80472
5.80657
5.80381
5.79601
5.7832
5.76637
5.7463
5.72423
5.70045
5.67284
197.258
183.916
240.99
268.295
434.917
264.146
7.16281
6.56835
6.18186
6.19118
6.36947
6.44066
6.39164
6.25782
6.11346
6.01711
5.9926
6.02354
6.07031
6.10551
6.12628
6.1288
6.10779
6.06791
6.02714
5.96301
5.9221
5.87093
5.86023
6.04927
5.79949
5.77284
5.7844
5.79439
5.79971
5.79712
5.78635
5.76898
5.74699
5.72256
5.69623
5.66552
412.622
192.201
276.249
303.3
500.076
323.849
8.36622
6.48337
5.87538
5.95144
6.16682
6.26895
6.30085
6.28119
6.64177
6.61755
6.63053
6.44024
6.13963
6.16161
6.16862
6.15916
6.12602
6.07097
6.02562
6.00655
5.99637
5.91451
5.79032
5.77273
5.76493
5.7676
5.77638
5.7893
5.80119
5.80313
5.79269
5.77316
5.74837
5.72132
5.6923
5.65787
428.579
261.869
314.325
358.098
679.782
336.579
14.3199
8.05144
5.93643
5.92552
6.84382
7.5349
7.63955
7.07808
6.22227
6.35036
6.53623
6.38137
6.24849
6.25587
6.24847
6.24163
6.40977
6.53743
6.45152
6.16974
5.89798
5.84385
5.79518
5.76665
5.75855
5.75172
5.75411
5.78476
5.81349
5.82057
5.80601
5.78098
5.75188
5.72167
5.68969
5.65178
439.191
504.904
638.004
473.906
791.105
502.581
35.4215
17.7336
15.2493
14.0849
7.2358
6.03763
6.11098
6.17884
6.16548
6.15598
6.15678
6.16747
6.16751
6.16148
6.14819
6.1419
6.12158
6.08738
6.03636
5.97454
5.91279
5.86073
5.79833
5.79841
6.74525
7.20832
7.25232
6.69284
5.82736
5.84758
5.82794
5.79396
5.75802
5.72343
5.68805
5.64579
700.914
843.939
819.694
851.533
854.332
892.419
389.106
45.1954
62.434
93.6716
95.8065
99.3057
104.218
103.622
105.812
112.377
117.861
121.106
77.7152
77.9388
159.336
165.771
172.088
178.226
184.067
189.326
192.72
154.147
15.6943
5.71993
5.87374
6.03658
6.07433
5.94566
5.88028
5.88042
5.8475
5.80367
5.76196
5.72468
5.68738
5.64234
)
;

boundaryField
{
    leftWall
    {
        type            fixedFluxPressure;
        gradient        uniform 0;
        value           nonuniform List<scalar> 
46
(
631.173
627.054
614.271
599.411
406.678
125.065
27.2938
16.0215
12.5744
10.5868
9.10133
7.8951
6.9699
6.2355
5.63412
5.13047
4.75276
4.51345
4.39502
4.3571
4.36648
4.40506
4.46299
4.53343
4.61102
4.69159
4.77203
4.85025
4.92498
4.99562
5.06204
5.12435
5.1828
5.23763
5.28914
5.33762
5.38333
5.42653
5.46749
5.50644
5.54366
5.57939
5.61393
5.64748
5.68048
5.71241
)
;
    }
    rightWall
    {
        type            fixedFluxPressure;
        gradient        uniform 0;
        value           nonuniform List<scalar> 
46
(
657.585
654.943
572.709
563.332
700.914
843.939
819.694
851.533
854.332
892.419
389.106
45.1954
62.434
93.6716
95.8065
99.3057
104.218
103.622
105.812
112.377
117.861
121.106
77.7152
77.9388
159.336
165.771
172.088
178.226
184.067
189.326
192.72
154.147
15.6943
5.71993
5.87374
6.03658
6.07433
5.94566
5.88028
5.88042
5.8475
5.80367
5.76196
5.72468
5.68738
5.64234
)
;
    }
    lowerWall
    {
        type            fixedFluxPressure;
        gradient        uniform 0;
        value           nonuniform List<scalar> 
52
(
1208.51
1207.62
1153.81
1061.67
1208.51
1156.35
1108.14
1055.14
968.062
885.445
911.499
1004.82
1022.06
968.959
942.7
882.521
796.567
742.798
674.447
617.52
571.801
583.756
657.585
838.048
837.067
834.711
834.98
631.173
630.543
630.24
632.368
639.564
652.411
669.132
687.169
706.074
726.436
748.309
770.954
792.838
811.772
825.819
834.232
837.451
835.353
829.298
825.668
826.772
832.655
838.048
886.533
872.617
)
;
    }
    atmosphere
    {
        type            prghTotalPressure;
        rho             rho;
        psi             none;
        gamma           1;
        p0              uniform 0;
        value           nonuniform List<scalar> 
44
(
5.72904
5.72904
5.72904
5.72904
5.72904
5.72904
5.72904
5.72904
5.72904
5.72904
5.72904
5.72904
5.72904
5.72904
5.72904
5.72904
5.72904
5.72904
5.72904
5.72904
5.72904
5.72904
5.72904
5.72904
5.72903
5.72858
5.72724
5.72502
5.72198
5.71817
5.7136
5.70834
5.70243
5.69601
5.68911
5.68177
5.67389
5.66539
5.6561
5.64686
5.63606
5.62815
5.61811
5.61225
)
;
        rho             rho;
    }
    frontAndBack
    {
        type            empty;
    }
}


// ************************************************************************* //
