/*--------------------------------*- C++ -*----------------------------------*\
  =========                 |
  \\      /  F ield         | OpenFOAM: The Open Source CFD Toolbox
   \\    /   O peration     | Website:  https://openfoam.org
    \\  /    A nd           | Version:  13
     \\/     M anipulation  |
\*---------------------------------------------------------------------------*/
FoamFile
{
    format      ascii;
    class       volScalarField;
    location    "0.015";
    object      rho;
}
// * * * * * * * * * * * * * * * * * * * * * * * * * * * * * * * * * * * * * //

dimensions      [1 -3 0 0 0 0 0];

internalField   nonuniform List<scalar> 
8000
(
0.386571
0.385953
0.385856
0.385681
0.385508
0.385316
0.385114
0.384903
0.384687
0.384469
0.384251
0.384035
0.383823
0.383615
0.383411
0.383209
0.383007
0.382804
0.382598
0.382388
0.382173
0.381954
0.381729
0.381501
0.381269
0.381035
0.380799
0.38056
0.380318
0.380073
0.379822
0.379565
0.379301
0.379029
0.37875
0.378463
0.37817
0.37787
0.377565
0.377257
0.376945
0.37663
0.376313
0.375994
0.375672
0.375348
0.375021
0.374689
0.374353
0.37401
0.37366
0.373302
0.372934
0.372557
0.372168
0.371768
0.371356
0.370933
0.370499
0.370053
0.369596
0.369129
0.368651
0.368163
0.367665
0.367156
0.366636
0.366104
0.36556
0.365003
0.364431
0.363844
0.363241
0.36262
0.361981
0.361322
0.360642
0.359941
0.359218
0.358472
0.357702
0.356907
0.356086
0.355237
0.354361
0.353456
0.35252
0.351551
0.350549
0.34951
0.348435
0.347319
0.346162
0.344958
0.343709
0.342407
0.341053
0.339638
0.338165
0.336621
0.33501
0.333317
0.331546
0.329676
0.327716
0.325636
0.32345
0.321115
0.31865
0.315996
0.313181
0.310118
0.306847
0.303237
0.299351
0.294982
0.290235
0.28478
0.27881
0.271813
0.386568
0.38595
0.385852
0.385677
0.385504
0.385313
0.385111
0.384901
0.384686
0.384468
0.384251
0.384035
0.383824
0.383616
0.383411
0.383209
0.383007
0.382803
0.382597
0.382387
0.382171
0.381951
0.381727
0.381498
0.381266
0.381032
0.380796
0.380557
0.380315
0.380069
0.379819
0.379562
0.379298
0.379026
0.378747
0.378461
0.378168
0.377869
0.377565
0.377257
0.376945
0.376631
0.376314
0.375995
0.375674
0.37535
0.375022
0.374691
0.374354
0.374011
0.373661
0.373302
0.372935
0.372557
0.372168
0.371768
0.371357
0.370934
0.370499
0.370054
0.369597
0.36913
0.368653
0.368165
0.367667
0.367158
0.366638
0.366107
0.365563
0.365005
0.364434
0.363847
0.363243
0.362622
0.361983
0.361324
0.360644
0.359944
0.359221
0.358474
0.357704
0.356909
0.356088
0.35524
0.354364
0.353459
0.352523
0.351554
0.350553
0.349514
0.348439
0.347323
0.346166
0.344962
0.343713
0.342411
0.341058
0.339643
0.33817
0.336626
0.335016
0.333322
0.331551
0.329682
0.327722
0.325643
0.323456
0.321122
0.318657
0.316004
0.313188
0.310126
0.306854
0.303245
0.299356
0.294986
0.290231
0.284767
0.278778
0.271756
0.386569
0.385948
0.385849
0.385673
0.385501
0.385309
0.385109
0.384899
0.384685
0.384468
0.384251
0.384036
0.383825
0.383617
0.383412
0.383209
0.383006
0.382802
0.382596
0.382385
0.382169
0.381949
0.381724
0.381495
0.381263
0.381029
0.380792
0.380553
0.380311
0.380065
0.379814
0.379558
0.379294
0.379023
0.378744
0.378459
0.378166
0.377868
0.377565
0.377257
0.376946
0.376633
0.376316
0.375998
0.375676
0.375352
0.375025
0.374693
0.374356
0.374013
0.373662
0.373304
0.372936
0.372558
0.372169
0.371769
0.371358
0.370935
0.370501
0.370056
0.369599
0.369133
0.368656
0.368168
0.36767
0.367162
0.366642
0.366111
0.365567
0.365009
0.364438
0.36385
0.363247
0.362626
0.361986
0.361327
0.360648
0.359947
0.359225
0.358478
0.357709
0.356914
0.356093
0.355245
0.35437
0.353464
0.352529
0.35156
0.350559
0.349521
0.348446
0.34733
0.346173
0.34497
0.343721
0.342419
0.341065
0.339651
0.338178
0.336635
0.335024
0.333331
0.331561
0.329692
0.327732
0.325654
0.323467
0.321134
0.318669
0.316017
0.313201
0.31014
0.306866
0.303258
0.299365
0.294992
0.290226
0.284747
0.278726
0.271661
0.386569
0.385944
0.385844
0.385668
0.385495
0.385305
0.385105
0.384897
0.384684
0.384468
0.384252
0.384038
0.383827
0.383619
0.383413
0.38321
0.383006
0.382801
0.382594
0.382382
0.382166
0.381945
0.38172
0.381491
0.381259
0.381024
0.380787
0.380548
0.380306
0.38006
0.379808
0.379552
0.379288
0.379018
0.37874
0.378455
0.378164
0.377866
0.377564
0.377258
0.376948
0.376635
0.376319
0.376001
0.37568
0.375356
0.375028
0.374696
0.374359
0.374015
0.373664
0.373305
0.372937
0.372559
0.37217
0.37177
0.371359
0.370936
0.370503
0.370058
0.369603
0.369136
0.36866
0.368173
0.367675
0.367167
0.366648
0.366116
0.365572
0.365015
0.364443
0.363856
0.363252
0.362631
0.361991
0.361332
0.360653
0.359952
0.35923
0.358484
0.357714
0.35692
0.3561
0.355252
0.354377
0.353472
0.352537
0.351568
0.350567
0.349529
0.348455
0.347339
0.346183
0.34498
0.343731
0.342429
0.341076
0.339662
0.33819
0.336647
0.335036
0.333344
0.331574
0.329706
0.327746
0.325669
0.323482
0.32115
0.318685
0.316035
0.313219
0.310159
0.306884
0.303276
0.299377
0.295001
0.290217
0.284717
0.278652
0.271525
0.386569
0.385939
0.385838
0.385661
0.385488
0.385298
0.3851
0.384893
0.384682
0.384468
0.384253
0.38404
0.383829
0.383621
0.383415
0.38321
0.383006
0.3828
0.382591
0.382379
0.382162
0.38194
0.381715
0.381486
0.381253
0.381018
0.380781
0.380542
0.380299
0.380052
0.379801
0.379544
0.379281
0.379011
0.378734
0.37845
0.37816
0.377865
0.377564
0.377259
0.37695
0.376638
0.376323
0.376005
0.375684
0.37536
0.375032
0.3747
0.374362
0.374018
0.373667
0.373307
0.372938
0.37256
0.372171
0.371771
0.37136
0.370938
0.370505
0.370061
0.369606
0.369141
0.368665
0.368179
0.367682
0.367174
0.366654
0.366123
0.365579
0.365021
0.36445
0.363862
0.363258
0.362637
0.361998
0.361339
0.360659
0.359959
0.359236
0.358491
0.357722
0.356927
0.356108
0.35526
0.354386
0.353481
0.352546
0.351579
0.350578
0.34954
0.348466
0.347351
0.346195
0.344992
0.343744
0.342442
0.34109
0.339676
0.338204
0.336661
0.335052
0.33336
0.33159
0.329723
0.327764
0.325688
0.323502
0.321171
0.318706
0.316058
0.313241
0.310184
0.306905
0.303299
0.299392
0.295012
0.290207
0.28468
0.278558
0.271352
0.386568
0.385934
0.38583
0.385652
0.385479
0.38529
0.385093
0.384889
0.384679
0.384467
0.384254
0.384042
0.383832
0.383623
0.383417
0.383211
0.383005
0.382798
0.382588
0.382375
0.382157
0.381935
0.381709
0.38148
0.381247
0.381012
0.380774
0.380534
0.380291
0.380044
0.379793
0.379536
0.379273
0.379004
0.378728
0.378445
0.378157
0.377862
0.377563
0.37726
0.376952
0.376641
0.376327
0.37601
0.37569
0.375366
0.375038
0.374705
0.374366
0.374022
0.37367
0.373309
0.37294
0.372562
0.372173
0.371773
0.371362
0.370941
0.370509
0.370065
0.369611
0.369146
0.368671
0.368185
0.367689
0.367181
0.366662
0.366131
0.365587
0.365029
0.364457
0.36387
0.363266
0.362645
0.362005
0.361346
0.360667
0.359967
0.359244
0.358499
0.35773
0.356937
0.356117
0.355271
0.354396
0.353492
0.352558
0.351591
0.35059
0.349553
0.34848
0.347365
0.346209
0.345007
0.343759
0.342458
0.341105
0.339693
0.338221
0.336679
0.335069
0.333379
0.331609
0.329743
0.327785
0.32571
0.323524
0.321196
0.318731
0.316085
0.313267
0.310213
0.306932
0.303327
0.299411
0.295025
0.290196
0.284638
0.278448
0.271145
0.386567
0.385928
0.385822
0.385643
0.385469
0.385281
0.385086
0.384883
0.384676
0.384466
0.384255
0.384044
0.383834
0.383626
0.383418
0.383212
0.383005
0.382796
0.382585
0.38237
0.382152
0.381929
0.381703
0.381473
0.38124
0.381005
0.380767
0.380526
0.380282
0.380035
0.379784
0.379527
0.379264
0.378996
0.378721
0.37844
0.378153
0.37786
0.377563
0.377261
0.376955
0.376645
0.376332
0.376016
0.375696
0.375372
0.375043
0.37471
0.374371
0.374026
0.373673
0.373312
0.372943
0.372564
0.372175
0.371775
0.371365
0.370944
0.370512
0.37007
0.369616
0.369153
0.368678
0.368193
0.367697
0.36719
0.366671
0.36614
0.365596
0.365039
0.364466
0.363879
0.363274
0.362653
0.362013
0.361354
0.360675
0.359975
0.359253
0.358509
0.35774
0.356947
0.356128
0.355282
0.354408
0.353505
0.352571
0.351605
0.350605
0.349568
0.348495
0.347381
0.346225
0.345024
0.343776
0.342476
0.341123
0.339711
0.33824
0.336699
0.33509
0.3334
0.331631
0.329767
0.327809
0.325736
0.32355
0.321224
0.318759
0.316116
0.313297
0.310246
0.306962
0.303359
0.299434
0.295042
0.290186
0.284592
0.278325
0.270908
0.386567
0.385921
0.385812
0.385632
0.385459
0.385271
0.385077
0.384877
0.384672
0.384464
0.384255
0.384046
0.383837
0.383628
0.38342
0.383213
0.383004
0.382794
0.382582
0.382366
0.382147
0.381924
0.381697
0.381466
0.381233
0.380997
0.380759
0.380518
0.380273
0.380026
0.379774
0.379517
0.379255
0.378987
0.378714
0.378434
0.378149
0.377858
0.377562
0.377262
0.376958
0.37665
0.376338
0.376022
0.375702
0.375379
0.37505
0.374716
0.374377
0.37403
0.373677
0.373316
0.372945
0.372566
0.372177
0.371777
0.371368
0.370947
0.370516
0.370075
0.369622
0.369159
0.368686
0.368202
0.367706
0.3672
0.366681
0.36615
0.365606
0.365049
0.364476
0.363888
0.363284
0.362662
0.362023
0.361364
0.360685
0.359985
0.359263
0.358519
0.357751
0.356958
0.35614
0.355295
0.354422
0.353519
0.352586
0.35162
0.35062
0.349585
0.348512
0.347398
0.346243
0.345042
0.343795
0.342495
0.341143
0.339732
0.338261
0.336721
0.335112
0.333424
0.331655
0.329792
0.327835
0.325764
0.323579
0.321255
0.31879
0.31615
0.313331
0.310282
0.306996
0.303394
0.29946
0.295062
0.290177
0.284544
0.27819
0.270646
0.386566
0.385914
0.385802
0.385621
0.385447
0.38526
0.385068
0.38487
0.384667
0.384462
0.384255
0.384047
0.383839
0.38363
0.383422
0.383213
0.383004
0.382792
0.382578
0.382362
0.382141
0.381917
0.38169
0.381459
0.381226
0.380989
0.38075
0.380509
0.380264
0.380016
0.379764
0.379507
0.379246
0.378979
0.378706
0.378428
0.378144
0.377856
0.377562
0.377264
0.376961
0.376655
0.376344
0.376029
0.37571
0.375386
0.375057
0.374723
0.374382
0.374036
0.373681
0.373319
0.372949
0.372569
0.372179
0.37178
0.371371
0.370951
0.370521
0.37008
0.369629
0.369167
0.368694
0.368211
0.367716
0.36721
0.366692
0.366161
0.365617
0.365059
0.364487
0.363899
0.363294
0.362673
0.362033
0.361374
0.360695
0.359996
0.359274
0.35853
0.357763
0.356971
0.356153
0.355309
0.354436
0.353534
0.352601
0.351636
0.350637
0.349602
0.34853
0.347417
0.346262
0.345062
0.343815
0.342516
0.341165
0.339754
0.338284
0.336745
0.335137
0.33345
0.331682
0.32982
0.327864
0.325794
0.32361
0.321288
0.318825
0.316187
0.313368
0.310322
0.307033
0.303433
0.29949
0.295085
0.290169
0.284495
0.278048
0.27036
0.386566
0.385906
0.385792
0.385609
0.385434
0.385249
0.385058
0.384862
0.384662
0.38446
0.384255
0.384048
0.383841
0.383633
0.383424
0.383214
0.383003
0.382791
0.382575
0.382357
0.382136
0.381911
0.381683
0.381452
0.381218
0.380982
0.380742
0.3805
0.380255
0.380006
0.379754
0.379497
0.379236
0.37897
0.378699
0.378422
0.37814
0.377854
0.377562
0.377266
0.376965
0.37666
0.37635
0.376036
0.375717
0.375393
0.375064
0.37473
0.374389
0.374041
0.373686
0.373323
0.372952
0.372572
0.372183
0.371783
0.371374
0.370955
0.370526
0.370086
0.369636
0.369175
0.368703
0.36822
0.367726
0.367221
0.366703
0.366172
0.365629
0.365071
0.364498
0.36391
0.363305
0.362683
0.362043
0.361385
0.360706
0.360007
0.359286
0.358542
0.357776
0.356984
0.356167
0.355323
0.354451
0.35355
0.352618
0.351654
0.350655
0.349621
0.348549
0.347437
0.346283
0.345083
0.343837
0.342539
0.341188
0.339778
0.338308
0.33677
0.335163
0.333477
0.33171
0.32985
0.327894
0.325827
0.323644
0.321324
0.318861
0.316227
0.313407
0.310365
0.307074
0.303475
0.299523
0.295112
0.290164
0.284447
0.277898
0.270054
0.386565
0.385899
0.385782
0.385597
0.385422
0.385237
0.385048
0.384854
0.384657
0.384456
0.384253
0.384049
0.383842
0.383635
0.383426
0.383215
0.383003
0.382789
0.382572
0.382353
0.382131
0.381905
0.381677
0.381446
0.381211
0.380974
0.380734
0.380492
0.380246
0.379997
0.379744
0.379488
0.379227
0.378961
0.378691
0.378416
0.378136
0.377852
0.377562
0.377268
0.376969
0.376665
0.376357
0.376043
0.375725
0.375401
0.375072
0.374737
0.374395
0.374047
0.373691
0.373328
0.372956
0.372576
0.372186
0.371787
0.371378
0.37096
0.370531
0.370092
0.369643
0.369183
0.368712
0.368231
0.367737
0.367232
0.366715
0.366184
0.365641
0.365083
0.36451
0.363922
0.363317
0.362695
0.362055
0.361396
0.360718
0.360019
0.359298
0.358555
0.357789
0.356998
0.356182
0.355338
0.354467
0.353567
0.352636
0.351672
0.350674
0.349641
0.348569
0.347458
0.346304
0.345106
0.34386
0.342563
0.341212
0.339803
0.338334
0.336797
0.335191
0.333506
0.33174
0.329881
0.327926
0.325861
0.323679
0.321362
0.3189
0.316268
0.313449
0.31041
0.307117
0.303521
0.29956
0.295142
0.290162
0.284401
0.277745
0.269731
0.386565
0.385891
0.385772
0.385584
0.385409
0.385224
0.385037
0.384846
0.384651
0.384453
0.384252
0.384049
0.383844
0.383637
0.383427
0.383216
0.383003
0.382787
0.38257
0.382349
0.382126
0.3819
0.381671
0.381439
0.381204
0.380967
0.380726
0.380483
0.380237
0.379988
0.379735
0.379478
0.379218
0.378953
0.378684
0.378411
0.378133
0.37785
0.377563
0.37727
0.376973
0.376671
0.376363
0.376051
0.375733
0.375409
0.37508
0.374745
0.374402
0.374053
0.373697
0.373333
0.37296
0.372579
0.37219
0.371791
0.371383
0.370965
0.370537
0.370099
0.369651
0.369192
0.368722
0.368241
0.367749
0.367244
0.366727
0.366197
0.365653
0.365095
0.364522
0.363934
0.363329
0.362707
0.362067
0.361408
0.36073
0.360031
0.359311
0.358569
0.357803
0.357013
0.356197
0.355354
0.354484
0.353584
0.352654
0.351691
0.350694
0.349661
0.34859
0.34748
0.346327
0.345129
0.343883
0.342587
0.341237
0.339829
0.338361
0.336825
0.335219
0.333536
0.33177
0.329914
0.32796
0.325897
0.323716
0.321402
0.31894
0.316312
0.313493
0.310457
0.307163
0.303569
0.2996
0.295175
0.290165
0.284358
0.27759
0.269394
0.386564
0.385884
0.385762
0.385572
0.385396
0.385212
0.385026
0.384837
0.384644
0.384449
0.38425
0.384049
0.383845
0.383638
0.383429
0.383217
0.383002
0.382786
0.382567
0.382345
0.382121
0.381895
0.381665
0.381433
0.381198
0.38096
0.380719
0.380475
0.380229
0.379979
0.379726
0.379469
0.379209
0.378945
0.378678
0.378406
0.378129
0.377849
0.377563
0.377273
0.376977
0.376676
0.37637
0.376058
0.375741
0.375418
0.375088
0.374752
0.37441
0.37406
0.373703
0.373338
0.372965
0.372584
0.372194
0.371795
0.371387
0.37097
0.370543
0.370106
0.369659
0.369201
0.368732
0.368252
0.36776
0.367256
0.366739
0.36621
0.365666
0.365108
0.364535
0.363946
0.363341
0.362719
0.362079
0.361421
0.360743
0.360044
0.359324
0.358582
0.357817
0.357028
0.356213
0.355371
0.354501
0.353602
0.352673
0.35171
0.350714
0.349682
0.348612
0.347502
0.34635
0.345152
0.343908
0.342612
0.341263
0.339856
0.338388
0.336854
0.335249
0.333567
0.331802
0.329948
0.327995
0.325934
0.323754
0.321442
0.318982
0.316357
0.313539
0.310506
0.307212
0.303619
0.299643
0.295212
0.290171
0.284318
0.277434
0.269045
0.386564
0.385877
0.385752
0.38556
0.385383
0.3852
0.385015
0.384828
0.384638
0.384445
0.384249
0.384049
0.383846
0.38364
0.38343
0.383218
0.383003
0.382785
0.382565
0.382342
0.382117
0.38189
0.38166
0.381427
0.381192
0.380953
0.380712
0.380468
0.380221
0.379971
0.379717
0.379461
0.379201
0.378938
0.378672
0.378401
0.378126
0.377847
0.377564
0.377275
0.376981
0.376682
0.376377
0.376066
0.37575
0.375426
0.375097
0.374761
0.374417
0.374067
0.373709
0.373343
0.37297
0.372588
0.372198
0.3718
0.371392
0.370976
0.370549
0.370113
0.369667
0.36921
0.368742
0.368263
0.367772
0.367268
0.366752
0.366222
0.365679
0.365121
0.364548
0.363959
0.363354
0.362732
0.362092
0.361433
0.360756
0.360057
0.359338
0.358597
0.357832
0.357043
0.356229
0.355388
0.354519
0.353621
0.352692
0.35173
0.350735
0.349704
0.348634
0.347525
0.346373
0.345177
0.343933
0.342638
0.34129
0.339884
0.338416
0.336884
0.335279
0.333599
0.331835
0.329983
0.32803
0.325972
0.323793
0.321484
0.319025
0.316403
0.313587
0.310557
0.307262
0.303671
0.29969
0.295252
0.290182
0.284284
0.277279
0.268686
0.386564
0.38587
0.385742
0.385549
0.385371
0.385188
0.385004
0.384819
0.384631
0.38444
0.384246
0.384048
0.383846
0.383641
0.383431
0.383218
0.383002
0.382784
0.382563
0.382339
0.382114
0.381885
0.381655
0.381422
0.381186
0.380947
0.380706
0.380461
0.380214
0.379963
0.379709
0.379453
0.379194
0.378931
0.378666
0.378397
0.378124
0.377847
0.377565
0.377278
0.376986
0.376688
0.376384
0.376074
0.375758
0.375435
0.375105
0.374769
0.374425
0.374074
0.373715
0.373349
0.372975
0.372593
0.372203
0.371805
0.371398
0.370982
0.370556
0.370121
0.369675
0.369219
0.368753
0.368274
0.367784
0.367281
0.366765
0.366236
0.365692
0.365134
0.364561
0.363972
0.363367
0.362745
0.362105
0.361447
0.360769
0.360071
0.359352
0.358611
0.357847
0.357059
0.356245
0.355405
0.354537
0.353639
0.352711
0.351751
0.350756
0.349725
0.348657
0.347548
0.346397
0.345202
0.343958
0.342665
0.341317
0.339912
0.338445
0.336914
0.33531
0.333632
0.331869
0.330018
0.328067
0.326011
0.323833
0.321527
0.31907
0.316451
0.313636
0.310609
0.307314
0.303726
0.299739
0.295296
0.290198
0.284255
0.277127
0.268319
0.386565
0.385863
0.385733
0.385538
0.385359
0.385176
0.384994
0.384811
0.384625
0.384436
0.384244
0.384048
0.383847
0.383642
0.383433
0.383219
0.383003
0.382783
0.382561
0.382337
0.38211
0.381882
0.381651
0.381417
0.381181
0.380942
0.3807
0.380455
0.380207
0.379956
0.379702
0.379446
0.379187
0.378925
0.378661
0.378393
0.378122
0.377846
0.377566
0.377281
0.37699
0.376694
0.376391
0.376082
0.375766
0.375444
0.375114
0.374777
0.374433
0.374081
0.373722
0.373355
0.372981
0.372599
0.372209
0.37181
0.371403
0.370988
0.370563
0.370129
0.369684
0.369229
0.368763
0.368285
0.367796
0.367293
0.366778
0.366249
0.365705
0.365148
0.364574
0.363986
0.36338
0.362758
0.362118
0.36146
0.360782
0.360085
0.359366
0.358626
0.357862
0.357075
0.356262
0.355422
0.354555
0.353658
0.352731
0.351771
0.350777
0.349747
0.348679
0.347572
0.346421
0.345227
0.343984
0.342691
0.341344
0.339941
0.338475
0.336944
0.335342
0.333665
0.331903
0.330054
0.328104
0.32605
0.323874
0.321571
0.319115
0.316499
0.313685
0.310663
0.307368
0.303782
0.299791
0.295343
0.290218
0.284232
0.27698
0.267948
0.386565
0.385857
0.385725
0.385527
0.385347
0.385165
0.384984
0.384802
0.384618
0.384431
0.384241
0.384046
0.383847
0.383643
0.383433
0.38322
0.383003
0.382783
0.38256
0.382335
0.382107
0.381878
0.381647
0.381413
0.381177
0.380937
0.380695
0.380449
0.380201
0.37995
0.379696
0.37944
0.379181
0.37892
0.378656
0.37839
0.37812
0.377846
0.377567
0.377284
0.376995
0.3767
0.376398
0.37609
0.375775
0.375452
0.375123
0.374785
0.374441
0.374089
0.373729
0.373362
0.372987
0.372604
0.372214
0.371816
0.371409
0.370994
0.37057
0.370136
0.369693
0.369239
0.368773
0.368297
0.367808
0.367306
0.366791
0.366262
0.365719
0.365161
0.364588
0.363999
0.363394
0.362771
0.362132
0.361473
0.360796
0.360099
0.359381
0.358641
0.357878
0.357091
0.356279
0.35544
0.354573
0.353678
0.352751
0.351792
0.350798
0.34977
0.348702
0.347596
0.346446
0.345252
0.34401
0.342718
0.341372
0.339969
0.338504
0.336975
0.335374
0.333698
0.331937
0.33009
0.328142
0.32609
0.323915
0.321615
0.319161
0.316548
0.313736
0.310717
0.307423
0.303839
0.299845
0.295393
0.290245
0.284216
0.276837
0.267575
0.386566
0.385851
0.385717
0.385518
0.385337
0.385155
0.384974
0.384794
0.384612
0.384427
0.384239
0.384046
0.383847
0.383644
0.383435
0.383221
0.383004
0.382783
0.382559
0.382333
0.382105
0.381876
0.381644
0.38141
0.381173
0.380933
0.38069
0.380445
0.380196
0.379944
0.37969
0.379434
0.379176
0.378915
0.378652
0.378387
0.378118
0.377846
0.377569
0.377287
0.376999
0.376706
0.376405
0.376098
0.375783
0.375461
0.375131
0.374794
0.374449
0.374096
0.373736
0.373368
0.372993
0.37261
0.37222
0.371822
0.371415
0.371001
0.370577
0.370144
0.369702
0.369248
0.368784
0.368308
0.367819
0.367318
0.366804
0.366275
0.365732
0.365174
0.364601
0.364012
0.363407
0.362785
0.362145
0.361487
0.36081
0.360113
0.359395
0.358656
0.357893
0.357107
0.356296
0.355458
0.354592
0.353697
0.352771
0.351813
0.35082
0.349792
0.348725
0.347619
0.34647
0.345277
0.344036
0.342745
0.3414
0.339998
0.338534
0.337006
0.335406
0.333731
0.331972
0.330127
0.32818
0.32613
0.323957
0.321659
0.319207
0.316598
0.313788
0.310772
0.30748
0.303898
0.299902
0.295446
0.290276
0.284206
0.276702
0.267199
0.386567
0.385846
0.385709
0.385508
0.385327
0.385144
0.384965
0.384786
0.384606
0.384423
0.384236
0.384044
0.383847
0.383644
0.383436
0.383222
0.383004
0.382782
0.382558
0.382331
0.382103
0.381873
0.381641
0.381407
0.38117
0.38093
0.380686
0.38044
0.380191
0.379939
0.379685
0.379429
0.379171
0.378911
0.378649
0.378385
0.378117
0.377846
0.377571
0.37729
0.377004
0.376712
0.376412
0.376105
0.375791
0.375469
0.37514
0.374802
0.374457
0.374104
0.373743
0.373375
0.372999
0.372616
0.372225
0.371827
0.371422
0.371007
0.370585
0.370152
0.36971
0.369258
0.368794
0.368319
0.367831
0.367331
0.366816
0.366288
0.365745
0.365188
0.364615
0.364026
0.36342
0.362798
0.362159
0.361501
0.360824
0.360127
0.35941
0.358671
0.357909
0.357123
0.356313
0.355475
0.35461
0.353716
0.352791
0.351833
0.350841
0.349814
0.348748
0.347643
0.346495
0.345303
0.344062
0.342772
0.341428
0.340027
0.338564
0.337037
0.335438
0.333765
0.332007
0.330164
0.328218
0.326171
0.323999
0.321704
0.319254
0.316648
0.31384
0.310827
0.307537
0.303958
0.299961
0.295501
0.290312
0.284204
0.276574
0.266825
0.386568
0.385841
0.385703
0.3855
0.385318
0.385136
0.384957
0.384779
0.3846
0.384419
0.384234
0.384044
0.383847
0.383645
0.383437
0.383223
0.383005
0.382783
0.382558
0.382331
0.382102
0.381871
0.381639
0.381404
0.381167
0.380927
0.380683
0.380437
0.380187
0.379935
0.379681
0.379425
0.379167
0.378908
0.378646
0.378383
0.378117
0.377847
0.377573
0.377294
0.377009
0.376717
0.376419
0.376113
0.375799
0.375478
0.375148
0.37481
0.374465
0.374111
0.37375
0.373381
0.373005
0.372622
0.372231
0.371834
0.371428
0.371014
0.370592
0.37016
0.369719
0.369268
0.368805
0.36833
0.367843
0.367343
0.366829
0.366301
0.365758
0.365201
0.364628
0.364039
0.363434
0.362812
0.362172
0.361514
0.360838
0.360142
0.359425
0.358686
0.357925
0.35714
0.356329
0.355493
0.354628
0.353735
0.35281
0.351854
0.350863
0.349836
0.348771
0.347667
0.346519
0.345328
0.344088
0.342799
0.341455
0.340056
0.338594
0.337068
0.33547
0.333799
0.332042
0.3302
0.328256
0.326211
0.324041
0.321749
0.3193
0.316697
0.313892
0.310883
0.307595
0.304019
0.300021
0.295559
0.290354
0.284209
0.276456
0.266453
0.386569
0.385837
0.385696
0.385492
0.385309
0.385127
0.384949
0.384772
0.384595
0.384415
0.384231
0.384042
0.383847
0.383646
0.383438
0.383224
0.383006
0.382783
0.382558
0.38233
0.382101
0.38187
0.381637
0.381402
0.381165
0.380924
0.380681
0.380434
0.380184
0.379932
0.379677
0.379421
0.379164
0.378905
0.378644
0.378382
0.378117
0.377848
0.377575
0.377297
0.377014
0.376723
0.376426
0.376121
0.375807
0.375486
0.375156
0.374818
0.374472
0.374119
0.373757
0.373388
0.373012
0.372628
0.372238
0.37184
0.371434
0.371021
0.370599
0.370169
0.369728
0.369277
0.368815
0.368341
0.367854
0.367355
0.366841
0.366314
0.365771
0.365214
0.364641
0.364052
0.363447
0.362825
0.362186
0.361528
0.360852
0.360156
0.359439
0.358701
0.35794
0.357156
0.356346
0.355511
0.354647
0.353754
0.35283
0.351874
0.350884
0.349858
0.348794
0.34769
0.346544
0.345353
0.344114
0.342826
0.341483
0.340085
0.338624
0.337099
0.335502
0.333833
0.332077
0.330237
0.328294
0.326251
0.324084
0.321794
0.319347
0.316747
0.313944
0.310939
0.307653
0.30408
0.300083
0.29562
0.2904
0.284222
0.276346
0.266086
0.386571
0.385833
0.385691
0.385486
0.385302
0.385119
0.384942
0.384766
0.38459
0.384412
0.384229
0.384042
0.383848
0.383647
0.383439
0.383226
0.383007
0.382784
0.382558
0.38233
0.3821
0.381869
0.381636
0.381401
0.381163
0.380923
0.380679
0.380432
0.380182
0.379929
0.379675
0.379418
0.379161
0.378903
0.378643
0.378381
0.378117
0.377849
0.377578
0.377301
0.377018
0.376729
0.376432
0.376128
0.375815
0.375494
0.375164
0.374826
0.37448
0.374126
0.373764
0.373395
0.373018
0.372634
0.372244
0.371846
0.371441
0.371028
0.370607
0.370177
0.369737
0.369287
0.368825
0.368352
0.367866
0.367367
0.366854
0.366326
0.365784
0.365227
0.364654
0.364065
0.36346
0.362838
0.362199
0.361542
0.360866
0.36017
0.359454
0.358716
0.357956
0.357172
0.356363
0.355528
0.354665
0.353773
0.35285
0.351895
0.350905
0.34988
0.348817
0.347714
0.346568
0.345378
0.34414
0.342853
0.341511
0.340114
0.338653
0.33713
0.335534
0.333866
0.332112
0.330273
0.328332
0.326292
0.324126
0.321838
0.319394
0.316797
0.313996
0.310994
0.307712
0.304142
0.300147
0.295682
0.290452
0.284241
0.276248
0.265725
0.386572
0.38583
0.385686
0.38548
0.385295
0.385112
0.384935
0.38476
0.384585
0.384408
0.384227
0.38404
0.383847
0.383647
0.38344
0.383227
0.383008
0.382785
0.382558
0.38233
0.3821
0.381868
0.381635
0.3814
0.381162
0.380921
0.380677
0.38043
0.38018
0.379927
0.379672
0.379416
0.379159
0.378901
0.378641
0.37838
0.378117
0.377851
0.37758
0.377305
0.377023
0.376735
0.376439
0.376135
0.375823
0.375502
0.375172
0.374834
0.374488
0.374133
0.373771
0.373401
0.373025
0.372641
0.37225
0.371852
0.371448
0.371035
0.370614
0.370185
0.369746
0.369296
0.368835
0.368362
0.367877
0.367378
0.366866
0.366339
0.365797
0.36524
0.364667
0.364078
0.363473
0.362852
0.362212
0.361555
0.360879
0.360184
0.359468
0.358731
0.357972
0.357188
0.35638
0.355545
0.354683
0.353792
0.352869
0.351915
0.350926
0.349902
0.348839
0.347737
0.346592
0.345403
0.344166
0.34288
0.341538
0.340142
0.338683
0.337161
0.335566
0.333899
0.332146
0.33031
0.32837
0.326331
0.324167
0.321882
0.31944
0.316846
0.314049
0.31105
0.30777
0.304203
0.300211
0.295746
0.290507
0.284267
0.276161
0.265371
0.386574
0.385827
0.385682
0.385475
0.385289
0.385107
0.38493
0.384755
0.384581
0.384405
0.384225
0.38404
0.383848
0.383648
0.383442
0.383228
0.383009
0.382786
0.382559
0.38233
0.3821
0.381868
0.381635
0.381399
0.381161
0.38092
0.380676
0.380429
0.380178
0.379925
0.379671
0.379414
0.379157
0.378899
0.378641
0.37838
0.378118
0.377852
0.377583
0.377308
0.377028
0.37674
0.376445
0.376142
0.37583
0.375509
0.37518
0.374842
0.374495
0.374141
0.373778
0.373408
0.373031
0.372647
0.372256
0.371859
0.371454
0.371042
0.370622
0.370193
0.369754
0.369305
0.368845
0.368373
0.367888
0.36739
0.366878
0.366351
0.365809
0.365252
0.36468
0.364091
0.363486
0.362865
0.362226
0.361569
0.360893
0.360198
0.359483
0.358746
0.357987
0.357204
0.356397
0.355563
0.354701
0.35381
0.352889
0.351935
0.350947
0.349923
0.348861
0.34776
0.346615
0.345428
0.344191
0.342906
0.341565
0.34017
0.338712
0.337191
0.335597
0.333932
0.33218
0.330345
0.328408
0.326371
0.324209
0.321926
0.319486
0.316896
0.314101
0.311105
0.307829
0.304266
0.300276
0.295811
0.290567
0.284301
0.276086
0.265026
0.386576
0.385825
0.385679
0.385471
0.385284
0.385101
0.384924
0.38475
0.384577
0.384403
0.384224
0.384039
0.383848
0.383649
0.383443
0.38323
0.383011
0.382787
0.38256
0.382331
0.3821
0.381868
0.381634
0.381399
0.381161
0.38092
0.380676
0.380428
0.380177
0.379924
0.379669
0.379413
0.379156
0.378899
0.37864
0.378381
0.378119
0.377854
0.377586
0.377312
0.377032
0.376745
0.376451
0.376148
0.375837
0.375516
0.375187
0.374849
0.374502
0.374148
0.373785
0.373415
0.373038
0.372654
0.372263
0.371865
0.371461
0.371049
0.370629
0.370201
0.369763
0.369315
0.368855
0.368383
0.367899
0.367401
0.366889
0.366363
0.365821
0.365265
0.364692
0.364104
0.363499
0.362878
0.362239
0.361582
0.360907
0.360212
0.359497
0.358761
0.358002
0.35722
0.356413
0.35558
0.354719
0.353829
0.352908
0.351955
0.350967
0.349944
0.348883
0.347783
0.346639
0.345452
0.344216
0.342932
0.341592
0.340198
0.338741
0.337221
0.335628
0.333964
0.332214
0.330381
0.328445
0.32641
0.32425
0.321969
0.319532
0.316944
0.314152
0.31116
0.307888
0.304328
0.300342
0.295878
0.290631
0.284341
0.276024
0.264691
0.386579
0.385824
0.385676
0.385467
0.38528
0.385097
0.38492
0.384747
0.384575
0.384401
0.384223
0.384039
0.383848
0.38365
0.383444
0.383231
0.383012
0.382789
0.382561
0.382332
0.382101
0.381868
0.381635
0.381399
0.381161
0.38092
0.380675
0.380428
0.380177
0.379924
0.379669
0.379413
0.379156
0.378898
0.37864
0.378381
0.37812
0.377856
0.377588
0.377315
0.377036
0.37675
0.376457
0.376154
0.375843
0.375523
0.375194
0.374856
0.37451
0.374155
0.373792
0.373422
0.373044
0.37266
0.37227
0.371872
0.371468
0.371056
0.370637
0.370209
0.369772
0.369324
0.368865
0.368394
0.36791
0.367412
0.366901
0.366375
0.365834
0.365277
0.364705
0.364117
0.363512
0.362891
0.362252
0.361596
0.360921
0.360226
0.359512
0.358776
0.358018
0.357236
0.356429
0.355597
0.354736
0.353847
0.352926
0.351974
0.350987
0.349965
0.348905
0.347805
0.346662
0.345476
0.344241
0.342957
0.341619
0.340225
0.338769
0.337251
0.335659
0.333996
0.332248
0.330416
0.328481
0.326449
0.32429
0.322013
0.319578
0.316993
0.314204
0.311215
0.307946
0.30439
0.300409
0.295946
0.290698
0.284388
0.275975
0.264369
0.386581
0.385823
0.385673
0.385464
0.385276
0.385092
0.384916
0.384743
0.384572
0.384399
0.384222
0.384039
0.383849
0.383651
0.383446
0.383233
0.383014
0.38279
0.382563
0.382333
0.382102
0.381869
0.381635
0.3814
0.381161
0.38092
0.380676
0.380428
0.380177
0.379923
0.379668
0.379412
0.379156
0.378899
0.378641
0.378382
0.378122
0.377858
0.377591
0.377319
0.377041
0.376755
0.376462
0.37616
0.37585
0.37553
0.375201
0.374863
0.374516
0.374161
0.373799
0.373428
0.373051
0.372667
0.372276
0.371879
0.371475
0.371064
0.370645
0.370217
0.36978
0.369333
0.368874
0.368404
0.36792
0.367423
0.366912
0.366386
0.365845
0.365289
0.364717
0.364129
0.363525
0.362903
0.362265
0.361609
0.360934
0.36024
0.359526
0.35879
0.358033
0.357251
0.356445
0.355613
0.354753
0.353865
0.352945
0.351993
0.351007
0.349986
0.348926
0.347827
0.346684
0.345499
0.344265
0.342982
0.341644
0.340252
0.338797
0.33728
0.335689
0.334028
0.332281
0.330451
0.328518
0.326487
0.324331
0.322055
0.319623
0.317041
0.314255
0.31127
0.308005
0.304452
0.300476
0.296016
0.29077
0.284442
0.275942
0.264059
0.386584
0.385822
0.385672
0.385462
0.385273
0.385089
0.384913
0.384741
0.38457
0.384398
0.384221
0.384039
0.38385
0.383653
0.383447
0.383235
0.383016
0.382792
0.382565
0.382335
0.382103
0.38187
0.381636
0.381401
0.381162
0.380921
0.380676
0.380428
0.380177
0.379924
0.379669
0.379413
0.379156
0.378899
0.378642
0.378383
0.378123
0.377861
0.377594
0.377322
0.377045
0.37676
0.376467
0.376166
0.375856
0.375536
0.375208
0.37487
0.374523
0.374168
0.373805
0.373435
0.373058
0.372674
0.372283
0.371886
0.371482
0.371071
0.370653
0.370226
0.369789
0.369342
0.368884
0.368414
0.367931
0.367434
0.366923
0.366398
0.365857
0.365301
0.364729
0.364141
0.363537
0.362916
0.362278
0.361622
0.360947
0.360254
0.35954
0.358805
0.358047
0.357267
0.356461
0.35563
0.35477
0.353882
0.352963
0.352012
0.351026
0.350006
0.348946
0.347848
0.346707
0.345522
0.344289
0.343007
0.34167
0.340279
0.338825
0.337309
0.335719
0.33406
0.332314
0.330486
0.328554
0.326526
0.324371
0.322098
0.319668
0.317089
0.314306
0.311324
0.308064
0.304515
0.300544
0.296087
0.290844
0.284504
0.275922
0.263767
0.386586
0.385822
0.38567
0.38546
0.38527
0.385087
0.38491
0.384739
0.384569
0.384397
0.384221
0.38404
0.383851
0.383654
0.38345
0.383237
0.383018
0.382794
0.382567
0.382336
0.382105
0.381872
0.381638
0.381402
0.381163
0.380922
0.380677
0.380429
0.380178
0.379924
0.379669
0.379413
0.379156
0.3789
0.378642
0.378385
0.378125
0.377863
0.377597
0.377326
0.377049
0.376765
0.376472
0.376172
0.375862
0.375543
0.375214
0.374876
0.37453
0.374175
0.373812
0.373442
0.373064
0.37268
0.37229
0.371893
0.371489
0.371079
0.370661
0.370234
0.369798
0.369351
0.368893
0.368424
0.367941
0.367445
0.366934
0.366409
0.365868
0.365313
0.364741
0.364153
0.363549
0.362928
0.36229
0.361635
0.36096
0.360267
0.359553
0.358819
0.358062
0.357281
0.356476
0.355645
0.354787
0.353899
0.352981
0.35203
0.351045
0.350026
0.348967
0.347869
0.346729
0.345545
0.344312
0.343032
0.341695
0.340305
0.338852
0.337338
0.33575
0.334091
0.332347
0.33052
0.328591
0.326564
0.324412
0.322141
0.319713
0.317137
0.314357
0.311379
0.308123
0.304578
0.300612
0.29616
0.290922
0.28457
0.275919
0.26349
0.386589
0.385823
0.385669
0.385459
0.385269
0.385085
0.384909
0.384738
0.384568
0.384397
0.384222
0.384041
0.383853
0.383656
0.383452
0.38324
0.383021
0.382797
0.382569
0.382339
0.382107
0.381874
0.381639
0.381403
0.381165
0.380923
0.380679
0.38043
0.380179
0.379925
0.37967
0.379414
0.379157
0.3789
0.378644
0.378386
0.378127
0.377865
0.3776
0.377329
0.377053
0.376769
0.376478
0.376177
0.375868
0.375549
0.375221
0.374883
0.374536
0.374181
0.373819
0.373448
0.373071
0.372687
0.372297
0.3719
0.371497
0.371087
0.370668
0.370242
0.369806
0.36936
0.368903
0.368433
0.367951
0.367455
0.366945
0.36642
0.36588
0.365324
0.364753
0.364165
0.363561
0.36294
0.362303
0.361647
0.360973
0.36028
0.359567
0.358832
0.358076
0.357296
0.356491
0.355661
0.354803
0.353916
0.352998
0.352048
0.351064
0.350045
0.348987
0.34789
0.34675
0.345567
0.344335
0.343056
0.341721
0.340332
0.33888
0.337366
0.33578
0.334123
0.33238
0.330555
0.328627
0.326602
0.324452
0.322183
0.319759
0.317185
0.314409
0.311434
0.308182
0.304641
0.300681
0.296233
0.291002
0.284643
0.275931
0.263245
0.38659
0.385823
0.385668
0.385459
0.385268
0.385084
0.384908
0.384737
0.384568
0.384397
0.384223
0.384043
0.383855
0.383659
0.383454
0.383242
0.383024
0.382799
0.382571
0.382341
0.382109
0.381876
0.381641
0.381405
0.381167
0.380925
0.38068
0.380432
0.38018
0.379926
0.379671
0.379415
0.379158
0.378901
0.378645
0.378388
0.378129
0.377868
0.377603
0.377333
0.377057
0.376774
0.376483
0.376183
0.375874
0.375555
0.375227
0.374889
0.374543
0.374188
0.373825
0.373455
0.373078
0.372694
0.372304
0.371907
0.371504
0.371094
0.370676
0.37025
0.369814
0.369369
0.368912
0.368442
0.36796
0.367465
0.366955
0.36643
0.36589
0.365335
0.364764
0.364176
0.363572
0.362952
0.362314
0.361659
0.360985
0.360292
0.359579
0.358846
0.358089
0.35731
0.356506
0.355676
0.354818
0.353932
0.353015
0.352066
0.351082
0.350064
0.349006
0.347911
0.346771
0.345589
0.344358
0.34308
0.341746
0.340358
0.338907
0.337395
0.33581
0.334154
0.332413
0.330589
0.328663
0.32664
0.324492
0.322226
0.319803
0.317233
0.314459
0.311488
0.30824
0.304704
0.30075
0.296306
0.291083
0.284721
0.275959
0.263032
0.386592
0.385825
0.385668
0.385459
0.385268
0.385084
0.384908
0.384737
0.384568
0.384398
0.384224
0.384044
0.383857
0.383661
0.383457
0.383245
0.383027
0.382802
0.382574
0.382344
0.382112
0.381879
0.381644
0.381408
0.381169
0.380928
0.380683
0.380434
0.380182
0.379928
0.379673
0.379416
0.37916
0.378903
0.378647
0.37839
0.378132
0.377871
0.377606
0.377337
0.377062
0.376779
0.376488
0.376189
0.37588
0.375561
0.375233
0.374896
0.374549
0.374194
0.373831
0.373461
0.373084
0.372701
0.372311
0.371914
0.371511
0.371101
0.370684
0.370258
0.369823
0.369377
0.36892
0.368451
0.36797
0.367475
0.366965
0.366441
0.365901
0.365346
0.364774
0.364187
0.363584
0.362963
0.362326
0.361671
0.360997
0.360305
0.359592
0.358859
0.358103
0.357324
0.35652
0.355691
0.354834
0.353948
0.353031
0.352083
0.3511
0.350082
0.349026
0.347931
0.346792
0.345611
0.344381
0.343104
0.341771
0.340384
0.338935
0.337424
0.33584
0.334185
0.332445
0.330623
0.328698
0.326677
0.324531
0.322267
0.319847
0.317279
0.314509
0.311541
0.308297
0.304765
0.300817
0.296378
0.291164
0.284802
0.276001
0.262862
0.386593
0.385826
0.385668
0.38546
0.385269
0.385084
0.384908
0.384738
0.384569
0.384399
0.384225
0.384046
0.383859
0.383664
0.38346
0.383248
0.383029
0.382805
0.382577
0.382347
0.382115
0.381881
0.381647
0.381411
0.381172
0.38093
0.380685
0.380436
0.380185
0.37993
0.379675
0.379418
0.379162
0.378905
0.378649
0.378393
0.378135
0.377874
0.37761
0.377341
0.377066
0.376784
0.376494
0.376194
0.375886
0.375568
0.37524
0.374902
0.374556
0.374201
0.373838
0.373467
0.37309
0.372707
0.372317
0.371921
0.371518
0.371109
0.370691
0.370265
0.36983
0.369385
0.368929
0.36846
0.367979
0.367484
0.366975
0.36645
0.365911
0.365355
0.364784
0.364197
0.363594
0.362974
0.362337
0.361682
0.361009
0.360317
0.359604
0.358871
0.358116
0.357337
0.356534
0.355705
0.354849
0.353964
0.353047
0.352099
0.351117
0.3501
0.349044
0.34795
0.346812
0.345632
0.344403
0.343127
0.341795
0.34041
0.338961
0.337452
0.335868
0.334215
0.332476
0.330655
0.328732
0.326712
0.324568
0.322306
0.319889
0.317323
0.314556
0.311592
0.308352
0.304824
0.300882
0.296449
0.291245
0.284887
0.276058
0.26275
0.386594
0.385829
0.385669
0.385462
0.38527
0.385085
0.384909
0.384739
0.38457
0.384401
0.384227
0.384048
0.383862
0.383667
0.383463
0.383252
0.383033
0.382809
0.382581
0.382351
0.382118
0.381885
0.381651
0.381415
0.381176
0.380934
0.380689
0.38044
0.380188
0.379934
0.379678
0.379422
0.379165
0.378909
0.378653
0.378397
0.378139
0.377879
0.377615
0.377346
0.377071
0.37679
0.3765
0.376201
0.375892
0.375574
0.375246
0.374909
0.374563
0.374208
0.373844
0.373474
0.373097
0.372713
0.372324
0.371928
0.371525
0.371116
0.370698
0.370273
0.369838
0.369393
0.368937
0.368468
0.367987
0.367493
0.366984
0.36646
0.36592
0.365365
0.364794
0.364207
0.363604
0.362984
0.362348
0.361693
0.36102
0.360328
0.359616
0.358884
0.358128
0.35735
0.356548
0.355719
0.354863
0.353979
0.353063
0.352116
0.351134
0.350117
0.349062
0.347969
0.346832
0.345653
0.344425
0.34315
0.341819
0.340435
0.338987
0.337478
0.335895
0.334242
0.332504
0.330684
0.328763
0.326746
0.324604
0.322345
0.31993
0.317366
0.314602
0.31164
0.308404
0.304881
0.300944
0.296517
0.291323
0.284972
0.27612
0.262712
0.386595
0.385831
0.38567
0.385463
0.385271
0.385086
0.38491
0.38474
0.384571
0.384402
0.384229
0.38405
0.383864
0.383669
0.383466
0.383255
0.383036
0.382812
0.382584
0.382354
0.382122
0.381889
0.381654
0.381418
0.38118
0.380938
0.380692
0.380443
0.380191
0.379937
0.379681
0.379425
0.379169
0.378913
0.378657
0.378401
0.378143
0.377883
0.377619
0.377351
0.377077
0.376795
0.376505
0.376207
0.375899
0.375581
0.375253
0.374916
0.374569
0.374214
0.373851
0.37348
0.373103
0.372719
0.37233
0.371934
0.371532
0.371122
0.370705
0.370279
0.369845
0.3694
0.368944
0.368476
0.367995
0.367501
0.366992
0.366468
0.365928
0.365374
0.364803
0.364217
0.363614
0.362994
0.362358
0.361703
0.361031
0.360339
0.359628
0.358895
0.358141
0.357363
0.356561
0.355733
0.354877
0.353992
0.353077
0.35213
0.351149
0.350133
0.349078
0.347986
0.34685
0.345671
0.344444
0.34317
0.34184
0.340456
0.339009
0.3375
0.335918
0.334265
0.332526
0.330706
0.328785
0.326767
0.324626
0.322366
0.319952
0.317389
0.314626
0.311666
0.308432
0.304911
0.300979
0.296556
0.291371
0.285028
0.27617
0.262749
0.386596
0.385838
0.385673
0.385467
0.385274
0.385089
0.384912
0.384741
0.384573
0.384404
0.384231
0.384052
0.383866
0.383672
0.38347
0.383259
0.38304
0.382817
0.382589
0.382359
0.382127
0.381893
0.381659
0.381423
0.381184
0.380943
0.380697
0.380448
0.380196
0.379942
0.379686
0.37943
0.379174
0.378918
0.378662
0.378405
0.378148
0.377888
0.377625
0.377357
0.377083
0.376802
0.376512
0.376214
0.375906
0.375588
0.37526
0.374923
0.374577
0.374222
0.373858
0.373487
0.37311
0.372726
0.372336
0.37194
0.371538
0.371128
0.370711
0.370286
0.369851
0.369407
0.368951
0.368483
0.368003
0.36751
0.367
0.366476
0.365937
0.365383
0.364812
0.364226
0.363624
0.363005
0.362368
0.361714
0.361042
0.360351
0.359639
0.358907
0.358153
0.357375
0.356573
0.355745
0.35489
0.354006
0.353091
0.352145
0.351164
0.350149
0.349095
0.348002
0.346867
0.345689
0.344462
0.343187
0.341858
0.340475
0.339028
0.337521
0.33594
0.334289
0.332552
0.330734
0.328815
0.326799
0.324659
0.322402
0.319989
0.317429
0.314669
0.311712
0.308483
0.304967
0.301042
0.296626
0.291452
0.285126
0.276254
0.26289
0.386596
0.385842
0.385673
0.385468
0.385275
0.38509
0.384913
0.384742
0.384573
0.384404
0.384231
0.384053
0.383867
0.383674
0.383471
0.383261
0.383044
0.38282
0.382593
0.382362
0.38213
0.381897
0.381663
0.381426
0.381188
0.380946
0.380701
0.380451
0.3802
0.379946
0.37969
0.379434
0.379178
0.378922
0.378666
0.37841
0.378153
0.377893
0.37763
0.377362
0.377088
0.376807
0.376518
0.37622
0.375912
0.375594
0.375267
0.37493
0.374584
0.374229
0.373865
0.373494
0.373116
0.372732
0.372342
0.371946
0.371543
0.371133
0.370717
0.370292
0.369857
0.369413
0.368958
0.36849
0.36801
0.367516
0.367006
0.366483
0.365944
0.36539
0.36482
0.364235
0.363632
0.363013
0.362377
0.361724
0.361052
0.360361
0.35965
0.358918
0.358164
0.357387
0.356584
0.355756
0.354899
0.354013
0.353098
0.352151
0.35117
0.350154
0.3491
0.348007
0.34687
0.345691
0.344464
0.343188
0.341858
0.340473
0.339025
0.337516
0.335933
0.334282
0.332545
0.330729
0.328811
0.326798
0.32466
0.322405
0.319994
0.317436
0.314677
0.311722
0.308495
0.304981
0.301059
0.296646
0.291477
0.285168
0.276299
0.262994
0.386598
0.385852
0.385677
0.385473
0.385279
0.385093
0.384916
0.384744
0.384575
0.384406
0.384233
0.384055
0.38387
0.383676
0.383474
0.383264
0.383047
0.382824
0.382597
0.382366
0.382134
0.381901
0.381666
0.38143
0.381192
0.38095
0.380705
0.380456
0.380205
0.379951
0.379695
0.379439
0.379183
0.378927
0.378671
0.378415
0.378158
0.377899
0.377636
0.377368
0.377095
0.376814
0.376525
0.376226
0.375919
0.375601
0.375274
0.374937
0.374591
0.374236
0.373873
0.373502
0.373124
0.372739
0.372348
0.371951
0.371548
0.371139
0.370722
0.370297
0.369863
0.36942
0.368964
0.368497
0.368017
0.367523
0.367013
0.36649
0.365952
0.365399
0.36483
0.364244
0.363642
0.363024
0.362388
0.361735
0.361063
0.360373
0.359662
0.358931
0.358178
0.357401
0.3566
0.355772
0.354916
0.354032
0.353117
0.352171
0.35119
0.350175
0.349121
0.348028
0.346892
0.345713
0.344485
0.34321
0.341879
0.340496
0.339049
0.337543
0.335964
0.334315
0.332581
0.330765
0.328847
0.326833
0.324695
0.322441
0.320034
0.317478
0.314724
0.311773
0.308551
0.305043
0.301129
0.296726
0.291574
0.28528
0.276431
0.263159
0.386597
0.385855
0.385677
0.385472
0.385278
0.385092
0.384915
0.384743
0.384574
0.384405
0.384232
0.384054
0.383869
0.383676
0.383474
0.383264
0.383047
0.382824
0.382596
0.382366
0.382134
0.381901
0.381666
0.38143
0.381192
0.38095
0.380706
0.380459
0.380208
0.379954
0.379698
0.379442
0.379186
0.37893
0.378675
0.378419
0.378162
0.377902
0.37764
0.377372
0.377099
0.376818
0.376529
0.376231
0.375924
0.375607
0.37528
0.374943
0.374597
0.374242
0.373879
0.373509
0.37313
0.372745
0.372353
0.371955
0.371552
0.371142
0.370726
0.370301
0.369868
0.369424
0.36897
0.368503
0.368021
0.367521
0.36701
0.366486
0.365947
0.365392
0.364822
0.364236
0.363633
0.363014
0.362377
0.361723
0.361051
0.360359
0.359648
0.358915
0.358161
0.357383
0.356581
0.355754
0.354899
0.354017
0.353104
0.352158
0.351178
0.350163
0.349109
0.348016
0.34688
0.345701
0.344474
0.343198
0.341867
0.340483
0.339037
0.33753
0.33595
0.334301
0.332566
0.33075
0.328831
0.326816
0.324678
0.322424
0.320017
0.317462
0.314709
0.311759
0.308539
0.305032
0.301121
0.296721
0.291575
0.285274
0.276432
0.263086
0.386597
0.385873
0.385683
0.385478
0.385284
0.385098
0.38492
0.384748
0.384579
0.38441
0.384237
0.38406
0.383874
0.383681
0.38348
0.38327
0.383053
0.38283
0.382603
0.382373
0.382141
0.381907
0.381673
0.381437
0.381198
0.380957
0.380713
0.380467
0.380217
0.379963
0.379707
0.379451
0.379195
0.378939
0.378684
0.378428
0.378171
0.377911
0.377649
0.377382
0.377108
0.376828
0.376539
0.376242
0.375935
0.375618
0.375291
0.374954
0.374609
0.374254
0.373891
0.373521
0.373143
0.372757
0.372364
0.371966
0.371562
0.371153
0.370736
0.370312
0.369879
0.369435
0.368981
0.368514
0.368034
0.367541
0.367035
0.366513
0.365975
0.365422
0.364853
0.364268
0.363666
0.363048
0.362413
0.36176
0.361089
0.360399
0.359689
0.358958
0.358206
0.35743
0.35663
0.355804
0.354951
0.354069
0.353156
0.352212
0.351233
0.350219
0.349167
0.348076
0.346942
0.345765
0.34454
0.343266
0.341938
0.340557
0.339113
0.337609
0.336033
0.334387
0.332657
0.330845
0.328931
0.326921
0.324788
0.322539
0.320137
0.317588
0.314842
0.3119
0.308689
0.305193
0.301296
0.296913
0.291793
0.285536
0.27677
0.263732
0.267427
0.266022
0.26457
0.26305
0.261465
0.25981
0.258083
0.256281
0.2544
0.252445
0.250426
0.248358
0.246154
0.243872
0.241494
0.238968
0.236376
0.233718
0.23098
0.228155
0.225242
0.222241
0.219156
0.215991
0.212749
0.209436
0.206056
0.202614
0.199116
0.195567
0.191974
0.188344
0.184682
0.180996
0.177293
0.173579
0.16986
0.166144
0.162436
0.158741
0.155067
0.151416
0.147797
0.144211
0.140665
0.13716
0.133704
0.130296
0.126943
0.123642
0.120399
0.117203
0.11406
0.110945
0.107862
0.1048
0.101741
0.0987236
0.0957739
0.0929221
0.0902668
0.087761
0.0853721
0.0832174
0.0812805
0.0794023
0.0778119
0.0765081
0.0753387
0.074364
0.0737019
0.0730389
0.0731097
0.073358
0.0739716
0.07506
0.0765811
0.0782491
0.0796618
0.0813359
0.267347
0.265931
0.264468
0.262937
0.261338
0.259669
0.257926
0.256105
0.2542
0.252208
0.250109
0.247992
0.245797
0.243535
0.24112
0.238609
0.236007
0.233322
0.230552
0.227695
0.22475
0.22172
0.218608
0.215417
0.212152
0.208816
0.205416
0.201956
0.198442
0.19488
0.191277
0.187639
0.183973
0.180285
0.176582
0.172871
0.169158
0.165448
0.16175
0.158066
0.154404
0.150768
0.147163
0.143593
0.140064
0.136576
0.133137
0.129744
0.126404
0.123108
0.119862
0.11665
0.113475
0.110325
0.107211
0.104136
0.101141
0.0982373
0.0955025
0.092918
0.0904126
0.0880866
0.085873
0.0837684
0.081952
0.0802946
0.0786704
0.077458
0.0765258
0.0756724
0.0751889
0.0753664
0.0757659
0.0760205
0.0765537
0.0772112
0.0776202
0.0781551
0.0788308
0.0801087
0.267213
0.26578
0.2643
0.262748
0.261129
0.259437
0.257671
0.255826
0.253903
0.251898
0.249816
0.247625
0.245365
0.243029
0.240566
0.238028
0.235389
0.232655
0.229834
0.226927
0.223937
0.220864
0.217712
0.214483
0.211182
0.207814
0.204384
0.200897
0.197361
0.19378
0.190162
0.186513
0.18284
0.179148
0.175446
0.171738
0.168031
0.164331
0.160644
0.156974
0.153328
0.149709
0.146123
0.142573
0.139063
0.135596
0.132175
0.128796
0.12546
0.12216
0.118889
0.115649
0.112433
0.109261
0.106173
0.103177
0.100373
0.0977389
0.0952423
0.0929256
0.0906491
0.0885169
0.0866438
0.0847458
0.083073
0.0818352
0.0804712
0.079375
0.0789617
0.0784378
0.0781172
0.0784927
0.0786591
0.0784764
0.0786433
0.0787833
0.0786324
0.0784336
0.078477
0.0787676
0.267021
0.265562
0.264055
0.262475
0.260824
0.259097
0.257294
0.255411
0.253447
0.2514
0.249271
0.247012
0.24468
0.242252
0.239748
0.237161
0.234467
0.231671
0.228784
0.225811
0.222757
0.219624
0.216414
0.21313
0.209778
0.206364
0.202891
0.199368
0.1958
0.192194
0.188556
0.184893
0.181211
0.177516
0.173815
0.170114
0.166418
0.162734
0.159065
0.155418
0.151796
0.148205
0.144648
0.141129
0.137648
0.134209
0.130805
0.127437
0.124092
0.120777
0.117477
0.114225
0.11104
0.107966
0.10508
0.102386
0.0998954
0.0976099
0.0953461
0.0932328
0.0913222
0.0893968
0.0878513
0.0864498
0.0849544
0.0841798
0.0834202
0.08257
0.0826575
0.082429
0.0818261
0.0818572
0.0816399
0.0809528
0.0805339
0.0801031
0.0796375
0.079015
0.078601
0.0782868
0.266773
0.26528
0.263739
0.26212
0.260427
0.258655
0.256802
0.254865
0.252843
0.250733
0.248534
0.246209
0.243806
0.241294
0.238711
0.236041
0.233268
0.230393
0.227425
0.22437
0.221235
0.218024
0.21474
0.211389
0.207974
0.204503
0.200981
0.197414
0.19381
0.190174
0.186515
0.182837
0.179148
0.175452
0.171757
0.168067
0.164387
0.160724
0.15708
0.153462
0.149872
0.146315
0.142792
0.139304
0.135851
0.13243
0.12903
0.125656
0.122294
0.118975
0.115709
0.112552
0.109589
0.106817
0.104294
0.102015
0.0997775
0.0977413
0.0958503
0.093955
0.0924727
0.0910209
0.0896833
0.0889429
0.0879159
0.0874607
0.0873418
0.0866056
0.0864442
0.0862263
0.0853442
0.0845856
0.0839579
0.0830989
0.0821693
0.081326
0.0805479
0.0797963
0.0791333
0.0783474
0.266476
0.264941
0.263358
0.261691
0.259946
0.258118
0.256202
0.254198
0.252102
0.249914
0.247629
0.24523
0.242735
0.240128
0.237439
0.234665
0.231794
0.228824
0.22576
0.222608
0.219378
0.216075
0.212706
0.209274
0.205787
0.202251
0.198673
0.195059
0.191416
0.18775
0.184069
0.180378
0.176684
0.172991
0.169305
0.165631
0.161974
0.158337
0.154725
0.151142
0.147588
0.144067
0.140577
0.137117
0.133679
0.130262
0.126856
0.123484
0.120161
0.116938
0.113903
0.11106
0.108522
0.106232
0.104009
0.102051
0.100143
0.0982975
0.0968962
0.0954228
0.0942473
0.0935074
0.0925144
0.0922883
0.0919474
0.0913244
0.0912107
0.0906048
0.0896988
0.0890462
0.0881489
0.087043
0.0859775
0.0849616
0.0839187
0.0829073
0.0818904
0.0809382
0.0800973
0.0787807
0.266132
0.264547
0.262915
0.261192
0.259385
0.257488
0.255498
0.253413
0.25123
0.248947
0.246563
0.244075
0.241465
0.238745
0.235936
0.233038
0.23005
0.226967
0.223791
0.22053
0.217192
0.213786
0.210319
0.206798
0.203232
0.199626
0.195987
0.192323
0.18864
0.184945
0.181245
0.177543
0.173847
0.170161
0.166489
0.162836
0.159206
0.155601
0.152025
0.148478
0.14496
0.141472
0.138007
0.134562
0.131133
0.127723
0.124373
0.121102
0.118017
0.115128
0.11256
0.110242
0.108065
0.106177
0.104251
0.1025
0.101123
0.0996179
0.0986213
0.097851
0.0969648
0.0968714
0.0964283
0.0959347
0.0957867
0.0950324
0.0942207
0.0934859
0.0924374
0.091321
0.090242
0.0891473
0.0880104
0.0868395
0.0856452
0.084489
0.0833279
0.0821771
0.0811388
0.0794235
0.265746
0.264104
0.262414
0.260624
0.258745
0.256768
0.254692
0.252511
0.250226
0.247833
0.245336
0.242727
0.23999
0.237144
0.234199
0.231163
0.228038
0.224823
0.221521
0.218138
0.214681
0.211163
0.207591
0.203976
0.200324
0.196645
0.192945
0.189232
0.185511
0.18179
0.178072
0.174365
0.170672
0.166997
0.163345
0.159718
0.156119
0.152548
0.149009
0.145496
0.142009
0.138544
0.135098
0.131666
0.128286
0.12497
0.121846
0.118917
0.116309
0.114018
0.111953
0.110096
0.108205
0.106598
0.105173
0.103708
0.102864
0.101943
0.101278
0.101252
0.100655
0.100342
0.100164
0.0993071
0.0985784
0.0978262
0.0967413
0.095655
0.0945785
0.0934459
0.0922632
0.0910542
0.0898459
0.0886265
0.0873549
0.0860525
0.0847398
0.0834166
0.0822684
0.0803269
0.26532
0.263612
0.261856
0.259991
0.258028
0.255959
0.253782
0.251492
0.249089
0.246572
0.243957
0.241191
0.238311
0.23532
0.232226
0.229035
0.225756
0.222392
0.218948
0.215431
0.211848
0.20821
0.20453
0.200816
0.19708
0.193327
0.189568
0.185808
0.182053
0.178309
0.174581
0.170872
0.167188
0.163529
0.159902
0.156304
0.152738
0.149202
0.145696
0.142212
0.138756
0.135321
0.131933
0.128608
0.125449
0.12252
0.119877
0.11757
0.115505
0.113663
0.111941
0.110443
0.108977
0.107718
0.106891
0.105869
0.105582
0.105325
0.104692
0.104654
0.10426
0.103344
0.102779
0.101991
0.100889
0.0998645
0.0988275
0.0976948
0.0965098
0.0953084
0.0940841
0.0928243
0.0915114
0.0901746
0.0888168
0.0874541
0.0860775
0.0846519
0.0833927
0.0812626
0.264857
0.263076
0.261244
0.259294
0.257235
0.255061
0.252768
0.250353
0.247816
0.245161
0.242386
0.239459
0.236418
0.233266
0.230004
0.226645
0.223196
0.219669
0.21607
0.212409
0.208692
0.204933
0.201142
0.197331
0.19351
0.189688
0.185873
0.182071
0.178288
0.174527
0.170793
0.16709
0.163419
0.159785
0.156182
0.152617
0.149083
0.14558
0.142106
0.138657
0.135259
0.131913
0.128713
0.125725
0.123054
0.120799
0.118815
0.117112
0.115521
0.114
0.112612
0.111521
0.110552
0.109792
0.109647
0.109066
0.108865
0.108792
0.107996
0.107395
0.106847
0.105902
0.104871
0.103919
0.102906
0.101791
0.100637
0.0994729
0.0982634
0.0969951
0.0956751
0.0943255
0.0929536
0.0915669
0.0901538
0.0887246
0.0872867
0.0858067
0.0844956
0.0822405
0.26436
0.262495
0.260579
0.25853
0.256364
0.254071
0.251646
0.249089
0.246402
0.243597
0.240629
0.237526
0.234306
0.23097
0.227527
0.223982
0.220353
0.216649
0.212885
0.20907
0.205216
0.201333
0.197434
0.193528
0.189629
0.185743
0.181879
0.178041
0.174236
0.170466
0.166733
0.163041
0.15939
0.155779
0.15221
0.148672
0.145181
0.14172
0.138314
0.134989
0.131788
0.128798
0.126118
0.123811
0.121792
0.120096
0.118574
0.117228
0.11607
0.114985
0.114085
0.113583
0.113104
0.112868
0.112899
0.112324
0.11179
0.111423
0.110591
0.109662
0.108796
0.10782
0.106817
0.105738
0.104606
0.103487
0.102305
0.101051
0.099752
0.0984229
0.0970579
0.0956625
0.0942331
0.0927873
0.0913261
0.0898579
0.0883827
0.086855
0.085496
0.0831462
0.263829
0.26187
0.259861
0.257702
0.255415
0.252984
0.250412
0.247695
0.244839
0.241844
0.238678
0.235381
0.231959
0.228423
0.224777
0.221036
0.217212
0.213326
0.209387
0.205416
0.201421
0.197417
0.193413
0.189421
0.185449
0.181508
0.177602
0.173738
0.169917
0.166145
0.16242
0.158745
0.15512
0.151534
0.148004
0.144514
0.141076
0.137729
0.134476
0.131456
0.128681
0.12633
0.124456
0.122964
0.121555
0.120282
0.11914
0.118054
0.117393
0.116868
0.116566
0.116631
0.116182
0.115886
0.115709
0.114957
0.114126
0.113453
0.112566
0.111544
0.110608
0.109569
0.10846
0.107376
0.106212
0.104967
0.103696
0.102397
0.101056
0.0996765
0.0982605
0.0968202
0.0953542
0.0938718
0.0923686
0.0908551
0.089341
0.0877825
0.086401
0.0839904
0.263266
0.261205
0.259089
0.256807
0.254381
0.251798
0.249057
0.246162
0.243127
0.2399
0.236522
0.233006
0.229365
0.225605
0.221743
0.21779
0.213766
0.209687
0.205576
0.201445
0.197314
0.19319
0.189091
0.185017
0.180986
0.176997
0.173059
0.169177
0.16535
0.161582
0.157876
0.154222
0.15063
0.147098
0.143626
0.140267
0.13702
0.133987
0.13127
0.128885
0.126898
0.125256
0.123876
0.122828
0.121884
0.120992
0.120392
0.119785
0.119701
0.119699
0.119359
0.11938
0.118972
0.118243
0.11779
0.117019
0.116054
0.115177
0.114295
0.113276
0.112202
0.111147
0.110006
0.10878
0.107533
0.10626
0.104936
0.103573
0.10218
0.100762
0.0993147
0.09784
0.0963348
0.094813
0.0932759
0.0917337
0.090193
0.0886035
0.0871947
0.0847344
0.262673
0.260496
0.258262
0.255841
0.253259
0.250504
0.247576
0.244486
0.241218
0.237756
0.234142
0.230387
0.226504
0.222504
0.218409
0.214234
0.210001
0.20573
0.201444
0.19716
0.192896
0.188665
0.184473
0.180336
0.176248
0.172227
0.168267
0.164374
0.160556
0.156799
0.153121
0.149515
0.14597
0.14255
0.139232
0.136109
0.133283
0.130779
0.12883
0.12738
0.126247
0.125303
0.124281
0.12341
0.122866
0.122537
0.122656
0.122523
0.122341
0.122425
0.121891
0.121446
0.121072
0.120216
0.119469
0.118704
0.11778
0.116822
0.115822
0.114792
0.113691
0.112499
0.111279
0.110032
0.108728
0.107379
0.106005
0.104608
0.103178
0.101718
0.100226
0.0987139
0.0971809
0.0956361
0.0940751
0.0925044
0.0909343
0.0893159
0.0878851
0.0853876
0.262052
0.259744
0.257379
0.254801
0.252044
0.249093
0.245956
0.242646
0.239112
0.235396
0.231522
0.227503
0.223356
0.219101
0.214757
0.210354
0.205906
0.201449
0.19699
0.192566
0.188175
0.183848
0.179577
0.17538
0.171257
0.167205
0.163244
0.159349
0.155553
0.151836
0.148207
0.144713
0.14134
0.138197
0.135358
0.132872
0.130856
0.129195
0.127863
0.126936
0.126275
0.125708
0.125181
0.124821
0.124952
0.12491
0.125051
0.125126
0.124615
0.124406
0.123944
0.123138
0.122628
0.121896
0.121033
0.120206
0.119263
0.11827
0.117232
0.116096
0.114915
0.113708
0.112435
0.11111
0.109758
0.10838
0.106965
0.105516
0.104037
0.102538
0.101016
0.0994778
0.0979195
0.0963497
0.094766
0.0931735
0.0915809
0.0899365
0.0884825
0.0859511
0.261399
0.258948
0.256436
0.25368
0.250726
0.247557
0.24419
0.240608
0.236794
0.232798
0.228636
0.224331
0.2199
0.215373
0.210775
0.206134
0.20148
0.196833
0.192223
0.187658
0.183168
0.178744
0.174418
0.170166
0.166022
0.161958
0.157999
0.154147
0.150379
0.14677
0.14327
0.139964
0.136995
0.134298
0.132089
0.130526
0.129465
0.12874
0.128064
0.127404
0.12686
0.126895
0.127115
0.127147
0.127447
0.127301
0.12705
0.127078
0.126545
0.125973
0.125548
0.124748
0.124031
0.123316
0.122453
0.12155
0.120587
0.119523
0.118404
0.117251
0.116028
0.114743
0.113426
0.112077
0.110684
0.109252
0.107789
0.106302
0.10479
0.103257
0.101703
0.100137
0.0985571
0.0969682
0.0953643
0.0937485
0.0921324
0.0904658
0.0889958
0.0864392
0.260717
0.258107
0.255427
0.252474
0.249295
0.245881
0.242256
0.238358
0.234243
0.229935
0.225463
0.220845
0.216114
0.211304
0.206443
0.20157
0.196711
0.191891
0.187137
0.182454
0.177868
0.173377
0.168992
0.16472
0.160552
0.156517
0.152581
0.148825
0.145187
0.141793
0.138728
0.135954
0.133832
0.13206
0.130651
0.129696
0.129148
0.128849
0.12853
0.128479
0.12847
0.128807
0.129327
0.129321
0.129387
0.129254
0.128666
0.12849
0.128085
0.127368
0.126876
0.126171
0.125361
0.124561
0.123679
0.122721
0.121697
0.120616
0.119462
0.118237
0.116971
0.115668
0.114313
0.112913
0.111477
0.110012
0.108515
0.106992
0.105443
0.103879
0.1023
0.100711
0.0991091
0.0974975
0.0958722
0.0942374
0.0926043
0.0909209
0.0894365
0.0868574
0.260008
0.257216
0.25435
0.251171
0.24774
0.244054
0.240111
0.235882
0.23143
0.226783
0.221968
0.217018
0.211976
0.206871
0.201755
0.19665
0.1916
0.186623
0.181736
0.176961
0.172289
0.16775
0.16333
0.15905
0.154907
0.150925
0.147114
0.143514
0.140192
0.137195
0.134697
0.132784
0.131484
0.130812
0.130476
0.130004
0.129529
0.129635
0.129904
0.130469
0.130644
0.130894
0.131217
0.131047
0.130865
0.130794
0.130174
0.129732
0.129372
0.128674
0.128068
0.127389
0.126553
0.125677
0.124737
0.123739
0.122683
0.121551
0.120361
0.119119
0.117816
0.116461
0.115067
0.11364
0.112175
0.110675
0.109143
0.107588
0.106012
0.104423
0.10282
0.101207
0.0995805
0.0979462
0.0963009
0.094649
0.0930022
0.0913069
0.0898128
0.0872148
0.25927
0.256272
0.253196
0.24976
0.246044
0.242059
0.237741
0.233149
0.22833
0.223306
0.218127
0.212826
0.207458
0.202066
0.19669
0.191378
0.186148
0.181032
0.176038
0.171171
0.166455
0.161875
0.157462
0.153215
0.149156
0.145355
0.141842
0.138692
0.136108
0.134079
0.132499
0.131557
0.130741
0.130562
0.130561
0.130605
0.130796
0.131262
0.131725
0.132349
0.132513
0.132491
0.132583
0.132385
0.132031
0.131963
0.131518
0.130899
0.130473
0.129829
0.12913
0.128417
0.127578
0.126656
0.125674
0.124627
0.123526
0.122373
0.121153
0.119869
0.118535
0.117156
0.115732
0.114269
0.112769
0.111242
0.109686
0.108109
0.106509
0.104894
0.103266
0.101628
0.0999802
0.0983259
0.0966637
0.0949976
0.0933389
0.0916326
0.0901295
0.0875171
0.2585
0.255269
0.251955
0.248227
0.24418
0.239838
0.235123
0.230135
0.224896
0.21948
0.213895
0.208247
0.202538
0.19687
0.191251
0.185744
0.180365
0.175121
0.170044
0.165113
0.160372
0.155806
0.15144
0.147347
0.143496
0.140048
0.13705
0.134523
0.132768
0.131851
0.131402
0.131293
0.130993
0.131023
0.131441
0.132061
0.132771
0.133135
0.133418
0.133812
0.133959
0.133798
0.133751
0.133594
0.133114
0.132966
0.13265
0.132004
0.131463
0.130818
0.130075
0.129306
0.128456
0.127513
0.12649
0.125408
0.124269
0.123075
0.121827
0.120524
0.119163
0.117749
0.116294
0.114805
0.113285
0.111735
0.110155
0.108553
0.106931
0.105297
0.103649
0.10199
0.100318
0.098643
0.0969648
0.0952876
0.0936215
0.0919075
0.0903961
0.0877673
0.257697
0.254202
0.250613
0.246557
0.242172
0.237369
0.232229
0.226781
0.221112
0.215237
0.209268
0.203227
0.197218
0.191263
0.185442
0.179755
0.174248
0.168907
0.163757
0.158824
0.154083
0.149645
0.145443
0.141712
0.138437
0.1358
0.133837
0.132479
0.131507
0.131149
0.131217
0.13139
0.131752
0.132267
0.132989
0.133655
0.134363
0.134598
0.134718
0.134875
0.13503
0.134876
0.134724
0.134637
0.134149
0.133849
0.13356
0.132971
0.132351
0.131676
0.130903
0.130089
0.12921
0.128247
0.127203
0.126085
0.124911
0.123689
0.122414
0.121082
0.119695
0.11826
0.116782
0.115269
0.113723
0.112151
0.110553
0.108935
0.107296
0.10564
0.103969
0.102289
0.1006
0.0989115
0.0972215
0.0955324
0.0938547
0.0921302
0.0906122
0.0879745
0.256862
0.253062
0.249158
0.244728
0.239904
0.23463
0.229001
0.223066
0.216899
0.210576
0.204173
0.197782
0.191451
0.185273
0.179236
0.17344
0.167782
0.162423
0.157212
0.152373
0.147742
0.143566
0.139816
0.13661
0.134113
0.132387
0.131507
0.131538
0.131478
0.131368
0.131651
0.132378
0.133224
0.134027
0.134556
0.134974
0.135505
0.135754
0.135834
0.135838
0.135959
0.135833
0.135596
0.135523
0.135105
0.134654
0.134321
0.133784
0.133139
0.132432
0.131631
0.13077
0.129857
0.128873
0.127808
0.126671
0.12547
0.124216
0.12291
0.121555
0.120148
0.118692
0.117193
0.11566
0.114096
0.112505
0.110889
0.109252
0.107595
0.105923
0.104236
0.102541
0.100837
0.0991336
0.0974313
0.0957322
0.0940475
0.0923164
0.0907917
0.0881428
0.255993
0.251838
0.247567
0.242699
0.237381
0.231581
0.225405
0.218918
0.21224
0.20542
0.198616
0.191859
0.18526
0.178866
0.172677
0.166752
0.16105
0.155652
0.150567
0.145887
0.141653
0.13809
0.13533
0.133267
0.131971
0.13115
0.130991
0.131169
0.131649
0.132263
0.132928
0.133824
0.134565
0.135349
0.135685
0.135988
0.136384
0.136621
0.136768
0.13671
0.136765
0.136681
0.136375
0.136259
0.135928
0.135414
0.134994
0.134463
0.133817
0.133092
0.132271
0.131375
0.130423
0.129411
0.12833
0.127176
0.125954
0.124673
0.12334
0.121959
0.120531
0.11906
0.117546
0.115997
0.114414
0.112805
0.111173
0.109522
0.107851
0.106163
0.104461
0.102752
0.101038
0.0993268
0.0976154
0.0959057
0.0942113
0.0924729
0.0909452
0.0882949
0.255084
0.250516
0.245814
0.240476
0.234554
0.228164
0.221367
0.214301
0.207054
0.199764
0.192544
0.185462
0.178643
0.172039
0.165777
0.159723
0.154073
0.148798
0.143968
0.139771
0.136177
0.13347
0.131661
0.130858
0.130989
0.130993
0.131106
0.131653
0.132644
0.133645
0.134436
0.135071
0.135588
0.136275
0.136587
0.136904
0.13718
0.137366
0.13757
0.137494
0.13748
0.137419
0.137071
0.136895
0.136608
0.136098
0.1356
0.135043
0.134388
0.133651
0.132817
0.131897
0.130912
0.12987
0.128768
0.127598
0.126358
0.125053
0.123694
0.122291
0.120845
0.119357
0.117829
0.116265
0.114668
0.113044
0.111397
0.10973
0.108043
0.106342
0.104629
0.10291
0.101186
0.0994634
0.0977405
0.0960204
0.0943178
0.0925709
0.0910339
0.0883706
0.254129
0.249083
0.24388
0.237949
0.231379
0.224304
0.21684
0.209126
0.20133
0.193537
0.185974
0.178582
0.171598
0.164838
0.158513
0.15249
0.146992
0.142117
0.137958
0.13472
0.132584
0.131147
0.130318
0.130333
0.130579
0.131231
0.132045
0.13288
0.133906
0.134744
0.135537
0.135998
0.136406
0.137019
0.137331
0.137687
0.13789
0.138024
0.138248
0.138187
0.138111
0.13806
0.137716
0.137461
0.137171
0.13669
0.136151
0.135554
0.134877
0.134124
0.133282
0.132348
0.131336
0.130267
0.129142
0.127954
0.126697
0.125374
0.123996
0.122572
0.121108
0.119606
0.118066
0.11649
0.114881
0.113245
0.111585
0.109905
0.108207
0.106496
0.104775
0.103049
0.10132
0.0995896
0.0978582
0.0961289
0.0944176
0.0926619
0.0911162
0.0884406
0.253119
0.247515
0.241693
0.235091
0.227773
0.219945
0.211723
0.203373
0.194965
0.186782
0.178835
0.171277
0.164104
0.157315
0.150962
0.145258
0.140249
0.136027
0.132888
0.130674
0.129875
0.130017
0.13007
0.130365
0.131118
0.132235
0.13331
0.134099
0.134867
0.135533
0.136319
0.136765
0.137167
0.137676
0.137971
0.138342
0.138519
0.138616
0.138821
0.138775
0.138654
0.138595
0.138285
0.137959
0.137643
0.13718
0.136623
0.135993
0.135285
0.134511
0.133658
0.132715
0.131689
0.130596
0.129447
0.128239
0.126967
0.125632
0.124238
0.122797
0.121315
0.119798
0.118244
0.116657
0.115038
0.113391
0.111718
0.110026
0.108316
0.106597
0.104869
0.103137
0.101402
0.0996646
0.0979256
0.0961893
0.0944728
0.0927163
0.0911734
0.0884975
0.252039
0.245783
0.239255
0.231816
0.22366
0.214971
0.205954
0.19693
0.187971
0.179406
0.171199
0.163499
0.156227
0.149564
0.143414
0.138427
0.134581
0.131684
0.130227
0.129205
0.129226
0.129525
0.130332
0.131307
0.132271
0.133335
0.13423
0.134989
0.135596
0.136176
0.136947
0.137403
0.137845
0.138246
0.138514
0.138883
0.139072
0.13916
0.139323
0.139283
0.139132
0.13905
0.138777
0.138412
0.138051
0.137586
0.13702
0.136366
0.135634
0.134838
0.133971
0.133022
0.131986
0.130876
0.129705
0.128478
0.127194
0.12585
0.124447
0.122994
0.121499
0.11997
0.118408
0.116814
0.115187
0.113531
0.111849
0.110146
0.108427
0.1067
0.104965
0.103226
0.101484
0.0997389
0.0979936
0.0962507
0.0945286
0.0927732
0.0912405
0.0885801
0.250862
0.24386
0.236445
0.228046
0.218932
0.209276
0.199463
0.189745
0.180317
0.171453
0.163027
0.155374
0.148015
0.14193
0.136542
0.132581
0.129896
0.128509
0.128678
0.128792
0.129182
0.130061
0.131272
0.132419
0.133258
0.134103
0.134849
0.135655
0.136234
0.136774
0.137476
0.137939
0.138418
0.138757
0.138991
0.139339
0.139538
0.139624
0.139742
0.139696
0.139529
0.139431
0.139182
0.138804
0.1384
0.137915
0.137339
0.136675
0.135929
0.135114
0.134233
0.133276
0.132235
0.131111
0.129917
0.128668
0.127368
0.126015
0.124604
0.123139
0.12163
0.120085
0.118508
0.116902
0.115265
0.113598
0.111905
0.110192
0.108465
0.106731
0.104989
0.103242
0.101487
0.0997307
0.0979762
0.0962284
0.0945032
0.0927401
0.0911944
0.0884996
0.249544
0.241661
0.233195
0.223671
0.213469
0.202771
0.192155
0.181818
0.171975
0.162995
0.154388
0.147007
0.140008
0.134881
0.131459
0.129181
0.127939
0.127741
0.128035
0.128928
0.13004
0.13111
0.132213
0.133175
0.133957
0.134679
0.135361
0.136208
0.136783
0.137312
0.137922
0.13838
0.13888
0.139211
0.139426
0.139751
0.139948
0.140031
0.140111
0.140054
0.139878
0.139763
0.139525
0.139147
0.138708
0.138199
0.137612
0.136945
0.136194
0.135369
0.134479
0.13352
0.132477
0.131348
0.130141
0.128877
0.127563
0.126201
0.12478
0.123301
0.121772
0.120207
0.118613
0.116993
0.115344
0.113666
0.11196
0.110238
0.108503
0.106762
0.105015
0.103263
0.101502
0.0997366
0.0979729
0.0962188
0.0944912
0.0927259
0.0911768
0.0884693
0.248014
0.239176
0.229377
0.218565
0.207081
0.195369
0.183914
0.173157
0.162985
0.154061
0.145574
0.138654
0.133164
0.12924
0.127299
0.127055
0.127267
0.12764
0.128524
0.129786
0.131052
0.131967
0.132846
0.133655
0.134485
0.135186
0.135845
0.136668
0.137246
0.137796
0.138312
0.13875
0.139262
0.139597
0.139811
0.140114
0.14029
0.140371
0.140428
0.140366
0.140193
0.140061
0.139816
0.139437
0.138981
0.138452
0.137851
0.137175
0.136411
0.135566
0.134653
0.133673
0.132614
0.13147
0.130246
0.128961
0.12763
0.126255
0.124831
0.123355
0.121826
0.120255
0.118647
0.117011
0.11535
0.113666
0.111959
0.110237
0.108502
0.106758
0.105005
0.103248
0.101486
0.0997296
0.0979709
0.0962124
0.0944743
0.0926911
0.0911371
0.0884602
0.246203
0.236196
0.224841
0.212505
0.199654
0.186902
0.174792
0.163703
0.153568
0.144768
0.137162
0.131332
0.128655
0.126817
0.126064
0.126312
0.127216
0.128401
0.129519
0.130632
0.131695
0.13254
0.133317
0.134064
0.134951
0.135659
0.136311
0.137064
0.137645
0.138227
0.138685
0.1391
0.13961
0.139951
0.14018
0.140461
0.140602
0.140678
0.14072
0.140656
0.140486
0.140334
0.140088
0.139722
0.139272
0.138734
0.138117
0.137426
0.136648
0.135784
0.134846
0.133841
0.132761
0.1316
0.130361
0.129058
0.127707
0.126317
0.124887
0.123412
0.121884
0.120309
0.118689
0.11704
0.11537
0.113686
0.111984
0.110266
0.108533
0.106787
0.105026
0.103261
0.1015
0.0997625
0.0980219
0.0962573
0.094499
0.0926851
0.0911175
0.0885173
0.243955
0.232593
0.219361
0.205327
0.19098
0.17736
0.164758
0.153692
0.143868
0.135747
0.130035
0.126041
0.125284
0.125455
0.125775
0.126668
0.127951
0.129346
0.130361
0.131241
0.132101
0.132971
0.133745
0.134483
0.135378
0.136087
0.13675
0.137416
0.13799
0.138599
0.139034
0.139428
0.139921
0.140261
0.14051
0.140771
0.140882
0.140945
0.140968
0.140909
0.140765
0.140557
0.140285
0.139921
0.139455
0.138892
0.138252
0.137542
0.136752
0.13588
0.134928
0.133903
0.132807
0.13164
0.130402
0.129099
0.127738
0.126331
0.12488
0.123389
0.121849
0.120266
0.118644
0.116994
0.115317
0.113622
0.111912
0.110189
0.108451
0.1067
0.104938
0.103175
0.101409
0.0996485
0.0978869
0.096126
0.0943769
0.0925803
0.0910224
0.0883431
0.241192
0.228097
0.212674
0.196727
0.180951
0.166708
0.153992
0.143399
0.134735
0.128158
0.126041
0.12438
0.124463
0.125181
0.126365
0.127596
0.128796
0.129974
0.130913
0.131705
0.132467
0.13336
0.134161
0.134911
0.135764
0.136458
0.137137
0.137736
0.138293
0.138911
0.139339
0.139721
0.140185
0.140512
0.140773
0.141015
0.141105
0.141153
0.141155
0.141106
0.140928
0.140711
0.140451
0.140089
0.139597
0.139012
0.138352
0.137625
0.136827
0.135951
0.134991
0.133949
0.132837
0.131665
0.130433
0.129136
0.127771
0.126348
0.124876
0.123366
0.121816
0.120228
0.118605
0.116952
0.115269
0.113565
0.111848
0.110123
0.108383
0.106633
0.104875
0.103118
0.101354
0.0995818
0.097813
0.0960597
0.0943173
0.0925446
0.0910002
0.0882664
0.237586
0.22238
0.204368
0.186505
0.169478
0.155242
0.142979
0.133376
0.127257
0.123077
0.123162
0.123653
0.124491
0.125718
0.127229
0.128431
0.129414
0.130349
0.131273
0.132062
0.132791
0.133687
0.134503
0.135268
0.136042
0.136715
0.137402
0.137953
0.138488
0.139095
0.139521
0.139905
0.140334
0.140644
0.140914
0.141143
0.141221
0.141252
0.14124
0.141169
0.141004
0.140769
0.140434
0.140019
0.139537
0.138967
0.138306
0.137562
0.136745
0.135852
0.134874
0.13382
0.1327
0.131522
0.130278
0.128968
0.127593
0.126168
0.124701
0.123194
0.121643
0.120047
0.118408
0.116738
0.115043
0.113335
0.111614
0.10988
0.108128
0.106364
0.10459
0.102816
0.101039
0.099266
0.0975014
0.0957483
0.0940165
0.0922462
0.0906759
0.0879457
0.232811
0.214884
0.194025
0.174372
0.156812
0.143358
0.133078
0.125357
0.123319
0.122017
0.122534
0.123624
0.125145
0.126602
0.127901
0.128925
0.129727
0.130494
0.131393
0.132225
0.132981
0.133865
0.134672
0.135437
0.136126
0.136777
0.137465
0.137992
0.138512
0.139093
0.139534
0.139929
0.140301
0.140584
0.140851
0.141057
0.141133
0.141158
0.14114
0.141062
0.140891
0.140633
0.140281
0.13987
0.139397
0.138826
0.138152
0.137395
0.136566
0.135661
0.134671
0.133603
0.132472
0.131285
0.130036
0.12872
0.127339
0.125907
0.124428
0.122911
0.121353
0.119753
0.11811
0.116436
0.114739
0.113031
0.111308
0.109571
0.107817
0.106055
0.104284
0.102512
0.100738
0.0989681
0.0972056
0.0954576
0.0937378
0.0919751
0.0904029
0.0876768
0.226483
0.205121
0.180981
0.160682
0.143834
0.131594
0.124696
0.120343
0.120824
0.121722
0.123002
0.12442
0.125812
0.126948
0.127897
0.128814
0.129571
0.130301
0.131203
0.132099
0.132908
0.133736
0.134492
0.135235
0.135876
0.136517
0.137197
0.137726
0.138249
0.138797
0.139236
0.139637
0.139972
0.14025
0.140528
0.140721
0.140806
0.140825
0.140799
0.140698
0.14051
0.140244
0.139895
0.139468
0.138968
0.13838
0.137701
0.136945
0.136115
0.135204
0.134207
0.133136
0.132005
0.130818
0.12957
0.12826
0.126887
0.125458
0.12398
0.122461
0.120901
0.119302
0.117662
0.115993
0.1143
0.112595
0.110871
0.109133
0.107381
0.105624
0.103859
0.102094
0.100327
0.0985659
0.0968113
0.0950691
0.0933466
0.0915756
0.090009
0.0873208
0.217895
0.192197
0.165528
0.145864
0.132972
0.122571
0.119731
0.118994
0.119573
0.121129
0.123204
0.124585
0.125536
0.126365
0.127161
0.128068
0.128927
0.129726
0.130639
0.131539
0.132345
0.133074
0.133794
0.134549
0.135191
0.135851
0.136523
0.13707
0.137609
0.138131
0.138588
0.139006
0.139335
0.139616
0.139886
0.140073
0.140157
0.140192
0.140167
0.14007
0.139891
0.139639
0.139303
0.138881
0.138383
0.137806
0.137141
0.136393
0.135562
0.134644
0.13364
0.132565
0.131428
0.130235
0.128987
0.127684
0.126321
0.124902
0.123431
0.121917
0.120363
0.118773
0.117147
0.115493
0.113813
0.112118
0.110401
0.108671
0.106928
0.105183
0.10343
0.101676
0.0999212
0.0981725
0.0964282
0.0946928
0.0929707
0.0912017
0.0896467
0.0869828
0.205852
0.175363
0.148503
0.130957
0.121719
0.116718
0.116773
0.117653
0.119859
0.121503
0.122766
0.123764
0.124519
0.12529
0.126166
0.127156
0.128105
0.128972
0.129846
0.130702
0.13154
0.132265
0.133006
0.133773
0.134426
0.135099
0.135741
0.136311
0.136883
0.137375
0.137838
0.138288
0.138619
0.138903
0.139175
0.139368
0.139502
0.139544
0.139498
0.139386
0.139198
0.138929
0.138585
0.138164
0.137664
0.137089
0.136438
0.135706
0.134891
0.133996
0.13303
0.131998
0.130898
0.129733
0.128508
0.127225
0.12588
0.124475
0.123013
0.121506
0.11996
0.118382
0.116773
0.115136
0.113471
0.111786
0.110077
0.108358
0.106628
0.104895
0.103156
0.101415
0.0996715
0.0979336
0.0961993
0.0944707
0.0927561
0.0909985
0.0894579
0.0868105
0.188706
0.156118
0.134211
0.121317
0.114836
0.114309
0.115817
0.117836
0.11923
0.12048
0.121397
0.122246
0.12315
0.124075
0.125029
0.126009
0.126993
0.127955
0.128836
0.129709
0.130612
0.1314
0.132174
0.132933
0.133634
0.134338
0.134979
0.135609
0.136219
0.136713
0.137201
0.137679
0.138029
0.138317
0.138592
0.138809
0.138959
0.139059
0.139024
0.138923
0.138759
0.138518
0.138193
0.137785
0.137297
0.136737
0.136099
0.135376
0.13457
0.133693
0.132748
0.131734
0.130648
0.1295
0.128294
0.127028
0.125701
0.124313
0.122865
0.121368
0.119833
0.118271
0.11668
0.115063
0.113414
0.111733
0.110029
0.108316
0.106593
0.104867
0.103134
0.1014
0.0996617
0.0979279
0.0961975
0.0944689
0.092758
0.0910111
0.089488
0.0868739
0.14856
0.111137
0.101231
0.103056
0.108146
0.11353
0.116851
0.118956
0.119747
0.120315
0.120932
0.121862
0.122999
0.124104
0.125043
0.125976
0.126982
0.128031
0.12889
0.129734
0.130666
0.131452
0.132223
0.132952
0.133651
0.13437
0.134979
0.135622
0.136249
0.136684
0.137167
0.137666
0.138
0.138276
0.138521
0.138719
0.138897
0.138918
0.138878
0.138762
0.138569
0.138313
0.137985
0.137568
0.137067
0.136502
0.135859
0.13512
0.134288
0.133391
0.132433
0.131406
0.1303
0.129124
0.127889
0.126607
0.125266
0.123864
0.122398
0.120886
0.119339
0.117772
0.116178
0.114557
0.112899
0.111215
0.10951
0.1078
0.106082
0.104363
0.102637
0.10091
0.0991775
0.0974511
0.0957263
0.0940054
0.0923003
0.090552
0.0890199
0.0863712
)
;

boundaryField
{
    inlet
    {
        type            calculated;
        value           uniform 0.386208;
    }
    outlet
    {
        type            calculated;
        value           nonuniform List<scalar> 
40
(
0.0813359
0.0801087
0.0787676
0.0782868
0.0783474
0.0787807
0.0794235
0.0803269
0.0812626
0.0822405
0.0831462
0.0839904
0.0847344
0.0853876
0.0859511
0.0864392
0.0868574
0.0872148
0.0875171
0.0877673
0.0879745
0.0881428
0.0882949
0.0883706
0.0884406
0.0884975
0.0885801
0.0884996
0.0884693
0.0884602
0.0885173
0.0883431
0.0882664
0.0879457
0.0876768
0.0873208
0.0869828
0.0868105
0.0868739
0.0863712
)
;
    }
    axis
    {
        type            symmetryPlane;
    }
    wall
    {
        type            calculated;
        value           nonuniform List<scalar> 
200
(
0.386597
0.385873
0.385683
0.385478
0.385284
0.385098
0.38492
0.384748
0.384579
0.38441
0.384237
0.38406
0.383874
0.383681
0.38348
0.38327
0.383053
0.38283
0.382603
0.382373
0.382141
0.381907
0.381673
0.381437
0.381198
0.380957
0.380713
0.380467
0.380217
0.379963
0.379707
0.379451
0.379195
0.378939
0.378684
0.378428
0.378171
0.377911
0.377649
0.377382
0.377108
0.376828
0.376539
0.376242
0.375935
0.375618
0.375291
0.374954
0.374609
0.374254
0.373891
0.373521
0.373143
0.372757
0.372364
0.371966
0.371562
0.371153
0.370736
0.370312
0.369879
0.369435
0.368981
0.368514
0.368034
0.367541
0.367035
0.366513
0.365975
0.365422
0.364853
0.364268
0.363666
0.363048
0.362413
0.36176
0.361089
0.360399
0.359689
0.358958
0.358206
0.35743
0.35663
0.355804
0.354951
0.354069
0.353156
0.352212
0.351233
0.350219
0.349167
0.348076
0.346942
0.345765
0.34454
0.343266
0.341938
0.340557
0.339113
0.337609
0.336033
0.334387
0.332657
0.330845
0.328931
0.326921
0.324788
0.322539
0.320137
0.317588
0.314842
0.3119
0.308689
0.305193
0.301296
0.296913
0.291793
0.285536
0.27677
0.263732
0.14856
0.111137
0.101231
0.103056
0.108146
0.11353
0.116851
0.118956
0.119747
0.120315
0.120932
0.121862
0.122999
0.124104
0.125043
0.125976
0.126982
0.128031
0.12889
0.129734
0.130666
0.131452
0.132223
0.132952
0.133651
0.13437
0.134979
0.135622
0.136249
0.136684
0.137167
0.137666
0.138
0.138276
0.138521
0.138719
0.138897
0.138918
0.138878
0.138762
0.138569
0.138313
0.137985
0.137568
0.137067
0.136502
0.135859
0.13512
0.134288
0.133391
0.132433
0.131406
0.1303
0.129124
0.127889
0.126607
0.125266
0.123864
0.122398
0.120886
0.119339
0.117772
0.116178
0.114557
0.112899
0.111215
0.10951
0.1078
0.106082
0.104363
0.102637
0.10091
0.0991775
0.0974511
0.0957263
0.0940054
0.0923003
0.090552
0.0890199
0.0863712
)
;
    }
    frontAndBack
    {
        type            empty;
    }
}


// ************************************************************************* //
