/*--------------------------------*- C++ -*----------------------------------*\
  =========                 |
  \\      /  F ield         | OpenFOAM: The Open Source CFD Toolbox
   \\    /   O peration     | Website:  https://openfoam.org
    \\  /    A nd           | Version:  13
     \\/     M anipulation  |
\*---------------------------------------------------------------------------*/
FoamFile
{
    format      ascii;
    class       volScalarField;
    location    "0.015";
    object      T;
}
// * * * * * * * * * * * * * * * * * * * * * * * * * * * * * * * * * * * * * //

dimensions      [0 0 0 1 0 0 0];

internalField   nonuniform List<scalar> 
8000
(
1800.69
1799.53
1799.35
1799.03
1798.7
1798.34
1797.97
1797.57
1797.17
1796.76
1796.35
1795.94
1795.55
1795.15
1794.77
1794.39
1794.01
1793.63
1793.24
1792.85
1792.45
1792.03
1791.61
1791.18
1790.74
1790.3
1789.86
1789.41
1788.95
1788.49
1788.02
1787.53
1787.03
1786.52
1785.99
1785.45
1784.89
1784.32
1783.75
1783.16
1782.57
1781.97
1781.37
1780.76
1780.15
1779.54
1778.91
1778.28
1777.64
1776.99
1776.32
1775.64
1774.94
1774.22
1773.47
1772.71
1771.92
1771.11
1770.28
1769.42
1768.55
1767.65
1766.73
1765.79
1764.83
1763.85
1762.85
1761.83
1760.78
1759.7
1758.59
1757.46
1756.29
1755.08
1753.84
1752.56
1751.24
1749.87
1748.46
1747
1745.49
1743.94
1742.33
1740.66
1738.94
1737.15
1735.31
1733.39
1731.41
1729.35
1727.21
1724.99
1722.68
1720.28
1717.78
1715.16
1712.44
1709.59
1706.61
1703.48
1700.21
1696.75
1693.13
1689.29
1685.26
1680.96
1676.42
1671.56
1666.4
1660.82
1654.87
1648.35
1641.36
1633.58
1625.15
1615.59
1605.11
1592.93
1579.45
1563.39
1800.68
1799.53
1799.34
1799.02
1798.7
1798.34
1797.96
1797.57
1797.16
1796.76
1796.35
1795.94
1795.55
1795.16
1794.77
1794.39
1794.01
1793.63
1793.24
1792.85
1792.44
1792.03
1791.61
1791.18
1790.74
1790.3
1789.85
1789.4
1788.95
1788.48
1788.01
1787.52
1787.03
1786.51
1785.98
1785.44
1784.89
1784.32
1783.75
1783.16
1782.57
1781.97
1781.37
1780.77
1780.16
1779.54
1778.92
1778.29
1777.64
1776.99
1776.32
1775.64
1774.94
1774.22
1773.47
1772.71
1771.92
1771.11
1770.28
1769.43
1768.55
1767.65
1766.74
1765.8
1764.84
1763.86
1762.86
1761.83
1760.78
1759.7
1758.6
1757.46
1756.29
1755.09
1753.84
1752.56
1751.24
1749.87
1748.46
1747
1745.5
1743.94
1742.33
1740.67
1738.94
1737.16
1735.31
1733.4
1731.42
1729.36
1727.22
1725
1722.69
1720.29
1717.79
1715.17
1712.45
1709.6
1706.62
1703.49
1700.22
1696.76
1693.14
1689.31
1685.27
1680.97
1676.44
1671.57
1666.41
1660.83
1654.88
1648.37
1641.37
1633.6
1625.16
1615.6
1605.1
1592.9
1579.38
1563.26
1800.68
1799.52
1799.34
1799.01
1798.69
1798.33
1797.95
1797.56
1797.16
1796.75
1796.35
1795.95
1795.55
1795.16
1794.77
1794.39
1794.01
1793.63
1793.24
1792.84
1792.44
1792.02
1791.6
1791.17
1790.73
1790.29
1789.85
1789.4
1788.94
1788.47
1788
1787.52
1787.02
1786.51
1785.98
1785.44
1784.88
1784.32
1783.75
1783.16
1782.57
1781.98
1781.38
1780.77
1780.16
1779.55
1778.92
1778.29
1777.65
1776.99
1776.33
1775.64
1774.94
1774.22
1773.48
1772.71
1771.92
1771.11
1770.28
1769.43
1768.55
1767.66
1766.74
1765.8
1764.85
1763.87
1762.86
1761.84
1760.79
1759.71
1758.6
1757.47
1756.3
1755.09
1753.85
1752.57
1751.25
1749.88
1748.47
1747.01
1745.51
1743.95
1742.34
1740.68
1738.95
1737.17
1735.32
1733.41
1731.43
1729.37
1727.23
1725.01
1722.71
1720.3
1717.8
1715.19
1712.47
1709.61
1706.64
1703.51
1700.23
1696.78
1693.16
1689.33
1685.29
1681
1676.46
1671.6
1666.44
1660.86
1654.91
1648.4
1641.4
1633.63
1625.18
1615.61
1605.09
1592.86
1579.26
1563.04
1800.68
1799.52
1799.33
1799
1798.68
1798.32
1797.95
1797.56
1797.16
1796.75
1796.35
1795.95
1795.55
1795.16
1794.78
1794.39
1794.01
1793.63
1793.24
1792.84
1792.43
1792.02
1791.59
1791.16
1790.72
1790.28
1789.84
1789.39
1788.93
1788.46
1787.99
1787.5
1787.01
1786.5
1785.97
1785.43
1784.88
1784.32
1783.74
1783.16
1782.58
1781.98
1781.38
1780.78
1780.17
1779.55
1778.93
1778.3
1777.65
1777
1776.33
1775.65
1774.94
1774.22
1773.48
1772.71
1771.93
1771.12
1770.29
1769.43
1768.56
1767.66
1766.75
1765.81
1764.86
1763.88
1762.87
1761.85
1760.8
1759.72
1758.61
1757.48
1756.31
1755.1
1753.86
1752.58
1751.26
1749.89
1748.48
1747.02
1745.52
1743.96
1742.35
1740.69
1738.97
1737.18
1735.34
1733.43
1731.44
1729.39
1727.25
1725.03
1722.73
1720.32
1717.82
1715.21
1712.49
1709.64
1706.66
1703.53
1700.26
1696.81
1693.19
1689.35
1685.32
1681.03
1676.49
1671.63
1666.47
1660.9
1654.95
1648.44
1641.44
1633.67
1625.21
1615.63
1605.07
1592.79
1579.09
1562.72
1800.68
1799.51
1799.32
1798.99
1798.66
1798.31
1797.94
1797.55
1797.16
1796.75
1796.35
1795.95
1795.56
1795.17
1794.78
1794.39
1794.01
1793.62
1793.23
1792.83
1792.42
1792.01
1791.58
1791.15
1790.71
1790.27
1789.82
1789.37
1788.92
1788.45
1787.98
1787.49
1786.99
1786.48
1785.96
1785.42
1784.87
1784.31
1783.74
1783.17
1782.58
1781.99
1781.39
1780.79
1780.18
1779.56
1778.94
1778.3
1777.66
1777.01
1776.34
1775.65
1774.95
1774.22
1773.48
1772.72
1771.93
1771.12
1770.29
1769.44
1768.57
1767.67
1766.76
1765.82
1764.87
1763.89
1762.89
1761.86
1760.81
1759.73
1758.63
1757.49
1756.32
1755.11
1753.87
1752.59
1751.27
1749.9
1748.49
1747.04
1745.53
1743.98
1742.37
1740.71
1738.99
1737.2
1735.36
1733.45
1731.47
1729.41
1727.27
1725.06
1722.75
1720.35
1717.85
1715.24
1712.51
1709.66
1706.69
1703.56
1700.29
1696.84
1693.22
1689.39
1685.36
1681.07
1676.53
1671.68
1666.52
1660.95
1654.99
1648.49
1641.48
1633.72
1625.24
1615.66
1605.05
1592.71
1578.87
1562.32
1800.68
1799.5
1799.3
1798.97
1798.65
1798.29
1797.93
1797.54
1797.15
1796.75
1796.35
1795.96
1795.56
1795.17
1794.78
1794.4
1794.01
1793.62
1793.23
1792.82
1792.42
1792
1791.57
1791.14
1790.7
1790.26
1789.81
1789.36
1788.9
1788.43
1787.96
1787.48
1786.98
1786.47
1785.95
1785.41
1784.87
1784.31
1783.74
1783.17
1782.58
1781.99
1781.4
1780.8
1780.19
1779.57
1778.95
1778.31
1777.67
1777.01
1776.34
1775.65
1774.95
1774.23
1773.48
1772.72
1771.93
1771.13
1770.3
1769.45
1768.58
1767.68
1766.77
1765.84
1764.88
1763.9
1762.9
1761.88
1760.83
1759.75
1758.64
1757.51
1756.33
1755.13
1753.89
1752.61
1751.28
1749.92
1748.51
1747.05
1745.55
1744
1742.39
1740.73
1739.01
1737.23
1735.38
1733.47
1731.49
1729.43
1727.3
1725.08
1722.78
1720.38
1717.88
1715.27
1712.55
1709.7
1706.72
1703.6
1700.33
1696.88
1693.26
1689.43
1685.4
1681.11
1676.58
1671.73
1666.57
1661
1655.05
1648.56
1641.54
1633.78
1625.28
1615.69
1605.02
1592.61
1578.62
1561.84
1800.68
1799.49
1799.29
1798.95
1798.63
1798.28
1797.91
1797.53
1797.14
1796.75
1796.35
1795.96
1795.57
1795.17
1794.79
1794.4
1794.01
1793.62
1793.22
1792.82
1792.41
1791.99
1791.56
1791.13
1790.69
1790.25
1789.8
1789.34
1788.88
1788.42
1787.94
1787.46
1786.96
1786.45
1785.93
1785.4
1784.86
1784.31
1783.74
1783.17
1782.59
1782
1781.41
1780.81
1780.2
1779.58
1778.96
1778.32
1777.68
1777.02
1776.35
1775.66
1774.95
1774.23
1773.49
1772.72
1771.94
1771.13
1770.31
1769.46
1768.59
1767.7
1766.79
1765.85
1764.9
1763.92
1762.92
1761.9
1760.85
1759.77
1758.66
1757.52
1756.35
1755.15
1753.9
1752.62
1751.3
1749.94
1748.53
1747.07
1745.57
1744.02
1742.41
1740.75
1739.03
1737.25
1735.41
1733.5
1731.52
1729.46
1727.33
1725.11
1722.81
1720.41
1717.91
1715.3
1712.58
1709.74
1706.76
1703.64
1700.37
1696.92
1693.31
1689.48
1685.45
1681.17
1676.63
1671.79
1666.63
1661.07
1655.11
1648.63
1641.6
1633.84
1625.33
1615.72
1605
1592.51
1578.34
1561.29
1800.68
1799.47
1799.27
1798.93
1798.61
1798.26
1797.9
1797.52
1797.14
1796.75
1796.36
1795.96
1795.57
1795.18
1794.79
1794.4
1794.01
1793.61
1793.21
1792.81
1792.4
1791.98
1791.55
1791.12
1790.68
1790.23
1789.78
1789.33
1788.87
1788.4
1787.92
1787.44
1786.94
1786.44
1785.92
1785.39
1784.85
1784.3
1783.74
1783.17
1782.6
1782.01
1781.42
1780.82
1780.21
1779.6
1778.97
1778.34
1777.69
1777.03
1776.36
1775.67
1774.96
1774.24
1773.49
1772.73
1771.94
1771.14
1770.31
1769.47
1768.6
1767.71
1766.8
1765.87
1764.92
1763.94
1762.94
1761.92
1760.87
1759.79
1758.68
1757.54
1756.37
1755.16
1753.92
1752.64
1751.32
1749.96
1748.55
1747.09
1745.59
1744.04
1742.43
1740.77
1739.06
1737.28
1735.44
1733.53
1731.55
1729.5
1727.37
1725.15
1722.85
1720.45
1717.95
1715.34
1712.62
1709.78
1706.8
1703.68
1700.41
1696.97
1693.36
1689.53
1685.5
1681.22
1676.69
1671.85
1666.69
1661.14
1655.18
1648.7
1641.68
1633.92
1625.39
1615.77
1604.98
1592.4
1578.04
1560.68
1800.68
1799.46
1799.25
1798.91
1798.59
1798.24
1797.88
1797.51
1797.13
1796.74
1796.36
1795.97
1795.57
1795.18
1794.79
1794.4
1794.01
1793.61
1793.21
1792.8
1792.39
1791.96
1791.54
1791.1
1790.66
1790.22
1789.77
1789.31
1788.85
1788.38
1787.91
1787.42
1786.93
1786.42
1785.91
1785.38
1784.84
1784.3
1783.74
1783.18
1782.6
1782.02
1781.43
1780.83
1780.23
1779.61
1778.98
1778.35
1777.7
1777.04
1776.36
1775.67
1774.97
1774.24
1773.5
1772.73
1771.95
1771.15
1770.32
1769.48
1768.61
1767.72
1766.82
1765.89
1764.93
1763.96
1762.96
1761.94
1760.89
1759.81
1758.7
1757.56
1756.39
1755.18
1753.94
1752.66
1751.34
1749.98
1748.57
1747.12
1745.61
1744.06
1742.46
1740.8
1739.09
1737.31
1735.47
1733.56
1731.58
1729.53
1727.4
1725.19
1722.89
1720.49
1717.99
1715.39
1712.67
1709.82
1706.85
1703.73
1700.46
1697.02
1693.41
1689.59
1685.56
1681.29
1676.76
1671.92
1666.77
1661.22
1655.26
1648.79
1641.76
1634.01
1625.45
1615.82
1604.96
1592.29
1577.71
1560.02
1800.68
1799.45
1799.23
1798.89
1798.57
1798.22
1797.86
1797.49
1797.12
1796.74
1796.35
1795.97
1795.58
1795.19
1794.8
1794.4
1794.01
1793.61
1793.2
1792.79
1792.38
1791.95
1791.52
1791.09
1790.65
1790.2
1789.75
1789.3
1788.83
1788.36
1787.89
1787.4
1786.91
1786.41
1785.89
1785.37
1784.84
1784.29
1783.74
1783.18
1782.61
1782.03
1781.44
1780.85
1780.24
1779.63
1779
1778.36
1777.71
1777.05
1776.37
1775.68
1774.97
1774.25
1773.5
1772.74
1771.96
1771.16
1770.33
1769.49
1768.63
1767.74
1766.83
1765.91
1764.96
1763.98
1762.98
1761.96
1760.91
1759.83
1758.72
1757.58
1756.41
1755.21
1753.96
1752.68
1751.36
1750
1748.59
1747.14
1745.64
1744.09
1742.49
1740.83
1739.12
1737.34
1735.5
1733.6
1731.62
1729.57
1727.44
1725.23
1722.93
1720.53
1718.03
1715.43
1712.71
1709.87
1706.9
1703.78
1700.52
1697.08
1693.47
1689.65
1685.63
1681.36
1676.83
1672
1666.84
1661.3
1655.35
1648.88
1641.84
1634.1
1625.53
1615.88
1604.95
1592.18
1577.37
1559.3
1800.68
1799.43
1799.22
1798.87
1798.54
1798.19
1797.84
1797.48
1797.11
1796.73
1796.35
1795.97
1795.58
1795.19
1794.8
1794.4
1794.01
1793.6
1793.2
1792.78
1792.37
1791.94
1791.51
1791.08
1790.64
1790.19
1789.74
1789.28
1788.82
1788.35
1787.87
1787.38
1786.89
1786.39
1785.88
1785.36
1784.83
1784.29
1783.74
1783.18
1782.62
1782.04
1781.46
1780.86
1780.26
1779.64
1779.01
1778.38
1777.73
1777.06
1776.38
1775.69
1774.98
1774.26
1773.51
1772.75
1771.97
1771.16
1770.34
1769.5
1768.64
1767.76
1766.85
1765.93
1764.98
1764
1763.01
1761.98
1760.93
1759.85
1758.75
1757.61
1756.44
1755.23
1753.99
1752.7
1751.38
1750.02
1748.62
1747.17
1745.67
1744.12
1742.52
1740.86
1739.15
1737.37
1735.54
1733.63
1731.66
1729.61
1727.48
1725.27
1722.97
1720.58
1718.08
1715.48
1712.76
1709.92
1706.95
1703.84
1700.57
1697.14
1693.53
1689.72
1685.69
1681.43
1676.9
1672.08
1666.92
1661.39
1655.44
1648.98
1641.94
1634.2
1625.61
1615.94
1604.95
1592.08
1577.02
1558.55
1800.68
1799.42
1799.2
1798.85
1798.52
1798.17
1797.82
1797.46
1797.1
1796.73
1796.35
1795.97
1795.58
1795.2
1794.8
1794.41
1794.01
1793.6
1793.19
1792.78
1792.36
1791.93
1791.5
1791.06
1790.62
1790.17
1789.72
1789.26
1788.8
1788.33
1787.85
1787.37
1786.87
1786.37
1785.87
1785.35
1784.82
1784.29
1783.74
1783.19
1782.63
1782.05
1781.47
1780.88
1780.27
1779.66
1779.03
1778.39
1777.74
1777.08
1776.4
1775.7
1774.99
1774.26
1773.52
1772.76
1771.97
1771.17
1770.35
1769.51
1768.65
1767.77
1766.87
1765.95
1765
1764.03
1763.03
1762.01
1760.96
1759.88
1758.77
1757.63
1756.46
1755.25
1754.01
1752.73
1751.41
1750.05
1748.64
1747.19
1745.69
1744.15
1742.55
1740.89
1739.18
1737.41
1735.57
1733.67
1731.7
1729.65
1727.52
1725.31
1723.02
1720.62
1718.13
1715.53
1712.81
1709.98
1707.01
1703.9
1700.63
1697.2
1693.59
1689.79
1685.76
1681.5
1676.98
1672.16
1667.01
1661.48
1655.53
1649.08
1642.04
1634.3
1625.69
1616.02
1604.95
1591.98
1576.66
1557.77
1800.68
1799.41
1799.18
1798.82
1798.49
1798.15
1797.8
1797.45
1797.09
1796.72
1796.35
1795.97
1795.59
1795.2
1794.8
1794.41
1794
1793.6
1793.19
1792.77
1792.35
1791.92
1791.49
1791.05
1790.61
1790.16
1789.71
1789.25
1788.78
1788.31
1787.83
1787.35
1786.86
1786.36
1785.85
1785.34
1784.82
1784.29
1783.74
1783.19
1782.63
1782.06
1781.48
1780.89
1780.29
1779.67
1779.05
1778.41
1777.75
1777.09
1776.41
1775.71
1775
1774.27
1773.53
1772.76
1771.98
1771.18
1770.37
1769.53
1768.67
1767.79
1766.89
1765.97
1765.02
1764.05
1763.05
1762.03
1760.98
1759.9
1758.8
1757.66
1756.48
1755.28
1754.03
1752.75
1751.43
1750.07
1748.67
1747.22
1745.72
1744.18
1742.58
1740.93
1739.21
1737.44
1735.61
1733.71
1731.74
1729.69
1727.57
1725.36
1723.06
1720.67
1718.18
1715.58
1712.87
1710.03
1707.06
1703.95
1700.69
1697.27
1693.66
1689.85
1685.84
1681.58
1677.06
1672.24
1667.1
1661.58
1655.63
1649.18
1642.14
1634.41
1625.79
1616.1
1604.97
1591.9
1576.31
1556.95
1800.68
1799.39
1799.16
1798.8
1798.47
1798.13
1797.78
1797.43
1797.07
1796.71
1796.34
1795.97
1795.59
1795.2
1794.81
1794.41
1794
1793.6
1793.18
1792.76
1792.34
1791.91
1791.48
1791.04
1790.6
1790.15
1789.69
1789.23
1788.77
1788.3
1787.82
1787.33
1786.84
1786.35
1785.84
1785.33
1784.81
1784.28
1783.75
1783.2
1782.64
1782.07
1781.5
1780.91
1780.3
1779.69
1779.06
1778.42
1777.77
1777.1
1776.42
1775.72
1775.01
1774.28
1773.54
1772.77
1771.99
1771.2
1770.38
1769.54
1768.69
1767.81
1766.91
1765.99
1765.04
1764.07
1763.08
1762.06
1761.01
1759.93
1758.82
1757.68
1756.51
1755.3
1754.06
1752.78
1751.46
1750.1
1748.7
1747.25
1745.75
1744.21
1742.61
1740.96
1739.25
1737.48
1735.65
1733.75
1731.78
1729.74
1727.61
1725.4
1723.11
1720.72
1718.23
1715.63
1712.92
1710.09
1707.12
1704.02
1700.76
1697.33
1693.73
1689.93
1685.91
1681.66
1677.14
1672.33
1667.19
1661.68
1655.73
1649.29
1642.25
1634.52
1625.89
1616.19
1604.99
1591.82
1575.95
1556.11
1800.68
1799.38
1799.14
1798.78
1798.45
1798.1
1797.76
1797.41
1797.06
1796.7
1796.34
1795.97
1795.59
1795.2
1794.81
1794.41
1794
1793.59
1793.18
1792.76
1792.33
1791.9
1791.47
1791.03
1790.59
1790.14
1789.68
1789.22
1788.75
1788.28
1787.8
1787.32
1786.83
1786.33
1785.83
1785.32
1784.81
1784.28
1783.75
1783.2
1782.65
1782.09
1781.51
1780.92
1780.32
1779.71
1779.08
1778.44
1777.78
1777.12
1776.43
1775.73
1775.02
1774.29
1773.54
1772.78
1772
1771.21
1770.39
1769.56
1768.7
1767.83
1766.93
1766.01
1765.07
1764.1
1763.1
1762.08
1761.03
1759.96
1758.85
1757.71
1756.53
1755.33
1754.08
1752.8
1751.49
1750.13
1748.72
1747.28
1745.78
1744.24
1742.64
1740.99
1739.29
1737.52
1735.69
1733.79
1731.82
1729.78
1727.66
1725.45
1723.16
1720.77
1718.28
1715.69
1712.98
1710.14
1707.18
1704.08
1700.82
1697.4
1693.8
1690
1685.99
1681.74
1677.22
1672.42
1667.28
1661.78
1655.83
1649.4
1642.36
1634.64
1626
1616.28
1605.03
1591.75
1575.61
1555.26
1800.68
1799.37
1799.13
1798.76
1798.43
1798.08
1797.74
1797.4
1797.05
1796.7
1796.33
1795.97
1795.59
1795.2
1794.81
1794.41
1794.01
1793.59
1793.18
1792.75
1792.33
1791.9
1791.46
1791.02
1790.58
1790.13
1789.67
1789.21
1788.74
1788.27
1787.79
1787.31
1786.82
1786.32
1785.82
1785.32
1784.8
1784.28
1783.75
1783.21
1782.66
1782.1
1781.52
1780.94
1780.34
1779.72
1779.1
1778.45
1777.8
1777.13
1776.44
1775.75
1775.03
1774.3
1773.56
1772.79
1772.02
1771.22
1770.41
1769.57
1768.72
1767.85
1766.95
1766.03
1765.09
1764.12
1763.13
1762.11
1761.06
1759.98
1758.87
1757.73
1756.56
1755.35
1754.11
1752.83
1751.51
1750.15
1748.75
1747.31
1745.81
1744.27
1742.68
1741.03
1739.32
1737.56
1735.73
1733.83
1731.86
1729.82
1727.7
1725.5
1723.21
1720.82
1718.33
1715.74
1713.03
1710.2
1707.24
1704.14
1700.88
1697.47
1693.87
1690.07
1686.06
1681.82
1677.31
1672.51
1667.38
1661.88
1655.94
1649.52
1642.48
1634.76
1626.11
1616.39
1605.07
1591.7
1575.27
1554.39
1800.68
1799.36
1799.11
1798.74
1798.4
1798.06
1797.72
1797.38
1797.04
1796.69
1796.33
1795.96
1795.59
1795.21
1794.81
1794.41
1794.01
1793.59
1793.17
1792.75
1792.32
1791.89
1791.46
1791.01
1790.57
1790.12
1789.66
1789.2
1788.73
1788.26
1787.78
1787.29
1786.8
1786.31
1785.81
1785.31
1784.8
1784.28
1783.75
1783.22
1782.67
1782.11
1781.54
1780.95
1780.35
1779.74
1779.11
1778.47
1777.81
1777.14
1776.46
1775.76
1775.04
1774.31
1773.57
1772.8
1772.03
1771.23
1770.42
1769.59
1768.74
1767.87
1766.97
1766.06
1765.11
1764.15
1763.16
1762.13
1761.09
1760.01
1758.9
1757.76
1756.59
1755.38
1754.14
1752.86
1751.54
1750.18
1748.78
1747.33
1745.84
1744.3
1742.71
1741.06
1739.36
1737.59
1735.77
1733.87
1731.91
1729.87
1727.75
1725.55
1723.26
1720.87
1718.39
1715.79
1713.09
1710.26
1707.3
1704.2
1700.95
1697.53
1693.94
1690.15
1686.14
1681.9
1677.4
1672.61
1667.47
1661.99
1656.05
1649.63
1642.6
1634.89
1626.23
1616.5
1605.13
1591.66
1574.94
1553.51
1800.68
1799.35
1799.1
1798.72
1798.39
1798.04
1797.71
1797.37
1797.02
1796.68
1796.32
1795.96
1795.59
1795.21
1794.82
1794.41
1794.01
1793.59
1793.17
1792.75
1792.32
1791.89
1791.45
1791.01
1790.56
1790.11
1789.65
1789.19
1788.72
1788.25
1787.77
1787.28
1786.79
1786.3
1785.81
1785.3
1784.8
1784.28
1783.76
1783.22
1782.68
1782.12
1781.55
1780.97
1780.37
1779.76
1779.13
1778.49
1777.83
1777.16
1776.47
1775.77
1775.05
1774.32
1773.58
1772.82
1772.04
1771.25
1770.43
1769.6
1768.75
1767.88
1766.99
1766.08
1765.14
1764.17
1763.18
1762.16
1761.11
1760.03
1758.93
1757.79
1756.61
1755.41
1754.16
1752.88
1751.57
1750.21
1748.81
1747.36
1745.87
1744.33
1742.74
1741.1
1739.4
1737.63
1735.81
1733.91
1731.95
1729.91
1727.79
1725.59
1723.3
1720.92
1718.44
1715.85
1713.14
1710.32
1707.36
1704.27
1701.01
1697.6
1694.01
1690.22
1686.22
1681.99
1677.48
1672.7
1667.57
1662.09
1656.16
1649.75
1642.72
1635.01
1626.35
1616.61
1605.2
1591.64
1574.63
1552.63
1800.69
1799.34
1799.08
1798.71
1798.37
1798.02
1797.69
1797.35
1797.01
1796.67
1796.32
1795.96
1795.59
1795.21
1794.82
1794.42
1794.01
1793.59
1793.17
1792.74
1792.31
1791.88
1791.44
1791
1790.56
1790.1
1789.65
1789.18
1788.71
1788.24
1787.76
1787.27
1786.78
1786.29
1785.8
1785.3
1784.79
1784.28
1783.76
1783.23
1782.69
1782.13
1781.56
1780.98
1780.39
1779.77
1779.15
1778.5
1777.85
1777.17
1776.49
1775.78
1775.07
1774.34
1773.59
1772.83
1772.05
1771.26
1770.45
1769.62
1768.77
1767.9
1767.01
1766.1
1765.16
1764.2
1763.21
1762.19
1761.14
1760.06
1758.95
1757.81
1756.64
1755.43
1754.19
1752.91
1751.59
1750.24
1748.84
1747.4
1745.91
1744.37
1742.78
1741.13
1739.43
1737.67
1735.85
1733.96
1731.99
1729.96
1727.84
1725.64
1723.35
1720.97
1718.49
1715.9
1713.2
1710.38
1707.42
1704.33
1701.08
1697.67
1694.08
1690.3
1686.3
1682.07
1677.57
1672.79
1667.67
1662.19
1656.27
1649.87
1642.84
1635.14
1626.48
1616.74
1605.28
1591.64
1574.34
1551.75
1800.69
1799.33
1799.07
1798.69
1798.35
1798.01
1797.67
1797.34
1797
1796.66
1796.31
1795.96
1795.59
1795.21
1794.82
1794.42
1794.01
1793.59
1793.17
1792.74
1792.31
1791.88
1791.44
1791
1790.55
1790.1
1789.64
1789.17
1788.7
1788.23
1787.75
1787.26
1786.78
1786.29
1785.79
1785.3
1784.79
1784.28
1783.76
1783.24
1782.7
1782.14
1781.58
1781
1780.4
1779.79
1779.16
1778.52
1777.86
1777.19
1776.5
1775.8
1775.08
1774.35
1773.6
1772.84
1772.07
1771.27
1770.46
1769.64
1768.79
1767.92
1767.03
1766.12
1765.18
1764.22
1763.23
1762.21
1761.17
1760.09
1758.98
1757.84
1756.67
1755.46
1754.22
1752.94
1751.62
1750.27
1748.87
1747.43
1745.94
1744.4
1742.81
1741.17
1739.47
1737.71
1735.89
1734
1732.04
1730
1727.89
1725.69
1723.4
1721.02
1718.54
1715.96
1713.26
1710.44
1707.48
1704.39
1701.15
1697.74
1694.15
1690.38
1686.38
1682.15
1677.66
1672.89
1667.77
1662.3
1656.38
1649.99
1642.97
1635.27
1626.61
1616.86
1605.37
1591.65
1574.07
1550.87
1800.69
1799.32
1799.06
1798.68
1798.33
1797.99
1797.66
1797.32
1796.99
1796.65
1796.31
1795.96
1795.59
1795.21
1794.82
1794.42
1794.01
1793.59
1793.17
1792.74
1792.31
1791.87
1791.44
1790.99
1790.55
1790.09
1789.63
1789.17
1788.7
1788.22
1787.74
1787.26
1786.77
1786.28
1785.79
1785.29
1784.79
1784.28
1783.77
1783.24
1782.71
1782.16
1781.59
1781.01
1780.42
1779.81
1779.18
1778.54
1777.88
1777.2
1776.52
1775.81
1775.09
1774.36
1773.62
1772.85
1772.08
1771.29
1770.48
1769.65
1768.81
1767.94
1767.06
1766.14
1765.21
1764.25
1763.26
1762.24
1761.19
1760.11
1759.01
1757.87
1756.69
1755.49
1754.24
1752.97
1751.65
1750.29
1748.9
1747.46
1745.97
1744.43
1742.84
1741.2
1739.51
1737.75
1735.93
1734.04
1732.08
1730.05
1727.93
1725.74
1723.45
1721.08
1718.6
1716.01
1713.31
1710.5
1707.54
1704.46
1701.21
1697.81
1694.22
1690.45
1686.46
1682.24
1677.75
1672.98
1667.87
1662.41
1656.49
1650.11
1643.09
1635.41
1626.75
1617
1605.48
1591.68
1573.82
1550.01
1800.7
1799.32
1799.05
1798.67
1798.32
1797.98
1797.64
1797.31
1796.98
1796.65
1796.31
1795.95
1795.59
1795.21
1794.82
1794.42
1794.01
1793.59
1793.17
1792.74
1792.31
1791.87
1791.43
1790.99
1790.54
1790.09
1789.63
1789.16
1788.69
1788.22
1787.73
1787.25
1786.77
1786.28
1785.79
1785.29
1784.79
1784.29
1783.78
1783.25
1782.72
1782.17
1781.61
1781.03
1780.43
1779.82
1779.2
1778.55
1777.89
1777.22
1776.53
1775.83
1775.11
1774.38
1773.63
1772.87
1772.09
1771.3
1770.5
1769.67
1768.83
1767.96
1767.08
1766.17
1765.23
1764.27
1763.28
1762.26
1761.22
1760.14
1759.03
1757.89
1756.72
1755.51
1754.27
1752.99
1751.68
1750.32
1748.93
1747.49
1746
1744.46
1742.88
1741.24
1739.54
1737.78
1735.96
1734.08
1732.12
1730.09
1727.98
1725.78
1723.5
1721.13
1718.65
1716.07
1713.37
1710.55
1707.6
1704.52
1701.28
1697.88
1694.3
1690.53
1686.53
1682.32
1677.83
1673.07
1667.97
1662.51
1656.6
1650.23
1643.22
1635.54
1626.89
1617.13
1605.59
1591.72
1573.59
1549.16
1800.7
1799.31
1799.04
1798.65
1798.31
1797.96
1797.63
1797.3
1796.98
1796.64
1796.3
1795.95
1795.59
1795.22
1794.83
1794.43
1794.02
1793.6
1793.17
1792.74
1792.31
1791.87
1791.43
1790.99
1790.54
1790.09
1789.63
1789.16
1788.69
1788.21
1787.73
1787.25
1786.76
1786.27
1785.79
1785.29
1784.8
1784.29
1783.78
1783.26
1782.73
1782.18
1781.62
1781.04
1780.45
1779.84
1779.21
1778.57
1777.91
1777.24
1776.55
1775.84
1775.12
1774.39
1773.64
1772.88
1772.11
1771.32
1770.51
1769.69
1768.85
1767.98
1767.1
1766.19
1765.25
1764.29
1763.3
1762.29
1761.24
1760.17
1759.06
1757.92
1756.75
1755.54
1754.3
1753.02
1751.7
1750.35
1748.95
1747.51
1746.03
1744.5
1742.91
1741.27
1739.58
1737.82
1736
1734.12
1732.16
1730.13
1728.02
1725.83
1723.55
1721.17
1718.7
1716.12
1713.42
1710.61
1707.66
1704.58
1701.34
1697.95
1694.37
1690.6
1686.61
1682.41
1677.92
1673.17
1668.06
1662.62
1656.71
1650.35
1643.35
1635.68
1627.03
1617.28
1605.72
1591.78
1573.39
1548.32
1800.7
1799.31
1799.03
1798.65
1798.3
1797.95
1797.62
1797.29
1796.97
1796.64
1796.3
1795.95
1795.59
1795.22
1794.83
1794.43
1794.02
1793.6
1793.17
1792.74
1792.31
1791.87
1791.43
1790.99
1790.54
1790.09
1789.63
1789.16
1788.69
1788.21
1787.73
1787.25
1786.76
1786.27
1785.79
1785.29
1784.8
1784.3
1783.79
1783.27
1782.74
1782.19
1781.63
1781.06
1780.47
1779.86
1779.23
1778.59
1777.93
1777.25
1776.56
1775.86
1775.14
1774.4
1773.66
1772.9
1772.12
1771.33
1770.53
1769.71
1768.86
1768
1767.12
1766.21
1765.28
1764.32
1763.33
1762.31
1761.27
1760.19
1759.08
1757.94
1756.77
1755.56
1754.32
1753.05
1751.73
1750.38
1748.98
1747.54
1746.06
1744.53
1742.94
1741.31
1739.61
1737.86
1736.04
1734.16
1732.2
1730.17
1728.07
1725.88
1723.6
1721.22
1718.75
1716.17
1713.48
1710.67
1707.72
1704.64
1701.41
1698.02
1694.44
1690.68
1686.69
1682.49
1678.01
1673.26
1668.16
1662.72
1656.82
1650.47
1643.47
1635.81
1627.17
1617.42
1605.85
1591.86
1573.22
1547.51
1800.71
1799.3
1799.03
1798.64
1798.29
1797.94
1797.61
1797.29
1796.96
1796.64
1796.3
1795.95
1795.59
1795.22
1794.83
1794.43
1794.02
1793.6
1793.18
1792.75
1792.31
1791.88
1791.44
1790.99
1790.54
1790.09
1789.63
1789.16
1788.69
1788.21
1787.73
1787.25
1786.76
1786.27
1785.79
1785.3
1784.8
1784.3
1783.8
1783.28
1782.75
1782.21
1781.65
1781.07
1780.48
1779.87
1779.25
1778.6
1777.94
1777.27
1776.58
1775.87
1775.15
1774.42
1773.67
1772.91
1772.14
1771.35
1770.54
1769.72
1768.88
1768.02
1767.14
1766.23
1765.3
1764.34
1763.35
1762.34
1761.29
1760.21
1759.11
1757.97
1756.8
1755.59
1754.35
1753.07
1751.76
1750.4
1749.01
1747.57
1746.09
1744.56
1742.97
1741.34
1739.65
1737.89
1736.08
1734.2
1732.24
1730.22
1728.11
1725.92
1723.64
1721.27
1718.8
1716.22
1713.53
1710.72
1707.78
1704.7
1701.47
1698.08
1694.51
1690.75
1686.77
1682.57
1678.1
1673.35
1668.26
1662.83
1656.93
1650.59
1643.6
1635.95
1627.32
1617.57
1605.99
1591.95
1573.08
1546.71
1800.71
1799.3
1799.02
1798.63
1798.28
1797.94
1797.61
1797.28
1796.96
1796.63
1796.3
1795.95
1795.6
1795.23
1794.84
1794.44
1794.03
1793.61
1793.18
1792.75
1792.32
1791.88
1791.44
1790.99
1790.54
1790.09
1789.63
1789.16
1788.69
1788.21
1787.73
1787.25
1786.76
1786.28
1785.79
1785.3
1784.81
1784.31
1783.8
1783.29
1782.76
1782.22
1781.66
1781.09
1780.5
1779.89
1779.27
1778.62
1777.96
1777.28
1776.59
1775.89
1775.17
1774.43
1773.69
1772.93
1772.15
1771.36
1770.56
1769.74
1768.9
1768.04
1767.15
1766.25
1765.32
1764.36
1763.37
1762.36
1761.31
1760.24
1759.13
1757.99
1756.82
1755.61
1754.37
1753.1
1751.78
1750.43
1749.04
1747.6
1746.12
1744.59
1743.01
1741.37
1739.68
1737.93
1736.11
1734.23
1732.28
1730.26
1728.15
1725.96
1723.69
1721.32
1718.85
1716.28
1713.59
1710.78
1707.84
1704.77
1701.53
1698.15
1694.58
1690.82
1686.85
1682.65
1678.18
1673.44
1668.35
1662.93
1657.04
1650.7
1643.73
1636.08
1627.46
1617.72
1606.14
1592.05
1572.96
1545.94
1800.71
1799.3
1799.02
1798.63
1798.27
1797.93
1797.6
1797.28
1796.96
1796.63
1796.3
1795.96
1795.6
1795.23
1794.84
1794.44
1794.03
1793.61
1793.19
1792.75
1792.32
1791.88
1791.44
1791
1790.55
1790.09
1789.63
1789.16
1788.69
1788.21
1787.73
1787.25
1786.76
1786.28
1785.79
1785.31
1784.82
1784.32
1783.81
1783.3
1782.77
1782.23
1781.68
1781.11
1780.52
1779.91
1779.28
1778.64
1777.98
1777.3
1776.61
1775.9
1775.18
1774.45
1773.7
1772.94
1772.16
1771.38
1770.57
1769.75
1768.91
1768.05
1767.17
1766.27
1765.34
1764.38
1763.39
1762.38
1761.33
1760.26
1759.15
1758.01
1756.84
1755.64
1754.4
1753.12
1751.81
1750.46
1749.06
1747.63
1746.15
1744.62
1743.04
1741.4
1739.71
1737.96
1736.15
1734.27
1732.32
1730.3
1728.19
1726.01
1723.73
1721.37
1718.9
1716.33
1713.64
1710.84
1707.9
1704.83
1701.6
1698.21
1694.65
1690.9
1686.92
1682.73
1678.26
1673.53
1668.45
1663.03
1657.15
1650.82
1643.85
1636.21
1627.6
1617.87
1606.3
1592.17
1572.87
1545.19
1800.72
1799.29
1799.01
1798.62
1798.27
1797.93
1797.6
1797.27
1796.95
1796.63
1796.3
1795.96
1795.6
1795.23
1794.85
1794.45
1794.04
1793.62
1793.19
1792.76
1792.32
1791.89
1791.44
1791
1790.55
1790.1
1789.63
1789.17
1788.69
1788.21
1787.73
1787.25
1786.77
1786.28
1785.8
1785.31
1784.82
1784.33
1783.82
1783.31
1782.79
1782.25
1781.69
1781.12
1780.53
1779.92
1779.3
1778.66
1777.99
1777.32
1776.62
1775.92
1775.19
1774.46
1773.71
1772.95
1772.18
1771.39
1770.59
1769.77
1768.93
1768.07
1767.19
1766.29
1765.36
1764.4
1763.41
1762.4
1761.36
1760.28
1759.17
1758.04
1756.87
1755.66
1754.42
1753.15
1751.83
1750.48
1749.09
1747.66
1746.17
1744.65
1743.07
1741.44
1739.75
1738
1736.19
1734.31
1732.36
1730.34
1728.24
1726.05
1723.78
1721.41
1718.95
1716.38
1713.69
1710.89
1707.95
1704.88
1701.66
1698.28
1694.71
1690.96
1686.99
1682.81
1678.34
1673.61
1668.54
1663.12
1657.25
1650.93
1643.97
1636.34
1627.74
1618.01
1606.45
1592.3
1572.81
1544.49
1800.72
1799.29
1799.01
1798.62
1798.27
1797.92
1797.59
1797.27
1796.95
1796.63
1796.3
1795.96
1795.6
1795.23
1794.85
1794.45
1794.04
1793.62
1793.2
1792.76
1792.33
1791.89
1791.45
1791.01
1790.56
1790.1
1789.64
1789.17
1788.7
1788.22
1787.74
1787.26
1786.77
1786.29
1785.81
1785.32
1784.83
1784.34
1783.83
1783.32
1782.8
1782.26
1781.71
1781.14
1780.55
1779.94
1779.32
1778.67
1778.01
1777.33
1776.64
1775.93
1775.21
1774.47
1773.72
1772.96
1772.19
1771.4
1770.6
1769.78
1768.94
1768.09
1767.21
1766.3
1765.37
1764.42
1763.43
1762.42
1761.38
1760.3
1759.2
1758.06
1756.89
1755.68
1754.45
1753.17
1751.86
1750.51
1749.12
1747.68
1746.2
1744.68
1743.1
1741.47
1739.78
1738.03
1736.22
1734.35
1732.4
1730.38
1728.28
1726.09
1723.82
1721.46
1718.99
1716.43
1713.74
1710.94
1708.01
1704.94
1701.71
1698.34
1694.77
1691.03
1687.06
1682.88
1678.42
1673.69
1668.62
1663.21
1657.35
1651.03
1644.08
1636.46
1627.88
1618.16
1606.61
1592.43
1572.79
1543.81
1800.73
1799.3
1799.01
1798.62
1798.27
1797.92
1797.59
1797.27
1796.95
1796.62
1796.3
1795.96
1795.61
1795.24
1794.85
1794.46
1794.05
1793.63
1793.2
1792.77
1792.33
1791.89
1791.45
1791.01
1790.56
1790.11
1789.64
1789.18
1788.7
1788.22
1787.74
1787.26
1786.78
1786.3
1785.81
1785.33
1784.84
1784.35
1783.85
1783.34
1782.81
1782.28
1781.72
1781.15
1780.56
1779.96
1779.33
1778.69
1778.03
1777.35
1776.65
1775.94
1775.22
1774.49
1773.74
1772.98
1772.2
1771.42
1770.61
1769.8
1768.96
1768.1
1767.22
1766.32
1765.39
1764.44
1763.45
1762.44
1761.4
1760.32
1759.22
1758.08
1756.91
1755.71
1754.47
1753.2
1751.88
1750.53
1749.14
1747.71
1746.23
1744.71
1743.13
1741.5
1739.81
1738.07
1736.26
1734.38
1732.44
1730.42
1728.32
1726.14
1723.86
1721.5
1719.04
1716.47
1713.79
1710.99
1708.06
1704.99
1701.77
1698.39
1694.83
1691.09
1687.12
1682.94
1678.49
1673.77
1668.7
1663.3
1657.44
1651.13
1644.19
1636.58
1628.01
1618.3
1606.76
1592.57
1572.8
1543.21
1800.73
1799.3
1799.01
1798.62
1798.26
1797.92
1797.59
1797.26
1796.94
1796.62
1796.3
1795.96
1795.61
1795.24
1794.86
1794.46
1794.05
1793.63
1793.21
1792.77
1792.34
1791.9
1791.46
1791.01
1790.57
1790.11
1789.65
1789.18
1788.71
1788.23
1787.75
1787.27
1786.79
1786.31
1785.82
1785.34
1784.85
1784.36
1783.86
1783.35
1782.82
1782.29
1781.74
1781.17
1780.58
1779.97
1779.35
1778.7
1778.04
1777.36
1776.67
1775.96
1775.24
1774.5
1773.75
1772.99
1772.21
1771.43
1770.63
1769.81
1768.97
1768.12
1767.24
1766.34
1765.41
1764.46
1763.47
1762.46
1761.42
1760.34
1759.24
1758.1
1756.93
1755.73
1754.49
1753.22
1751.91
1750.56
1749.17
1747.74
1746.26
1744.73
1743.16
1741.53
1739.84
1738.1
1736.29
1734.42
1732.47
1730.45
1728.36
1726.18
1723.91
1721.54
1719.08
1716.52
1713.83
1711.03
1708.1
1705.04
1701.82
1698.44
1694.88
1691.15
1687.18
1683.01
1678.56
1673.84
1668.78
1663.38
1657.53
1651.22
1644.29
1636.69
1628.13
1618.43
1606.92
1592.72
1572.84
1542.68
1800.74
1799.31
1799.01
1798.62
1798.26
1797.91
1797.58
1797.26
1796.94
1796.62
1796.3
1795.96
1795.61
1795.24
1794.86
1794.47
1794.06
1793.64
1793.21
1792.78
1792.34
1791.9
1791.46
1791.02
1790.57
1790.12
1789.66
1789.19
1788.72
1788.24
1787.76
1787.28
1786.8
1786.31
1785.83
1785.35
1784.86
1784.37
1783.87
1783.36
1782.84
1782.3
1781.75
1781.18
1780.59
1779.98
1779.36
1778.72
1778.05
1777.38
1776.68
1775.97
1775.25
1774.51
1773.76
1773
1772.23
1771.44
1770.64
1769.82
1768.99
1768.13
1767.26
1766.35
1765.43
1764.47
1763.49
1762.48
1761.44
1760.37
1759.26
1758.13
1756.96
1755.75
1754.52
1753.24
1751.93
1750.59
1749.2
1747.76
1746.29
1744.76
1743.19
1741.56
1739.88
1738.13
1736.33
1734.45
1732.51
1730.49
1728.39
1726.21
1723.94
1721.58
1719.12
1716.56
1713.87
1711.08
1708.14
1705.08
1701.86
1698.49
1694.93
1691.2
1687.24
1683.07
1678.62
1673.91
1668.85
1663.45
1657.61
1651.31
1644.39
1636.8
1628.25
1618.57
1607.07
1592.88
1572.91
1542.26
1800.75
1799.31
1799.01
1798.62
1798.26
1797.91
1797.58
1797.26
1796.94
1796.62
1796.3
1795.96
1795.61
1795.25
1794.87
1794.47
1794.06
1793.64
1793.22
1792.78
1792.35
1791.91
1791.47
1791.02
1790.57
1790.12
1789.66
1789.19
1788.72
1788.24
1787.76
1787.28
1786.8
1786.32
1785.84
1785.35
1784.87
1784.37
1783.87
1783.36
1782.84
1782.31
1781.76
1781.19
1780.6
1780
1779.37
1778.73
1778.07
1777.39
1776.7
1775.99
1775.26
1774.52
1773.77
1773.01
1772.24
1771.45
1770.65
1769.84
1769
1768.15
1767.27
1766.37
1765.45
1764.49
1763.51
1762.5
1761.46
1760.39
1759.28
1758.15
1756.98
1755.78
1754.54
1753.27
1751.96
1750.61
1749.22
1747.79
1746.32
1744.79
1743.22
1741.59
1739.91
1738.17
1736.36
1734.49
1732.54
1730.53
1728.43
1726.25
1723.98
1721.62
1719.16
1716.59
1713.91
1711.11
1708.18
1705.12
1701.91
1698.54
1694.99
1691.25
1687.3
1683.13
1678.68
1673.97
1668.92
1663.53
1657.69
1651.4
1644.49
1636.91
1628.38
1618.71
1607.24
1593.06
1573.03
1542
1800.75
1799.32
1799.02
1798.62
1798.26
1797.91
1797.58
1797.26
1796.94
1796.62
1796.3
1795.96
1795.61
1795.25
1794.87
1794.47
1794.07
1793.65
1793.22
1792.79
1792.35
1791.91
1791.47
1791.02
1790.58
1790.12
1789.66
1789.2
1788.73
1788.25
1787.77
1787.29
1786.81
1786.32
1785.84
1785.36
1784.87
1784.38
1783.88
1783.37
1782.85
1782.32
1781.77
1781.2
1780.61
1780
1779.38
1778.74
1778.08
1777.4
1776.71
1776
1775.28
1774.54
1773.79
1773.03
1772.25
1771.47
1770.67
1769.85
1769.02
1768.17
1767.29
1766.39
1765.46
1764.51
1763.53
1762.52
1761.48
1760.41
1759.31
1758.17
1757
1755.8
1754.57
1753.29
1751.99
1750.64
1749.25
1747.82
1746.34
1744.82
1743.25
1741.62
1739.94
1738.2
1736.39
1734.52
1732.58
1730.56
1728.46
1726.29
1724.02
1721.66
1719.2
1716.63
1713.95
1711.15
1708.22
1705.17
1701.95
1698.59
1695.04
1691.31
1687.36
1683.19
1678.75
1674.04
1669
1663.62
1657.79
1651.51
1644.61
1637.05
1628.53
1618.87
1607.42
1593.26
1573.18
1541.92
1800.76
1799.33
1799.01
1798.62
1798.26
1797.91
1797.58
1797.26
1796.94
1796.62
1796.3
1795.97
1795.62
1795.25
1794.87
1794.48
1794.07
1793.65
1793.22
1792.79
1792.35
1791.91
1791.47
1791.03
1790.58
1790.12
1789.66
1789.2
1788.73
1788.25
1787.77
1787.29
1786.81
1786.32
1785.84
1785.36
1784.87
1784.38
1783.88
1783.37
1782.85
1782.32
1781.77
1781.2
1780.62
1780.01
1779.39
1778.75
1778.09
1777.41
1776.72
1776.01
1775.29
1774.55
1773.8
1773.04
1772.27
1771.48
1770.68
1769.87
1769.04
1768.18
1767.31
1766.41
1765.48
1764.53
1763.55
1762.54
1761.5
1760.43
1759.33
1758.19
1757.03
1755.83
1754.59
1753.32
1752.01
1750.66
1749.28
1747.85
1746.37
1744.85
1743.28
1741.65
1739.97
1738.23
1736.42
1734.55
1732.61
1730.59
1728.5
1726.32
1724.05
1721.7
1719.23
1716.67
1713.99
1711.2
1708.28
1705.22
1702.01
1698.65
1695.1
1691.37
1687.41
1683.24
1678.8
1674.1
1669.06
1663.69
1657.87
1651.6
1644.7
1637.15
1628.64
1618.99
1607.57
1593.42
1573.32
1542.04
1800.76
1799.34
1799.02
1798.62
1798.26
1797.91
1797.58
1797.26
1796.95
1796.63
1796.31
1795.97
1795.62
1795.26
1794.88
1794.48
1794.07
1793.65
1793.22
1792.79
1792.35
1791.91
1791.47
1791.03
1790.58
1790.12
1789.66
1789.2
1788.73
1788.25
1787.77
1787.29
1786.81
1786.33
1785.84
1785.36
1784.87
1784.38
1783.89
1783.38
1782.86
1782.32
1781.77
1781.21
1780.62
1780.02
1779.39
1778.75
1778.09
1777.42
1776.73
1776.02
1775.3
1774.56
1773.82
1773.05
1772.28
1771.5
1770.7
1769.89
1769.05
1768.2
1767.33
1766.43
1765.5
1764.55
1763.57
1762.57
1761.53
1760.45
1759.35
1758.22
1757.05
1755.85
1754.61
1753.34
1752.03
1750.69
1749.3
1747.87
1746.4
1744.88
1743.3
1741.68
1740
1738.26
1736.45
1734.58
1732.64
1730.63
1728.54
1726.37
1724.1
1721.75
1719.29
1716.74
1714.06
1711.28
1708.36
1705.31
1702.11
1698.75
1695.2
1691.48
1687.53
1683.36
1678.93
1674.24
1669.21
1663.85
1658.04
1651.77
1644.89
1637.34
1628.86
1619.23
1607.83
1593.71
1573.58
1542.45
1800.76
1799.34
1799.02
1798.62
1798.26
1797.91
1797.59
1797.27
1796.95
1796.64
1796.32
1795.98
1795.63
1795.27
1794.88
1794.49
1794.08
1793.65
1793.22
1792.79
1792.35
1791.91
1791.47
1791.03
1790.58
1790.12
1789.66
1789.2
1788.73
1788.25
1787.77
1787.29
1786.81
1786.33
1785.84
1785.36
1784.87
1784.38
1783.89
1783.38
1782.86
1782.33
1781.78
1781.21
1780.62
1780.02
1779.4
1778.76
1778.1
1777.42
1776.73
1776.03
1775.31
1774.58
1773.83
1773.07
1772.3
1771.52
1770.72
1769.9
1769.07
1768.22
1767.34
1766.45
1765.52
1764.57
1763.59
1762.58
1761.54
1760.47
1759.37
1758.24
1757.07
1755.87
1754.63
1753.36
1752.06
1750.71
1749.32
1747.89
1746.42
1744.9
1743.33
1741.7
1740.02
1738.27
1736.47
1734.6
1732.66
1730.65
1728.56
1726.39
1724.13
1721.79
1719.34
1716.79
1714.12
1711.34
1708.42
1705.37
1702.16
1698.8
1695.26
1691.55
1687.61
1683.47
1679.05
1674.37
1669.34
1663.97
1658.16
1651.9
1645.02
1637.49
1629.01
1619.39
1608.02
1593.89
1573.76
1542.8
1800.75
1799.35
1799.02
1798.63
1798.27
1797.92
1797.59
1797.28
1796.97
1796.65
1796.33
1795.99
1795.64
1795.28
1794.9
1794.5
1794.08
1793.66
1793.23
1792.8
1792.36
1791.92
1791.48
1791.04
1790.59
1790.13
1789.67
1789.21
1788.73
1788.26
1787.78
1787.29
1786.81
1786.33
1785.85
1785.36
1784.88
1784.39
1783.89
1783.38
1782.86
1782.33
1781.78
1781.21
1780.63
1780.02
1779.4
1778.76
1778.1
1777.43
1776.73
1776.03
1775.31
1774.58
1773.84
1773.09
1772.32
1771.54
1770.74
1769.92
1769.09
1768.24
1767.36
1766.47
1765.54
1764.59
1763.61
1762.6
1761.56
1760.49
1759.39
1758.26
1757.09
1755.89
1754.66
1753.39
1752.08
1750.73
1749.35
1747.92
1746.45
1744.93
1743.36
1741.73
1740.05
1738.31
1736.51
1734.65
1732.71
1730.7
1728.61
1726.45
1724.19
1721.85
1719.4
1716.86
1714.19
1711.42
1708.51
1705.46
1702.26
1698.91
1695.37
1691.66
1687.73
1683.59
1679.18
1674.5
1669.47
1664.12
1658.31
1652.06
1645.2
1637.67
1629.22
1619.62
1608.29
1594.22
1574.1
1543.53
1800.74
1799.35
1799.02
1798.64
1798.27
1797.93
1797.6
1797.28
1796.97
1796.66
1796.34
1796
1795.65
1795.29
1794.91
1794.51
1794.1
1793.67
1793.24
1792.81
1792.37
1791.93
1791.49
1791.05
1790.6
1790.14
1789.68
1789.21
1788.73
1788.25
1787.77
1787.29
1786.81
1786.33
1785.84
1785.36
1784.87
1784.38
1783.89
1783.38
1782.86
1782.33
1781.78
1781.21
1780.63
1780.02
1779.4
1778.76
1778.1
1777.42
1776.73
1776.03
1775.31
1774.59
1773.85
1773.1
1772.34
1771.55
1770.76
1769.94
1769.11
1768.26
1767.38
1766.48
1765.56
1764.6
1763.61
1762.59
1761.55
1760.48
1759.38
1758.24
1757.07
1755.87
1754.63
1753.36
1752.05
1750.71
1749.32
1747.89
1746.42
1744.89
1743.32
1741.7
1740.02
1738.28
1736.48
1734.62
1732.68
1730.68
1728.59
1726.42
1724.17
1721.82
1719.37
1716.83
1714.17
1711.39
1708.48
1705.43
1702.23
1698.88
1695.34
1691.63
1687.7
1683.55
1679.14
1674.46
1669.44
1664.08
1658.28
1652.03
1645.17
1637.65
1629.2
1619.61
1608.29
1594.28
1574.1
1544.1
1800.74
1799.38
1799.03
1798.65
1798.29
1797.94
1797.61
1797.3
1796.99
1796.67
1796.35
1796.02
1795.67
1795.31
1794.93
1794.53
1794.12
1793.69
1793.26
1792.83
1792.39
1791.95
1791.51
1791.07
1790.62
1790.17
1789.7
1789.22
1788.74
1788.27
1787.79
1787.3
1786.82
1786.34
1785.86
1785.37
1784.89
1784.4
1783.9
1783.39
1782.87
1782.34
1781.79
1781.22
1780.64
1780.04
1779.41
1778.77
1778.11
1777.44
1776.75
1776.04
1775.33
1774.6
1773.87
1773.12
1772.36
1771.58
1770.78
1769.97
1769.13
1768.28
1767.41
1766.51
1765.59
1764.64
1763.66
1762.65
1761.61
1760.54
1759.44
1758.3
1757.14
1755.94
1754.7
1753.44
1752.13
1750.79
1749.4
1747.97
1746.5
1744.98
1743.42
1741.8
1740.12
1738.39
1736.59
1734.73
1732.79
1730.79
1728.7
1726.54
1724.29
1721.95
1719.51
1716.96
1714.31
1711.54
1708.63
1705.59
1702.4
1699.05
1695.52
1691.82
1687.9
1683.77
1679.37
1674.7
1669.69
1664.35
1658.56
1652.33
1645.49
1637.99
1629.58
1620.03
1608.76
1594.9
1574.87
1546.12
1553.27
1549.99
1546.6
1543.03
1539.29
1535.38
1531.27
1526.98
1522.47
1517.77
1512.89
1507.86
1502.48
1496.88
1491.01
1484.73
1478.25
1471.56
1464.62
1457.41
1449.92
1442.14
1434.08
1425.73
1417.11
1408.22
1399.06
1389.64
1379.97
1370.05
1359.9
1349.53
1338.95
1328.17
1317.21
1306.07
1294.78
1283.35
1271.79
1260.11
1248.33
1236.47
1224.53
1212.53
1200.49
1188.41
1176.31
1164.2
1152.09
1139.99
1127.91
1115.8
1103.71
1091.53
1079.27
1066.88
1054.29
1041.65
1029.07
1016.67
1004.92
993.639
982.702
972.675
963.52
954.528
946.81
940.407
934.616
929.752
926.437
923.125
923.515
924.838
928.03
933.566
941.16
949.342
956.159
964.208
1553.08
1549.78
1546.36
1542.76
1538.99
1535.04
1530.9
1526.56
1521.99
1517.2
1512.12
1506.97
1501.61
1496.05
1490.08
1483.84
1477.33
1470.56
1463.53
1456.23
1448.65
1440.78
1432.64
1424.21
1415.51
1406.54
1397.31
1387.82
1378.09
1368.11
1357.91
1347.5
1336.88
1326.06
1315.07
1303.92
1292.62
1281.17
1269.61
1257.94
1246.17
1234.32
1222.4
1210.42
1198.41
1186.35
1174.28
1162.19
1150.1
1137.99
1125.86
1113.66
1101.41
1089.05
1076.62
1064.14
1051.77
1039.57
1027.87
1016.63
1005.56
995.108
985.01
975.266
966.736
958.859
951.04
945.151
940.605
936.414
934.055
934.938
936.916
938.174
940.82
944.064
946.089
948.731
952.039
958.297
1552.77
1549.43
1545.96
1542.32
1538.5
1534.49
1530.29
1525.89
1521.28
1516.45
1511.41
1506.08
1500.55
1494.8
1488.71
1482.39
1475.77
1468.87
1461.7
1454.26
1446.54
1438.55
1430.28
1421.73
1412.91
1403.83
1394.49
1384.9
1375.07
1365.01
1354.73
1344.24
1333.56
1322.69
1311.66
1300.47
1289.14
1277.68
1266.1
1254.42
1242.65
1230.81
1218.9
1206.94
1194.93
1182.9
1170.83
1158.74
1146.61
1134.42
1122.14
1109.77
1097.3
1084.78
1072.38
1060.15
1048.51
1037.39
1026.69
1016.6
1006.55
996.994
988.488
979.763
971.987
966.178
959.716
954.504
952.561
950.078
948.596
950.443
951.237
950.327
951.124
951.765
951.02
950.045
950.254
951.686
1552.32
1548.92
1545.39
1541.67
1537.78
1533.69
1529.39
1524.89
1520.18
1515.24
1510.08
1504.58
1498.87
1492.88
1486.67
1480.22
1473.45
1466.38
1459.02
1451.39
1443.48
1435.3
1426.85
1418.12
1409.14
1399.89
1390.4
1380.66
1370.69
1360.51
1350.12
1339.54
1328.78
1317.84
1306.75
1295.52
1284.16
1272.67
1261.09
1249.41
1237.65
1225.82
1213.93
1202
1190.02
1178
1165.93
1153.79
1141.54
1129.21
1116.74
1104.24
1091.79
1079.58
1067.92
1056.86
1046.47
1036.8
1027.1
1017.91
1009.49
1000.91
993.948
987.578
980.723
977.166
973.659
969.756
970.208
969.143
966.312
966.459
965.427
962.146
960.128
958.048
955.805
952.8
950.792
949.271
1551.74
1548.26
1544.65
1540.84
1536.84
1532.63
1528.22
1523.58
1518.72
1513.63
1508.29
1502.62
1496.72
1490.51
1484.09
1477.41
1470.42
1463.13
1455.53
1447.66
1439.51
1431.1
1422.41
1413.47
1404.26
1394.81
1385.13
1375.21
1365.09
1354.76
1344.24
1333.55
1322.69
1311.67
1300.52
1289.24
1277.84
1266.34
1254.75
1243.07
1231.33
1219.52
1207.65
1195.73
1183.75
1171.7
1159.54
1147.28
1134.87
1122.42
1109.96
1097.73
1086.05
1074.96
1064.71
1055.31
1045.96
1037.35
1029.26
1021.05
1014.57
1008.17
1002.22
998.927
994.334
992.322
991.814
988.49
987.763
986.761
982.703
979.168
976.231
972.206
967.832
963.825
960.112
956.509
953.315
949.522
1551.05
1547.46
1543.75
1539.82
1535.7
1531.35
1526.79
1521.98
1516.94
1511.64
1506.08
1500.21
1494.07
1487.61
1480.91
1473.95
1466.69
1459.12
1451.25
1443.09
1434.65
1425.95
1416.99
1407.78
1398.32
1388.63
1378.72
1368.61
1358.3
1347.8
1337.14
1326.32
1315.36
1304.26
1293.04
1281.71
1270.28
1258.76
1247.17
1235.5
1223.76
1211.96
1200.1
1188.16
1176.12
1163.96
1151.66
1139.29
1126.89
1114.68
1103
1091.88
1081.81
1072.59
1063.54
1055.46
1047.5
1039.72
1033.76
1027.44
1022.37
1019.17
1014.86
1013.91
1012.44
1009.69
1009.2
1006.52
1002.47
999.51
995.45
990.42
985.532
980.831
975.989
971.252
966.46
961.934
957.907
951.594
1550.24
1546.54
1542.71
1538.64
1534.36
1529.85
1525.1
1520.1
1514.83
1509.29
1503.48
1497.37
1490.93
1484.17
1477.14
1469.84
1462.25
1454.36
1446.16
1437.67
1428.9
1419.87
1410.59
1401.07
1391.33
1381.37
1371.22
1360.87
1350.36
1339.69
1328.87
1317.92
1306.84
1295.66
1284.37
1272.99
1261.53
1249.99
1238.39
1226.71
1214.97
1203.16
1191.25
1179.23
1167.08
1154.81
1142.57
1130.44
1118.81
1107.76
1097.79
1088.66
1079.99
1072.38
1064.54
1057.33
1051.62
1045.33
1041.15
1037.91
1034.16
1033.8
1031.93
1029.81
1029.18
1025.93
1022.4
1019.18
1014.58
1009.64
1004.83
999.919
994.789
989.455
983.975
978.621
973.207
967.798
962.863
954.7
1549.34
1545.5
1541.53
1537.3
1532.85
1528.14
1523.17
1517.92
1512.4
1506.58
1500.47
1494.05
1487.27
1480.17
1472.77
1465.08
1457.1
1448.83
1440.26
1431.39
1422.25
1412.85
1403.22
1393.37
1383.31
1373.06
1362.64
1352.06
1341.33
1330.47
1319.49
1308.4
1297.21
1285.94
1274.58
1263.15
1251.66
1240.09
1228.47
1216.77
1204.99
1193.1
1181.11
1168.99
1156.86
1144.78
1133.23
1122.24
1112.32
1103.48
1095.42
1088.09
1080.56
1074.1
1068.32
1062.34
1058.89
1055.1
1052.37
1052.29
1049.83
1048.52
1047.78
1044.18
1041.09
1037.88
1033.25
1028.57
1023.91
1018.97
1013.78
1008.43
1003.04
997.553
991.79
985.831
979.77
973.609
968.197
959.035
1548.34
1544.34
1540.21
1535.8
1531.14
1526.2
1520.98
1515.46
1509.64
1503.5
1497.08
1490.25
1483.09
1475.59
1467.78
1459.65
1451.24
1442.52
1433.52
1424.24
1414.69
1404.9
1394.88
1384.67
1374.27
1363.72
1353.02
1342.19
1331.24
1320.19
1309.05
1297.82
1286.53
1275.16
1263.73
1252.25
1240.71
1229.11
1217.44
1205.68
1193.84
1181.89
1169.94
1158.03
1146.55
1135.75
1125.88
1117.14
1109.23
1102.1
1095.38
1089.48
1083.66
1078.64
1075.33
1071.22
1070.09
1069.07
1066.49
1066.35
1064.74
1060.97
1058.63
1055.37
1050.78
1046.48
1042.1
1037.3
1032.23
1027.06
1021.74
1016.23
1010.44
1004.49
998.4
992.226
985.932
979.357
973.47
963.494
1547.26
1543.08
1538.76
1534.15
1529.25
1524.05
1518.54
1512.7
1506.54
1500.04
1493.21
1485.95
1478.35
1470.41
1462.13
1453.52
1444.61
1435.41
1425.93
1416.19
1406.2
1395.98
1385.56
1374.97
1364.23
1353.36
1342.38
1331.29
1320.13
1308.89
1297.58
1286.22
1274.81
1263.36
1251.85
1240.31
1228.71
1217.05
1205.31
1193.49
1181.68
1169.88
1158.42
1147.58
1137.76
1129.36
1121.89
1115.41
1109.3
1103.43
1098.03
1093.76
1089.95
1086.97
1086.41
1084.12
1083.33
1083.04
1079.86
1077.44
1075.23
1071.4
1067.2
1063.3
1059.13
1054.52
1049.7
1044.82
1039.7
1034.3
1028.63
1022.78
1016.79
1010.68
1004.39
997.975
991.453
984.683
978.601
968.122
1546.09
1541.71
1537.19
1532.33
1527.17
1521.67
1515.83
1509.64
1503.08
1496.19
1488.85
1481.12
1473.04
1464.59
1455.79
1446.65
1437.2
1427.46
1417.46
1407.22
1396.75
1386.09
1375.26
1364.28
1353.19
1342
1330.73
1319.39
1308.01
1296.58
1285.11
1273.62
1262.1
1250.55
1238.98
1227.35
1215.71
1204
1192.31
1180.74
1169.44
1158.74
1149.03
1140.57
1133.08
1126.73
1120.98
1115.86
1111.43
1107.26
1103.79
1101.87
1100.01
1099.11
1099.24
1096.99
1094.9
1093.45
1090.17
1086.48
1083.03
1079.12
1075.09
1070.72
1066.11
1061.52
1056.64
1051.43
1045.98
1040.37
1034.56
1028.57
1022.37
1016.05
1009.6
1003.06
996.42
989.482
983.221
972.377
1544.84
1540.24
1535.49
1530.36
1524.9
1519.06
1512.84
1506.24
1499.25
1491.86
1484
1475.74
1467.1
1458.08
1448.7
1438.98
1428.94
1418.63
1408.07
1397.3
1386.33
1375.21
1363.95
1352.59
1341.14
1329.63
1318.08
1306.5
1294.9
1283.29
1271.67
1260.05
1248.43
1236.77
1225.13
1213.46
1201.8
1190.29
1178.95
1168.27
1158.34
1149.83
1142.97
1137.46
1132.21
1127.44
1123.14
1119.03
1116.52
1114.53
1113.4
1113.66
1111.94
1110.81
1110.13
1107.23
1104.01
1101.39
1097.93
1093.92
1090.22
1086.11
1081.69
1077.34
1072.64
1067.58
1062.37
1057.02
1051.44
1045.66
1039.68
1033.54
1027.23
1020.79
1014.2
1007.5
1000.73
993.699
987.374
976.318
1543.52
1538.67
1533.66
1528.22
1522.42
1516.2
1509.56
1502.49
1495.03
1487.04
1478.6
1469.75
1460.49
1450.84
1440.83
1430.47
1419.81
1408.88
1397.73
1386.39
1374.92
1363.32
1351.64
1339.89
1328.1
1316.28
1304.45
1292.63
1280.82
1269.03
1257.28
1245.52
1233.8
1222.12
1210.47
1199.04
1187.83
1177.24
1167.62
1159.08
1151.9
1145.9
1140.83
1136.95
1133.44
1130.12
1127.88
1125.61
1125.31
1125.31
1124.03
1124.12
1122.58
1119.81
1118.09
1115.15
1111.45
1108.07
1104.66
1100.7
1096.5
1092.36
1087.85
1082.97
1077.97
1072.83
1067.45
1061.87
1056.11
1050.21
1044.13
1037.88
1031.45
1024.88
1018.18
1011.39
1004.54
997.41
990.996
979.772
1542.12
1536.99
1531.69
1525.92
1519.72
1513.06
1505.95
1498.38
1490.31
1481.69
1472.62
1463.1
1453.15
1442.8
1432.09
1421.05
1409.72
1398.15
1386.39
1374.49
1362.48
1350.42
1338.3
1326.18
1314.04
1301.93
1289.83
1277.78
1265.79
1253.82
1241.94
1230.13
1218.35
1206.82
1195.49
1184.67
1174.77
1165.9
1158.92
1153.67
1149.55
1146.09
1142.33
1139.12
1137.11
1135.91
1136.36
1135.88
1135.21
1135.53
1133.54
1131.88
1130.48
1127.27
1124.45
1121.56
1118.05
1114.4
1110.56
1106.58
1102.32
1097.67
1092.88
1087.95
1082.76
1077.35
1071.8
1066.11
1060.24
1054.19
1047.96
1041.59
1035.07
1028.43
1021.66
1014.79
1007.84
1000.61
994.132
982.791
1540.65
1535.21
1529.59
1523.42
1516.79
1509.64
1501.98
1493.84
1485.08
1475.77
1465.98
1455.72
1445.01
1433.91
1422.43
1410.66
1398.62
1386.4
1374.01
1361.54
1349.01
1336.47
1323.93
1311.43
1298.98
1286.56
1274.24
1261.96
1249.82
1237.75
1225.8
1214.13
1202.71
1191.92
1182.05
1173.32
1166.16
1160.22
1155.42
1152.05
1149.65
1147.58
1145.66
1144.35
1144.85
1144.7
1145.22
1145.5
1143.62
1142.85
1141.15
1138.17
1136.28
1133.55
1130.33
1127.23
1123.67
1119.91
1115.96
1111.61
1107.06
1102.38
1097.41
1092.21
1086.86
1081.36
1075.68
1069.81
1063.77
1057.59
1051.26
1044.81
1038.21
1031.5
1024.66
1017.72
1010.7
1003.39
996.834
985.385
1539.11
1533.32
1527.33
1520.73
1513.6
1505.89
1497.65
1488.79
1479.28
1469.21
1458.62
1447.54
1436
1424.07
1411.79
1399.24
1386.48
1373.56
1360.57
1347.51
1334.48
1321.46
1308.54
1295.65
1282.9
1270.21
1257.66
1245.27
1232.97
1221.02
1209.26
1198.01
1187.77
1178.36
1170.58
1165.02
1161.21
1158.6
1156.15
1153.76
1151.79
1151.93
1152.74
1152.87
1153.97
1153.44
1152.53
1152.63
1150.69
1148.6
1147.05
1144.12
1141.47
1138.83
1135.63
1132.26
1128.66
1124.65
1120.42
1116.02
1111.34
1106.39
1101.28
1096.01
1090.52
1084.84
1078.99
1072.99
1066.84
1060.55
1054.12
1047.57
1040.91
1034.15
1027.25
1020.23
1013.14
1005.76
999.147
987.623
1537.49
1531.31
1524.92
1517.82
1510.13
1501.8
1492.87
1483.19
1472.86
1461.93
1450.46
1438.47
1426.03
1413.21
1400.08
1386.72
1373.22
1359.62
1346.01
1332.39
1318.86
1305.4
1292.05
1278.85
1265.77
1252.91
1240.18
1227.84
1215.72
1204.25
1193.75
1184.14
1176.71
1170.45
1165.44
1162.03
1160.06
1158.99
1157.84
1157.67
1157.66
1158.87
1160.75
1160.73
1160.98
1160.5
1158.38
1157.75
1156.28
1153.69
1151.89
1149.33
1146.36
1143.42
1140.17
1136.62
1132.8
1128.76
1124.41
1119.77
1114.95
1109.95
1104.72
1099.27
1093.64
1087.85
1081.89
1075.77
1069.5
1063.1
1056.59
1049.98
1043.24
1036.4
1029.44
1022.36
1015.21
1007.78
1001.13
989.534
1535.81
1529.19
1522.33
1514.67
1506.34
1497.31
1487.55
1476.99
1465.74
1453.86
1441.4
1428.41
1415.01
1401.23
1387.23
1373.04
1358.79
1344.52
1330.28
1316.15
1302.1
1288.23
1274.5
1261
1247.72
1234.75
1222.16
1210.09
1198.79
1188.47
1179.78
1173.05
1168.44
1166.04
1164.84
1163.15
1161.44
1161.83
1162.8
1164.84
1165.47
1166.37
1167.52
1166.91
1166.27
1166.02
1163.8
1162.22
1160.92
1158.41
1156.22
1153.76
1150.71
1147.51
1144.06
1140.38
1136.47
1132.25
1127.79
1123.11
1118.17
1112.99
1107.63
1102.1
1096.38
1090.47
1084.39
1078.17
1071.8
1065.33
1058.74
1052.04
1045.23
1038.31
1031.28
1024.15
1016.96
1009.49
1002.81
991.158
1534.06
1526.93
1519.56
1511.25
1502.19
1492.38
1481.64
1470.09
1457.82
1444.87
1431.33
1417.28
1402.82
1388.08
1373.15
1358.15
1343.14
1328.21
1313.39
1298.7
1284.22
1269.93
1255.93
1242.23
1228.93
1216.28
1204.41
1193.63
1184.68
1177.57
1172.01
1168.67
1165.79
1165.13
1165.14
1165.3
1166
1167.67
1169.32
1171.54
1172.12
1172.05
1172.38
1171.67
1170.42
1170.18
1168.6
1166.39
1164.87
1162.56
1160.05
1157.47
1154.43
1151.08
1147.5
1143.65
1139.59
1135.31
1130.76
1125.94
1120.89
1115.64
1110.18
1104.53
1098.7
1092.7
1086.55
1080.25
1073.81
1067.25
1060.57
1053.79
1046.9
1039.92
1032.83
1025.65
1018.42
1010.92
1004.21
992.523
1532.22
1524.53
1516.56
1507.52
1497.61
1486.87
1475.07
1462.44
1448.99
1434.88
1420.12
1404.96
1389.38
1373.65
1357.79
1341.97
1326.24
1310.64
1295.26
1280.06
1265.19
1250.61
1236.44
1222.93
1210.02
1198.29
1187.97
1179.18
1173.01
1169.75
1168.15
1167.76
1166.69
1166.79
1168.29
1170.51
1173.03
1174.33
1175.33
1176.72
1177.24
1176.67
1176.51
1175.95
1174.26
1173.74
1172.62
1170.33
1168.4
1166.1
1163.44
1160.67
1157.61
1154.19
1150.47
1146.51
1142.33
1137.91
1133.27
1128.39
1123.26
1117.9
1112.34
1106.61
1100.7
1094.64
1088.4
1082.02
1075.51
1068.89
1062.14
1055.29
1048.31
1041.25
1034.11
1026.89
1019.65
1012.12
1005.39
993.648
1530.31
1521.97
1513.32
1503.44
1492.66
1480.71
1467.76
1453.84
1439.15
1423.69
1407.71
1391.27
1374.62
1357.82
1341.08
1324.43
1308
1291.77
1275.83
1260.27
1245.04
1230.54
1216.57
1203.97
1192.76
1183.6
1176.72
1171.94
1168.5
1167.24
1167.49
1168.11
1169.4
1171.24
1173.8
1176.16
1178.66
1179.48
1179.9
1180.45
1181
1180.46
1179.93
1179.63
1177.91
1176.85
1175.83
1173.75
1171.55
1169.16
1166.4
1163.48
1160.32
1156.85
1153.06
1148.99
1144.68
1140.18
1135.45
1130.48
1125.26
1119.83
1114.2
1108.39
1102.4
1096.26
1089.97
1083.54
1076.96
1070.27
1063.44
1056.51
1049.48
1042.37
1035.19
1027.94
1020.65
1013.1
1006.35
994.589
1528.32
1519.22
1509.78
1498.96
1487.03
1473.82
1459.53
1444.24
1428.08
1411.23
1393.86
1376.19
1358.34
1340.59
1322.89
1305.56
1288.31
1271.64
1255.12
1239.48
1224.24
1210.25
1197.5
1186.44
1177.74
1171.67
1168.54
1168.64
1168.43
1168.03
1169.04
1171.63
1174.63
1177.47
1179.34
1180.81
1182.67
1183.54
1183.82
1183.83
1184.26
1183.82
1182.99
1182.74
1181.27
1179.69
1178.52
1176.63
1174.35
1171.84
1168.99
1165.92
1162.65
1159.1
1155.25
1151.12
1146.73
1142.11
1137.28
1132.24
1126.96
1121.46
1115.76
1109.88
1103.83
1097.63
1091.28
1084.79
1078.16
1071.4
1064.52
1057.54
1050.46
1043.31
1036.09
1028.8
1021.51
1013.94
1007.17
995.373
1526.24
1516.27
1505.91
1493.96
1480.73
1466.1
1450.29
1433.39
1415.69
1397.26
1378.5
1359.49
1340.54
1321.78
1303.25
1285.12
1267.31
1250.1
1233.57
1218.05
1203.77
1191.56
1181.96
1174.72
1170.14
1167.24
1166.69
1167.33
1169.04
1171.23
1173.59
1176.76
1179.37
1182.12
1183.3
1184.36
1185.74
1186.57
1187.08
1186.88
1187.07
1186.78
1185.71
1185.3
1184.15
1182.35
1180.88
1179.01
1176.74
1174.17
1171.26
1168.07
1164.67
1161.03
1157.13
1152.95
1148.49
1143.79
1138.86
1133.73
1128.39
1122.84
1117.09
1111.16
1105.05
1098.8
1092.39
1085.86
1079.18
1072.38
1065.45
1058.43
1051.32
1044.15
1036.9
1029.59
1022.26
1014.66
1007.89
996.103
1524.05
1513.07
1501.62
1488.45
1473.62
1457.38
1439.8
1421.18
1401.69
1381.68
1361.43
1341.12
1321.11
1301.3
1282.09
1263.1
1244.99
1227.72
1211.61
1197.33
1184.94
1175.48
1169.1
1166.23
1166.69
1166.7
1167.1
1169.06
1172.58
1176.13
1178.92
1181.15
1182.96
1185.36
1186.45
1187.55
1188.51
1189.16
1189.86
1189.6
1189.55
1189.34
1188.12
1187.51
1186.51
1184.73
1182.99
1181.04
1178.73
1176.14
1173.19
1169.92
1166.4
1162.67
1158.7
1154.47
1149.95
1145.18
1140.17
1134.96
1129.56
1123.97
1118.17
1112.2
1106.05
1099.75
1093.29
1086.71
1079.98
1073.14
1066.18
1059.13
1051.99
1044.78
1037.49
1030.13
1022.77
1015.14
1008.32
996.482
1521.76
1509.58
1496.86
1482.14
1465.58
1447.42
1427.89
1407.29
1386
1364.22
1342.58
1320.92
1299.94
1279.16
1259.24
1239.83
1221.72
1205.32
1191.09
1179.82
1172.3
1167.2
1164.27
1164.32
1165.21
1167.55
1170.45
1173.42
1177.04
1179.99
1182.77
1184.38
1185.8
1187.94
1189.02
1190.25
1190.96
1191.42
1192.19
1191.98
1191.72
1191.54
1190.35
1189.46
1188.46
1186.79
1184.91
1182.82
1180.45
1177.8
1174.83
1171.52
1167.92
1164.1
1160.06
1155.77
1151.21
1146.37
1141.3
1136.03
1130.58
1124.94
1119.11
1113.11
1106.92
1100.59
1094.09
1087.47
1080.71
1073.83
1066.85
1059.77
1052.61
1045.36
1038.03
1030.63
1023.23
1015.56
1008.71
996.813
1519.31
1505.75
1491.45
1474.96
1456.35
1436.05
1414.26
1391.61
1368.23
1344.9
1321.65
1298.95
1276.85
1255.39
1234.82
1215.91
1198.95
1184.38
1173.39
1165.57
1162.69
1163.19
1163.38
1164.44
1167.14
1171.12
1174.93
1177.71
1180.41
1182.74
1185.49
1187.04
1188.44
1190.2
1191.23
1192.51
1193.13
1193.46
1194.17
1194.01
1193.6
1193.39
1192.33
1191.2
1190.11
1188.51
1186.57
1184.38
1181.9
1179.19
1176.19
1172.86
1169.22
1165.32
1161.2
1156.85
1152.24
1147.37
1142.26
1136.94
1131.42
1125.74
1119.87
1113.83
1107.61
1101.23
1094.69
1088.01
1081.21
1074.29
1067.28
1060.18
1052.97
1045.68
1038.31
1030.88
1023.46
1015.79
1008.95
997.063
1516.69
1501.5
1485.37
1466.66
1445.72
1422.91
1398.65
1373.72
1348.3
1323.32
1298.69
1274.94
1251.89
1230.2
1209.7
1192.68
1179.31
1169.07
1163.87
1160.26
1160.35
1161.43
1164.33
1167.82
1171.25
1175.02
1178.18
1180.84
1182.97
1185
1187.69
1189.27
1190.81
1192.2
1193.13
1194.41
1195.07
1195.37
1195.94
1195.81
1195.29
1195.02
1194.08
1192.82
1191.58
1189.98
1188.02
1185.75
1183.19
1180.41
1177.36
1174.02
1170.35
1166.39
1162.2
1157.79
1153.14
1148.25
1143.12
1137.76
1132.2
1126.46
1120.55
1114.47
1108.22
1101.79
1095.2
1088.47
1081.62
1074.67
1067.62
1060.49
1053.26
1045.95
1038.57
1031.12
1023.68
1016.02
1009.23
997.427
1513.83
1496.76
1478.33
1457.02
1433.35
1407.63
1380.77
1353.37
1325.99
1299.45
1273.45
1249.12
1225.09
1204.66
1186.18
1172.33
1162.8
1157.81
1158.43
1158.84
1160.26
1163.42
1167.75
1171.84
1174.81
1177.8
1180.42
1183.25
1185.28
1187.16
1189.61
1191.22
1192.88
1194.06
1194.87
1196.07
1196.77
1197.07
1197.48
1197.32
1196.76
1196.42
1195.57
1194.27
1192.87
1191.2
1189.2
1186.9
1184.29
1181.44
1178.35
1174.97
1171.28
1167.28
1163.01
1158.52
1153.83
1148.9
1143.73
1138.32
1132.7
1126.89
1120.91
1114.77
1108.46
1101.98
1095.34
1088.57
1081.69
1074.71
1067.63
1060.46
1053.21
1045.87
1038.47
1031.01
1023.57
1015.88
1009.03
997.078
1510.61
1491.31
1470.12
1445.71
1418.87
1389.89
1360.23
1330.39
1301.04
1273.33
1245.97
1221.72
1198.18
1180.44
1168.41
1160.3
1155.78
1155.17
1156.24
1159.45
1163.45
1167.29
1171.23
1174.66
1177.42
1179.97
1182.36
1185.32
1187.33
1189.18
1191.3
1192.88
1194.61
1195.75
1196.49
1197.61
1198.28
1198.57
1198.83
1198.63
1198.03
1197.62
1196.8
1195.49
1193.97
1192.2
1190.15
1187.82
1185.2
1182.31
1179.18
1175.79
1172.09
1168.06
1163.73
1159.17
1154.42
1149.45
1144.23
1138.76
1133.07
1127.19
1121.16
1114.99
1108.65
1102.15
1095.48
1088.69
1081.79
1074.8
1067.7
1060.52
1053.24
1045.87
1038.43
1030.97
1023.55
1015.86
1009.01
996.991
1506.87
1485.12
1460.39
1432.36
1401.66
1369.3
1336.53
1304.6
1273.37
1244.9
1217.06
1193.59
1174.57
1160.69
1153.8
1152.84
1153.6
1154.97
1158.17
1162.73
1167.27
1170.54
1173.65
1176.51
1179.43
1181.88
1184.18
1187.04
1189.05
1190.95
1192.72
1194.22
1195.97
1197.11
1197.83
1198.85
1199.44
1199.7
1199.86
1199.63
1199.03
1198.55
1197.69
1196.36
1194.78
1192.93
1190.83
1188.47
1185.79
1182.83
1179.62
1176.17
1172.41
1168.32
1163.92
1159.27
1154.43
1149.4
1144.16
1138.71
1133.03
1127.16
1121.12
1114.92
1108.57
1102.07
1095.43
1088.65
1081.77
1074.78
1067.67
1060.48
1053.2
1045.86
1038.45
1031
1023.56
1015.81
1008.95
997.104
1502.43
1477.66
1448.73
1416.29
1381.28
1345.19
1309.59
1275.61
1243.45
1214.39
1188.6
1168.28
1158.71
1152.1
1149.33
1150.23
1153.52
1157.82
1161.85
1165.84
1169.61
1172.59
1175.31
1177.93
1181.02
1183.47
1185.72
1188.32
1190.3
1192.29
1193.84
1195.24
1196.96
1198.1
1198.85
1199.79
1200.24
1200.48
1200.57
1200.34
1199.73
1199.19
1198.32
1197.04
1195.47
1193.6
1191.45
1189.05
1186.34
1183.33
1180.05
1176.53
1172.73
1168.61
1164.17
1159.49
1154.59
1149.54
1144.3
1138.86
1133.2
1127.32
1121.24
1115
1108.61
1102.11
1095.49
1088.76
1081.89
1074.91
1067.79
1060.58
1053.31
1046.05
1038.73
1031.28
1023.81
1016.03
1009.13
997.576
1496.92
1468.6
1434.48
1396.92
1356.93
1317.27
1279.02
1243.86
1211.54
1183.74
1163.62
1149.33
1146.46
1147.05
1148.19
1151.43
1156.06
1161.06
1164.64
1167.72
1170.74
1173.78
1176.49
1179.06
1182.16
1184.59
1186.85
1189.13
1191.08
1193.15
1194.62
1195.95
1197.61
1198.75
1199.57
1200.45
1200.81
1201.01
1201.07
1200.85
1200.37
1199.66
1198.68
1197.4
1195.78
1193.84
1191.65
1189.2
1186.47
1183.45
1180.14
1176.58
1172.75
1168.66
1164.29
1159.64
1154.75
1149.68
1144.42
1138.94
1133.24
1127.33
1121.23
1114.96
1108.54
1102
1095.35
1088.61
1081.74
1074.75
1067.65
1060.47
1053.2
1045.86
1038.46
1031.04
1023.64
1016.06
1009.25
997.255
1490.12
1457.19
1416.83
1373.2
1328
1285.08
1245.02
1209.92
1180.12
1156.68
1148.83
1142.77
1143.1
1145.73
1150.02
1154.38
1158.6
1162.75
1166.04
1168.82
1171.52
1174.66
1177.46
1180.06
1183.02
1185.43
1187.76
1189.83
1191.76
1193.88
1195.35
1196.67
1198.27
1199.4
1200.3
1201.14
1201.46
1201.63
1201.7
1201.55
1200.97
1200.27
1199.42
1198.19
1196.52
1194.53
1192.28
1189.79
1187.03
1184
1180.66
1177.03
1173.15
1169.05
1164.72
1160.13
1155.26
1150.14
1144.82
1139.3
1133.6
1127.7
1121.61
1115.35
1108.93
1102.38
1095.74
1089
1082.14
1075.18
1068.11
1060.99
1053.77
1046.43
1039.02
1031.6
1024.18
1016.61
1009.85
997.811
1481.2
1442.52
1394.5
1344.25
1293.84
1249.07
1208.56
1175.09
1152.79
1137.58
1138.05
1140
1143.06
1147.42
1152.67
1156.87
1160.39
1163.81
1167.18
1170.02
1172.58
1175.76
1178.66
1181.36
1184.14
1186.56
1189.02
1190.99
1192.9
1195.07
1196.6
1197.97
1199.49
1200.61
1201.57
1202.4
1202.71
1202.88
1202.88
1202.71
1202.2
1201.45
1200.42
1199.09
1197.5
1195.6
1193.37
1190.83
1188.03
1184.94
1181.55
1177.87
1173.94
1169.8
1165.42
1160.78
1155.88
1150.76
1145.45
1139.98
1134.31
1128.42
1122.31
1116.02
1109.6
1103.07
1096.42
1089.66
1082.76
1075.74
1068.61
1061.42
1054.15
1046.83
1039.44
1031.96
1024.44
1016.64
1009.73
997.877
1469.32
1423.04
1366.13
1308.95
1254.81
1210.04
1173.88
1145.78
1138.22
1134.04
1136.12
1140.18
1145.68
1151.03
1155.97
1159.84
1162.85
1165.7
1169.03
1172.1
1174.87
1178.08
1181.01
1183.79
1186.32
1188.71
1191.24
1193.19
1195.11
1197.25
1198.89
1200.35
1201.74
1202.81
1203.82
1204.61
1204.95
1205.16
1205.14
1204.94
1204.43
1203.62
1202.49
1201.19
1199.67
1197.8
1195.57
1193.04
1190.25
1187.17
1183.77
1180.07
1176.13
1171.97
1167.58
1162.92
1158.01
1152.87
1147.54
1142.02
1136.32
1130.42
1124.31
1118.03
1111.61
1105.08
1098.43
1091.66
1084.74
1077.72
1070.6
1063.4
1056.13
1048.81
1041.4
1033.91
1026.37
1018.56
1011.62
999.679
1453.57
1397.54
1329.87
1268.43
1213.43
1170.52
1145.08
1130.11
1132.79
1136.68
1141.3
1146.54
1151.79
1156.2
1160.12
1163.82
1166.8
1169.58
1172.95
1176.35
1179.45
1182.58
1185.43
1188.21
1190.58
1192.95
1195.45
1197.42
1199.36
1201.37
1203.03
1204.54
1205.82
1206.91
1207.98
1208.75
1209.15
1209.37
1209.32
1209.03
1208.46
1207.62
1206.49
1205.08
1203.43
1201.48
1199.22
1196.69
1193.9
1190.81
1187.41
1183.72
1179.79
1175.64
1171.24
1166.59
1161.67
1156.51
1151.12
1145.54
1139.77
1133.81
1127.66
1121.35
1114.89
1108.33
1101.62
1094.79
1087.83
1080.78
1073.62
1066.4
1059.09
1051.72
1044.28
1036.78
1029.24
1021.41
1014.41
1002.37
1432.69
1364.33
1287.38
1225.31
1179.49
1144.75
1134.28
1134.38
1136.69
1142.86
1151.01
1156.59
1160.59
1163.93
1167.05
1170.68
1174.17
1177.36
1180.88
1184.3
1187.34
1190.08
1192.76
1195.56
1197.94
1200.34
1202.75
1204.7
1206.6
1208.43
1210.05
1211.51
1212.65
1213.64
1214.56
1215.19
1215.5
1215.6
1215.48
1215.11
1214.46
1213.57
1212.38
1210.89
1209.14
1207.12
1204.79
1202.18
1199.28
1196.1
1192.6
1188.82
1184.77
1180.49
1175.97
1171.21
1166.19
1160.94
1155.45
1149.76
1143.87
1137.81
1131.58
1125.19
1118.66
1112.01
1105.19
1098.26
1091.2
1084.07
1076.83
1069.53
1062.13
1054.68
1047.16
1039.58
1031.97
1024.07
1017
1004.8
1405.16
1322.89
1243.77
1187
1154.08
1139.21
1139.81
1143.86
1152.47
1159.29
1164.81
1169
1172.23
1175.46
1178.85
1182.49
1185.95
1189.03
1192.13
1195.14
1198.01
1200.43
1202.88
1205.45
1207.59
1209.78
1211.86
1213.65
1215.42
1216.91
1218.3
1219.64
1220.55
1221.3
1222
1222.42
1222.67
1222.52
1222.15
1221.55
1220.69
1219.56
1218.15
1216.49
1214.55
1212.36
1209.88
1207.14
1204.12
1200.84
1197.28
1193.43
1189.29
1184.89
1180.25
1175.37
1170.23
1164.85
1159.23
1153.39
1147.37
1141.19
1134.86
1128.37
1121.73
1114.93
1107.98
1100.92
1093.75
1086.51
1079.18
1071.77
1064.27
1056.72
1049.1
1041.43
1033.74
1025.77
1018.69
1006.47
1368.45
1278.36
1216.22
1174.53
1155.28
1152.2
1157.73
1164.99
1170.08
1174.29
1177.16
1179.79
1182.65
1185.56
1188.52
1191.49
1194.44
1197.33
1199.95
1202.55
1205.27
1207.55
1209.79
1211.96
1213.93
1215.93
1217.7
1219.44
1221.12
1222.37
1223.62
1224.84
1225.6
1226.2
1226.72
1227.13
1227.13
1227.02
1226.61
1225.91
1224.97
1223.76
1222.26
1220.47
1218.4
1216.08
1213.47
1210.56
1207.35
1203.86
1200.12
1196.12
1191.86
1187.36
1182.65
1177.71
1172.52
1167.09
1161.4
1155.49
1149.4
1143.17
1136.79
1130.25
1123.53
1116.63
1109.58
1102.45
1095.21
1087.9
1080.5
1073.01
1065.45
1057.83
1050.15
1042.41
1034.67
1026.7
1019.67
1007.62
1254.05
1132.08
1117.52
1125.15
1146.37
1165.68
1175.98
1182.66
1183.46
1183.58
1184.25
1186.25
1189.15
1191.97
1194.25
1196.62
1199.29
1202.25
1204.52
1206.76
1209.37
1211.47
1213.54
1215.42
1217.22
1219.14
1220.64
1222.31
1223.95
1224.89
1226.02
1227.22
1227.86
1228.35
1228.71
1229.04
1228.97
1228.66
1228.14
1227.33
1226.23
1224.91
1223.33
1221.44
1219.25
1216.83
1214.13
1211.07
1207.65
1203.92
1200
1195.86
1191.47
1186.83
1181.97
1176.93
1171.65
1166.11
1160.31
1154.3
1148.13
1141.83
1135.37
1128.75
1121.93
1114.96
1107.87
1100.7
1093.44
1086.11
1078.68
1071.18
1063.59
1055.96
1048.27
1040.52
1032.76
1024.75
1017.63
1005.35
)
;

boundaryField
{
    inlet
    {
        type            fixedValue;
        value           uniform 1800;
    }
    outlet
    {
        type            zeroGradient;
    }
    axis
    {
        type            symmetryPlane;
    }
    wall
    {
        type            zeroGradient;
    }
    frontAndBack
    {
        type            empty;
    }
}


// ************************************************************************* //
