/*--------------------------------*- C++ -*----------------------------------*\
  =========                 |
  \\      /  F ield         | OpenFOAM: The Open Source CFD Toolbox
   \\    /   O peration     | Website:  https://openfoam.org
    \\  /    A nd           | Version:  13
     \\/     M anipulation  |
\*---------------------------------------------------------------------------*/
FoamFile
{
    format      ascii;
    class       volScalarField;
    location    "0.65";
    object      p;
}
// * * * * * * * * * * * * * * * * * * * * * * * * * * * * * * * * * * * * * //

dimensions      [1 -1 -2 0 0 0 0];

internalField   nonuniform List<scalar> 
2016
(
470.912
351.028
230.205
108.218
470.18
348.906
227.449
105.641
472.128
349.991
227.127
105.853
477.658
354.66
230.535
110.992
488.667
364.922
240.613
122.504
504.56
381.061
257.672
139.846
523.566
401.518
279.357
160.354
543.225
422.685
301.706
181.766
562.46
442.936
322.848
203.31
582.212
463.257
343.753
224.853
602.912
484.265
365.757
247.611
624.345
505.867
388.15
270.455
645.915
527.737
410.436
293.083
667.186
549.459
432.557
315.103
687.766
570.638
454.813
340.798
707.153
590.177
474.278
359.87
724.691
607.967
492.023
378.081
740.23
623.622
508.058
394.986
753.111
636.133
522.21
410.309
762.537
643.193
534.592
424.545
769.322
650.267
546.193
438.362
778.693
661.298
556.408
452.362
791.173
677.153
569.174
467.504
926.627
704.619
573.146
538.766
783.648
514.432
430.339
436.318
803.163
553.791
494.162
446.968
975.631
742.786
620.946
531.483
1182.67
986.963
813.821
635.956
1307.42
1123.01
946.637
719.656
1359.06
1216.3
1071.3
812.744
1451.53
1385.31
1261.04
983.365
1429.92
1243.56
771.962
339.899
1141.24
607.283
271.986
219.875
783.958
269.59
213.733
206.554
517.908
216.895
204.755
203.231
407.843
215.055
202.594
201.44
384.466
220.381
201.707
200.591
452.485
229.17
202.222
200.836
647.853
276.086
208.573
202.636
952.856
496.092
246.543
210.349
1159.88
887.557
455.889
246.83
1072.04
935.34
751.839
531.365
28.0258
7.713
7.30772
7.04383
6.83512
6.64604
6.4645
6.2871
6.10933
5.93013
5.74983
5.56788
5.384
5.19818
5.01051
4.82117
4.63045
4.4387
4.24629
4.05358
3.86094
3.66868
3.47707
3.28635
3.09681
2.9085
2.72164
2.53637
2.35277
2.17084
1.99052
1.81175
1.63442
1.45843
1.28367
1.11007
0.937515
0.76586
0.59489
0.424432
0.254419
0.0846639
24.0175
7.48383
7.20341
6.95214
6.80129
6.64108
6.46143
6.2841
6.10805
5.93041
5.75087
5.56934
5.38566
5.19985
5.01204
4.82248
4.63149
4.43943
4.24671
4.0537
3.86078
3.66824
3.47638
3.28541
3.09552
2.90703
2.72007
2.53474
2.3511
2.16915
1.98882
1.81006
1.63281
1.45697
1.28241
1.10901
0.936677
0.765238
0.594502
0.424296
0.254469
0.0848238
23.3368
7.38
7.09401
6.85448
6.76682
6.62277
6.45294
6.28181
6.1091
5.93307
5.75431
5.5731
5.38939
5.20331
5.01508
4.82498
4.63338
4.44068
4.24731
4.05368
3.86015
3.66707
3.47472
3.28334
3.09317
2.90444
2.71731
2.53188
2.34822
2.16629
1.98605
1.80741
1.63032
1.45469
1.28036
1.10719
0.935069
0.76386
0.59338
0.423449
0.253904
0.0845977
28.6634
8.3585
7.11757
6.87244
6.78681
6.61498
6.44957
6.28367
6.11224
5.93733
5.7596
5.57876
5.39498
5.2085
5.01961
4.82868
4.63613
4.44243
4.24803
4.0534
3.85893
3.66499
3.47188
3.27987
3.0892
2.90011
2.71274
2.52718
2.34347
2.16158
1.98146
1.80302
1.62621
1.45092
1.27698
1.1042
0.932491
0.761706
0.591673
0.422208
0.253156
0.084349
35.7719
10.3984
7.11681
6.91334
6.79623
6.61582
6.45142
6.28868
6.11885
5.94512
5.76813
5.58735
5.40313
5.21588
5.02595
4.83378
4.63986
4.44471
4.24888
4.05285
3.85708
3.66197
3.46785
3.27502
3.08372
2.89418
2.70651
2.52079
2.33703
2.15523
1.9753
1.79717
1.62076
1.44593
1.2725
1.10027
0.929108
0.758889
0.589451
0.420609
0.252196
0.0840338
44.5864
12.4891
7.06902
6.8811
6.74922
6.60721
6.45288
6.29371
6.12812
5.95618
5.7796
5.59875
5.41389
5.22553
5.03416
4.84031
4.64455
4.4475
4.24978
4.05194
3.85449
3.65787
3.46248
3.2686
3.07649
2.88643
2.69842
2.51252
2.32873
2.14704
1.96738
1.78965
1.61372
1.43946
1.26666
1.09512
0.924686
0.755224
0.586559
0.418513
0.250924
0.0835998
54.9972
13.7088
7.03895
6.83941
6.71666
6.60345
6.45983
6.30532
6.14253
5.97171
5.79517
5.61374
5.42772
5.23774
5.04441
4.84835
4.65023
4.45076
4.25065
4.05055
3.85102
3.65256
3.45561
3.26048
3.06734
2.87673
2.68832
2.50223
2.31845
2.13694
1.95763
1.7804
1.6051
1.43155
1.25954
1.08886
0.919358
0.750848
0.583136
0.416046
0.249432
0.0830988
66.3957
14.7684
7.04054
6.83932
6.70832
6.62006
6.47436
6.32484
6.16315
5.99229
5.81535
5.63275
5.44495
5.25274
5.05684
4.85797
4.65689
4.45442
4.25137
4.04849
3.84643
3.64576
3.44696
3.25043
3.05649
2.86482
2.6759
2.48962
2.30589
2.12467
1.94584
1.76926
1.59473
1.42207
1.25103
1.0814
0.912989
0.745605
0.579026
0.41307
0.247613
0.082476
81.5602
17.9608
7.05254
6.882
6.73186
6.64937
6.49635
6.35325
6.19006
6.01853
5.84066
5.65617
5.4659
5.27079
5.07162
4.86922
4.66448
4.45832
4.25167
4.04543
3.84034
3.63703
3.43604
3.23778
3.0425
2.8501
2.66073
2.47433
2.29079
2.11001
1.93185
1.75612
1.58258
1.41099
1.24111
1.07271
0.905582
0.739506
0.574244
0.40962
0.245522
0.081772
101.326
24.316
7.06012
6.93642
6.78132
6.68537
6.5302
6.38913
6.22319
6.05085
5.87132
5.68422
5.49085
5.29211
5.08887
4.88212
4.67289
4.46222
4.2512
4.0409
3.83221
3.62584
3.42234
3.22212
3.02547
2.83224
2.64247
2.45607
2.2729
2.09278
1.91551
1.74085
1.56851
1.39822
1.22971
1.06273
0.897075
0.732498
0.568761
0.405685
0.243151
0.0809763
124.502
34.1221
7.35791
6.9918
6.8338
6.73055
6.5762
6.42933
6.26291
6.08915
5.90719
5.71703
5.51993
5.3168
5.10862
4.89658
4.68188
4.46575
4.24948
4.03435
3.82143
3.61153
3.40525
3.20306
3.00487
2.8108
2.62074
2.43453
2.25195
2.07275
1.89662
1.72326
1.55235
1.3836
1.2167
1.05139
0.887435
0.724588
0.562605
0.401298
0.240533
0.0801108
148.977
48.38
9.54946
7.03301
6.89878
6.78489
6.63031
6.47691
6.30987
6.13329
5.94834
5.75465
5.55316
5.34485
5.13085
4.91247
4.69117
4.46846
4.24591
4.02505
3.80719
3.59326
3.38384
3.17948
2.97993
2.78519
2.59507
2.40931
2.22762
2.04962
1.87494
1.70317
1.53396
1.36702
1.20201
1.03864
0.876642
0.715777
0.555792
0.396476
0.237677
0.0791789
173.323
65.453
13.6608
7.12978
6.98418
6.85687
6.7004
6.53672
6.36544
6.18422
5.99517
5.79718
5.59052
5.37624
5.15544
4.92956
4.70035
4.46972
4.23965
4.01203
3.78845
3.56997
3.35705
3.15067
2.94989
2.75473
2.56488
2.37997
2.19954
2.02312
1.85023
1.68039
1.51322
1.3484
1.18559
1.02444
0.864685
0.706062
0.548312
0.391202
0.234562
0.078165
197.363
84.2837
19.8368
7.2326
7.07067
6.93666
6.77863
6.60426
6.42822
6.24179
6.04775
5.84458
5.63203
5.41096
5.1823
4.94756
4.70882
4.46862
4.22954
3.99397
3.76386
3.54054
3.32485
3.11574
2.91387
2.71868
2.52959
2.34603
2.16735
1.99296
1.82227
1.65476
1.49001
1.32768
1.16739
1.00878
0.851553
0.695435
0.540149
0.385449
0.231161
0.0770524
222.909
104.952
28.2022
7.31246
7.1671
7.01258
6.86129
6.67481
6.49709
6.3053
6.10572
5.89676
5.67767
5.449
5.2113
4.96601
4.71572
4.4638
4.21382
3.96893
3.73144
3.50274
3.2835
3.0729
2.8707
2.67618
2.48853
2.30695
2.13064
1.95883
1.79085
1.62614
1.46425
1.3048
1.14738
0.991628
0.837224
0.683871
0.531276
0.379194
0.227456
0.0758321
242.566
124.307
39.5462
7.45899
7.26671
7.08582
6.94828
6.75115
6.57056
6.3739
6.16845
5.95342
5.72742
5.49038
5.24222
4.98422
4.71967
4.45324
4.18994
3.93407
3.68852
3.4548
3.2323
3.0207
2.81904
2.62617
2.44092
2.26221
2.08904
1.92049
1.75581
1.59442
1.43586
1.2797
1.12552
0.972957
0.82167
0.671344
0.521676
0.372428
0.223446
0.074509
260.886
142.177
51.1982
8.84314
7.34898
7.17114
7.04026
6.83517
6.64952
6.4479
6.23632
6.01479
5.78148
5.53527
5.27482
5.00107
4.71846
4.4337
4.15396
3.88522
3.63101
3.39245
3.16821
2.9571
2.75745
2.56761
2.38603
2.21129
2.0422
1.87771
1.71703
1.55955
1.40481
1.25237
1.10182
0.952773
0.804892
0.657849
0.511343
0.365152
0.21913
0.0730838
277.784
158.43
60.2907
10.5793
7.46564
7.28514
7.14071
6.93063
6.7358
6.52817
6.3097
6.08082
5.83968
5.58352
5.30844
5.01457
4.70831
4.39974
4.09952
3.8161
3.55389
3.31182
3.08799
2.87971
2.68433
2.49947
2.32317
2.15377
1.98989
1.83039
1.67446
1.52152
1.37112
1.22285
1.0763
0.931107
0.786919
0.643413
0.500303
0.357383
0.214523
0.0715664
293.789
173.858
69.2939
12.7835
7.5814
7.40567
7.25182
7.03844
6.83078
6.61391
6.38662
6.14903
5.8993
5.63286
5.34034
5.02011
4.68208
4.34195
4.01603
3.71678
3.4485
3.20702
2.98774
2.78598
2.59798
2.42072
2.25181
2.08941
1.93203
1.77854
1.62817
1.48042
1.33488
1.19122
1.04905
0.908026
0.767813
0.628092
0.4886
0.349156
0.209654
0.06997
308.683
189.34
78.2541
16.3613
7.69603
7.55035
7.37999
7.16397
6.93413
6.70553
6.46559
6.21653
5.95552
5.67877
5.36479
5.0085
4.62629
4.24337
3.88559
3.57258
3.30407
3.07122
2.86331
2.67338
2.49697
2.33063
2.17167
2.01819
1.86875
1.72235
1.57839
1.43645
1.29627
1.15761
1.02016
0.883623
0.747655
0.611958
0.476295
0.34051
0.20454
0.0682971
322.303
204.098
87.2196
19.7415
7.85872
7.73143
7.52626
7.30024
7.0518
6.80442
6.54803
6.28477
6.00619
5.71484
5.36889
4.95995
4.51336
4.07026
3.67485
3.35588
3.10445
2.896
2.71035
2.5397
2.38038
2.22897
2.08287
1.9404
1.80043
1.66226
1.52549
1.38995
1.25556
1.12224
0.989815
0.85802
0.726541
0.595087
0.463444
0.331493
0.199215
0.0665565
337.797
220.115
95.603
22.0184
8.08695
7.9488
7.69337
7.46113
7.17582
6.90058
6.62725
6.35407
6.0526
5.73521
5.324
4.82692
4.28183
3.75528
3.31852
3.02342
2.83087
2.67378
2.52539
2.38371
2.24822
2.1163
1.98616
1.85687
1.72789
1.59897
1.4701
1.34141
1.21311
1.08538
0.958199
0.831368
0.704587
0.577569
0.450119
0.322161
0.193716
0.0647603
358.301
242.38
106.133
24.9007
8.29008
8.20773
7.8884
7.67394
7.32209
6.99185
6.69876
6.42981
6.11727
5.77723
5.22686
4.54399
3.83106
3.1769
2.69311
2.50417
2.45859
2.39868
2.30758
2.20637
2.10209
1.99427
1.88306
1.76895
1.6523
1.53349
1.41301
1.29143
1.16937
1.04733
0.925523
0.803814
0.681907
0.559493
0.436389
0.312559
0.188065
0.0629157
383.266
268.234
120.14
28.451
8.247
8.45365
8.14571
7.95289
7.57519
7.15422
6.82023
6.5593
6.26849
5.92143
5.16357
4.11977
3.04546
2.01309
1.58564
1.75385
1.99067
2.08178
2.06901
2.01816
1.95031
1.86944
1.77885
1.68099
1.5773
1.46887
1.35678
1.24211
1.12602
1.00947
0.892901
0.776278
0.659253
0.541457
0.422703
0.302993
0.182434
0.0610776
426.946
297.155
138.38
32.1529
8.23906
8.76364
8.50917
8.39016
8.01724
7.36615
6.95591
6.73608
6.48749
6.08254
5.06355
3.8108
1.6426
0.025352
0.327731
0.982632
1.49529
1.75032
1.82661
1.83033
1.79997
1.74635
1.67663
1.59521
1.50458
1.40645
1.30243
1.19419
1.08357
0.972098
0.86056
0.748947
0.636782
0.523583
0.409146
0.293514
0.176847
0.0592473
503.37
336.493
171.761
40.1973
10.3565
9.64125
9.06358
8.95962
8.22142
6.89603
6.28764
6.61623
6.46778
6.13626
4.17964
4.6812
-0.0726441
-0.468867
-0.0651437
0.483086
1.0688
1.43114
1.58064
1.63483
1.64089
1.615
1.56727
1.5036
1.42719
1.34024
1.24469
1.14282
1.0374
0.930964
0.824759
0.718694
0.611944
0.503838
0.394163
0.283011
0.170634
0.0571938
427.547
334.422
195.323
43.4794
18.1494
11.9884
8.6711
8.4999
4.73575
3.88616
4.04783
6.06104
6.11638
6.28579
9.80703
17.3259
2.24565
0.448996
0.372991
0.537548
0.936405
1.2283
1.37972
1.45587
1.4858
1.48251
1.45517
1.40926
1.34781
1.27271
1.18575
1.08949
0.987974
0.885909
0.785284
0.685475
0.584745
0.482213
0.377713
0.27139
0.163692
0.0548565
401.419
325.844
188.473
58.6664
22.0002
15.769
12.3221
10.1954
8.57861
18.83
19.9198
10.8288
10.0616
18.4835
28.0591
15.8239
7.06054
1.12937
0.80566
0.7601
0.971997
1.13091
1.24188
1.31355
1.35191
1.36263
1.35098
1.32061
1.2734
1.21012
1.13138
1.03929
0.939011
0.839577
0.744589
0.651765
0.557262
0.460356
0.36104
0.259412
0.156386
0.0522884
424.818
284.384
83.2854
-24.6788
-12.905
18.6242
63.1982
72.1252
38.5501
24.1671
20.4794
16.513
19.4788
34.9794
63.9737
34.5775
13.6952
1.3669
0.985212
0.899535
0.957162
1.05169
1.13316
1.19481
1.23447
1.25327
1.25317
1.23594
1.20209
1.15033
1.07911
0.989959
0.889948
0.791586
0.702317
0.617555
0.529299
0.438139
0.343901
0.247064
0.148515
0.0490652
412.295
128.492
-71.6535
-98.4232
-69.2903
-32.4791
21.0638
39.8368
25.7698
17.8316
15.4168
15.2002
16.848
21.0897
45.219
38.1155
14.2864
0.843007
0.847437
0.838323
0.888173
0.963044
1.03159
1.0874
1.12701
1.1501
1.15685
1.14708
1.12
1.0745
1.01054
0.929691
0.837051
0.743685
0.659317
0.58116
0.500647
0.415645
0.326466
0.234116
0.139768
0.0446988
376.403
-73.8108
-310.686
-259.903
-135.234
-69.4127
-6.02215
18.5138
17.3168
13.6906
12.2479
12.5277
14.163
16.845
1.19671
21.6965
7.46398
0.473553
0.575481
0.681127
0.776062
0.861914
0.931766
0.986309
1.02496
1.04743
1.0527
1.03924
1.00749
0.961745
0.907219
0.845105
0.773365
0.695459
0.618548
0.546138
0.472777
0.393537
0.309063
0.22077
0.130199
0.0390558
385.923
-152.028
-528.656
-580.357
-188.23
-83.422
-18.5911
11.0002
14.9383
13.2366
11.8784
12.0119
13.6982
13.0801
19.6048
13.1794
1.18363
0.331721
0.431423
0.553367
0.66755
0.764291
0.838277
0.89234
0.927479
0.943447
0.939076
0.914187
0.873989
0.828869
0.786053
0.745453
0.702194
0.64808
0.583172
0.515913
0.447414
0.372848
0.292332
0.207475
0.120038
0.032089
548.021
39.6948
-306.548
-238.003
-15.4647
7.46965
9.3821
14.384
14.3542
13.3118
12.6642
12.3576
13.7769
3.56059
16.7935
2.06734
0.32962
0.22077
0.347648
0.460371
0.582753
0.684262
0.759558
0.811357
0.840588
0.847047
0.830587
0.794177
0.74707
0.701526
0.666251
0.642879
0.626645
0.60086
0.552785
0.491693
0.426411
0.355344
0.277502
0.195014
0.109778
0.0239257
253.356
182.959
109.679
103.845
119.774
94.6407
56.3785
28.2954
15.3221
8.86587
11.637
12.5729
16.9685
13.8855
6.25859
0.43221
-0.0759663
0.204314
0.261147
0.375856
0.517759
0.626496
0.702745
0.751732
0.774528
0.771366
0.743354
0.696297
0.641217
0.59059
0.556565
0.546511
0.556768
0.560208
0.529703
0.47449
0.411717
0.342494
0.265894
0.184312
0.0998946
0.0147294
205.7
199.643
191.65
183.865
174.011
149.546
102.732
38.9787
6.88805
2.23778
12.5518
5.81348
2.23675
1.40838
-1.01999
-0.33077
-0.16368
-0.0473784
0.0810656
0.275841
0.467732
0.593594
0.674147
0.721458
0.738136
0.725967
0.688162
0.633098
0.573006
0.520377
0.488727
0.488101
0.513327
0.536683
0.51782
0.466547
0.40454
0.334768
0.257638
0.175572
0.0905528
0.0045942
203.372
201.569
199.708
197.86
192.824
176.59
137.274
64.8935
20.802
18.3697
6.13039
3.37171
1.38273
0.444265
0.150134
-0.338575
-0.460321
-0.366988
-0.112663
0.204115
0.451662
0.596477
0.681842
0.726528
0.735963
0.714984
0.670312
0.612433
0.553734
0.504557
0.476894
0.476315
0.504999
0.536208
0.518586
0.467152
0.404155
0.332377
0.253222
0.169226
0.0820308
-0.00611594
201.627
200.485
200.334
200.816
199.17
190.853
136.036
94.758
49.8218
11.4292
4.7804
2.57712
1.21461
0.822534
0.124874
-0.551288
-0.722531
-0.497996
-0.125414
0.246546
0.505911
0.652442
0.733809
0.769459
0.767331
0.736188
0.686296
0.628006
0.573385
0.527342
0.49636
0.496063
0.523457
0.55986
0.529819
0.473694
0.409344
0.334997
0.252829
0.165466
0.0744044
-0.0177247
199.681
198.852
199.678
200.96
200.176
181.894
118.296
57.4853
11.9548
-0.784437
1.05858
1.1658
0.710143
0.290542
-0.0833025
-0.387806
-0.40865
-0.207886
0.113472
0.425426
0.639322
0.760002
0.820319
0.83562
0.814633
0.770496
0.718006
0.660691
0.618822
0.58802
0.565554
0.561033
0.574444
0.579122
0.540506
0.482984
0.419269
0.342401
0.256514
0.164146
0.0672822
-0.0307687
199.145
198.565
199.058
199.349
196.534
156.736
66.1247
-10.3481
-48.8411
-53.4888
-19.6725
-1.86424
0.266036
0.161233
0.0629458
-0.0421515
-0.0172058
0.175217
0.428423
0.657182
0.816194
0.902893
0.930262
0.916832
0.872575
0.808981
0.749172
0.699814
0.652662
0.599536
0.556538
0.541176
0.570447
0.568982
0.532169
0.487113
0.426014
0.346982
0.257392
0.160177
0.0578088
-0.0463592
199.835
199.355
199.317
198.628
192.416
134.588
23.3572
-51.9301
-63.7032
-65.7068
-56.5409
2.39406
0.387702
0.124334
0.353095
0.409099
0.460674
0.563674
0.718731
0.86
0.962551
1.00966
0.99183
0.948558
0.885079
0.804433
0.769954
0.79871
0.828643
0.807747
0.648252
0.530716
0.52205
0.536703
0.525901
0.494815
0.437004
0.35976
0.270046
0.168563
0.0558773
-0.0590114
201.182
200.657
200.521
199.959
196.093
155.939
43.9805
-52.7697
-65.5462
-48.9979
-44.3259
-5.79314
24.7346
1.8977
0.94799
0.691353
0.641366
0.660446
0.76102
0.906321
1.03761
1.11293
1.02214
0.977232
0.941227
0.726743
0.631178
0.742335
0.783417
0.727703
0.648804
0.581351
0.560504
0.559025
0.544836
0.507415
0.444222
0.361133
0.263549
0.153506
0.0337113
-0.0885435
203.189
201.994
201.836
201.877
200.182
186.076
107.379
-3.80404
-37.4453
-17.9724
1.0498
37.7004
81.7497
16.2941
3.50476
2.03426
1.55566
1.08104
0.985849
0.985607
0.999994
0.957322
0.888898
1.03711
1.26118
1.26336
1.04415
0.918371
0.840515
0.800769
0.760871
0.730292
0.720038
0.682557
0.616991
0.549055
0.482692
0.403314
0.317448
0.209629
0.0725409
-0.0951443
206.347
201.883
202.302
203.421
205.686
203.559
157.183
69.2347
14.5481
29.271
57.9445
82.0504
86.5907
45.8228
12.9919
7.59383
5.04122
2.67326
1.42194
1.18665
1.20435
1.11326
0.971968
0.886295
0.942472
1.03953
1.05524
0.955508
0.791842
0.700968
0.646172
0.603435
0.599688
0.596813
0.584452
0.509989
0.439376
0.364844
0.275873
0.156924
-0.113658
-0.217464
320.935
218.551
207.7
208.381
211.882
215.752
189.638
130.034
76.3361
72.2962
100.993
106.589
71.7113
30.3183
52.4394
26.4828
14.0678
7.03914
4.9088
2.87492
2.1449
1.87002
1.75739
1.5296
1.68846
2.36071
2.20913
1.48297
1.01887
1.05811
1.09023
1.07659
1.3291
1.08746
0.987974
0.841755
0.900058
0.739772
0.453313
0.633056
4.16589
-0.128453
)
;

boundaryField
{
    leftWall
    {
        type            calculated;
        value           nonuniform List<scalar> 
46
(
470.912
351.028
230.205
108.218
28.0258
7.713
7.30772
7.04383
6.83512
6.64604
6.4645
6.2871
6.10933
5.93013
5.74983
5.56788
5.384
5.19818
5.01051
4.82117
4.63045
4.4387
4.24629
4.05358
3.86094
3.66868
3.47707
3.28635
3.09681
2.9085
2.72164
2.53637
2.35277
2.17084
1.99052
1.81175
1.63442
1.45843
1.28367
1.11007
0.937515
0.76586
0.59489
0.424432
0.254419
0.0846639
)
;
    }
    rightWall
    {
        type            calculated;
        value           nonuniform List<scalar> 
46
(
1072.04
935.34
751.839
531.365
320.935
218.551
207.7
208.381
211.882
215.752
189.638
130.034
76.3361
72.2962
100.993
106.589
71.7113
30.3183
52.4394
26.4828
14.0678
7.03914
4.9088
2.87492
2.1449
1.87002
1.75739
1.5296
1.68846
2.36071
2.20913
1.48297
1.01887
1.05811
1.09023
1.07659
1.3291
1.08746
0.987974
0.841755
0.900058
0.739772
0.453313
0.633056
4.16589
-0.128453
)
;
    }
    lowerWall
    {
        type            calculated;
        value           nonuniform List<scalar> 
52
(
926.627
704.619
573.146
538.766
984.157
841.209
860.767
1034.25
1241.38
1366.13
1417.77
1503.53
1481.15
1192.44
835.128
569.098
459.037
436.653
505.414
701.51
1007.07
1214.19
1126.35
791.173
677.153
569.174
467.504
529.771
529.039
530.987
536.517
547.525
563.419
582.425
602.084
621.319
641.07
661.771
683.204
704.774
726.045
746.625
766.012
783.55
799.088
811.969
820.406
824.703
834.07
846.558
445.734
489.473
)
;
    }
    atmosphere
    {
        type            calculated;
        value           nonuniform List<scalar> 
44
(
0
0
0
0
0
0
0
0
0
0
0
0
0
0
0
0
0
0
0
0
0
0
0
0
0
0
0
-1.30809e-06
-0.000669
-0.00268272
-0.00628875
-0.0116814
-0.0189682
-0.0278617
-0.0383002
-0.0496553
-0.0630441
-0.0791466
-0.0984036
-0.112513
-0.144599
-0.119757
-0.235015
-0.287827
)
;
    }
    frontAndBack
    {
        type            empty;
    }
}


// ************************************************************************* //
