/*--------------------------------*- C++ -*----------------------------------*\
  =========                 |
  \\      /  F ield         | OpenFOAM: The Open Source CFD Toolbox
   \\    /   O peration     | Website:  https://openfoam.org
    \\  /    A nd           | Version:  13
     \\/     M anipulation  |
\*---------------------------------------------------------------------------*/
FoamFile
{
    format      ascii;
    class       surfaceScalarField;
    location    "0.65";
    object      phi;
}
// * * * * * * * * * * * * * * * * * * * * * * * * * * * * * * * * * * * * * //

dimensions      [0 3 -1 0 0 0 0];

internalField   nonuniform List<scalar> 
3938
(
6.49309e-06
-6.49309e-06
1.08264e-05
-4.33329e-06
7.42387e-06
3.40251e-06
1.43487e-05
-6.92486e-06
5.41591e-06
-1.1909e-05
7.97267e-06
-6.89005e-06
3.52207e-06
7.85312e-06
2.91538e-05
-1.1283e-05
2.9146e-06
-1.48236e-05
4.55603e-06
-8.53147e-06
1.16326e-06
1.12459e-05
3.81601e-05
-7.84302e-06
8.96062e-07
-1.57196e-05
1.21789e-06
-8.8533e-06
-1.60104e-06
1.40648e-05
4.16599e-05
-5.10085e-06
-1.84425e-06
-1.38754e-05
-3.43545e-06
-7.26209e-06
-4.63921e-06
1.52686e-05
3.94486e-05
-2.4279e-06
-4.86334e-06
-9.01206e-06
-8.30059e-06
-3.82484e-06
-7.50584e-06
1.44738e-05
3.30148e-05
-1.07196e-06
-6.81896e-06
-2.19309e-06
-1.13879e-05
7.44088e-07
-9.94258e-06
1.30285e-05
2.52238e-05
-2.15165e-06
-6.59366e-06
4.40057e-06
-1.12e-05
5.35039e-06
-9.93297e-06
1.17615e-05
1.82061e-05
-2.91527e-06
-4.65993e-06
9.0605e-06
-7.83814e-06
8.5286e-06
-6.4475e-06
1.03709e-05
1.28376e-05
-1.07895e-06
-2.23454e-06
1.1295e-05
-3.65301e-06
9.94707e-06
-1.75054e-06
8.46841e-06
8.87265e-06
2.21438e-06
-1.67479e-07
1.14625e-05
-3.89484e-07
1.01691e-05
1.39611e-06
6.68282e-06
5.86132e-06
4.40744e-06
1.46159e-06
1.00009e-05
1.96393e-06
9.66674e-06
3.44965e-06
5.1971e-06
3.21966e-06
6.0913e-06
2.49742e-06
7.50349e-06
3.44826e-06
8.7159e-06
4.64405e-06
4.00131e-06
9.21055e-07
6.94266e-06
3.06786e-06
4.43564e-06
4.1273e-06
7.65645e-06
4.71451e-06
3.41411e-06
-3.47138e-07
5.9827e-06
3.39178e-06
1.04386e-06
4.23121e-06
6.81703e-06
3.82138e-06
3.82394e-06
8.04625e-08
3.39378e-06
3.8059e-06
-2.76204e-06
4.54004e-06
6.08288e-06
3.49115e-06
4.87283e-06
1.42026e-06
2.15136e-06
4.46333e-06
-7.22538e-06
5.18398e-06
5.36223e-06
3.38973e-06
6.66708e-06
3.37138e-06
1.43861e-06
5.32717e-06
-1.25526e-05
6.00475e-06
4.68466e-06
3.32131e-06
9.35051e-06
6.3331e-06
3.59602e-07
6.2724e-06
-1.8825e-05
6.56952e-06
4.38754e-06
3.20088e-06
1.27192e-05
1.0173e-05
-6.39027e-07
4.91333e-06
-2.37383e-05
5.1404e-06
4.16047e-06
2.49812e-06
1.53614e-05
1.379e-05
-1.11887e-06
-1.04016e-06
-2.26981e-05
2.21628e-06
9.04031e-07
1.27373e-06
1.6304e-05
1.53064e-05
-2.42677e-07
-7.64944e-06
-1.50487e-05
-5.63189e-06
-1.11352e-06
-3.02073e-06
1.36928e-05
1.26208e-05
-3.35164e-07
-1.50487e-05
-1.61622e-05
-2.46937e-06
1.01514e-05
5.8563e-05
-5.8563e-05
0.000111319
-5.27564e-05
0.000114146
-2.8263e-06
5.84435e-05
5.57022e-05
4.00759e-05
-9.86389e-05
5.12621e-05
-6.39426e-05
2.13826e-05
2.70532e-05
9.10517e-05
-1.12256e-05
-6.60783e-06
-9.20311e-05
-3.5608e-05
-3.49424e-05
-5.86244e-05
5.00696e-05
0.000103766
-7.13388e-05
-3.91654e-05
-5.28656e-05
-8.01532e-05
6.04531e-06
-9.67197e-05
6.66361e-05
0.000103561
-9.65148e-05
-4.72744e-05
-5.59125e-06
-7.5831e-05
3.46019e-05
-8.58271e-05
7.66323e-05
0.000108779
-9.10453e-05
-5.00602e-05
4.44689e-05
-7.07342e-05
5.52759e-05
-6.80117e-05
7.39097e-05
0.000107122
-6.63546e-05
-2.25515e-05
6.70205e-05
-1.48288e-05
4.75532e-05
-2.71571e-06
6.17966e-05
9.90484e-05
5.35817e-06
2.27164e-05
4.43041e-05
9.66672e-05
-2.63976e-05
0.000165818
-7.35469e-06
6.70476e-05
0.000197819
8.99684e-05
-4.56643e-05
0.000237677
-0.000174106
0.000335472
-0.00010515
4.75057e-05
0.000355014
0.000123385
-0.000169049
0.000274118
-0.000324839
0.000396478
-0.00022751
-2.26116e-05
0.000466595
8.81254e-05
-0.000257174
0.000142887
-0.0003796
0.00018555
-0.000270173
-0.000155831
0.000318769
3.70637e-05
-0.000294238
1.24358e-05
-0.000354972
7.62613e-05
-0.000333999
-0.000263666
0.000184097
-2.76472e-06
-0.000291473
-2.6349e-05
-0.000331388
2.30115e-05
-0.000383359
-0.000307479
6.68247e-05
-1.82218e-05
-0.000273251
-3.67804e-05
-0.000312829
-5.06032e-05
-0.000369536
-0.000295084
-6.29981e-05
-3.03958e-05
-0.000242856
-6.27094e-05
-0.000280516
-0.000102586
-0.00032966
-0.000250773
-0.000146897
-4.78914e-05
-0.000194964
-8.7381e-05
-0.000241026
-0.000148117
-0.000268924
-0.000193909
-0.000204981
-7.70379e-05
-0.000117926
-0.000146315
-0.000171749
-0.000220742
-0.000194497
-0.000149717
-0.000264934
-9.67131e-05
-2.12133e-05
-0.000200934
-6.75284e-05
-0.000309657
-8.57739e-05
-6.79045e-05
-0.000391469
-2.12133e-05
-8.87417e-05
-0.000174516
-0.00024242
-2.59779e-05
1.9053e-05
3.41211e-05
-6.0099e-05
5.93305e-05
-2.52094e-05
5.81923e-05
1.13821e-06
5.62977e-05
1.89472e-06
5.73908e-05
-1.0931e-06
5.7859e-05
-4.68236e-07
5.8436e-05
-5.77048e-07
5.98543e-05
-1.41839e-06
6.18192e-05
-1.96499e-06
6.38064e-05
-1.98721e-06
6.55924e-05
-1.78595e-06
6.71434e-05
-1.55105e-06
6.84943e-05
-1.35091e-06
6.9691e-05
-1.19682e-06
7.07668e-05
-1.07591e-06
7.17372e-05
-9.70527e-07
7.26007e-05
-8.63673e-07
7.33463e-05
-7.45645e-07
7.39588e-05
-6.12593e-07
7.44246e-05
-4.65833e-07
7.4733e-05
-3.08497e-07
7.48779e-05
-1.45035e-07
7.48505e-05
2.73235e-08
7.46629e-05
1.87552e-07
7.4325e-05
3.37843e-07
7.38559e-05
4.68925e-07
7.32661e-05
5.89771e-07
7.25583e-05
7.07774e-07
7.1727e-05
8.31338e-07
7.07621e-05
9.65037e-07
6.96617e-05
1.10054e-06
6.84382e-05
1.22366e-06
6.71114e-05
1.3268e-06
6.57053e-05
1.40616e-06
6.4257e-05
1.44839e-06
6.28141e-05
1.44286e-06
6.14304e-05
1.38365e-06
6.01751e-05
1.25517e-06
5.91321e-05
1.04306e-06
5.83342e-05
7.97806e-07
3.97377e-07
-1.66993e-05
2.44693e-05
4.44908e-05
-0.000121289
7.83763e-05
-5.90947e-05
8.0415e-05
-9.00426e-07
6.52812e-05
1.70285e-05
5.04697e-05
1.37183e-05
4.28532e-05
7.14822e-06
4.02487e-05
2.02731e-06
3.98163e-05
-9.86112e-07
4.01836e-05
-2.33231e-06
4.10787e-05
-2.88225e-06
4.23711e-05
-3.07838e-06
4.39093e-05
-3.08928e-06
4.55647e-05
-3.00654e-06
4.72386e-05
-2.8708e-06
4.88615e-05
-2.69908e-06
5.03824e-05
-2.49157e-06
5.17683e-05
-2.24967e-06
5.29986e-05
-1.97611e-06
5.40643e-05
-1.67843e-06
5.49621e-05
-1.36373e-06
5.56944e-05
-1.04095e-06
5.62681e-05
-7.18889e-07
5.67012e-05
-4.05873e-07
5.6999e-05
-1.10402e-07
5.71615e-05
1.75234e-07
5.72032e-05
4.27186e-07
5.7133e-05
6.59937e-07
5.69753e-05
8.65517e-07
5.67663e-05
1.04051e-06
5.65465e-05
1.18501e-06
5.63484e-05
1.29886e-06
5.61932e-05
1.37906e-06
5.61004e-05
1.41972e-06
5.60874e-05
1.41912e-06
5.61597e-05
1.37601e-06
5.63126e-05
1.28985e-06
5.65303e-05
1.16585e-06
5.6778e-05
1.00742e-06
5.70074e-05
8.13578e-07
5.7202e-05
6.03188e-07
2.91237e-07
-9.32888e-07
1.75592e-05
3.45367e-06
-0.000125676
2.77702e-05
-8.34112e-05
4.44652e-05
-1.75953e-05
5.24523e-05
9.04151e-06
4.91644e-05
1.70062e-05
4.63177e-05
9.99482e-06
4.56259e-05
2.7191e-06
4.54687e-05
-8.28939e-07
4.56267e-05
-2.49026e-06
4.62851e-05
-3.54056e-06
4.73658e-05
-4.15894e-06
4.87452e-05
-4.46868e-06
5.0303e-05
-4.56445e-06
5.19316e-05
-4.49945e-06
5.35417e-05
-4.30925e-06
5.50685e-05
-4.01846e-06
5.64635e-05
-3.64483e-06
5.76939e-05
-3.2065e-06
5.87395e-05
-2.72414e-06
5.95931e-05
-2.21734e-06
6.02546e-05
-1.70255e-06
6.07302e-05
-1.19448e-06
6.10281e-05
-7.03835e-07
6.11559e-05
-2.38243e-07
6.1142e-05
1.89076e-07
6.09792e-05
5.89954e-07
6.06956e-05
9.43416e-07
6.0312e-05
1.24926e-06
5.98524e-05
1.50024e-06
5.93458e-05
1.69178e-06
5.88248e-05
1.82003e-06
5.83236e-05
1.88029e-06
5.78744e-05
1.86888e-06
5.75054e-05
1.78807e-06
5.72335e-05
1.64805e-06
5.70645e-05
1.45877e-06
5.69906e-05
1.23965e-06
5.69954e-05
1.00248e-06
5.70486e-05
7.60274e-07
5.71312e-05
5.20536e-07
2.30164e-07
-1.7394e-06
1.41977e-05
-3.91444e-05
-8.82706e-05
-1.02748e-05
-0.000112281
1.88289e-05
-4.66989e-05
2.72313e-05
6.39203e-07
3.53427e-05
8.89488e-06
4.05464e-05
4.79109e-06
4.29893e-05
2.76274e-07
4.46249e-05
-2.46449e-06
4.61009e-05
-3.96613e-06
4.75654e-05
-5.00482e-06
4.91133e-05
-5.70672e-06
5.07579e-05
-6.11323e-06
5.24634e-05
-6.27004e-06
5.41718e-05
-6.20781e-06
5.58211e-05
-5.95865e-06
5.73582e-05
-5.5556e-06
5.87402e-05
-5.02684e-06
5.99373e-05
-4.4036e-06
6.09307e-05
-3.71758e-06
6.17116e-05
-2.99819e-06
6.22811e-05
-2.27204e-06
6.2648e-05
-1.5613e-06
6.28273e-05
-8.83231e-07
6.28396e-05
-2.5053e-07
6.26954e-05
3.33237e-07
6.24287e-05
8.56643e-07
6.20606e-05
1.31163e-06
6.16015e-05
1.70846e-06
6.10731e-05
2.02875e-06
6.04901e-05
2.27495e-06
5.98745e-05
2.4358e-06
5.92522e-05
2.50273e-06
5.86525e-05
2.46875e-06
5.8105e-05
2.3357e-06
5.76361e-05
2.11707e-06
5.72594e-05
1.83538e-06
5.69823e-05
1.5167e-06
5.68001e-05
1.18457e-06
5.66988e-05
8.61572e-07
5.66634e-05
5.55973e-07
2.26097e-07
-2.20234e-06
1.39722e-05
-2.83942e-05
-6.20786e-05
7.81355e-07
-0.000141456
2.48818e-05
-7.07992e-05
3.15666e-05
-6.04553e-06
3.5639e-05
4.82256e-06
3.9596e-05
8.34063e-07
4.18828e-05
-2.01039e-06
4.36093e-05
-4.19094e-06
4.53377e-05
-5.69433e-06
4.70499e-05
-6.71689e-06
4.88441e-05
-7.50083e-06
5.07269e-05
-7.99599e-06
5.2637e-05
-8.18018e-06
5.45164e-05
-8.08716e-06
5.63054e-05
-7.74768e-06
5.79494e-05
-7.19954e-06
5.94089e-05
-6.48635e-06
6.06557e-05
-5.65031e-06
6.16716e-05
-4.73346e-06
6.24498e-05
-3.77642e-06
6.29941e-05
-2.81628e-06
6.33167e-05
-1.88381e-06
6.34351e-05
-1.0016e-06
6.3371e-05
-1.86431e-07
6.31527e-05
5.51549e-07
6.28063e-05
1.20305e-06
6.23483e-05
1.76977e-06
6.18068e-05
2.25018e-06
6.11943e-05
2.64154e-06
6.05336e-05
2.93589e-06
5.98465e-05
3.12313e-06
5.91602e-05
3.1893e-06
5.85024e-05
3.12675e-06
5.79046e-05
2.93359e-06
5.73946e-05
2.62704e-06
5.69891e-05
2.24087e-06
5.66962e-05
1.80962e-06
5.65058e-05
1.37506e-06
5.63985e-05
9.68835e-07
5.63613e-05
5.93152e-07
2.16669e-07
-5.94812e-08
1.29597e-05
-9.69503e-06
-5.24431e-05
1.7656e-05
-0.000168807
3.44335e-05
-8.75765e-05
3.94489e-05
-1.10609e-05
3.82107e-05
6.06078e-06
3.83365e-05
7.08296e-07
4.02254e-05
-3.89922e-06
4.23638e-05
-6.3292e-06
4.43463e-05
-7.67679e-06
4.63051e-05
-8.67559e-06
4.83457e-05
-9.54142e-06
5.0484e-05
-1.01342e-05
5.26615e-05
-1.03577e-05
5.47876e-05
-1.02132e-05
5.67842e-05
-9.74428e-06
5.8595e-05
-9.01031e-06
6.01778e-05
-8.06914e-06
6.15059e-05
-6.97832e-06
6.25643e-05
-5.79183e-06
6.33496e-05
-4.56168e-06
6.38693e-05
-3.33591e-06
6.41403e-05
-2.15482e-06
6.41866e-05
-1.04793e-06
6.40334e-05
-3.31482e-08
6.37172e-05
8.6779e-07
6.3264e-05
1.65643e-06
6.27068e-05
2.32711e-06
6.20657e-05
2.89155e-06
6.13612e-05
3.3462e-06
6.06173e-05
3.67999e-06
5.98539e-05
3.88662e-06
5.90964e-05
3.94691e-06
5.83752e-05
3.84787e-06
5.77185e-05
3.59031e-06
5.71514e-05
3.19424e-06
5.66898e-05
2.70249e-06
5.63355e-05
2.16399e-06
5.60848e-05
1.62577e-06
5.5926e-05
1.12765e-06
5.58426e-05
6.76412e-07
2.34399e-07
-2.27641e-07
1.10357e-05
-2.70308e-07
-5.24004e-05
2.04116e-05
-0.000189489
2.7174e-05
-9.43389e-05
2.55722e-05
-9.45903e-06
2.98412e-05
1.7918e-06
3.31664e-05
-2.61684e-06
3.7329e-05
-8.06187e-06
4.08691e-05
-9.86931e-06
4.34771e-05
-1.02848e-05
4.5732e-05
-1.09305e-05
4.79871e-05
-1.17965e-05
5.03659e-05
-1.2513e-05
5.2829e-05
-1.28207e-05
5.52491e-05
-1.26333e-05
5.75066e-05
-1.20017e-05
5.9521e-05
-1.10247e-05
6.12503e-05
-9.79843e-06
6.26706e-05
-8.39854e-06
6.37698e-05
-6.89101e-06
6.45496e-05
-5.34155e-06
6.50234e-05
-3.80965e-06
6.5216e-05
-2.34732e-06
6.51608e-05
-9.92667e-07
6.48807e-05
2.46982e-07
6.44315e-05
1.31708e-06
6.38514e-05
2.23656e-06
6.31571e-05
3.02149e-06
6.23886e-05
3.66017e-06
6.15675e-05
4.16734e-06
6.07113e-05
4.53605e-06
5.98443e-05
4.75366e-06
5.899e-05
4.80137e-06
5.8179e-05
4.65889e-06
5.74415e-05
4.32792e-06
5.68026e-05
3.83318e-06
5.62788e-05
3.22633e-06
5.58752e-05
2.56757e-06
5.55893e-05
1.91167e-06
5.54056e-05
1.31138e-06
5.53112e-05
7.70734e-07
2.58023e-07
-1.20739e-07
8.24116e-06
-2.42796e-06
-5.00932e-05
6.67486e-06
-0.000198592
1.22637e-05
-9.99277e-05
8.51971e-06
-5.71502e-06
1.8775e-05
-8.46348e-06
2.57323e-05
-9.57421e-06
3.28231e-05
-1.51528e-05
3.80924e-05
-1.51387e-05
4.18971e-05
-1.40897e-05
4.4888e-05
-1.39214e-05
4.75679e-05
-1.44764e-05
5.02898e-05
-1.52349e-05
5.31054e-05
-1.56363e-05
5.58778e-05
-1.54057e-05
5.84502e-05
-1.45741e-05
6.07164e-05
-1.32909e-05
6.26215e-05
-1.17036e-05
6.41442e-05
-9.92113e-06
6.52801e-05
-8.02681e-06
6.6038e-05
-6.09944e-06
6.6441e-05
-4.21252e-06
6.65224e-05
-2.42873e-06
6.63225e-05
-7.92802e-07
6.58946e-05
6.75007e-07
6.52813e-05
1.93042e-06
6.4525e-05
2.9928e-06
6.36716e-05
3.87498e-06
6.27468e-05
4.58497e-06
6.17805e-05
5.13374e-06
6.07929e-05
5.52368e-06
5.98042e-05
5.74246e-06
5.88418e-05
5.76395e-06
5.79301e-05
5.57059e-06
5.71013e-05
5.15676e-06
5.63805e-05
4.55408e-06
5.57875e-05
3.81932e-06
5.53305e-05
3.02471e-06
5.49961e-05
2.24609e-06
5.47748e-05
1.53276e-06
5.46505e-05
8.95009e-07
2.94481e-07
1.16067e-06
6.00154e-06
-6.68169e-06
-4.22508e-05
-1.38179e-05
-0.000191455
-2.07e-06
-0.000111676
-4.57022e-07
-7.32801e-06
8.15526e-06
-1.70758e-05
1.74514e-05
-1.88704e-05
2.64779e-05
-2.41795e-05
3.35691e-05
-2.22299e-05
3.90726e-05
-1.95933e-05
4.32487e-05
-1.80976e-05
4.67707e-05
-1.79985e-05
5.01387e-05
-1.8603e-05
5.34848e-05
-1.89825e-05
5.67133e-05
-1.86342e-05
5.96681e-05
-1.7529e-05
6.2232e-05
-1.58548e-05
6.4342e-05
-1.38136e-05
6.59771e-05
-1.15561e-05
6.71413e-05
-9.19087e-06
6.78555e-05
-6.81354e-06
6.8155e-05
-4.51189e-06
6.80873e-05
-2.36096e-06
6.77061e-05
-4.11563e-07
6.70744e-05
1.30681e-06
6.62533e-05
2.75172e-06
6.52898e-05
3.95641e-06
6.42355e-05
4.92941e-06
6.31264e-05
5.69416e-06
6.19903e-05
6.26986e-06
6.08482e-05
6.66577e-06
5.97221e-05
6.86855e-06
5.86307e-05
6.85531e-06
5.76038e-05
6.59742e-06
5.66714e-05
6.08919e-06
5.58629e-05
5.3628e-06
5.5194e-05
4.48828e-06
5.46678e-05
3.55096e-06
5.4288e-05
2.62601e-06
5.40328e-05
1.78801e-06
5.38879e-05
1.03988e-06
3.38298e-07
3.21721e-06
4.99872e-06
-6.87387e-06
-3.21598e-05
-3.00755e-05
-0.000168254
-8.44981e-06
-0.000133301
-6.33159e-07
-1.51447e-05
4.88586e-07
-1.81976e-05
1.08803e-05
-2.92622e-05
1.93962e-05
-3.26955e-05
2.819e-05
-3.10238e-05
3.52386e-05
-2.66421e-05
4.07531e-05
-2.36121e-05
4.55025e-05
-2.2748e-05
4.98747e-05
-2.29753e-05
5.39952e-05
-2.3103e-05
5.78209e-05
-2.24598e-05
6.12403e-05
-2.09484e-05
6.41504e-05
-1.87649e-05
6.64914e-05
-1.61546e-05
6.82443e-05
-1.33089e-05
6.9421e-05
-1.03674e-05
7.00576e-05
-7.45004e-06
7.02078e-05
-4.6619e-06
6.99391e-05
-2.09207e-06
6.93191e-05
2.08605e-07
6.84318e-05
2.1943e-06
6.73519e-05
3.83177e-06
6.61351e-05
5.17332e-06
6.48408e-05
6.22374e-06
6.35101e-05
7.02483e-06
6.21759e-05
7.60389e-06
6.08594e-05
7.98219e-06
5.95739e-05
8.154e-06
5.83423e-05
8.08679e-06
5.71881e-05
7.75149e-06
5.61424e-05
7.13501e-06
5.52332e-05
6.27211e-06
5.44819e-05
5.2396e-06
5.38976e-05
4.13528e-06
5.3464e-05
3.05972e-06
5.31706e-05
2.08148e-06
5.30011e-05
1.20936e-06
3.9137e-07
4.9291e-06
4.47706e-06
-5.95091e-06
-2.12798e-05
-2.9951e-05
-0.000144254
-1.22224e-05
-0.00015103
8.54315e-06
-3.59103e-05
3.4165e-06
-1.30711e-05
7.88719e-06
-3.3733e-05
1.47377e-05
-3.95461e-05
2.36983e-05
-3.99846e-05
3.14174e-05
-3.43613e-05
3.81084e-05
-3.03032e-05
4.41519e-05
-2.87916e-05
4.96938e-05
-2.85171e-05
5.47606e-05
-2.81698e-05
5.93133e-05
-2.70125e-05
6.3279e-05
-2.49141e-05
6.65853e-05
-2.20711e-05
6.91803e-05
-1.87496e-05
7.10474e-05
-1.51759e-05
7.22076e-05
-1.15276e-05
7.27166e-05
-7.95892e-06
7.26535e-05
-4.59871e-06
7.21095e-05
-1.54808e-06
7.118e-05
1.13809e-06
6.99827e-05
3.39163e-06
6.85776e-05
5.23694e-06
6.70547e-05
6.69605e-06
6.54741e-05
7.80423e-06
6.38866e-05
8.61231e-06
6.23242e-05
9.16619e-06
6.08064e-05
9.4999e-06
5.93473e-05
9.61307e-06
5.7959e-05
9.47493e-06
5.66674e-05
9.04307e-06
5.55001e-05
8.30241e-06
5.44874e-05
7.28489e-06
5.36482e-05
6.0788e-06
5.2987e-05
4.79654e-06
5.25009e-05
3.54603e-06
5.217e-05
2.41242e-06
5.19781e-05
1.40132e-06
4.48746e-07
7.7255e-06
2.84287e-06
-1.39658e-06
-1.21577e-05
-4.69596e-05
-9.86906e-05
-2.54576e-05
-0.000172532
3.92228e-06
-6.52901e-05
7.41858e-06
-1.65674e-05
1.02212e-05
-3.65357e-05
1.51526e-05
-4.44777e-05
2.18417e-05
-4.66739e-05
2.90304e-05
-4.15501e-05
3.62864e-05
-3.75593e-05
4.33224e-05
-3.58276e-05
4.99362e-05
-3.5131e-05
5.59727e-05
-3.42062e-05
6.13223e-05
-3.23622e-05
6.59117e-05
-2.95035e-05
6.96702e-05
-2.58296e-05
7.25416e-05
-2.16211e-05
7.45075e-05
-1.71419e-05
7.56032e-05
-1.26234e-05
7.59117e-05
-8.26746e-06
7.55482e-05
-4.23533e-06
7.46326e-05
-6.32615e-07
7.33165e-05
2.45398e-06
7.17135e-05
4.99457e-06
6.99137e-05
7.03662e-06
6.80258e-05
8.58388e-06
6.61082e-05
9.72167e-06
6.42247e-05
1.04958e-05
6.24027e-05
1.09881e-05
6.06628e-05
1.12397e-05
5.90113e-05
1.12644e-05
5.74593e-05
1.10269e-05
5.6021e-05
1.04814e-05
5.47258e-05
9.5977e-06
5.36031e-05
8.4077e-06
5.26743e-05
7.00765e-06
5.19426e-05
5.52842e-06
5.13992e-05
4.08955e-06
5.10288e-05
2.78286e-06
5.0813e-05
1.6172e-06
5.17588e-07
9.49722e-06
2.88313e-07
2.603e-06
-5.26346e-06
-2.74419e-05
-6.86457e-05
-2.41342e-05
-0.00017584
-6.82366e-06
-8.26006e-05
1.04479e-05
-3.38389e-05
1.73641e-05
-4.3452e-05
1.98419e-05
-4.69555e-05
2.27625e-05
-4.95946e-05
2.84133e-05
-4.72009e-05
3.55869e-05
-4.47328e-05
4.32726e-05
-4.35133e-05
5.07969e-05
-4.26551e-05
5.77636e-05
-4.11729e-05
6.39753e-05
-3.85739e-05
6.92837e-05
-3.48121e-05
7.35676e-05
-3.01136e-05
7.67393e-05
-2.47929e-05
7.87738e-05
-1.91765e-05
7.97281e-05
-1.35778e-05
7.97297e-05
-8.26923e-06
7.89492e-05
-3.45505e-06
7.75333e-05
7.83272e-07
7.57122e-05
4.27495e-06
7.36011e-05
7.10564e-06
7.13378e-05
9.29983e-06
6.90113e-05
1.09102e-05
6.6706e-05
1.20269e-05
6.44829e-05
1.27188e-05
6.23724e-05
1.30986e-05
6.03891e-05
1.3223e-05
5.85325e-05
1.31209e-05
5.68043e-05
1.2755e-05
5.52167e-05
1.2069e-05
5.37905e-05
1.1024e-05
5.25538e-05
9.64445e-06
5.15274e-05
8.03413e-06
5.07207e-05
6.33524e-06
5.01213e-05
4.68905e-06
4.97087e-05
3.19549e-06
4.94681e-05
1.85783e-06
5.8756e-07
7.11591e-06
-8.4489e-07
1.13e-06
7.22457e-07
-1.70411e-05
-5.04747e-05
-2.44619e-05
-0.000168419
-1.21714e-05
-9.48911e-05
4.36471e-06
-5.0375e-05
1.47016e-05
-5.37889e-05
1.84657e-05
-5.07197e-05
2.17052e-05
-5.28341e-05
2.7668e-05
-5.31638e-05
3.53496e-05
-5.24143e-05
4.37773e-05
-5.19409e-05
5.22021e-05
-5.108e-05
6.01862e-05
-4.91571e-05
6.74176e-05
-4.58054e-05
7.36106e-05
-4.10052e-05
7.85299e-05
-3.5033e-05
8.20287e-05
-2.82917e-05
8.40761e-05
-2.1224e-05
8.47696e-05
-1.42713e-05
8.43046e-05
-7.80424e-06
8.29174e-05
-2.068e-06
8.08764e-05
2.82432e-06
7.83995e-05
6.75171e-06
7.56635e-05
9.84158e-06
7.2821e-05
1.21423e-05
6.99822e-05
1.37489e-05
6.72354e-05
1.47737e-05
6.46315e-05
1.53226e-05
6.22059e-05
1.55241e-05
5.99623e-05
1.54665e-05
5.78931e-05
1.519e-05
5.5987e-05
1.4661e-05
5.4245e-05
1.3811e-05
5.26869e-05
1.25822e-05
5.13377e-05
1.09937e-05
5.02202e-05
9.15177e-06
4.93352e-05
7.22037e-06
4.86772e-05
5.34707e-06
4.82254e-05
3.64732e-06
4.79601e-05
2.12322e-06
6.68842e-07
1.86295e-06
6.85938e-07
-2.32733e-06
4.91274e-06
-1.8671e-05
-3.4131e-05
-3.46861e-05
-0.000152404
-2.01844e-05
-0.000109393
-1.09345e-05
-5.9625e-05
1.17495e-06
-6.58984e-05
1.06466e-05
-6.01914e-05
1.8138e-05
-6.03256e-05
2.63667e-05
-6.13925e-05
3.52415e-05
-6.12891e-05
4.4558e-05
-6.12574e-05
5.40014e-05
-6.05234e-05
6.3235e-05
-5.83906e-05
7.17857e-05
-5.43562e-05
7.9128e-05
-4.83475e-05
8.48423e-05
-4.07473e-05
8.86945e-05
-3.21439e-05
9.06593e-05
-2.31889e-05
9.09084e-05
-1.45205e-05
8.97499e-05
-6.64574e-06
8.75229e-05
1.58859e-07
8.46387e-05
5.70847e-06
8.13119e-05
1.00784e-05
7.78105e-05
1.33428e-05
7.4279e-05
1.56735e-05
7.0852e-05
1.71759e-05
6.76064e-05
1.80191e-05
6.45915e-05
1.83375e-05
6.18307e-05
1.82849e-05
5.93161e-05
1.79811e-05
5.70304e-05
1.74757e-05
5.49485e-05
1.6743e-05
5.30581e-05
1.57014e-05
5.13708e-05
1.42696e-05
4.9909e-05
1.24555e-05
4.8694e-05
1.03668e-05
4.77385e-05
8.17602e-06
4.70238e-05
6.06182e-06
4.65303e-05
4.14089e-06
4.62439e-05
2.40961e-06
7.49568e-07
6.50377e-07
2.18692e-06
-1.59231e-07
5.72235e-06
-1.71588e-05
-1.71315e-05
-3.60783e-05
-0.000133484
-1.93923e-05
-0.000126079
-1.08296e-05
-6.81877e-05
-1.40254e-06
-7.53255e-05
8.92895e-06
-7.05229e-05
1.72862e-05
-6.86828e-05
2.59708e-05
-7.00771e-05
3.53409e-05
-7.06591e-05
4.53857e-05
-7.13022e-05
5.60469e-05
-7.11846e-05
6.69323e-05
-6.92759e-05
7.72689e-05
-6.46927e-05
8.61567e-05
-5.72353e-05
9.28982e-05
-4.74888e-05
9.7134e-05
-3.63797e-05
9.88605e-05
-2.49155e-05
9.83829e-05
-1.40432e-05
9.61938e-05
-4.45677e-06
9.28097e-05
3.5429e-06
8.87775e-05
9.74067e-06
8.44129e-05
1.44429e-05
7.99658e-05
1.77898e-05
7.56366e-05
2.00026e-05
7.15371e-05
2.12753e-05
6.77391e-05
2.1817e-05
6.42851e-05
2.17915e-05
6.11768e-05
2.13932e-05
5.83979e-05
2.07601e-05
5.59047e-05
1.99689e-05
5.36563e-05
1.89914e-05
5.16301e-05
1.77276e-05
4.98233e-05
1.60764e-05
4.82588e-05
1.402e-05
4.696e-05
1.16656e-05
4.59283e-05
9.20775e-06
4.51594e-05
6.83072e-06
4.4632e-05
4.66833e-06
4.43259e-05
2.71572e-06
8.43005e-07
4.06164e-07
3.21937e-06
9.81923e-07
5.14659e-06
-1.08733e-05
-5.27626e-06
-4.67319e-05
-9.76255e-05
-1.92191e-05
-0.000153592
-6.84901e-06
-8.05577e-05
-1.29339e-06
-8.08811e-05
8.01552e-06
-7.98318e-05
1.58669e-05
-7.65342e-05
2.41393e-05
-7.83494e-05
3.38796e-05
-8.03995e-05
4.50741e-05
-8.24966e-05
5.76775e-05
-8.37879e-05
7.11099e-05
-8.27082e-05
8.40955e-05
-7.76785e-05
9.51778e-05
-6.83177e-05
0.00010329
-5.56016e-05
0.000107926
-4.10157e-05
0.000109149
-2.6138e-05
0.000107501
-1.23957e-05
0.000103762
-7.18093e-07
9.88457e-05
8.45937e-06
9.33107e-05
1.52757e-05
8.76134e-05
2.01402e-05
8.20411e-05
2.33619e-05
7.67842e-05
2.52594e-05
7.19356e-05
2.61239e-05
6.75563e-05
2.61963e-05
6.3648e-05
2.56998e-05
6.01987e-05
2.48425e-05
5.71649e-05
2.3794e-05
5.4484e-05
2.26499e-05
5.20948e-05
2.13807e-05
4.9949e-05
1.98734e-05
4.80374e-05
1.79881e-05
4.63769e-05
1.56806e-05
4.499e-05
1.30525e-05
4.38939e-05
1.03039e-05
4.30743e-05
7.65028e-06
4.25091e-05
5.23355e-06
4.21798e-05
3.04501e-06
9.35511e-07
-1.60907e-06
5.18804e-06
-3.04628e-06
6.5838e-06
-1.17476e-05
3.42507e-06
-3.0042e-05
-7.93311e-05
-1.37253e-05
-0.000169908
-4.19651e-06
-9.00864e-05
-1.03804e-06
-8.40395e-05
5.72726e-06
-8.6597e-05
1.18269e-05
-8.26338e-05
1.93045e-05
-8.5827e-05
2.96004e-05
-9.06953e-05
4.23717e-05
-9.52678e-05
5.7841e-05
-9.92572e-05
7.52893e-05
-0.000100157
9.24369e-05
-9.48263e-05
0.000106829
-8.27095e-05
0.000116844
-6.56174e-05
0.000121845
-4.60164e-05
0.000122082
-2.6375e-05
0.000118553
-8.86734e-06
0.000112555
5.2798e-06
0.000105469
1.55456e-05
9.80177e-05
2.2727e-05
9.0704e-05
2.74538e-05
8.38257e-05
3.02401e-05
7.75294e-05
3.15557e-05
7.18867e-05
3.17666e-05
6.69026e-05
3.11804e-05
6.25519e-05
3.00506e-05
5.87867e-05
2.86077e-05
5.5534e-05
2.70468e-05
5.27028e-05
2.54812e-05
5.0203e-05
2.38805e-05
4.7969e-05
2.21074e-05
4.59747e-05
1.99825e-05
4.42346e-05
1.74206e-05
4.27777e-05
1.45096e-05
4.16121e-05
1.14695e-05
4.07352e-05
8.52708e-06
4.01364e-05
5.83235e-06
3.9793e-05
3.3884e-06
1.02984e-06
-4.33522e-06
8.88424e-06
-8.59991e-06
1.08485e-05
-1.77824e-05
1.26075e-05
-3.96386e-05
-5.74749e-05
-2.07532e-05
-0.000188794
-4.1205e-06
-0.000106719
-2.99031e-07
-8.78609e-05
3.18989e-06
-9.00859e-05
6.46154e-06
-8.59054e-05
1.30731e-05
-9.24384e-05
2.40778e-05
-0.0001017
3.83364e-05
-0.000109526
5.70901e-05
-0.000118011
7.98533e-05
-0.00012292
0.000102843
-0.000117816
0.000122032
-0.000101898
0.000134779
-7.83644e-05
0.000140063
-5.13004e-05
0.000138444
-2.47557e-05
0.000131756
-2.17987e-06
0.000122576
1.44601e-05
0.000112537
2.55841e-05
0.000102643
3.26209e-05
9.34017e-05
3.66954e-05
8.50457e-05
3.8596e-05
7.76471e-05
3.89543e-05
7.11914e-05
3.82223e-05
6.56253e-05
3.67465e-05
6.08741e-05
3.48018e-05
5.68468e-05
3.26351e-05
5.34334e-05
3.04602e-05
5.05087e-05
2.84058e-05
4.79499e-05
2.64393e-05
4.56624e-05
2.43949e-05
4.36085e-05
2.20363e-05
4.17998e-05
1.92292e-05
4.02714e-05
1.6038e-05
3.90522e-05
1.26886e-05
3.81428e-05
9.43647e-06
3.7514e-05
6.46121e-06
3.71574e-05
3.74497e-06
1.13225e-06
-5.82108e-06
1.35865e-05
-1.04643e-05
1.54917e-05
-1.772e-05
1.98632e-05
-3.77258e-05
-3.7469e-05
-1.68701e-05
-0.000209649
1.51167e-06
-0.000125101
3.36974e-06
-8.97189e-05
3.10881e-06
-8.98249e-05
3.63171e-06
-8.6428e-05
1.05293e-05
-9.93358e-05
2.28927e-05
-0.000114063
3.84366e-05
-0.00012507
6.00237e-05
-0.000139598
8.82387e-05
-0.000151135
0.000117762
-0.000147339
0.000142816
-0.000126952
0.000159096
-9.46448e-05
0.000164366
-5.65705e-05
0.000159387
-1.9776e-05
0.000147589
9.6178e-06
0.000133557
2.84922e-05
0.00011956
3.95805e-05
0.000106707
4.5474e-05
9.53e-05
4.81025e-05
8.53767e-05
4.85192e-05
7.68632e-05
4.74677e-05
6.96379e-05
4.54476e-05
6.35581e-05
4.28263e-05
5.84883e-05
3.98715e-05
5.42861e-05
3.68372e-05
5.07989e-05
3.39474e-05
4.78591e-05
3.13455e-05
4.53057e-05
2.89927e-05
4.30165e-05
2.66842e-05
4.09377e-05
2.41151e-05
3.90847e-05
2.10822e-05
3.75034e-05
1.76194e-05
3.62302e-05
1.39619e-05
3.52727e-05
1.0394e-05
3.4625e-05
7.10892e-06
3.42606e-05
4.10949e-06
1.22608e-06
-5.77223e-06
1.9116e-05
-1.00497e-05
1.97691e-05
-1.59983e-05
2.58119e-05
-2.651e-05
-2.69573e-05
-7.79452e-06
-0.000228365
1.22445e-05
-0.00014514
9.31752e-06
-8.67918e-05
5.58972e-06
-8.60969e-05
6.36556e-06
-8.72036e-05
1.59187e-05
-0.000108889
3.10819e-05
-0.000129226
4.8535e-05
-0.000142523
7.25995e-05
-0.000163662
0.000106001
-0.000184537
0.000141619
-0.000182957
0.000172754
-0.000158088
0.000193165
-0.000115056
0.00019735
-6.07556e-05
0.000185891
-8.31694e-06
0.000166165
2.93436e-05
0.000144877
4.97803e-05
0.000125767
5.86907e-05
0.00010948
6.17604e-05
9.57639e-05
6.18188e-05
8.43049e-05
5.9978e-05
7.47944e-05
5.69781e-05
6.69336e-05
5.33084e-05
6.04799e-05
4.92799e-05
5.52235e-05
4.51278e-05
5.09731e-05
4.10876e-05
4.75295e-05
3.73909e-05
4.46804e-05
3.41946e-05
4.22215e-05
3.14515e-05
3.99951e-05
2.89107e-05
3.79332e-05
2.61769e-05
3.60553e-05
2.29602e-05
3.44299e-05
1.92448e-05
3.31136e-05
1.52782e-05
3.21209e-05
1.13868e-05
3.14497e-05
7.7802e-06
3.10871e-05
4.47211e-06
1.31076e-06
-6.49238e-06
2.52732e-05
-1.00365e-05
2.33132e-05
-1.5658e-05
3.14334e-05
-2.06055e-05
-2.20099e-05
-8.05681e-06
-0.000240913
1.64316e-05
-0.000169628
1.00234e-05
-8.03835e-05
7.99784e-06
-8.40712e-05
1.62463e-05
-9.54521e-05
3.08052e-05
-0.000123448
4.78928e-05
-0.000146314
6.72121e-05
-0.000161843
9.3414e-05
-0.000189864
0.000131941
-0.000223064
0.000171251
-0.000222267
0.000207951
-0.000194788
0.000235453
-0.000142558
0.000240322
-6.56243e-05
0.000218721
1.32834e-05
0.000186242
6.18226e-05
0.000155009
8.10135e-05
0.000129766
8.39333e-05
0.000109867
8.16596e-05
9.40159e-05
7.76696e-05
8.1297e-05
7.26969e-05
7.10537e-05
6.72214e-05
6.2801e-05
6.1561e-05
5.61804e-05
5.59005e-05
5.09239e-05
5.03842e-05
4.67949e-05
4.52166e-05
4.35504e-05
4.06353e-05
4.09282e-05
3.68168e-05
3.86742e-05
3.37056e-05
3.65948e-05
3.09901e-05
3.46014e-05
2.81705e-05
3.27244e-05
2.48373e-05
3.10597e-05
2.09096e-05
2.96956e-05
1.66424e-05
2.86736e-05
1.24088e-05
2.79925e-05
8.4614e-06
2.76337e-05
4.83087e-06
1.3874e-06
7.33696e-07
3.4691e-05
-8.11883e-06
3.21657e-05
-1.61973e-05
3.95119e-05
-2.07295e-05
-1.74777e-05
-2.77404e-05
-0.000233902
1.29849e-06
-0.000198667
8.79848e-06
-8.78834e-05
1.4774e-05
-9.00468e-05
3.6487e-05
-0.000117165
5.57935e-05
-0.000142754
6.80142e-05
-0.000158534
8.36415e-05
-0.00017747
0.000106512
-0.000212735
0.000144905
-0.000261456
0.000179354
-0.000256716
0.0002182
-0.000233635
0.000258457
-0.000182815
0.000276506
-8.36735e-05
0.000251796
3.79931e-05
0.000204395
0.000109224
0.000161131
0.000124277
0.000129329
0.000115736
0.000106387
0.000104601
8.91416e-05
9.4915e-05
7.57824e-05
8.60561e-05
6.52739e-05
7.77299e-05
5.69739e-05
6.9861e-05
5.0468e-05
6.24064e-05
4.54528e-05
5.53993e-05
4.16603e-05
4.90091e-05
3.88101e-05
4.34854e-05
3.659e-05
3.90369e-05
3.46824e-05
3.56133e-05
3.28403e-05
3.28322e-05
3.09635e-05
3.00474e-05
2.9105e-05
2.66959e-05
2.74071e-05
2.26074e-05
2.59953e-05
1.80543e-05
2.49396e-05
1.34645e-05
2.42515e-05
9.14958e-06
2.39044e-05
5.17804e-06
1.45574e-06
1.42359e-06
3.32674e-05
-8.57789e-06
4.21672e-05
-1.48191e-05
4.57531e-05
-1.73399e-05
-1.49569e-05
-4.48494e-05
-0.000206393
-1.19924e-05
-0.000231524
1.77794e-05
-0.000117655
3.48001e-05
-0.000107067
5.9184e-05
-0.000141549
7.38603e-05
-0.00015743
7.35024e-05
-0.000158176
7.73478e-05
-0.000181315
8.71353e-05
-0.000222522
0.000109024
-0.000283345
0.000124509
-0.000272201
0.000156226
-0.000265352
0.000198475
-0.000225064
0.000231287
-0.000116486
0.000232785
3.64956e-05
0.000195125
0.000146883
0.000149759
0.000169643
0.000115398
0.000150096
9.23958e-05
0.000127604
7.61322e-05
0.000111179
6.38234e-05
9.83649e-05
5.42343e-05
8.7319e-05
4.67431e-05
7.73521e-05
4.09846e-05
6.81649e-05
3.67037e-05
5.96803e-05
3.36553e-05
5.20575e-05
3.15474e-05
4.55933e-05
3.00187e-05
4.05657e-05
2.86898e-05
3.69424e-05
2.72677e-05
3.42545e-05
2.56427e-05
3.16725e-05
2.39084e-05
2.84302e-05
2.22657e-05
2.42502e-05
2.08868e-05
1.94333e-05
1.98616e-05
1.44898e-05
1.92099e-05
9.80135e-06
1.88977e-05
5.49024e-06
1.50958e-06
-8.34495e-07
3.41019e-05
-1.05264e-05
5.18591e-05
-1.01757e-05
4.54025e-05
-1.72767e-07
-2.49599e-05
-2.33319e-05
-0.000183234
-1.06465e-05
-0.000244209
1.4236e-05
-0.000142538
2.8218e-05
-0.000121049
4.57701e-05
-0.000159101
5.21011e-05
-0.000163761
4.88097e-05
-0.000154885
4.94818e-05
-0.000181987
5.04462e-05
-0.000223487
5.50437e-05
-0.000287943
5.1907e-05
-0.000269064
6.57459e-05
-0.000279191
9.46604e-05
-0.000253978
0.00013828
-0.000160105
0.00016497
9.80549e-06
0.000156639
0.000155214
0.000126834
0.000199449
9.8682e-05
0.000178248
7.87321e-05
0.000147554
6.44966e-05
0.000125414
5.35422e-05
0.000109319
4.48777e-05
9.59834e-05
3.80895e-05
8.41404e-05
3.29698e-05
7.32846e-05
2.93703e-05
6.32797e-05
2.71088e-05
5.4319e-05
2.58566e-05
4.68454e-05
2.51211e-05
4.13013e-05
2.43965e-05
3.76671e-05
2.33396e-05
3.53115e-05
2.18645e-05
3.31475e-05
2.01401e-05
3.01546e-05
1.84413e-05
2.5949e-05
1.70141e-05
2.08606e-05
1.59694e-05
1.55345e-05
1.53273e-05
1.04434e-05
1.50474e-05
5.77009e-06
1.55019e-06
7.317e-06
8.2487e-05
-1.21965e-05
7.13726e-05
3.75012e-07
3.2831e-05
3.12769e-05
-5.58618e-05
2.22358e-05
-0.000174193
-1.49273e-05
-0.000207046
-4.81196e-05
-0.000109345
-5.86128e-05
-0.000110556
-6.09177e-05
-0.000156796
-4.0779e-05
-0.0001839
-1.12289e-05
-0.000184435
1.06523e-05
-0.000203868
2.21061e-05
-0.000234941
1.46333e-05
-0.00028047
9.16675e-06
-0.000263598
1.39122e-05
-0.000283936
2.71613e-05
-0.000267227
4.6213e-05
-0.000179157
8.23828e-05
-2.63642e-05
9.99465e-05
0.00013765
9.57306e-05
0.000203665
8.19028e-05
0.000192076
6.82175e-05
0.000161239
5.66131e-05
0.000137018
4.6657e-05
0.000119276
3.82513e-05
0.000104389
3.15066e-05
9.08851e-05
2.65611e-05
7.82301e-05
2.35338e-05
6.63071e-05
2.23788e-05
5.5474e-05
2.26112e-05
4.6613e-05
2.3236e-05
4.06765e-05
2.32931e-05
3.761e-05
2.23649e-05
3.62397e-05
2.06174e-05
3.48951e-05
1.84782e-05
3.22937e-05
1.63709e-05
2.80563e-05
1.46216e-05
2.26099e-05
1.33989e-05
1.67574e-05
1.26992e-05
1.11431e-05
1.24317e-05
6.03754e-06
1.59246e-06
-2.9604e-05
0.000100865
-2.3952e-05
6.57206e-05
4.93317e-06
3.94581e-06
3.30271e-05
-8.39558e-05
-2.02974e-05
-0.000120868
-0.000114186
-0.000113158
-0.000123814
-9.9717e-05
-0.000100262
-0.000134107
-7.11339e-05
-0.000185924
-3.21411e-05
-0.000222892
9.58253e-06
-0.000226159
2.26049e-05
-0.000216891
4.22295e-05
-0.000254565
3.31288e-05
-0.000271369
1.98861e-05
-0.000250355
-6.49861e-06
-0.000257551
-1.988e-05
-0.000253846
-1.33306e-05
-0.000185706
1.22432e-05
-5.1938e-05
3.29829e-05
0.00011691
4.37651e-05
0.000192883
4.45267e-05
0.000191314
4.03402e-05
0.000165426
3.40986e-05
0.00014326
2.72135e-05
0.000126161
2.06618e-05
0.000110941
1.51571e-05
9.63898e-05
1.13166e-05
8.20707e-05
9.74661e-06
6.78772e-05
1.06248e-05
5.45957e-05
1.34102e-05
4.38277e-05
1.65572e-05
3.75296e-05
1.81564e-05
3.6011e-05
1.73252e-05
3.70709e-05
1.502e-05
3.72003e-05
1.24258e-05
3.48879e-05
1.00945e-05
3.03875e-05
8.30146e-06
2.4403e-05
7.14256e-06
1.79163e-05
6.53948e-06
1.17462e-05
6.32736e-06
6.24962e-06
1.64194e-06
-7.17405e-05
0.000101267
-6.68476e-05
6.08276e-05
-6.49563e-05
2.05452e-06
-0.000106857
-4.20551e-05
-0.000147194
-8.05305e-05
-0.000121353
-0.000138999
-7.0822e-05
-0.000150248
-1.65168e-05
-0.000188413
3.66933e-05
-0.000239135
8.81378e-05
-0.000274337
0.000125357
-0.000263378
0.0001411
-0.000232634
0.000132086
-0.000245551
9.2824e-05
-0.000232107
5.85598e-05
-0.000216091
2.69616e-05
-0.000225953
6.26466e-06
-0.000233149
-4.77652e-06
-0.000174665
-9.92211e-06
-4.67925e-05
-1.40261e-06
0.000108391
7.75701e-06
0.000183723
1.41776e-05
0.000184893
1.51224e-05
0.000164481
1.20916e-05
0.000146291
7.12279e-06
0.000131129
1.65083e-06
0.000116413
-3.31302e-06
0.000101354
-6.82031e-06
8.5578e-05
-8.46264e-06
6.95196e-05
-7.56216e-06
5.36953e-05
-3.16986e-06
3.94354e-05
4.12633e-06
3.02334e-05
1.04665e-05
2.96709e-05
1.16116e-05
3.59259e-05
9.11591e-06
3.96959e-05
5.81764e-06
3.81861e-05
3.13996e-06
3.30652e-05
1.37634e-06
2.61668e-05
3.89923e-07
1.89028e-05
-4.86917e-08
1.21848e-05
-2.11829e-07
6.41273e-06
1.76625e-06
-0.000108266
0.000113018
-0.000137632
9.01942e-05
-0.000167597
3.20192e-05
-0.000171661
-3.79905e-05
-0.000144558
-0.000107634
-7.4697e-05
-0.00020886
2.73107e-05
-0.000252256
0.000134684
-0.000295786
0.000239365
-0.000343815
0.000323284
-0.000358256
0.000363024
-0.000303118
0.000368228
-0.000237839
0.00027072
-0.000148042
0.000161081
-0.000122468
0.000101765
-0.000156775
6.64963e-05
-0.000190685
3.98859e-05
-0.000206539
1.58263e-05
-0.000150605
-1.33549e-05
-1.76113e-05
-2.15164e-05
0.000116552
-1.51375e-05
0.000177344
-8.25786e-06
0.000178014
-6.15018e-06
0.000162373
-8.36557e-06
0.000148506
-1.29195e-05
0.000135683
-1.86858e-05
0.000122179
-2.51688e-05
0.000107837
-3.23661e-05
9.27754e-05
-3.86741e-05
7.58275e-05
-4.03322e-05
5.53534e-05
-3.4723e-05
3.38262e-05
-2.28367e-05
1.83472e-05
-8.9686e-06
1.58029e-05
7.07729e-08
2.68866e-05
8.39341e-07
3.89273e-05
-1.86746e-06
4.08929e-05
-4.67148e-06
3.58693e-05
-6.35439e-06
2.78498e-05
-7.00811e-06
1.95566e-05
-7.18132e-06
1.23581e-05
-7.29896e-06
6.53036e-06
1.99954e-06
-0.000116371
0.000138344
-0.000165
0.000138823
-0.000225153
9.21719e-05
-0.000268398
5.25456e-06
-0.000241779
-0.000134252
-0.00012285
-0.00032779
0.000100135
-0.00047524
0.000306173
-0.000501825
0.000460672
-0.000498314
0.000540707
-0.00043829
0.000561919
-0.00032433
0.000490254
-0.000166173
0.0003342
8.01105e-06
0.000174736
3.69963e-05
0.000115535
-9.75739e-05
8.55389e-05
-0.000160689
5.48225e-05
-0.000175822
2.41422e-05
-0.000119925
-1.31837e-05
1.97145e-05
-2.9472e-05
0.00013284
-2.84539e-05
0.000176326
-2.4488e-05
0.000174048
-2.40699e-05
0.000161955
-2.72017e-05
0.000151638
-3.29007e-05
0.000141382
-4.12207e-05
0.000130499
-5.26798e-05
0.000119296
-6.59369e-05
0.000106033
-7.62019e-05
8.60925e-05
-7.8982e-05
5.81335e-05
-7.33739e-05
2.82181e-05
-5.99153e-05
4.8887e-06
-4.15764e-05
-2.53594e-06
-2.30941e-05
8.40433e-06
-1.35288e-05
2.9362e-05
-1.27625e-05
4.01266e-05
-1.39615e-05
3.70683e-05
-1.47475e-05
2.86358e-05
-1.47434e-05
1.95527e-05
-1.45929e-05
1.22075e-05
-1.4752e-05
6.6895e-06
2.33666e-06
-7.78177e-05
0.000149807
-9.49278e-05
0.000155933
-0.000114107
0.000111351
-9.31255e-05
-1.57272e-05
-7.8871e-05
-0.000148507
-3.15993e-05
-0.000375061
0.000158159
-0.000664999
0.000350443
-0.000694108
0.000422439
-0.00057031
0.000394804
-0.000410654
0.000326521
-0.000256047
0.000265224
-0.000104877
0.000168529
0.000104706
0.000117761
8.77646e-05
0.000102796
-8.26093e-05
8.37031e-05
-0.000141596
4.22935e-05
-0.000134413
1.71777e-06
-7.93492e-05
-2.39499e-05
4.53821e-05
-3.69492e-05
0.000145839
-3.91812e-05
0.000178557
-3.85908e-05
0.000173457
-4.04704e-05
0.000163834
-4.52873e-05
0.000156455
-5.31852e-05
0.00014928
-6.49426e-05
0.000142257
-7.98576e-05
0.000134211
-9.37472e-05
0.000119922
-0.000101725
9.40699e-05
-0.000102764
5.91726e-05
-9.79e-05
2.33546e-05
-8.72343e-05
-5.77697e-06
-6.99497e-05
-1.98205e-05
-4.89222e-05
-1.26231e-05
-3.18599e-05
1.22996e-05
-2.55263e-05
3.37931e-05
-2.43066e-05
3.58486e-05
-2.36909e-05
2.80202e-05
-2.28951e-05
1.87569e-05
-2.24583e-05
1.17708e-05
-2.26889e-05
6.92012e-06
2.75407e-06
1.60278e-05
0.000139137
4.14163e-05
0.000130545
8.9888e-05
6.28797e-05
0.000134811
-6.06505e-05
0.000172681
-0.000186377
0.000295581
-0.000497961
0.000378354
-0.000747772
0.000391148
-0.000706903
0.000314024
-0.000493186
0.000200607
-0.000297238
9.40308e-05
-0.000149471
1.08897e-05
-2.17358e-05
8.77589e-06
0.00010682
8.52157e-05
1.13248e-05
9.14258e-05
-8.88194e-05
6.33723e-05
-0.000113542
1.13088e-05
-8.23491e-05
-1.99561e-05
-4.80843e-05
-3.35421e-05
5.8968e-05
-4.53756e-05
0.000157673
-5.04752e-05
0.000183657
-5.2779e-05
0.000175761
-5.6565e-05
0.00016762
-6.27984e-05
0.000162688
-7.21666e-05
0.000158648
-8.46072e-05
0.000154697
-9.73117e-05
0.000146915
-0.000105942
0.000128553
-0.000109169
9.72963e-05
-0.000108668
5.86723e-05
-0.000104633
1.93193e-05
-9.605e-05
-1.43599e-05
-8.22389e-05
-3.36315e-05
-6.45682e-05
-3.02939e-05
-4.68901e-05
-5.37849e-06
-3.68e-05
2.37029e-05
-3.36843e-05
3.2733e-05
-3.19486e-05
2.62846e-05
-3.08233e-05
1.76317e-05
-3.0555e-05
1.15026e-05
-3.10299e-05
7.39504e-06
3.20121e-06
0.000214535
0.000122421
0.000236258
0.000108822
0.000258173
4.09646e-05
0.000310393
-0.000112871
0.000431948
-0.000307932
0.000566338
-0.000632351
0.000533693
-0.000715127
0.000380854
-0.000554063
0.000183398
-0.000295731
1.68789e-05
-0.000130719
-9.59401e-05
-3.66516e-05
-0.000127023
9.34716e-06
-1.63977e-05
-3.80599e-06
5.86731e-05
-6.37461e-05
6.47505e-05
-9.48968e-05
-5.38861e-06
-4.34029e-05
-9.36735e-06
-7.83703e-05
-2.23436e-05
-3.51083e-05
-3.94874e-05
7.61118e-05
-5.48439e-05
0.000173029
-6.33962e-05
0.000192209
-6.78422e-05
0.000180207
-7.24776e-05
0.000172256
-7.87589e-05
0.000168969
-8.69729e-05
0.000166862
-9.56826e-05
0.000163407
-0.000101887
0.000153119
-0.000103989
0.000130656
-0.000103796
9.71032e-05
-0.000103073
5.79494e-05
-0.000100191
1.64373e-05
-9.34917e-05
-2.10596e-05
-8.17997e-05
-4.53235e-05
-6.71495e-05
-4.49442e-05
-5.38359e-05
-1.86921e-05
-4.48019e-05
1.46689e-05
-4.11603e-05
2.90914e-05
-3.91887e-05
2.43131e-05
-3.83087e-05
1.67518e-05
-3.87408e-05
1.19347e-05
-3.97028e-05
8.35698e-06
3.59307e-06
0.000377998
9.94373e-05
0.000397001
8.98186e-05
0.000423164
1.48019e-05
0.000483438
-0.000173145
0.000648709
-0.000473202
0.000655457
-0.000639099
0.000411479
-0.000471149
0.000109905
-0.000252489
-9.18631e-05
-9.3963e-05
-0.000139583
-8.29981e-05
-0.000101758
-7.4477e-05
-3.79454e-05
-5.44654e-05
1.56158e-05
-5.73673e-05
3.57336e-05
-8.38638e-05
-6.53101e-05
6.14696e-06
-1.50665e-05
-9.36465e-05
1.20305e-05
-0.000105467
-1.48007e-05
-8.2771e-06
-4.82001e-05
0.000109511
-6.893e-05
0.000193759
-7.92399e-05
0.000202519
-8.39669e-05
0.000184934
-8.74837e-05
0.000175772
-9.13096e-05
0.000172795
-9.49143e-05
0.000170467
-9.63999e-05
0.000164893
-9.43702e-05
0.00015109
-8.9988e-05
0.000126274
-8.59942e-05
9.31094e-05
-8.33848e-05
5.534e-05
-8.13579e-05
1.44105e-05
-7.76892e-05
-2.47283e-05
-7.04154e-05
-5.25973e-05
-6.03566e-05
-5.5003e-05
-5.25135e-05
-2.65352e-05
-4.9191e-05
1.13464e-05
-4.78493e-05
2.77498e-05
-4.68335e-05
2.32973e-05
-4.65107e-05
1.64291e-05
-4.73989e-05
1.28229e-05
-4.84297e-05
9.38781e-06
3.76489e-06
0.000503292
6.27406e-05
0.000531898
6.12118e-05
0.000584357
-3.76569e-05
0.00064806
-0.000236849
0.000592128
-0.000417269
0.000286332
-0.000333303
-3.86137e-05
-0.000146203
-0.000204968
-8.61345e-05
-0.000193818
-0.000105113
-0.000147856
-0.00012896
-9.06708e-05
-0.000131662
-4.30999e-05
-0.000102036
-1.95398e-06
-9.85132e-05
-9.10949e-05
5.2771e-06
-1.05719e-05
-7.43759e-05
6.71901e-05
-0.000171409
2.86588e-05
-6.69361e-05
-3.05731e-05
5.09546e-05
-7.49153e-05
0.000153853
-9.36295e-05
0.000212473
-9.98303e-05
0.00020872
-0.000100939
0.000186043
-0.000100118
0.000174951
-9.82291e-05
0.000170906
-9.43336e-05
0.000166571
-8.71385e-05
0.000157698
-7.69738e-05
0.000140925
-6.62169e-05
0.000115517
-5.71561e-05
8.40486e-05
-5.07882e-05
4.89721e-05
-4.78296e-05
1.1452e-05
-4.67085e-05
-2.58493e-05
-4.67151e-05
-5.25907e-05
-4.57355e-05
-5.59827e-05
-4.61234e-05
-2.61473e-05
-4.98445e-05
1.50676e-05
-5.32832e-05
3.11885e-05
-5.44974e-05
2.45117e-05
-5.53732e-05
1.73049e-05
-5.6438e-05
1.38878e-05
-5.70561e-05
1.0006e-05
3.69787e-06
0.000432766
-5.12563e-05
0.000502128
-8.15076e-06
0.000500742
-3.62707e-05
0.000380282
-0.000116389
0.000123889
-0.000160877
-0.0001446
-6.48142e-05
-0.00024783
-4.29733e-05
-0.000258564
-7.54002e-05
-0.000247985
-0.000115692
-0.00023174
-0.000145206
-0.000188394
-0.000175008
-9.13959e-05
-0.000199034
8.23955e-06
-0.000198148
0.000100637
-8.71202e-05
0.000124163
-9.79016e-05
3.4281e-05
-8.15269e-05
-4.26081e-05
9.95299e-06
-0.000100432
0.000108779
-0.000126836
0.000180257
-0.000130011
0.000215648
-0.000124588
0.000203297
-0.000117146
0.000178601
-0.000108246
0.000166051
-9.77169e-05
0.000160377
-8.49365e-05
0.000153791
-6.95769e-05
0.000142338
-5.29446e-05
0.000124293
-3.74066e-05
9.99788e-05
-2.46746e-05
7.13166e-05
-1.50093e-05
3.93068e-05
-8.99159e-06
5.43432e-06
-9.58597e-06
-2.52549e-05
-1.69393e-05
-4.52373e-05
-2.73444e-05
-4.55776e-05
-3.98743e-05
-1.36173e-05
-5.12762e-05
2.64696e-05
-5.78549e-05
3.77673e-05
-6.06156e-05
2.72724e-05
-6.28125e-05
1.95019e-05
-6.44228e-05
1.54982e-05
-6.49268e-05
1.051e-05
3.67019e-06
0.000276754
-0.000143914
0.000286963
-1.83595e-05
0.000174102
7.65902e-05
-2.1758e-05
7.94724e-05
-0.000197649
1.50138e-05
-0.000268005
5.54153e-06
-0.000295282
-1.56962e-05
-0.000319931
-5.07515e-05
-0.000347622
-8.80004e-05
-0.000364865
-0.000127962
-0.000366894
-0.00017298
-0.000335023
-0.000230905
-0.000286239
-0.000246933
-0.000176574
-0.000196785
-0.000138078
-0.000136398
-0.000160581
-5.90246e-05
-0.000185159
3.45307e-05
-0.000191648
0.000115268
-0.000186864
0.000175473
-0.000168735
0.000197519
-0.000148218
0.00018278
-0.000129394
0.000159777
-0.000110238
0.000146895
-8.99523e-05
0.000140091
-6.88362e-05
0.000132675
-4.75101e-05
0.000121012
-2.72431e-05
0.000104026
-9.34219e-06
8.20779e-05
6.4028e-06
5.55717e-05
1.95763e-05
2.61333e-05
2.58074e-05
-7.96798e-07
2.36761e-05
-2.31237e-05
8.39348e-06
-2.99546e-05
-1.51575e-05
-2.20266e-05
-4.09586e-05
1.21839e-05
-5.8047e-05
4.3558e-05
-6.45759e-05
4.42963e-05
-6.81085e-05
3.08051e-05
-7.12837e-05
2.26772e-05
-7.28359e-05
1.70504e-05
-7.30915e-05
1.07656e-05
3.7028e-06
7.95757e-05
-0.000156665
1.6529e-05
4.46863e-05
-9.54568e-05
0.000188576
-0.000181818
0.000165834
-0.000238935
7.21309e-05
-0.000275591
4.21965e-05
-0.000305666
1.43795e-05
-0.000331403
-2.5015e-05
-0.000354628
-6.47747e-05
-0.000378293
-0.000104298
-0.000404995
-0.000146277
-0.000423384
-0.000212515
-0.000403108
-0.000267209
-0.000345423
-0.00025447
-0.000295644
-0.000186177
-0.000279493
-7.51753e-05
-0.000271184
2.62209e-05
-0.000257227
0.000101311
-0.000230894
0.00014914
-0.000196018
0.000162643
-0.000162346
0.000149107
-0.000132349
0.00012978
-0.000103258
0.000117805
-7.44652e-05
0.000111298
-4.7395e-05
0.000105605
-2.30546e-05
9.66715e-05
-1.92617e-06
8.28976e-05
1.50989e-05
6.50529e-05
2.87645e-05
4.19062e-05
4.58587e-05
9.03913e-06
5.85905e-05
-1.35286e-05
5.20255e-05
-1.65587e-05
2.35666e-05
-1.4957e-06
-1.91699e-05
2.07099e-05
-5.51358e-05
4.81499e-05
-7.15921e-05
6.00144e-05
-7.65013e-05
4.92055e-05
-7.98949e-05
3.41988e-05
-8.19439e-05
2.47263e-05
-8.21501e-05
1.72566e-05
-8.19365e-05
1.0552e-05
3.69403e-06
-9.38581e-05
-0.000125804
-0.000147448
9.8277e-05
-0.00018734
0.000228467
-0.000210769
0.000189263
-0.00022992
9.12819e-05
-0.000253283
6.55596e-05
-0.000272998
3.40944e-05
-0.000286553
-1.14604e-05
-0.000296569
-5.47578e-05
-0.000315353
-8.55147e-05
-0.000351792
-0.000109838
-0.000401967
-0.000162341
-0.000425809
-0.000243367
-0.000415077
-0.000265201
-0.000377703
-0.000223552
-0.000346868
-0.00010601
-0.000323355
2.70873e-06
-0.000292603
7.05582e-05
-0.000252115
0.000108653
-0.000207133
0.000117661
-0.000163501
0.000105475
-0.000122334
8.86142e-05
-8.36428e-05
7.91131e-05
-4.82655e-05
7.59209e-05
-1.80392e-05
7.53783e-05
7.29571e-06
7.13366e-05
2.83571e-05
6.18364e-05
4.84363e-05
4.49738e-05
6.82032e-05
2.21393e-05
8.02044e-05
-2.96215e-06
6.95376e-05
-2.86175e-06
3.564e-05
1.73389e-05
-1.32159e-05
4.73602e-05
-6.03363e-05
6.78303e-05
-8.52056e-05
7.30192e-05
-9.2119e-05
6.69279e-05
-9.37606e-05
5.08471e-05
-9.52625e-05
3.57008e-05
-9.48582e-05
2.43221e-05
-9.31609e-05
1.55593e-05
-9.17732e-05
9.1643e-06
3.27613e-06
-0.000189904
-8.27974e-05
-0.000202679
0.000111052
-0.000193947
0.000219736
-0.000192051
0.000187367
-0.000200514
9.97447e-05
-0.000216039
8.10847e-05
-0.000230305
4.83598e-05
-0.000239153
-2.61193e-06
-0.000238685
-5.52261e-05
-0.000238957
-8.52429e-05
-0.000263577
-8.5217e-05
-0.000323529
-0.00010239
-0.000394425
-0.00017247
-0.000423535
-0.000236092
-0.000405069
-0.000242016
-0.000372483
-0.000138596
-0.000339694
-3.00806e-05
-0.000299736
3.06e-05
-0.000253712
6.263e-05
-0.000203828
6.77761e-05
-0.000152237
5.38836e-05
-9.89892e-05
3.53667e-05
-5.07443e-05
3.08681e-05
-8.80386e-06
3.39804e-05
2.77902e-05
3.87841e-05
5.11462e-05
4.79806e-05
5.62907e-05
5.66921e-05
4.54892e-05
5.57753e-05
2.08183e-05
4.68101e-05
-1.55864e-05
3.34424e-05
-5.83804e-05
3.99323e-05
-9.13443e-05
5.03028e-05
-0.00010933
6.53457e-05
-0.000116932
7.54329e-05
-0.000117687
7.37736e-05
-0.000114114
6.33553e-05
-0.00011098
4.77132e-05
-0.000108164
3.28845e-05
-0.000104087
2.02452e-05
-9.97675e-05
1.12398e-05
-9.75861e-05
6.98289e-06
3.46317e-06
-0.000238157
-4.96218e-05
-0.000226327
9.92223e-05
-0.000190569
0.000183978
-0.000168966
0.000165764
-0.000172567
0.000103346
-0.000172357
8.08748e-05
-0.000181124
5.71262e-05
-0.000198425
1.4689e-05
-0.000207282
-4.63694e-05
-0.000200393
-9.21316e-05
-0.00020772
-7.78903e-05
-0.000241267
-6.88427e-05
-0.000317284
-9.64526e-05
-0.000383422
-0.000169954
-0.000408246
-0.000217192
-0.000389784
-0.000157058
-0.000358863
-6.10013e-05
-0.000324207
-4.05559e-06
-0.0002825
2.09231e-05
-0.000243697
2.89727e-05
-0.000220376
3.0563e-05
-0.000215901
3.08918e-05
-0.000215551
3.05175e-05
-0.000215166
3.35958e-05
-0.000214785
3.84027e-05
-0.000208973
4.2169e-05
-0.000196144
4.38631e-05
-0.000184105
4.37364e-05
-0.000182267
4.49722e-05
-0.000190428
4.16025e-05
-0.00019148
4.09844e-05
-0.000186301
4.51242e-05
-0.000174179
5.32231e-05
-0.000158346
5.96005e-05
-0.000145493
6.09203e-05
-0.000136111
5.39731e-05
-0.000129693
4.12955e-05
-0.000124197
2.73881e-05
-0.000118754
1.4803e-05
-0.000113788
6.27341e-06
-0.000110927
4.12182e-06
3.39755e-06
-0.000281633
-3.29228e-05
-0.000247146
6.47361e-05
-0.000187977
0.000124809
-0.000136015
0.000113801
-9.91612e-05
6.64926e-05
-9.21965e-05
7.39101e-05
-0.000102947
6.78771e-05
-0.000128446
4.0188e-05
-0.000158991
-1.58246e-05
-0.000175083
-7.60402e-05
-0.000188416
-6.45571e-05
-0.000210174
-4.70844e-05
-0.000260485
-4.61419e-05
-0.000346871
-8.35678e-05
-0.000424845
-0.000139219
-0.000435945
-0.000145958
-0.000414909
-8.20375e-05
-0.000403266
-1.56985e-05
-0.000389415
7.0722e-06
-0.000376976
1.65338e-05
-0.00037099
2.45763e-05
-0.000368146
2.80476e-05
-0.000365615
2.79873e-05
-0.000359757
2.77376e-05
-0.000348477
2.71228e-05
-0.00033301
2.67019e-05
-0.000316977
2.78298e-05
-0.000302692
2.9451e-05
-0.000286203
2.84835e-05
-0.000270145
2.55445e-05
-0.000253531
2.43707e-05
-0.000235878
2.74708e-05
-0.000214331
3.16761e-05
-0.000193292
3.85616e-05
-0.000176846
4.44742e-05
-0.000163366
4.04931e-05
-0.000151225
2.91545e-05
-0.000138735
1.4898e-05
-0.00012513
1.19862e-06
-0.000107255
-1.16023e-05
-9.75709e-05
-5.56178e-06
8.03256e-06
-0.000386031
-3.83605e-05
-0.000320759
-5.36621e-07
-0.000222061
2.61116e-05
-0.000144455
3.61942e-05
-0.000119209
4.12466e-05
-9.31611e-05
4.78624e-05
-7.37154e-05
4.84314e-05
-7.09903e-05
3.74629e-05
-9.25992e-05
5.78427e-06
-0.000133983
-3.46561e-05
-0.000164995
-3.35448e-05
-0.000188609
-2.34712e-05
-0.000225249
-9.50118e-06
-0.000294151
-1.46663e-05
-0.000383395
-4.99742e-05
-0.00045274
-7.66132e-05
-0.000475994
-5.87831e-05
-0.000473921
-1.7772e-05
-0.000464159
-2.68895e-06
-0.000453751
6.12549e-06
-0.000444249
1.50744e-05
-0.000434924
1.87226e-05
-0.000424833
1.7896e-05
-0.000411713
1.46181e-05
-0.000394497
9.90697e-06
-0.00037509
7.29431e-06
-0.000356104
8.84408e-06
-0.000339545
1.28919e-05
-0.000325118
1.40561e-05
-0.000309977
1.04033e-05
-0.000292266
6.65966e-06
-0.00026991
5.11474e-06
-0.000241231
2.99773e-06
-0.000209659
6.98913e-06
-0.00018066
1.54753e-05
-0.000163912
2.37455e-05
-0.00015223
1.74725e-05
-0.000148267
1.09347e-05
-0.000156421
9.35244e-06
-0.00016669
-1.33331e-06
-0.0001537
-1.85511e-05
-5.12764e-06
-0.000280781
-0.000281317
-0.000255206
-0.000219011
-0.000177765
-0.000129902
-8.1471e-05
-4.40081e-05
-3.82238e-05
-7.288e-05
-0.000106425
-0.000129896
-0.000139397
-0.000154063
-0.000204038
-0.000280651
-0.000339434
-0.000357206
-0.000359895
-0.000353769
-0.000338695
-0.000319972
-0.000302076
-0.000287458
-0.000277551
-0.000270257
-0.000261413
-0.000248521
-0.000234465
-0.000224061
-0.000217402
-0.000212287
-0.000209289
-0.0002023
-0.000186825
-0.000163079
-0.000145607
-0.000134672
-0.00012532
-0.000126653
-0.000145204
)
;

boundaryField
{
    leftWall
    {
        type            calculated;
        value           uniform 0;
    }
    rightWall
    {
        type            calculated;
        value           uniform 0;
    }
    lowerWall
    {
        type            calculated;
        value           uniform 0;
    }
    atmosphere
    {
        type            calculated;
        value           nonuniform List<scalar> 
44
(
5.79368e-05
5.73081e-05
5.71922e-05
5.66674e-05
5.63708e-05
5.5825e-05
5.52877e-05
5.46141e-05
5.38441e-05
5.2948e-05
5.19206e-05
5.07441e-05
4.93982e-05
4.78788e-05
4.61632e-05
4.42325e-05
4.20873e-05
3.96988e-05
3.70549e-05
3.41668e-05
3.10025e-05
2.7557e-05
2.3836e-05
1.88439e-05
1.50067e-05
1.23894e-05
6.27784e-06
-3.36172e-07
-7.53223e-06
-1.50891e-05
-2.31063e-05
-3.14771e-05
-4.00946e-05
-4.86015e-05
-5.69891e-05
-6.48991e-05
-7.31241e-05
-8.19278e-05
-9.13553e-05
-9.77731e-05
-0.000110861
-0.000102206
-0.00014054
-0.000150332
)
;
    }
    frontAndBack
    {
        type            empty;
    }
}


// ************************************************************************* //
