#           x             T        mag(U)             p
     -1.17952       1798.08       259.181        199260
      -1.1626       1795.05       259.695        198105
     -1.14584       1791.63       260.769        196812
     -1.12926       1788.17       262.312        195494
     -1.11284       1784.73       264.112        194168
     -1.09658       1781.35       265.968        192852
     -1.08049       1778.02       267.739        191559
     -1.06456       1774.73       269.353        190294
      -1.0488       1771.46       270.799        189063
     -1.03319       1768.21       272.115        187863
     -1.01773       1764.99       273.352        186692
     -1.00244       1761.83       274.558        185546
    -0.987294       1758.73       275.763        184421
    -0.972304       1755.68       276.972        183313
    -0.957464       1752.69       278.165        182223
    -0.942774       1749.73       279.309        181148
    -0.928232       1746.81       280.366        180088
    -0.913836       1743.91       281.306        179042
    -0.899585       1741.03       282.109        178011
    -0.885477       1738.18       282.764        176997
    -0.871511       1735.35       283.263        175996
    -0.857686       1732.54       283.602        175010
    -0.844001       1729.75       283.776        174036
    -0.830453       1726.96       283.771        173057
    -0.817041       1724.14       283.587        172070
    -0.803764       1721.37       283.266        171107
    -0.790621       1718.68       282.838        170179
    -0.777611       1715.92       282.269        169228
    -0.764731       1712.96        281.51        168212
    -0.751981       1709.99       280.602        167200
    -0.739359       1707.26       279.615        166270
    -0.726864       1704.53       278.455        165339
    -0.714496       1701.28       276.942        164242
    -0.702251       1697.86       275.185        163103
     -0.69013       1695.16       273.549        162206
    -0.678131       1693.11       272.075        161504
    -0.666253       1690.39       270.361        160581
    -0.654494       1686.79       268.284        159395
    -0.642853       1683.97       266.262        158477
     -0.63133       1682.24       264.463        157898
    -0.619923       1679.89       262.489        157107
    -0.608631       1676.22       260.208        155912
    -0.597452       1672.88       258.167        154842
    -0.586386       1670.64       256.627        154104
    -0.575431       1667.84       255.113        153172
    -0.564586        1664.2       253.528        151999
    -0.553851       1661.51       252.357        151138
    -0.543224       1659.32        251.64        150434
    -0.532704       1656.84       251.248        149659
    -0.522289       1655.09       251.371        149116
     -0.51198       1653.78       251.998        148706
    -0.501774       1652.56       253.045        148330
    -0.491671       1652.01       254.598        148164
    -0.481669       1651.89       256.486        148120
    -0.471769       1651.28       258.341        147922
    -0.461968       1650.16       260.118        147577
    -0.452265       1649.44       262.086        147358
    -0.442661       1649.21       264.363        147289
    -0.433153       1649.17       266.853        147276
     -0.42374       1649.06       269.382        147241
    -0.414423       1648.38       271.772        147029
    -0.405199       1647.38       274.104        146727
    -0.396068        1646.8       276.634        146556
    -0.387029        1646.6       279.411        146491
    -0.378081       1646.32       282.292        146399
    -0.369223       1645.84       285.202        146249
    -0.360455       1645.43        288.21        146122
    -0.351774       1645.26       291.376        146069
    -0.343181       1644.96       294.587        145970
    -0.334675       1644.19       297.724        145733
    -0.326254       1643.42       300.919        145503
    -0.317917       1643.09       304.333        145402
    -0.309665       1642.71       307.832        145274
    -0.301496       1641.71       311.215        144962
    -0.293409       1640.58       314.609        144625
    -0.285403          1640       318.271        144450
    -0.277479       1639.78       322.157        144370
    -0.269633       1638.99       325.948        144112
    -0.261867       1637.27       329.514        143589
    -0.254179       1635.72       333.157        143128
    -0.246568        1634.9       337.175        142884
    -0.239034       1634.43       341.469        142735
    -0.231576       1633.23       345.639        142357
    -0.224193       1630.64       349.471        141578
    -0.216884       1628.14       353.375        140848
    -0.209649       1626.73       357.799        140428
    -0.202487       1625.82       362.703        140142
    -0.195396       1625.11       367.868        139912
    -0.188377       1623.74       372.952        139479
    -0.181429       1620.97       377.724        138651
    -0.174551       1618.22        382.57        137861
    -0.167742       1616.58       387.943        137381
    -0.161001       1615.33       393.763        137000
    -0.154328       1614.06       399.754        136611
    -0.147723       1611.93       405.572        135962
    -0.141184       1608.36        411.06        134922
    -0.134711       1605.03        416.69        133978
    -0.128303       1602.88       422.919        133357
    -0.121959       1601.01       429.636        132806
     -0.11568       1599.05       436.561        132229
    -0.109463       1596.11        443.35        131367
    -0.103309       1591.52       449.849        130075
   -0.0972172       1587.16       456.604        128877
   -0.0911866       1584.18       464.164        128042
   -0.0852167       1581.53       472.403        127285
   -0.0793069       1578.47         480.9        126412
   -0.0734566       1573.92       489.237        125138
   -0.0676652       1567.81       497.453        123492
   -0.0619321        1562.6       506.311        122104
   -0.0562566       1558.86       516.255        121071
   -0.0506383       1554.58       526.826        119889
   -0.0450766       1548.75       537.435        118333
   -0.0395709       1541.47       547.868        116434
   -0.0341206       1533.44       558.372        114378
   -0.0287251       1526.49       569.714        112609
    -0.023384       1521.38       582.462        111272
   -0.0180966       1516.62        596.31        110003
   -0.0128624       1510.38       610.427        108378
  -0.00768098       1500.37       624.695        106031
  -0.00255168       1487.78       637.205        103037
  0.000439078       1478.69       645.252        100634
   0.00132501       1472.57       652.383       99095.4
   0.00222662        1465.5       662.033       97494.8
   0.00314419       1457.65       673.291       95686.7
   0.00407801       1449.47       685.417       93795.8
   0.00502836       1441.37       697.644       91925.8
   0.00599553       1433.75       709.355       90161.5
   0.00697982       1426.87       720.205       88559.1
   0.00798154       1420.82       730.134       87137.9
     0.009001        1415.5       739.274       85884.1
    0.0100385       1410.66       747.827       84762.8
    0.0110944          1406       755.981       83732.3
    0.0121689       1401.31       763.878       82753.9
    0.0132625       1396.48       771.606       81795.7
    0.0143754        1391.5       779.214       80832.7
    0.0155081       1386.42       786.727       79846.2
    0.0166608       1381.22       794.152       78822.1
