/*--------------------------------*- C++ -*----------------------------------*\
  =========                 |
  \\      /  F ield         | OpenFOAM: The Open Source CFD Toolbox
   \\    /   O peration     | Website:  https://openfoam.org
    \\  /    A nd           | Version:  13
     \\/     M anipulation  |
\*---------------------------------------------------------------------------*/
FoamFile
{
    format      ascii;
    class       volScalarField;
    location    "0.3";
    object      p_rgh;
}
// * * * * * * * * * * * * * * * * * * * * * * * * * * * * * * * * * * * * * //

dimensions      [1 -1 -2 0 0 0 0];

internalField   nonuniform List<scalar> 
2016
(
3906.28
4117.39
4579.46
4116.95
3771.22
3811.94
3682.81
2744.73
3464.71
3292.35
2638.35
1235.26
2901.45
2542.89
1680.36
302.037
2277.86
1860.42
1062.18
114.552
1731.01
1362.76
779.246
109.637
1311.26
1063.4
669.235
145.187
1038.42
891.932
625.647
165.843
904.672
811.629
607.619
196.684
860.964
793.129
623.025
264.906
875.144
817.045
669.443
341.197
923.011
866.63
742.504
475.634
987.882
928.672
827.226
629.924
1059.53
992.518
904.327
752.859
1126.31
1050.09
963.68
839.866
1191.61
1100.99
1009.51
905.504
1255.46
1148.47
1044.74
944.494
1295.45
1178.97
1067.36
971.734
1251.44
1128.93
1044.98
977.702
1042
900.041
949.753
973.63
868.262
683.877
772.982
992.651
868.169
694.867
740.214
979.95
973.405
846.559
817.892
917.059
982.45
824.424
788.36
914.923
836.759
652.144
697.161
968.997
875.154
711.263
813.755
956.095
1115.95
988.589
983.676
955.045
1294.49
1165.01
1054.62
962.622
1289.34
1171.67
1052.08
944.269
1215.82
1115.8
1011.4
900.041
1135.32
1052.92
952.761
811.801
1064.5
992.955
885.42
707.317
1007.03
937.141
803.965
547.688
980.536
904.563
735.741
380.269
1022.02
927.838
725.618
290.129
1184.66
1025.91
794.361
244.595
1494.56
1236.63
950.05
227.106
1939.85
1613.9
1151.85
246.35
2491.44
2185.02
1623.41
515.097
3043.84
2865.73
2406.06
1428.28
3388.57
3378.09
3285.48
2653.86
3527.53
3680.31
4069.11
3843
2835.14
1734.95
1221.97
1017.07
957.251
959.95
973.575
1046.91
1146.1
1238.14
1185.33
756.764
721.731
880.859
935.707
667.457
-13.7746
-55.9779
-19.2665
376.82
552.268
607.917
578.446
524.035
85.1067
15.0294
9.93011
10.3138
10.8143
10.231
8.87861
7.26515
5.76981
4.63949
3.94467
3.64372
3.65339
3.8727
4.21626
4.62405
5.05973
5.50579
1345.76
570.501
442.106
260.936
47.5636
-22.0524
-28.1993
-30.6218
-32.6821
-35.0409
-37.7926
-40.9168
-44.3508
-47.8311
-50.0174
-53.0649
-57.1902
-60.6307
-63.1497
-60.1341
-44.3152
-28.2535
-7.66821
172.451
237.153
224.338
39.5682
12.034
11.8335
10.8597
9.14001
7.18612
5.4774
4.26535
3.5809
3.34741
3.43921
3.73321
4.13435
4.58122
5.04184
5.49947
187.554
5.7064
-13.6977
-18.0925
-21.1204
-23.9142
-26.2704
-28.4791
-30.7673
-33.1628
-35.8673
-38.7971
-41.9717
-45.508
-49.4125
-52.777
-55.53
-56.9016
-61.1948
-64.1658
-65.2776
-66.4938
-66.1128
-60.7662
14.226
202.075
123.372
20.6174
12.725
11.7383
9.32567
6.75344
4.67356
3.36707
2.77766
2.72202
3.00953
3.46991
3.99121
4.51383
5.01633
5.49294
14.5646
-9.70353
-15.799
-18.3313
-20.6932
-23.5302
-26.1845
-28.3486
-30.8038
-33.7175
-36.9358
-40.2537
-43.6709
-47.016
-51.6718
-56.2939
-60.2844
-63.6088
-66.1569
-67.4208
-67.731
-67.6984
-67.8705
-67.1592
-61.0799
10.907
97.9927
54.428
9.51303
10.8709
8.21457
4.96031
2.675
1.5366
1.32597
1.69513
2.37186
3.12398
3.83367
4.46074
5.00877
5.49681
-6.35619
-11.9047
-15.8838
-18.9959
-21.2151
-23.6864
-25.8734
-27.3899
-30.0299
-33.094
-36.3058
-39.447
-42.2228
-46.4299
-51.2551
-56.2313
-61.4386
-64.9837
-66.9167
-67.9825
-67.9496
-67.6978
-69.1627
-70.7641
-68.3671
-58.0008
27.1495
49.8621
25.878
6.5067
4.77879
0.873401
-1.17892
-1.70839
-1.05638
0.157956
1.56407
2.7787
3.73875
4.47701
5.05039
5.51849
-9.75909
-11.7858
-14.7469
-15.8791
-16.5097
-21.189
-25.1908
-27.4654
-30.0067
-33.0572
-36.3002
-39.6103
-42.9074
-48.2047
-54.4823
-60.0113
-64.5739
-67.9989
-70.2489
-71.9943
-72.1503
-73.5764
-73.0261
-71.9934
-71.6297
-67.8242
-52.1959
21.3067
47.471
39.4144
3.3266
-5.16212
-6.15584
-6.08617
-4.55984
-1.94025
0.713439
2.60574
3.83603
4.64254
5.18211
5.56957
-8.86232
-9.05255
-6.80206
-10.6692
-11.9814
-23.5091
-27.2255
-28.4764
-30.7375
-33.5648
-36.7362
-40.2018
-44.4241
-49.9273
-56.3876
-62.764
-68.0368
-71.8671
-74.6394
-77.2793
-80.2591
-81.7526
-78.709
-77.2094
-74.9431
-74.7522
-70.657
-50.1869
3.61489
18.4913
21.2275
21.4179
10.6912
-8.38585
-7.95738
-3.96125
0.237598
2.90696
4.30411
5.04965
5.44384
5.66054
-6.49186
-5.90046
-10.7565
-18.4012
-20.3081
-28.9104
-29.1514
-30.3202
-32.3025
-34.6986
-37.3016
-41.0337
-46.4378
-52.9416
-60.7851
-68.0671
-73.6662
-77.6734
-80.5203
-83.0557
-86.1368
-88.7439
-89.6288
-87.8661
-84.0204
-82.346
-79.4524
-75.1603
-54.3461
-17.1788
-9.99561
-3.75584
7.90017
24.0955
2.72472
-3.87037
1.24293
4.14903
5.32365
5.7714
5.87679
5.79998
-7.4687
-8.51709
-13.5542
-28.6292
-34.3632
-31.0118
-30.9379
-31.9949
-33.6467
-34.9252
-37.8657
-42.1872
-48.9371
-57.0187
-66.8019
-74.8179
-79.7772
-83.3914
-86.3967
-89.9199
-94.1005
-98.2757
-99.7434
-97.9297
-93.9209
-89.108
-84.9463
-81.0322
-75.851
-58.7106
-19.601
-2.65967
11.2561
25.8876
33.9926
5.66239
5.07846
6.74237
6.93209
6.79856
6.44247
5.9783
-13.0083
-14.8285
-12.8875
-25.6533
-34.1532
-31.9348
-31.4525
-32.5064
-33.53
-35.483
-38.5703
-44.464
-51.5701
-60.7933
-71.4425
-78.7115
-79.5357
-81.4127
-84.8166
-89.3346
-95.7264
-103.584
-108.573
-108.116
-102.709
-95.3944
-89.1679
-84.1775
-78.7335
-70.8095
-52.1649
7.16781
27.3513
40.1143
46.396
21.1216
10.7775
9.91689
8.9659
7.98126
7.06494
6.17422
-14.787
-18.1444
-22.7093
-26.981
-29.0482
-30.2166
-31.0781
-32.3845
-33.1291
-35.6506
-39.9488
-45.2148
-53.0121
-60.0217
-70.9941
-74.3139
-73.9912
-80.2069
-83.4659
-88.2598
-95.9497
-104.885
-112.722
-114.244
-108.756
-99.8741
-91.906
-85.5993
-79.215
-70.4708
-54.5972
-4.83686
33.8112
49.8779
51.0551
21.876
14.6039
12.2107
10.437
8.9303
7.59486
6.34975
58.5685
-19.8389
-23.0832
-25.7825
-27.7493
-29.4972
-31.0536
-31.9353
-33.2404
-36.0216
-40.0636
-45.3741
-51.9503
-57.2207
-66.1707
-70.5325
-76.076
-78.1327
-80.3592
-85.8176
-95.2654
-106.475
-115.546
-116.978
-111.724
-101.735
-92.8087
-85.4269
-78.0222
-68.318
-43.6452
6.88454
34.1079
52.1578
31.5204
17.8631
15.451
13.1859
11.2445
9.51668
7.95595
6.48016
135.702
-21.2829
-24.2804
-26.2068
-27.981
-29.8515
-31.1299
-31.6433
-33.3711
-36.329
-39.9411
-45.2315
-50.7867
-55.794
-61.8897
-68.4787
-75.0422
-77.714
-79.2696
-84.3766
-94.2807
-106.048
-114.011
-111.679
-106.757
-97.4494
-89.342
-80.6274
-67.7687
-43.0389
-13.023
11.4369
34.1266
26.0732
16.2657
16.1412
14.8609
13.1874
11.4252
9.73362
8.12814
6.5527
292.527
-22.3219
-25.7676
-27.4772
-28.859
-30.2858
-30.8827
-31.8762
-33.5758
-36.2847
-39.8022
-44.899
-50.7551
-53.3631
-57.7495
-60.1819
-66.2168
-78.0936
-79.5918
-82.5679
-89.994
-99.6142
-106.465
-101.84
-91.8269
-79.6637
-67.9733
-55.4182
-42.8748
-25.8376
-5.56123
4.70997
8.17602
10.324
13.415
14.215
13.7535
12.5851
11.1438
9.6394
8.12267
6.56404
526.666
-16.8362
-27.5944
-28.6977
-29.7585
-30.5262
-31.2003
-32.0643
-33.5887
-36.1221
-39.3532
-44.1831
-49.872
-53.52
-54.6132
-56.0152
-60.3512
-69.6444
-76.0275
-77.8524
-82.2453
-88.7188
-94.2694
-95.3244
-88.1193
-76.1864
-64.2432
-54.1846
-44.8478
-30.7489
-20.7572
-9.48556
0.648178
7.4741
10.973
12.3102
12.3525
11.6443
10.5511
9.30548
7.96444
6.51936
741.033
230.984
-29.8012
-29.3201
-30.1354
-30.6354
-31.3022
-32.093
-33.3478
-35.8153
-38.5614
-42.8432
-48.0864
-52.5115
-51.6475
-53.3882
-55.1689
-59.6391
-68.8719
-71.0678
-73.938
-77.8347
-80.8516
-81.0942
-77.3383
-71.0609
-63.0176
-54.0266
-44.3989
-32.7962
-20.5966
-9.55361
-0.573034
5.50097
8.9275
10.484
10.8764
10.5677
9.75935
8.80749
7.69093
6.43194
830.919
510.592
-27.9356
-28.9117
-29.83
-30.58
-31.003
-31.9234
-33.0827
-35.5052
-37.6991
-41.0445
-45.1073
-48.3297
-46.5744
-47.1945
-49.5534
-58.4004
-62.8747
-65.0973
-67.3624
-69.5462
-70.5364
-69.3821
-65.6748
-60.0036
-53.0165
-45.0141
-36.0938
-26.3711
-16.6548
-7.83964
-0.700841
4.26073
7.27108
8.85529
9.46229
9.42088
8.94896
8.23503
7.34891
6.31442
889.515
760.576
219.962
-28.5579
-29.0703
-30.0105
-30.3844
-31.6107
-32.9566
-35.3899
-37.2541
-39.9255
-43.1511
-46.1622
-48.6219
-50.0481
-52.5707
-56.0504
-58.9012
-60.8259
-62.4587
-63.4351
-63.1532
-61.093
-57.0804
-51.4206
-44.635
-37.1207
-29.1047
-20.8824
-13.0327
-6.13881
-0.606659
3.38149
5.98601
7.50278
8.21622
8.36467
8.12503
7.63325
6.97023
6.16151
921.586
847.606
496.367
-27.3408
-28.4387
-29.3073
-30.1079
-31.2363
-33.1765
-35.3925
-37.1541
-39.5359
-42.4009
-45.4378
-48.4142
-50.8066
-52.6079
-54.6879
-56.5878
-58.0237
-58.9308
-58.9994
-57.8403
-55.1522
-50.8842
-45.2637
-38.6887
-31.5548
-24.258
-17.1463
-10.6165
-5.01546
-0.541686
2.76443
5.02168
6.42307
7.16901
7.43511
7.3592
7.04952
6.57984
5.97123
955.48
910.011
763.043
96.6724
-28.4614
-28.9333
-30.0552
-31.2349
-33.5714
-35.463
-37.3095
-39.5932
-42.226
-45.0629
-47.8693
-50.2967
-52.2592
-53.9935
-55.3849
-56.2955
-56.5748
-55.9426
-54.1024
-50.8661
-46.2549
-40.5164
-34.047
-27.2718
-20.5803
-14.3139
-8.7475
-4.07116
-0.362367
2.40575
4.34306
5.59853
6.32342
6.65071
6.68721
6.51887
6.20853
5.77234
1002.16
965.788
887.926
311.67
-28.4947
-28.9198
-30.2184
-32.0092
-33.7813
-35.6606
-37.679
-39.9709
-42.5102
-45.2037
-47.8644
-50.2463
-52.2354
-53.8289
-54.9529
-55.5008
-55.2998
-54.107
-51.6907
-47.9292
-42.8974
-36.8897
-30.3508
-23.7534
-17.4993
-11.8739
-7.05281
-3.10777
-0.0220144
2.27981
3.91136
5.00012
5.66644
6.01311
6.12222
6.06028
5.87821
5.58849
1067.3
1023.09
961.882
514.424
-27.5679
-29.0734
-30.5058
-32.3264
-34.1863
-36.1547
-38.2691
-40.5795
-43.0813
-45.7156
-48.3298
-50.7208
-52.7465
-54.3223
-55.3464
-55.6805
-55.1364
-53.4887
-50.5393
-46.2061
-40.6189
-34.1547
-27.3534
-20.7595
-14.7812
-9.64573
-5.42646
-2.08972
0.459317
2.3397
3.67672
4.58737
5.17128
5.50834
5.6615
5.6789
5.59996
5.43482
1131.29
1074.3
1017.92
698.589
-15.0205
-29.7682
-31.1675
-32.9946
-34.896
-36.932
-39.1088
-41.4546
-43.9695
-46.6122
-49.265
-51.7561
-53.9218
-55.6215
-56.7016
-56.9744
-56.2223
-54.2149
-50.7546
-45.7622
-39.4098
-32.2079
-24.8675
-18.066
-12.2225
-7.48041
-3.78956
-1.00362
1.0497
2.53333
3.58525
4.31369
4.80143
5.10944
5.29
5.36844
5.37479
5.31776
1157.59
1099.07
1038.87
743.071
2.27812
-31.2687
-32.2804
-33.959
-35.8462
-37.9309
-40.1653
-42.5707
-45.1533
-47.8891
-50.6895
-53.4014
-55.8431
-57.8282
-59.1496
-59.5527
-58.7583
-56.5064
-52.5695
-46.8196
-39.4386
-31.1456
-22.9139
-15.6424
-9.77669
-5.35308
-2.15625
0.104698
1.68712
2.79427
3.57405
4.12735
4.52237
4.80531
4.99527
5.12201
5.20085
5.23889
1152.75
1097.76
1037.6
728.947
-7.05813
-33.1983
-33.6811
-35.1437
-36.9702
-39.088
-41.4021
-43.9079
-46.6126
-49.5232
-52.5884
-55.6695
-58.561
-61.0301
-62.8151
-63.5824
-62.9644
-60.6329
-56.3343
-49.831
-41.1227
-31.2548
-21.6309
-13.5344
-7.45555
-3.27426
-0.561431
1.1755
2.2985
3.04786
3.57417
3.9669
4.27692
4.53145
4.74141
4.91626
5.06352
5.18958
1114.78
1067.05
1013.46
658.764
-33.4694
-34.3924
-35.0631
-36.4933
-38.336
-40.5276
-42.9548
-45.5999
-48.4948
-51.7092
-55.2461
-58.9774
-62.6446
-65.9334
-68.5506
-70.1018
-69.9957
-67.7682
-63.2506
-55.9055
-45.0763
-32.6325
-20.5044
-11.0093
-4.7497
-0.983524
1.12004
2.25295
2.86848
3.24229
3.5167
3.75951
3.99807
4.2389
4.47835
4.71092
4.93486
5.15716
1035.28
999.198
927.054
419.506
-33.3705
-35.1779
-36.3546
-37.9574
-39.9401
-42.2447
-44.7873
-47.6118
-50.8038
-54.5391
-58.9101
-63.8199
-68.9038
-73.57
-77.3608
-79.7037
-80.0857
-76.6649
-68.5761
-56.9154
-42.8011
-28.1003
-14.6137
-6.52986
-1.55809
1.4129
2.63845
3.06288
3.16807
3.19414
3.26341
3.40519
3.61603
3.87927
4.17547
4.48704
4.80439
5.13694
967.295
928.921
795.922
176.13
-36.2091
-36.6795
-37.8076
-39.4578
-41.5195
-43.8579
-46.5155
-49.6673
-53.2838
-57.8008
-63.5148
-70.2556
-77.0693
-82.4602
-85.7274
-85.2318
-83.7023
-78.5359
-71.5381
-61.0269
-44.2331
-24.5119
-6.08301
6.42572
7.63901
3.3963
3.21889
3.05482
2.83159
2.68074
2.68138
2.8293
3.09191
3.43389
3.82479
4.2402
4.66697
5.11969
922.58
867.481
574.14
-39.8109
-37.4271
-38.0037
-39.0863
-40.7491
-42.8065
-45.0827
-48.0011
-51.8027
-55.8963
-61.4051
-68.9146
-77.6983
-85.8439
-91.124
-89.9387
-92.1079
-92.7196
-91.4869
-84.2696
-70.8657
-50.8484
-30.1099
-11.9689
1.72351
10.6073
13.5179
2.8666
1.81346
1.55195
1.52395
1.67385
1.97799
2.3962
2.8861
3.4161
3.96293
4.5158
5.09801
886.154
758.369
239.991
-36.6933
-37.2312
-38.3756
-39.7971
-41.716
-43.7831
-45.331
-48.7349
-53.7382
-58.7553
-65.3476
-74.5449
-84.8375
-93.5803
-96.8524
-102.275
-105.18
-109.778
-106.236
-99.7027
-90.4082
-75.0308
-48.7962
-27.6731
-13.7452
-3.52706
5.94079
9.87445
-0.591935
-0.826635
-0.370108
0.217709
0.855746
1.54386
2.2516
2.96187
3.66312
4.35391
5.06975
831.369
509.699
-35.2698
-34.406
-36.3863
-38.0135
-40.0213
-42.3242
-44.0608
-47.1623
-50.4017
-54.5036
-61.3608
-69.4101
-79.648
-91.165
-99.9848
-108.616
-114.655
-122.023
-120.575
-115.655
-108.475
-100.245
-86.2461
-68.3743
-53.7298
-37.327
-23.4273
-11.8535
2.18275
0.448574
-4.28142
-2.90005
-1.59501
-0.44991
0.608958
1.58435
2.49928
3.36461
4.19417
5.03797
726.94
207.369
-31.6787
-33.1488
-35.2052
-37.2632
-39.9497
-42.7978
-45.1434
-48.3694
-51.613
-56.3379
-63.1662
-72.4032
-83.6328
-95.6605
-108.736
-120.152
-128.094
-131.442
-129.304
-122.738
-113.383
-104.434
-87.3861
-71.8086
-67.695
-63.6841
-42.8695
-30.0733
-13.4901
0.0498683
-8.07881
-5.82615
-3.56381
-1.78066
-0.277733
0.966311
2.08214
3.10179
4.05596
5.00941
460.894
-25.3844
-29.5867
-31.9439
-33.938
-36.4274
-39.6769
-43.1528
-45.832
-49.1467
-53.8616
-59.0371
-65.2719
-73.9867
-85.9963
-100.42
-118.001
-132.457
-138.609
-140.578
-134.807
-124.461
-112.894
-101.053
-83.4342
-66.4856
-69.7473
-71.4583
-59.8481
-46.8462
-27.6657
-4.83874
-11.6985
-8.53408
-5.24929
-2.89734
-1.08424
0.47183
1.76862
2.91298
3.96127
4.99255
243.896
-26.9439
-28.7009
-30.8373
-32.9216
-35.8974
-39.3485
-42.9639
-46.0893
-48.6082
-52.829
-61.6018
-67.8801
-74.953
-86.2364
-102.132
-118.654
-135.565
-141.481
-140.213
-131.115
-118.021
-105.246
-88.1559
-71.4057
-63.0918
-66.9011
-71.8928
-74.2145
-58.2447
-34.4271
-13.1791
-15.3844
-10.0529
-6.15854
-3.46126
-1.41478
0.230371
1.6268
2.83654
3.92939
4.99375
111.608
-24.2836
-27.4762
-30.5064
-33.3004
-36.0572
-39.0119
-42.1264
-44.5767
-45.494
-49.8886
-60.3187
-70.2192
-75.3711
-83.23
-94.9627
-109.337
-122.154
-127.881
-124.682
-115.105
-102.921
-89.6381
-71.8304
-55.9679
-56.731
-59.4103
-64.5691
-67.4159
-52.9151
-28.7762
-22.8015
-15.7658
-9.93217
-6.02317
-3.32534
-1.27973
0.350515
1.71892
2.90647
3.97839
5.01887
12.9949
-22.1201
-27.0683
-31.4477
-37.9505
-39.3213
-39.8137
-41.6547
-43.5611
-42.36
-49.109
-58.0332
-64.9275
-73.1316
-77.7388
-83.1858
-91.291
-98.9462
-102.477
-101.422
-95.4607
-84.1603
-70.2017
-57.3974
-50.1776
-50.0637
-50.0905
-50.872
-48.7224
-41.2745
-30.7823
-20.5613
-12.923
-8.07252
-4.83409
-2.48842
-0.676786
0.791857
2.03421
3.1215
4.1102
5.072
-15.5733
-18.6928
-18.0046
-34.1819
-44.9768
-43.3118
-41.3324
-42.0888
-43.8609
-44.3285
-49.2492
-58.3281
-64.1557
-66.3821
-67.843
-71.4374
-76.538
-80.7752
-84.6178
-85.6982
-81.7006
-73.131
-64.4705
-53.2176
-49.3003
-46.9494
-44.4386
-40.8329
-34.9779
-27.2907
-19.3047
-12.7262
-8.22674
-5.15043
-2.87684
-1.12006
0.301741
1.49498
2.53092
3.45689
4.3126
5.15162
-9.03534
-11.5955
-15.084
-30.1963
-35.5982
-42.3271
-40.3208
-41.2016
-43.6296
-47.3258
-51.2458
-59.182
-67.0856
-71.255
-75.4953
-78.4502
-81.1616
-84.27
-86.054
-84.0693
-78.3755
-69.4638
-61.8564
-55.5316
-47.5822
-46.8571
-43.2239
-36.5655
-26.8223
-17.8717
-11.4314
-7.0303
-4.11369
-2.1263
-0.653073
0.518168
1.50334
2.36707
3.14951
3.87501
4.5647
5.25148
-5.44373
-1.94166
-1.24351
-11.8519
-21.3004
-36.183
-36.1896
-38.0029
-41.233
-45.6063
-51.6698
-59.5983
-68.3689
-75.3462
-78.2123
-79.8231
-81.3822
-81.9344
-80.9096
-78.0422
-73.3757
-67.5559
-62.0253
-58.5147
-54.0865
-45.8758
-44.3201
-35.1809
-21.8682
-11.4375
-5.46306
-2.0859
-0.235868
0.86258
1.62103
2.23135
2.78012
3.30441
3.8193
4.32959
4.83905
5.36061
0.537892
2.72973
4.31887
6.52737
-2.86185
-18.5192
-32.3413
-34.8324
-37.9772
-42.5553
-48.6168
-55.9824
-63.4905
-68.9693
-71.7808
-73.124
-74.348
-75.1885
-74.3386
-72.1947
-68.986
-65.6078
-62.2947
-60.7901
-61.4382
-52.5731
-22.6657
-13.8552
-13.7157
-3.83868
0.643896
2.66081
3.38055
3.64013
3.74839
3.85008
3.99898
4.20751
4.46952
4.773
5.10673
5.46683
25.0247
6.67194
5.45918
2.21932
-3.15952
-17.6388
-27.4341
-32.3957
-36.6647
-41.284
-46.9171
-53.5266
-60.2169
-65.9503
-70.2772
-73.2311
-74.5485
-74.7408
-74.2185
-72.5381
-70.0743
-67.1524
-64.5982
-63.9357
-65.0393
-65.267
20.136
27.5571
-1.04696
4.68651
6.67652
6.90702
6.51696
5.99671
5.54297
5.22219
5.04321
4.98951
5.03753
5.16245
5.34172
5.55897
289.276
26.7643
6.10098
1.32444
-7.20746
-19.7475
-28.138
-32.1279
-35.4975
-39.7274
-44.7214
-50.4099
-55.94
-60.5137
-63.8217
-66.2411
-68.1868
-69.1757
-68.6747
-67.5002
-65.8307
-63.8165
-62.3652
-62.5691
-61.6082
-41.1234
103.686
60.013
11.1095
11.7449
11.1732
10.0414
8.78651
7.70228
6.85665
6.24157
5.83003
5.58787
5.47712
5.46561
5.52415
5.62875
1474.18
634.053
475.035
252.431
23.5826
-18.2933
-30.1251
-35.4897
-38.8407
-42.7033
-47.8956
-54.229
-59.7626
-64.5173
-68.0506
-69.9285
-70.735
-71.6768
-72.2537
-71.3582
-69.5052
-65.2208
-55.7775
-52.1576
-52.1797
106.879
137.845
48.4431
18.9705
15.4283
13.3146
11.6154
10.027
8.69663
7.65682
6.88149
6.33522
5.97773
5.76709
5.66665
5.6444
5.67199
2926.78
1934.85
1359.34
1089.44
1006.38
1025.7
1041.98
1087.68
1188.19
1288.67
1382.17
1476.22
1225.13
495.484
576.511
783.094
826.679
506.538
-55.3256
-69.3322
109.668
330.282
400.495
445.062
454.541
466.621
135.038
23.3731
17.5357
15.2891
13.5309
11.8743
10.3655
9.06097
7.99664
7.17585
6.5812
6.17143
5.91222
5.76772
5.70339
5.68603
)
;

boundaryField
{
    leftWall
    {
        type            fixedFluxPressure;
        gradient        uniform 0;
        value           nonuniform List<scalar> 
46
(
3906.28
4117.39
4579.46
4116.95
2835.14
1734.95
1221.97
1017.07
957.251
959.95
973.575
1046.91
1146.1
1238.14
1185.33
756.764
721.731
880.859
935.707
667.457
-13.7746
-55.9779
-19.2665
376.82
552.268
607.917
578.446
524.035
85.1067
15.0294
9.93011
10.3138
10.8143
10.231
8.87861
7.26515
5.76981
4.63949
3.94467
3.64372
3.65339
3.8727
4.21626
4.62405
5.05973
5.50579
)
;
    }
    rightWall
    {
        type            fixedFluxPressure;
        gradient        uniform 0;
        value           nonuniform List<scalar> 
46
(
3527.53
3680.31
4069.11
3843
2926.78
1934.85
1359.34
1089.44
1006.38
1025.7
1041.98
1087.68
1188.19
1288.67
1382.17
1476.22
1225.13
495.484
576.511
783.094
826.679
506.538
-55.3256
-69.3322
109.668
330.282
400.495
445.062
454.541
466.621
135.038
23.3731
17.5357
15.2891
13.5309
11.8743
10.3655
9.06097
7.99664
7.17585
6.5812
6.17143
5.91222
5.76772
5.70339
5.68603
)
;
    }
    lowerWall
    {
        type            fixedFluxPressure;
        gradient        uniform 0;
        value           nonuniform List<scalar> 
52
(
982.45
824.424
788.36
914.923
982.45
836.759
875.154
1115.95
1294.49
1289.34
1215.82
1135.32
1064.5
1007.03
980.536
1022.02
1184.66
1494.56
1939.85
2491.44
3043.84
3388.57
3527.53
973.405
846.559
817.892
917.059
3906.28
3771.22
3464.71
2901.45
2277.86
1731.01
1311.26
1038.42
904.672
860.964
875.144
923.011
987.882
1059.53
1126.31
1191.61
1255.46
1295.45
1251.44
1042
868.262
868.169
973.405
1157.59
1152.75
)
;
    }
    atmosphere
    {
        type            prghTotalPressure;
        rho             rho;
        psi             none;
        gamma           1;
        p0              uniform 0;
        value           nonuniform List<scalar> 
44
(
5.72904
5.72904
5.72904
5.72904
5.72904
5.72904
5.72904
5.72904
5.72905
5.72907
5.72905
5.72904
5.72904
5.72904
5.72904
5.72904
5.72904
5.69157
5.60256
5.49479
5.39254
5.31164
5.26
5.24016
5.24488
5.27104
5.31571
5.36616
5.41413
5.45455
5.48577
5.50921
5.52828
5.54458
5.55456
5.56428
5.57982
5.60226
5.62872
5.65508
5.67801
5.6951
5.70343
5.6896
)
;
        rho             rho;
    }
    frontAndBack
    {
        type            empty;
    }
}


// ************************************************************************* //
