#           x             T        mag(U)             p
     -1.17952          1800   5.58791e-12        200000
      -1.1626          1800   5.20993e-12        200000
     -1.14584          1800   3.44714e-12        200000
     -1.12926          1800   2.50264e-12        200000
     -1.11284          1800   3.17228e-12        200000
     -1.09658          1800   3.59363e-12        200000
     -1.08049          1800   3.28478e-12        200000
     -1.06456          1800   3.18369e-12        200000
      -1.0488          1800   2.50502e-12        200000
     -1.03319          1800   1.46521e-12        200000
     -1.01773          1800   1.57951e-12        200000
     -1.00244          1800   2.38884e-12        200000
    -0.987294          1800   2.56265e-12        200000
    -0.972304          1800   1.89241e-12        200000
    -0.957464          1800    2.1607e-12        200000
    -0.942774          1800   3.81504e-12        200000
    -0.928232          1800   4.51526e-12        200000
    -0.913836          1800   3.19992e-12        200000
    -0.899585          1800   2.33852e-12        200000
    -0.885477          1800   3.05018e-12        200000
    -0.871511          1800   3.41109e-12        200000
    -0.857686          1800   3.33864e-12        200000
    -0.844001          1800   3.63827e-12        200000
    -0.830453          1800   3.52802e-12        200000
    -0.817041          1800   2.63655e-12        200000
    -0.803764          1800   1.66557e-12        200000
    -0.790621          1800   1.16762e-12        200000
    -0.777611          1800   8.90029e-13        200000
    -0.764731          1800   1.32971e-12        200000
    -0.751981          1800   2.75672e-12        200000
    -0.739359          1800   5.25144e-12        200000
    -0.726864          1800   1.58418e-11        200000
    -0.714496          1800   6.65982e-11        200000
    -0.702251          1800   2.94244e-10        200000
     -0.69013          1800   1.26892e-09        200000
    -0.678131          1800   5.29432e-09        200000
    -0.666253          1800   2.14001e-08        200000
    -0.654494          1800   8.38354e-08        200000
    -0.642853          1800   3.18166e-07        200000
     -0.63133          1800   1.16902e-06        200000
    -0.619923          1800   4.15546e-06        200000
    -0.608631          1800   1.42794e-05        200000
    -0.597452          1800   4.73939e-05        200000
    -0.586386          1800   0.000151792        200000
    -0.575431          1800   0.000468654        200000
    -0.564586          1800     0.0013933        200000
    -0.553851          1800    0.00398376        199999
    -0.543224       1799.99     0.0109396        199997
    -0.532704       1799.98      0.028807        199991
    -0.522289       1799.94     0.0726121        199977
     -0.51198       1799.86      0.174829        199944
    -0.501774       1799.67      0.401027        199872
    -0.491671       1799.28      0.873331        199720
    -0.481669       1798.51       1.79647        199421
    -0.471769        1797.1        3.4574        198879
    -0.461968       1794.81       6.14983        197992
    -0.452265       1791.46       10.0647        196707
    -0.442661       1787.06       15.2607        195023
    -0.433153       1781.65       21.6944        192967
     -0.42374       1775.36       29.2362        190596
    -0.414423       1768.37       37.6963        187982
    -0.405199       1760.85       46.8696        185201
    -0.396068       1752.97       56.5694        182316
    -0.387029       1744.85       66.6428        179379
    -0.378081        1736.6        76.972        176428
    -0.369223       1728.29       87.4698        173489
    -0.360455       1719.96       98.0725        170581
    -0.351774       1711.66       108.734        167716
    -0.343181       1703.41       119.421        164905
    -0.334675       1695.24       130.109        162151
    -0.326254       1687.15       140.779        159460
    -0.317917       1679.16       151.417        156833
    -0.309665       1671.28       162.011        154272
    -0.301496       1663.52       172.552        151777
    -0.293409       1655.87       183.034        149349
    -0.285403       1648.35       193.451        146987
    -0.277479       1640.95         203.8        144691
    -0.269633       1633.67       214.078        142458
    -0.261867       1626.52       224.285        140288
    -0.254179       1619.49       234.419        138177
    -0.246568       1612.58        244.48        136125
    -0.239034       1605.79        254.47        134130
    -0.231576       1599.12       264.389        132188
    -0.224193       1592.55       274.238        130300
    -0.216884        1586.1       284.017        128462
    -0.209649       1579.76       293.728        126673
    -0.202487       1573.52       303.372        124931
    -0.195396       1567.39        312.95        123235
    -0.188377       1561.36       322.464        121584
    -0.181429       1555.43       331.916        119975
    -0.174551        1549.6       341.309        118407
    -0.167742       1543.86       350.646        116878
    -0.161001        1538.2       359.932        115387
    -0.154328       1532.63       369.169        113931
    -0.147723       1527.15       378.363        112509
    -0.141184       1521.74        387.52        111120
    -0.134711        1516.4       396.646        109760
    -0.128303       1511.12       405.749        108429
    -0.121959        1505.9       414.837        107123
     -0.11568       1500.73       423.922        105841
    -0.109463        1495.6       433.015        104579
    -0.103309       1490.49       442.128        103336
   -0.0972172        1485.4       451.277        102107
   -0.0911866       1480.32       460.478        100889
   -0.0852167       1475.22       469.751       99679.7
   -0.0793069       1470.09       479.115       98474.2
   -0.0734566       1464.92       488.593       97268.4
   -0.0676652       1459.67       498.211       96057.4
   -0.0619321       1454.32       507.994       94836.8
   -0.0562566       1448.86       517.973       93601.5
   -0.0506383       1443.26       528.176       92346.1
   -0.0450766       1437.47       538.635       91064.5
   -0.0395709       1431.48       549.377       89750.8
   -0.0341206       1425.25       560.433       88399.5
   -0.0287251       1418.75       571.826       87005.6
    -0.023384       1411.96       583.574       85564.5
   -0.0180966       1404.84       595.686       84072.5
   -0.0128624        1397.4       608.143       82527.7
  -0.00768098       1389.29       621.434       80934.1
  -0.00255168       1381.75        633.62       79316.5
  0.000439078       1376.74       641.605       78051.3
   0.00132501       1372.25       648.605       77116.5
   0.00222662       1366.35         657.7       76040.4
   0.00314419       1359.79        667.65       74796.2
   0.00407801       1353.08       677.686       73500.2
   0.00502836       1346.53        687.33       72232.2
   0.00599553       1340.31       696.366       71034.2
   0.00697982       1334.46       704.759       69919.6
   0.00798154       1328.94       712.578       68884.3
     0.009001       1323.69       719.938       67915.2
    0.0100385       1318.62       726.963       66996.1
    0.0110944       1313.66        733.77       66111.7
    0.0121689       1308.75       740.454       65248.4
    0.0132625       1303.82       747.097       64394.9
    0.0143754       1298.83       753.759       63542.4
    0.0155081       1293.75        760.49       62684.1
    0.0166608       1288.54       767.323         61815
