/*--------------------------------*- C++ -*----------------------------------*\
  =========                 |
  \\      /  F ield         | OpenFOAM: The Open Source CFD Toolbox
   \\    /   O peration     | Website:  https://openfoam.org
    \\  /    A nd           | Version:  13
     \\/     M anipulation  |
\*---------------------------------------------------------------------------*/
FoamFile
{
    format      ascii;
    class       volScalarField;
    location    "0.0035";
    object      rho;
}
// * * * * * * * * * * * * * * * * * * * * * * * * * * * * * * * * * * * * * //

dimensions      [1 -3 0 0 0 0 0];

internalField   nonuniform List<scalar> 
8000
(
0.38746
0.38729
0.388395
0.38899
0.389775
0.390543
0.39132
0.392088
0.392842
0.393582
0.394312
0.39504
0.395773
0.396516
0.397267
0.398018
0.39876
0.399486
0.400194
0.400887
0.401573
0.40226
0.402954
0.403657
0.404367
0.405084
0.405805
0.406529
0.407257
0.407992
0.408735
0.409488
0.410251
0.41102
0.411789
0.412553
0.413307
0.41405
0.414781
0.415501
0.416213
0.416919
0.417617
0.418307
0.418985
0.419649
0.420295
0.420924
0.421539
0.422146
0.422753
0.423366
0.423994
0.424641
0.425308
0.425994
0.426694
0.427403
0.428113
0.428819
0.429516
0.430201
0.43087
0.431523
0.432161
0.432783
0.433389
0.433977
0.434544
0.435085
0.435592
0.436054
0.436466
0.436819
0.437111
0.43734
0.437507
0.437607
0.437646
0.437611
0.437487
0.437325
0.437103
0.436813
0.436455
0.436027
0.435526
0.434948
0.434292
0.433551
0.432727
0.431813
0.430808
0.429707
0.428512
0.427213
0.425817
0.424312
0.422708
0.42099
0.41917
0.417229
0.415182
0.413001
0.410702
0.408248
0.405658
0.402877
0.39993
0.396739
0.393341
0.389619
0.385632
0.381201
0.376418
0.371003
0.365106
0.358288
0.350812
0.342014
0.387453
0.387308
0.388382
0.38898
0.389768
0.390535
0.391311
0.392079
0.392834
0.393574
0.394305
0.395033
0.395767
0.396509
0.397259
0.398009
0.398749
0.399473
0.40018
0.400874
0.401562
0.402251
0.402949
0.403655
0.404368
0.405087
0.405809
0.406533
0.407261
0.407994
0.408737
0.409489
0.410251
0.411018
0.411787
0.41255
0.413304
0.414047
0.414777
0.415497
0.416209
0.416914
0.417612
0.418301
0.418978
0.419642
0.420289
0.420919
0.421537
0.422147
0.422756
0.423372
0.424001
0.424648
0.425315
0.425999
0.426697
0.427404
0.428112
0.428816
0.429512
0.430195
0.430863
0.431516
0.432154
0.432775
0.433381
0.433968
0.434535
0.435076
0.435582
0.436046
0.436459
0.436814
0.437109
0.437342
0.437511
0.437614
0.437655
0.437621
0.437498
0.437336
0.437112
0.43682
0.43646
0.436031
0.435528
0.434949
0.434291
0.43355
0.432725
0.43181
0.430805
0.429703
0.428508
0.42721
0.425814
0.424311
0.422708
0.420992
0.419174
0.417236
0.415191
0.413012
0.410715
0.408263
0.405673
0.402893
0.399946
0.396755
0.393356
0.389635
0.385645
0.381215
0.376426
0.371009
0.365102
0.358272
0.350772
0.341939
0.387441
0.387329
0.388367
0.388968
0.389757
0.390523
0.391298
0.392066
0.392821
0.393562
0.394294
0.395023
0.395757
0.3965
0.397249
0.397999
0.39874
0.399466
0.400176
0.400873
0.401563
0.402255
0.402955
0.403662
0.404378
0.405097
0.405818
0.406541
0.407267
0.407998
0.408739
0.40949
0.41025
0.411017
0.411784
0.412546
0.4133
0.414042
0.414772
0.415491
0.416203
0.416906
0.417603
0.418291
0.418968
0.419632
0.42028
0.420913
0.421534
0.422148
0.422761
0.42338
0.424011
0.424659
0.425324
0.426006
0.426701
0.427404
0.428109
0.428811
0.429505
0.430187
0.430854
0.431507
0.432143
0.432765
0.433369
0.433956
0.434522
0.435062
0.435569
0.436034
0.43645
0.436809
0.437108
0.437345
0.437518
0.437624
0.437667
0.437637
0.437514
0.437349
0.437124
0.43683
0.436467
0.436035
0.435531
0.434949
0.43429
0.433548
0.432722
0.431806
0.4308
0.429698
0.428503
0.427206
0.425812
0.42431
0.42271
0.420997
0.419182
0.417247
0.415205
0.413029
0.410735
0.408285
0.405696
0.402917
0.39997
0.396781
0.39338
0.38966
0.385667
0.381236
0.376441
0.37102
0.365096
0.358245
0.350704
0.341815
0.387426
0.387352
0.38835
0.388954
0.389744
0.390507
0.391281
0.392048
0.392804
0.393546
0.394279
0.395009
0.395743
0.396485
0.397234
0.397981
0.398721
0.399447
0.400158
0.400858
0.401553
0.40225
0.402955
0.403668
0.404387
0.405108
0.405829
0.406551
0.407275
0.408004
0.408743
0.409492
0.41025
0.411015
0.41178
0.412541
0.413293
0.414034
0.414764
0.415483
0.416193
0.416896
0.417591
0.418278
0.418954
0.419618
0.420268
0.420905
0.421531
0.42215
0.422769
0.423392
0.424026
0.424674
0.425337
0.426016
0.426707
0.427405
0.428106
0.428804
0.429495
0.430175
0.430841
0.431493
0.432129
0.432749
0.433353
0.433939
0.434504
0.435043
0.435551
0.436018
0.436437
0.436801
0.437106
0.437349
0.437529
0.437639
0.437686
0.437659
0.437536
0.437369
0.437142
0.436844
0.436478
0.436043
0.435535
0.434951
0.434289
0.433545
0.432717
0.431799
0.430793
0.429691
0.428496
0.4272
0.425808
0.424309
0.422712
0.421004
0.419193
0.417263
0.415225
0.413054
0.410762
0.408316
0.405729
0.402952
0.400005
0.396817
0.393414
0.389695
0.385697
0.381266
0.37646
0.371033
0.365085
0.358206
0.350608
0.341638
0.387409
0.387372
0.388332
0.388939
0.389729
0.39049
0.391262
0.392028
0.392783
0.393526
0.39426
0.394992
0.395727
0.396469
0.397216
0.397962
0.398702
0.399429
0.400144
0.400849
0.40155
0.402253
0.402962
0.403678
0.4044
0.405122
0.405843
0.406563
0.407285
0.408012
0.408748
0.409494
0.41025
0.411012
0.411775
0.412534
0.413285
0.414025
0.414754
0.415472
0.416181
0.416883
0.417576
0.418261
0.418937
0.419601
0.420253
0.420895
0.421526
0.422152
0.422777
0.423406
0.424043
0.424692
0.425353
0.426028
0.426714
0.427406
0.428102
0.428796
0.429483
0.43016
0.430825
0.431475
0.43211
0.432729
0.433332
0.433916
0.43448
0.43502
0.435528
0.435998
0.436422
0.436792
0.437104
0.437355
0.437541
0.437657
0.437708
0.437686
0.437563
0.437394
0.437164
0.436862
0.436492
0.436052
0.43554
0.434952
0.434288
0.433541
0.432711
0.431792
0.430785
0.429682
0.428488
0.427193
0.425803
0.424309
0.422716
0.421012
0.419207
0.417283
0.41525
0.413084
0.410796
0.408354
0.405769
0.402996
0.400048
0.396862
0.393457
0.389738
0.385735
0.381303
0.376486
0.371051
0.365074
0.358159
0.350487
0.341412
0.38739
0.387388
0.388313
0.388926
0.389715
0.390473
0.391242
0.392005
0.39276
0.393503
0.394239
0.394971
0.395707
0.396448
0.397193
0.397938
0.398677
0.399404
0.400121
0.400831
0.401538
0.402247
0.402963
0.403685
0.404411
0.405136
0.405858
0.406578
0.407298
0.408022
0.408755
0.409498
0.41025
0.411009
0.411769
0.412526
0.413275
0.414014
0.414742
0.415459
0.416167
0.416867
0.417558
0.418242
0.418916
0.419582
0.420237
0.420883
0.421521
0.422155
0.422787
0.423421
0.424062
0.424711
0.425371
0.426042
0.426722
0.427409
0.428098
0.428786
0.429469
0.430143
0.430806
0.431454
0.432088
0.432706
0.433307
0.43389
0.434453
0.434992
0.435502
0.435975
0.436404
0.436781
0.437102
0.437362
0.437556
0.437678
0.437733
0.437716
0.437595
0.437423
0.43719
0.436883
0.436508
0.436063
0.435546
0.434955
0.434287
0.433537
0.432704
0.431783
0.430775
0.429672
0.428478
0.427186
0.425799
0.424308
0.42272
0.421023
0.419224
0.417307
0.415279
0.41312
0.410837
0.408399
0.405817
0.403046
0.400099
0.396915
0.393507
0.38979
0.38578
0.381348
0.376517
0.371073
0.365062
0.358105
0.350345
0.341144
0.387369
0.387399
0.388294
0.388915
0.389701
0.390455
0.39122
0.391981
0.392734
0.393478
0.394215
0.394949
0.395685
0.396425
0.397169
0.397913
0.398651
0.399381
0.400102
0.400817
0.401531
0.402248
0.40297
0.403697
0.404425
0.405152
0.405875
0.406594
0.407312
0.408034
0.408764
0.409503
0.410251
0.411006
0.411763
0.412517
0.413264
0.414001
0.414727
0.415444
0.41615
0.416848
0.417538
0.41822
0.418894
0.41956
0.420219
0.42087
0.421515
0.422157
0.422796
0.423437
0.424081
0.424732
0.42539
0.426057
0.426731
0.427411
0.428094
0.428776
0.429454
0.430125
0.430785
0.431431
0.432063
0.43268
0.433279
0.433861
0.434423
0.434961
0.435473
0.435949
0.436384
0.43677
0.4371
0.437368
0.437571
0.4377
0.43776
0.437749
0.437631
0.437456
0.437219
0.436907
0.436527
0.436076
0.435554
0.434958
0.434286
0.433532
0.432697
0.431774
0.430764
0.429661
0.428468
0.427178
0.425794
0.424309
0.422726
0.421036
0.419243
0.417334
0.415313
0.41316
0.410882
0.40845
0.40587
0.403103
0.400156
0.396974
0.393564
0.389848
0.385832
0.3814
0.376553
0.371099
0.36505
0.358046
0.350186
0.340838
0.387346
0.387407
0.388278
0.388906
0.389688
0.390438
0.391198
0.391955
0.392706
0.39345
0.394188
0.394923
0.39566
0.3964
0.397142
0.397884
0.398622
0.399353
0.400077
0.400798
0.401519
0.402243
0.402971
0.403704
0.404437
0.405167
0.405891
0.40661
0.407327
0.408047
0.408773
0.409509
0.410253
0.411003
0.411756
0.412507
0.413251
0.413986
0.414711
0.415426
0.416131
0.416827
0.417516
0.418196
0.41887
0.419538
0.4202
0.420857
0.421509
0.422158
0.422805
0.423452
0.424101
0.424753
0.42541
0.426073
0.426742
0.427415
0.428091
0.428767
0.429439
0.430105
0.430762
0.431406
0.432036
0.43265
0.433248
0.433828
0.434389
0.434928
0.435442
0.435923
0.436364
0.436758
0.437097
0.437375
0.437587
0.437724
0.437789
0.437782
0.437669
0.437491
0.43725
0.436933
0.436547
0.436091
0.435563
0.434962
0.434285
0.433528
0.432689
0.431764
0.430752
0.42965
0.428458
0.42717
0.42579
0.42431
0.422733
0.42105
0.419264
0.417363
0.415349
0.413204
0.410931
0.408505
0.405928
0.403165
0.400218
0.397039
0.393626
0.389912
0.38589
0.381457
0.376595
0.371131
0.365041
0.357985
0.350013
0.3405
0.387321
0.387411
0.388265
0.388898
0.389675
0.39042
0.391175
0.391928
0.392677
0.393421
0.394159
0.394896
0.395633
0.396373
0.397114
0.397855
0.398592
0.399326
0.400055
0.400782
0.40151
0.402242
0.402976
0.403714
0.40445
0.405182
0.405907
0.406627
0.407343
0.408061
0.408784
0.409516
0.410255
0.411001
0.411749
0.412495
0.413237
0.41397
0.414693
0.415406
0.41611
0.416805
0.417491
0.418171
0.418846
0.419515
0.420181
0.420843
0.421502
0.422159
0.422814
0.423467
0.42412
0.424774
0.42543
0.426089
0.426752
0.427419
0.428088
0.428757
0.429424
0.430085
0.430738
0.431379
0.432007
0.432619
0.433215
0.433794
0.434354
0.434894
0.435409
0.435895
0.436343
0.436745
0.437094
0.437382
0.437603
0.437748
0.437818
0.437816
0.437708
0.437527
0.437282
0.436961
0.436569
0.436107
0.435573
0.434967
0.434285
0.433524
0.432681
0.431754
0.430741
0.429639
0.428447
0.427163
0.425786
0.424312
0.422741
0.421066
0.419288
0.417395
0.415388
0.413251
0.410983
0.408563
0.405989
0.403231
0.400284
0.397108
0.393693
0.389981
0.385953
0.381519
0.376642
0.371167
0.365034
0.357923
0.34983
0.340132
0.387299
0.387413
0.388253
0.388891
0.389662
0.390402
0.391151
0.391899
0.392646
0.393389
0.394129
0.394867
0.395605
0.396344
0.397084
0.397824
0.398562
0.399297
0.400031
0.400764
0.401499
0.402237
0.402978
0.40372
0.40446
0.405195
0.405922
0.406643
0.407359
0.408076
0.408796
0.409523
0.410258
0.410998
0.411741
0.412483
0.413221
0.413952
0.414673
0.415385
0.416087
0.41678
0.417466
0.418146
0.41882
0.419492
0.420161
0.420829
0.421495
0.422159
0.422821
0.42348
0.424138
0.424793
0.425449
0.426105
0.426763
0.427423
0.428085
0.428748
0.429408
0.430064
0.430713
0.431351
0.431976
0.432586
0.43318
0.433758
0.434318
0.434858
0.435376
0.435866
0.436321
0.436732
0.437091
0.437389
0.437618
0.437771
0.437847
0.437851
0.437749
0.437564
0.437316
0.436991
0.436593
0.436125
0.435585
0.434973
0.434285
0.43352
0.432674
0.431744
0.430729
0.429627
0.428437
0.427156
0.425784
0.424315
0.422751
0.421084
0.419313
0.417429
0.415429
0.4133
0.411037
0.408624
0.406053
0.403299
0.400354
0.397181
0.393764
0.390054
0.38602
0.381586
0.376694
0.371207
0.365031
0.357863
0.349638
0.33974
0.387282
0.387415
0.388242
0.388882
0.389648
0.390382
0.391126
0.391869
0.392613
0.393356
0.394098
0.394838
0.395577
0.396315
0.397054
0.397792
0.398531
0.399269
0.400008
0.400748
0.40149
0.402235
0.402981
0.403728
0.404471
0.405208
0.405937
0.406659
0.407375
0.408091
0.408809
0.409532
0.410261
0.410996
0.411733
0.412471
0.413205
0.413932
0.414652
0.415362
0.416063
0.416755
0.41744
0.418119
0.418795
0.419468
0.420141
0.420814
0.421487
0.422158
0.422827
0.423492
0.424154
0.424812
0.425467
0.426121
0.426774
0.427428
0.428083
0.428739
0.429393
0.430044
0.430688
0.431322
0.431944
0.432552
0.433144
0.43372
0.43428
0.434822
0.435343
0.435838
0.4363
0.43672
0.437088
0.437395
0.437633
0.437794
0.437876
0.437885
0.437789
0.437601
0.43735
0.437021
0.436618
0.436143
0.435598
0.434979
0.434287
0.433516
0.432666
0.431734
0.430718
0.429617
0.428428
0.42715
0.425782
0.42432
0.422762
0.421103
0.41934
0.417464
0.415471
0.41335
0.411094
0.408686
0.406119
0.40337
0.400426
0.397256
0.393839
0.390131
0.386092
0.381657
0.37675
0.371252
0.365033
0.357806
0.349442
0.339326
0.387273
0.38742
0.388234
0.388875
0.389632
0.390359
0.391097
0.391836
0.392578
0.393322
0.394066
0.394807
0.395547
0.396285
0.397023
0.39776
0.3985
0.399241
0.399984
0.40073
0.401478
0.402229
0.402981
0.403732
0.404478
0.405218
0.405949
0.406673
0.40739
0.408105
0.408821
0.40954
0.410264
0.410993
0.411725
0.412458
0.413188
0.413912
0.414629
0.415337
0.416037
0.416728
0.417412
0.418092
0.418769
0.419445
0.420122
0.4208
0.421478
0.422156
0.422831
0.423502
0.424168
0.424828
0.425484
0.426135
0.426785
0.427434
0.428082
0.428731
0.429379
0.430023
0.430662
0.431292
0.431911
0.432516
0.433107
0.433682
0.434242
0.434785
0.43531
0.43581
0.436279
0.436707
0.437085
0.437401
0.437648
0.437816
0.437904
0.437918
0.437828
0.437639
0.437385
0.437052
0.436643
0.436163
0.435611
0.434987
0.434289
0.433513
0.43266
0.431725
0.430708
0.429607
0.42842
0.427145
0.425782
0.424326
0.422775
0.421124
0.419368
0.417501
0.415515
0.413402
0.411151
0.40875
0.406187
0.403443
0.4005
0.397334
0.393915
0.39021
0.386166
0.381731
0.376811
0.371302
0.365039
0.357753
0.349244
0.338894
0.387265
0.387428
0.38823
0.388868
0.389615
0.390336
0.391068
0.391803
0.392543
0.393288
0.394033
0.394777
0.395518
0.396255
0.396992
0.397729
0.398469
0.399213
0.399961
0.400713
0.401468
0.402225
0.402982
0.403736
0.404485
0.405227
0.405961
0.406686
0.407405
0.408119
0.408833
0.409549
0.410268
0.410991
0.411717
0.412444
0.41317
0.413891
0.414605
0.415312
0.41601
0.4167
0.417385
0.418065
0.418744
0.419422
0.420103
0.420786
0.42147
0.422153
0.422834
0.42351
0.42418
0.424843
0.425499
0.426149
0.426795
0.427439
0.428081
0.428724
0.429365
0.430003
0.430637
0.431263
0.431878
0.43248
0.433069
0.433643
0.434203
0.434749
0.435276
0.435782
0.436258
0.436694
0.437081
0.437407
0.437661
0.437837
0.43793
0.43795
0.437867
0.437676
0.43742
0.437083
0.43667
0.436184
0.435626
0.434996
0.434291
0.433511
0.432653
0.431716
0.430698
0.429597
0.428413
0.427142
0.425783
0.424333
0.422788
0.421145
0.419397
0.417538
0.41556
0.413454
0.411209
0.408815
0.406255
0.403516
0.400575
0.397412
0.393993
0.390291
0.386244
0.381809
0.376877
0.371357
0.365051
0.357706
0.349045
0.338449
0.387253
0.387437
0.38823
0.388864
0.389599
0.390312
0.391037
0.391768
0.392507
0.393253
0.394001
0.394747
0.395488
0.396225
0.396961
0.397698
0.398439
0.399185
0.399938
0.400695
0.401456
0.402218
0.402979
0.403737
0.404489
0.405233
0.40597
0.406697
0.407418
0.408133
0.408845
0.409558
0.410272
0.410989
0.411709
0.412431
0.413151
0.413868
0.41458
0.415285
0.415982
0.416672
0.417357
0.418038
0.418718
0.4194
0.420085
0.420772
0.421461
0.422149
0.422835
0.423516
0.42419
0.424855
0.425512
0.426161
0.426805
0.427444
0.428081
0.428717
0.429351
0.429984
0.430612
0.431233
0.431844
0.432444
0.43303
0.433604
0.434165
0.434712
0.435244
0.435755
0.436238
0.436682
0.437077
0.437411
0.437674
0.437856
0.437955
0.43798
0.437904
0.437712
0.437453
0.437114
0.436696
0.436205
0.435641
0.435005
0.434295
0.43351
0.432648
0.431709
0.430689
0.429589
0.428406
0.427139
0.425785
0.424341
0.422803
0.421168
0.419427
0.417577
0.415605
0.413507
0.411267
0.408879
0.406323
0.403589
0.40065
0.397492
0.394073
0.390373
0.386323
0.381889
0.376946
0.371416
0.365069
0.357665
0.348849
0.337993
0.387232
0.387443
0.388233
0.388861
0.389584
0.390288
0.391007
0.391734
0.392472
0.393219
0.39397
0.394717
0.395459
0.396196
0.396931
0.397668
0.398409
0.399159
0.399916
0.400679
0.401445
0.402212
0.402977
0.403737
0.404492
0.405239
0.405977
0.406707
0.407429
0.408145
0.408856
0.409566
0.410276
0.410988
0.411702
0.412417
0.413132
0.413846
0.414554
0.415257
0.415954
0.416644
0.417329
0.418011
0.418694
0.419378
0.420066
0.420758
0.421451
0.422144
0.422835
0.42352
0.424198
0.424866
0.425524
0.426172
0.426814
0.427449
0.428081
0.428711
0.429339
0.429965
0.430588
0.431204
0.431811
0.432407
0.432992
0.433566
0.434127
0.434677
0.435212
0.435729
0.436218
0.43667
0.437073
0.437415
0.437686
0.437874
0.437978
0.438007
0.437939
0.437747
0.437486
0.437145
0.436723
0.436227
0.435657
0.435015
0.434299
0.43351
0.432644
0.431702
0.430682
0.429582
0.428401
0.427138
0.425788
0.424351
0.42282
0.421192
0.419458
0.417615
0.415651
0.413559
0.411326
0.408944
0.406392
0.403663
0.400726
0.397572
0.394154
0.390457
0.386405
0.381971
0.377018
0.371479
0.365094
0.357631
0.348656
0.337528
0.387203
0.387446
0.388235
0.388861
0.389571
0.390265
0.390977
0.391701
0.392439
0.393187
0.393939
0.394688
0.39543
0.396167
0.396901
0.397638
0.398381
0.399133
0.399894
0.400661
0.401433
0.402204
0.402972
0.403735
0.404492
0.405241
0.405982
0.406715
0.407439
0.408156
0.408867
0.409574
0.41028
0.410986
0.411694
0.412403
0.413113
0.413822
0.414528
0.415229
0.415925
0.416615
0.417301
0.417985
0.41867
0.419357
0.420049
0.420744
0.421441
0.422139
0.422834
0.423523
0.424203
0.424874
0.425533
0.426182
0.426821
0.427454
0.428081
0.428705
0.429327
0.429948
0.430564
0.431175
0.431778
0.432371
0.432955
0.433527
0.43409
0.434642
0.435182
0.435703
0.436199
0.436658
0.437068
0.437418
0.437696
0.437891
0.437999
0.438034
0.437972
0.437781
0.437518
0.437175
0.43675
0.436249
0.435674
0.435026
0.434305
0.43351
0.432641
0.431696
0.430675
0.429577
0.428398
0.427138
0.425793
0.424362
0.422837
0.421217
0.41949
0.417655
0.415696
0.413612
0.411384
0.409008
0.40646
0.403736
0.400802
0.397652
0.394235
0.390541
0.386488
0.382054
0.377094
0.371546
0.365125
0.357606
0.348469
0.337058
0.387169
0.387442
0.388233
0.388859
0.389559
0.390245
0.39095
0.391671
0.392407
0.393156
0.393909
0.394659
0.395402
0.396139
0.396873
0.39761
0.398354
0.399108
0.399873
0.400645
0.401421
0.402196
0.402968
0.403733
0.404492
0.405243
0.405986
0.406721
0.407447
0.408165
0.408876
0.409581
0.410283
0.410984
0.411686
0.412389
0.413094
0.413799
0.414502
0.415201
0.415896
0.416586
0.417273
0.417959
0.418647
0.419337
0.420031
0.42073
0.421431
0.422132
0.422831
0.423523
0.424207
0.42488
0.425541
0.42619
0.426828
0.427458
0.428081
0.4287
0.429316
0.42993
0.430541
0.431147
0.431746
0.432336
0.432917
0.43349
0.434054
0.434609
0.435152
0.435679
0.436181
0.436646
0.437064
0.437421
0.437705
0.437906
0.438019
0.438058
0.438003
0.437813
0.437549
0.437205
0.436777
0.436271
0.435691
0.435038
0.434311
0.433512
0.432639
0.431692
0.43067
0.429573
0.428396
0.42714
0.4258
0.424374
0.422856
0.421242
0.419522
0.417694
0.415742
0.413664
0.411441
0.409071
0.406527
0.403808
0.400877
0.397731
0.394316
0.390625
0.386571
0.382139
0.377173
0.371617
0.365163
0.357589
0.34829
0.336586
0.387136
0.387435
0.388226
0.388855
0.389548
0.390228
0.390927
0.391643
0.392379
0.393127
0.393881
0.394631
0.395375
0.396111
0.396845
0.397582
0.398327
0.399084
0.399852
0.400628
0.401408
0.402186
0.402961
0.403729
0.404489
0.405242
0.405988
0.406725
0.407454
0.408173
0.408884
0.409588
0.410286
0.410982
0.411678
0.412376
0.413075
0.413775
0.414475
0.415173
0.415867
0.416558
0.417246
0.417934
0.418624
0.419317
0.420014
0.420716
0.42142
0.422125
0.422827
0.423522
0.42421
0.424885
0.425547
0.426197
0.426834
0.427461
0.428081
0.428695
0.429306
0.429914
0.430519
0.43112
0.431714
0.432302
0.432881
0.433454
0.434019
0.434576
0.435124
0.435656
0.436163
0.436635
0.437059
0.437423
0.437713
0.43792
0.438038
0.43808
0.438031
0.437844
0.437579
0.437234
0.436803
0.436294
0.435709
0.43505
0.434318
0.433514
0.432638
0.431689
0.430667
0.42957
0.428395
0.427143
0.425808
0.424388
0.422875
0.421268
0.419555
0.417733
0.415787
0.413716
0.411498
0.409134
0.406594
0.40388
0.400952
0.39781
0.394396
0.390709
0.386656
0.382226
0.377254
0.371692
0.365207
0.35758
0.348119
0.336114
0.387102
0.387425
0.388212
0.388848
0.389538
0.390214
0.390908
0.391621
0.392353
0.393101
0.393854
0.394604
0.395348
0.396085
0.396819
0.397556
0.398303
0.399062
0.399833
0.400613
0.401396
0.402177
0.402954
0.403724
0.404486
0.405241
0.405988
0.406728
0.407459
0.40818
0.408891
0.409593
0.410289
0.41098
0.41167
0.412362
0.413056
0.413752
0.414449
0.415144
0.415838
0.41653
0.41722
0.41791
0.418602
0.419298
0.419998
0.420702
0.421409
0.422116
0.422821
0.42352
0.42421
0.424888
0.425552
0.426202
0.426838
0.427464
0.42808
0.428691
0.429296
0.429899
0.430498
0.431094
0.431684
0.432268
0.432846
0.433418
0.433985
0.434545
0.435097
0.435633
0.436146
0.436624
0.437054
0.437424
0.43772
0.437932
0.438055
0.438101
0.438057
0.437873
0.437607
0.437262
0.43683
0.436316
0.435727
0.435063
0.434326
0.433518
0.432638
0.431688
0.430665
0.429569
0.428397
0.427148
0.425817
0.424403
0.422895
0.421295
0.419588
0.417773
0.415832
0.413767
0.411554
0.409195
0.40666
0.40395
0.401026
0.397888
0.394477
0.390793
0.386741
0.382312
0.377337
0.371769
0.365259
0.357581
0.347959
0.335643
0.387071
0.387411
0.388195
0.388838
0.389528
0.390203
0.390893
0.391602
0.392331
0.393076
0.393827
0.394577
0.395321
0.396058
0.396793
0.397531
0.398279
0.39904
0.399814
0.400596
0.401383
0.402167
0.402946
0.403718
0.404481
0.405238
0.405988
0.40673
0.407463
0.408186
0.408897
0.409598
0.410291
0.410978
0.411663
0.412349
0.413038
0.413729
0.414423
0.415117
0.41581
0.416502
0.417194
0.417886
0.418581
0.419279
0.419982
0.420688
0.421398
0.422108
0.422815
0.423517
0.424209
0.424889
0.425555
0.426205
0.426842
0.427466
0.42808
0.428686
0.429287
0.429884
0.430478
0.431069
0.431655
0.432236
0.432813
0.433385
0.433953
0.434516
0.435071
0.435612
0.43613
0.436613
0.437049
0.437424
0.437726
0.437943
0.438071
0.43812
0.438081
0.4379
0.437634
0.43729
0.436856
0.436339
0.435745
0.435076
0.434335
0.433523
0.43264
0.431688
0.430664
0.429569
0.428399
0.427154
0.425827
0.424418
0.422917
0.421322
0.419621
0.417812
0.415877
0.413818
0.41161
0.409256
0.406724
0.40402
0.401098
0.397965
0.394557
0.390877
0.386826
0.3824
0.377423
0.37185
0.365316
0.357592
0.347812
0.335177
0.387041
0.387396
0.388175
0.388825
0.389518
0.390194
0.390882
0.391587
0.392312
0.393053
0.393803
0.394552
0.395296
0.396033
0.396768
0.397507
0.398256
0.399019
0.399796
0.400581
0.40137
0.402157
0.402938
0.403711
0.404476
0.405235
0.405986
0.40673
0.407465
0.40819
0.408902
0.409602
0.410292
0.410975
0.411655
0.412336
0.413019
0.413706
0.414397
0.415089
0.415782
0.416475
0.417168
0.417863
0.41856
0.419261
0.419966
0.420675
0.421386
0.422098
0.422808
0.423512
0.424206
0.424888
0.425556
0.426208
0.426844
0.427467
0.428079
0.428682
0.429279
0.429871
0.430459
0.431045
0.431627
0.432205
0.43278
0.433352
0.433922
0.434487
0.435046
0.435592
0.436115
0.436603
0.437044
0.437424
0.43773
0.437953
0.438085
0.438137
0.438103
0.437926
0.43766
0.437316
0.436881
0.436361
0.435763
0.43509
0.434344
0.433529
0.432643
0.43169
0.430665
0.429572
0.428403
0.427162
0.425839
0.424435
0.422939
0.42135
0.419654
0.417851
0.415921
0.413867
0.411664
0.409315
0.406788
0.404088
0.40117
0.398041
0.394635
0.39096
0.386911
0.382487
0.37751
0.371933
0.36538
0.357612
0.347676
0.334718
0.387016
0.38738
0.388152
0.38881
0.389507
0.390186
0.390873
0.391573
0.392294
0.393031
0.393778
0.394526
0.39527
0.396008
0.396744
0.397484
0.398234
0.398999
0.399778
0.400566
0.401357
0.402146
0.402929
0.403703
0.40447
0.40523
0.405983
0.406729
0.407466
0.408192
0.408905
0.409605
0.410293
0.410973
0.411648
0.412323
0.413002
0.413684
0.414372
0.415062
0.415755
0.416449
0.417144
0.417841
0.41854
0.419243
0.41995
0.420661
0.421374
0.422088
0.4228
0.423506
0.424203
0.424887
0.425556
0.426209
0.426846
0.427468
0.428078
0.428678
0.42927
0.429858
0.430441
0.431022
0.4316
0.432176
0.432749
0.433321
0.433892
0.43446
0.435022
0.435572
0.4361
0.436593
0.437039
0.437424
0.437734
0.437962
0.438098
0.438153
0.438122
0.43795
0.437685
0.437342
0.436905
0.436383
0.435781
0.435104
0.434355
0.433536
0.432648
0.431693
0.430668
0.429575
0.428409
0.427171
0.425852
0.424453
0.422962
0.421378
0.419687
0.41789
0.415965
0.413916
0.411717
0.409373
0.40685
0.404155
0.40124
0.398116
0.394713
0.391041
0.386996
0.382575
0.377598
0.372018
0.36545
0.357641
0.347554
0.334269
0.386993
0.387365
0.388129
0.388795
0.389496
0.390178
0.390865
0.391562
0.392278
0.393012
0.393756
0.394503
0.395246
0.395984
0.396721
0.397462
0.398214
0.39898
0.399761
0.400551
0.401344
0.402135
0.40292
0.403696
0.404464
0.405224
0.405979
0.406727
0.407466
0.408194
0.408907
0.409607
0.410293
0.41097
0.411641
0.412311
0.412984
0.413663
0.414347
0.415036
0.415729
0.416423
0.41712
0.417819
0.418521
0.419226
0.419935
0.420647
0.421363
0.422078
0.422792
0.4235
0.424198
0.424884
0.425554
0.426208
0.426846
0.427468
0.428076
0.428673
0.429262
0.429845
0.430424
0.431001
0.431575
0.432148
0.43272
0.433292
0.433864
0.434435
0.435
0.435554
0.436086
0.436583
0.437033
0.437422
0.437738
0.437969
0.438109
0.438167
0.43814
0.437973
0.437708
0.437366
0.436929
0.436404
0.435799
0.435119
0.434366
0.433544
0.432653
0.431697
0.430672
0.42958
0.428416
0.427181
0.425866
0.424471
0.422985
0.421407
0.419721
0.417928
0.416008
0.413964
0.41177
0.40943
0.406911
0.40422
0.401309
0.398189
0.39479
0.391122
0.38708
0.382662
0.377687
0.372106
0.365526
0.357678
0.347447
0.333829
0.386972
0.387352
0.388107
0.388779
0.389483
0.390168
0.390855
0.391549
0.392262
0.392991
0.393733
0.394479
0.395222
0.395961
0.396699
0.397441
0.398194
0.398962
0.399743
0.400535
0.401331
0.402123
0.40291
0.403687
0.404456
0.405218
0.405974
0.406724
0.407465
0.408194
0.408909
0.409608
0.410293
0.410966
0.411633
0.412299
0.412968
0.413642
0.414323
0.415011
0.415703
0.416399
0.417097
0.417799
0.418502
0.419209
0.41992
0.420634
0.421351
0.422068
0.422783
0.423492
0.424192
0.42488
0.425552
0.426207
0.426845
0.427466
0.428073
0.428668
0.429254
0.429833
0.430408
0.43098
0.431551
0.432121
0.432692
0.433264
0.433837
0.43441
0.434979
0.435536
0.436072
0.436574
0.437028
0.437421
0.43774
0.437975
0.438119
0.43818
0.438156
0.437995
0.43773
0.437388
0.43695
0.436424
0.435817
0.435134
0.434377
0.433553
0.43266
0.431702
0.430677
0.429586
0.428424
0.427192
0.42588
0.42449
0.423008
0.421435
0.419753
0.417966
0.41605
0.414011
0.411821
0.409486
0.406971
0.404284
0.401377
0.398261
0.394866
0.391202
0.387163
0.382749
0.377777
0.372194
0.365607
0.357725
0.347356
0.3334
0.386951
0.387342
0.388089
0.388765
0.38947
0.390158
0.390844
0.391537
0.392246
0.392973
0.393712
0.394456
0.395199
0.395939
0.396678
0.397421
0.398175
0.398944
0.399727
0.400521
0.401318
0.402112
0.4029
0.403678
0.404448
0.405211
0.405968
0.40672
0.407462
0.408193
0.408909
0.409608
0.410291
0.410962
0.411626
0.412287
0.412952
0.413622
0.414301
0.414987
0.415679
0.416375
0.417075
0.417779
0.418484
0.419193
0.419905
0.420621
0.421338
0.422057
0.422773
0.423484
0.424186
0.424875
0.425548
0.426205
0.426843
0.427464
0.42807
0.428664
0.429246
0.429822
0.430393
0.430961
0.431528
0.432096
0.432666
0.433238
0.433812
0.434387
0.434959
0.435519
0.436059
0.436564
0.437022
0.437418
0.437741
0.43798
0.438128
0.438191
0.438171
0.438014
0.437751
0.437409
0.436971
0.436444
0.435835
0.435149
0.43439
0.433562
0.432667
0.431708
0.430683
0.429594
0.428433
0.427204
0.425896
0.42451
0.423032
0.421463
0.419786
0.418003
0.416091
0.414057
0.41187
0.40954
0.407029
0.404346
0.401443
0.398331
0.39494
0.39128
0.387245
0.382834
0.377866
0.372284
0.365692
0.35778
0.347281
0.332983
0.38693
0.387332
0.388071
0.38875
0.389455
0.390145
0.390831
0.391522
0.392229
0.392953
0.393691
0.394434
0.395177
0.395917
0.396657
0.397401
0.398156
0.398926
0.39971
0.400505
0.401304
0.4021
0.402888
0.403668
0.404439
0.405203
0.405962
0.406714
0.407458
0.408191
0.408907
0.409607
0.41029
0.410958
0.411618
0.412276
0.412936
0.413603
0.414279
0.414963
0.415655
0.416353
0.417054
0.417759
0.418467
0.419178
0.419891
0.420608
0.421326
0.422046
0.422763
0.423475
0.424179
0.424869
0.425544
0.426201
0.42684
0.427462
0.428067
0.428659
0.429239
0.429811
0.430378
0.430943
0.431507
0.432073
0.432641
0.433213
0.433788
0.434365
0.434939
0.435503
0.436046
0.436554
0.437015
0.437416
0.437742
0.437984
0.438135
0.4382
0.438184
0.438032
0.437769
0.437429
0.43699
0.436462
0.435852
0.435164
0.434402
0.433572
0.432675
0.431716
0.43069
0.429601
0.428443
0.427217
0.425912
0.42453
0.423056
0.421491
0.419818
0.418039
0.416132
0.414101
0.411919
0.409592
0.407085
0.404407
0.401507
0.398399
0.395012
0.391356
0.387326
0.382919
0.377956
0.372375
0.365781
0.357843
0.347223
0.332582
0.386911
0.387324
0.388055
0.388736
0.389442
0.390132
0.390817
0.391508
0.392213
0.392935
0.393671
0.394413
0.395156
0.395897
0.396637
0.397382
0.398138
0.398909
0.399694
0.40049
0.40129
0.402088
0.402878
0.403658
0.40443
0.405195
0.405955
0.406709
0.407454
0.408187
0.408905
0.409605
0.410287
0.410954
0.411611
0.412264
0.412921
0.413585
0.414258
0.414941
0.415633
0.416331
0.417034
0.417741
0.418451
0.419163
0.419877
0.420595
0.421314
0.422035
0.422753
0.423466
0.424171
0.424862
0.425538
0.426197
0.426837
0.427458
0.428063
0.428653
0.429231
0.429801
0.430364
0.430926
0.431487
0.43205
0.432617
0.433189
0.433766
0.434344
0.434921
0.435488
0.436033
0.436545
0.437009
0.437412
0.437742
0.437987
0.438141
0.438208
0.438195
0.438049
0.437787
0.437446
0.437008
0.436479
0.435868
0.435178
0.434414
0.433582
0.432684
0.431724
0.430698
0.42961
0.428454
0.42723
0.425928
0.424549
0.423079
0.421519
0.41985
0.418075
0.416171
0.414144
0.411966
0.409643
0.407139
0.404465
0.40157
0.398466
0.395082
0.391431
0.387405
0.383003
0.378045
0.372467
0.365874
0.357913
0.347183
0.332194
0.386891
0.387315
0.388039
0.388722
0.389426
0.390116
0.390802
0.391492
0.392196
0.392916
0.393651
0.394392
0.395135
0.395876
0.396617
0.397363
0.398119
0.398891
0.399678
0.400475
0.401276
0.402075
0.402866
0.403648
0.404421
0.405186
0.405947
0.406702
0.407448
0.408183
0.408902
0.409602
0.410283
0.410948
0.411603
0.412253
0.412907
0.413567
0.414238
0.41492
0.415611
0.416311
0.417015
0.417724
0.418435
0.419148
0.419864
0.420582
0.421303
0.422024
0.422743
0.423457
0.424162
0.424855
0.425532
0.426192
0.426833
0.427454
0.428059
0.428648
0.429224
0.429791
0.430351
0.43091
0.431468
0.432029
0.432595
0.433167
0.433744
0.434325
0.434903
0.435473
0.436021
0.436535
0.437002
0.437409
0.437741
0.437989
0.438146
0.438215
0.438205
0.438064
0.437802
0.437463
0.437025
0.436496
0.435883
0.435192
0.434427
0.433593
0.432693
0.431732
0.430707
0.42962
0.428465
0.427244
0.425945
0.424569
0.423103
0.421546
0.41988
0.418109
0.416209
0.414186
0.412011
0.409693
0.407193
0.404522
0.40163
0.398531
0.395151
0.391505
0.387484
0.383086
0.378134
0.372559
0.36597
0.357991
0.347159
0.33183
0.386873
0.387308
0.388026
0.38871
0.389413
0.390103
0.390788
0.391477
0.39218
0.392899
0.393632
0.394373
0.395116
0.395857
0.396598
0.397345
0.398102
0.398875
0.399662
0.40046
0.401262
0.402062
0.402854
0.403637
0.404411
0.405177
0.405939
0.406694
0.407442
0.408178
0.408898
0.409598
0.410279
0.410942
0.411595
0.412243
0.412893
0.413551
0.414219
0.4149
0.415591
0.416291
0.416997
0.417707
0.418419
0.419134
0.419851
0.42057
0.421291
0.422012
0.422732
0.423447
0.424154
0.424847
0.425526
0.426186
0.426827
0.42745
0.428054
0.428642
0.429216
0.429781
0.430339
0.430894
0.43145
0.43201
0.432575
0.433146
0.433724
0.434306
0.434887
0.435458
0.436009
0.436526
0.436995
0.437404
0.437739
0.43799
0.438149
0.438221
0.438214
0.438077
0.437816
0.437478
0.43704
0.436511
0.435898
0.435206
0.434439
0.433604
0.432703
0.431741
0.430716
0.42963
0.428477
0.427258
0.425962
0.424589
0.423126
0.421573
0.41991
0.418143
0.416246
0.414227
0.412055
0.409741
0.407244
0.404577
0.401689
0.398594
0.395218
0.391576
0.38756
0.383167
0.378222
0.372651
0.366069
0.358075
0.347157
0.33148
0.386855
0.387301
0.388012
0.388697
0.389398
0.390087
0.390772
0.391461
0.392163
0.392881
0.393613
0.394353
0.395096
0.395837
0.396579
0.397326
0.398084
0.398858
0.399646
0.400445
0.401248
0.402049
0.402842
0.403625
0.4044
0.405167
0.405929
0.406686
0.407435
0.408172
0.408892
0.409593
0.410273
0.410936
0.411587
0.412232
0.412879
0.413534
0.414201
0.414881
0.415572
0.416273
0.41698
0.417691
0.418405
0.41912
0.419838
0.420557
0.421279
0.422001
0.422721
0.423437
0.424144
0.424839
0.425518
0.42618
0.426822
0.427444
0.428048
0.428635
0.429209
0.429771
0.430327
0.43088
0.431433
0.431991
0.432555
0.433127
0.433705
0.434288
0.434871
0.435444
0.435997
0.436517
0.436988
0.4374
0.437737
0.437991
0.438152
0.438226
0.438222
0.438088
0.437829
0.437491
0.437054
0.436525
0.435912
0.435219
0.434451
0.433615
0.432713
0.431751
0.430726
0.429641
0.428489
0.427272
0.425978
0.424609
0.423149
0.421598
0.419939
0.418175
0.416282
0.414266
0.412098
0.409786
0.407293
0.404631
0.401746
0.398655
0.395284
0.391646
0.387635
0.383247
0.378309
0.372742
0.366169
0.358166
0.347173
0.331172
0.386837
0.387295
0.388
0.388686
0.389385
0.390074
0.390758
0.391446
0.392147
0.392865
0.393596
0.394335
0.395078
0.395819
0.396562
0.397309
0.398068
0.398842
0.399631
0.40043
0.401234
0.402036
0.40283
0.403614
0.404389
0.405157
0.40592
0.406677
0.407427
0.408165
0.408886
0.409588
0.410268
0.41093
0.411578
0.412221
0.412866
0.413519
0.414184
0.414863
0.415554
0.416255
0.416963
0.417676
0.418391
0.419107
0.419825
0.420545
0.421267
0.421989
0.42271
0.423427
0.424134
0.42483
0.42551
0.426172
0.426815
0.427438
0.428042
0.428629
0.429201
0.429761
0.430315
0.430866
0.431418
0.431974
0.432537
0.433109
0.433688
0.434272
0.434856
0.435431
0.435986
0.436507
0.436981
0.437395
0.437735
0.43799
0.438154
0.43823
0.438228
0.438099
0.437841
0.437503
0.437067
0.436539
0.435925
0.435232
0.434463
0.433626
0.432723
0.431761
0.430736
0.429652
0.428502
0.427286
0.425995
0.424629
0.423171
0.421624
0.419968
0.418207
0.416317
0.414304
0.412139
0.409831
0.407341
0.404682
0.401802
0.398714
0.395348
0.391714
0.387709
0.383326
0.378395
0.372834
0.366271
0.358263
0.347209
0.330907
0.38682
0.387288
0.387987
0.388673
0.38937
0.390058
0.390742
0.39143
0.39213
0.392847
0.393577
0.394317
0.395059
0.395801
0.396544
0.397292
0.398051
0.398826
0.399615
0.400415
0.401219
0.402021
0.402816
0.403601
0.404377
0.405146
0.405909
0.406667
0.407418
0.408157
0.408879
0.409581
0.410261
0.410922
0.41157
0.41221
0.412853
0.413504
0.414167
0.414845
0.415536
0.416238
0.416947
0.417661
0.418377
0.419094
0.419812
0.420532
0.421255
0.421977
0.422699
0.423416
0.424124
0.42482
0.425501
0.426164
0.426808
0.427431
0.428035
0.428622
0.429192
0.429752
0.430304
0.430853
0.431403
0.431958
0.43252
0.433092
0.433671
0.434256
0.434841
0.435418
0.435975
0.436498
0.436974
0.43739
0.437732
0.43799
0.438156
0.438233
0.438234
0.438108
0.437851
0.437514
0.43708
0.436552
0.435938
0.435244
0.434475
0.433637
0.432734
0.431771
0.430747
0.429664
0.428515
0.427301
0.426013
0.424648
0.423193
0.421649
0.419996
0.418238
0.41635
0.414341
0.412179
0.409875
0.407389
0.404733
0.401856
0.398773
0.39541
0.391781
0.387781
0.383403
0.37848
0.372925
0.366374
0.358366
0.347263
0.330696
0.386803
0.387281
0.387976
0.388662
0.389359
0.390046
0.390729
0.391416
0.392116
0.392832
0.393562
0.394301
0.395043
0.395785
0.396529
0.397277
0.398036
0.398811
0.3996
0.4004
0.401205
0.402008
0.402803
0.403589
0.404365
0.405134
0.405898
0.406657
0.407408
0.408148
0.408871
0.409574
0.410254
0.410915
0.411561
0.4122
0.41284
0.413489
0.414151
0.414828
0.415519
0.416222
0.416932
0.417646
0.418363
0.41908
0.419799
0.42052
0.421242
0.421965
0.422687
0.423404
0.424113
0.42481
0.425492
0.426156
0.4268
0.427424
0.428028
0.428614
0.429184
0.429742
0.430292
0.43084
0.431389
0.431943
0.432504
0.433075
0.433655
0.434241
0.434827
0.435406
0.435964
0.436489
0.436967
0.437384
0.437728
0.437988
0.438157
0.438236
0.438238
0.438115
0.43786
0.437525
0.437091
0.436564
0.435951
0.435257
0.434487
0.433649
0.432746
0.431783
0.430759
0.429677
0.428529
0.427318
0.426031
0.424669
0.423216
0.421674
0.420024
0.418268
0.416384
0.414377
0.412218
0.409917
0.407434
0.404782
0.401908
0.398828
0.39547
0.391846
0.387851
0.383479
0.378563
0.373016
0.366477
0.358474
0.347335
0.330563
0.386787
0.387275
0.387963
0.388649
0.389343
0.39003
0.390712
0.391399
0.392099
0.392815
0.393545
0.394284
0.395026
0.395769
0.396512
0.397261
0.39802
0.398794
0.399584
0.400384
0.401189
0.401992
0.402788
0.403574
0.404351
0.405121
0.405886
0.406645
0.407397
0.408138
0.408861
0.409565
0.410245
0.410906
0.411551
0.412189
0.412828
0.413475
0.414136
0.414812
0.415503
0.416206
0.416916
0.417632
0.418349
0.419067
0.419786
0.420507
0.421229
0.421953
0.422675
0.423392
0.424102
0.4248
0.425482
0.426146
0.426791
0.427415
0.428019
0.428605
0.429175
0.429732
0.430281
0.430827
0.431375
0.431928
0.432489
0.43306
0.43364
0.434227
0.434814
0.435393
0.435953
0.436479
0.436959
0.437378
0.437724
0.437986
0.438156
0.438237
0.438241
0.438121
0.437868
0.437533
0.437101
0.436575
0.435962
0.435269
0.434499
0.433661
0.432758
0.431795
0.430771
0.42969
0.428543
0.427333
0.426048
0.424688
0.423238
0.421698
0.42005
0.418297
0.416415
0.414411
0.412254
0.409955
0.407475
0.404826
0.401956
0.39888
0.395526
0.391905
0.387915
0.383549
0.378641
0.373101
0.366574
0.35858
0.347413
0.330519
0.386771
0.387268
0.387952
0.388639
0.389333
0.390019
0.390701
0.391388
0.392087
0.392803
0.393532
0.394271
0.395013
0.395755
0.396498
0.397247
0.398006
0.39878
0.399568
0.400368
0.401174
0.401977
0.402774
0.40356
0.404338
0.405108
0.405873
0.406633
0.407385
0.408126
0.408851
0.409555
0.410236
0.410896
0.411541
0.412178
0.412815
0.413461
0.414121
0.414796
0.415487
0.416189
0.4169
0.417616
0.418333
0.419052
0.419771
0.420492
0.421215
0.421939
0.422661
0.423379
0.424089
0.424787
0.42547
0.426135
0.42678
0.427405
0.42801
0.428595
0.429164
0.429721
0.430269
0.430814
0.431361
0.431913
0.432473
0.433044
0.433625
0.434212
0.434799
0.43538
0.435941
0.436469
0.436949
0.43737
0.437718
0.437981
0.438154
0.438236
0.438243
0.438126
0.437875
0.437541
0.437109
0.436584
0.435973
0.43528
0.43451
0.433672
0.432769
0.431806
0.430783
0.429702
0.428557
0.427348
0.426064
0.424706
0.423258
0.42172
0.420073
0.418321
0.416441
0.414438
0.412283
0.409985
0.407506
0.404859
0.401991
0.398917
0.395565
0.391948
0.387962
0.383599
0.378697
0.373163
0.366649
0.358663
0.347488
0.330587
0.386756
0.38726
0.38794
0.388625
0.389316
0.390002
0.390685
0.391373
0.392072
0.392787
0.393517
0.394255
0.394997
0.395739
0.396482
0.397231
0.39799
0.398763
0.399551
0.400351
0.401156
0.40196
0.402757
0.403544
0.404322
0.405093
0.405858
0.406619
0.407372
0.408114
0.408839
0.409543
0.410225
0.410885
0.41153
0.412166
0.412803
0.413448
0.414106
0.414781
0.41547
0.416173
0.416884
0.4176
0.418318
0.419037
0.419757
0.420479
0.421202
0.421926
0.422649
0.423367
0.424078
0.424776
0.42546
0.426125
0.426771
0.427396
0.428
0.428586
0.429155
0.429711
0.430258
0.430803
0.431348
0.4319
0.43246
0.433031
0.433611
0.434198
0.434787
0.435368
0.43593
0.436459
0.436942
0.437364
0.437713
0.437978
0.438153
0.438237
0.438246
0.438131
0.437882
0.437549
0.437119
0.436596
0.435984
0.435292
0.434522
0.433684
0.432781
0.431819
0.430796
0.429716
0.428572
0.427364
0.426082
0.424726
0.423279
0.421744
0.420099
0.418349
0.416471
0.414471
0.412319
0.410024
0.407549
0.404904
0.40204
0.39897
0.395623
0.392009
0.38803
0.383673
0.378779
0.373254
0.366753
0.358784
0.347594
0.330764
0.386742
0.387253
0.387929
0.388616
0.389308
0.389996
0.39068
0.391368
0.392067
0.39278
0.393509
0.394246
0.394986
0.395727
0.396469
0.397217
0.397975
0.398747
0.399535
0.400334
0.40114
0.401944
0.402741
0.403529
0.404307
0.405078
0.405843
0.406604
0.407358
0.4081
0.408826
0.40953
0.410213
0.410874
0.411519
0.412155
0.412791
0.413434
0.414092
0.414766
0.415455
0.416156
0.416867
0.417583
0.418302
0.419022
0.419743
0.420465
0.421188
0.421912
0.422635
0.423354
0.424065
0.424764
0.425448
0.426114
0.426759
0.427385
0.427989
0.428575
0.429143
0.429699
0.430246
0.43079
0.431335
0.431886
0.432446
0.433017
0.433597
0.434185
0.434774
0.435356
0.435918
0.436449
0.436932
0.437356
0.437706
0.437974
0.43815
0.438237
0.438246
0.438135
0.437887
0.437555
0.437127
0.436605
0.435994
0.435302
0.434532
0.433693
0.432789
0.431827
0.430804
0.429723
0.428579
0.427372
0.42609
0.424734
0.423288
0.421753
0.420109
0.418359
0.416482
0.414482
0.412331
0.410037
0.407563
0.40492
0.402057
0.398988
0.395643
0.392031
0.388053
0.383699
0.378809
0.373286
0.366795
0.35884
0.347664
0.330907
0.386728
0.387244
0.387916
0.388602
0.389293
0.389983
0.390669
0.391357
0.392056
0.392769
0.393496
0.394232
0.394971
0.395711
0.396452
0.397199
0.397956
0.398728
0.399516
0.400315
0.401121
0.401925
0.402723
0.403511
0.40429
0.405061
0.405827
0.406588
0.407343
0.408085
0.408812
0.409517
0.410199
0.410861
0.411506
0.412143
0.412779
0.413422
0.414079
0.414751
0.41544
0.416141
0.416852
0.417568
0.418287
0.419008
0.419729
0.420452
0.421176
0.4219
0.422624
0.423343
0.424054
0.424753
0.425438
0.426104
0.42675
0.427375
0.42798
0.428565
0.429134
0.429689
0.430236
0.430779
0.431324
0.431875
0.432435
0.433005
0.433585
0.434173
0.434763
0.435345
0.435909
0.43644
0.436925
0.43735
0.437702
0.437971
0.43815
0.438238
0.438249
0.438139
0.437893
0.437562
0.437135
0.436613
0.436004
0.435314
0.434545
0.433707
0.432804
0.431842
0.43082
0.429741
0.428599
0.427393
0.426113
0.424759
0.423315
0.421782
0.42014
0.418394
0.416519
0.414521
0.412373
0.410082
0.407611
0.404971
0.402112
0.399047
0.395708
0.392102
0.388131
0.383784
0.378905
0.373396
0.366922
0.35899
0.347834
0.331122
0.386714
0.387236
0.387907
0.388598
0.389294
0.389986
0.390672
0.391359
0.392057
0.392769
0.393493
0.394226
0.394963
0.395701
0.39644
0.397184
0.39794
0.398712
0.399499
0.400299
0.401104
0.401909
0.402707
0.403495
0.404274
0.405046
0.405812
0.406573
0.407328
0.408071
0.408798
0.409503
0.410186
0.410848
0.411493
0.41213
0.412767
0.41341
0.414066
0.414738
0.415425
0.416126
0.416836
0.417553
0.418272
0.418993
0.419715
0.420438
0.421162
0.421887
0.422611
0.42333
0.424041
0.424741
0.425426
0.426092
0.426739
0.427364
0.427969
0.428554
0.429123
0.429678
0.430225
0.430768
0.431313
0.431864
0.432423
0.432993
0.433574
0.434161
0.434751
0.435334
0.435898
0.436431
0.436916
0.437342
0.437696
0.437966
0.438147
0.438237
0.438249
0.438143
0.437899
0.437569
0.437142
0.436616
0.435999
0.4353
0.434528
0.433689
0.432786
0.431824
0.430802
0.429723
0.42858
0.427374
0.426094
0.424739
0.423295
0.421762
0.420121
0.418374
0.416499
0.414502
0.412353
0.410063
0.407592
0.404953
0.402095
0.399031
0.395693
0.392088
0.388119
0.383775
0.378899
0.373395
0.366927
0.359005
0.347843
0.331042
0.386697
0.387224
0.387891
0.388581
0.389277
0.389969
0.390655
0.391344
0.392042
0.392753
0.393477
0.394209
0.394946
0.395684
0.396422
0.397166
0.397922
0.398693
0.39948
0.40028
0.401086
0.40189
0.402689
0.403478
0.404257
0.405028
0.405795
0.406556
0.407311
0.408054
0.408781
0.409487
0.41017
0.410832
0.411477
0.412113
0.41275
0.413394
0.41405
0.414722
0.415409
0.416109
0.416819
0.417535
0.418254
0.418976
0.419698
0.420421
0.421146
0.42187
0.422594
0.423313
0.424025
0.424725
0.42541
0.426077
0.426724
0.42735
0.427955
0.428541
0.429109
0.429665
0.430212
0.430755
0.4313
0.43185
0.432409
0.432979
0.433559
0.434147
0.434737
0.435321
0.435886
0.436419
0.436906
0.437333
0.437689
0.437962
0.438145
0.438237
0.438251
0.438148
0.437907
0.437578
0.437155
0.436636
0.436032
0.435344
0.434578
0.433743
0.432843
0.431884
0.430864
0.429788
0.428648
0.427445
0.426169
0.424819
0.423379
0.42185
0.420213
0.418471
0.416602
0.41461
0.412468
0.410183
0.40772
0.405087
0.402238
0.399182
0.395853
0.392258
0.388302
0.383971
0.379113
0.37363
0.367199
0.359339
0.348275
0.331847
0.336494
0.334725
0.332895
0.330982
0.328983
0.326901
0.324724
0.322457
0.320086
0.317628
0.315078
0.312462
0.309727
0.306843
0.303843
0.300663
0.297404
0.294065
0.290627
0.28708
0.283422
0.279654
0.275781
0.271808
0.267738
0.26358
0.259337
0.255018
0.250628
0.246176
0.241668
0.237114
0.23252
0.227897
0.22325
0.218592
0.213926
0.209265
0.204611
0.199979
0.195366
0.190789
0.186243
0.181746
0.177291
0.172897
0.168553
0.164279
0.160063
0.155925
0.151841
0.147837
0.143872
0.13997
0.136081
0.132234
0.128387
0.124603
0.120876
0.117366
0.11399
0.110864
0.107931
0.105199
0.102722
0.100494
0.0985021
0.0967539
0.0953615
0.0942099
0.0933533
0.0924861
0.0925484
0.0928985
0.093748
0.0951046
0.0969128
0.100056
0.0609249
24.8636
0.336392
0.334609
0.332766
0.330836
0.328823
0.32672
0.324524
0.322231
0.319835
0.317329
0.314691
0.312013
0.309252
0.306407
0.303372
0.30021
0.296939
0.293567
0.290088
0.286501
0.282804
0.279
0.275092
0.271087
0.266988
0.262802
0.258534
0.254193
0.249783
0.245315
0.240794
0.236231
0.231631
0.227005
0.222359
0.217705
0.213046
0.208394
0.203752
0.199132
0.194535
0.189975
0.185448
0.18097
0.176537
0.172163
0.167841
0.163586
0.159385
0.155252
0.151165
0.147135
0.143139
0.139184
0.135263
0.131413
0.127636
0.124035
0.12058
0.117358
0.114237
0.111288
0.10851
0.106004
0.103559
0.101527
0.0996602
0.0980162
0.096767
0.095851
0.0953199
0.095371
0.0958085
0.0964034
0.0970521
0.0978058
0.0983523
0.0995546
0.0590931
25.2944
0.336219
0.334414
0.332548
0.330594
0.328554
0.326422
0.324198
0.321874
0.319455
0.316928
0.31431
0.311557
0.308707
0.305776
0.30267
0.299477
0.29616
0.292727
0.289184
0.285536
0.281781
0.277924
0.273967
0.269914
0.265771
0.261544
0.257239
0.252865
0.248427
0.243936
0.239396
0.234819
0.23021
0.225581
0.220935
0.216285
0.211633
0.206993
0.202365
0.197762
0.193184
0.188645
0.184142
0.179689
0.175282
0.170932
0.166633
0.162394
0.158199
0.154055
0.149945
0.145867
0.141833
0.137851
0.133967
0.130242
0.126703
0.123426
0.120337
0.117338
0.114593
0.111906
0.109409
0.10725
0.105143
0.10331
0.101914
0.100669
0.0996517
0.0993193
0.0990982
0.099278
0.0994432
0.099716
0.0996657
0.0997555
0.0995605
0.099644
0.0596937
24.7474
0.33597
0.334131
0.332233
0.330242
0.328162
0.325987
0.323715
0.321343
0.318871
0.316292
0.313614
0.310782
0.307854
0.304792
0.301636
0.298384
0.295
0.29149
0.287865
0.284134
0.2803
0.276367
0.272338
0.268217
0.26401
0.259725
0.255368
0.250948
0.246472
0.241948
0.237384
0.232789
0.228169
0.223536
0.218892
0.21425
0.209611
0.204989
0.200384
0.195808
0.191262
0.186756
0.18229
0.177873
0.173502
0.169185
0.164907
0.160676
0.156473
0.1523
0.148164
0.144075
0.140076
0.136254
0.132616
0.129277
0.126201
0.123248
0.120526
0.117797
0.115346
0.113173
0.110984
0.109199
0.107791
0.106218
0.105498
0.104945
0.104276
0.104236
0.103976
0.103603
0.103153
0.102737
0.102066
0.101518
0.100706
0.100369
0.0600183
24.655
0.335651
0.333769
0.331827
0.329787
0.327654
0.325421
0.323087
0.320648
0.318102
0.315447
0.31268
0.30977
0.306749
0.303578
0.300326
0.296973
0.293492
0.289883
0.286157
0.282323
0.278389
0.274359
0.270238
0.266033
0.261748
0.257393
0.252973
0.248499
0.243977
0.239418
0.234826
0.230214
0.225585
0.22095
0.216313
0.211684
0.207066
0.202469
0.197896
0.193355
0.188849
0.184384
0.17996
0.175583
0.171245
0.166949
0.162676
0.158433
0.154218
0.150041
0.14595
0.142021
0.13828
0.134867
0.131726
0.128789
0.12613
0.123462
0.121068
0.118927
0.116739
0.115114
0.113606
0.112136
0.11157
0.110643
0.110147
0.110124
0.109388
0.108798
0.108252
0.107329
0.106223
0.105195
0.104102
0.103129
0.10198
0.101428
0.0606742
24.7606
0.335267
0.333332
0.331337
0.329238
0.327039
0.324735
0.322323
0.319799
0.317162
0.314409
0.311536
0.308524
0.30539
0.302102
0.298724
0.295241
0.291638
0.287911
0.284064
0.280109
0.276056
0.271912
0.267684
0.263379
0.259004
0.254569
0.250079
0.245546
0.240975
0.236378
0.23176
0.227131
0.222495
0.217862
0.213237
0.208627
0.204036
0.199472
0.194937
0.190439
0.185978
0.181557
0.177174
0.172828
0.168508
0.164213
0.15994
0.155695
0.151541
0.147516
0.143694
0.140215
0.137028
0.134107
0.131487
0.128858
0.126516
0.124393
0.122278
0.120768
0.119214
0.117979
0.117431
0.116478
0.116234
0.115985
0.11508
0.114613
0.113837
0.112655
0.111517
0.110317
0.108966
0.107623
0.106284
0.10508
0.103691
0.102946
0.062791
24.1813
0.334825
0.332827
0.33077
0.328598
0.326321
0.323932
0.321426
0.318803
0.316055
0.313186
0.310187
0.307081
0.303778
0.300356
0.296831
0.293197
0.289447
0.285578
0.281592
0.2775
0.273311
0.269038
0.264689
0.260274
0.2558
0.251277
0.246713
0.242117
0.237497
0.232863
0.22822
0.223577
0.218939
0.214314
0.209705
0.205121
0.200563
0.196039
0.191548
0.187096
0.18268
0.178298
0.173945
0.169618
0.165311
0.161023
0.156835
0.152732
0.148871
0.145326
0.142068
0.139182
0.13658
0.133994
0.131772
0.129641
0.127594
0.126158
0.124569
0.123576
0.12301
0.122146
0.122057
0.121658
0.120798
0.12034
0.119395
0.118172
0.117025
0.115729
0.114306
0.112883
0.111455
0.110019
0.108544
0.107119
0.105491
0.104525
0.0645358
23.8987
0.334329
0.332258
0.330128
0.327873
0.325506
0.323016
0.320402
0.317658
0.314784
0.311778
0.308633
0.305364
0.301912
0.298338
0.294646
0.29084
0.286919
0.282885
0.27874
0.274495
0.270158
0.265745
0.261266
0.256732
0.252152
0.247539
0.242898
0.238241
0.233573
0.228905
0.224241
0.21959
0.214954
0.210342
0.205757
0.201204
0.196685
0.192203
0.187759
0.183347
0.178969
0.174616
0.170285
0.165979
0.161741
0.157577
0.153695
0.150068
0.146776
0.14399
0.141422
0.138941
0.136839
0.134676
0.132767
0.131365
0.129765
0.128985
0.128294
0.127596
0.127602
0.127011
0.126289
0.125854
0.124801
0.123609
0.122482
0.121159
0.11972
0.118293
0.116849
0.115364
0.113825
0.112269
0.110666
0.109086
0.107286
0.106176
0.0667989
23.3746
0.333782
0.331629
0.329415
0.327065
0.324594
0.321987
0.319248
0.316366
0.313346
0.31018
0.3069
0.303415
0.299795
0.296044
0.292165
0.288164
0.284052
0.279832
0.275511
0.271098
0.266603
0.262041
0.257425
0.252769
0.248083
0.243378
0.238663
0.233947
0.229237
0.22454
0.219862
0.215207
0.210583
0.20599
0.201435
0.196918
0.192441
0.188002
0.183599
0.179225
0.174883
0.170572
0.166316
0.162154
0.158223
0.154548
0.151275
0.14846
0.145823
0.143521
0.141536
0.139403
0.137748
0.136307
0.134779
0.13421
0.133378
0.132917
0.132879
0.132095
0.131581
0.131075
0.129917
0.128845
0.127755
0.126433
0.12503
0.123639
0.122214
0.120712
0.119149
0.117562
0.115931
0.114263
0.112543
0.110845
0.108932
0.107737
0.0690211
22.8955
0.333189
0.330942
0.328634
0.326177
0.323584
0.320848
0.317962
0.314925
0.311734
0.30839
0.304906
0.301226
0.297412
0.29346
0.289371
0.28516
0.280835
0.276412
0.271897
0.267304
0.262642
0.257927
0.253172
0.248394
0.243603
0.238811
0.234026
0.229258
0.224511
0.219792
0.215106
0.210457
0.205848
0.201285
0.196761
0.192286
0.187848
0.18345
0.17909
0.174759
0.170492
0.16631
0.162309
0.158573
0.155302
0.152482
0.149995
0.147931
0.145929
0.143916
0.142417
0.140846
0.139654
0.139136
0.138207
0.138098
0.137887
0.137024
0.136739
0.136051
0.134833
0.133893
0.132788
0.131481
0.13014
0.128809
0.127423
0.125943
0.1244
0.122823
0.121187
0.119495
0.117759
0.116
0.114211
0.112446
0.110464
0.109207
0.0711019
22.5038
0.332553
0.330201
0.327787
0.325207
0.322478
0.319593
0.316542
0.313328
0.309941
0.30643
0.302688
0.298792
0.294756
0.290575
0.286257
0.281813
0.277262
0.272618
0.267899
0.263114
0.25828
0.25341
0.24852
0.243623
0.238733
0.23386
0.229014
0.2242
0.219425
0.214693
0.210007
0.205372
0.200787
0.196253
0.191773
0.187333
0.182951
0.178606
0.174332
0.170168
0.166156
0.162439
0.159123
0.156214
0.153775
0.151678
0.149703
0.148111
0.146687
0.145154
0.144315
0.143468
0.142832
0.143021
0.142389
0.141858
0.141707
0.140681
0.139657
0.138842
0.137634
0.136348
0.13508
0.133787
0.13243
0.13098
0.129478
0.127941
0.126332
0.124653
0.122927
0.121165
0.119373
0.117551
0.115699
0.113873
0.111833
0.110532
0.0729181
22.1798
0.331875
0.329405
0.326874
0.324153
0.321274
0.318217
0.314982
0.311564
0.307958
0.304206
0.300226
0.296092
0.291805
0.287372
0.282799
0.27811
0.273315
0.268443
0.263505
0.258527
0.253516
0.248496
0.243473
0.238467
0.233486
0.228543
0.223642
0.218794
0.213998
0.209263
0.204586
0.199972
0.195422
0.190923
0.186492
0.182114
0.177802
0.173606
0.169531
0.165773
0.162328
0.159404
0.15715
0.155234
0.153483
0.151978
0.150412
0.149162
0.148387
0.147532
0.147488
0.147302
0.146611
0.146663
0.146143
0.145016
0.144478
0.143534
0.142229
0.141131
0.139917
0.138614
0.137278
0.135852
0.134382
0.132881
0.131304
0.129656
0.127961
0.126228
0.124456
0.122638
0.12079
0.118912
0.117013
0.115139
0.113052
0.111714
0.074509
21.9271
0.331157
0.328557
0.325892
0.323017
0.319966
0.316716
0.313272
0.309623
0.305821
0.30175
0.297512
0.293108
0.288543
0.283831
0.278987
0.274031
0.268985
0.263873
0.258719
0.25354
0.248361
0.24319
0.238049
0.23294
0.227883
0.222878
0.217936
0.213063
0.208259
0.203529
0.198876
0.194291
0.189785
0.185354
0.181002
0.176789
0.172722
0.16894
0.165548
0.162597
0.160174
0.158075
0.156454
0.155144
0.153868
0.15293
0.151975
0.151347
0.151417
0.150977
0.150928
0.150956
0.149989
0.149494
0.148945
0.147708
0.146727
0.14576
0.144499
0.143269
0.141999
0.140596
0.139162
0.13769
0.136132
0.134506
0.132845
0.131147
0.129404
0.127611
0.125782
0.123915
0.122028
0.120108
0.118172
0.116255
0.114128
0.112759
0.0758383
21.7231
0.330401
0.327658
0.324842
0.321796
0.318546
0.315083
0.311399
0.307498
0.303395
0.299047
0.29452
0.289814
0.284947
0.279931
0.274797
0.26956
0.264256
0.258899
0.253529
0.248157
0.242812
0.237507
0.232249
0.22706
0.221928
0.216885
0.211909
0.207025
0.20223
0.197515
0.192904
0.18838
0.183938
0.179656
0.175498
0.171601
0.168068
0.164978
0.162589
0.160773
0.159431
0.158175
0.156912
0.155911
0.15508
0.154951
0.154866
0.154624
0.154879
0.154427
0.153854
0.153727
0.152787
0.151811
0.151119
0.150018
0.148834
0.147733
0.146493
0.145165
0.143805
0.142367
0.140839
0.139247
0.137618
0.135948
0.134227
0.132455
0.130648
0.128806
0.126938
0.12503
0.123106
0.121148
0.119182
0.11723
0.115074
0.113675
0.07703
21.5373
0.329612
0.326704
0.323723
0.320479
0.317011
0.313303
0.309348
0.305189
0.30074
0.296085
0.291227
0.286192
0.28099
0.275656
0.270209
0.264689
0.25911
0.253525
0.247931
0.24239
0.236881
0.231459
0.226099
0.220834
0.215659
0.210569
0.205598
0.200704
0.195945
0.191282
0.186735
0.182359
0.178134
0.17421
0.170654
0.167579
0.165077
0.163021
0.161431
0.16023
0.159459
0.158746
0.158025
0.157807
0.157629
0.15783
0.15812
0.157696
0.15761
0.157253
0.156245
0.155785
0.155003
0.153901
0.153011
0.151968
0.150769
0.149531
0.148213
0.146832
0.145381
0.143853
0.142276
0.140644
0.138952
0.137201
0.135415
0.133593
0.131741
0.129849
0.127937
0.125991
0.124039
0.122055
0.120064
0.11808
0.115892
0.114468
0.0780173
21.382
0.328785
0.325695
0.322531
0.319063
0.31535
0.311362
0.30711
0.302606
0.297826
0.292819
0.287603
0.282206
0.276647
0.270975
0.265203
0.25939
0.253548
0.247725
0.241944
0.23622
0.230593
0.225039
0.219619
0.214274
0.209078
0.20397
0.199001
0.194169
0.189447
0.18493
0.180547
0.17642
0.172713
0.169353
0.166613
0.164708
0.163428
0.162505
0.161687
0.160809
0.160205
0.160305
0.160364
0.160816
0.160749
0.160624
0.160819
0.160286
0.159735
0.159411
0.158416
0.1576
0.156848
0.155803
0.154773
0.153677
0.152437
0.151126
0.149732
0.148261
0.14675
0.145183
0.143547
0.141845
0.140099
0.138303
0.136467
0.134587
0.132684
0.13075
0.128806
0.126831
0.124851
0.122837
0.120817
0.118809
0.116594
0.115152
0.0788883
21.2519
0.327921
0.324629
0.321257
0.317539
0.313546
0.30924
0.304688
0.299779
0.294622
0.289225
0.283619
0.277823
0.271898
0.265855
0.259772
0.253648
0.247563
0.241511
0.235555
0.22968
0.223929
0.218296
0.212788
0.207433
0.202187
0.197138
0.192189
0.187492
0.182935
0.178695
0.174862
0.171402
0.168783
0.166576
0.164849
0.163684
0.163047
0.162649
0.162318
0.162108
0.162236
0.162783
0.16305
0.163466
0.163424
0.162885
0.162793
0.162357
0.161514
0.161095
0.160304
0.159331
0.158471
0.157446
0.156326
0.155161
0.153887
0.152504
0.151054
0.149538
0.147961
0.146326
0.144643
0.1429
0.141105
0.139253
0.137368
0.135447
0.133508
0.131538
0.12956
0.127553
0.125545
0.123506
0.121462
0.11943
0.117187
0.115735
0.079601
21.1899
0.32702
0.323504
0.319895
0.315898
0.311583
0.306926
0.301974
0.296669
0.291091
0.285268
0.279226
0.273023
0.26669
0.260295
0.253869
0.247474
0.241135
0.234896
0.228764
0.222776
0.216908
0.211221
0.205661
0.200296
0.195096
0.190103
0.185341
0.18084
0.176687
0.172959
0.169845
0.167468
0.165874
0.165088
0.164677
0.164059
0.163525
0.163586
0.164064
0.164524
0.16504
0.165431
0.165397
0.165471
0.165525
0.164893
0.164451
0.164089
0.163201
0.162592
0.161896
0.160922
0.159934
0.158863
0.157693
0.15645
0.15513
0.15372
0.152223
0.150646
0.14902
0.147337
0.145601
0.143803
0.141963
0.140076
0.138159
0.1362
0.134226
0.132221
0.130214
0.128178
0.126143
0.124075
0.122006
0.119953
0.117693
0.116229
0.0800965
21.2517
0.326086
0.322313
0.318439
0.314121
0.309438
0.304428
0.299002
0.293242
0.2872
0.280899
0.274403
0.267751
0.261019
0.254251
0.247509
0.240844
0.234283
0.227869
0.221597
0.215493
0.209571
0.203814
0.198287
0.19294
0.187881
0.183119
0.178718
0.174827
0.171559
0.169061
0.167128
0.165937
0.164934
0.16479
0.164786
0.164844
0.165105
0.165562
0.166409
0.166927
0.167263
0.167454
0.167251
0.166988
0.167031
0.166597
0.165927
0.165547
0.164759
0.163965
0.163224
0.162277
0.161231
0.160099
0.158876
0.157585
0.156218
0.154761
0.153232
0.151622
0.149947
0.148208
0.146424
0.144588
0.142714
0.140789
0.138838
0.136847
0.134846
0.132814
0.130779
0.128711
0.126648
0.124553
0.122464
0.120393
0.11812
0.116643
0.0807756
20.989
0.325118
0.321049
0.316879
0.312191
0.307076
0.301628
0.295708
0.289456
0.28289
0.276088
0.269088
0.261996
0.254834
0.247725
0.240668
0.233769
0.22701
0.220439
0.214056
0.20787
0.201912
0.196182
0.190702
0.185594
0.180763
0.176501
0.172729
0.169609
0.167439
0.16628
0.165778
0.165662
0.165267
0.165328
0.165826
0.166716
0.167469
0.167954
0.168559
0.168835
0.16898
0.169065
0.168905
0.168402
0.16833
0.168049
0.167309
0.166826
0.166118
0.165228
0.164384
0.163429
0.162354
0.161184
0.15992
0.158569
0.157154
0.155666
0.154102
0.152453
0.150742
0.148965
0.147142
0.145264
0.143354
0.141399
0.139423
0.137408
0.135383
0.133323
0.131259
0.129163
0.127075
0.124957
0.12285
0.120762
0.118476
0.116992
0.081212
20.9452
0.324107
0.319705
0.315195
0.310082
0.304568
0.298525
0.292075
0.285249
0.278131
0.270761
0.263272
0.255683
0.248154
0.240667
0.233376
0.226227
0.219326
0.212611
0.20615
0.199944
0.194004
0.188426
0.183165
0.178541
0.174431
0.171151
0.16875
0.167013
0.165864
0.165418
0.165526
0.165763
0.166189
0.166916
0.167698
0.16876
0.169446
0.169832
0.170116
0.170266
0.170315
0.170306
0.17029
0.169771
0.169484
0.169242
0.168549
0.167943
0.167257
0.166361
0.165424
0.164423
0.163323
0.162118
0.160819
0.159431
0.157971
0.15644
0.154845
0.15317
0.151428
0.149615
0.147757
0.145848
0.143909
0.141926
0.139925
0.137887
0.135839
0.133755
0.131667
0.129545
0.127433
0.125294
0.12317
0.121069
0.118772
0.117279
0.0815057
21.0149
0.323054
0.318272
0.313367
0.307772
0.301707
0.295096
0.288021
0.280584
0.27284
0.264903
0.256871
0.248838
0.240904
0.233135
0.225579
0.21828
0.211206
0.204433
0.19793
0.191817
0.186024
0.180814
0.17613
0.172166
0.169059
0.166872
0.165836
0.165867
0.165822
0.165682
0.166061
0.166956
0.168061
0.169068
0.169648
0.170447
0.170921
0.171272
0.171445
0.17157
0.171524
0.171404
0.171436
0.171036
0.170543
0.170252
0.169628
0.16894
0.168232
0.16734
0.166351
0.165292
0.164149
0.162916
0.161591
0.160168
0.158674
0.157108
0.155479
0.153772
0.152003
0.150165
0.148283
0.146346
0.14438
0.142372
0.140351
0.138293
0.136224
0.134114
0.132002
0.129857
0.127728
0.125574
0.123436
0.121321
0.119012
0.117506
0.0819354
20.7734
0.321958
0.316735
0.31137
0.305224
0.298552
0.291265
0.283508
0.275379
0.266972
0.258439
0.249869
0.241401
0.233116
0.225073
0.217336
0.209856
0.202732
0.19591
0.189555
0.183681
0.178374
0.173943
0.170554
0.167913
0.166377
0.165303
0.165149
0.165399
0.166036
0.166769
0.167707
0.168697
0.169825
0.170633
0.17113
0.171694
0.172013
0.172391
0.172581
0.172697
0.172646
0.172402
0.172378
0.172119
0.171534
0.171133
0.170547
0.169824
0.169074
0.168182
0.167165
0.166057
0.164871
0.163602
0.162252
0.160808
0.159286
0.157684
0.156019
0.154285
0.152495
0.150636
0.148732
0.146772
0.144785
0.142757
0.140717
0.138637
0.136546
0.134415
0.132285
0.130122
0.127977
0.125808
0.123656
0.121531
0.119208
0.117701
0.0822695
20.7321
0.320817
0.31508
0.309166
0.30247
0.295002
0.28698
0.278442
0.269583
0.260456
0.251338
0.242224
0.233379
0.224768
0.216518
0.208618
0.201037
0.193904
0.187319
0.181222
0.176018
0.171563
0.168188
0.165982
0.164913
0.165092
0.165125
0.16529
0.166004
0.167255
0.168488
0.169576
0.170231
0.171138
0.171789
0.172324
0.172797
0.173016
0.173378
0.173582
0.17366
0.173645
0.173313
0.173192
0.173002
0.17243
0.171924
0.171328
0.170586
0.169794
0.168893
0.167864
0.166719
0.165489
0.164183
0.162806
0.161341
0.159794
0.158162
0.156466
0.154703
0.15289
0.151013
0.149093
0.147116
0.145113
0.143067
0.141008
0.138907
0.136796
0.134645
0.132499
0.130323
0.128166
0.125985
0.123821
0.121685
0.119344
0.117838
0.0824514
20.7907
0.319625
0.313281
0.306723
0.299261
0.291038
0.282126
0.272781
0.263068
0.253276
0.243506
0.233958
0.22473
0.21589
0.207474
0.19943
0.191965
0.184923
0.178973
0.173659
0.169692
0.167062
0.165252
0.164229
0.164241
0.164566
0.165427
0.166418
0.167554
0.168749
0.169929
0.170876
0.171407
0.172173
0.172718
0.173286
0.173749
0.17393
0.174257
0.174452
0.174476
0.1745
0.174176
0.173926
0.173725
0.173212
0.17264
0.17201
0.171249
0.17042
0.169498
0.168456
0.167288
0.166025
0.164683
0.163277
0.16179
0.160223
0.158565
0.156843
0.155055
0.153222
0.151328
0.149394
0.147404
0.145389
0.143328
0.141251
0.13913
0.137003
0.134838
0.132682
0.130496
0.12833
0.12614
0.123966
0.121822
0.119472
0.11796
0.0827923
20.5776
0.318365
0.311315
0.303989
0.295706
0.28651
0.276658
0.266357
0.255824
0.245287
0.234993
0.224982
0.215543
0.20644
0.198029
0.18987
0.18289
0.176449
0.171299
0.167398
0.164719
0.163626
0.163759
0.163853
0.164255
0.165224
0.166672
0.167962
0.169085
0.169929
0.170951
0.171807
0.172427
0.17311
0.173554
0.174109
0.174566
0.174741
0.175028
0.175189
0.175173
0.175199
0.174941
0.17458
0.174328
0.173857
0.17326
0.172597
0.171813
0.170946
0.169995
0.168937
0.167753
0.166467
0.165095
0.16366
0.162147
0.160559
0.158883
0.157143
0.155334
0.15348
0.151568
0.149621
0.147621
0.145596
0.143518
0.141421
0.139283
0.137141
0.134963
0.132797
0.130601
0.128426
0.126224
0.124038
0.121881
0.119524
0.118004
0.0828297
20.5413
0.317018
0.309139
0.30095
0.291583
0.281342
0.270399
0.259122
0.247696
0.236515
0.225683
0.215398
0.205724
0.196561
0.188217
0.180406
0.174239
0.169463
0.165756
0.164046
0.162877
0.16275
0.163126
0.164182
0.165393
0.166684
0.167978
0.16914
0.170162
0.170834
0.171765
0.172576
0.17328
0.173931
0.174298
0.174819
0.175264
0.175456
0.175717
0.175844
0.17579
0.175782
0.175595
0.175182
0.174855
0.174389
0.173787
0.173102
0.172298
0.171397
0.170413
0.169334
0.16814
0.166842
0.165449
0.163984
0.162443
0.160835
0.159146
0.157392
0.155568
0.153699
0.151775
0.14982
0.147814
0.145781
0.14369
0.141579
0.139425
0.137271
0.135082
0.132905
0.130698
0.128513
0.1263
0.124106
0.12194
0.119578
0.118047
0.0828715
20.5964
0.315558
0.306722
0.297382
0.286872
0.275382
0.263266
0.250948
0.238648
0.226903
0.215631
0.205152
0.195448
0.186245
0.178528
0.171865
0.166836
0.163734
0.161873
0.162
0.162137
0.162694
0.163809
0.165369
0.16675
0.167939
0.168902
0.169966
0.170947
0.171651
0.172516
0.173247
0.17398
0.174622
0.174949
0.175431
0.175841
0.176048
0.176295
0.176399
0.17631
0.176269
0.176124
0.175714
0.175317
0.17483
0.174221
0.173522
0.172704
0.171779
0.170762
0.169662
0.16846
0.167157
0.165748
0.164257
0.162689
0.16106
0.159356
0.157592
0.155754
0.15387
0.151931
0.149966
0.147948
0.1459
0.143792
0.141667
0.139499
0.137333
0.135137
0.132957
0.130744
0.128546
0.126312
0.124095
0.121921
0.119561
0.118035
0.0830273
20.4095
0.313925
0.303977
0.293309
0.281388
0.268496
0.255108
0.24173
0.228681
0.216401
0.204985
0.19427
0.184905
0.176155
0.1696
0.165663
0.162414
0.161234
0.160869
0.161221
0.162347
0.163716
0.16511
0.166494
0.167702
0.168792
0.169609
0.170632
0.171596
0.172384
0.173187
0.173824
0.174557
0.175194
0.175532
0.175994
0.176352
0.176563
0.176797
0.176887
0.176769
0.176692
0.176555
0.176175
0.175737
0.175225
0.174602
0.173884
0.173054
0.172112
0.171073
0.169955
0.168749
0.16745
0.166037
0.164532
0.162943
0.161296
0.15958
0.157807
0.155956
0.154058
0.152103
0.150121
0.148084
0.146016
0.14389
0.141751
0.139567
0.137387
0.135183
0.133007
0.130802
0.128597
0.12634
0.124097
0.121904
0.11954
0.118029
0.0832156
20.3782
0.312029
0.300872
0.288516
0.274975
0.260441
0.245829
0.231322
0.217828
0.20504
0.193793
0.18314
0.174406
0.167552
0.162594
0.160514
0.159839
0.160072
0.160603
0.161797
0.163439
0.164956
0.1662
0.167245
0.168338
0.16941
0.17025
0.171251
0.172162
0.173011
0.173764
0.174326
0.175043
0.175659
0.176037
0.176491
0.176794
0.177002
0.177231
0.177314
0.177183
0.17708
0.176935
0.176575
0.176115
0.175575
0.174924
0.174182
0.173339
0.172386
0.171326
0.170184
0.168954
0.167633
0.166199
0.164673
0.163062
0.161396
0.159662
0.157879
0.15602
0.154116
0.152153
0.150155
0.148096
0.146012
0.14388
0.14174
0.139561
0.137386
0.135172
0.132971
0.130739
0.128535
0.126312
0.124106
0.121924
0.119537
0.118005
0.0831777
20.4285
0.309763
0.297103
0.282833
0.267363
0.251065
0.235215
0.219766
0.205992
0.193096
0.18213
0.172552
0.165193
0.161939
0.159501
0.158736
0.159011
0.160073
0.161516
0.162997
0.164459
0.165773
0.166917
0.167816
0.168875
0.169953
0.170872
0.171839
0.172667
0.173549
0.174281
0.174807
0.175498
0.176083
0.176505
0.176957
0.17722
0.177405
0.177627
0.177691
0.17757
0.177436
0.177263
0.176923
0.176482
0.175943
0.175269
0.174505
0.173653
0.172694
0.171617
0.170449
0.169186
0.167835
0.166375
0.16483
0.163197
0.16151
0.159755
0.157958
0.15609
0.154183
0.152213
0.150204
0.148129
0.146037
0.143902
0.141769
0.139604
0.137444
0.13522
0.132985
0.130714
0.128513
0.126343
0.124228
0.122089
0.119646
0.11806
0.0834324
20.2646
0.306935
0.292587
0.275977
0.25831
0.240154
0.22319
0.207135
0.19337
0.180919
0.170728
0.163621
0.158655
0.157694
0.157767
0.158228
0.159421
0.161058
0.162712
0.164052
0.165164
0.166305
0.167433
0.168356
0.169417
0.170464
0.171452
0.172368
0.173122
0.174009
0.174727
0.175262
0.175926
0.176467
0.176919
0.177374
0.177616
0.177776
0.177982
0.178023
0.177905
0.177758
0.177554
0.177202
0.176736
0.176161
0.175472
0.174694
0.173815
0.172831
0.171737
0.17055
0.169267
0.167897
0.166428
0.164877
0.163236
0.161536
0.159766
0.157953
0.156077
0.154159
0.152172
0.150149
0.148067
0.145969
0.143828
0.141685
0.139499
0.137312
0.135084
0.132871
0.130624
0.128428
0.12621
0.124
0.12181
0.11941
0.117856
0.0831172
20.2375
0.303462
0.286946
0.2676
0.247467
0.227568
0.209752
0.193625
0.180372
0.169483
0.161189
0.15856
0.156553
0.156641
0.157491
0.158952
0.160561
0.162119
0.163533
0.16474
0.165702
0.166768
0.167892
0.168902
0.169968
0.170942
0.171953
0.172822
0.173536
0.174403
0.175101
0.175672
0.176304
0.176796
0.177255
0.177704
0.177934
0.178073
0.178244
0.178258
0.178163
0.177983
0.177711
0.1774
0.176953
0.176337
0.175628
0.174838
0.173938
0.172938
0.171834
0.170638
0.169341
0.16796
0.166483
0.164929
0.163279
0.161568
0.159785
0.157961
0.156077
0.154148
0.152144
0.150112
0.148024
0.145922
0.143775
0.141624
0.139421
0.137221
0.134997
0.132809
0.130601
0.128411
0.126153
0.1239
0.121692
0.11931
0.117764
0.0829894
20.2846
0.298908
0.27976
0.257172
0.234571
0.213166
0.195264
0.179809
0.167705
0.160103
0.154832
0.154916
0.155542
0.156625
0.158166
0.159996
0.161575
0.162845
0.16404
0.165186
0.166131
0.167173
0.168279
0.169369
0.170413
0.171303
0.172295
0.173122
0.173828
0.174648
0.175325
0.175938
0.176532
0.176984
0.177437
0.177884
0.178108
0.178236
0.178377
0.178366
0.178241
0.178063
0.177796
0.177384
0.176885
0.176297
0.175585
0.174759
0.17383
0.172814
0.171694
0.170473
0.169147
0.167747
0.166266
0.164715
0.163068
0.161356
0.159566
0.157737
0.155846
0.15391
0.151896
0.149847
0.14774
0.145622
0.143461
0.1413
0.139093
0.136894
0.134662
0.132455
0.130217
0.127992
0.125737
0.123513
0.121331
0.118964
0.117433
0.0828651
20.1394
0.292888
0.270324
0.244162
0.219297
0.197249
0.180289
0.167418
0.15761
0.155139
0.153483
0.154127
0.155486
0.157431
0.15926
0.160824
0.162153
0.163186
0.164226
0.165333
0.166347
0.167413
0.168496
0.169613
0.1706
0.171431
0.172372
0.173178
0.173905
0.174667
0.175336
0.175988
0.176542
0.176956
0.177391
0.177817
0.178027
0.178145
0.178242
0.17823
0.178121
0.177932
0.177629
0.177203
0.176716
0.176132
0.1754
0.17455
0.173607
0.172582
0.171451
0.170216
0.168873
0.167461
0.165968
0.164408
0.162754
0.161036
0.159238
0.157401
0.155499
0.153557
0.151535
0.14948
0.147366
0.145245
0.143081
0.140919
0.13871
0.136514
0.134287
0.132086
0.129849
0.127627
0.125374
0.123155
0.120976
0.118623
0.117105
0.0826848
20.116
0.284907
0.25805
0.227736
0.202073
0.180959
0.165447
0.156922
0.15136
0.151954
0.153085
0.154704
0.156465
0.158268
0.159696
0.160847
0.16197
0.162942
0.163971
0.165105
0.166222
0.167313
0.168328
0.169395
0.170319
0.171134
0.172034
0.172832
0.173594
0.174321
0.174968
0.175631
0.176161
0.176548
0.176986
0.177397
0.1776
0.177729
0.177812
0.177803
0.177683
0.177461
0.177138
0.176715
0.176198
0.175588
0.174852
0.174001
0.17305
0.172015
0.170871
0.169627
0.168283
0.166873
0.165382
0.163825
0.162176
0.160465
0.15867
0.156833
0.154924
0.152979
0.150958
0.148908
0.146798
0.144684
0.142522
0.140363
0.13816
0.135973
0.133753
0.131554
0.129315
0.127103
0.124867
0.122664
0.120497
0.118139
0.116613
0.0821926
20.1572
0.274123
0.241804
0.208286
0.183415
0.167353
0.154115
0.150644
0.149665
0.150379
0.152305
0.154951
0.156666
0.157883
0.158942
0.159943
0.161034
0.162136
0.163255
0.164403
0.165554
0.166577
0.167499
0.168519
0.169438
0.1703
0.17118
0.171994
0.172794
0.173491
0.174141
0.174822
0.175349
0.175764
0.176212
0.176572
0.176788
0.176927
0.177019
0.177007
0.176885
0.17667
0.176372
0.175967
0.175459
0.174863
0.174146
0.173307
0.172356
0.171315
0.170161
0.168912
0.167563
0.166149
0.164651
0.163093
0.161451
0.159752
0.157968
0.15614
0.154234
0.152297
0.150287
0.148252
0.146157
0.14406
0.14191
0.139763
0.137574
0.135404
0.133196
0.131007
0.12878
0.126585
0.124367
0.122178
0.120021
0.117664
0.116134
0.0818683
20.0317
0.258983
0.220635
0.186863
0.164691
0.153227
0.146809
0.146883
0.147973
0.150723
0.15279
0.154381
0.155635
0.156572
0.157567
0.158715
0.159925
0.161132
0.162288
0.163393
0.164535
0.165555
0.166509
0.167519
0.168454
0.169372
0.170219
0.17103
0.17186
0.172548
0.173209
0.173894
0.174429
0.174878
0.175328
0.175661
0.175915
0.176105
0.176205
0.176171
0.176032
0.175807
0.17549
0.175072
0.174553
0.173946
0.173236
0.172419
0.17149
0.170468
0.169344
0.168145
0.166855
0.165488
0.164023
0.162491
0.160872
0.159195
0.157428
0.155612
0.153714
0.151787
0.149792
0.147778
0.145701
0.143619
0.141481
0.13935
0.137177
0.135026
0.132833
0.130661
0.12845
0.126269
0.124066
0.121887
0.119742
0.11739
0.115862
0.081626
20.0126
0.237434
0.196426
0.168881
0.152576
0.144566
0.143794
0.14567
0.148184
0.149932
0.151505
0.152639
0.153733
0.154853
0.156028
0.157283
0.158517
0.159774
0.160981
0.162124
0.163305
0.164412
0.165457
0.166443
0.167404
0.168382
0.169247
0.170101
0.170964
0.171698
0.172399
0.173071
0.17364
0.174174
0.174586
0.174907
0.175211
0.175423
0.175594
0.175558
0.175442
0.175249
0.174965
0.174576
0.174075
0.173481
0.172789
0.171994
0.171078
0.170066
0.168966
0.167794
0.166526
0.165177
0.163731
0.162222
0.160623
0.158968
0.157225
0.155427
0.153545
0.151632
0.149657
0.147664
0.145609
0.143537
0.141407
0.139285
0.137126
0.134984
0.132801
0.130635
0.128434
0.126258
0.124063
0.121884
0.119746
0.117389
0.115865
0.081535
20.0543
0.186904
0.139798
0.127363
0.129595
0.136061
0.142836
0.146951
0.149587
0.150587
0.151282
0.152027
0.153241
0.154653
0.156045
0.157304
0.15849
0.159794
0.161043
0.162194
0.163375
0.164487
0.165559
0.166482
0.167419
0.168437
0.169276
0.170123
0.170997
0.17171
0.172398
0.173047
0.17361
0.174151
0.174543
0.17482
0.175107
0.175357
0.175429
0.175368
0.175231
0.175016
0.17471
0.174312
0.173802
0.17319
0.172487
0.171685
0.170749
0.169711
0.168583
0.167401
0.166113
0.16474
0.163252
0.161711
0.160087
0.15842
0.156654
0.15484
0.152932
0.15101
0.14902
0.147027
0.144957
0.142885
0.140748
0.138636
0.136473
0.134345
0.132163
0.130014
0.127814
0.125652
0.123458
0.121293
0.119155
0.116813
0.115293
0.081146
19.927
)
;

boundaryField
{
    inlet
    {
        type            calculated;
        value           uniform 0.386208;
    }
    outlet
    {
        type            calculated;
        value           nonuniform List<scalar> 
40
(
0.059721
0.0592762
0.0596183
0.059271
0.0587809
0.0589445
0.0582658
0.05735
0.0563884
0.0555975
0.0550214
0.0545787
0.0542092
0.0538884
0.0535873
0.0533253
0.0530881
0.0528852
0.0530667
0.052951
0.052759
0.0529156
0.0527993
0.0526216
0.0527604
0.0526627
0.0525068
0.0526326
0.0525474
0.0524095
0.0525225
0.0524558
0.052338
0.0524414
0.0523807
0.0522769
0.0523707
0.0523334
0.0522554
0.0523851
)
;
    }
    axis
    {
        type            symmetryPlane;
    }
    wall
    {
        type            calculated;
        value           nonuniform List<scalar> 
200
(
0.386697
0.387224
0.387891
0.388581
0.389277
0.389969
0.390655
0.391344
0.392042
0.392753
0.393477
0.394209
0.394946
0.395684
0.396422
0.397166
0.397922
0.398693
0.39948
0.40028
0.401086
0.40189
0.402689
0.403478
0.404257
0.405028
0.405795
0.406556
0.407311
0.408054
0.408781
0.409487
0.41017
0.410832
0.411477
0.412113
0.41275
0.413394
0.41405
0.414722
0.415409
0.416109
0.416819
0.417535
0.418254
0.418976
0.419698
0.420421
0.421146
0.42187
0.422594
0.423313
0.424025
0.424725
0.42541
0.426077
0.426724
0.42735
0.427955
0.428541
0.429109
0.429665
0.430212
0.430755
0.4313
0.43185
0.432409
0.432979
0.433559
0.434147
0.434737
0.435321
0.435886
0.436419
0.436906
0.437333
0.437689
0.437962
0.438145
0.438237
0.438251
0.438148
0.437907
0.437578
0.437155
0.436636
0.436032
0.435344
0.434578
0.433743
0.432843
0.431884
0.430864
0.429788
0.428648
0.427445
0.426169
0.424819
0.423379
0.42185
0.420213
0.418471
0.416602
0.41461
0.412468
0.410183
0.40772
0.405087
0.402238
0.399182
0.395853
0.392258
0.388302
0.383971
0.379113
0.37363
0.367199
0.359339
0.348275
0.331847
0.186904
0.139798
0.127363
0.129595
0.136061
0.142836
0.146951
0.149587
0.150587
0.151282
0.152027
0.153241
0.154653
0.156045
0.157304
0.15849
0.159794
0.161043
0.162194
0.163375
0.164487
0.165559
0.166482
0.167419
0.168437
0.169276
0.170123
0.170997
0.17171
0.172398
0.173047
0.17361
0.174151
0.174543
0.17482
0.175107
0.175357
0.175429
0.175368
0.175231
0.175016
0.17471
0.174312
0.173802
0.17319
0.172487
0.171685
0.170749
0.169711
0.168583
0.167401
0.166113
0.16474
0.163252
0.161711
0.160087
0.15842
0.156654
0.15484
0.152932
0.15101
0.14902
0.147027
0.144957
0.142885
0.140748
0.138636
0.136473
0.134345
0.132163
0.130014
0.127814
0.125652
0.123458
0.121293
0.119155
0.116813
0.115293
0.081146
19.927
)
;
    }
    frontAndBack
    {
        type            empty;
    }
}


// ************************************************************************* //
