/*--------------------------------*- C++ -*----------------------------------*\
  =========                 |
  \\      /  F ield         | OpenFOAM: The Open Source CFD Toolbox
   \\    /   O peration     | Website:  https://openfoam.org
    \\  /    A nd           | Version:  13
     \\/     M anipulation  |
\*---------------------------------------------------------------------------*/
FoamFile
{
    format      ascii;
    class       volScalarField;
    location    "0.0045";
    object      rho;
}
// * * * * * * * * * * * * * * * * * * * * * * * * * * * * * * * * * * * * * //

dimensions      [1 -3 0 0 0 0 0];

internalField   nonuniform List<scalar> 
8000
(
0.387028
0.387637
0.388727
0.389501
0.390305
0.391048
0.391781
0.392506
0.393238
0.393982
0.394736
0.395493
0.396232
0.396929
0.397559
0.398099
0.398533
0.398855
0.399074
0.399213
0.399299
0.399356
0.399402
0.399448
0.399499
0.399554
0.399605
0.399645
0.399664
0.399652
0.399581
0.399447
0.399269
0.399064
0.398847
0.398635
0.398436
0.398254
0.398085
0.397921
0.39775
0.397561
0.397344
0.397092
0.396801
0.396475
0.396119
0.395744
0.395357
0.394968
0.394581
0.394198
0.393819
0.393437
0.393049
0.392647
0.392226
0.391781
0.391309
0.390811
0.390286
0.389738
0.389172
0.388591
0.388
0.387402
0.3868
0.386195
0.385584
0.384967
0.384339
0.383696
0.383036
0.382355
0.381649
0.380916
0.380155
0.379365
0.378545
0.377696
0.376818
0.375913
0.374981
0.374023
0.37304
0.37203
0.370994
0.369927
0.36883
0.367697
0.366527
0.365315
0.36406
0.362754
0.361398
0.359983
0.358512
0.356972
0.355367
0.353684
0.351929
0.350082
0.348153
0.346117
0.343987
0.341727
0.339357
0.336828
0.334164
0.3313
0.328267
0.324971
0.321459
0.317586
0.313427
0.308755
0.303692
0.29788
0.291538
0.284119
0.387019
0.387639
0.388709
0.38949
0.390297
0.391041
0.391776
0.392504
0.393239
0.393985
0.394742
0.395498
0.396235
0.39693
0.397557
0.398094
0.398524
0.398845
0.399064
0.399204
0.399292
0.399352
0.399402
0.399452
0.399504
0.399557
0.399608
0.399645
0.399663
0.399649
0.399577
0.399445
0.399269
0.399066
0.398851
0.39864
0.398441
0.398259
0.39809
0.397924
0.397752
0.397562
0.397343
0.397089
0.396798
0.396472
0.396118
0.395743
0.395358
0.39497
0.394584
0.394202
0.393822
0.39344
0.393051
0.392649
0.392227
0.391782
0.39131
0.390812
0.390288
0.389741
0.389176
0.388595
0.388005
0.387409
0.386807
0.386202
0.385591
0.384973
0.384344
0.383701
0.38304
0.382358
0.381652
0.380918
0.380157
0.379367
0.378547
0.377698
0.376821
0.375916
0.374985
0.374027
0.373045
0.372035
0.370999
0.369932
0.368834
0.367701
0.366532
0.365319
0.364064
0.362758
0.361402
0.359987
0.358515
0.356975
0.355371
0.353688
0.351933
0.350087
0.348159
0.346123
0.343993
0.341735
0.339364
0.336836
0.334173
0.331309
0.328276
0.324981
0.321468
0.317596
0.313434
0.30876
0.303689
0.297868
0.291505
0.284059
0.387015
0.387643
0.388693
0.38948
0.390288
0.391034
0.39177
0.392501
0.393239
0.393988
0.394747
0.395503
0.396239
0.39693
0.397553
0.398086
0.398516
0.398839
0.399062
0.399206
0.3993
0.399363
0.399416
0.399465
0.399514
0.399564
0.399611
0.399646
0.399662
0.399645
0.399573
0.399444
0.399271
0.39907
0.398858
0.398648
0.39845
0.398267
0.398096
0.397928
0.397754
0.397561
0.397341
0.397086
0.396795
0.396471
0.396118
0.395745
0.395362
0.394975
0.39459
0.394208
0.393828
0.393445
0.393055
0.392652
0.392229
0.391783
0.391312
0.390814
0.390291
0.389746
0.389181
0.388603
0.388014
0.387418
0.386817
0.386212
0.385601
0.384982
0.384352
0.383708
0.383046
0.382363
0.381655
0.380922
0.38016
0.379369
0.37855
0.377701
0.376825
0.375921
0.374991
0.374034
0.373052
0.372042
0.371006
0.369939
0.368842
0.367708
0.366538
0.365326
0.36407
0.362764
0.361408
0.359993
0.358521
0.356982
0.355378
0.353696
0.351941
0.350096
0.348168
0.346134
0.344004
0.341747
0.339377
0.336851
0.334187
0.331325
0.328292
0.324998
0.321484
0.317612
0.313445
0.308769
0.303685
0.297847
0.291451
0.283958
0.387006
0.387642
0.388671
0.389465
0.390277
0.391025
0.391763
0.392497
0.39324
0.393993
0.394754
0.395511
0.396244
0.39693
0.397547
0.398076
0.398503
0.398825
0.399051
0.3992
0.399299
0.399368
0.399424
0.399475
0.399525
0.399573
0.399617
0.399649
0.399663
0.399642
0.399567
0.399441
0.399272
0.399075
0.398867
0.39866
0.398463
0.398279
0.398105
0.397935
0.397756
0.397561
0.397338
0.397082
0.396791
0.396468
0.396118
0.395748
0.395367
0.394982
0.394598
0.394216
0.393835
0.393452
0.39306
0.392655
0.392232
0.391786
0.391314
0.390817
0.390296
0.389752
0.38919
0.388613
0.388026
0.387432
0.386832
0.386226
0.385614
0.384995
0.384363
0.383718
0.383054
0.382369
0.381661
0.380926
0.380164
0.379373
0.378554
0.377706
0.376831
0.375928
0.374999
0.374043
0.373062
0.372053
0.371017
0.36995
0.368852
0.367718
0.366548
0.365335
0.364079
0.362772
0.361416
0.360001
0.35853
0.35699
0.355387
0.353705
0.351951
0.350107
0.34818
0.346148
0.344019
0.341764
0.339395
0.33687
0.334207
0.331347
0.328314
0.325022
0.321505
0.317635
0.313461
0.30878
0.303677
0.297817
0.291374
0.283814
0.386992
0.387633
0.388645
0.389446
0.390263
0.391014
0.391755
0.392494
0.393241
0.394
0.394764
0.395521
0.39625
0.39693
0.397541
0.398063
0.398488
0.398812
0.399044
0.399201
0.399306
0.399381
0.399441
0.399494
0.399543
0.399587
0.399625
0.399652
0.399661
0.399636
0.39956
0.399437
0.399273
0.399082
0.398878
0.398674
0.398478
0.398293
0.398117
0.397942
0.39776
0.39756
0.397334
0.397077
0.396787
0.396465
0.396118
0.395751
0.395374
0.394991
0.394608
0.394227
0.393845
0.39346
0.393067
0.39266
0.392235
0.391789
0.391317
0.390821
0.390301
0.38976
0.3892
0.388626
0.388042
0.387449
0.38685
0.386244
0.385632
0.38501
0.384378
0.38373
0.383064
0.382378
0.381668
0.380932
0.380169
0.379378
0.378559
0.377712
0.376838
0.375936
0.375009
0.374054
0.373074
0.372066
0.37103
0.369963
0.368865
0.367731
0.36656
0.365346
0.36409
0.362783
0.361426
0.360012
0.35854
0.357001
0.355398
0.353718
0.351965
0.350122
0.348196
0.346165
0.344038
0.341785
0.339417
0.336895
0.334232
0.331375
0.328341
0.325052
0.321532
0.317663
0.31348
0.308795
0.303669
0.297779
0.291276
0.28363
0.386978
0.387619
0.388614
0.389422
0.390245
0.391001
0.391748
0.392492
0.393247
0.39401
0.394778
0.395533
0.396258
0.396931
0.397533
0.398049
0.39847
0.398794
0.39903
0.399194
0.399306
0.399389
0.399454
0.39951
0.399558
0.3996
0.399634
0.399657
0.399661
0.399631
0.399555
0.399435
0.399275
0.39909
0.398892
0.398691
0.398497
0.398311
0.398131
0.397952
0.397764
0.39756
0.397331
0.397072
0.396781
0.396462
0.396117
0.395755
0.395381
0.395001
0.39462
0.394239
0.393856
0.39347
0.393074
0.392666
0.39224
0.391792
0.391321
0.390826
0.390308
0.389769
0.389213
0.388642
0.38806
0.387469
0.38687
0.386265
0.385652
0.385029
0.384394
0.383744
0.383076
0.382388
0.381676
0.380939
0.380175
0.379384
0.378566
0.37772
0.376847
0.375947
0.375021
0.374068
0.373088
0.372081
0.371046
0.369979
0.36888
0.367746
0.366574
0.36536
0.364103
0.362795
0.361439
0.360024
0.358552
0.357014
0.355412
0.353733
0.35198
0.35014
0.348215
0.346186
0.34406
0.34181
0.339443
0.336924
0.334262
0.331408
0.328374
0.325087
0.321564
0.317697
0.313505
0.308813
0.303661
0.297737
0.291162
0.283412
0.386966
0.387598
0.388577
0.389387
0.39022
0.390986
0.391741
0.392493
0.393255
0.394025
0.394795
0.395549
0.396269
0.396933
0.397525
0.398034
0.398451
0.398777
0.399019
0.399192
0.399313
0.399403
0.399474
0.399531
0.399578
0.399617
0.399645
0.399663
0.39966
0.399623
0.399547
0.39943
0.399277
0.399099
0.398906
0.39871
0.398517
0.398329
0.398146
0.397962
0.397769
0.39756
0.397327
0.397066
0.396776
0.396458
0.396117
0.395759
0.395389
0.395013
0.394634
0.394253
0.393869
0.39348
0.393083
0.392672
0.392244
0.391796
0.391325
0.390831
0.390315
0.389779
0.389226
0.388659
0.38808
0.387491
0.386894
0.386289
0.385675
0.38505
0.384413
0.38376
0.38309
0.382399
0.381685
0.380947
0.380182
0.379391
0.378573
0.377728
0.376857
0.375958
0.375034
0.374083
0.373105
0.372098
0.371063
0.369997
0.368898
0.367762
0.36659
0.365375
0.364117
0.36281
0.361453
0.360038
0.358567
0.35703
0.355427
0.35375
0.351999
0.35016
0.348236
0.34621
0.344086
0.341838
0.339473
0.336957
0.334296
0.331445
0.32841
0.325128
0.321601
0.317735
0.313533
0.308835
0.303653
0.297691
0.291034
0.283162
0.386956
0.387573
0.388533
0.389347
0.390189
0.390967
0.391735
0.392497
0.393267
0.394045
0.394817
0.395569
0.396281
0.396935
0.397516
0.398016
0.398429
0.398756
0.399004
0.399185
0.399315
0.399413
0.399489
0.399549
0.399596
0.399631
0.399656
0.399669
0.39966
0.399618
0.399542
0.399427
0.39928
0.399108
0.398922
0.39873
0.398539
0.39835
0.398163
0.397974
0.397775
0.39756
0.397323
0.39706
0.39677
0.396455
0.396118
0.395764
0.395399
0.395026
0.394648
0.394268
0.393883
0.393493
0.393093
0.39268
0.39225
0.3918
0.391329
0.390837
0.390323
0.389791
0.389241
0.388677
0.388101
0.387515
0.386919
0.386314
0.385699
0.385073
0.384433
0.383778
0.383105
0.382411
0.381695
0.380955
0.38019
0.379399
0.378582
0.377738
0.376868
0.375971
0.375049
0.374099
0.373123
0.372117
0.371082
0.370016
0.368917
0.367781
0.366608
0.365393
0.364134
0.362826
0.361468
0.360054
0.358583
0.357046
0.355445
0.353769
0.352019
0.350182
0.34826
0.346237
0.344114
0.34187
0.339506
0.336993
0.334333
0.331486
0.328451
0.325172
0.321643
0.317779
0.313566
0.308861
0.303646
0.297642
0.290894
0.282884
0.386948
0.387543
0.388481
0.3893
0.390152
0.390947
0.39173
0.392505
0.393285
0.394068
0.394844
0.395592
0.396295
0.396937
0.397507
0.397998
0.398407
0.398736
0.39899
0.399181
0.399322
0.399428
0.39951
0.399572
0.399618
0.39965
0.39967
0.399676
0.399659
0.399612
0.399534
0.399423
0.399282
0.399118
0.398938
0.398751
0.398561
0.398371
0.398181
0.397986
0.397781
0.39756
0.397318
0.397053
0.396764
0.396451
0.396119
0.39577
0.395409
0.395039
0.394664
0.394284
0.393898
0.393505
0.393103
0.392687
0.392256
0.391805
0.391334
0.390843
0.390332
0.389803
0.389257
0.388697
0.388124
0.38754
0.386946
0.386341
0.385725
0.385097
0.384455
0.383797
0.383121
0.382425
0.381707
0.380965
0.380199
0.379408
0.378591
0.377748
0.37688
0.375985
0.375065
0.374117
0.373142
0.372137
0.371103
0.370037
0.368937
0.367801
0.366627
0.365411
0.364152
0.362844
0.361486
0.360071
0.3586
0.357065
0.355464
0.353789
0.352041
0.350206
0.348286
0.346266
0.344145
0.341904
0.339541
0.337033
0.334374
0.331531
0.328496
0.32522
0.321688
0.317826
0.313602
0.30889
0.303642
0.297594
0.290745
0.282583
0.386939
0.387513
0.388425
0.389246
0.390109
0.390923
0.391725
0.392517
0.393309
0.394098
0.394874
0.395617
0.39631
0.396939
0.397497
0.397978
0.398383
0.398713
0.398973
0.399173
0.399323
0.399438
0.399526
0.399591
0.399637
0.399666
0.399682
0.399682
0.399658
0.399607
0.399529
0.39942
0.399285
0.399129
0.398956
0.398773
0.398585
0.398394
0.398199
0.397998
0.397787
0.39756
0.397315
0.397048
0.396758
0.396448
0.39612
0.395776
0.39542
0.395054
0.39468
0.3943
0.393914
0.393519
0.393114
0.392696
0.392262
0.39181
0.391339
0.39085
0.390341
0.389815
0.389274
0.388717
0.388148
0.387567
0.386974
0.386369
0.385752
0.385122
0.384477
0.383817
0.383138
0.382439
0.381719
0.380975
0.380208
0.379417
0.378601
0.377759
0.376893
0.376
0.375082
0.374136
0.373162
0.372158
0.371125
0.370059
0.368959
0.367822
0.366648
0.365431
0.364171
0.362863
0.361504
0.36009
0.358619
0.357084
0.355484
0.353812
0.352064
0.350232
0.348314
0.346297
0.344177
0.34194
0.339579
0.337074
0.334417
0.331578
0.328543
0.325271
0.321737
0.317876
0.313642
0.308923
0.30364
0.297546
0.290589
0.282261
0.386928
0.387483
0.388369
0.38919
0.390063
0.390897
0.391721
0.392532
0.393337
0.394133
0.394908
0.395645
0.396326
0.396942
0.397487
0.397959
0.398359
0.398691
0.398958
0.399168
0.399329
0.399453
0.399546
0.399614
0.399659
0.399685
0.399698
0.39969
0.399658
0.399602
0.399523
0.399417
0.399288
0.399138
0.398972
0.398794
0.398608
0.398416
0.398217
0.398011
0.397793
0.397561
0.397311
0.397042
0.396753
0.396446
0.396121
0.395782
0.395431
0.395069
0.394697
0.394318
0.39393
0.393533
0.393125
0.392704
0.392268
0.391816
0.391345
0.390856
0.390351
0.389828
0.389291
0.388738
0.388173
0.387594
0.387002
0.386398
0.38578
0.385148
0.384501
0.383837
0.383155
0.382454
0.381731
0.380986
0.380219
0.379427
0.378612
0.377771
0.376906
0.376016
0.375099
0.374155
0.373183
0.37218
0.371148
0.370082
0.368982
0.367845
0.366669
0.365452
0.364191
0.362883
0.361524
0.36011
0.358639
0.357105
0.355506
0.353835
0.352089
0.35026
0.348343
0.346329
0.344212
0.341978
0.339619
0.337118
0.334463
0.331627
0.328593
0.325325
0.321789
0.31793
0.313687
0.30896
0.303642
0.297501
0.29043
0.281921
0.386915
0.387457
0.388318
0.389135
0.390016
0.390867
0.391713
0.392544
0.393364
0.394168
0.394943
0.395672
0.396342
0.396944
0.397476
0.397939
0.398335
0.398668
0.398941
0.39916
0.399331
0.399464
0.399563
0.399633
0.399678
0.399702
0.39971
0.399697
0.399657
0.399598
0.399517
0.399415
0.399292
0.399149
0.39899
0.398816
0.398632
0.398438
0.398236
0.398024
0.3978
0.397562
0.397308
0.397037
0.396749
0.396444
0.396124
0.395789
0.395442
0.395084
0.394715
0.394336
0.393947
0.393548
0.393137
0.392713
0.392275
0.391821
0.391351
0.390864
0.39036
0.389842
0.389308
0.38876
0.388197
0.387621
0.387031
0.386427
0.385808
0.385175
0.384525
0.383858
0.383174
0.382469
0.381744
0.380998
0.380229
0.379438
0.378623
0.377784
0.376921
0.376032
0.375117
0.374175
0.373204
0.372203
0.371171
0.370105
0.369005
0.367868
0.366692
0.365474
0.364213
0.362904
0.361544
0.360131
0.35866
0.357127
0.355529
0.35386
0.352115
0.350288
0.348374
0.346363
0.344248
0.342017
0.339661
0.337164
0.33451
0.331679
0.328645
0.325381
0.321843
0.317987
0.313734
0.309
0.303648
0.297459
0.290267
0.281566
0.386901
0.387435
0.388277
0.389086
0.389968
0.390835
0.3917
0.392552
0.39339
0.394202
0.394976
0.395699
0.396357
0.396946
0.397466
0.39792
0.398312
0.398647
0.398926
0.399155
0.399337
0.399478
0.399583
0.399656
0.3997
0.399721
0.399725
0.399705
0.399659
0.399594
0.399513
0.399413
0.399295
0.399159
0.399006
0.398837
0.398655
0.398461
0.398255
0.398037
0.397807
0.397564
0.397305
0.397033
0.396745
0.396442
0.396126
0.395796
0.395454
0.395099
0.394732
0.394354
0.393964
0.393563
0.393149
0.392723
0.392282
0.391827
0.391357
0.390871
0.39037
0.389855
0.389325
0.388781
0.388222
0.387649
0.38706
0.386456
0.385837
0.385202
0.384549
0.38388
0.383192
0.382485
0.381758
0.38101
0.380241
0.379449
0.378635
0.377797
0.376936
0.376049
0.375136
0.374195
0.373226
0.372226
0.371195
0.37013
0.369029
0.367892
0.366715
0.365497
0.364235
0.362925
0.361566
0.360153
0.358682
0.35715
0.355553
0.353886
0.352143
0.350318
0.348406
0.346398
0.344285
0.342058
0.339704
0.337211
0.334559
0.331732
0.3287
0.325439
0.3219
0.318046
0.313785
0.309045
0.303659
0.297421
0.290105
0.281199
0.386885
0.387417
0.388241
0.389044
0.389924
0.390801
0.391683
0.392554
0.393405
0.394227
0.395004
0.395721
0.39637
0.396947
0.397455
0.3979
0.39829
0.398626
0.398911
0.399148
0.39934
0.399489
0.3996
0.399674
0.399718
0.399737
0.399738
0.399712
0.399659
0.399591
0.399509
0.399412
0.399299
0.39917
0.399023
0.398858
0.398678
0.398483
0.398273
0.39805
0.397814
0.397565
0.397303
0.397029
0.396741
0.396441
0.396129
0.395804
0.395466
0.395115
0.39475
0.394372
0.393981
0.393578
0.393162
0.392732
0.39229
0.391833
0.391363
0.390879
0.39038
0.389868
0.389342
0.388802
0.388247
0.387676
0.387089
0.386486
0.385865
0.385228
0.384574
0.383902
0.383211
0.382502
0.381772
0.381023
0.380253
0.379461
0.378647
0.377811
0.376951
0.376066
0.375155
0.374216
0.373248
0.37225
0.371219
0.370154
0.369054
0.367916
0.366739
0.365521
0.364258
0.362948
0.361588
0.360175
0.358705
0.357174
0.355578
0.353912
0.352171
0.350349
0.348439
0.346434
0.344323
0.3421
0.339748
0.337259
0.334609
0.331786
0.328755
0.325499
0.321959
0.318108
0.31384
0.309093
0.303674
0.297388
0.289943
0.280822
0.386868
0.387402
0.38821
0.389007
0.389882
0.390766
0.391662
0.392549
0.393414
0.394246
0.395025
0.39574
0.396381
0.396948
0.397446
0.397884
0.39827
0.398608
0.398899
0.399144
0.399345
0.399503
0.399619
0.399696
0.399739
0.399756
0.399752
0.39972
0.399662
0.399589
0.399506
0.399411
0.399303
0.39918
0.399038
0.398879
0.3987
0.398504
0.398291
0.398063
0.397822
0.397568
0.397302
0.397025
0.396738
0.396441
0.396132
0.395812
0.395478
0.39513
0.394767
0.39439
0.393998
0.393593
0.393174
0.392742
0.392298
0.39184
0.39137
0.390886
0.390391
0.389882
0.38936
0.388823
0.388271
0.387703
0.387117
0.386514
0.385894
0.385255
0.384598
0.383924
0.38323
0.382518
0.381787
0.381036
0.380265
0.379473
0.37866
0.377825
0.376966
0.376083
0.375174
0.374237
0.373271
0.372273
0.371243
0.370179
0.369079
0.367941
0.366764
0.365545
0.364281
0.362971
0.361611
0.360199
0.358729
0.357199
0.355604
0.35394
0.3522
0.350381
0.348472
0.346471
0.344362
0.342143
0.339793
0.337308
0.33466
0.331841
0.328812
0.32556
0.32202
0.318171
0.313897
0.309144
0.303695
0.297362
0.289785
0.280437
0.386851
0.38739
0.388186
0.388975
0.389844
0.390733
0.391637
0.392536
0.393415
0.394255
0.39504
0.395755
0.39639
0.396948
0.397437
0.397869
0.398251
0.39859
0.398886
0.399139
0.399349
0.399514
0.399635
0.399714
0.399756
0.399772
0.399764
0.399727
0.399663
0.399586
0.399502
0.39941
0.399307
0.399189
0.399054
0.398898
0.398721
0.398525
0.398309
0.398076
0.397829
0.39757
0.397301
0.397023
0.396736
0.396441
0.396136
0.39582
0.39549
0.395145
0.394785
0.394408
0.394015
0.393608
0.393187
0.392752
0.392305
0.391847
0.391376
0.390894
0.390401
0.389895
0.389377
0.388844
0.388295
0.387729
0.387145
0.386543
0.385922
0.385281
0.384623
0.383945
0.383249
0.382535
0.381802
0.381049
0.380278
0.379486
0.378673
0.377839
0.376982
0.376101
0.375193
0.374258
0.373293
0.372297
0.371268
0.370204
0.369104
0.367966
0.366788
0.365569
0.364305
0.362995
0.361635
0.360222
0.358753
0.357224
0.35563
0.353968
0.35223
0.350413
0.348507
0.346508
0.344402
0.342186
0.339839
0.337357
0.334712
0.331897
0.32887
0.325622
0.322083
0.318236
0.313957
0.309199
0.303721
0.297342
0.289631
0.280047
0.386834
0.387381
0.388166
0.388949
0.38981
0.3907
0.391611
0.39252
0.39341
0.39426
0.395051
0.395766
0.396397
0.396948
0.397431
0.397857
0.398236
0.398576
0.398877
0.399137
0.399355
0.399527
0.399652
0.399733
0.399775
0.399789
0.399778
0.399735
0.399666
0.399585
0.399501
0.399411
0.399312
0.399199
0.399068
0.398917
0.398742
0.398545
0.398326
0.398089
0.397837
0.397574
0.397301
0.397021
0.396735
0.396442
0.39614
0.395828
0.395502
0.39516
0.394802
0.394426
0.394032
0.393623
0.393199
0.392762
0.392313
0.391853
0.391383
0.390902
0.390411
0.389909
0.389393
0.388864
0.388318
0.387755
0.387172
0.386571
0.385949
0.385307
0.384647
0.383967
0.383269
0.382552
0.381817
0.381063
0.380291
0.379499
0.378687
0.377854
0.376998
0.376119
0.375213
0.374279
0.373316
0.372321
0.371292
0.370229
0.369129
0.367991
0.366813
0.365594
0.364329
0.363019
0.361659
0.360247
0.358778
0.35725
0.355657
0.353997
0.35226
0.350446
0.348542
0.346546
0.344442
0.34223
0.339885
0.337407
0.334764
0.331953
0.328928
0.325684
0.322146
0.318302
0.31402
0.309256
0.303752
0.297328
0.289483
0.279656
0.386817
0.387373
0.388151
0.388928
0.389781
0.390669
0.391583
0.392502
0.393401
0.39426
0.395055
0.395772
0.396401
0.396948
0.397425
0.397846
0.398222
0.398563
0.398868
0.399135
0.399359
0.399537
0.399667
0.399749
0.399791
0.399803
0.39979
0.399741
0.399668
0.399584
0.399499
0.399411
0.399316
0.399208
0.399082
0.398934
0.398761
0.398564
0.398343
0.398102
0.397845
0.397577
0.397301
0.39702
0.396734
0.396443
0.396144
0.395836
0.395513
0.395175
0.394818
0.394443
0.394049
0.393638
0.393212
0.392773
0.392322
0.391861
0.39139
0.39091
0.390421
0.389922
0.38941
0.388883
0.388341
0.38778
0.387199
0.386598
0.385976
0.385333
0.38467
0.383988
0.383288
0.382569
0.381832
0.381077
0.380304
0.379512
0.378701
0.377869
0.377015
0.376137
0.375232
0.3743
0.373338
0.372344
0.371317
0.370254
0.369154
0.368017
0.366838
0.365619
0.364354
0.363044
0.361683
0.360272
0.358803
0.357277
0.355684
0.354026
0.352291
0.350479
0.348577
0.346584
0.344483
0.342273
0.339931
0.337457
0.334817
0.33201
0.328988
0.325747
0.322211
0.318369
0.314085
0.309317
0.30379
0.297322
0.289341
0.279264
0.386799
0.387368
0.388139
0.388912
0.389756
0.39064
0.391556
0.39248
0.393387
0.394253
0.395056
0.395775
0.396404
0.396949
0.397422
0.397838
0.398212
0.398553
0.398862
0.399134
0.399365
0.399549
0.399682
0.399766
0.399807
0.399819
0.399802
0.399749
0.399671
0.399585
0.399498
0.399412
0.39932
0.399217
0.399095
0.398951
0.39878
0.398582
0.398359
0.398114
0.397853
0.397581
0.397302
0.397019
0.396734
0.396444
0.396149
0.395844
0.395525
0.395189
0.394835
0.39446
0.394065
0.393653
0.393225
0.392783
0.39233
0.391868
0.391397
0.390919
0.390432
0.389935
0.389426
0.388903
0.388363
0.387804
0.387224
0.386624
0.386001
0.385358
0.384694
0.38401
0.383307
0.382586
0.381847
0.381091
0.380317
0.379526
0.378715
0.377884
0.377031
0.376155
0.375252
0.374321
0.37336
0.372368
0.371341
0.370279
0.36918
0.368042
0.366864
0.365644
0.364379
0.363069
0.361708
0.360297
0.358829
0.357303
0.355712
0.354055
0.352322
0.350513
0.348612
0.346623
0.344524
0.342318
0.339978
0.337507
0.33487
0.332067
0.329047
0.325811
0.322276
0.318438
0.314152
0.30938
0.303832
0.297323
0.289208
0.278872
0.386781
0.387364
0.388129
0.388899
0.389734
0.390614
0.391528
0.392455
0.393369
0.394244
0.395051
0.395775
0.396406
0.396949
0.397418
0.397831
0.398203
0.398544
0.398856
0.399133
0.399369
0.399558
0.399695
0.39978
0.399821
0.399831
0.399812
0.399756
0.399673
0.399584
0.399497
0.399412
0.399324
0.399224
0.399107
0.398966
0.398797
0.398599
0.398374
0.398126
0.397861
0.397586
0.397304
0.39702
0.396734
0.396446
0.396154
0.395852
0.395536
0.395203
0.39485
0.394476
0.394081
0.393667
0.393237
0.392793
0.392339
0.391875
0.391405
0.390927
0.390442
0.389947
0.389441
0.388921
0.388384
0.387827
0.387249
0.386649
0.386027
0.385382
0.384716
0.38403
0.383326
0.382603
0.381863
0.381105
0.380331
0.37954
0.37873
0.3779
0.377048
0.376173
0.375271
0.374342
0.373383
0.372391
0.371365
0.370304
0.369205
0.368067
0.366889
0.365669
0.364404
0.363094
0.361733
0.360322
0.358855
0.35733
0.35574
0.354085
0.352354
0.350546
0.348648
0.346661
0.344565
0.342362
0.340025
0.337557
0.334922
0.332123
0.329106
0.325874
0.322342
0.318506
0.31422
0.309446
0.30388
0.297333
0.289085
0.278484
0.386762
0.38736
0.388121
0.388888
0.389716
0.39059
0.391501
0.392428
0.393347
0.394229
0.395045
0.395773
0.396406
0.39695
0.397417
0.397828
0.398198
0.398539
0.398852
0.399133
0.399374
0.399568
0.399708
0.399795
0.399836
0.399845
0.399823
0.399763
0.399677
0.399585
0.399497
0.399414
0.399328
0.399233
0.399119
0.398981
0.398814
0.398616
0.398389
0.398138
0.397869
0.39759
0.397306
0.39702
0.396735
0.396449
0.396159
0.39586
0.395547
0.395217
0.394866
0.394492
0.394097
0.393682
0.393249
0.392804
0.392347
0.391883
0.391412
0.390935
0.390452
0.38996
0.389456
0.388939
0.388404
0.38785
0.387273
0.386674
0.386051
0.385406
0.384738
0.384051
0.383344
0.38262
0.381878
0.38112
0.380345
0.379554
0.378744
0.377915
0.377064
0.376191
0.375291
0.374363
0.373404
0.372414
0.371389
0.370328
0.36923
0.368092
0.366914
0.365694
0.364429
0.363119
0.361758
0.360348
0.358881
0.357357
0.355769
0.354115
0.352385
0.35058
0.348684
0.3467
0.344605
0.342405
0.340071
0.337607
0.334975
0.33218
0.329166
0.325937
0.322408
0.318576
0.31429
0.309514
0.303933
0.297349
0.288972
0.278101
0.386743
0.387356
0.388113
0.388878
0.3897
0.390568
0.391475
0.392403
0.393325
0.394213
0.395035
0.39577
0.396406
0.396949
0.397415
0.397824
0.398193
0.398534
0.398848
0.399133
0.399378
0.399575
0.399718
0.399807
0.399847
0.399856
0.399832
0.399769
0.39968
0.399585
0.399497
0.399415
0.399332
0.39924
0.39913
0.398995
0.398829
0.398631
0.398403
0.398149
0.397878
0.397595
0.397308
0.397022
0.396736
0.396452
0.396164
0.395867
0.395558
0.39523
0.39488
0.394507
0.394112
0.393695
0.393262
0.392814
0.392356
0.391891
0.39142
0.390944
0.390462
0.389972
0.389471
0.388956
0.388424
0.387871
0.387296
0.386697
0.386075
0.385428
0.38476
0.384071
0.383363
0.382636
0.381893
0.381135
0.38036
0.379568
0.378759
0.377931
0.377081
0.376208
0.37531
0.374383
0.373426
0.372437
0.371412
0.370352
0.369254
0.368117
0.366939
0.365719
0.364454
0.363144
0.361783
0.360374
0.358907
0.357385
0.355797
0.354145
0.352417
0.350614
0.34872
0.346738
0.344646
0.342449
0.340117
0.337657
0.335027
0.332236
0.329225
0.326
0.322475
0.318645
0.314362
0.309584
0.30399
0.297373
0.288869
0.277725
0.386724
0.387351
0.388104
0.388869
0.389685
0.390547
0.391451
0.392377
0.393302
0.394195
0.395026
0.395766
0.396405
0.39695
0.397416
0.397823
0.39819
0.39853
0.398846
0.399133
0.399382
0.399583
0.399729
0.399819
0.399859
0.399867
0.399842
0.399776
0.399684
0.399587
0.399498
0.399417
0.399336
0.399247
0.39914
0.399007
0.398843
0.398646
0.398416
0.39816
0.397886
0.3976
0.397311
0.397023
0.396738
0.396455
0.396169
0.395875
0.395568
0.395242
0.394894
0.394522
0.394126
0.393709
0.393274
0.392824
0.392365
0.391899
0.391428
0.390952
0.390472
0.389984
0.389485
0.388973
0.388443
0.387892
0.387318
0.38672
0.386097
0.385451
0.384781
0.384091
0.383381
0.382653
0.381909
0.381149
0.380374
0.379582
0.378774
0.377946
0.377098
0.376226
0.375329
0.374403
0.373447
0.372459
0.371435
0.370376
0.369278
0.368142
0.366964
0.365744
0.364479
0.363169
0.361809
0.3604
0.358934
0.357412
0.355825
0.354175
0.352448
0.350648
0.348756
0.346776
0.344687
0.342492
0.340163
0.337706
0.335079
0.332291
0.329284
0.326063
0.322541
0.318715
0.314434
0.309656
0.304053
0.297405
0.288779
0.277357
0.386705
0.387346
0.388095
0.388859
0.389671
0.390528
0.391428
0.392355
0.393281
0.394178
0.395015
0.395761
0.396404
0.39695
0.397415
0.397821
0.398186
0.398526
0.398843
0.399132
0.399384
0.399588
0.399737
0.399828
0.399869
0.399876
0.39985
0.399781
0.399686
0.399588
0.399498
0.399418
0.399339
0.399253
0.399149
0.399019
0.398856
0.398659
0.398429
0.398171
0.397894
0.397606
0.397315
0.397026
0.396741
0.396458
0.396174
0.395883
0.395578
0.395254
0.394908
0.394536
0.39414
0.393722
0.393285
0.392834
0.392374
0.391907
0.391436
0.390961
0.390482
0.389996
0.389499
0.388989
0.388461
0.387912
0.387339
0.386742
0.386119
0.385472
0.384801
0.38411
0.383398
0.38267
0.381924
0.381164
0.380388
0.379597
0.378788
0.377962
0.377114
0.376244
0.375347
0.374423
0.373468
0.372481
0.371458
0.3704
0.369302
0.368166
0.366988
0.365769
0.364504
0.363194
0.361834
0.360425
0.35896
0.35744
0.355854
0.354205
0.35248
0.350681
0.348791
0.346814
0.344727
0.342536
0.340209
0.337755
0.335131
0.332347
0.329342
0.326125
0.322607
0.318785
0.314507
0.309729
0.304121
0.297444
0.288702
0.276999
0.386685
0.38734
0.388085
0.388849
0.389656
0.39051
0.391406
0.392333
0.393261
0.394162
0.395004
0.395754
0.396401
0.396949
0.397415
0.39782
0.398183
0.398523
0.39884
0.399131
0.399386
0.399594
0.399745
0.399838
0.399879
0.399885
0.399858
0.399787
0.39969
0.39959
0.3995
0.39942
0.399343
0.399259
0.399158
0.39903
0.398869
0.398672
0.398441
0.398181
0.397901
0.397611
0.397318
0.397029
0.396743
0.396462
0.396179
0.39589
0.395588
0.395266
0.394921
0.39455
0.394154
0.393735
0.393297
0.392845
0.392383
0.391915
0.391444
0.39097
0.390492
0.390007
0.389513
0.389004
0.388478
0.387931
0.387359
0.386762
0.38614
0.385492
0.384821
0.384128
0.383416
0.382686
0.38194
0.381178
0.380402
0.379611
0.378803
0.377977
0.37713
0.376261
0.375366
0.374443
0.373489
0.372502
0.37148
0.370423
0.369326
0.36819
0.367012
0.365793
0.364528
0.363219
0.361859
0.360451
0.358987
0.357467
0.355883
0.354236
0.352512
0.350715
0.348827
0.346852
0.344767
0.342579
0.340254
0.337803
0.335183
0.332402
0.3294
0.326188
0.322673
0.318855
0.314581
0.309804
0.304192
0.297489
0.288639
0.276649
0.386666
0.387333
0.388073
0.388837
0.389641
0.390491
0.391386
0.392312
0.393244
0.394147
0.394993
0.395748
0.396398
0.396948
0.397414
0.397816
0.398179
0.398518
0.398836
0.399129
0.399386
0.399597
0.399751
0.399845
0.399886
0.399893
0.399864
0.399792
0.399693
0.399591
0.3995
0.399421
0.399345
0.399264
0.399165
0.39904
0.39888
0.398684
0.398452
0.398191
0.397909
0.397617
0.397323
0.397032
0.396747
0.396466
0.396185
0.395897
0.395597
0.395277
0.394933
0.394563
0.394167
0.393747
0.393308
0.392855
0.392392
0.391923
0.391452
0.390978
0.390501
0.390018
0.389526
0.389019
0.388495
0.387949
0.387378
0.386782
0.38616
0.385512
0.38484
0.384146
0.383433
0.382702
0.381955
0.381193
0.380417
0.379625
0.378818
0.377993
0.377147
0.376278
0.375384
0.374462
0.373509
0.372524
0.371503
0.370446
0.369349
0.368214
0.367036
0.365818
0.364553
0.363244
0.361885
0.360477
0.359013
0.357495
0.355912
0.354266
0.352544
0.350749
0.348862
0.34689
0.344807
0.342621
0.3403
0.337852
0.335234
0.332456
0.329458
0.326249
0.322739
0.318924
0.314655
0.30988
0.304268
0.297542
0.288591
0.276314
0.386647
0.387326
0.388061
0.388824
0.389626
0.390473
0.391365
0.392293
0.393226
0.394133
0.394981
0.395741
0.396393
0.396946
0.397412
0.397813
0.398175
0.398514
0.398832
0.399127
0.399387
0.399601
0.399757
0.399853
0.399894
0.3999
0.399871
0.399797
0.399697
0.399593
0.399502
0.399423
0.399348
0.399269
0.399172
0.399049
0.398891
0.398695
0.398462
0.3982
0.397917
0.397623
0.397327
0.397035
0.39675
0.39647
0.39619
0.395904
0.395606
0.395288
0.394945
0.394576
0.39418
0.393759
0.393319
0.392865
0.3924
0.391931
0.39146
0.390987
0.390511
0.390029
0.389538
0.389033
0.38851
0.387966
0.387396
0.386801
0.386179
0.385531
0.384858
0.384164
0.383449
0.382717
0.381969
0.381207
0.380431
0.37964
0.378833
0.378008
0.377163
0.376295
0.375402
0.374481
0.373529
0.372545
0.371524
0.370468
0.369372
0.368238
0.367061
0.365842
0.364578
0.363269
0.36191
0.360504
0.35904
0.357523
0.355941
0.354296
0.352576
0.350783
0.348898
0.346928
0.344847
0.342664
0.340345
0.337899
0.335284
0.33251
0.329516
0.326311
0.322804
0.318994
0.31473
0.309957
0.304346
0.297602
0.288557
0.27599
0.386628
0.387319
0.388048
0.388809
0.389609
0.390454
0.391348
0.392275
0.393209
0.394118
0.394967
0.395733
0.396387
0.396942
0.397409
0.397808
0.398169
0.398508
0.398828
0.399124
0.399387
0.399603
0.399761
0.399858
0.3999
0.399906
0.399876
0.399801
0.399699
0.399594
0.399502
0.399424
0.39935
0.399272
0.399178
0.399056
0.3989
0.398704
0.398472
0.398209
0.397924
0.397628
0.397331
0.397039
0.396754
0.396474
0.396195
0.395911
0.395614
0.395298
0.394956
0.394587
0.394191
0.393771
0.39333
0.392874
0.392409
0.391939
0.391468
0.390995
0.39052
0.39004
0.38955
0.389047
0.388525
0.387982
0.387414
0.386819
0.386197
0.385549
0.384876
0.384181
0.383465
0.382733
0.381984
0.381222
0.380445
0.379654
0.378848
0.378023
0.377179
0.376313
0.37542
0.3745
0.373549
0.372565
0.371546
0.37049
0.369395
0.368261
0.367084
0.365866
0.364602
0.363294
0.361936
0.36053
0.359067
0.357551
0.35597
0.354327
0.352608
0.350816
0.348934
0.346966
0.344887
0.342706
0.340389
0.337947
0.335335
0.332564
0.329573
0.326371
0.32287
0.319063
0.314805
0.310035
0.304428
0.297669
0.288538
0.275687
0.386609
0.38731
0.388035
0.388794
0.389592
0.390436
0.391329
0.392257
0.393192
0.394103
0.394954
0.395722
0.396381
0.396937
0.397406
0.397802
0.398163
0.398503
0.398823
0.399122
0.399387
0.399605
0.399765
0.399863
0.399906
0.399911
0.399881
0.399805
0.399701
0.399596
0.399503
0.399425
0.399353
0.399276
0.399183
0.399063
0.398908
0.398713
0.398481
0.398216
0.397931
0.397634
0.397335
0.397042
0.396757
0.396478
0.3962
0.395918
0.395622
0.395307
0.394967
0.394598
0.394203
0.393782
0.39334
0.392884
0.392418
0.391948
0.391476
0.391003
0.390529
0.39005
0.389561
0.38906
0.388539
0.387997
0.38743
0.386836
0.386214
0.385566
0.384893
0.384197
0.383481
0.382748
0.381999
0.381236
0.380459
0.379669
0.378862
0.378039
0.377195
0.37633
0.375438
0.374519
0.373569
0.372586
0.371567
0.370513
0.369418
0.368285
0.367108
0.365891
0.364627
0.36332
0.361962
0.360556
0.359095
0.357579
0.355999
0.354358
0.35264
0.35085
0.348969
0.347003
0.344927
0.342748
0.340434
0.337994
0.335385
0.332617
0.32963
0.326432
0.322935
0.319133
0.31488
0.310114
0.304513
0.297741
0.288537
0.275394
0.386591
0.387302
0.388022
0.388778
0.389574
0.390418
0.391311
0.392239
0.393176
0.394088
0.394941
0.395709
0.396374
0.396931
0.3974
0.397795
0.398156
0.398496
0.398818
0.399118
0.399385
0.399605
0.399768
0.399866
0.399909
0.399915
0.399884
0.399807
0.399703
0.399596
0.399503
0.399425
0.399354
0.399278
0.399187
0.399069
0.398915
0.398721
0.398489
0.398224
0.397937
0.397639
0.39734
0.397046
0.396761
0.396482
0.396205
0.395924
0.39563
0.395316
0.394976
0.394609
0.394213
0.393792
0.39335
0.392893
0.392426
0.391955
0.391483
0.391011
0.390538
0.390059
0.389572
0.389072
0.388553
0.388012
0.387445
0.386852
0.386231
0.385583
0.384909
0.384213
0.383497
0.382763
0.382014
0.381251
0.380474
0.379683
0.378877
0.378055
0.377212
0.376347
0.375456
0.374538
0.373588
0.372606
0.371589
0.370535
0.369441
0.368308
0.367132
0.365915
0.364652
0.363345
0.361988
0.360583
0.359122
0.357607
0.356028
0.354388
0.352672
0.350884
0.349005
0.347041
0.344966
0.34279
0.340478
0.338041
0.335434
0.33267
0.329686
0.326492
0.322999
0.319201
0.314955
0.310193
0.304599
0.297819
0.28855
0.275135
0.386572
0.387292
0.388009
0.388763
0.389557
0.390401
0.391294
0.392222
0.39316
0.394073
0.394929
0.395695
0.396365
0.396924
0.397395
0.397788
0.39815
0.39849
0.398814
0.399116
0.399384
0.399606
0.399769
0.399869
0.399912
0.399918
0.399886
0.399809
0.399704
0.399597
0.399503
0.399425
0.399354
0.39928
0.39919
0.399074
0.398921
0.398727
0.398495
0.39823
0.397942
0.397643
0.397343
0.397049
0.396764
0.396486
0.39621
0.395929
0.395636
0.395324
0.394985
0.394618
0.394223
0.393802
0.393359
0.392901
0.392434
0.391963
0.391491
0.391019
0.390546
0.390069
0.389583
0.389083
0.388566
0.388026
0.38746
0.386868
0.386247
0.385599
0.384925
0.384229
0.383512
0.382778
0.382028
0.381265
0.380488
0.379698
0.378893
0.37807
0.377228
0.376364
0.375474
0.374556
0.373608
0.372627
0.37161
0.370556
0.369463
0.368331
0.367156
0.365939
0.364676
0.36337
0.362013
0.360609
0.359148
0.357635
0.356057
0.354418
0.352703
0.350916
0.349039
0.347077
0.345004
0.34283
0.34052
0.338086
0.335482
0.33272
0.32974
0.326549
0.323061
0.319268
0.315028
0.310271
0.304686
0.297901
0.288581
0.27491
0.386555
0.387283
0.387997
0.388747
0.38954
0.390384
0.391276
0.392205
0.393144
0.394059
0.394916
0.395683
0.396353
0.396915
0.397388
0.39778
0.398142
0.398483
0.398808
0.399112
0.399382
0.399605
0.399769
0.39987
0.399914
0.399919
0.399888
0.39981
0.399704
0.399597
0.399503
0.399425
0.399355
0.399281
0.399193
0.399077
0.398926
0.398733
0.398501
0.398236
0.397948
0.397648
0.397348
0.397053
0.396767
0.396489
0.396214
0.395935
0.395643
0.395331
0.394994
0.394627
0.394233
0.393811
0.393368
0.39291
0.392442
0.39197
0.391498
0.391027
0.390554
0.390078
0.389593
0.389095
0.388578
0.388039
0.387474
0.386882
0.386262
0.385614
0.384941
0.384244
0.383527
0.382793
0.382043
0.38128
0.380503
0.379713
0.378907
0.378085
0.377244
0.37638
0.375491
0.374574
0.373626
0.372646
0.37163
0.370577
0.369484
0.368353
0.367178
0.365962
0.364699
0.363393
0.362037
0.360633
0.359174
0.357661
0.356084
0.354446
0.352733
0.350947
0.349072
0.347111
0.345041
0.342868
0.340561
0.338129
0.335528
0.332769
0.329792
0.326605
0.323121
0.319333
0.315099
0.310347
0.304773
0.297987
0.288627
0.27473
0.386535
0.387274
0.387984
0.388733
0.389524
0.390366
0.391259
0.392188
0.393128
0.394045
0.394903
0.395672
0.396339
0.396908
0.397383
0.397774
0.398137
0.398478
0.398804
0.399108
0.399379
0.399603
0.399769
0.39987
0.399915
0.39992
0.399888
0.39981
0.399704
0.399596
0.399501
0.399423
0.399354
0.399281
0.399194
0.39908
0.398929
0.398738
0.398506
0.398241
0.397952
0.397652
0.397351
0.397056
0.39677
0.396493
0.396218
0.39594
0.395649
0.395338
0.395001
0.394636
0.394241
0.39382
0.393377
0.392918
0.39245
0.391978
0.391506
0.391034
0.390562
0.390087
0.389603
0.389105
0.38859
0.388052
0.387488
0.386897
0.386277
0.385629
0.384956
0.384259
0.383542
0.382807
0.382057
0.381293
0.380517
0.379726
0.378921
0.3781
0.377258
0.376395
0.375507
0.374591
0.373644
0.372664
0.371648
0.370596
0.369504
0.368373
0.367199
0.365983
0.364721
0.363416
0.36206
0.360657
0.359198
0.357686
0.35611
0.354474
0.352761
0.350977
0.349103
0.347144
0.345076
0.342905
0.3406
0.33817
0.335572
0.332816
0.329842
0.326659
0.32318
0.319396
0.315169
0.310423
0.30486
0.298077
0.288688
0.274612
0.386517
0.387268
0.387969
0.388718
0.389507
0.390349
0.391242
0.392172
0.393113
0.394031
0.394891
0.395661
0.396325
0.3969
0.397376
0.397765
0.398129
0.398471
0.398798
0.399103
0.399374
0.399599
0.399766
0.399869
0.399913
0.399919
0.399888
0.39981
0.399704
0.399595
0.3995
0.399422
0.399353
0.399281
0.399195
0.399082
0.398933
0.398742
0.398511
0.398246
0.397957
0.397656
0.397355
0.397059
0.396773
0.396496
0.396222
0.395944
0.395654
0.395344
0.395008
0.394644
0.394249
0.393828
0.393385
0.392925
0.392457
0.391985
0.391513
0.391042
0.39057
0.390095
0.389612
0.389115
0.388601
0.388063
0.3875
0.386909
0.38629
0.385642
0.384969
0.384272
0.383555
0.38282
0.38207
0.381306
0.380529
0.379739
0.378934
0.378113
0.377272
0.376409
0.375521
0.374606
0.373659
0.37268
0.371665
0.370614
0.369522
0.368391
0.367217
0.366002
0.364741
0.363436
0.36208
0.360678
0.35922
0.357709
0.356134
0.354498
0.352786
0.351004
0.349131
0.347173
0.345106
0.342938
0.340635
0.338207
0.335611
0.332858
0.329888
0.326708
0.323233
0.319453
0.315233
0.310493
0.30494
0.298165
0.288751
0.274569
0.386497
0.387262
0.387955
0.388704
0.389492
0.390333
0.391226
0.392156
0.393098
0.394017
0.394879
0.395652
0.396315
0.396893
0.397371
0.39776
0.398124
0.398467
0.398794
0.399099
0.399371
0.399596
0.399764
0.399867
0.399912
0.399918
0.399887
0.399809
0.399703
0.399593
0.399498
0.39942
0.399351
0.39928
0.399195
0.399083
0.398935
0.398745
0.398514
0.398249
0.39796
0.397659
0.397357
0.397061
0.396776
0.396499
0.396225
0.395948
0.395659
0.39535
0.395015
0.39465
0.394257
0.393836
0.393392
0.392933
0.392464
0.391992
0.391519
0.391048
0.390577
0.390103
0.38962
0.389124
0.38861
0.388073
0.38751
0.38692
0.386301
0.385654
0.384981
0.384284
0.383566
0.382831
0.38208
0.381316
0.380539
0.379748
0.378943
0.378122
0.377281
0.376418
0.37553
0.374615
0.373668
0.372689
0.371674
0.370623
0.369531
0.368401
0.367227
0.366012
0.36475
0.363445
0.36209
0.360688
0.35923
0.357719
0.356145
0.354509
0.352799
0.351017
0.349145
0.347189
0.345123
0.342956
0.340654
0.338229
0.335635
0.332884
0.329916
0.326739
0.323268
0.319492
0.315278
0.310544
0.305001
0.298233
0.288811
0.274622
0.386483
0.387254
0.387942
0.388691
0.389478
0.390319
0.391211
0.392142
0.393084
0.394005
0.394868
0.395643
0.396307
0.396884
0.397364
0.397753
0.398118
0.39846
0.398787
0.399092
0.399364
0.399591
0.399759
0.399863
0.399909
0.399916
0.399885
0.399809
0.399703
0.399593
0.399498
0.399419
0.399351
0.39928
0.399196
0.399085
0.398937
0.398748
0.398518
0.398254
0.397965
0.397663
0.39736
0.397064
0.396778
0.396501
0.396228
0.395952
0.395663
0.395355
0.39502
0.394657
0.394264
0.393844
0.3934
0.39294
0.392471
0.391998
0.391526
0.391055
0.390584
0.390109
0.389626
0.389131
0.388617
0.388081
0.387519
0.386929
0.38631
0.385663
0.38499
0.384293
0.383576
0.38284
0.38209
0.381326
0.380548
0.379758
0.378953
0.378132
0.377292
0.37643
0.375542
0.374627
0.373681
0.372703
0.371688
0.370637
0.369546
0.368416
0.367243
0.366028
0.364768
0.363463
0.362109
0.360707
0.35925
0.357741
0.356167
0.354533
0.352823
0.351043
0.349172
0.347218
0.345154
0.342988
0.340689
0.338265
0.335674
0.332926
0.329961
0.326788
0.323321
0.31955
0.315343
0.310615
0.305084
0.298329
0.288895
0.274765
0.386469
0.387246
0.387932
0.38868
0.389466
0.390307
0.391199
0.39213
0.393073
0.393995
0.39486
0.395637
0.396304
0.396884
0.397366
0.397757
0.39812
0.398459
0.398784
0.399088
0.39936
0.399587
0.399756
0.399861
0.399908
0.399915
0.399884
0.399808
0.399702
0.399591
0.399496
0.399417
0.399349
0.399279
0.399195
0.399084
0.398938
0.39875
0.39852
0.398255
0.397966
0.397664
0.397362
0.397065
0.396779
0.396502
0.39623
0.395954
0.395666
0.395359
0.395025
0.394662
0.39427
0.39385
0.393405
0.392946
0.392477
0.392003
0.391529
0.391057
0.390585
0.390109
0.389627
0.389131
0.388617
0.388081
0.387519
0.386929
0.38631
0.385663
0.38499
0.384293
0.383575
0.382839
0.382088
0.381324
0.380546
0.379756
0.378951
0.378131
0.377291
0.376429
0.375542
0.374627
0.373682
0.372703
0.371689
0.370638
0.369548
0.368418
0.367245
0.36603
0.36477
0.363466
0.362112
0.36071
0.359253
0.357744
0.356171
0.354537
0.352828
0.351048
0.349178
0.347224
0.345161
0.342996
0.340697
0.338275
0.335684
0.332937
0.329974
0.326802
0.323336
0.319567
0.315363
0.310638
0.305115
0.298372
0.288949
0.27488
0.386456
0.387239
0.387925
0.388674
0.38946
0.390299
0.391191
0.392122
0.393066
0.393989
0.394855
0.395633
0.396302
0.39688
0.397361
0.397751
0.398116
0.398453
0.398777
0.399081
0.399354
0.399581
0.399751
0.399858
0.399906
0.399914
0.399884
0.399808
0.399703
0.399592
0.399496
0.399418
0.399349
0.39928
0.399196
0.399087
0.398941
0.398753
0.398524
0.398259
0.39797
0.397668
0.397364
0.397068
0.396781
0.396504
0.396231
0.395956
0.395668
0.395362
0.39503
0.394667
0.394275
0.393856
0.393412
0.392954
0.392485
0.392012
0.391538
0.391066
0.390594
0.390119
0.389636
0.38914
0.388627
0.388092
0.38753
0.386941
0.386322
0.385676
0.385003
0.384306
0.383588
0.382852
0.382102
0.381338
0.380561
0.379771
0.378966
0.378146
0.377305
0.376444
0.375557
0.374642
0.373697
0.372719
0.371706
0.370656
0.369566
0.368436
0.367264
0.36605
0.364791
0.363487
0.362134
0.360733
0.359277
0.357769
0.356196
0.354564
0.352856
0.351078
0.349209
0.347257
0.345196
0.343033
0.340737
0.338317
0.33573
0.332986
0.330026
0.326859
0.323399
0.319636
0.315441
0.310726
0.305218
0.298494
0.289088
0.275057
0.386453
0.387242
0.387928
0.388676
0.389462
0.390301
0.391194
0.392125
0.393069
0.393992
0.394859
0.395638
0.396306
0.396887
0.397367
0.397757
0.39812
0.398454
0.398773
0.399077
0.39935
0.399578
0.399749
0.399857
0.399905
0.399913
0.399883
0.399808
0.399702
0.399591
0.399495
0.399416
0.399348
0.399278
0.399195
0.399086
0.39894
0.398752
0.398523
0.398258
0.397968
0.397666
0.397363
0.397066
0.39678
0.396503
0.39623
0.395955
0.395668
0.395362
0.395032
0.394672
0.394279
0.393854
0.393411
0.392951
0.392482
0.392009
0.391536
0.391064
0.390592
0.390117
0.389634
0.389139
0.388626
0.38809
0.387529
0.386939
0.386321
0.385674
0.385001
0.384304
0.383586
0.38285
0.382099
0.381334
0.380557
0.379767
0.378962
0.378141
0.377301
0.376439
0.375552
0.374637
0.373691
0.372714
0.3717
0.370649
0.369559
0.36843
0.367257
0.366043
0.364783
0.363479
0.362125
0.360725
0.359268
0.357759
0.356187
0.354554
0.352846
0.351067
0.349198
0.347246
0.345184
0.343022
0.340726
0.338306
0.335719
0.332975
0.330017
0.326849
0.323392
0.31963
0.315438
0.310727
0.305223
0.298508
0.289096
0.274988
0.386431
0.387218
0.387905
0.388651
0.389435
0.390273
0.391164
0.392094
0.393038
0.393962
0.394832
0.395613
0.396286
0.396869
0.397354
0.397745
0.39811
0.398446
0.398765
0.399069
0.399344
0.399574
0.399747
0.399856
0.399905
0.399914
0.399885
0.399811
0.399705
0.399595
0.399498
0.399419
0.399351
0.399282
0.399199
0.39909
0.398946
0.398759
0.39853
0.398267
0.397978
0.397676
0.397372
0.397075
0.396788
0.396511
0.396238
0.395963
0.395676
0.395371
0.395041
0.394681
0.39429
0.393871
0.393431
0.392973
0.392504
0.392031
0.391558
0.391086
0.390614
0.390139
0.389657
0.389162
0.38865
0.388116
0.387555
0.386967
0.38635
0.385704
0.385032
0.384336
0.383619
0.382884
0.382134
0.38137
0.380594
0.379804
0.379
0.378181
0.377341
0.376481
0.375595
0.374682
0.373738
0.372762
0.37175
0.370701
0.369613
0.368485
0.367315
0.366103
0.364845
0.363543
0.362192
0.360794
0.35934
0.357834
0.356264
0.354634
0.35293
0.351154
0.34929
0.347341
0.345284
0.343126
0.340836
0.338421
0.335841
0.333104
0.330153
0.326994
0.323547
0.319797
0.315618
0.310926
0.305454
0.29879
0.289459
0.275666
0.279481
0.277997
0.276464
0.27486
0.27319
0.271446
0.26963
0.267733
0.26576
0.263706
0.261596
0.259419
0.257121
0.254721
0.252199
0.249548
0.246852
0.244087
0.241235
0.238291
0.235253
0.232125
0.228911
0.225614
0.222238
0.218789
0.21527
0.211689
0.208049
0.204358
0.20062
0.196846
0.193037
0.189207
0.185354
0.181495
0.177627
0.173766
0.169908
0.16607
0.162246
0.158455
0.154685
0.150961
0.147266
0.143627
0.140022
0.136486
0.132984
0.129562
0.126168
0.122854
0.119552
0.116319
0.11307
0.109881
0.106657
0.103533
0.100426
0.0975539
0.0947711
0.092213
0.0897976
0.0876181
0.0855733
0.0837859
0.0822289
0.0808747
0.07976
0.0789743
0.0782637
0.0779024
0.0780903
0.0786197
0.0796551
0.0811159
0.0828488
0.0854834
0.0380653
30.1014
0.279395
0.277901
0.276357
0.274742
0.273056
0.271299
0.269463
0.26755
0.265547
0.263456
0.261257
0.259041
0.256745
0.254363
0.25182
0.249191
0.246476
0.243678
0.240791
0.237812
0.234743
0.231585
0.228343
0.22502
0.221619
0.218147
0.214608
0.211008
0.207351
0.203647
0.199899
0.196117
0.192303
0.18847
0.184618
0.180762
0.176899
0.173045
0.169196
0.165369
0.161558
0.15778
0.154026
0.150317
0.146641
0.143017
0.139433
0.135908
0.132422
0.128996
0.125603
0.122257
0.118933
0.115649
0.112385
0.109195
0.106063
0.103084
0.10027
0.0975791
0.0950299
0.0926144
0.0903185
0.088288
0.0863768
0.0846529
0.0832373
0.0819886
0.0810794
0.0803293
0.0803806
0.0805063
0.0809764
0.0816269
0.0822391
0.0828823
0.0833927
0.0846554
0.035448
30.8047
0.279254
0.277742
0.276179
0.274544
0.272837
0.271056
0.269197
0.26726
0.265239
0.263136
0.26095
0.258656
0.256293
0.253827
0.25125
0.248596
0.245837
0.242984
0.240043
0.237015
0.233899
0.230698
0.227414
0.224052
0.220615
0.217109
0.213539
0.209912
0.206231
0.202508
0.198744
0.19495
0.191129
0.187292
0.18344
0.179587
0.17573
0.171885
0.168048
0.164234
0.160439
0.156677
0.152945
0.149254
0.1456
0.141995
0.13843
0.134914
0.131435
0.127991
0.12458
0.121188
0.117836
0.114533
0.111322
0.108241
0.105359
0.102638
0.100128
0.0976525
0.0953547
0.0932317
0.0911731
0.089357
0.0878254
0.0863354
0.0851419
0.0843844
0.0837368
0.083437
0.0835336
0.0837912
0.083951
0.0842277
0.084189
0.084221
0.0840938
0.0842432
0.0357343
30.1628
0.279051
0.277511
0.275922
0.274256
0.272516
0.2707
0.268803
0.266824
0.264761
0.262614
0.260376
0.258011
0.255578
0.253026
0.250408
0.247703
0.244885
0.241965
0.238955
0.235859
0.232678
0.229415
0.226071
0.222653
0.219163
0.215609
0.211995
0.20833
0.204617
0.200867
0.197082
0.193273
0.189443
0.185602
0.181752
0.177904
0.174059
0.170228
0.16641
0.162617
0.158848
0.155113
0.151412
0.14775
0.144127
0.140545
0.136999
0.133483
0.129996
0.126524
0.123088
0.119699
0.116391
0.113229
0.110268
0.107501
0.105018
0.102578
0.100297
0.0981555
0.0960784
0.0943123
0.0927194
0.0910884
0.0900994
0.089111
0.0882756
0.0881688
0.0878705
0.0876325
0.0874844
0.0872849
0.0868186
0.086443
0.085914
0.0854759
0.0847902
0.0845899
0.0355008
30.1229
0.278789
0.277214
0.275589
0.273883
0.2721
0.270235
0.268287
0.266252
0.26413
0.261916
0.259608
0.257179
0.254662
0.252029
0.249332
0.246543
0.243645
0.240643
0.237547
0.234366
0.231101
0.227758
0.224339
0.22085
0.217296
0.213683
0.210017
0.206307
0.202557
0.198776
0.194969
0.191145
0.187307
0.183464
0.179619
0.175782
0.171953
0.168142
0.16435
0.160586
0.15685
0.153148
0.149481
0.145851
0.142253
0.138685
0.135141
0.131611
0.128108
0.124648
0.121253
0.118016
0.114957
0.112129
0.10961
0.107184
0.104978
0.102881
0.10082
0.0991328
0.0974918
0.0959922
0.0950501
0.0938789
0.0932972
0.0931242
0.0924672
0.0923701
0.0921705
0.0914639
0.0908025
0.0901212
0.0892175
0.0883164
0.0874089
0.0866518
0.0857022
0.0853153
0.0354265
30.3952
0.278476
0.276857
0.275188
0.273432
0.271595
0.269672
0.267659
0.265555
0.263357
0.261062
0.258668
0.256165
0.253541
0.250814
0.248011
0.245118
0.242121
0.23902
0.235824
0.232541
0.229177
0.225739
0.222231
0.218661
0.215031
0.211352
0.207628
0.203868
0.200078
0.196266
0.192436
0.188597
0.184753
0.180912
0.177076
0.173254
0.169447
0.165662
0.161903
0.158172
0.154474
0.150807
0.147172
0.143564
0.13998
0.136407
0.132859
0.129339
0.125883
0.122578
0.119441
0.116564
0.114015
0.111595
0.109433
0.107358
0.105326
0.103704
0.102069
0.100708
0.0997665
0.0986331
0.0982898
0.0979228
0.0973541
0.0973651
0.0968447
0.0960699
0.0954927
0.0946104
0.0935058
0.092459
0.0913744
0.0902729
0.0891555
0.0881741
0.0870124
0.0864461
0.0368629
29.991
0.278114
0.276442
0.274722
0.272907
0.271006
0.269012
0.266922
0.264735
0.262446
0.260055
0.257558
0.254963
0.252215
0.249375
0.24645
0.243432
0.240316
0.237099
0.233787
0.230389
0.226912
0.223367
0.219759
0.216097
0.212385
0.208634
0.204847
0.201036
0.197204
0.193361
0.18951
0.18566
0.181813
0.177977
0.174156
0.170354
0.166574
0.162821
0.159099
0.155405
0.151742
0.148106
0.144491
0.140895
0.137321
0.133759
0.130274
0.126907
0.12372
0.120807
0.118205
0.115785
0.113677
0.111635
0.109675
0.108092
0.106433
0.105194
0.104236
0.103218
0.103009
0.102553
0.102157
0.102145
0.10148
0.100792
0.100142
0.0991275
0.0980226
0.096962
0.0958194
0.0946239
0.0934076
0.0921945
0.0909552
0.089781
0.0884126
0.0876565
0.0378261
30.051
0.277707
0.275975
0.274195
0.272311
0.270336
0.268258
0.266079
0.263793
0.261399
0.258896
0.256282
0.253553
0.25068
0.247712
0.244646
0.241487
0.238231
0.23488
0.231437
0.227911
0.224311
0.220649
0.216932
0.213172
0.209372
0.205546
0.201696
0.197833
0.193961
0.190089
0.186221
0.182363
0.178518
0.174692
0.17089
0.167113
0.163366
0.159647
0.155961
0.1523
0.148665
0.145048
0.141452
0.13787
0.134357
0.130926
0.127696
0.124753
0.12211
0.119751
0.117726
0.115717
0.113879
0.112302
0.110671
0.109552
0.108515
0.107646
0.107493
0.106945
0.106736
0.106682
0.105917
0.105341
0.10467
0.103615
0.102544
0.101483
0.100318
0.0990993
0.0978658
0.0966277
0.0953484
0.0940361
0.0926772
0.0913586
0.0898365
0.0889716
0.0403508
29.1632
0.277258
0.275458
0.273609
0.271647
0.269585
0.267411
0.265129
0.262728
0.260214
0.25758
0.254852
0.251947
0.248935
0.245819
0.242598
0.239278
0.235865
0.232362
0.228773
0.225108
0.221377
0.21759
0.21376
0.209897
0.20601
0.202108
0.198197
0.194285
0.190377
0.186481
0.1826
0.178738
0.174902
0.171093
0.167315
0.163567
0.159853
0.156169
0.152514
0.148882
0.145273
0.141686
0.138168
0.13471
0.131458
0.128482
0.125783
0.123465
0.121427
0.119454
0.11781
0.11626
0.11473
0.113711
0.112604
0.111975
0.11176
0.111182
0.111156
0.110922
0.110118
0.109698
0.108966
0.107908
0.106925
0.105894
0.104742
0.103534
0.102317
0.101073
0.0997691
0.0984221
0.0970438
0.0956465
0.0942156
0.0928021
0.0911903
0.0902318
0.0421817
28.7206
0.276771
0.274894
0.272966
0.270915
0.268753
0.266472
0.264068
0.26154
0.258885
0.256109
0.253204
0.250142
0.24697
0.243687
0.240291
0.236796
0.233208
0.229537
0.22579
0.221977
0.218106
0.214193
0.210247
0.206283
0.202307
0.198333
0.194363
0.190408
0.186469
0.182555
0.178666
0.17481
0.170986
0.167199
0.163447
0.159732
0.156051
0.152397
0.148775
0.145173
0.141634
0.138156
0.134873
0.131805
0.129094
0.126861
0.124884
0.123061
0.121534
0.119939
0.118554
0.11758
0.116497
0.116112
0.115765
0.115326
0.115406
0.114933
0.114268
0.113895
0.113018
0.11203
0.11113
0.110108
0.108985
0.107825
0.106654
0.105437
0.104138
0.102791
0.101409
0.0999963
0.0985498
0.0970794
0.0955842
0.0941095
0.0924506
0.0914324
0.0442156
28.1226
0.276247
0.274283
0.272267
0.270115
0.267841
0.265436
0.262896
0.260222
0.257407
0.254484
0.251372
0.248133
0.244779
0.241305
0.23772
0.234032
0.230256
0.226404
0.222487
0.218517
0.214504
0.210462
0.206403
0.20234
0.198283
0.19424
0.19022
0.186225
0.182264
0.178337
0.17445
0.170603
0.166799
0.163036
0.159318
0.15563
0.151991
0.148378
0.14483
0.141366
0.138063
0.135007
0.132276
0.129961
0.127929
0.126217
0.124765
0.123297
0.122178
0.121151
0.120171
0.119944
0.119458
0.119277
0.119359
0.118703
0.118307
0.117902
0.116903
0.116055
0.115186
0.114151
0.113062
0.111946
0.11082
0.109636
0.108362
0.107046
0.105695
0.104296
0.102852
0.101372
0.0998691
0.0983485
0.0968053
0.0952858
0.0935718
0.092516
0.046279
27.4606
0.275689
0.273627
0.271514
0.269246
0.266847
0.2643
0.261608
0.258767
0.255775
0.252648
0.249336
0.245904
0.242341
0.238661
0.234864
0.230972
0.226994
0.222952
0.218856
0.214726
0.210568
0.206401
0.202233
0.198078
0.193946
0.189843
0.185778
0.181754
0.177775
0.173847
0.169964
0.166137
0.162358
0.158623
0.154943
0.151302
0.147724
0.144231
0.140866
0.137755
0.134952
0.132607
0.130725
0.129236
0.127818
0.126455
0.125376
0.124297
0.123654
0.123384
0.12295
0.12309
0.122889
0.122296
0.122202
0.121582
0.120621
0.120005
0.119091
0.118044
0.11703
0.115958
0.114854
0.113684
0.112429
0.111149
0.109834
0.108467
0.107048
0.105589
0.104103
0.102583
0.10104
0.0994703
0.0978817
0.0963231
0.0945652
0.0934904
0.0484876
26.7353
0.275096
0.272927
0.270703
0.268308
0.265766
0.26306
0.260194
0.257164
0.254005
0.250617
0.247093
0.243437
0.239648
0.235735
0.231714
0.227601
0.223414
0.219174
0.214899
0.210602
0.206307
0.202014
0.197749
0.193508
0.189311
0.185159
0.181057
0.177015
0.173026
0.169102
0.16524
0.161432
0.157692
0.154005
0.150395
0.146889
0.14352
0.14039
0.137617
0.135217
0.133228
0.131581
0.130225
0.129199
0.128246
0.127301
0.126786
0.126315
0.126178
0.126421
0.126028
0.125879
0.125744
0.124855
0.124304
0.123716
0.122693
0.121807
0.120884
0.119823
0.118756
0.117616
0.11639
0.115139
0.11385
0.112502
0.111105
0.109677
0.108222
0.106729
0.105202
0.103638
0.102056
0.100449
0.0988328
0.0972384
0.09545
0.0943511
0.0501742
26.2657
0.274471
0.272183
0.269835
0.267297
0.264592
0.261709
0.258645
0.255412
0.251997
0.248381
0.244619
0.240714
0.236674
0.232512
0.228251
0.223904
0.219504
0.21506
0.210605
0.206151
0.201715
0.197316
0.19295
0.188647
0.184386
0.1802
0.176071
0.172016
0.168039
0.164122
0.160297
0.156534
0.152846
0.149287
0.14583
0.142612
0.139694
0.137176
0.135263
0.133836
0.132686
0.131705
0.130679
0.129839
0.129394
0.129112
0.129298
0.129267
0.129015
0.129175
0.128731
0.128102
0.12783
0.127021
0.126125
0.125429
0.124499
0.123504
0.122505
0.1214
0.120229
0.119028
0.11777
0.116442
0.115065
0.113661
0.11223
0.110759
0.109252
0.107709
0.106144
0.10455
0.102944
0.10131
0.0996668
0.0980375
0.0962299
0.0951009
0.0512433
26.0678
0.273818
0.271393
0.268909
0.266207
0.263321
0.260236
0.256948
0.253504
0.2498
0.245929
0.241896
0.237717
0.233402
0.228975
0.224456
0.219876
0.215247
0.210614
0.205974
0.201378
0.196808
0.19231
0.187863
0.183493
0.179198
0.174971
0.170847
0.166783
0.162834
0.158962
0.155182
0.151549
0.148035
0.144788
0.141852
0.13933
0.137306
0.135639
0.13435
0.133449
0.13279
0.132231
0.131695
0.131447
0.131669
0.131658
0.131878
0.131994
0.131434
0.131236
0.130838
0.129964
0.129456
0.128769
0.127838
0.126985
0.126048
0.125007
0.123912
0.122756
0.121542
0.120261
0.11893
0.117563
0.116159
0.114705
0.113212
0.111686
0.110139
0.108563
0.106968
0.105344
0.10371
0.102054
0.10039
0.0987386
0.0969093
0.0957534
0.0521358
25.8618
0.273132
0.270556
0.26792
0.265033
0.261944
0.25863
0.255096
0.251364
0.247383
0.243228
0.238895
0.23442
0.229805
0.225103
0.220313
0.215492
0.210645
0.205814
0.201019
0.19627
0.191605
0.186994
0.1825
0.17806
0.173749
0.169509
0.165382
0.161375
0.157447
0.1537
0.150052
0.146631
0.14357
0.14079
0.138574
0.137049
0.13605
0.135325
0.134602
0.133951
0.13348
0.13359
0.133803
0.133954
0.134331
0.134165
0.134004
0.134055
0.133482
0.132906
0.132502
0.13168
0.130948
0.130249
0.129356
0.128411
0.127401
0.126303
0.125149
0.123928
0.122654
0.121341
0.119982
0.118563
0.1171
0.115597
0.114068
0.112503
0.110916
0.109301
0.107676
0.106028
0.104377
0.102701
0.101013
0.0993436
0.0974832
0.0963199
0.0531263
25.5919
0.272414
0.269672
0.266863
0.26377
0.26045
0.256873
0.253114
0.249013
0.244732
0.240248
0.2356
0.230789
0.225876
0.220861
0.215818
0.210735
0.205694
0.200666
0.195732
0.190853
0.186085
0.18141
0.176837
0.172399
0.168037
0.163851
0.159742
0.155836
0.152059
0.148531
0.145356
0.142509
0.140372
0.138576
0.13718
0.136256
0.135782
0.135489
0.13517
0.135181
0.135229
0.135683
0.13619
0.136275
0.136386
0.136222
0.135686
0.13554
0.13512
0.134388
0.133899
0.133188
0.132355
0.131556
0.130643
0.129638
0.128577
0.127431
0.12622
0.12496
0.123651
0.122285
0.120874
0.119419
0.117926
0.116385
0.114812
0.113206
0.111586
0.109943
0.108296
0.106623
0.104947
0.103248
0.101543
0.0998609
0.097977
0.09681
0.0538928
25.4933
0.271666
0.268737
0.265733
0.262407
0.258822
0.254962
0.250847
0.246437
0.241802
0.236972
0.23196
0.226813
0.221562
0.216258
0.210927
0.205628
0.200362
0.195199
0.190098
0.185144
0.180261
0.175553
0.170931
0.166481
0.162169
0.158018
0.154072
0.150327
0.146876
0.143803
0.141233
0.139311
0.138051
0.137447
0.137131
0.136605
0.136192
0.136352
0.136703
0.137321
0.137556
0.137902
0.138215
0.138112
0.137954
0.137864
0.137253
0.13683
0.136479
0.135784
0.135168
0.134478
0.133617
0.132714
0.131752
0.130708
0.129596
0.128415
0.127173
0.125864
0.124507
0.123106
0.121662
0.120167
0.118632
0.117053
0.115452
0.113818
0.112173
0.110502
0.108828
0.10713
0.105435
0.103716
0.101995
0.100295
0.0984007
0.0972215
0.0542605
25.5881
0.270888
0.267747
0.264522
0.26093
0.257044
0.252883
0.248382
0.243596
0.238579
0.233352
0.227961
0.222449
0.216861
0.211253
0.205661
0.200132
0.194695
0.189368
0.184173
0.1791
0.174192
0.169406
0.16483
0.160383
0.156192
0.152243
0.148566
0.145381
0.142651
0.140621
0.139081
0.138089
0.137305
0.137235
0.137261
0.137333
0.137587
0.138101
0.138692
0.139321
0.13957
0.13958
0.13965
0.139551
0.139194
0.139092
0.138679
0.138061
0.137643
0.137011
0.1363
0.135561
0.134695
0.133739
0.132718
0.131634
0.130491
0.129275
0.127996
0.126654
0.125263
0.123818
0.122333
0.120803
0.119241
0.117637
0.116009
0.114348
0.112678
0.110984
0.109289
0.107567
0.105851
0.104109
0.102375
0.10066
0.0987612
0.0975697
0.0549331
25.2637
0.27008
0.266695
0.263224
0.259326
0.255091
0.250561
0.245643
0.240455
0.235003
0.229361
0.22356
0.21767
0.211745
0.205833
0.2
0.194261
0.18867
0.183208
0.177922
0.172779
0.167844
0.163083
0.15854
0.154304
0.15029
0.146772
0.143612
0.141077
0.139316
0.138408
0.138049
0.137963
0.137622
0.137706
0.13822
0.138926
0.139697
0.140089
0.140502
0.140884
0.141115
0.140967
0.140871
0.140813
0.140361
0.140157
0.139888
0.139244
0.138687
0.138054
0.137296
0.136499
0.135614
0.134631
0.133577
0.13245
0.131263
0.130016
0.128711
0.127338
0.12591
0.12443
0.122914
0.121353
0.119762
0.118131
0.116482
0.114802
0.113115
0.111398
0.10968
0.107934
0.106199
0.10444
0.102696
0.100965
0.0990574
0.0978599
0.0553168
25.2297
0.269237
0.265576
0.261823
0.257574
0.252998
0.247981
0.242624
0.236962
0.231053
0.224949
0.218724
0.212452
0.206185
0.200002
0.193933
0.188024
0.182286
0.176723
0.171362
0.166206
0.161287
0.156655
0.152303
0.148457
0.145064
0.142331
0.140395
0.138962
0.138053
0.137759
0.137857
0.13809
0.138489
0.139066
0.139878
0.140655
0.141406
0.141636
0.141886
0.142022
0.142208
0.14213
0.141927
0.141883
0.141484
0.141115
0.140856
0.140285
0.13963
0.138947
0.138161
0.137318
0.136409
0.135405
0.134318
0.133158
0.131939
0.130659
0.129323
0.127923
0.126469
0.124959
0.123412
0.121821
0.120207
0.118556
0.116891
0.115192
0.113486
0.111748
0.110011
0.108246
0.106495
0.10472
0.102962
0.101218
0.0993034
0.0980968
0.0555037
25.3544
0.268357
0.264382
0.2603
0.255653
0.250629
0.24513
0.239259
0.233091
0.226663
0.220091
0.213419
0.206772
0.20018
0.193747
0.187475
0.181422
0.175557
0.169934
0.16454
0.159473
0.154669
0.150354
0.146471
0.143189
0.140626
0.138799
0.13807
0.138107
0.138076
0.137991
0.138331
0.139164
0.140077
0.140955
0.14151
0.142055
0.142637
0.142869
0.143082
0.143066
0.143147
0.143166
0.142907
0.142799
0.142495
0.142
0.141664
0.141147
0.140471
0.139734
0.138914
0.138031
0.137087
0.136063
0.134958
0.133769
0.132518
0.131207
0.129845
0.128419
0.126941
0.125406
0.123835
0.122222
0.120587
0.118917
0.117235
0.11552
0.113796
0.11204
0.110285
0.108504
0.106739
0.104951
0.103182
0.101427
0.0995012
0.098284
0.0559156
25.046
0.267441
0.2631
0.258638
0.253536
0.248003
0.241947
0.235523
0.22876
0.221814
0.214716
0.207624
0.2006
0.193717
0.187071
0.180622
0.174453
0.168501
0.16289
0.157559
0.152757
0.148316
0.144679
0.141874
0.139699
0.138471
0.137496
0.137517
0.137747
0.138302
0.138978
0.139719
0.14071
0.141519
0.142373
0.142708
0.143118
0.143574
0.143806
0.144066
0.144031
0.143989
0.144055
0.143804
0.143583
0.143342
0.142839
0.14238
0.141854
0.141185
0.140424
0.139579
0.13866
0.137681
0.13663
0.135504
0.134297
0.133024
0.131685
0.130292
0.12884
0.127343
0.12579
0.124201
0.122568
0.120915
0.119229
0.117532
0.115801
0.11406
0.112287
0.110518
0.108725
0.10695
0.105151
0.103368
0.101606
0.0996664
0.0984501
0.0562945
25.0061
0.266487
0.261719
0.256804
0.251269
0.245048
0.238392
0.231314
0.22395
0.216413
0.208813
0.201298
0.193928
0.18681
0.179962
0.173397
0.167137
0.161177
0.15576
0.150677
0.146387
0.14271
0.139888
0.138118
0.137293
0.137498
0.13751
0.13765
0.138268
0.139372
0.140444
0.141304
0.142006
0.142616
0.14337
0.143696
0.144083
0.144424
0.144621
0.144896
0.144898
0.14477
0.144803
0.144591
0.144282
0.144043
0.143574
0.143027
0.142456
0.141784
0.141012
0.140152
0.139204
0.138189
0.13711
0.135964
0.134739
0.133443
0.132076
0.130658
0.129185
0.127669
0.126099
0.124495
0.122846
0.12118
0.119479
0.117766
0.116016
0.114259
0.112473
0.110694
0.108889
0.107103
0.105294
0.1035
0.10173
0.0997749
0.0985591
0.0564146
25.0924
0.265491
0.260218
0.25477
0.248591
0.241743
0.234368
0.226604
0.21855
0.210454
0.20231
0.194456
0.186735
0.179474
0.172428
0.165817
0.159561
0.153789
0.148791
0.14447
0.141135
0.139008
0.137511
0.13668
0.136745
0.137065
0.13779
0.13867
0.139578
0.140711
0.141617
0.142474
0.14298
0.143482
0.144159
0.144515
0.144914
0.145188
0.145343
0.145581
0.145666
0.145508
0.14545
0.14528
0.144919
0.144627
0.144184
0.143612
0.14299
0.142296
0.141516
0.140644
0.139675
0.138632
0.137523
0.136354
0.135111
0.133798
0.132409
0.130969
0.129475
0.127942
0.126358
0.124743
0.123084
0.121406
0.119691
0.117962
0.116197
0.114428
0.112632
0.110846
0.109033
0.107238
0.105423
0.10362
0.101845
0.09988
0.0986562
0.056764
24.805
0.264439
0.258576
0.252495
0.245637
0.237983
0.229838
0.221262
0.212556
0.203813
0.19526
0.187004
0.179109
0.171643
0.164566
0.157909
0.152009
0.146777
0.142453
0.139279
0.137023
0.136204
0.13636
0.136452
0.136795
0.137647
0.138871
0.140026
0.140872
0.141727
0.142466
0.143321
0.143813
0.144281
0.144859
0.145217
0.145614
0.145867
0.145978
0.146167
0.146303
0.146161
0.146013
0.145853
0.145485
0.145123
0.144682
0.144108
0.143453
0.14273
0.141929
0.141043
0.140059
0.138995
0.137861
0.136668
0.135403
0.134071
0.132666
0.131209
0.129697
0.128149
0.126551
0.124926
0.123258
0.121569
0.119839
0.118095
0.116317
0.114537
0.11273
0.110935
0.109114
0.107306
0.105478
0.103662
0.101878
0.0999147
0.098686
0.0568327
24.7622
0.263316
0.256758
0.249991
0.242201
0.233685
0.224651
0.215233
0.205835
0.196505
0.187553
0.17903
0.170971
0.163428
0.156429
0.15005
0.144867
0.140973
0.137916
0.136518
0.135518
0.135516
0.135854
0.136732
0.137806
0.138864
0.140025
0.141003
0.141816
0.142497
0.143157
0.144004
0.144515
0.144998
0.145477
0.145812
0.146201
0.14647
0.146565
0.146707
0.146827
0.146729
0.146513
0.146327
0.145978
0.145561
0.145099
0.144527
0.143852
0.143101
0.142276
0.141373
0.140378
0.139302
0.138147
0.136928
0.135641
0.134294
0.132878
0.13141
0.129884
0.128323
0.126716
0.125085
0.123412
0.121714
0.119972
0.118216
0.116426
0.114638
0.112823
0.111019
0.10919
0.107372
0.105531
0.103705
0.101913
0.0999486
0.0987167
0.0569065
24.8345
0.262099
0.25474
0.247016
0.238269
0.228747
0.218723
0.208438
0.198351
0.188491
0.179252
0.170481
0.162487
0.154818
0.148459
0.142921
0.138797
0.13621
0.134726
0.134872
0.134976
0.135479
0.136461
0.137752
0.138997
0.139906
0.140837
0.141666
0.142536
0.143185
0.143796
0.144574
0.145098
0.14561
0.146025
0.146322
0.146695
0.146971
0.147079
0.147174
0.147246
0.147188
0.146949
0.146725
0.146382
0.145939
0.145452
0.144873
0.144186
0.143413
0.142564
0.141645
0.140644
0.139559
0.138386
0.137143
0.135834
0.134472
0.133048
0.131572
0.130034
0.128461
0.126843
0.125203
0.123521
0.121812
0.120057
0.118291
0.116491
0.114696
0.112874
0.111061
0.109222
0.107393
0.105537
0.103702
0.10191
0.0999487
0.0987197
0.0571074
24.5784
0.260741
0.252449
0.243635
0.233703
0.223048
0.211935
0.200791
0.19008
0.179756
0.170426
0.161427
0.153756
0.146414
0.141111
0.13776
0.135187
0.134148
0.133905
0.134222
0.135174
0.136382
0.137561
0.138744
0.139796
0.140639
0.141449
0.142215
0.143139
0.143787
0.144372
0.145057
0.14558
0.146114
0.146522
0.146786
0.147142
0.147407
0.147538
0.147586
0.147601
0.147561
0.147331
0.147076
0.146733
0.14628
0.145765
0.14517
0.144475
0.143688
0.142821
0.141889
0.140882
0.139793
0.138608
0.137349
0.136025
0.134657
0.133229
0.131747
0.130196
0.128609
0.126976
0.125325
0.123631
0.12191
0.12014
0.118359
0.116546
0.114743
0.112915
0.111099
0.109254
0.107418
0.105547
0.103696
0.101895
0.0999429
0.0987379
0.0573754
24.5406
0.259165
0.249894
0.239649
0.228356
0.216383
0.204197
0.192173
0.181042
0.170337
0.161116
0.1522
0.145021
0.1393
0.135303
0.133518
0.133061
0.133231
0.133698
0.134741
0.13611
0.137456
0.138453
0.139418
0.14031
0.141205
0.141995
0.142731
0.143641
0.14429
0.144883
0.145477
0.145981
0.146535
0.146948
0.147198
0.147535
0.147779
0.147929
0.147946
0.147922
0.147884
0.147672
0.147392
0.147037
0.146572
0.14603
0.145419
0.144715
0.143917
0.143032
0.142083
0.141061
0.139956
0.138753
0.137473
0.136125
0.134734
0.13329
0.131802
0.130249
0.128658
0.127015
0.125346
0.123631
0.121904
0.120136
0.11836
0.116549
0.114742
0.112906
0.111079
0.109229
0.107407
0.105559
0.103721
0.101914
0.0999177
0.0986926
0.05731
24.6087
0.257286
0.246743
0.23492
0.222018
0.208624
0.195351
0.182624
0.171176
0.160473
0.1514
0.143452
0.137346
0.134681
0.132773
0.132105
0.132357
0.133272
0.13451
0.135764
0.136996
0.138143
0.139047
0.139918
0.140748
0.141709
0.142508
0.143227
0.144073
0.144723
0.145347
0.145883
0.14636
0.146922
0.147339
0.147592
0.147908
0.148116
0.148267
0.148276
0.148224
0.14816
0.147965
0.147687
0.147342
0.146876
0.146317
0.145694
0.144984
0.144179
0.14328
0.142311
0.141264
0.140137
0.138909
0.137605
0.13623
0.134817
0.133356
0.131862
0.130308
0.128714
0.12706
0.125377
0.123649
0.12192
0.120162
0.118402
0.116599
0.114791
0.112941
0.111099
0.10924
0.107447
0.105666
0.103889
0.102063
0.0999583
0.0986852
0.057576
24.3893
0.254933
0.243
0.229213
0.214502
0.199572
0.185353
0.172156
0.160675
0.150389
0.141917
0.136059
0.131943
0.131198
0.13129
0.13169
0.132721
0.134095
0.135532
0.136626
0.137621
0.138578
0.139506
0.140378
0.141193
0.142174
0.14297
0.143692
0.144452
0.145096
0.145755
0.146267
0.146718
0.147271
0.147679
0.147955
0.148247
0.148419
0.148565
0.148563
0.148496
0.14842
0.148213
0.147924
0.147552
0.147071
0.146496
0.145845
0.145109
0.144288
0.143377
0.142387
0.141313
0.140166
0.138937
0.137641
0.136269
0.134848
0.133369
0.131856
0.130291
0.128688
0.127026
0.12534
0.123609
0.12187
0.120094
0.118316
0.1165
0.114686
0.112839
0.111007
0.109152
0.107327
0.105473
0.103626
0.101804
0.0998062
0.0985606
0.0573389
24.3581
0.252057
0.238325
0.222233
0.205505
0.189102
0.174201
0.160938
0.149877
0.140918
0.134007
0.131887
0.130249
0.130339
0.131058
0.132302
0.133673
0.134992
0.136231
0.137205
0.138098
0.138961
0.139926
0.140826
0.141648
0.142594
0.14337
0.144106
0.144795
0.145421
0.146101
0.146606
0.147038
0.147565
0.147953
0.148245
0.148517
0.148657
0.148791
0.148767
0.148716
0.14856
0.148389
0.148133
0.147734
0.147228
0.146638
0.145964
0.145203
0.144371
0.143453
0.14245
0.141354
0.140192
0.138963
0.137681
0.13632
0.134897
0.133398
0.131863
0.130281
0.128672
0.127007
0.125322
0.123586
0.121836
0.120044
0.118255
0.116433
0.114622
0.112781
0.110962
0.109117
0.107272
0.105383
0.10352
0.101692
0.0997506
0.0985312
0.0572371
24.4281
0.248274
0.232371
0.213557
0.194819
0.177127
0.162191
0.14946
0.139373
0.133137
0.128789
0.128883
0.129437
0.130349
0.131644
0.133213
0.13452
0.135627
0.136653
0.1376
0.138472
0.139298
0.140283
0.141196
0.142028
0.142899
0.143646
0.144395
0.14503
0.145633
0.146314
0.146816
0.147243
0.147734
0.148099
0.148404
0.148666
0.148787
0.148895
0.148858
0.148777
0.148647
0.148412
0.148081
0.147677
0.147182
0.146582
0.145892
0.14512
0.144276
0.143342
0.14232
0.141209
0.14004
0.138801
0.137501
0.136121
0.134688
0.133195
0.131673
0.130093
0.128476
0.126797
0.125093
0.123339
0.12158
0.119787
0.117997
0.11617
0.114346
0.11249
0.110652
0.108784
0.10693
0.105059
0.103219
0.101419
0.0994595
0.0982056
0.0571625
24.2388
0.243267
0.224538
0.202738
0.182155
0.163888
0.149771
0.139152
0.131023
0.129012
0.127685
0.128232
0.129385
0.131035
0.132576
0.133927
0.135012
0.135934
0.13681
0.137755
0.138654
0.139498
0.140479
0.141378
0.142211
0.142993
0.143717
0.144472
0.145078
0.145665
0.146334
0.146843
0.147276
0.147712
0.14805
0.148355
0.148597
0.148699
0.148774
0.148749
0.148671
0.148533
0.14827
0.147932
0.147533
0.147034
0.146419
0.145717
0.144936
0.144084
0.143136
0.142101
0.140978
0.1398
0.138554
0.137248
0.13586
0.13442
0.132917
0.131387
0.129798
0.128177
0.126494
0.124785
0.123028
0.121267
0.119471
0.11768
0.115851
0.11403
0.112176
0.110341
0.108473
0.106622
0.104755
0.102918
0.101132
0.099174
0.0979149
0.0570179
24.2126
0.236624
0.214337
0.189088
0.167875
0.150343
0.137468
0.130436
0.125875
0.126388
0.127353
0.128727
0.130219
0.131719
0.132941
0.133943
0.134886
0.135749
0.136602
0.137583
0.138541
0.139418
0.140342
0.141186
0.142004
0.142732
0.143443
0.144198
0.144804
0.145395
0.146034
0.146532
0.146974
0.147377
0.147702
0.148017
0.148243
0.148349
0.148406
0.148392
0.148307
0.148129
0.147867
0.147519
0.147092
0.146578
0.14596
0.145255
0.144468
0.143605
0.142646
0.141603
0.14048
0.139303
0.138056
0.136751
0.135368
0.133935
0.132436
0.130904
0.129309
0.127688
0.126006
0.124304
0.122553
0.120801
0.119008
0.117219
0.115391
0.113574
0.111724
0.109893
0.108028
0.10619
0.104337
0.102514
0.100731
0.0987444
0.097497
0.0566242
24.2782
0.227649
0.200832
0.172939
0.152401
0.139036
0.128058
0.12522
0.124474
0.125081
0.126754
0.128954
0.130392
0.131401
0.132325
0.133193
0.134124
0.135075
0.135999
0.137009
0.13796
0.138819
0.139649
0.140457
0.141295
0.142015
0.142746
0.143503
0.144121
0.144729
0.145341
0.145854
0.14632
0.146715
0.14704
0.147347
0.147572
0.14767
0.147741
0.147732
0.147649
0.14748
0.147233
0.146895
0.146475
0.145973
0.14537
0.144674
0.143887
0.143018
0.142049
0.141001
0.139872
0.138689
0.137435
0.136132
0.134757
0.133337
0.131846
0.130319
0.128728
0.127114
0.125443
0.123757
0.122021
0.120285
0.118502
0.116722
0.114903
0.113097
0.111257
0.109436
0.107584
0.105762
0.103923
0.10211
0.100328
0.0983319
0.0970988
0.0564257
24.118
0.215071
0.183231
0.15516
0.136847
0.127312
0.122026
0.122106
0.123057
0.125375
0.127114
0.128477
0.129535
0.130331
0.131201
0.132164
0.133205
0.13423
0.135194
0.136177
0.137099
0.137997
0.138817
0.139637
0.140491
0.141219
0.141964
0.142697
0.143333
0.143976
0.144552
0.145072
0.145578
0.145971
0.146293
0.146607
0.146839
0.146974
0.147053
0.147029
0.146939
0.146758
0.146494
0.146144
0.145712
0.145206
0.144615
0.14394
0.143169
0.142315
0.14137
0.140364
0.13928
0.138134
0.136907
0.135628
0.134275
0.132872
0.131392
0.129873
0.128289
0.126688
0.125033
0.123365
0.121646
0.119923
0.11815
0.116383
0.114575
0.112783
0.110955
0.109148
0.107309
0.105501
0.103672
0.101866
0.100087
0.0981081
0.0968815
0.0562202
24.0967
0.197183
0.163114
0.140255
0.126792
0.120112
0.119542
0.121119
0.123238
0.12472
0.12604
0.127023
0.127955
0.128915
0.129923
0.13097
0.13204
0.13309
0.134118
0.13511
0.136078
0.13706
0.137921
0.138764
0.13961
0.140388
0.141171
0.141903
0.142603
0.143288
0.143854
0.144405
0.144956
0.145363
0.145684
0.145991
0.146251
0.146408
0.146538
0.146529
0.146455
0.1463
0.146063
0.145735
0.145315
0.144822
0.144249
0.143588
0.142825
0.14198
0.141058
0.140073
0.139007
0.137876
0.136666
0.135408
0.134073
0.132688
0.131225
0.129718
0.128148
0.126561
0.124925
0.123277
0.121577
0.119861
0.118096
0.116334
0.114534
0.112749
0.110929
0.109127
0.107296
0.105492
0.103671
0.101863
0.10008
0.0981255
0.0969023
0.0561057
24.1628
0.155242
0.116115
0.105839
0.107745
0.113085
0.118754
0.122206
0.124415
0.125268
0.12586
0.126522
0.127561
0.128788
0.129944
0.130982
0.132043
0.1331
0.134185
0.13517
0.136128
0.13715
0.137986
0.13881
0.139636
0.140413
0.141215
0.141917
0.142623
0.143327
0.143829
0.144376
0.144954
0.145337
0.145637
0.145934
0.146166
0.14633
0.146421
0.146382
0.146283
0.146108
0.145854
0.145516
0.145085
0.144582
0.144005
0.143336
0.142549
0.141677
0.140733
0.139742
0.138657
0.137505
0.136261
0.134978
0.13362
0.132224
0.13074
0.129221
0.127632
0.126042
0.124395
0.122749
0.121035
0.119322
0.117548
0.115794
0.113992
0.112219
0.110399
0.10861
0.10678
0.10499
0.103165
0.101368
0.0995871
0.0976335
0.0964075
0.05585
23.9914
)
;

boundaryField
{
    inlet
    {
        type            calculated;
        value           uniform 0.386208;
    }
    outlet
    {
        type            calculated;
        value           nonuniform List<scalar> 
40
(
0.0816531
0.0809505
0.0815926
0.0813679
0.0807377
0.0808474
0.0803779
0.080595
0.079451
0.0777947
0.0762373
0.075104
0.074093
0.073101
0.0723694
0.0719344
0.0715011
0.0711344
0.0713912
0.0711878
0.0708416
0.0710649
0.0708705
0.0705852
0.0707984
0.070652
0.0704233
0.070625
0.070505
0.0703081
0.070489
0.070407
0.0702417
0.0704059
0.0703346
0.0701875
0.0703331
0.0702937
0.0701798
0.0703776
)
;
    }
    axis
    {
        type            symmetryPlane;
    }
    wall
    {
        type            calculated;
        value           nonuniform List<scalar> 
200
(
0.386431
0.387218
0.387905
0.388651
0.389435
0.390273
0.391164
0.392094
0.393038
0.393962
0.394832
0.395613
0.396286
0.396869
0.397354
0.397745
0.39811
0.398446
0.398765
0.399069
0.399344
0.399574
0.399747
0.399856
0.399905
0.399914
0.399885
0.399811
0.399705
0.399595
0.399498
0.399419
0.399351
0.399282
0.399199
0.39909
0.398946
0.398759
0.39853
0.398267
0.397978
0.397676
0.397372
0.397075
0.396788
0.396511
0.396238
0.395963
0.395676
0.395371
0.395041
0.394681
0.39429
0.393871
0.393431
0.392973
0.392504
0.392031
0.391558
0.391086
0.390614
0.390139
0.389657
0.389162
0.38865
0.388116
0.387555
0.386967
0.38635
0.385704
0.385032
0.384336
0.383619
0.382884
0.382134
0.38137
0.380594
0.379804
0.379
0.378181
0.377341
0.376481
0.375595
0.374682
0.373738
0.372762
0.37175
0.370701
0.369613
0.368485
0.367315
0.366103
0.364845
0.363543
0.362192
0.360794
0.35934
0.357834
0.356264
0.354634
0.35293
0.351154
0.34929
0.347341
0.345284
0.343126
0.340836
0.338421
0.335841
0.333104
0.330153
0.326994
0.323547
0.319797
0.315618
0.310926
0.305454
0.29879
0.289459
0.275666
0.155242
0.116115
0.105839
0.107745
0.113085
0.118754
0.122206
0.124415
0.125268
0.12586
0.126522
0.127561
0.128788
0.129944
0.130982
0.132043
0.1331
0.134185
0.13517
0.136128
0.13715
0.137986
0.13881
0.139636
0.140413
0.141215
0.141917
0.142623
0.143327
0.143829
0.144376
0.144954
0.145337
0.145637
0.145934
0.146166
0.14633
0.146421
0.146382
0.146283
0.146108
0.145854
0.145516
0.145085
0.144582
0.144005
0.143336
0.142549
0.141677
0.140733
0.139742
0.138657
0.137505
0.136261
0.134978
0.13362
0.132224
0.13074
0.129221
0.127632
0.126042
0.124395
0.122749
0.121035
0.119322
0.117548
0.115794
0.113992
0.112219
0.110399
0.10861
0.10678
0.10499
0.103165
0.101368
0.0995871
0.0976335
0.0964075
0.05585
23.9914
)
;
    }
    frontAndBack
    {
        type            empty;
    }
}


// ************************************************************************* //
