/*--------------------------------*- C++ -*----------------------------------*\
  =========                 |
  \\      /  F ield         | OpenFOAM: The Open Source CFD Toolbox
   \\    /   O peration     | Website:  https://openfoam.org
    \\  /    A nd           | Version:  13
     \\/     M anipulation  |
\*---------------------------------------------------------------------------*/
FoamFile
{
    format      ascii;
    class       volVectorField;
    location    "0.85";
    object      U;
}
// * * * * * * * * * * * * * * * * * * * * * * * * * * * * * * * * * * * * * //

dimensions      [0 1 -1 0 0 0 0];

internalField   nonuniform List<vector> 
2016
(
(-0.14482 0.055205 0)
(-0.132837 0.0906931 0)
(0.0879558 -0.0570486 0)
(0.206465 -0.507585 0)
(-0.0975582 -0.0294382 0)
(0.277889 -0.271688 0)
(0.544174 -0.658615 0)
(0.917089 -1.30861 0)
(0.210122 -0.123934 0)
(0.679316 -0.559898 0)
(1.16961 -0.975792 0)
(2.07008 -1.45372 0)
(0.527587 -0.112068 0)
(1.03558 -0.586836 0)
(1.68349 -0.801572 0)
(2.43303 -0.906459 0)
(0.788811 -0.0516681 0)
(1.28564 -0.466827 0)
(1.87974 -0.430809 0)
(1.95687 -0.265134 0)
(0.972935 -0.00317875 0)
(1.44873 -0.342217 0)
(1.83588 -0.194223 0)
(1.63323 -0.000822741 0)
(1.08135 0.0268258 0)
(1.54721 -0.231868 0)
(1.64608 -0.012998 0)
(1.34489 0.0826989 0)
(1.13184 0.0363599 0)
(1.55804 -0.126777 0)
(1.53119 0.115201 0)
(0.734583 0.267077 0)
(1.14047 0.0247615 0)
(1.46063 -0.0294828 0)
(1.43055 0.215364 0)
(0.642649 0.492507 0)
(1.12903 0.00710595 0)
(1.31789 0.0177397 0)
(1.21504 0.207221 0)
(0.627527 0.309267 0)
(1.11544 0.0165895 0)
(1.24427 0.005464 0)
(1.05664 0.0468579 0)
(0.609565 0.0652504 0)
(1.07929 0.0661021 0)
(1.29006 0.0335607 0)
(1.05193 -0.0183253 0)
(0.706563 -0.0633884 0)
(0.969396 0.122308 0)
(1.37367 0.126139 0)
(1.15777 0.0339872 0)
(0.835591 -0.0727935 0)
(0.787115 0.121134 0)
(1.39499 0.213583 0)
(1.28977 0.152605 0)
(0.982436 0.0236831 0)
(0.618845 0.0483304 0)
(1.32463 0.231735 0)
(1.37136 0.257132 0)
(1.1346 0.170132 0)
(0.522616 -0.0104646 0)
(1.17373 0.179146 0)
(1.35602 0.294927 0)
(1.23969 0.290234 0)
(0.459792 0.00673551 0)
(0.980297 0.13166 0)
(1.24995 0.284422 0)
(1.25863 0.350236 0)
(0.357807 0.0522005 0)
(0.794757 0.165292 0)
(1.10335 0.286936 0)
(1.20858 0.357946 0)
(0.186877 0.0599191 0)
(0.630901 0.240248 0)
(1.01159 0.318736 0)
(1.17442 0.34368 0)
(0.00916339 0.020035 0)
(0.478115 0.223489 0)
(1.05252 0.379985 0)
(1.19908 0.365087 0)
(-0.0829663 -0.0240532 0)
(0.347669 0.0932938 0)
(1.12916 0.477419 0)
(1.20708 0.537401 0)
(-0.084554 -0.0546946 0)
(0.148741 -0.032478 0)
(0.880988 0.309387 0)
(0.998529 0.629645 0)
(-0.0339929 -0.0527265 0)
(0.0853468 -0.0652705 0)
(0.361636 0.153803 0)
(0.487431 0.751705 0)
(0.114517 -0.101812 0)
(-0.21029 -0.421881 0)
(-0.556767 -0.0755984 0)
(-0.645405 0.41221 0)
(0.2261 -0.0855238 0)
(0.358703 0.0772767 0)
(-0.644712 0.194079 0)
(-0.843777 0.355503 0)
(0.160515 -0.0752214 0)
(-0.0030437 0.22321 0)
(-0.645877 0.311359 0)
(-0.860717 0.384531 0)
(0.108252 -0.086957 0)
(-0.375789 0.132583 0)
(-0.776569 0.277333 0)
(-0.866117 0.318034 0)
(0.0625867 0.0130523 0)
(-0.502443 0.18451 0)
(-0.835773 0.262459 0)
(-0.813007 0.242186 0)
(-0.0802858 0.0486573 0)
(-0.636469 0.207935 0)
(-0.837033 0.221085 0)
(-0.716391 0.153701 0)
(-0.241628 0.0741818 0)
(-0.710632 0.176078 0)
(-0.772417 0.128654 0)
(-0.612125 0.066804 0)
(-0.38878 0.0986014 0)
(-0.697855 0.0963073 0)
(-0.686713 0.039659 0)
(-0.539533 0.0503097 0)
(-0.482291 0.0538254 0)
(-0.645835 0.0266852 0)
(-0.681327 0.0680683 0)
(-0.561759 0.18695 0)
(-0.514319 -0.00625711 0)
(-0.700093 0.0773279 0)
(-0.855496 0.270199 0)
(-0.806165 0.476912 0)
(-0.568628 0.0155959 0)
(-0.956805 0.195687 0)
(-1.18724 0.474051 0)
(-1.22945 0.756687 0)
(-0.712518 0.132136 0)
(-1.29252 0.186304 0)
(-1.54691 0.47771 0)
(-1.63242 0.859324 0)
(-0.914814 0.240665 0)
(-1.53977 0.0123743 0)
(-1.86074 0.36348 0)
(-2.14514 1.07575 0)
(-1.04574 0.22303 0)
(-1.64939 -0.201472 0)
(-2.6877 0.433179 0)
(-2.81838 1.02873 0)
(-0.9943 0.0769084 0)
(-1.70159 -0.340779 0)
(-3.52054 -0.0174764 0)
(-2.88745 -0.0750394 0)
(-0.795634 -0.0505681 0)
(-1.56648 -0.485428 0)
(-3.09243 -0.70929 0)
(-2.79358 -1.13187 0)
(-0.509426 -0.115837 0)
(-1.11275 -0.597392 0)
(-2.16476 -1.15911 0)
(-2.39762 -1.89207 0)
(-0.164159 -0.0798708 0)
(-0.548171 -0.430088 0)
(-1.00924 -1.09941 0)
(-1.23715 -2.25701 0)
(0.148067 0.00819771 0)
(-0.0161675 -0.02774 0)
(-0.232624 -0.383266 0)
(-0.217088 -1.37836 0)
(0.279567 -1.64648 0)
(0.0526209 -2.22858 0)
(-0.0198476 -2.46563 0)
(-0.036945 -2.47899 0)
(-0.0382217 -2.41532 0)
(-0.0306335 -2.34017 0)
(-0.0204599 -2.29147 0)
(-0.0131614 -2.26581 0)
(-0.01091 -2.25486 0)
(-0.0121253 -2.2558 0)
(-0.0162299 -2.26279 0)
(-0.0244196 -2.27095 0)
(-0.036679 -2.27171 0)
(-0.0492771 -2.25315 0)
(-0.0608056 -2.22053 0)
(-0.0757671 -2.18886 0)
(-0.0938945 -2.12566 0)
(-0.114292 -2.01655 0)
(-0.138224 -1.86456 0)
(-0.170125 -1.68484 0)
(-0.203256 -1.48306 0)
(-0.166821 -1.17967 0)
(-0.112083 -0.905612 0)
(-0.0517924 -0.765498 0)
(0.013144 -0.71245 0)
(0.04076 -0.776541 0)
(0.0245126 -0.90715 0)
(-0.00762126 -0.995941 0)
(-0.015459 -1.04979 0)
(-8.03084e-05 -1.08381 0)
(0.0248946 -1.12298 0)
(0.0482309 -1.18598 0)
(0.0616955 -1.24905 0)
(0.0645506 -1.32303 0)
(0.0596764 -1.39774 0)
(0.0506141 -1.46434 0)
(0.0404388 -1.51978 0)
(0.0307634 -1.56392 0)
(0.0220979 -1.59887 0)
(0.0146409 -1.62639 0)
(0.0084524 -1.64393 0)
(0.0030317 -1.64671 0)
(1.31671 -2.65521 0)
(0.463371 -3.16095 0)
(0.137182 -3.3245 0)
(-0.103586 -2.8711 0)
(-0.16273 -2.25222 0)
(-0.058858 -2.53912 0)
(-0.0362633 -2.60739 0)
(-0.0162443 -2.58462 0)
(0.00386019 -2.52891 0)
(0.0209817 -2.4563 0)
(0.0330447 -2.37423 0)
(0.0352461 -2.28173 0)
(0.0238902 -2.18263 0)
(0.00603736 -2.10941 0)
(-0.0118925 -2.08469 0)
(-0.0386886 -2.09081 0)
(-0.0788895 -2.08879 0)
(-0.131327 -2.0505 0)
(-0.192197 -1.97405 0)
(-0.258347 -1.87748 0)
(-0.324775 -1.78233 0)
(-0.399888 -1.66025 0)
(-0.394798 -1.50311 0)
(-0.210353 -1.33804 0)
(-0.00102227 -1.21259 0)
(0.162957 -1.19275 0)
(0.188833 -1.31876 0)
(0.131061 -1.47279 0)
(0.0894238 -1.5663 0)
(0.0733929 -1.61741 0)
(0.072872 -1.65869 0)
(0.0827942 -1.69213 0)
(0.0893687 -1.71244 0)
(0.0854918 -1.71923 0)
(0.0749077 -1.71664 0)
(0.0621398 -1.70843 0)
(0.0497395 -1.69805 0)
(0.0384405 -1.68794 0)
(0.0283546 -1.68014 0)
(0.0195235 -1.67555 0)
(0.0117089 -1.67128 0)
(0.00415218 -1.6631 0)
(2.36074 -1.90314 0)
(0.858519 -1.75565 0)
(-0.235967 -1.37157 0)
(-0.805567 -1.09392 0)
(-0.326023 -1.34564 0)
(0.149436 -1.37582 0)
(0.035213 -1.36517 0)
(-0.0691008 -1.29832 0)
(-0.10176 -1.35317 0)
(-0.124954 -1.38006 0)
(-0.151956 -1.37818 0)
(-0.180511 -1.36772 0)
(-0.181639 -1.36382 0)
(-0.12727 -1.3742 0)
(-0.0542057 -1.41769 0)
(-0.0584274 -1.5528 0)
(-0.145089 -1.65423 0)
(-0.240081 -1.64197 0)
(-0.306813 -1.61432 0)
(-0.340141 -1.56521 0)
(-0.357809 -1.50348 0)
(-0.358748 -1.50413 0)
(-0.347357 -1.53563 0)
(-0.28832 -1.60662 0)
(-0.168595 -1.52296 0)
(0.105505 -1.31105 0)
(0.325803 -1.28359 0)
(0.266241 -1.4239 0)
(0.149356 -1.53237 0)
(0.100001 -1.5832 0)
(0.0908751 -1.60798 0)
(0.0855867 -1.62036 0)
(0.0775961 -1.62577 0)
(0.0675839 -1.62799 0)
(0.0567403 -1.63069 0)
(0.0463261 -1.63572 0)
(0.0370846 -1.64243 0)
(0.0289276 -1.64962 0)
(0.0217347 -1.65718 0)
(0.0154045 -1.66492 0)
(0.00942163 -1.66961 0)
(0.00314087 -1.66625 0)
(2.10982 -0.685079 0)
(0.687792 -0.240079 0)
(-0.112149 -0.283337 0)
(-0.328068 -0.58738 0)
(-0.127006 -0.998022 0)
(-0.0335487 -1.08526 0)
(-0.0272809 -1.15502 0)
(-0.0242761 -1.27267 0)
(-0.0212562 -1.35411 0)
(-0.0429773 -1.38116 0)
(-0.0697695 -1.3612 0)
(-0.0771279 -1.3156 0)
(-0.0499047 -1.26616 0)
(0.0163021 -1.2169 0)
(0.104638 -1.15804 0)
(0.127709 -1.10081 0)
(0.0307334 -1.06734 0)
(-0.129235 -1.05202 0)
(-0.265758 -1.03209 0)
(-0.37478 -1.02369 0)
(-0.401695 -1.12812 0)
(-0.377702 -1.32715 0)
(-0.277693 -1.4993 0)
(-0.210185 -1.59972 0)
(-0.15408 -1.70126 0)
(-0.00554656 -1.73459 0)
(0.294902 -1.56145 0)
(0.318356 -1.45247 0)
(0.214649 -1.47762 0)
(0.138573 -1.52247 0)
(0.110483 -1.5497 0)
(0.103918 -1.5683 0)
(0.0979456 -1.58743 0)
(0.088113 -1.60644 0)
(0.0769406 -1.62317 0)
(0.06567 -1.6375 0)
(0.0542423 -1.64935 0)
(0.0428616 -1.65875 0)
(0.032119 -1.66666 0)
(0.0223418 -1.67389 0)
(0.013258 -1.67816 0)
(0.00434594 -1.67446 0)
(1.3529 -0.0348377 0)
(0.492706 0.00813866 0)
(0.1142 -0.165395 0)
(-0.0116309 -0.322676 0)
(-0.039998 -0.412169 0)
(0.152261 -0.624306 0)
(0.201463 -0.790115 0)
(0.172131 -1.005 0)
(0.0906288 -1.1964 0)
(-0.0288447 -1.32634 0)
(-0.136809 -1.36153 0)
(-0.195061 -1.313 0)
(-0.199716 -1.21882 0)
(-0.165997 -1.11713 0)
(-0.122936 -1.02416 0)
(-0.116748 -0.941555 0)
(-0.16773 -0.89033 0)
(-0.229643 -0.91114 0)
(-0.239442 -1.02166 0)
(-0.200029 -1.19298 0)
(-0.172559 -1.35593 0)
(-0.15892 -1.45405 0)
(-0.133143 -1.49205 0)
(-0.112929 -1.56117 0)
(-0.103678 -1.6348 0)
(-0.0798638 -1.66867 0)
(0.101484 -1.6181 0)
(0.237993 -1.48663 0)
(0.239786 -1.46788 0)
(0.184218 -1.51226 0)
(0.141449 -1.55286 0)
(0.125139 -1.57749 0)
(0.117219 -1.59743 0)
(0.105317 -1.61779 0)
(0.0906663 -1.63602 0)
(0.0764453 -1.65063 0)
(0.0629019 -1.66197 0)
(0.0497598 -1.67061 0)
(0.0373878 -1.6777 0)
(0.0260387 -1.6842 0)
(0.0154297 -1.68814 0)
(0.00505185 -1.68412 0)
(1.15668 0.169746 0)
(0.544973 0.254959 0)
(0.194646 0.417033 0)
(0.109854 0.701949 0)
(0.238385 0.582836 0)
(0.50893 0.135467 0)
(0.471273 -0.283508 0)
(0.40144 -0.68445 0)
(0.27727 -0.975691 0)
(0.0902924 -1.17322 0)
(-0.106748 -1.26463 0)
(-0.249045 -1.25528 0)
(-0.29377 -1.15849 0)
(-0.241848 -1.01471 0)
(-0.146506 -0.881295 0)
(-0.0739349 -0.793095 0)
(-0.0463787 -0.758808 0)
(-0.0389169 -0.790554 0)
(-0.0384733 -0.895954 0)
(-0.0637889 -1.03912 0)
(-0.119559 -1.17466 0)
(-0.140017 -1.32543 0)
(-0.0820282 -1.43241 0)
(-0.0374843 -1.49935 0)
(-0.0225405 -1.57894 0)
(-0.0280016 -1.63404 0)
(0.0293406 -1.67099 0)
(0.169398 -1.57015 0)
(0.237903 -1.50705 0)
(0.221664 -1.52857 0)
(0.176019 -1.57004 0)
(0.148403 -1.59693 0)
(0.137059 -1.61524 0)
(0.124486 -1.63379 0)
(0.107306 -1.65176 0)
(0.0896463 -1.66637 0)
(0.0730511 -1.67717 0)
(0.0572672 -1.68486 0)
(0.0425347 -1.69079 0)
(0.0292055 -1.69626 0)
(0.0171092 -1.69952 0)
(0.00561509 -1.69513 0)
(1.044 0.428114 0)
(0.248618 1.07669 0)
(-0.288423 1.50117 0)
(-0.169188 1.63898 0)
(0.411911 1.56315 0)
(0.919546 1.05069 0)
(1.0137 0.440487 0)
(0.787332 -0.217184 0)
(0.560941 -0.588686 0)
(0.268761 -0.828287 0)
(-0.04704 -0.945028 0)
(-0.307734 -0.97794 0)
(-0.443696 -0.940809 0)
(-0.430447 -0.846082 0)
(-0.31561 -0.737257 0)
(-0.191292 -0.658683 0)
(-0.116988 -0.640846 0)
(-0.0495306 -0.665765 0)
(0.0340463 -0.743394 0)
(0.0947245 -0.88609 0)
(0.0854378 -1.07608 0)
(0.021262 -1.26885 0)
(0.00868008 -1.40574 0)
(0.0365719 -1.46193 0)
(0.0474407 -1.5341 0)
(0.0238609 -1.59539 0)
(-0.00864015 -1.65118 0)
(0.0964837 -1.62125 0)
(0.217029 -1.55077 0)
(0.248907 -1.55043 0)
(0.209416 -1.58755 0)
(0.171043 -1.61621 0)
(0.155004 -1.63432 0)
(0.142287 -1.65185 0)
(0.123496 -1.66985 0)
(0.102453 -1.6848 0)
(0.0824462 -1.69524 0)
(0.0637415 -1.70177 0)
(0.0465134 -1.70613 0)
(0.0312724 -1.71002 0)
(0.0180202 -1.71203 0)
(0.00591858 -1.70715 0)
(0.291557 0.784636 0)
(-0.308705 1.19207 0)
(-0.128635 0.85077 0)
(0.0358863 0.455391 0)
(0.34451 0.579858 0)
(1.2648 0.805691 0)
(1.50253 0.397778 0)
(1.22462 0.0606121 0)
(0.843982 -0.184081 0)
(0.452856 -0.374365 0)
(0.0741499 -0.413696 0)
(-0.253284 -0.435291 0)
(-0.446677 -0.42953 0)
(-0.478816 -0.41504 0)
(-0.380516 -0.412315 0)
(-0.198927 -0.418584 0)
(-0.0494906 -0.448636 0)
(0.056845 -0.522939 0)
(0.17494 -0.628621 0)
(0.264334 -0.773622 0)
(0.280949 -0.962411 0)
(0.195548 -1.17087 0)
(0.0988813 -1.35283 0)
(0.109652 -1.42943 0)
(0.120656 -1.49812 0)
(0.0930024 -1.56463 0)
(0.0335951 -1.62114 0)
(0.0514491 -1.66824 0)
(0.181901 -1.59232 0)
(0.262118 -1.5674 0)
(0.242378 -1.60052 0)
(0.195833 -1.63461 0)
(0.173247 -1.65519 0)
(0.160007 -1.67286 0)
(0.139901 -1.69112 0)
(0.115178 -1.70656 0)
(0.0909774 -1.71666 0)
(0.0686599 -1.72169 0)
(0.0486213 -1.72377 0)
(0.0316164 -1.7252 0)
(0.0177518 -1.72522 0)
(0.00578497 -1.71955 0)
(0.279605 0.686176 0)
(0.202075 0.587483 0)
(0.176308 0.173204 0)
(0.159767 0.0258635 0)
(0.536541 0.30508 0)
(1.38742 0.362731 0)
(1.7243 0.0788682 0)
(1.45638 0.121379 0)
(1.01918 0.0982393 0)
(0.566343 0.0230265 0)
(0.138762 0.0564088 0)
(-0.243486 0.148044 0)
(-0.441497 0.179206 0)
(-0.428887 0.159126 0)
(-0.310837 0.0774865 0)
(-0.147502 -0.087792 0)
(0.0426219 -0.208402 0)
(0.163557 -0.341705 0)
(0.312051 -0.483304 0)
(0.440555 -0.651124 0)
(0.49314 -0.847574 0)
(0.405799 -1.08147 0)
(0.229059 -1.3092 0)
(0.189679 -1.40927 0)
(0.191695 -1.46872 0)
(0.163416 -1.53491 0)
(0.0935389 -1.58814 0)
(0.0253582 -1.66531 0)
(0.142818 -1.6214 0)
(0.267257 -1.58184 0)
(0.276791 -1.60912 0)
(0.225311 -1.65137 0)
(0.193457 -1.67781 0)
(0.178376 -1.69713 0)
(0.157117 -1.7162 0)
(0.128319 -1.73247 0)
(0.098726 -1.74228 0)
(0.0715419 -1.74528 0)
(0.047975 -1.74394 0)
(0.0292481 -1.74147 0)
(0.0155359 -1.73839 0)
(0.00493219 -1.73128 0)
(0.360879 0.0958481 0)
(0.388681 0.0451285 0)
(0.258256 -0.1698 0)
(-0.171513 -0.122744 0)
(0.431277 -0.0744327 0)
(1.44588 -0.107436 0)
(1.68984 -0.178496 0)
(1.3838 0.0788991 0)
(0.99581 0.227706 0)
(0.546885 0.320352 0)
(0.0797465 0.47451 0)
(-0.308505 0.641214 0)
(-0.472779 0.714375 0)
(-0.392696 0.682651 0)
(-0.170875 0.563477 0)
(0.0382585 0.337512 0)
(0.223602 0.0803762 0)
(0.342635 -0.12584 0)
(0.475718 -0.321782 0)
(0.627735 -0.509674 0)
(0.715639 -0.708967 0)
(0.6518 -0.962306 0)
(0.405454 -1.25489 0)
(0.270412 -1.39397 0)
(0.2574 -1.44514 0)
(0.231174 -1.50821 0)
(0.160461 -1.56459 0)
(0.0340112 -1.6602 0)
(0.107643 -1.66588 0)
(0.261831 -1.60374 0)
(0.311956 -1.61277 0)
(0.264225 -1.66353 0)
(0.219212 -1.70158 0)
(0.198868 -1.72509 0)
(0.175935 -1.74599 0)
(0.142272 -1.76372 0)
(0.105396 -1.77347 0)
(0.071285 -1.77373 0)
(0.0428743 -1.76718 0)
(0.0223445 -1.75848 0)
(0.0100118 -1.7504 0)
(0.00292426 -1.74079 0)
(0.438579 -0.142667 0)
(0.447719 -0.148785 0)
(0.335802 -0.232723 0)
(-0.0229412 -0.482661 0)
(0.639285 -0.564774 0)
(1.34001 -0.512092 0)
(1.41989 -0.317575 0)
(1.09848 0.00305408 0)
(0.768988 0.265186 0)
(0.354765 0.520085 0)
(-0.104499 0.807278 0)
(-0.440584 1.02686 0)
(-0.510839 1.10516 0)
(-0.322762 1.056 0)
(-0.00666486 0.902134 0)
(0.27191 0.662052 0)
(0.480359 0.35749 0)
(0.586434 0.0734384 0)
(0.662959 -0.157958 0)
(0.823136 -0.360607 0)
(0.936493 -0.545327 0)
(0.929299 -0.780295 0)
(0.669026 -1.12758 0)
(0.365567 -1.36914 0)
(0.31677 -1.425 0)
(0.295085 -1.47942 0)
(0.236222 -1.53842 0)
(0.112176 -1.62754 0)
(0.072705 -1.72841 0)
(0.233347 -1.65156 0)
(0.338479 -1.6184 0)
(0.312274 -1.6671 0)
(0.25387 -1.72348 0)
(0.221871 -1.75748 0)
(0.195451 -1.78246 0)
(0.156668 -1.80273 0)
(0.110736 -1.81267 0)
(0.0669855 -1.80905 0)
(0.0314946 -1.79449 0)
(0.00853895 -1.77572 0)
(-0.000845695 -1.7592 0)
(-0.000973114 -1.74554 0)
(0.537302 -0.213592 0)
(0.484794 -0.205194 0)
(0.463588 -0.258548 0)
(0.201881 -0.587126 0)
(0.706637 -0.77065 0)
(1.08896 -0.651047 0)
(1.04063 -0.308498 0)
(0.747178 0.0305446 0)
(0.413323 0.377472 0)
(-0.012984 0.751736 0)
(-0.415199 1.0756 0)
(-0.615337 1.24154 0)
(-0.537064 1.25391 0)
(-0.218801 1.17157 0)
(0.21458 1.01707 0)
(0.535517 0.799354 0)
(0.753162 0.51114 0)
(0.865448 0.204457 0)
(0.8817 -0.0279634 0)
(1.00719 -0.219148 0)
(1.12929 -0.372197 0)
(1.1939 -0.549382 0)
(1.00554 -0.854246 0)
(0.539239 -1.2781 0)
(0.379378 -1.39931 0)
(0.351144 -1.44615 0)
(0.318343 -1.50323 0)
(0.231816 -1.57792 0)
(0.0740056 -1.75379 0)
(0.175865 -1.74603 0)
(0.334119 -1.65171 0)
(0.365878 -1.66044 0)
(0.307398 -1.73521 0)
(0.257304 -1.79235 0)
(0.221675 -1.82683 0)
(0.175573 -1.8514 0)
(0.117159 -1.86242 0)
(0.0583811 -1.85391 0)
(0.010528 -1.82765 0)
(-0.0170794 -1.79299 0)
(-0.0210892 -1.76212 0)
(-0.00826178 -1.74148 0)
(0.616384 -0.21076 0)
(0.510292 -0.21648 0)
(0.590348 -0.271659 0)
(0.471264 -0.517274 0)
(0.721896 -0.630426 0)
(0.823988 -0.496594 0)
(0.656432 -0.144385 0)
(0.375415 0.189799 0)
(-0.00396609 0.590476 0)
(-0.374037 0.94902 0)
(-0.613196 1.15543 0)
(-0.650102 1.1797 0)
(-0.472456 1.1043 0)
(-0.117469 1.00658 0)
(0.342051 0.888615 0)
(0.73566 0.731226 0)
(1.00768 0.489909 0)
(1.12674 0.226209 0)
(1.09203 0.0516104 0)
(1.15801 -0.0935155 0)
(1.27388 -0.201434 0)
(1.39284 -0.315294 0)
(1.34307 -0.510522 0)
(0.952656 -0.938977 0)
(0.49505 -1.32112 0)
(0.406753 -1.40501 0)
(0.388214 -1.45772 0)
(0.346715 -1.52517 0)
(0.22805 -1.65295 0)
(0.118721 -1.85099 0)
(0.270725 -1.7619 0)
(0.398795 -1.67525 0)
(0.380356 -1.72372 0)
(0.310269 -1.81559 0)
(0.256093 -1.87772 0)
(0.196988 -1.91405 0)
(0.119137 -1.92895 0)
(0.0366998 -1.91504 0)
(-0.0302999 -1.87134 0)
(-0.0638866 -1.81004 0)
(-0.0573815 -1.7538 0)
(-0.0213508 -1.72039 0)
(0.715833 -0.136588 0)
(0.545919 -0.169985 0)
(0.664297 -0.253099 0)
(0.633679 -0.352949 0)
(0.695816 -0.33487 0)
(0.598881 -0.24172 0)
(0.336043 0.0488359 0)
(-0.0252365 0.446573 0)
(-0.359784 0.819775 0)
(-0.566961 1.04123 0)
(-0.628941 1.07364 0)
(-0.548066 0.930664 0)
(-0.339286 0.787338 0)
(0.0317522 0.686411 0)
(0.496882 0.595871 0)
(0.915861 0.486538 0)
(1.22884 0.311643 0)
(1.31358 0.161548 0)
(1.23026 0.0987962 0)
(1.25752 0.0205711 0)
(1.36669 -0.0415845 0)
(1.50481 -0.106299 0)
(1.58112 -0.190788 0)
(1.38247 -0.458442 0)
(0.844579 -0.996687 0)
(0.495689 -1.32591 0)
(0.445367 -1.4016 0)
(0.438687 -1.45801 0)
(0.397602 -1.53718 0)
(0.256015 -1.72761 0)
(0.15903 -1.91412 0)
(0.329694 -1.81629 0)
(0.448852 -1.75323 0)
(0.405843 -1.82575 0)
(0.314091 -1.93291 0)
(0.226942 -2.00472 0)
(0.122649 -2.03208 0)
(0.00785638 -2.01045 0)
(-0.0835875 -1.93623 0)
(-0.131006 -1.82601 0)
(-0.115923 -1.72484 0)
(-0.0441599 -1.66923 0)
(0.850528 0.00490284 0)
(0.619814 -0.0507731 0)
(0.685593 -0.179051 0)
(0.67599 -0.166406 0)
(0.642899 -0.158047 0)
(0.407028 -0.0388598 0)
(-0.0128918 0.369407 0)
(-0.384755 0.788172 0)
(-0.573165 1.04528 0)
(-0.58401 1.09715 0)
(-0.485968 0.96802 0)
(-0.344719 0.707973 0)
(-0.151972 0.476281 0)
(0.197621 0.331351 0)
(0.648259 0.241469 0)
(1.05959 0.168263 0)
(1.35398 0.102464 0)
(1.35983 0.11468 0)
(1.26888 0.155025 0)
(1.30412 0.131498 0)
(1.414 0.104867 0)
(1.54715 0.0811663 0)
(1.68212 0.0665193 0)
(1.69853 -0.0188883 0)
(1.38651 -0.3666 0)
(0.794775 -0.975159 0)
(0.522033 -1.29965 0)
(0.492425 -1.37847 0)
(0.498071 -1.42996 0)
(0.474434 -1.51039 0)
(0.371974 -1.72196 0)
(0.249809 -1.96928 0)
(0.374598 -1.94953 0)
(0.464086 -1.94947 0)
(0.412814 -2.04428 0)
(0.28584 -2.15304 0)
(0.136956 -2.20403 0)
(-0.024205 -2.16728 0)
(-0.177433 -2.04506 0)
(-0.262535 -1.86067 0)
(-0.233779 -1.67645 0)
(-0.0906673 -1.56955 0)
(0.984282 0.173253 0)
(0.730613 0.104688 0)
(0.708404 -0.0394238 0)
(0.715327 -0.0557814 0)
(0.581873 -0.111443 0)
(0.0520698 0.306915 0)
(-0.435696 0.791587 0)
(-0.668572 1.12266 0)
(-0.647018 1.24187 0)
(-0.470271 1.15708 0)
(-0.261671 0.928579 0)
(-0.108444 0.649455 0)
(0.0432222 0.366926 0)
(0.353491 0.129009 0)
(0.746008 0.00901869 0)
(1.09732 -0.0222289 0)
(1.29742 0.0212162 0)
(1.26438 0.154843 0)
(1.2374 0.236571 0)
(1.31224 0.240219 0)
(1.42538 0.237549 0)
(1.54965 0.242784 0)
(1.68747 0.26603 0)
(1.80671 0.291352 0)
(1.76612 0.192395 0)
(1.42004 -0.177288 0)
(0.853451 -0.784509 0)
(0.57084 -1.19672 0)
(0.54475 -1.29426 0)
(0.567265 -1.33892 0)
(0.580374 -1.40481 0)
(0.565773 -1.54486 0)
(0.526347 -1.85306 0)
(0.537075 -1.96324 0)
(0.521612 -2.01593 0)
(0.439952 -2.04834 0)
(0.24589 -2.06197 0)
(-0.111954 -2.04678 0)
(-0.434726 -1.96664 0)
(-0.563769 -1.7725 0)
(-0.478465 -1.53901 0)
(-0.171105 -1.37127 0)
(1.07344 0.299072 0)
(0.844321 0.240007 0)
(0.780314 0.100817 0)
(0.788969 -0.0280286 0)
(0.227652 0.141398 0)
(-0.465586 0.676569 0)
(-0.819271 1.0371 0)
(-0.84738 1.26021 0)
(-0.625243 1.32066 0)
(-0.292418 1.19566 0)
(-0.00413381 0.942619 0)
(0.174836 0.647675 0)
(0.312161 0.362399 0)
(0.513043 0.133112 0)
(0.780515 0.0119688 0)
(1.02369 0.0103276 0)
(1.13289 0.121135 0)
(1.13222 0.261537 0)
(1.1883 0.325119 0)
(1.30101 0.337708 0)
(1.41351 0.353252 0)
(1.52455 0.389868 0)
(1.6415 0.449777 0)
(1.76955 0.523325 0)
(1.86232 0.572181 0)
(1.79672 0.47791 0)
(1.49232 0.1457 0)
(1.01588 -0.351088 0)
(0.646139 -0.922434 0)
(0.593217 -1.0902 0)
(0.620299 -1.12141 0)
(0.66544 -1.13802 0)
(0.678593 -1.12826 0)
(0.613689 -1.13922 0)
(0.456418 -1.14975 0)
(0.226241 -1.16654 0)
(-0.0115056 -1.21332 0)
(-0.259388 -1.2177 0)
(-0.551734 -1.12158 0)
(-0.678004 -1.05633 0)
(-0.654068 -0.903752 0)
(-0.284174 -0.941719 0)
(1.10859 0.344186 0)
(0.947542 0.300834 0)
(0.892414 0.181424 0)
(0.781243 0.02652 0)
(-0.270405 0.482886 0)
(-0.844747 0.768113 0)
(-1.05961 0.968994 0)
(-0.962604 1.13686 0)
(-0.594819 1.25181 0)
(-0.129134 1.20661 0)
(0.246005 1.00642 0)
(0.451451 0.743094 0)
(0.558652 0.480915 0)
(0.669146 0.281205 0)
(0.810872 0.188654 0)
(0.93628 0.207668 0)
(1.00293 0.304508 0)
(1.0538 0.380592 0)
(1.15894 0.404005 0)
(1.27804 0.419357 0)
(1.37216 0.463336 0)
(1.45654 0.538026 0)
(1.55142 0.614645 0)
(1.67048 0.685539 0)
(1.79288 0.759257 0)
(1.85081 0.808996 0)
(1.776 0.74909 0)
(1.5398 0.54051 0)
(1.17169 0.180084 0)
(0.795196 -0.19897 0)
(0.630504 -0.563206 0)
(0.615046 -0.693487 0)
(0.61629 -0.610287 0)
(0.61187 -0.525954 0)
(0.553889 -0.419173 0)
(0.442081 -0.30198 0)
(0.312732 -0.205892 0)
(0.0644715 -0.093553 0)
(-0.423181 0.0560573 0)
(-0.44412 -0.0198981 0)
(-0.555545 0.115864 0)
(-0.430122 -0.0917232 0)
(1.13274 0.325806 0)
(1.03967 0.285684 0)
(0.994872 0.212119 0)
(0.363899 0.223074 0)
(-0.591959 0.862089 0)
(-1.01546 0.998718 0)
(-1.17244 1.07869 0)
(-1.09219 1.15142 0)
(-0.647214 1.2626 0)
(-0.0154881 1.31719 0)
(0.470137 1.19081 0)
(0.708092 0.944456 0)
(0.783619 0.695217 0)
(0.81702 0.5135 0)
(0.858008 0.429365 0)
(0.896901 0.426704 0)
(0.952666 0.464712 0)
(1.03639 0.474905 0)
(1.15052 0.468534 0)
(1.23661 0.490176 0)
(1.29277 0.563081 0)
(1.36352 0.63288 0)
(1.48019 0.670196 0)
(1.61611 0.699005 0)
(1.73018 0.740969 0)
(1.79005 0.816154 0)
(1.77674 0.909791 0)
(1.66849 0.950734 0)
(1.46891 0.916318 0)
(1.20509 0.825395 0)
(0.942951 0.694656 0)
(0.694876 0.594907 0)
(0.530337 0.576607 0)
(0.456428 0.481864 0)
(0.338493 0.552791 0)
(0.151164 0.719124 0)
(-0.0256042 0.850201 0)
(-0.380506 1.14904 0)
(-0.679832 1.39406 0)
(-0.796754 1.31977 0)
(-0.614674 1.32432 0)
(-0.144426 0.778432 0)
(1.15982 0.332337 0)
(1.08707 0.318034 0)
(0.951522 0.426236 0)
(-0.0829595 1.13055 0)
(-0.824075 1.76461 0)
(-1.07569 1.82469 0)
(-1.1075 1.80368 0)
(-1.07982 1.72394 0)
(-0.742321 1.65407 0)
(-0.00252681 1.63096 0)
(0.666931 1.49358 0)
(0.969211 1.22418 0)
(1.0073 0.953045 0)
(0.963991 0.753021 0)
(0.921574 0.637738 0)
(0.908736 0.589116 0)
(0.95886 0.567847 0)
(1.05688 0.538523 0)
(1.14809 0.513681 0)
(1.18351 0.546256 0)
(1.22153 0.591967 0)
(1.34035 0.584211 0)
(1.4944 0.541892 0)
(1.62105 0.508478 0)
(1.69602 0.516834 0)
(1.70561 0.575709 0)
(1.6549 0.688472 0)
(1.54444 0.831409 0)
(1.37524 0.978537 0)
(1.17867 1.11815 0)
(0.971998 1.25277 0)
(0.764152 1.39728 0)
(0.593934 1.56778 0)
(0.433849 1.76858 0)
(0.218082 1.99572 0)
(-0.0116284 2.21441 0)
(-0.236784 2.39622 0)
(-0.461468 2.51321 0)
(-0.581324 2.50477 0)
(-0.505385 2.35181 0)
(-0.27543 2.29874 0)
(0.131034 1.83816 0)
(1.11468 0.648222 0)
(0.929695 0.815865 0)
(0.289804 1.45903 0)
(-0.525613 2.25429 0)
(-0.98056 2.66027 0)
(-1.05184 2.67541 0)
(-1.00842 2.59147 0)
(-0.913117 2.48249 0)
(-0.562863 2.2795 0)
(0.176272 2.06781 0)
(0.932792 1.77848 0)
(1.25501 1.4778 0)
(1.2532 1.19242 0)
(1.14164 0.963592 0)
(1.02463 0.795306 0)
(0.9673 0.693089 0)
(1.00244 0.626421 0)
(1.09693 0.57331 0)
(1.15191 0.534242 0)
(1.1577 0.549105 0)
(1.24171 0.505496 0)
(1.42347 0.393915 0)
(1.57583 0.276348 0)
(1.66334 0.182887 0)
(1.68416 0.138482 0)
(1.63319 0.158892 0)
(1.52222 0.244275 0)
(1.35754 0.386524 0)
(1.1435 0.568355 0)
(0.910168 0.786423 0)
(0.681545 1.02541 0)
(0.471329 1.27856 0)
(0.290861 1.5428 0)
(0.122681 1.81319 0)
(-0.0518329 2.06592 0)
(-0.218419 2.26946 0)
(-0.361443 2.41333 0)
(-0.476856 2.47618 0)
(-0.527766 2.46479 0)
(-0.473378 2.38302 0)
(-0.284899 2.41041 0)
(0.194731 2.44935 0)
(0.793874 1.02719 0)
(0.377688 1.49212 0)
(-0.54681 2.19829 0)
(-1.02147 2.56025 0)
(-1.09195 2.58359 0)
(-1.08103 2.48955 0)
(-1.11054 2.5382 0)
(-0.988253 2.51843 0)
(-0.652504 2.41975 0)
(0.215707 2.11122 0)
(1.08686 1.75889 0)
(1.49894 1.48926 0)
(1.49168 1.28522 0)
(1.34567 1.09175 0)
(1.18196 0.903702 0)
(1.07297 0.75722 0)
(1.07573 0.657998 0)
(1.1528 0.585628 0)
(1.18331 0.533011 0)
(1.1983 0.491781 0)
(1.36649 0.363344 0)
(1.58213 0.183185 0)
(1.7054 0.00612219 0)
(1.75 -0.14404 0)
(1.71165 -0.231146 0)
(1.58129 -0.24147 0)
(1.4 -0.167175 0)
(1.19124 -0.0300651 0)
(0.920521 0.158128 0)
(0.649281 0.398976 0)
(0.400713 0.675588 0)
(0.180538 0.970682 0)
(-0.00868514 1.2683 0)
(-0.162617 1.55409 0)
(-0.287997 1.81956 0)
(-0.385838 2.04161 0)
(-0.454627 2.20508 0)
(-0.492538 2.3014 0)
(-0.484051 2.34433 0)
(-0.417462 2.34517 0)
(-0.344316 2.32801 0)
(0.0792672 2.53931 0)
(0.525637 1.47797 0)
(-0.290664 1.60974 0)
(-0.783251 1.69779 0)
(-1.0203 1.82245 0)
(-1.14693 1.97203 0)
(-1.19676 2.03459 0)
(-1.13105 1.98531 0)
(-0.828545 1.90426 0)
(-0.0689134 1.67638 0)
(0.760494 1.4579 0)
(1.46162 1.18605 0)
(1.70501 1.11425 0)
(1.64706 1.12204 0)
(1.50835 1.06138 0)
(1.35018 0.932436 0)
(1.20736 0.78811 0)
(1.17182 0.677291 0)
(1.22468 0.593478 0)
(1.25198 0.527037 0)
(1.30521 0.444947 0)
(1.54324 0.271549 0)
(1.77465 0.0807698 0)
(1.87263 -0.110906 0)
(1.87592 -0.272402 0)
(1.75504 -0.377253 0)
(1.51858 -0.380698 0)
(1.26073 -0.291399 0)
(0.982936 -0.135186 0)
(0.649888 0.102178 0)
(0.336023 0.37662 0)
(0.0691606 0.671737 0)
(-0.136204 0.979624 0)
(-0.309396 1.2905 0)
(-0.442915 1.58105 0)
(-0.530799 1.83424 0)
(-0.578843 2.04243 0)
(-0.593632 2.20337 0)
(-0.580746 2.3193 0)
(-0.539963 2.40061 0)
(-0.44415 2.47605 0)
(-0.410183 2.48472 0)
(-0.0934578 2.64848 0)
(-0.0352864 0.31172 0)
(-0.779855 0.874965 0)
(-1.09969 1.28452 0)
(-1.21709 1.50493 0)
(-1.17278 1.46069 0)
(-0.984579 1.09182 0)
(-0.884038 0.714188 0)
(-0.676523 0.742898 0)
(0.179169 0.9849 0)
(0.979922 0.721169 0)
(1.51667 0.549416 0)
(1.64772 0.668075 0)
(1.61226 0.808371 0)
(1.56128 0.879466 0)
(1.45804 0.864223 0)
(1.32697 0.783777 0)
(1.26833 0.692037 0)
(1.30107 0.613531 0)
(1.33766 0.542322 0)
(1.42885 0.457201 0)
(1.70958 0.305218 0)
(1.94882 0.146496 0)
(2.02731 -0.00341477 0)
(1.99489 -0.121513 0)
(1.80647 -0.193914 0)
(1.49352 -0.165949 0)
(1.14387 -0.0441495 0)
(0.784585 0.14508 0)
(0.436626 0.39824 0)
(0.102386 0.66885 0)
(-0.194343 0.935438 0)
(-0.423441 1.20293 0)
(-0.584098 1.46676 0)
(-0.686987 1.70875 0)
(-0.734757 1.91227 0)
(-0.74172 2.07987 0)
(-0.721252 2.22016 0)
(-0.680427 2.34449 0)
(-0.629348 2.45778 0)
(-0.526799 2.57882 0)
(-0.474108 2.66372 0)
(-0.203 2.81514 0)
(-0.776831 0.558184 0)
(-1.16343 0.975268 0)
(-1.21105 1.07831 0)
(-1.06513 0.852922 0)
(-0.769768 0.423841 0)
(-0.662654 0.366422 0)
(-0.900333 0.57223 0)
(-0.648613 0.440566 0)
(0.145211 0.304137 0)
(1.02275 0.202891 0)
(1.43222 0.234772 0)
(1.48358 0.384625 0)
(1.46753 0.510888 0)
(1.46998 0.617589 0)
(1.46244 0.704064 0)
(1.38651 0.728374 0)
(1.33892 0.697133 0)
(1.36726 0.649952 0)
(1.41618 0.594891 0)
(1.52488 0.527828 0)
(1.82246 0.448097 0)
(2.07293 0.364565 0)
(2.13273 0.286715 0)
(2.05722 0.233763 0)
(1.82778 0.223674 0)
(1.46442 0.290956 0)
(1.04631 0.427503 0)
(0.617318 0.616735 0)
(0.209028 0.833601 0)
(-0.139294 1.04653 0)
(-0.427375 1.25879 0)
(-0.644464 1.46521 0)
(-0.790517 1.661 0)
(-0.863958 1.83052 0)
(-0.882337 1.97423 0)
(-0.868327 2.10277 0)
(-0.840457 2.23301 0)
(-0.801064 2.38107 0)
(-0.752799 2.54426 0)
(-0.650307 2.70577 0)
(-0.582123 2.83617 0)
(-0.301451 2.96779 0)
(-0.981031 0.654456 0)
(-1.06289 0.697355 0)
(-0.921431 0.410553 0)
(-0.667449 0.193209 0)
(-0.655192 0.332504 0)
(-0.897289 0.44632 0)
(-0.839924 0.193272 0)
(-0.427525 -0.0422983 0)
(0.250655 -0.0715327 0)
(0.942976 0.0203952 0)
(1.30145 0.21946 0)
(1.38034 0.339312 0)
(1.38075 0.392675 0)
(1.35948 0.445709 0)
(1.33404 0.529433 0)
(1.3407 0.620251 0)
(1.34871 0.678735 0)
(1.39965 0.696912 0)
(1.46978 0.689173 0)
(1.57417 0.658336 0)
(1.84101 0.657907 0)
(2.10046 0.690593 0)
(2.17221 0.723464 0)
(2.0613 0.753328 0)
(1.78537 0.806996 0)
(1.37033 0.908671 0)
(0.892516 1.03997 0)
(0.429633 1.17358 0)
(0.0270308 1.30052 0)
(-0.311722 1.4259 0)
(-0.599521 1.55905 0)
(-0.812985 1.68846 0)
(-0.936154 1.80267 0)
(-0.98756 1.90128 0)
(-0.996625 1.99531 0)
(-0.992366 2.10151 0)
(-0.994401 2.24512 0)
(-0.986381 2.43682 0)
(-0.944785 2.65003 0)
(-0.820015 2.83094 0)
(-0.707122 2.96275 0)
(-0.365525 3.00802 0)
(-0.954998 0.31478 0)
(-0.958102 0.294335 0)
(-0.82422 0.284305 0)
(-0.803579 0.325335 0)
(-0.84833 0.234485 0)
(-0.717996 0.0370003 0)
(-0.562579 -0.0840462 0)
(-0.348653 -0.143266 0)
(0.0944523 -0.0791179 0)
(0.652576 0.115684 0)
(1.06335 0.365087 0)
(1.30057 0.531803 0)
(1.37559 0.558565 0)
(1.34471 0.537759 0)
(1.26112 0.538311 0)
(1.21466 0.585572 0)
(1.26434 0.66284 0)
(1.35598 0.742872 0)
(1.46111 0.801177 0)
(1.56742 0.828623 0)
(1.76346 0.882491 0)
(1.98653 1.00282 0)
(2.07495 1.15058 0)
(1.97466 1.2804 0)
(1.68916 1.3975 0)
(1.26107 1.51144 0)
(0.782239 1.59885 0)
(0.341241 1.64354 0)
(-0.0465549 1.67532 0)
(-0.406356 1.72723 0)
(-0.702676 1.78138 0)
(-0.901077 1.82352 0)
(-1.0079 1.85859 0)
(-1.06085 1.90321 0)
(-1.08985 1.96633 0)
(-1.13467 2.06704 0)
(-1.20698 2.23789 0)
(-1.24218 2.46888 0)
(-1.1803 2.69205 0)
(-0.985977 2.8292 0)
(-0.781713 2.89281 0)
(-0.328982 2.76984 0)
(-0.886306 0.283101 0)
(-0.883708 0.233935 0)
(-0.799289 0.195948 0)
(-0.698424 0.0488072 0)
(-0.601244 -0.111647 0)
(-0.59511 -0.162882 0)
(-0.560015 -0.177775 0)
(-0.409485 -0.118863 0)
(-0.0921235 0.0160334 0)
(0.348945 0.244318 0)
(0.777077 0.496569 0)
(1.14962 0.705078 0)
(1.36597 0.805224 0)
(1.39583 0.801725 0)
(1.30012 0.753752 0)
(1.18657 0.7235 0)
(1.16999 0.738035 0)
(1.25416 0.81117 0)
(1.37716 0.904273 0)
(1.49674 0.987044 0)
(1.63722 1.07825 0)
(1.79125 1.22568 0)
(1.86633 1.42055 0)
(1.79096 1.61113 0)
(1.54283 1.7651 0)
(1.16732 1.86691 0)
(0.750868 1.90231 0)
(0.341908 1.88922 0)
(-0.0589178 1.87779 0)
(-0.425324 1.86755 0)
(-0.711716 1.83504 0)
(-0.898188 1.80121 0)
(-1.02061 1.79734 0)
(-1.10374 1.82544 0)
(-1.17258 1.87436 0)
(-1.29633 1.96866 0)
(-1.45477 2.14979 0)
(-1.49899 2.37549 0)
(-1.35385 2.53403 0)
(-1.04009 2.55212 0)
(-0.713459 2.48471 0)
(-0.144485 2.16594 0)
(-0.794422 0.19857 0)
(-0.774157 0.097534 0)
(-0.649279 0.0279471 0)
(-0.544374 -0.146907 0)
(-0.566564 -0.162958 0)
(-0.583221 -0.161298 0)
(-0.582685 -0.163911 0)
(-0.536564 -0.109628 0)
(-0.287679 5.56032e-05 0)
(0.0938263 0.218104 0)
(0.513649 0.472452 0)
(0.935151 0.718905 0)
(1.26101 0.903232 0)
(1.401 0.987778 0)
(1.36252 0.989616 0)
(1.24022 0.947702 0)
(1.15547 0.915297 0)
(1.17267 0.937502 0)
(1.26577 1.0137 0)
(1.37946 1.1143 0)
(1.49104 1.23001 0)
(1.59011 1.37908 0)
(1.63638 1.56831 0)
(1.57896 1.76366 0)
(1.39374 1.91784 0)
(1.09861 1.99809 0)
(0.749524 2.00862 0)
(0.3691 1.98387 0)
(-0.0210484 1.92796 0)
(-0.361895 1.81641 0)
(-0.63128 1.69503 0)
(-0.857062 1.64258 0)
(-1.03333 1.65855 0)
(-1.14376 1.69137 0)
(-1.24001 1.71975 0)
(-1.45522 1.78116 0)
(-1.68534 1.93455 0)
(-1.6684 2.10009 0)
(-1.3709 2.12714 0)
(-0.90385 1.97903 0)
(-0.439106 1.73929 0)
(0.162559 1.26713 0)
(-0.671864 0.112534 0)
(-0.658318 0.0259408 0)
(-0.472771 -0.0839822 0)
(-0.515473 -0.200251 0)
(-0.581977 -0.168649 0)
(-0.588132 -0.0523149 0)
(-0.614553 0.0338206 0)
(-0.583299 0.069115 0)
(-0.434359 0.0479181 0)
(-0.141911 0.136878 0)
(0.254812 0.334035 0)
(0.684312 0.57219 0)
(1.05996 0.800395 0)
(1.2923 0.973696 0)
(1.34819 1.06895 0)
(1.27709 1.09274 0)
(1.18085 1.08239 0)
(1.14428 1.08494 0)
(1.18256 1.12821 0)
(1.25897 1.21383 0)
(1.33989 1.33221 0)
(1.40564 1.47847 0)
(1.43251 1.64896 0)
(1.39401 1.82132 0)
(1.27227 1.9572 0)
(1.06179 2.02342 0)
(0.772993 2.02201 0)
(0.436917 1.95619 0)
(0.115972 1.78887 0)
(-0.17576 1.56002 0)
(-0.516725 1.41774 0)
(-0.855337 1.41948 0)
(-1.07926 1.48283 0)
(-1.17039 1.51249 0)
(-1.26356 1.50612 0)
(-1.58259 1.49913 0)
(-1.85628 1.58803 0)
(-1.70593 1.65686 0)
(-1.21567 1.5122 0)
(-0.570032 1.17879 0)
(-0.050085 0.736702 0)
(0.690208 0.206269 0)
(-0.572494 0.0291997 0)
(-0.554622 -0.00507915 0)
(-0.237409 -0.119858 0)
(-0.450732 -0.1969 0)
(-0.734759 -0.180624 0)
(-0.834708 -0.0615027 0)
(-0.740642 0.109715 0)
(-0.544463 0.242341 0)
(-0.379773 0.229788 0)
(-0.215865 0.159811 0)
(0.0800828 0.209457 0)
(0.456208 0.368997 0)
(0.824698 0.577936 0)
(1.09671 0.787067 0)
(1.22309 0.95701 0)
(1.22442 1.0676 0)
(1.16784 1.12252 0)
(1.12436 1.1531 0)
(1.12385 1.1986 0)
(1.15491 1.27808 0)
(1.19743 1.39127 0)
(1.23594 1.52979 0)
(1.2551 1.68171 0)
(1.23958 1.82642 0)
(1.17281 1.93577 0)
(1.03484 1.98848 0)
(0.82844 1.96165 0)
(0.615904 1.79989 0)
(0.411706 1.50795 0)
(0.0370515 1.2538 0)
(-0.495766 1.18805 0)
(-0.930618 1.24232 0)
(-1.13578 1.31104 0)
(-1.15276 1.31828 0)
(-1.21339 1.26811 0)
(-1.64331 1.15023 0)
(-1.92249 1.12254 0)
(-1.57427 1.07173 0)
(-0.852698 0.719964 0)
(-0.0144895 0.169868 0)
(0.819919 -0.45944 0)
(0.729309 -0.615472 0)
(-0.513335 -0.0271046 0)
(-0.47727 -0.0237425 0)
(-0.308111 -0.0272487 0)
(-0.314133 -0.0418792 0)
(-0.765679 0.0867033 0)
(-0.999336 0.043361 0)
(-0.976975 0.110567 0)
(-0.707307 0.254723 0)
(-0.370735 0.375909 0)
(-0.138571 0.333617 0)
(0.0419816 0.23697 0)
(0.310349 0.257672 0)
(0.618103 0.385392 0)
(0.877866 0.562748 0)
(1.0349 0.746766 0)
(1.09207 0.904444 0)
(1.08517 1.02099 0)
(1.05973 1.11065 0)
(1.04438 1.19838 0)
(1.04585 1.30109 0)
(1.06004 1.42229 0)
(1.08101 1.55651 0)
(1.10191 1.6929 0)
(1.11238 1.81616 0)
(1.09265 1.90833 0)
(1.03106 1.94182 0)
(0.972734 1.85852 0)
(0.918034 1.61003 0)
(0.658318 1.30558 0)
(0.124742 1.16655 0)
(-0.522784 1.15033 0)
(-1.00329 1.18888 0)
(-1.151 1.22158 0)
(-1.06111 1.17576 0)
(-1.04954 1.06132 0)
(-1.55813 0.780418 0)
(-1.79354 0.55265 0)
(-1.14533 0.365184 0)
(-0.0881859 -0.254943 0)
(0.834786 -0.90546 0)
(1.04602 -1.15896 0)
(0.369076 -0.944326 0)
(-0.474764 0.0137323 0)
(-0.483628 0.0411825 0)
(-0.54002 0.164735 0)
(-0.633006 0.39975 0)
(-0.797317 0.592861 0)
(-0.882202 0.551455 0)
(-0.94447 0.45113 0)
(-0.804346 0.387072 0)
(-0.46561 0.43829 0)
(-0.0885381 0.478272 0)
(0.133483 0.38768 0)
(0.290761 0.297949 0)
(0.491007 0.316557 0)
(0.694139 0.423864 0)
(0.841873 0.574993 0)
(0.919297 0.734901 0)
(0.939533 0.885383 0)
(0.929338 1.02578 0)
(0.913588 1.16298 0)
(0.906706 1.30237 0)
(0.913656 1.44412 0)
(0.934508 1.58448 0)
(0.965982 1.71727 0)
(1.00036 1.8342 0)
(1.03489 1.91908 0)
(1.08864 1.92774 0)
(1.17635 1.80897 0)
(1.17222 1.59118 0)
(0.849892 1.41898 0)
(0.231216 1.36095 0)
(-0.514904 1.3334 0)
(-1.02294 1.31311 0)
(-1.1025 1.26926 0)
(-0.883707 1.14755 0)
(-0.736986 0.944573 0)
(-1.24121 0.474687 0)
(-1.39739 -0.0255232 0)
(-0.399306 -0.344326 0)
(0.673304 -1.02447 0)
(1.17617 -1.41537 0)
(0.824476 -1.32903 0)
(0.126869 -1.06417 0)
(-0.475735 0.25215 0)
(-0.540915 0.363893 0)
(-0.672173 0.558461 0)
(-0.890086 0.897383 0)
(-1.05839 1.23679 0)
(-0.821989 1.23922 0)
(-0.648145 1.10357 0)
(-0.603228 0.824578 0)
(-0.436679 0.588595 0)
(-0.0800909 0.55341 0)
(0.225253 0.503113 0)
(0.369206 0.399851 0)
(0.467448 0.351638 0)
(0.581566 0.392044 0)
(0.682238 0.496348 0)
(0.741754 0.63755 0)
(0.759134 0.797754 0)
(0.750936 0.966365 0)
(0.737769 1.1374 0)
(0.734667 1.30708 0)
(0.748328 1.47254 0)
(0.779755 1.63031 0)
(0.827771 1.77514 0)
(0.893543 1.89725 0)
(0.996291 1.97824 0)
(1.15703 1.98582 0)
(1.32649 1.91176 0)
(1.32229 1.80942 0)
(0.97365 1.7633 0)
(0.308876 1.76179 0)
(-0.455204 1.72662 0)
(-0.943954 1.62255 0)
(-0.962142 1.45974 0)
(-0.62735 1.24117 0)
(-0.295039 0.961968 0)
(-0.679743 0.352798 0)
(-0.837622 -0.417123 0)
(0.172382 -0.684874 0)
(1.06098 -1.22118 0)
(1.18777 -1.42044 0)
(0.575984 -1.24977 0)
(0.044801 -1.16618 0)
(-0.695395 0.678894 0)
(-0.768584 0.934281 0)
(-0.948109 1.21085 0)
(-1.1411 1.52122 0)
(-1.29663 1.81774 0)
(-0.897297 1.7989 0)
(-0.43045 1.56597 0)
(-0.14935 1.21885 0)
(-0.136389 0.740412 0)
(0.0329701 0.534049 0)
(0.301101 0.487072 0)
(0.447882 0.420339 0)
(0.495374 0.37306 0)
(0.530345 0.389306 0)
(0.564264 0.46839 0)
(0.578887 0.596771 0)
(0.570637 0.759333 0)
(0.551298 0.941719 0)
(0.536379 1.13264 0)
(0.536822 1.32516 0)
(0.557669 1.51503 0)
(0.602503 1.69659 0)
(0.676054 1.86161 0)
(0.7858 1.99813 0)
(0.950901 2.09208 0)
(1.17427 2.13653 0)
(1.3739 2.1496 0)
(1.36257 2.16566 0)
(1.01223 2.22069 0)
(0.364354 2.27615 0)
(-0.339391 2.23188 0)
(-0.747701 2.03803 0)
(-0.699065 1.74688 0)
(-0.28688 1.40863 0)
(0.220447 1.09065 0)
(0.0414161 0.470208 0)
(-0.279191 -0.460154 0)
(0.589547 -0.627171 0)
(1.32474 -0.898829 0)
(1.20203 -1.09976 0)
(0.48429 -1.09907 0)
(0.0264944 -1.20929 0)
(-1.17141 1.1357 0)
(-1.18961 1.61218 0)
(-1.3459 2.02096 0)
(-1.517 2.29382 0)
(-1.36142 2.18152 0)
(-0.720677 1.85985 0)
(-0.216088 1.48431 0)
(0.245896 1.02343 0)
(0.284689 0.613888 0)
(0.226058 0.396319 0)
(0.370038 0.333876 0)
(0.486417 0.300803 0)
(0.504897 0.289965 0)
(0.486144 0.326339 0)
(0.458001 0.415571 0)
(0.420254 0.553392 0)
(0.376786 0.728391 0)
(0.338491 0.926806 0)
(0.315089 1.13772 0)
(0.312971 1.35424 0)
(0.337943 1.56977 0)
(0.39637 1.77634 0)
(0.496013 1.96599 0)
(0.642059 2.1321 0)
(0.842576 2.26718 0)
(1.08296 2.36994 0)
(1.27438 2.45887 0)
(1.25102 2.56289 0)
(0.914804 2.68844 0)
(0.360982 2.77185 0)
(-0.168791 2.70066 0)
(-0.450904 2.43759 0)
(-0.32347 2.04844 0)
(0.123215 1.63013 0)
(0.704187 1.25966 0)
(0.82739 0.799387 0)
(0.304488 -0.0839582 0)
(0.619295 -0.514508 0)
(1.45552 -0.397135 0)
(1.46197 -0.476074 0)
(0.802583 -0.626687 0)
(0.167871 -1.00395 0)
(-1.51713 1.41758 0)
(-1.54675 1.84137 0)
(-1.67564 2.02308 0)
(-1.48914 1.88205 0)
(-0.960397 1.5172 0)
(-0.116163 1.17103 0)
(0.353171 0.850596 0)
(0.63421 0.414645 0)
(0.580994 0.181491 0)
(0.397213 0.111267 0)
(0.437681 0.0618101 0)
(0.491076 0.0578953 0)
(0.468533 0.0971741 0)
(0.403094 0.179488 0)
(0.321185 0.307665 0)
(0.235726 0.478021 0)
(0.158541 0.680693 0)
(0.100507 0.904941 0)
(0.0682915 1.14145 0)
(0.0692998 1.38252 0)
(0.111037 1.62253 0)
(0.191074 1.85723 0)
(0.317647 2.08047 0)
(0.498602 2.28769 0)
(0.734247 2.47719 0)
(0.98816 2.65046 0)
(1.15142 2.8209 0)
(1.09408 3.00096 0)
(0.796705 3.15652 0)
(0.385699 3.19128 0)
(0.0373138 3.01866 0)
(-0.0813331 2.66521 0)
(0.137871 2.20965 0)
(0.599165 1.73015 0)
(1.14219 1.35703 0)
(1.43811 1.07193 0)
(1.14161 0.558891 0)
(0.811861 -0.0550461 0)
(1.1779 -0.0757577 0)
(1.46426 0.106227 0)
(1.17143 0.107712 0)
(0.70264 -0.280535 0)
(-1.97886 1.58916 0)
(-1.78461 1.48455 0)
(-1.53856 1.02121 0)
(-1.0244 0.581878 0)
(-0.502934 0.196062 0)
(0.235536 0.140732 0)
(0.667548 -0.19533 0)
(0.840698 -0.346981 0)
(0.631069 -0.26965 0)
(0.476385 -0.275691 0)
(0.468097 -0.274724 0)
(0.445757 -0.232153 0)
(0.370144 -0.137957 0)
(0.255978 -0.00194471 0)
(0.127589 0.17359 0)
(0.00504465 0.381652 0)
(-0.0949865 0.61791 0)
(-0.166774 0.873603 0)
(-0.219974 1.13766 0)
(-0.251056 1.407 0)
(-0.228741 1.67306 0)
(-0.169061 1.93863 0)
(-0.0715552 2.20415 0)
(0.115899 2.45621 0)
(0.389312 2.70536 0)
(0.7127 2.93516 0)
(0.953228 3.16222 0)
(1.00148 3.39213 0)
(0.797386 3.54046 0)
(0.521071 3.43847 0)
(0.350007 3.0508 0)
(0.409845 2.46118 0)
(0.694576 1.89374 0)
(1.07021 1.47257 0)
(1.44733 1.22125 0)
(1.71023 1.12653 0)
(1.64096 0.98181 0)
(1.31332 0.638724 0)
(1.12777 0.398233 0)
(1.16687 0.537824 0)
(1.0928 0.644149 0)
(0.854525 0.846169 0)
(-1.84547 1.13493 0)
(-1.09475 0.264552 0)
(-0.762224 -0.621666 0)
(-0.315466 -0.83394 0)
(0.137489 -1.00098 0)
(0.4599 -1.05619 0)
(0.699986 -1.06129 0)
(0.69303 -0.848498 0)
(0.539625 -0.673838 0)
(0.475566 -0.633036 0)
(0.419218 -0.578398 0)
(0.330585 -0.483224 0)
(0.207276 -0.343391 0)
(0.0592269 -0.174937 0)
(-0.104823 0.0259527 0)
(-0.277483 0.260208 0)
(-0.433462 0.508587 0)
(-0.51582 0.721467 0)
(-0.555246 0.888809 0)
(-0.588766 1.01418 0)
(-0.486251 0.991773 0)
(-0.327464 1.08941 0)
(-0.163024 0.848404 0)
(-0.0467104 0.834283 0)
(0.108518 0.98567 0)
(0.289097 1.2484 0)
(0.372782 1.52583 0)
(0.441591 1.72339 0)
(0.609058 1.90823 0)
(0.799022 1.85509 0)
(0.944621 1.56324 0)
(1.0803 1.25801 0)
(1.24004 1.06636 0)
(1.41089 0.964887 0)
(1.58499 0.958047 0)
(1.7402 1.07743 0)
(1.77196 1.2083 0)
(1.60366 1.19228 0)
(1.32784 1.06891 0)
(1.09077 1.1182 0)
(0.871437 1.23766 0)
(0.573862 1.58952 0)
(-0.98719 -0.0453597 0)
(-0.340892 -0.931786 0)
(-0.39577 -1.48633 0)
(-0.329239 -1.63253 0)
(-0.109814 -1.6595 0)
(0.194528 -1.51342 0)
(0.378 -1.24871 0)
(0.462401 -1.00705 0)
(0.492524 -0.911094 0)
(0.446254 -0.869822 0)
(0.328201 -0.803987 0)
(0.17908 -0.681858 0)
(0.0208987 -0.530028 0)
(-0.158511 -0.369025 0)
(-0.374393 -0.197251 0)
(-0.600013 -0.0358582 0)
(-0.691352 0.014737 0)
(-0.559058 -0.0957138 0)
(-0.34526 -0.238522 0)
(-0.158578 -0.721826 0)
(-0.0234099 -1.17472 0)
(-0.00966227 -1.28399 0)
(-0.0190368 -1.31593 0)
(-0.000417355 -1.2843 0)
(0.0780271 -1.16498 0)
(0.25949 -0.803789 0)
(0.40572 -0.441974 0)
(0.585244 -0.278311 0)
(0.819257 -0.199439 0)
(1.00331 -0.169407 0)
(1.08986 -0.0794069 0)
(1.10942 0.0420582 0)
(1.14352 0.209663 0)
(1.2605 0.431952 0)
(1.35058 0.667565 0)
(1.4255 0.91995 0)
(1.52592 1.17941 0)
(1.51686 1.36548 0)
(1.32866 1.4408 0)
(1.02471 1.49522 0)
(0.732641 1.53052 0)
(0.478619 1.62931 0)
(-0.864281 -1.01133 0)
(-0.0132327 -1.12252 0)
(-0.141519 -1.64801 0)
(-0.186824 -1.74513 0)
(-0.200818 -1.64926 0)
(-0.213302 -1.39953 0)
(-0.0552349 -1.14029 0)
(0.211635 -0.988745 0)
(0.377674 -0.96735 0)
(0.371792 -0.986898 0)
(0.235358 -0.942093 0)
(0.0425565 -0.820663 0)
(-0.158888 -0.707568 0)
(-0.339029 -0.677586 0)
(-0.45719 -0.754065 0)
(-0.390064 -0.99297 0)
(-0.139715 -1.4801 0)
(0.00570359 -1.89757 0)
(0.011652 -2.04492 0)
(-0.0383522 -2.07903 0)
(-0.098523 -2.08493 0)
(-0.131331 -2.08843 0)
(-0.163711 -2.06654 0)
(-0.289874 -1.9269 0)
(-0.443914 -1.82261 0)
(-0.221684 -1.78223 0)
(0.199564 -1.72466 0)
(0.45875 -1.6232 0)
(0.582818 -1.47014 0)
(0.662884 -1.24755 0)
(0.698108 -0.988355 0)
(0.715721 -0.724063 0)
(0.751175 -0.461377 0)
(0.832483 -0.186216 0)
(0.938737 0.113398 0)
(1.0397 0.362325 0)
(1.24296 0.706781 0)
(1.29576 0.936355 0)
(1.15375 1.04928 0)
(0.925647 1.12567 0)
(0.736587 1.18056 0)
(0.446756 1.31402 0)
(-0.934808 -1.98313 0)
(0.0621945 -1.39848 0)
(0.121792 -1.55066 0)
(-0.116615 -1.79412 0)
(-0.30235 -1.88346 0)
(-0.432341 -2.04881 0)
(-0.205511 -2.10381 0)
(0.238572 -1.96839 0)
(0.515408 -1.75401 0)
(0.367597 -1.5976 0)
(0.0330146 -1.44433 0)
(-0.112701 -1.40648 0)
(-0.0294635 -1.50752 0)
(0.058463 -1.68724 0)
(0.0971122 -1.94081 0)
(0.0829734 -2.2212 0)
(0.0427683 -2.32884 0)
(-0.0127498 -2.33446 0)
(-0.0551269 -2.31297 0)
(-0.065417 -2.29835 0)
(0.00430096 -2.35344 0)
(-0.00195721 -2.35923 0)
(-0.136851 -2.3875 0)
(-0.244366 -2.45672 0)
(-0.219818 -2.53126 0)
(-0.0730907 -2.49787 0)
(0.102704 -2.35878 0)
(0.246681 -2.19096 0)
(0.334745 -2.01208 0)
(0.389717 -1.80425 0)
(0.440088 -1.5731 0)
(0.485513 -1.35427 0)
(0.55374 -1.12869 0)
(0.652964 -0.907109 0)
(0.771827 -0.693868 0)
(0.892712 -0.462259 0)
(1.0404 -0.185277 0)
(1.07511 0.0757755 0)
(0.97796 0.31469 0)
(0.81219 0.554802 0)
(0.597235 0.757484 0)
(0.257071 0.984792 0)
(-0.59229 -2.70665 0)
(-0.140198 -2.73412 0)
(-0.0255173 -2.58564 0)
(0.0167662 -2.60943 0)
(0.0181149 -2.65378 0)
(0.0118043 -2.84453 0)
(-0.0166763 -3.09774 0)
(-0.0443036 -3.13134 0)
(0.0105778 -2.83586 0)
(0.0852835 -2.54631 0)
(0.09211 -2.52833 0)
(0.0372691 -2.62583 0)
(0.00172726 -2.65607 0)
(-0.00350159 -2.63591 0)
(0.00109004 -2.57227 0)
(0.00296084 -2.51387 0)
(-0.000447529 -2.47919 0)
(-0.00574067 -2.46738 0)
(-0.0162302 -2.49627 0)
(-0.0297196 -2.57102 0)
(-0.011442 -2.60545 0)
(0.00734463 -2.54496 0)
(-0.0712961 -2.60263 0)
(-0.202237 -2.72972 0)
(-0.27021 -2.84514 0)
(-0.227411 -2.8847 0)
(-0.103614 -2.82701 0)
(0.0326496 -2.69785 0)
(0.124103 -2.57199 0)
(0.172966 -2.44739 0)
(0.211124 -2.29503 0)
(0.253834 -2.12425 0)
(0.313758 -1.93722 0)
(0.398115 -1.72436 0)
(0.494974 -1.47952 0)
(0.594769 -1.18886 0)
(0.685921 -0.847689 0)
(0.707495 -0.472869 0)
(0.628812 -0.0964397 0)
(0.479052 0.238395 0)
(0.302707 0.505982 0)
(0.113743 0.699466 0)
(-0.0563343 -2.04748 0)
(0.0167054 -2.21401 0)
(0.0219919 -2.30106 0)
(0.0207628 -2.29165 0)
(0.0109986 -2.28615 0)
(-0.00158869 -2.27524 0)
(-0.0131242 -2.27072 0)
(-0.0177693 -2.28282 0)
(-0.00347448 -2.36908 0)
(0.0118202 -2.31781 0)
(0.0140682 -2.23691 0)
(0.0152631 -2.1886 0)
(0.0169949 -2.17486 0)
(0.020108 -2.17175 0)
(0.0239781 -2.16521 0)
(0.0275997 -2.15445 0)
(0.0314879 -2.14396 0)
(0.0382872 -2.13317 0)
(0.0445265 -2.11182 0)
(0.0424741 -2.09416 0)
(0.0325272 -2.14332 0)
(0.0232612 -2.13816 0)
(0.00441247 -2.11753 0)
(-0.0604592 -2.16908 0)
(-0.132271 -2.31214 0)
(-0.144955 -2.49317 0)
(-0.0908844 -2.63387 0)
(-0.0156691 -2.67958 0)
(0.0377213 -2.6241 0)
(0.0605035 -2.52483 0)
(0.069321 -2.4094 0)
(0.0762937 -2.27661 0)
(0.0875847 -2.118 0)
(0.107074 -1.91754 0)
(0.134509 -1.66076 0)
(0.167797 -1.34021 0)
(0.198948 -0.962297 0)
(0.205714 -0.558507 0)
(0.178361 -0.175177 0)
(0.136595 0.151589 0)
(0.0905245 0.39906 0)
(0.0339836 0.538596 0)
)
;

boundaryField
{
    leftWall
    {
        type            noSlip;
    }
    rightWall
    {
        type            noSlip;
    }
    lowerWall
    {
        type            noSlip;
    }
    atmosphere
    {
        type            pressureInletOutletVelocity;
        value           nonuniform List<vector> 
44
(
(0 -1.64671 0)
(0 -1.6631 0)
(0 -1.66625 0)
(0 -1.67446 0)
(0 -1.68412 0)
(0 -1.69513 0)
(0 -1.70715 0)
(0 -1.71955 0)
(0 -1.73128 0)
(0 -1.74079 0)
(0 -1.74554 0)
(0 -1.74148 0)
(0 -1.72039 0)
(0 -1.66923 0)
(0 -1.56955 0)
(0 -1.37127 0)
(0 -0.941719 0)
(0 -0.0917232 0)
(-0.144426 0.778432 0)
(0.131034 1.83816 0)
(0.194731 2.44935 0)
(0.0792672 2.53931 0)
(-0.0934578 2.64848 0)
(-0.203 2.81514 0)
(-0.301451 2.96779 0)
(-0.365525 3.00802 0)
(-0.328982 2.76984 0)
(-0.144485 2.16594 0)
(0.162559 1.26713 0)
(0.690208 0.206269 0)
(0 -0.615472 0)
(0 -0.944326 0)
(0 -1.06417 0)
(0 -1.16618 0)
(0 -1.20929 0)
(0 -1.00395 0)
(0 -0.280535 0)
(0.854525 0.846169 0)
(0.573862 1.58952 0)
(0.478619 1.62931 0)
(0.446756 1.31402 0)
(0.257071 0.984792 0)
(0.113743 0.699466 0)
(0.0339836 0.538596 0)
)
;
    }
    frontAndBack
    {
        type            empty;
    }
}


// ************************************************************************* //
