/*--------------------------------*- C++ -*----------------------------------*\
  =========                 |
  \\      /  F ield         | OpenFOAM: The Open Source CFD Toolbox
   \\    /   O peration     | Website:  https://openfoam.org
    \\  /    A nd           | Version:  13
     \\/     M anipulation  |
\*---------------------------------------------------------------------------*/
FoamFile
{
    format      ascii;
    class       volScalarField;
    location    "0.6";
    object      rho;
}
// * * * * * * * * * * * * * * * * * * * * * * * * * * * * * * * * * * * * * //

dimensions      [1 -3 0 0 0 0 0];

internalField   nonuniform List<scalar> 
2016
(
994.765
994.765
994.764
994.732
994.765
994.764
990.667
994.197
946.683
929.96
947.01
994.115
897.661
897.731
970.222
978.105
911.133
983.382
982.953
468.128
994.156
993.396
544.756
18.9104
998.597
854.001
111.208
2.11476
998.597
517.937
7.65565
1.47598
998.597
291.453
2.54069
1.29493
998.591
194.556
1.88338
1.30245
970.829
149.565
1.61026
1.29891
865.442
138.594
1.38664
1.18393
800.221
153.251
1.22212
1.16004
775.46
188.903
1.15919
1.15941
796.536
223.166
1.15939
1.1596
843.823
273.464
1.16095
1.16085
852.775
337.38
1.16395
1.16496
854.022
399.759
1.16738
1.16891
855.069
476.38
1.17625
1.1716
855.58
605.552
1.28374
1.1755
855.576
761.474
115.919
1.18685
836.937
832.894
373.782
1.24715
825.953
830.686
720.458
8.86272
850.938
682.568
34.8577
39.6196
850.938
599.042
1.70161
1.73764
850.349
555.835
17.5306
1.42634
840.457
135.516
1.25629
1.38876
819.801
67.7412
1.22061
1.22057
824.017
138.139
1.22095
1.22075
843.44
161.38
1.22135
1.3424
872.738
167.109
1.2216
1.78337
902.381
162.634
1.22389
1.9259
931.402
165.602
1.239
1.89004
992.331
204.831
1.34276
1.74977
995.873
456.824
17.2435
1.86453
995.873
887.267
314.494
7.78435
995.871
995.508
825.677
259.261
960.614
993.147
992.69
674.151
942.62
967.617
991.953
929.764
950.343
953.783
991.351
993.951
994.002
994.002
994.002
994
994.002
994.002
994.002
994.002
976.943
962.136
958.524
975.125
975.294
975.283
987.31
989.344
989.344
989.344
989.343
989.342
989.236
958.454
893.24
863.135
924.926
954.866
951.716
909.881
827.602
637.176
398.73
283.842
316.57
428.073
696.122
740.788
740.788
731.759
699.085
699.152
719.248
720.327
720.327
720.327
718.684
178.14
18.1971
20.363
3.24799
1
994.166
993.752
796.265
617.126
370.588
238.182
292.51
561.801
906.862
989.343
989.342
938.926
628.024
233.98
97.6208
12.1943
10.0876
17.0687
28.8418
86.9017
240.373
243.306
181.998
91.6254
30.6879
9.3933
5.49872
9.40362
17.964
17.3689
15.8144
14.4198
16.4048
26.4009
49.6316
137.783
505.693
490.968
458.808
115.996
1
1
982.941
659.11
449.328
100.147
2.4174
1.79486
1.73078
1.71406
5.30686
48.2608
196.802
186.579
139.869
88.5575
24.4396
2.5308
1.51721
1.17602
1.13407
1.18705
1.21826
1.18851
1.16356
1.14398
1.15784
1.17336
1.18592
1.24168
1.32981
1.46538
1.38981
1.26279
1.23846
1.48829
2.06814
3.39053
25.4672
179.844
379.869
365.288
302.922
26.0117
475.805
1.42441
14.149
3.33276
2.55501
2.52837
2.99573
2.19849
3.06666
3.33541
4.28472
5.79909
2.76368
1.73206
1.46367
1.29096
1.18545
1.13881
1.11055
1.10515
1.12027
1.1835
1.15671
1.13528
1.14413
1.17643
1.19124
1.20746
1.22218
1.27815
1.20898
1.17273
1.15151
1.14942
1.24003
1.54079
2.55278
5.04054
34.4812
152.652
246.983
186.055
5.20051
1.32326
1.49741
2.04728
3.07091
4.23284
4.24451
4.18351
3.98313
5.30075
6.38079
5.25357
2.16564
1.34062
1.19783
1.13998
1.12266
1.10917
1.10457
1.10462
1.10874
1.16268
1.1432
1.13034
1.12605
1.18368
1.2026
1.2194
1.23383
1.24756
1.22613
1.19777
1.13587
1.10604
1.10942
1.16041
1.39009
2.16855
3.26261
4.18378
15.184
56.8231
1.37616
1.24737
1.22422
2.14002
4.23603
4.2533
4.26302
4.21819
3.40041
3.38289
3.04236
2.06889
1.18158
1.09269
1.10285
1.11325
1.11124
1.11028
1.10639
1.10456
1.10701
1.13514
1.14794
1.12713
1.11527
1.11221
1.1727
1.2173
1.22667
1.23778
1.2267
1.21739
1.11626
1.09336
1.08823
1.09834
1.13696
1.34133
1.89546
2.06382
1.98809
1.95216
1.27992
1.19909
1.18877
4.09891
4.2306
4.23499
3.69988
2.17716
1.19112
1.01309
1.01489
1.02821
1.03649
1.0473
1.07739
1.10418
1.11699
1.11475
1.11361
1.10926
1.11519
1.15953
1.15366
1.12017
1.11167
1.11042
1.1103
1.10976
1.11462
1.11524
1.13816
1.10681
1.09179
1.08649
1.08511
1.08609
1.09416
1.13335
1.47738
1.51703
1.36215
1.24385
1.21673
1.17972
1.17577
2.64976
4.16109
2.76198
1.0203
1.01146
1.01058
1.01057
1.0107
1.01713
1.04496
1.11311
1.25657
1.36996
1.40957
1.47594
1.60914
1.58366
1.39425
1.23312
1.18943
1.2259
1.19786
1.12207
1.10888
1.10469
1.10426
1.1026
1.09366
1.08982
1.08623
1.08512
1.08478
1.08463
1.08547
1.09185
1.18886
1.2721
1.19862
1.15055
1.18318
1.18372
1.15815
1.19927
1.40184
1.01479
1.01124
1.01055
1.01051
1.01054
1.01702
1.07697
1.38289
1.7899
1.79152
1.76095
1.75037
1.73292
1.68584
1.65201
1.62468
1.58642
1.40541
1.42593
1.45568
1.45569
1.29321
1.1181
1.10528
1.26955
1.1916
1.09882
1.08918
1.08502
1.08458
1.08466
1.09023
1.25298
1.27327
1.1926
1.14687
1.13137
1.25137
1.23022
1.13572
1.01828
1.0128
1.01124
1.01066
1.01052
1.01051
1.01051
1.06142
1.68829
1.80182
1.8052
1.80354
1.79363
1.75275
1.60343
1.49462
1.53624
1.5456
1.45892
1.40377
1.44061
1.43244
1.44763
1.44184
1.43914
1.41071
1.41368
1.41326
1.38438
1.11503
1.0896
1.08483
1.08585
1.18668
1.36925
1.4165
1.16733
1.12964
1.12794
1.33251
1.26908
1.1553
1.02068
1.01282
1.01105
1.01058
1.01053
1.01051
1.01056
1.46053
1.79264
1.80468
1.80511
1.80222
1.63188
1.20773
1.09823
1.07716
1.06105
1.09261
1.14175
1.13267
1.03879
1.04054
1.07419
1.30175
1.42283
1.41745
1.4174
1.41899
1.41944
1.4063
1.11865
1.08896
1.091
1.23814
1.41268
1.4406
1.27193
1.12975
1.1279
1.22403
1.22326
1.10052
1.03628
1.04027
1.01982
1.01074
1.01059
1.0106
1.01085
1.34412
1.7988
1.80498
1.80478
1.56742
1.11051
1.09271
1.07263
1.05149
1.04242
1.03923
1.03744
1.03699
1.03624
1.03512
1.0349
1.03634
1.04623
1.13736
1.41362
1.41963
1.42047
1.42111
1.22869
1.10269
1.09819
1.24282
1.43483
1.45052
1.44047
1.14256
1.12811
1.16548
1.17218
1.09166
1.0622
1.09034
1.03051
1.01088
1.01077
1.01119
1.01202
1.01754
1.78602
1.80436
1.80467
1.14495
1.10881
1.10125
1.15118
1.14467
1.06943
1.03885
1.03772
1.03738
1.0383
1.03493
1.03481
1.03476
1.03485
1.03728
1.09622
1.40899
1.42633
1.42519
1.34102
1.12498
1.1118
1.36641
1.45037
1.45378
1.36553
1.12854
1.1278
1.1596
1.35266
1.34763
1.26756
1.07982
1.01051
1.01064
1.01115
1.01343
1.02924
1.09552
1.80144
1.80361
1.80413
1.46542
1.11961
1.11213
1.15644
1.15651
1.15451
1.04203
1.03911
1.03796
1.04624
1.03746
1.03476
1.03476
1.03502
1.03531
1.08845
1.42438
1.43081
1.42941
1.28165
1.15452
1.23999
1.44298
1.45464
1.45302
1.19681
1.13406
1.12792
1.20689
1.35739
1.3557
1.26195
1.01048
1.01046
1.01059
1.01289
1.02879
1.04806
1.47129
1.80227
1.80373
1.79947
1.77835
1.1662
1.12876
1.13719
1.12021
1.06397
1.0494
1.04444
1.04102
1.0385
1.03573
1.03494
1.04772
1.11112
1.23023
1.40972
1.4309
1.43045
1.42979
1.33057
1.28531
1.44025
1.45262
1.45363
1.41534
1.31068
1.45197
1.26392
1.33326
1.37212
1.30814
1.02008
1.01051
1.01048
1.01554
1.08993
1.1419
1.08714
1.59516
1.79272
1.80146
1.78881
1.77653
1.46919
1.11652
1.09674
1.09856
1.08109
1.0667
1.0616
1.04925
1.03972
1.03645
1.03689
1.12792
1.38992
1.41204
1.4221
1.42242
1.43052
1.38751
1.41655
1.43538
1.43883
1.44189
1.43568
1.45525
1.70311
1.78712
1.74527
1.27325
1.38703
1.13281
1.01086
1.01054
1.01069
1.03097
1.16742
1.16669
1.1313
1.21255
1.75609
1.79049
1.77244
1.7624
1.74201
1.30378
1.10563
1.09699
1.1235
1.26917
1.1827
1.06316
1.04539
1.03833
1.04594
1.06223
1.23631
1.32443
1.27445
1.22545
1.20209
1.18753
1.25332
1.29548
1.35035
1.38096
1.41259
1.45775
1.799
1.80872
1.79385
1.17305
1.40121
1.31233
1.02139
1.01123
1.01138
1.0312
1.16978
1.16999
1.16592
1.07984
1.2279
1.75548
1.75495
1.74447
1.73452
1.71592
1.35721
1.18692
1.47739
1.62415
1.61244
1.23844
1.06255
1.05062
1.05859
1.06759
1.07744
1.08356
1.10645
1.12962
1.14606
1.16315
1.19536
1.30168
1.37198
1.4183
1.54136
1.79844
1.80872
1.80684
1.47332
1.17348
1.40492
1.66442
1.463
1.0227
1.01238
1.01484
1.08811
1.16999
1.16493
1.04736
1.03791
1.36057
1.72259
1.72974
1.72052
1.70039
1.68278
1.64746
1.62211
1.62402
1.62506
1.63239
1.47573
1.16182
1.13123
1.25615
1.39923
1.23643
1.13023
1.14731
1.16821
1.37682
1.63788
1.69256
1.6957
1.74373
1.7983
1.80794
1.80566
1.72755
1.06113
1.17998
1.29793
1.67508
1.68142
1.43228
1.01461
1.01517
1.01675
1.16592
1.16109
1.09933
1.0136
1.00524
1.27641
1.66469
1.6929
1.67466
1.60896
1.45912
1.60258
1.62456
1.63555
1.65531
1.66341
1.66818
1.67997
1.67608
1.66908
1.65281
1.52924
1.4822
1.64061
1.69568
1.70904
1.73688
1.75747
1.76196
1.75775
1.75156
1.43474
1.08504
1.00203
1.19969
1.24178
1.52609
1.68173
1.68235
1.08368
1.01468
1.01353
1.03696
1.16049
1.16389
1.01567
1.00138
1.0007
1.05003
1.33272
1.36967
1.10833
1.0382
1.10592
1.49477
1.6108
1.63059
1.66531
1.67983
1.68105
1.68105
1.68105
1.67874
1.67066
1.68446
1.69833
1.70365
1.69791
1.70551
1.7319
1.66127
1.33656
1.08439
1.01509
1.00181
1.00004
1.28082
1.25805
1.21804
1.68245
1.68553
1.56185
1.0141
1.01329
1.01373
1.14499
1.16873
1.13029
1.00027
1.00002
1.00002
1.00002
1.00003
1.00005
1.00006
1.00015
1.00098
1.0889
1.10806
1.13338
1.58694
1.67529
1.68096
1.6799
1.67607
1.66756
1.66018
1.68036
1.67049
1.53989
1.39444
1.2089
1.06125
1.02152
1.00709
1.00158
1.00014
1
3.04526
2.54267
1.2176
1.68347
1.68564
1.68425
1.03095
1.0128
1.01232
1.01869
1.1764
1.18414
1.00078
1.00002
1.00002
1.00002
1.00002
1.00003
1.00005
1.00008
1.00014
1.00017
1.00014
1.00038
1.00204
1.0803
1.19812
1.2426
1.25812
1.21112
1.1617
1.11723
1.07283
1.0462
1.0278
1.01599
1.00708
1.00299
1.00085
1.00015
1.00001
1
7.51951
4.71295
1.21738
1.47802
1.68564
1.68564
1.4623
1.0125
1.01223
1.013
1.11417
1.19552
1.07272
1.00002
1.00001
1.00005
1.00007
1.00005
1.00005
1.00011
1.00016
1.00008
1.00004
1.00011
1.0003
1.00072
1.00133
1.00896
1.00649
1.00677
1.00603
1.0059
1.00649
1.00595
1.00424
1.00236
1.00106
1.00039
1.00009
1.00001
1
1
9.08173
4.81429
1.21623
1.13744
1.68545
1.68413
1.68138
1.01995
1.01227
1.01229
1.01412
1.19961
1.21306
1.00001
1.00001
1.0001
1.0001
1.00009
1.00002
1.0001
1.00009
1.00004
1.00002
1.00002
1.00012
1.00053
1.00102
1.00108
1.00094
1.00082
1.00088
1.00088
1.00088
1.00081
1.00057
1.0003
1.00012
1.00004
1.00001
1
1
1
9.30497
3.94264
1.27978
1.13084
1.6818
1.6798
1.66947
1.13147
1.01227
1.01226
1.013
1.13493
1.21939
1.00103
1
1.00003
1.00008
1.00001
1
1
1
1
1
1
1.00001
1.00003
1.00007
1.0001
1.0001
1.00009
1.00009
1.0001
1.00009
1.00008
1.00005
1.00003
1.00001
1
1
1
1
1
2.71131
3.25296
1.34334
1.05055
1.19101
1.26223
1.34363
1.21074
1.01231
1.01239
1.0166
1.20029
1.21939
1.00898
1
1
1
1
1
1
1
1
1
1
1
1
1.00001
1.00001
1.00001
1.00001
1.00001
1.00001
1.00001
1.00001
1
1
1
1
1
1
1
1
2.2417
1.54048
1.02688
1.00933
1.00932
1.00937
1.00947
1.05676
1.0119
1.01339
1.08055
1.34996
1.19682
1
1
1
1
1
1
1
1
1
1
1
1
1
1
1
1
1
1
1
1
1
1
1
1
1
1
1
1
1
3.33419
1.54077
1.00958
1.00931
1.00931
1.00931
1.0094
1.00953
1.01107
1.0376
1.28642
1.3642
1.19772
1
1
1
1
1
1
1
1
1
1
1
1
1
1
1
1
1
1
1
1
1
1
1
1
1
1
1
1
1
3.01874
2.76689
1.00931
1.00931
1.00931
1.0118
1.00962
1.01007
1.05157
1.28324
1.37429
1.37267
1.167
1
1
1
1
1
1
1
1
1
1
1
1
1
1
1
1
1
1
1
1
1
1
1
1
1
1
1
1
1
1.27242
2.83605
1.00991
1.00931
1.01023
1.01551
1.01401
1.06966
1.33273
1.37534
1.37538
1.37378
1.14241
1
1
1
1
1
1
1
1
1
1
1
1
1
1
1
1
1
1
1
1
1
1
1
1
1
1
1
1
1
2.98079
2.75597
1.00938
1.00932
1.0095
1.01076
1.07944
1.36187
1.37557
1.37564
1.37547
1.37244
1.12736
1
1
1
1.00002
1.00007
1.00008
1.00006
1.00006
1.00003
1
1
1.00003
1.00008
1.00008
1.00009
1.00003
1
1
1
1
1
1
1
1
1
1
1
1
1
3.56221
2.48941
1.00947
1.00938
1.00993
1.05539
1.34698
1.37447
1.37563
1.3755
1.37293
1.36481
1.08509
1
1
1.00001
1.00007
1.00053
1.00165
1.00217
1.00528
1.01002
1.00232
1.00019
1.00153
1.00174
1.00102
1
1
1
1
1
1
1
1
1
1
1
1
1
1
1
3.56904
2.72588
1.00977
1.00964
1.01362
1.22907
1.36929
1.37419
1.33096
1.14628
1.22634
1.35323
1.27273
1.00304
1.00003
1.00004
1.00037
1.00193
1.01109
1.05741
1.15327
1.20103
1.17108
1.01396
1.00005
1.00024
1.00027
1
1
1
1
1
1
1
1
1
1
1
1.00003
1.00002
1
1
3.56883
3.33345
1.01144
1.01064
1.02638
1.31011
1.36886
1.19629
1.01535
1.01583
1.175
1.342
1.3405
1.05441
1.00003
1.00013
1.0012
1.00618
1.07475
1.20324
1.20324
1.20324
1.19962
1.05322
1.00002
1.00001
1
1
1
1
1
1
1
1
1
1
1
1.00002
1.00046
1.00066
1.00028
1.00001
3.44413
3.52557
1.74317
1.01261
1.02796
1.31676
1.35951
1.14559
1.01436
1.01345
1.07672
1.26693
1.14337
1.00042
1.00013
1.00046
1.00181
1.00829
1.04877
1.19553
1.20324
1.20071
1.17473
1.0017
1.00004
1.00006
1.00016
1.0001
1
1.00001
1.00003
1.00011
1.00057
1.00073
1.00537
1.17103
1.31059
1.26505
1.06803
1.06899
1.04138
1.00171
2.21477
3.52557
3.01534
1.0158
1.01821
1.2703
1.3435
1.25369
1.01364
1.01294
1.01466
1.0146
1.00451
1.00093
1.00059
1.00228
1.01377
1.04269
1.05428
1.07507
1.11243
1.19429
1.18333
1.04653
1.00005
1.00006
1.00007
1.00031
1.00031
1.00011
1.00054
1.0027
1.00713
1.17367
1.3004
1.30958
1.31241
1.31194
1.30629
1.29208
1.2783
1.0961
2.24539
3.24443
3.26277
2.68726
1.01606
1.01722
1.17314
1.26563
1.07892
1.01177
1.01007
1.00745
1.00278
1.00172
1.00357
1.04462
1.33091
1.52674
1.38372
1.16704
1.11493
1.10509
1.11876
1.15428
1.11748
1.00006
1.00007
1.00009
1.00022
1.00045
1.00223
1.05025
1.26836
1.29987
1.30116
1.30647
1.18962
1.08952
1.1108
1.16424
1.22274
1.24083
2.18296
1.89897
1.89512
3.7336
3.2387
1.01913
1.02115
1.02118
1.0134
1.01227
1.01202
1.00569
1.00429
1.00496
1.00827
1.0847
1.73903
1.7573
1.75795
1.75329
1.38686
1.1031
1.10226
1.1155
1.1493
1.14036
1.05007
1.00014
1.00019
1.0003
1.00071
1.02354
1.22862
1.29376
1.30083
1.29983
1.10853
1.08979
1.09088
1.0931
1.0942
1.1202
68.9085
2.77175
1.91755
1.95102
1.90323
1.59553
1.50875
1.48936
1.64146
1.24799
1.0111
1.01066
1.00891
1.00791
1.02345
1.04081
1.13048
1.13922
1.53232
1.72041
1.75848
1.50321
1.12755
1.07024
1.05636
1.12733
1.15532
1.14121
1.079
1.06233
1.03603
1.02258
1.03816
1.06156
1.13059
1.12563
1.10673
1.0924
1.09386
1.09488
1.0965
1.12271
466.912
154.399
2.58131
1.85092
1.69054
1.62789
1.71104
1.72026
1.72124
1.72132
1.32994
1.04385
1.00963
1.01859
1.05198
1.06145
1.10343
1.11153
1.0814
1.09643
1.70591
1.67888
1.10194
1.03882
1.13966
1.13872
1.10918
1.06077
1.05019
1.0594
1.05322
1.05044
1.04211
1.05925
1.06083
1.07869
1.09879
1.12719
1.15
1.15843
1.15706
1.27104
834.187
754.585
424.012
210.571
77.9165
18.7469
1.21426
1.16155
1.1126
1.06668
1.03461
1.02033
1.01388
1.01957
1.02972
1.04325
1.05095
1.06161
1.07791
1.08557
1.18576
1.18267
1.05547
1.03691
1.03704
1.04354
1.0479
1.0507
1.05018
1.05111
1.05259
1.06149
1.05545
1.05513
1.0769
1.13393
1.25391
1.4528
1.73978
1.93722
2.99735
3.88582
991.498
983.384
993.992
986.277
781.916
504.775
307.152
220.515
161.93
114.007
77.2635
42.3754
18.307
5.65334
1.94181
4.79216
4.55158
3.37978
1.77913
1.07998
1.04645
1.03909
1.03735
1.03691
2.5747
16.2983
21.6344
11.5364
1.11209
1.0871
1.59059
1.06084
1.05494
1.05979
3.62986
9.27905
19.0987
47.0175
108.169
182.728
217.727
239.46
994.001
994.001
994.001
994.001
994.001
994
993.989
987.195
950.529
897.864
818.255
724.036
667.02
667.015
752.214
784.829
784.383
770.768
764.956
742.485
703.531
669.052
639.03
622.857
639.398
517.873
133.457
197.361
478.365
538.186
538.186
525.682
519.96
520.477
434.783
354.881
565.053
594.227
594.227
594.227
594.194
444.655
)
;

boundaryField
{
    leftWall
    {
        type            calculated;
        value           nonuniform List<scalar> 
46
(
994.765
994.765
994.764
994.732
976.943
962.136
958.524
975.125
975.294
975.283
987.31
989.344
989.344
989.344
989.343
989.342
989.236
958.454
893.24
863.135
924.926
954.866
951.716
909.881
827.602
637.176
398.73
283.842
316.57
428.073
696.122
740.788
740.788
731.759
699.085
699.152
719.248
720.327
720.327
720.327
718.684
178.14
18.1971
20.363
3.24799
1
)
;
    }
    rightWall
    {
        type            calculated;
        value           nonuniform List<scalar> 
46
(
994.002
994.002
994.002
994.002
994.001
994.001
994.001
994.001
994.001
994
993.989
987.195
950.529
897.864
818.255
724.036
667.02
667.015
752.214
784.829
784.383
770.768
764.956
742.485
703.531
669.052
639.03
622.857
639.398
517.873
133.457
197.361
478.365
538.186
538.186
525.682
519.96
520.477
434.783
354.881
565.053
594.227
594.227
594.227
594.194
444.655
)
;
    }
    lowerWall
    {
        type            calculated;
        value           nonuniform List<scalar> 
52
(
850.938
682.568
34.8577
39.6196
850.938
850.938
850.349
840.457
819.801
824.017
843.44
872.738
902.381
931.402
992.331
995.873
995.873
995.871
960.614
942.62
950.343
994.002
994.002
825.953
830.686
720.458
8.86272
994.765
994.765
946.683
897.661
911.133
994.156
998.597
998.597
998.597
998.591
970.829
865.442
800.221
775.46
796.536
843.823
852.775
854.022
855.069
855.58
855.576
836.937
825.953
7.51951
9.08173
)
;
    }
    atmosphere
    {
        type            calculated;
        value           nonuniform List<scalar> 
44
(
1
1
1
186.055
56.8231
1.95216
1.24385
1.15055
1.13137
1.12794
1.1279
1.12811
1.1278
1.12792
1.26392
1.74527
1.79385
1.47332
1.06113
1.00203
1.00004
1
1
1
1
1
1
1
1
1
1
1
1
1
1
1
1
1.24083
1.1202
1.12271
1.27104
3.88582
239.46
1
)
;
    }
    frontAndBack
    {
        type            empty;
    }
}


// ************************************************************************* //
