/*--------------------------------*- C++ -*----------------------------------*\
  =========                 |
  \\      /  F ield         | OpenFOAM: The Open Source CFD Toolbox
   \\    /   O peration     | Website:  https://openfoam.org
    \\  /    A nd           | Version:  13
     \\/     M anipulation  |
\*---------------------------------------------------------------------------*/
FoamFile
{
    format      ascii;
    class       volVectorField;
    location    "0.6";
    object      U;
}
// * * * * * * * * * * * * * * * * * * * * * * * * * * * * * * * * * * * * * //

dimensions      [0 1 -1 0 0 0 0];

internalField   nonuniform List<vector> 
2016
(
(0.126845 -0.135282 0)
(0.107259 -0.370108 0)
(0.0229439 -0.470922 0)
(-0.040295 -0.41782 0)
(0.339947 -0.115857 0)
(0.232323 -0.260411 0)
(0.03321 -0.227738 0)
(-0.129793 -0.172671 0)
(0.470399 -0.0109411 0)
(0.294964 0.00084274 0)
(-0.00270823 0.0620157 0)
(-0.185147 0.0969771 0)
(0.402647 0.0374111 0)
(0.218912 0.119887 0)
(-0.0337247 0.16087 0)
(-0.262659 0.237736 0)
(0.292015 0.0187671 0)
(0.12603 0.0728778 0)
(-0.133562 0.207775 0)
(-0.301918 0.354851 0)
(0.266788 -0.0121181 0)
(-0.0322148 0.104226 0)
(-0.320892 0.327069 0)
(-0.19751 0.516052 0)
(0.217334 0.00828861 0)
(-0.300054 0.18868 0)
(-0.559171 0.406825 0)
(-0.372071 0.735041 0)
(0.0758292 0.0503425 0)
(-0.538168 0.210601 0)
(-0.846491 0.440977 0)
(-0.437039 0.903496 0)
(-0.0959004 0.0429663 0)
(-0.736754 0.176974 0)
(-1.13815 0.390881 0)
(-0.584404 0.703478 0)
(-0.214938 0.0306482 0)
(-0.906046 0.124479 0)
(-1.35085 0.324254 0)
(-0.888165 0.574858 0)
(-0.300804 0.0436124 0)
(-1.0603 0.0656499 0)
(-1.54493 0.272848 0)
(-1.26576 0.500259 0)
(-0.358302 0.069108 0)
(-1.16639 0.00986332 0)
(-1.72796 0.22418 0)
(-1.56483 0.444438 0)
(-0.39866 0.0809495 0)
(-1.23412 -0.047195 0)
(-1.91523 0.147968 0)
(-1.71348 0.277661 0)
(-0.407254 0.0644899 0)
(-1.23009 -0.0978466 0)
(-2.13278 0.0139465 0)
(-1.70536 -0.0139208 0)
(-0.377925 0.0313445 0)
(-1.14245 -0.121899 0)
(-2.0712 -0.155937 0)
(-1.59555 -0.267569 0)
(-0.325755 0.00868163 0)
(-1.00212 -0.122459 0)
(-1.98007 -0.252721 0)
(-1.46515 -0.380732 0)
(-0.26807 0.00254264 0)
(-0.844859 -0.10498 0)
(-1.83585 -0.284582 0)
(-1.36769 -0.394999 0)
(-0.219954 -0.00357122 0)
(-0.705484 -0.0925086 0)
(-1.64132 -0.325102 0)
(-1.32678 -0.418207 0)
(-0.169119 -0.0185404 0)
(-0.560912 -0.0880709 0)
(-1.36388 -0.433358 0)
(-1.32552 -0.491086 0)
(-0.107625 -0.0345132 0)
(-0.387288 -0.0754901 0)
(-1.0038 -0.48625 0)
(-1.21179 -0.579095 0)
(-0.0574146 -0.0373914 0)
(-0.183414 -0.039875 0)
(-0.598284 -0.381651 0)
(-0.867309 -0.781463 0)
(-0.0111512 -0.0151663 0)
(-0.0540109 -0.0288521 0)
(-0.177566 -0.173568 0)
(-0.740304 -0.715115 0)
(-0.00546041 0.0320561 0)
(-0.0350832 -0.0485381 0)
(0.0332611 -0.0385916 0)
(-0.972985 -0.350979 0)
(0.0402605 0.0252984 0)
(-0.00549834 -0.20291 0)
(-0.582472 -0.0897338 0)
(-0.596203 0.315969 0)
(0.160686 -0.0123124 0)
(0.123837 -0.207617 0)
(-0.1215 -0.0571758 0)
(-0.558924 -0.0164159 0)
(0.27884 -0.107761 0)
(0.0296763 -0.107443 0)
(-0.242544 0.106699 0)
(-1.09115 0.11728 0)
(0.375595 -0.146734 0)
(-0.20526 0.074501 0)
(-0.390448 0.0173442 0)
(-1.21187 0.335151 0)
(0.421156 -0.146405 0)
(-0.168665 0.0672433 0)
(-0.44952 -0.17906 0)
(-1.40678 0.303008 0)
(0.453819 -0.125421 0)
(-0.104587 0.0351863 0)
(-0.670044 -0.206499 0)
(-1.50426 0.255394 0)
(0.49721 -0.102621 0)
(-0.000149976 0.0306625 0)
(-0.875163 -0.175969 0)
(-1.4547 0.157041 0)
(0.536125 -0.0823264 0)
(0.102 0.035142 0)
(-0.968658 -0.146578 0)
(-1.27279 0.0164514 0)
(0.555798 -0.0601968 0)
(0.18091 0.0491291 0)
(-1.0078 -0.170987 0)
(-1.05938 -0.139153 0)
(0.542103 -0.0302523 0)
(0.297483 0.0764261 0)
(-0.992721 -0.229314 0)
(-0.89529 -0.292038 0)
(0.479042 0.0100676 0)
(0.427522 0.140825 0)
(-0.663671 -0.0261142 0)
(-0.787228 -0.315363 0)
(0.328406 0.0673584 0)
(0.395789 0.216322 0)
(-0.29471 0.33392 0)
(-0.727545 -0.187823 0)
(0.0970978 0.103352 0)
(0.24442 0.258845 0)
(0.0694963 0.360664 0)
(-0.593446 -0.0111207 0)
(-0.14287 0.0870244 0)
(0.0239355 0.242493 0)
(0.109488 0.354108 0)
(-0.12668 0.287515 0)
(-0.30152 0.0517893 0)
(-0.149636 0.176988 0)
(0.0777925 0.286229 0)
(0.0272904 0.270892 0)
(-0.443684 0.0276645 0)
(-0.267943 0.109939 0)
(0.0291609 0.170921 0)
(0.118219 0.213554 0)
(-0.489306 -0.0245729 0)
(-0.305221 -0.0253979 0)
(0.00204772 -0.00243066 0)
(0.145994 0.0651379 0)
(-0.347584 -0.113817 0)
(-0.24078 -0.243092 0)
(-0.040641 -0.234663 0)
(0.101897 -0.173406 0)
(-0.122262 -0.128223 0)
(-0.0888347 -0.329169 0)
(-0.0215992 -0.413356 0)
(0.0244712 -0.367348 0)
(-0.0353842 -0.320414 0)
(0.0180809 -0.192637 0)
(0.0707771 -0.169919 0)
(0.0656259 -0.246575 0)
(0.0471148 -0.319553 0)
(0.0457141 -0.33556 0)
(0.0531227 -0.3301 0)
(0.055708 -0.332286 0)
(0.0505643 -0.337875 0)
(0.0509238 -0.350159 0)
(0.0580661 -0.373374 0)
(0.0494194 -0.394854 0)
(0.0371746 -0.415698 0)
(0.0393217 -0.454941 0)
(0.033437 -0.475035 0)
(0.0316287 -0.427585 0)
(0.0268086 -0.371903 0)
(0.0243957 -0.363666 0)
(0.0226885 -0.370751 0)
(0.0143936 -0.375499 0)
(0.00230308 -0.377037 0)
(-0.00944384 -0.380675 0)
(-0.0129033 -0.37267 0)
(-0.00375464 -0.297783 0)
(0.0153125 -0.144887 0)
(0.0348329 0.0151938 0)
(0.0314681 0.0822667 0)
(0.0118215 0.0434294 0)
(-0.00711564 0.0159914 0)
(-0.0155311 0.0155135 0)
(-0.0183191 0.0251045 0)
(-0.021091 0.04372 0)
(-0.0265926 0.046782 0)
(-0.0247536 0.0273712 0)
(0.000562793 -0.0191548 0)
(0.0482641 -0.104053 0)
(0.0966553 -0.224783 0)
(0.0650889 -0.393487 0)
(-0.224645 -0.628106 0)
(-0.467631 -0.386597 0)
(-0.252446 -0.232099 0)
(0.127557 -0.343039 0)
(-0.204917 -0.061108 0)
(-0.195394 0.0950442 0)
(-0.0170904 0.20705 0)
(0.102429 0.163716 0)
(0.0397022 -0.0646178 0)
(-0.0447936 -0.169311 0)
(-0.0570428 -0.159611 0)
(-0.0492452 -0.100164 0)
(-0.0358149 -0.0805774 0)
(-0.0134774 -0.124706 0)
(0.00342183 -0.155184 0)
(-0.00291985 -0.154763 0)
(0.00530038 -0.182211 0)
(0.0216125 -0.309584 0)
(-0.0590327 -0.0312227 0)
(-0.204501 0.484719 0)
(-0.0561871 1.095 0)
(0.0211602 1.10125 0)
(0.00215149 1.0735 0)
(-0.00719997 0.860632 0)
(0.00230062 0.690107 0)
(-0.00902694 0.704746 0)
(-0.0793503 0.94211 0)
(-0.208648 1.45548 0)
(-0.355467 2.20204 0)
(-0.338075 2.97673 0)
(-0.0594304 3.41596 0)
(0.0758405 2.75819 0)
(0.0459235 2.38206 0)
(-0.0115586 2.43832 0)
(-0.040831 2.55865 0)
(-0.0149265 2.59734 0)
(0.0532647 2.45308 0)
(0.106104 1.88923 0)
(0.128429 1.16076 0)
(0.150072 0.569151 0)
(0.197077 0.281083 0)
(0.253773 -0.0272974 0)
(0.235166 -0.161727 0)
(0.0937478 -0.547291 0)
(-0.0270549 -1.15655 0)
(0.120024 -1.01875 0)
(-0.316632 0.193828 0)
(-0.315434 0.197206 0)
(-0.102364 0.25632 0)
(0.319286 -0.0251208 0)
(0.406675 -0.770739 0)
(0.254587 -1.00904 0)
(0.000976977 -0.137635 0)
(0.112481 0.522981 0)
(0.156853 0.693793 0)
(0.103312 0.614014 0)
(0.0757344 0.422437 0)
(0.0696579 0.307853 0)
(0.0963023 0.433717 0)
(-0.0371604 0.620063 0)
(-0.671933 2.0956 0)
(-1.17551 3.27004 0)
(-0.886057 4.13058 0)
(-0.118504 4.7965 0)
(0.42448 5.5977 0)
(0.493943 5.20457 0)
(0.216143 5.18872 0)
(-0.303607 6.21791 0)
(-0.706909 6.65787 0)
(-0.982497 6.79441 0)
(-1.0648 6.71488 0)
(-0.768088 6.45493 0)
(-0.0324268 6.2713 0)
(0.599116 5.99166 0)
(0.58711 5.9495 0)
(0.149384 5.67925 0)
(-0.0663316 5.17988 0)
(0.120311 4.45178 0)
(0.590925 3.80443 0)
(0.977859 3.23736 0)
(1.12529 2.57459 0)
(0.997569 1.81448 0)
(0.584354 0.928066 0)
(0.447879 0.434434 0)
(0.40149 0.235441 0)
(0.390367 -0.00790343 0)
(0.374595 -0.197313 0)
(0.220694 -0.688014 0)
(-0.335372 0.262793 0)
(-0.100157 -0.506718 0)
(0.308387 -0.35809 0)
(1.1536 -1.15255 0)
(0.726108 -1.38194 0)
(-0.756207 -0.0663244 0)
(-1.30094 0.967017 0)
(-1.18251 1.55651 0)
(-0.562068 2.60988 0)
(0.372832 3.31812 0)
(0.557355 3.24415 0)
(0.134729 3.85195 0)
(-0.496145 4.84225 0)
(-1.36576 5.79987 0)
(-2.09618 6.52792 0)
(-2.1514 6.86989 0)
(-1.6701 7.09527 0)
(-1.06959 7.39663 0)
(-0.539473 7.87931 0)
(-0.222234 8.48609 0)
(-0.454172 8.99273 0)
(-0.866607 9.15581 0)
(-0.994359 9.0191 0)
(-0.845365 8.78559 0)
(-0.540265 8.53555 0)
(-0.161797 8.24687 0)
(0.255623 7.9428 0)
(0.585895 7.6892 0)
(0.667439 7.47227 0)
(0.642829 7.14814 0)
(0.736301 6.63624 0)
(0.991522 5.98719 0)
(1.34703 5.30138 0)
(1.69861 4.63768 0)
(1.90717 3.96725 0)
(1.90837 3.289 0)
(1.57472 2.37406 0)
(1.0697 1.51714 0)
(0.650682 0.733073 0)
(0.532651 0.435336 0)
(0.492007 0.333888 0)
(0.449798 0.157019 0)
(0.261472 0.222792 0)
(0.13222 -0.261486 0)
(1.1349 -1.37373 0)
(1.20882 -1.51638 0)
(-0.77682 -0.133185 0)
(-1.82034 0.833675 0)
(-1.96734 1.44385 0)
(-1.70509 1.9645 0)
(-1.43884 2.38626 0)
(-1.01008 3.06614 0)
(-0.660912 4.05674 0)
(-0.947328 5.07751 0)
(-1.56608 5.78828 0)
(-2.03638 6.24518 0)
(-2.17245 6.55137 0)
(-1.98724 6.7692 0)
(-1.591 6.98955 0)
(-1.1363 7.31297 0)
(-0.746239 7.75787 0)
(-0.537124 8.2468 0)
(-0.536226 8.64615 0)
(-0.595688 8.84217 0)
(-0.55576 8.81827 0)
(-0.394012 8.65173 0)
(-0.159269 8.42448 0)
(0.126148 8.16925 0)
(0.466372 7.91783 0)
(0.791484 7.69831 0)
(1.01613 7.4904 0)
(1.15368 7.21932 0)
(1.29653 6.8395 0)
(1.53506 6.37967 0)
(1.85942 5.89897 0)
(2.18829 5.43319 0)
(2.43187 4.96493 0)
(2.54503 4.47965 0)
(2.42396 3.84424 0)
(2.03816 3.08839 0)
(1.5067 2.19935 0)
(0.939561 1.46248 0)
(0.633944 0.801725 0)
(0.483869 0.591881 0)
(0.467806 0.649721 0)
(0.929287 0.118947 0)
(1.39829 -0.882397 0)
(0.256776 -0.246919 0)
(-1.77139 0.802227 0)
(-2.41208 1.18028 0)
(-2.34848 1.48508 0)
(-2.03661 1.78576 0)
(-1.7437 2.08478 0)
(-1.51241 2.51164 0)
(-1.47759 3.10152 0)
(-1.7058 3.81051 0)
(-2.06309 4.48231 0)
(-2.34624 5.0581 0)
(-2.43942 5.5073 0)
(-2.33167 5.88112 0)
(-2.0649 6.26791 0)
(-1.7169 6.72609 0)
(-1.37471 7.25308 0)
(-1.10075 7.79169 0)
(-0.916174 8.25145 0)
(-0.787834 8.5521 0)
(-0.636565 8.67706 0)
(-0.401321 8.66969 0)
(-0.0816578 8.58007 0)
(0.281403 8.43208 0)
(0.642501 8.23126 0)
(0.973051 7.98837 0)
(1.24319 7.70694 0)
(1.45509 7.37326 0)
(1.65895 6.97373 0)
(1.91934 6.52908 0)
(2.23622 6.09529 0)
(2.55094 5.72168 0)
(2.80222 5.3964 0)
(2.95726 5.07511 0)
(2.96368 4.6911 0)
(2.76624 4.17087 0)
(2.34758 3.49331 0)
(1.74818 2.71431 0)
(1.28808 2.06747 0)
(0.73346 1.30879 0)
(0.518891 0.770378 0)
(1.36722 0.592888 0)
(1.778 0.00542944 0)
(-0.645638 0.873245 0)
(-2.14503 1.18557 0)
(-2.63287 1.21991 0)
(-2.51977 1.31689 0)
(-2.2215 1.48812 0)
(-2.02056 1.78019 0)
(-1.92677 2.23933 0)
(-1.98087 2.85139 0)
(-2.26681 3.55946 0)
(-2.6226 4.20014 0)
(-2.85192 4.67544 0)
(-2.89308 5.01594 0)
(-2.76691 5.32671 0)
(-2.53044 5.67347 0)
(-2.23507 6.09192 0)
(-1.92032 6.58396 0)
(-1.60961 7.11605 0)
(-1.31594 7.6224 0)
(-1.03654 8.039 0)
(-0.744814 8.31773 0)
(-0.400477 8.4798 0)
(0.00450271 8.55459 0)
(0.444946 8.53703 0)
(0.888722 8.42414 0)
(1.29456 8.21629 0)
(1.62313 7.9204 0)
(1.87563 7.54607 0)
(2.10436 7.10842 0)
(2.35828 6.64076 0)
(2.63268 6.18868 0)
(2.88967 5.79328 0)
(3.09734 5.46816 0)
(3.24553 5.18528 0)
(3.31219 4.90281 0)
(3.23501 4.54339 0)
(2.95347 4.07044 0)
(2.44651 3.45243 0)
(1.91508 2.88119 0)
(1.27267 2.05225 0)
(0.52305 0.961721 0)
(1.48119 0.863353 0)
(1.49925 0.981896 0)
(-0.691608 1.51077 0)
(-2.19537 1.48389 0)
(-2.65258 1.27223 0)
(-2.52751 1.20825 0)
(-2.38737 1.39228 0)
(-2.39556 1.71018 0)
(-2.49797 2.10941 0)
(-2.70347 2.58402 0)
(-2.94826 3.07915 0)
(-3.12868 3.49212 0)
(-3.19503 3.79848 0)
(-3.1546 4.01767 0)
(-3.03431 4.25263 0)
(-2.86255 4.53955 0)
(-2.65373 4.90166 0)
(-2.41189 5.33486 0)
(-2.13158 5.82059 0)
(-1.81085 6.32062 0)
(-1.44459 6.80625 0)
(-1.04796 7.19357 0)
(-0.611267 7.48802 0)
(-0.11597 7.72805 0)
(0.423385 7.90585 0)
(0.966139 7.98112 0)
(1.47784 7.9116 0)
(1.92901 7.69655 0)
(2.29357 7.37841 0)
(2.58464 6.99663 0)
(2.83716 6.58314 0)
(3.0713 6.16012 0)
(3.26881 5.74777 0)
(3.4139 5.37201 0)
(3.52042 5.04928 0)
(3.59535 4.77273 0)
(3.58075 4.49425 0)
(3.39221 4.1516 0)
(2.9721 3.69892 0)
(2.46331 3.25884 0)
(1.76779 2.5486 0)
(0.362323 0.987638 0)
(1.30547 1.15128 0)
(1.08014 1.64225 0)
(-0.608342 2.13397 0)
(-2.03574 1.86846 0)
(-2.44512 1.51549 0)
(-2.55772 1.3902 0)
(-2.65423 1.47633 0)
(-2.74828 1.63697 0)
(-2.85795 1.86859 0)
(-3.05482 2.11934 0)
(-3.24623 2.36975 0)
(-3.34811 2.58005 0)
(-3.37358 2.78617 0)
(-3.34158 2.99138 0)
(-3.27084 3.24158 0)
(-3.16877 3.54985 0)
(-3.02399 3.91035 0)
(-2.83027 4.29565 0)
(-2.57991 4.69092 0)
(-2.26184 5.09289 0)
(-1.87448 5.48439 0)
(-1.41308 5.87855 0)
(-0.932322 6.21275 0)
(-0.407681 6.4972 0)
(0.19739 6.74486 0)
(0.88846 6.93844 0)
(1.5882 7.04523 0)
(2.15654 7.02147 0)
(2.56753 6.87998 0)
(2.90991 6.63857 0)
(3.21163 6.32957 0)
(3.47123 5.97747 0)
(3.66722 5.59257 0)
(3.78165 5.1901 0)
(3.83625 4.81702 0)
(3.86926 4.51895 0)
(3.8623 4.27201 0)
(3.72126 4.01097 0)
(3.36673 3.66429 0)
(2.9083 3.33673 0)
(2.15551 2.76209 0)
(-0.0246604 0.964349 0)
(0.744039 1.39054 0)
(0.552206 2.04588 0)
(-0.541072 2.47801 0)
(-1.59605 2.22711 0)
(-2.17352 1.74495 0)
(-2.47286 1.47811 0)
(-2.67739 1.40789 0)
(-2.837 1.42031 0)
(-2.96883 1.54413 0)
(-3.20784 1.60592 0)
(-3.42497 1.71326 0)
(-3.52051 1.89111 0)
(-3.56828 2.08138 0)
(-3.58255 2.31752 0)
(-3.57807 2.61483 0)
(-3.53307 2.95402 0)
(-3.40641 3.303 0)
(-3.20196 3.627 0)
(-2.93967 3.92476 0)
(-2.61957 4.24005 0)
(-2.23415 4.58922 0)
(-1.77942 4.96143 0)
(-1.25649 5.31743 0)
(-0.671447 5.6205 0)
(-0.0411285 5.84468 0)
(0.649272 6.03195 0)
(1.38542 6.1876 0)
(2.0846 6.27902 0)
(2.65538 6.26424 0)
(3.09928 6.13147 0)
(3.47089 5.91469 0)
(3.79548 5.63574 0)
(4.04312 5.29894 0)
(4.1716 4.91137 0)
(4.18729 4.51718 0)
(4.147 4.20839 0)
(4.10506 3.9733 0)
(3.98072 3.75558 0)
(3.67875 3.48605 0)
(3.26155 3.23348 0)
(2.45886 2.77521 0)
(-0.56613 0.897037 0)
(0.0289027 1.36451 0)
(-0.0660696 1.92843 0)
(-0.649704 2.20625 0)
(-1.29159 1.98698 0)
(-1.81294 1.58435 0)
(-2.24294 1.29547 0)
(-2.59812 1.18848 0)
(-2.85614 1.16088 0)
(-2.98988 1.25618 0)
(-3.29915 1.21809 0)
(-3.56214 1.25774 0)
(-3.69346 1.45064 0)
(-3.79548 1.59764 0)
(-3.87429 1.84192 0)
(-3.91572 2.14392 0)
(-3.87212 2.4228 0)
(-3.70538 2.64691 0)
(-3.46006 2.84899 0)
(-3.19874 3.06595 0)
(-2.9219 3.36385 0)
(-2.57885 3.74066 0)
(-2.13823 4.15589 0)
(-1.57917 4.57126 0)
(-0.902604 4.95827 0)
(-0.189768 5.24929 0)
(0.518932 5.42198 0)
(1.27659 5.51967 0)
(2.0309 5.55858 0)
(2.69588 5.53163 0)
(3.23464 5.43979 0)
(3.67382 5.29407 0)
(4.05877 5.09101 0)
(4.37192 4.81453 0)
(4.54318 4.47204 0)
(4.53868 4.10119 0)
(4.42166 3.81696 0)
(4.32556 3.6008 0)
(4.19179 3.42334 0)
(3.91102 3.21963 0)
(3.53403 3.02726 0)
(2.69422 2.67827 0)
(-1.00144 0.689988 0)
(-0.471537 1.03314 0)
(-0.381719 1.43771 0)
(-0.605926 1.53929 0)
(-1.04079 1.30346 0)
(-1.55421 1.0776 0)
(-2.0947 0.939481 0)
(-2.56429 0.904161 0)
(-2.87431 0.905459 0)
(-3.01239 0.98945 0)
(-3.31773 0.977844 0)
(-3.64142 0.894841 0)
(-3.81729 1.04348 0)
(-3.98781 1.06248 0)
(-4.11659 1.29251 0)
(-4.13786 1.48456 0)
(-4.02847 1.57875 0)
(-3.82184 1.63654 0)
(-3.61185 1.76209 0)
(-3.44479 1.97346 0)
(-3.27624 2.30417 0)
(-3.00864 2.68228 0)
(-2.59991 3.08969 0)
(-2.04309 3.51214 0)
(-1.33393 3.93682 0)
(-0.491913 4.32234 0)
(0.428493 4.60541 0)
(1.32618 4.73532 0)
(2.11843 4.73746 0)
(2.78558 4.67101 0)
(3.34497 4.58089 0)
(3.82677 4.47615 0)
(4.26547 4.33906 0)
(4.63913 4.13171 0)
(4.86321 3.83899 0)
(4.84431 3.53311 0)
(4.65912 3.32345 0)
(4.50659 3.15382 0)
(4.35086 3.03033 0)
(4.07652 2.89211 0)
(3.73329 2.7573 0)
(2.85864 2.53042 0)
(-1.2017 0.354997 0)
(-0.737185 0.506172 0)
(-0.511211 0.722495 0)
(-0.502512 0.679915 0)
(-0.934182 0.59587 0)
(-1.47213 0.568073 0)
(-2.08249 0.575306 0)
(-2.58767 0.600092 0)
(-2.90313 0.61742 0)
(-3.06188 0.653561 0)
(-3.25288 0.729048 0)
(-3.59383 0.453959 0)
(-3.82855 0.529676 0)
(-4.08311 0.42666 0)
(-4.22827 0.580347 0)
(-4.17225 0.615792 0)
(-4.02256 0.567241 0)
(-3.8715 0.57549 0)
(-3.77822 0.715894 0)
(-3.73139 0.926599 0)
(-3.64239 1.24246 0)
(-3.38758 1.54032 0)
(-2.99261 1.87747 0)
(-2.45605 2.23275 0)
(-1.74544 2.62324 0)
(-0.872456 2.99571 0)
(0.117583 3.32263 0)
(1.16872 3.54818 0)
(2.12289 3.61385 0)
(2.85924 3.59692 0)
(3.42663 3.56864 0)
(3.93049 3.50719 0)
(4.41841 3.42556 0)
(4.85105 3.2762 0)
(5.10996 3.0367 0)
(5.05662 2.84405 0)
(4.81828 2.74378 0)
(4.62436 2.64733 0)
(4.44978 2.59361 0)
(4.18339 2.51659 0)
(3.85535 2.44607 0)
(2.9393 2.37533 0)
(-1.238 -0.0466067 0)
(-0.808085 -0.0524874 0)
(-0.495242 0.0169614 0)
(-0.518396 0.0263744 0)
(-0.992867 0.139358 0)
(-1.52353 0.192366 0)
(-2.13396 0.257474 0)
(-2.6137 0.279621 0)
(-2.90638 0.259738 0)
(-3.0587 0.233463 0)
(-3.17438 0.236813 0)
(-3.4598 -0.0542613 0)
(-3.76637 -0.0458267 0)
(-4.0667 -0.20558 0)
(-4.21302 -0.229176 0)
(-4.12625 -0.235172 0)
(-4.00844 -0.294182 0)
(-3.95244 -0.2655 0)
(-3.95523 -0.124595 0)
(-3.96604 0.0427221 0)
(-3.90492 0.271933 0)
(-3.64896 0.448521 0)
(-3.28364 0.694256 0)
(-2.78546 0.948462 0)
(-2.09738 1.26796 0)
(-1.18311 1.597 0)
(-0.1228 1.91485 0)
(1.0068 2.16385 0)
(2.04351 2.28082 0)
(2.82391 2.37834 0)
(3.41966 2.4322 0)
(3.96678 2.42991 0)
(4.5145 2.39419 0)
(5.00602 2.28234 0)
(5.25835 2.12171 0)
(5.14172 2.09357 0)
(4.87629 2.10355 0)
(4.66117 2.10685 0)
(4.48524 2.12836 0)
(4.21384 2.12255 0)
(3.85793 2.1434 0)
(2.92919 2.25857 0)
(-1.1227 -0.368736 0)
(-0.714887 -0.44597 0)
(-0.544517 -0.394752 0)
(-0.705806 -0.239905 0)
(-1.05185 -0.130022 0)
(-1.60751 -0.0605465 0)
(-2.16629 -0.0189573 0)
(-2.59291 -0.0463508 0)
(-2.84581 -0.130534 0)
(-2.95829 -0.202513 0)
(-3.07706 -0.322355 0)
(-3.33084 -0.515889 0)
(-3.66064 -0.583208 0)
(-3.95616 -0.763084 0)
(-4.12263 -0.927594 0)
(-4.08826 -0.93805 0)
(-4.02441 -0.973548 0)
(-4.03739 -0.946297 0)
(-4.0964 -0.842322 0)
(-4.12737 -0.73908 0)
(-4.03484 -0.661294 0)
(-3.80535 -0.591787 0)
(-3.48215 -0.45768 0)
(-3.02287 -0.314321 0)
(-2.36086 -0.105242 0)
(-1.46153 0.124447 0)
(-0.37354 0.418543 0)
(0.830283 0.684944 0)
(1.86037 0.86835 0)
(2.67124 1.05765 0)
(3.33827 1.16313 0)
(3.96222 1.22198 0)
(4.59258 1.19134 0)
(5.1058 1.15031 0)
(5.26761 1.16352 0)
(5.08639 1.30642 0)
(4.81547 1.43864 0)
(4.60542 1.55372 0)
(4.44327 1.65081 0)
(4.14879 1.76329 0)
(3.71344 1.90205 0)
(2.79271 2.19935 0)
(-1.02197 -0.47723 0)
(-0.718152 -0.498783 0)
(-0.70256 -0.443822 0)
(-0.801918 -0.310525 0)
(-1.12507 -0.253367 0)
(-1.64812 -0.22409 0)
(-2.13595 -0.245499 0)
(-2.51168 -0.340202 0)
(-2.73293 -0.472679 0)
(-2.81859 -0.566396 0)
(-2.95289 -0.721446 0)
(-3.20753 -0.878623 0)
(-3.51042 -1.00262 0)
(-3.7877 -1.2075 0)
(-3.98059 -1.42811 0)
(-4.02998 -1.52837 0)
(-4.04423 -1.54649 0)
(-4.10073 -1.55357 0)
(-4.1705 -1.5197 0)
(-4.16614 -1.52014 0)
(-4.04899 -1.58102 0)
(-3.85235 -1.62566 0)
(-3.57193 -1.61193 0)
(-3.14051 -1.57041 0)
(-2.49799 -1.49431 0)
(-1.63538 -1.40055 0)
(-0.513258 -1.20386 0)
(0.71392 -0.932672 0)
(1.71764 -0.677446 0)
(2.53887 -0.477236 0)
(3.27057 -0.328404 0)
(3.96932 -0.219492 0)
(4.61593 -0.179754 0)
(5.04165 -0.00536746 0)
(5.07438 0.236206 0)
(4.87139 0.529139 0)
(4.63499 0.783556 0)
(4.45946 0.981318 0)
(4.29944 1.16061 0)
(3.94979 1.43021 0)
(3.48094 1.68355 0)
(2.541 2.141 0)
(-1.00557 -0.440692 0)
(-0.743545 -0.392387 0)
(-0.770283 -0.400669 0)
(-0.844682 -0.296754 0)
(-1.14302 -0.282284 0)
(-1.61253 -0.318882 0)
(-2.04447 -0.395982 0)
(-2.39076 -0.542801 0)
(-2.59793 -0.693938 0)
(-2.69369 -0.795439 0)
(-2.80821 -0.916133 0)
(-3.05224 -1.09576 0)
(-3.32196 -1.2807 0)
(-3.5743 -1.50234 0)
(-3.78411 -1.76307 0)
(-3.91088 -1.96004 0)
(-4.0126 -2.03883 0)
(-4.10122 -2.10078 0)
(-4.1428 -2.16916 0)
(-4.08199 -2.28105 0)
(-3.94068 -2.47428 0)
(-3.78889 -2.62231 0)
(-3.57063 -2.70805 0)
(-3.16818 -2.76476 0)
(-2.53187 -2.79174 0)
(-1.6851 -2.82693 0)
(-0.652055 -2.80118 0)
(0.489712 -2.61545 0)
(1.52992 -2.37383 0)
(2.38391 -2.16059 0)
(3.15115 -1.93907 0)
(3.85359 -1.70945 0)
(4.40898 -1.43523 0)
(4.70551 -0.995435 0)
(4.69596 -0.584919 0)
(4.53945 -0.183289 0)
(4.37703 0.13071 0)
(4.23845 0.388035 0)
(4.02516 0.702844 0)
(3.59546 1.11538 0)
(3.10369 1.47901 0)
(2.22476 2.04493 0)
(-1.054 -0.432534 0)
(-0.729847 -0.299543 0)
(-0.788261 -0.383081 0)
(-0.878362 -0.304574 0)
(-1.10512 -0.282269 0)
(-1.52634 -0.357898 0)
(-1.91711 -0.461952 0)
(-2.23972 -0.621211 0)
(-2.45991 -0.774934 0)
(-2.58541 -0.887713 0)
(-2.67069 -0.965628 0)
(-2.85126 -1.13687 0)
(-3.09205 -1.39232 0)
(-3.32458 -1.63271 0)
(-3.53939 -1.90877 0)
(-3.71665 -2.16912 0)
(-3.8606 -2.3726 0)
(-3.98634 -2.52356 0)
(-4.00974 -2.67888 0)
(-3.88491 -2.88702 0)
(-3.71171 -3.14083 0)
(-3.5999 -3.36382 0)
(-3.46536 -3.544 0)
(-3.1318 -3.68842 0)
(-2.51207 -3.80928 0)
(-1.67346 -3.91291 0)
(-0.718307 -4.00965 0)
(0.267461 -4.01215 0)
(1.21697 -3.85683 0)
(2.06029 -3.60361 0)
(2.809 -3.25841 0)
(3.44916 -2.84016 0)
(3.92122 -2.34634 0)
(4.18234 -1.78479 0)
(4.23422 -1.28753 0)
(4.17466 -0.856202 0)
(4.07401 -0.489621 0)
(3.89802 -0.12251 0)
(3.60128 0.341822 0)
(3.12145 0.846237 0)
(2.65731 1.25201 0)
(1.86746 1.91412 0)
(-1.2171 -0.490799 0)
(-0.721041 -0.236186 0)
(-0.774105 -0.384784 0)
(-0.95559 -0.398527 0)
(-1.09247 -0.310364 0)
(-1.43521 -0.369538 0)
(-1.78975 -0.46493 0)
(-2.08648 -0.599028 0)
(-2.32535 -0.749833 0)
(-2.48124 -0.875535 0)
(-2.55871 -0.950417 0)
(-2.6491 -1.06168 0)
(-2.83357 -1.31592 0)
(-3.0486 -1.59208 0)
(-3.26135 -1.86149 0)
(-3.45756 -2.14808 0)
(-3.62411 -2.4264 0)
(-3.74275 -2.68721 0)
(-3.76597 -2.91483 0)
(-3.63357 -3.14405 0)
(-3.46582 -3.37139 0)
(-3.34384 -3.61923 0)
(-3.19033 -3.89508 0)
(-2.90153 -4.1643 0)
(-2.3736 -4.40508 0)
(-1.60575 -4.57373 0)
(-0.650745 -4.66125 0)
(0.296074 -4.65315 0)
(1.06805 -4.52917 0)
(1.71247 -4.29612 0)
(2.33315 -3.93596 0)
(2.90592 -3.46356 0)
(3.35636 -2.91777 0)
(3.63889 -2.36471 0)
(3.75792 -1.85935 0)
(3.7524 -1.39445 0)
(3.64626 -0.930652 0)
(3.41383 -0.454393 0)
(3.0782 0.0625391 0)
(2.6271 0.561894 0)
(2.20488 0.952594 0)
(1.3344 1.73046 0)
(-1.41736 -0.579143 0)
(-0.80171 -0.196506 0)
(-0.650946 -0.265656 0)
(-0.971329 -0.440844 0)
(-1.1525 -0.363252 0)
(-1.38005 -0.377127 0)
(-1.69207 -0.438314 0)
(-1.95951 -0.537762 0)
(-2.18969 -0.665117 0)
(-2.37074 -0.805539 0)
(-2.47093 -0.905032 0)
(-2.50904 -0.971051 0)
(-2.59172 -1.1012 0)
(-2.76853 -1.38215 0)
(-2.9647 -1.65586 0)
(-3.16006 -1.93396 0)
(-3.33441 -2.22441 0)
(-3.46856 -2.52028 0)
(-3.50567 -2.79422 0)
(-3.40441 -3.02896 0)
(-3.23309 -3.25755 0)
(-3.07796 -3.512 0)
(-2.87618 -3.81501 0)
(-2.51573 -4.15201 0)
(-1.96901 -4.49018 0)
(-1.26751 -4.74604 0)
(-0.476923 -4.83953 0)
(0.277671 -4.77426 0)
(0.933746 -4.61133 0)
(1.49088 -4.37593 0)
(1.98867 -4.06479 0)
(2.46131 -3.66139 0)
(2.85878 -3.18733 0)
(3.12523 -2.68926 0)
(3.24833 -2.19034 0)
(3.24574 -1.69368 0)
(3.1342 -1.20018 0)
(2.90591 -0.734959 0)
(2.59961 -0.298597 0)
(2.20787 0.123439 0)
(1.68956 0.521714 0)
(0.788093 1.17977 0)
(-1.56278 -0.746234 0)
(-1.13659 -0.343103 0)
(-0.523862 -0.0391872 0)
(-0.88243 -0.369934 0)
(-1.15245 -0.32656 0)
(-1.36152 -0.383768 0)
(-1.62119 -0.399758 0)
(-1.87308 -0.483188 0)
(-2.05898 -0.556901 0)
(-2.24139 -0.707591 0)
(-2.38213 -0.845859 0)
(-2.43664 -0.917095 0)
(-2.46203 -0.976461 0)
(-2.54557 -1.09898 0)
(-2.69741 -1.33749 0)
(-2.87383 -1.61617 0)
(-3.04667 -1.88878 0)
(-3.19882 -2.15983 0)
(-3.26945 -2.44941 0)
(-3.17738 -2.76065 0)
(-2.97749 -3.07616 0)
(-2.79081 -3.35644 0)
(-2.59648 -3.63575 0)
(-2.28323 -3.92062 0)
(-1.80891 -4.2123 0)
(-1.2379 -4.46854 0)
(-0.60345 -4.61093 0)
(0.0560398 -4.59734 0)
(0.659741 -4.46002 0)
(1.17505 -4.24563 0)
(1.63137 -3.96925 0)
(2.04376 -3.62986 0)
(2.38939 -3.23378 0)
(2.63202 -2.80422 0)
(2.75559 -2.36764 0)
(2.77179 -1.94473 0)
(2.69501 -1.54922 0)
(2.51972 -1.18164 0)
(2.2242 -0.847899 0)
(1.7865 -0.477564 0)
(1.19251 -0.0718282 0)
(0.458883 0.256102 0)
(-1.7349 -0.890646 0)
(-1.63709 -0.679368 0)
(-0.550249 0.152243 0)
(-0.751575 -0.264488 0)
(-1.05851 -0.214283 0)
(-1.34846 -0.373099 0)
(-1.56833 -0.365617 0)
(-1.81525 -0.434987 0)
(-1.96372 -0.473723 0)
(-2.09661 -0.592402 0)
(-2.25386 -0.762356 0)
(-2.36154 -0.897594 0)
(-2.39816 -0.963334 0)
(-2.4327 -1.04628 0)
(-2.51696 -1.16006 0)
(-2.65125 -1.35488 0)
(-2.79562 -1.609 0)
(-2.90889 -1.91226 0)
(-2.93824 -2.27412 0)
(-2.86381 -2.64923 0)
(-2.7127 -3.00007 0)
(-2.52678 -3.31729 0)
(-2.32783 -3.59882 0)
(-2.01456 -3.87695 0)
(-1.50523 -4.1149 0)
(-0.951137 -4.26866 0)
(-0.428751 -4.34291 0)
(0.0730419 -4.33437 0)
(0.547521 -4.24387 0)
(0.977845 -4.08506 0)
(1.36801 -3.87836 0)
(1.72584 -3.62828 0)
(2.0323 -3.33907 0)
(2.25943 -3.02493 0)
(2.39333 -2.70549 0)
(2.43236 -2.39009 0)
(2.36659 -2.07787 0)
(2.18543 -1.73899 0)
(1.87171 -1.38945 0)
(1.43563 -1.03729 0)
(0.904291 -0.734472 0)
(0.305928 -0.59962 0)
(-2.02346 -0.567357 0)
(-2.04989 -0.821038 0)
(-0.826252 0.151673 0)
(-0.643324 -0.166716 0)
(-0.955052 -0.140944 0)
(-1.26003 -0.288386 0)
(-1.5166 -0.33409 0)
(-1.77211 -0.380495 0)
(-1.90558 -0.410901 0)
(-1.95699 -0.476078 0)
(-2.08617 -0.666477 0)
(-2.2193 -0.859959 0)
(-2.29279 -1.00326 0)
(-2.32783 -1.14271 0)
(-2.3706 -1.2898 0)
(-2.43841 -1.47155 0)
(-2.5146 -1.72299 0)
(-2.55702 -2.03525 0)
(-2.54136 -2.39096 0)
(-2.47111 -2.75134 0)
(-2.37501 -3.08149 0)
(-2.26127 -3.38887 0)
(-2.08874 -3.7038 0)
(-1.81992 -4.00746 0)
(-1.45662 -4.23892 0)
(-1.01784 -4.37228 0)
(-0.535977 -4.42604 0)
(-0.0550419 -4.41084 0)
(0.388053 -4.34186 0)
(0.782372 -4.23627 0)
(1.1439 -4.0969 0)
(1.47765 -3.91915 0)
(1.76357 -3.70061 0)
(1.97722 -3.44144 0)
(2.10087 -3.15013 0)
(2.1232 -2.83068 0)
(2.03459 -2.48839 0)
(1.8368 -2.13535 0)
(1.54126 -1.79843 0)
(1.16732 -1.50343 0)
(0.731935 -1.28587 0)
(0.246931 -1.19621 0)
(-1.99133 0.472854 0)
(-2.15083 -0.510073 0)
(-1.03393 0.0383652 0)
(-0.573376 -0.0603556 0)
(-0.860283 -0.10408 0)
(-1.16444 -0.192904 0)
(-1.46703 -0.303792 0)
(-1.74213 -0.31722 0)
(-1.87457 -0.346639 0)
(-1.84682 -0.394854 0)
(-1.89833 -0.558343 0)
(-2.01758 -0.802711 0)
(-2.10969 -1.02271 0)
(-2.15445 -1.21518 0)
(-2.17777 -1.43693 0)
(-2.20246 -1.66673 0)
(-2.2301 -1.92634 0)
(-2.24057 -2.21171 0)
(-2.2156 -2.51425 0)
(-2.14662 -2.82155 0)
(-2.03861 -3.12229 0)
(-1.89758 -3.41937 0)
(-1.71542 -3.7163 0)
(-1.47421 -3.99811 0)
(-1.16964 -4.23528 0)
(-0.817925 -4.40507 0)
(-0.435337 -4.5005 0)
(-0.0394195 -4.52696 0)
(0.344817 -4.49159 0)
(0.704793 -4.41094 0)
(1.03203 -4.29109 0)
(1.32082 -4.12636 0)
(1.55625 -3.91274 0)
(1.72093 -3.65346 0)
(1.80284 -3.35636 0)
(1.7953 -3.03311 0)
(1.6977 -2.70187 0)
(1.518 -2.38495 0)
(1.26746 -2.10225 0)
(0.957131 -1.86719 0)
(0.596324 -1.70033 0)
(0.199816 -1.63284 0)
(-1.92704 0.428483 0)
(-2.02063 -0.0374552 0)
(-1.08448 0.0173697 0)
(-0.514291 0.0471472 0)
(-0.780709 -0.0512038 0)
(-1.09237 -0.0986895 0)
(-1.39837 -0.218957 0)
(-1.71836 -0.23151 0)
(-1.85319 -0.260466 0)
(-1.7501 -0.325545 0)
(-1.70927 -0.46123 0)
(-1.78544 -0.736534 0)
(-1.88147 -1.00803 0)
(-1.94039 -1.21455 0)
(-1.95285 -1.46371 0)
(-1.9658 -1.71155 0)
(-1.98263 -1.96616 0)
(-1.98172 -2.22785 0)
(-1.952 -2.49517 0)
(-1.88959 -2.7646 0)
(-1.79292 -3.03287 0)
(-1.66186 -3.29994 0)
(-1.49142 -3.56306 0)
(-1.27208 -3.81236 0)
(-1.00243 -4.03219 0)
(-0.693202 -4.20713 0)
(-0.359214 -4.32655 0)
(-0.01708 -4.38559 0)
(0.317831 -4.38435 0)
(0.628856 -4.32895 0)
(0.907628 -4.22513 0)
(1.14619 -4.07386 0)
(1.33374 -3.87691 0)
(1.4597 -3.64078 0)
(1.51679 -3.37656 0)
(1.50189 -3.09863 0)
(1.416 -2.8237 0)
(1.26416 -2.56762 0)
(1.05358 -2.34168 0)
(0.792738 -2.15476 0)
(0.491221 -2.02415 0)
(0.164154 -1.9723 0)
(-1.56285 0.548493 0)
(-1.84874 0.269176 0)
(-1.02927 0.186269 0)
(-0.479278 0.0958946 0)
(-0.719653 0.0420792 0)
(-1.03916 0.0286311 0)
(-1.3135 -0.0651247 0)
(-1.67497 -0.10221 0)
(-1.81252 -0.140184 0)
(-1.63229 -0.258808 0)
(-1.50188 -0.401704 0)
(-1.51475 -0.674008 0)
(-1.61054 -0.975748 0)
(-1.69698 -1.1903 0)
(-1.70782 -1.43534 0)
(-1.71486 -1.67716 0)
(-1.7303 -1.91932 0)
(-1.72698 -2.16234 0)
(-1.69264 -2.40452 0)
(-1.62693 -2.64565 0)
(-1.5308 -2.88311 0)
(-1.40314 -3.11627 0)
(-1.24147 -3.34347 0)
(-1.04417 -3.55749 0)
(-0.812936 -3.74745 0)
(-0.553805 -3.90314 0)
(-0.276067 -4.01698 0)
(0.00897526 -4.08428 0)
(0.288536 -4.10306 0)
(0.549401 -4.07396 0)
(0.782112 -4.00032 0)
(0.978518 -3.88547 0)
(1.13022 -3.73389 0)
(1.22976 -3.55262 0)
(1.27208 -3.35093 0)
(1.25499 -3.13955 0)
(1.17931 -2.93001 0)
(1.04906 -2.73319 0)
(0.870802 -2.55804 0)
(0.652488 -2.41331 0)
(0.402896 -2.31355 0)
(0.134629 -2.27415 0)
(-2.03856 0.364124 0)
(-1.80419 0.246242 0)
(-0.954382 0.226292 0)
(-0.444775 0.152281 0)
(-0.692812 0.2118 0)
(-0.990814 0.20624 0)
(-1.22818 0.116249 0)
(-1.5942 0.074832 0)
(-1.70976 -0.00483913 0)
(-1.46008 -0.195099 0)
(-1.25301 -0.376716 0)
(-1.21422 -0.666507 0)
(-1.31357 -0.964297 0)
(-1.43063 -1.18752 0)
(-1.45016 -1.4239 0)
(-1.45252 -1.65163 0)
(-1.46668 -1.87568 0)
(-1.46741 -2.09661 0)
(-1.43936 -2.31101 0)
(-1.38006 -2.52085 0)
(-1.28997 -2.72657 0)
(-1.16965 -2.9276 0)
(-1.0191 -3.12197 0)
(-0.838991 -3.30487 0)
(-0.63296 -3.46928 0)
(-0.407592 -3.60796 0)
(-0.171324 -3.71471 0)
(0.0667075 -3.7854 0)
(0.297489 -3.81843 0)
(0.512077 -3.81446 0)
(0.702309 -3.77548 0)
(0.86065 -3.70421 0)
(0.98008 -3.60435 0)
(1.05484 -3.48086 0)
(1.08124 -3.33991 0)
(1.05806 -3.18872 0)
(0.986859 -3.03554 0)
(0.871917 -2.88888 0)
(0.719462 -2.75653 0)
(0.53645 -2.64653 0)
(0.330299 -2.5708 0)
(0.110601 -2.54078 0)
(-1.84092 0.23481 0)
(-1.65772 0.210869 0)
(-0.89617 0.177193 0)
(-0.522816 0.226225 0)
(-0.721714 0.359956 0)
(-0.943813 0.358927 0)
(-1.15153 0.286278 0)
(-1.47776 0.235483 0)
(-1.51752 0.0701072 0)
(-1.22134 -0.187308 0)
(-0.965842 -0.42261 0)
(-0.90904 -0.720958 0)
(-1.02513 -0.993295 0)
(-1.16837 -1.21534 0)
(-1.20713 -1.44291 0)
(-1.2171 -1.65082 0)
(-1.23653 -1.84954 0)
(-1.24411 -2.04373 0)
(-1.22188 -2.23083 0)
(-1.16713 -2.41286 0)
(-1.08144 -2.59098 0)
(-0.966452 -2.76521 0)
(-0.824739 -2.93435 0)
(-0.659713 -3.09492 0)
(-0.47561 -3.24144 0)
(-0.277795 -3.3682 0)
(-0.0728448 -3.47062 0)
(0.13123 -3.54548 0)
(0.326913 -3.59172 0)
(0.506946 -3.60987 0)
(0.66445 -3.60138 0)
(0.79286 -3.56815 0)
(0.886178 -3.51252 0)
(0.939695 -3.43737 0)
(0.950737 -3.34629 0)
(0.919152 -3.2438 0)
(0.847504 -3.1356 0)
(0.740751 -3.02822 0)
(0.605293 -2.92836 0)
(0.447747 -2.84363 0)
(0.274436 -2.78485 0)
(0.0920559 -2.76166 0)
(-1.81742 0.116979 0)
(-1.60412 0.124087 0)
(-0.986221 0.0582356 0)
(-0.668407 0.167177 0)
(-0.784595 0.25741 0)
(-0.929343 0.265664 0)
(-1.12812 0.270876 0)
(-1.34807 0.233583 0)
(-1.25272 -0.0082524 0)
(-0.926057 -0.290888 0)
(-0.670032 -0.550612 0)
(-0.62429 -0.812725 0)
(-0.756958 -1.0508 0)
(-0.917168 -1.26658 0)
(-0.980227 -1.48378 0)
(-1.00595 -1.67182 0)
(-1.03223 -1.84393 0)
(-1.04644 -2.00936 0)
(-1.03099 -2.16747 0)
(-0.981522 -2.32179 0)
(-0.900334 -2.47486 0)
(-0.790118 -2.62606 0)
(-0.654596 -2.77351 0)
(-0.499368 -2.91503 0)
(-0.330502 -3.04713 0)
(-0.153611 -3.1651 0)
(0.0260716 -3.26528 0)
(0.203337 -3.34499 0)
(0.372194 -3.40343 0)
(0.526479 -3.44153 0)
(0.659808 -3.46056 0)
(0.765818 -3.46175 0)
(0.8387 -3.44603 0)
(0.874094 -3.41414 0)
(0.869982 -3.36702 0)
(0.827266 -3.30641 0)
(0.749879 -3.23541 0)
(0.644208 -3.15869 0)
(0.517834 -3.08235 0)
(0.377868 -3.01443 0)
(0.229726 -2.96624 0)
(0.0770991 -2.9474 0)
(-1.64529 0.058929 0)
(-1.45479 -0.123897 0)
(-1.03696 -0.115222 0)
(-0.791892 -0.0240224 0)
(-0.84006 0.0480897 0)
(-0.96325 0.0926951 0)
(-1.13379 0.123314 0)
(-1.1749 0.0125768 0)
(-0.945376 -0.259904 0)
(-0.630065 -0.524776 0)
(-0.414541 -0.740523 0)
(-0.387825 -0.936162 0)
(-0.518596 -1.13626 0)
(-0.678719 -1.3403 0)
(-0.767623 -1.54638 0)
(-0.819869 -1.71499 0)
(-0.861581 -1.85723 0)
(-0.885047 -1.98615 0)
(-0.874297 -2.10607 0)
(-0.82492 -2.22574 0)
(-0.742687 -2.35324 0)
(-0.634149 -2.48849 0)
(-0.503665 -2.62456 0)
(-0.356109 -2.75482 0)
(-0.197934 -2.87603 0)
(-0.0354893 -2.9865 0)
(0.126423 -3.084 0)
(0.284416 -3.16746 0)
(0.434204 -3.23726 0)
(0.570654 -3.29451 0)
(0.68748 -3.34044 0)
(0.777791 -3.37547 0)
(0.835077 -3.39882 0)
(0.854493 -3.40882 0)
(0.83413 -3.40345 0)
(0.775958 -3.38115 0)
(0.685988 -3.34199 0)
(0.573277 -3.28859 0)
(0.44799 -3.22684 0)
(0.318838 -3.16659 0)
(0.190656 -3.12191 0)
(0.0637724 -3.10442 0)
(-1.39355 -0.0156151 0)
(-1.28704 -0.266453 0)
(-1.06017 -0.255257 0)
(-0.893635 -0.243646 0)
(-0.912722 -0.162047 0)
(-1.01447 -0.112932 0)
(-1.05801 -0.164833 0)
(-0.91963 -0.376285 0)
(-0.660679 -0.629106 0)
(-0.398679 -0.819867 0)
(-0.224269 -0.949854 0)
(-0.204895 -1.08298 0)
(-0.309102 -1.24983 0)
(-0.457011 -1.4405 0)
(-0.573301 -1.63324 0)
(-0.661447 -1.78334 0)
(-0.729468 -1.89515 0)
(-0.769336 -1.98159 0)
(-0.763842 -2.05036 0)
(-0.705817 -2.1169 0)
(-0.606895 -2.20217 0)
(-0.486745 -2.31659 0)
(-0.356815 -2.45057 0)
(-0.21833 -2.5854 0)
(-0.0721033 -2.70904 0)
(0.0777154 -2.8187 0)
(0.227677 -2.91577 0)
(0.374144 -3.00301 0)
(0.51374 -3.08337 0)
(0.64155 -3.15937 0)
(0.750526 -3.23243 0)
(0.832115 -3.30222 0)
(0.877974 -3.3664 0)
(0.881998 -3.42066 0)
(0.842169 -3.45905 0)
(0.761878 -3.47518 0)
(0.650119 -3.46461 0)
(0.520061 -3.42738 0)
(0.386372 -3.36985 0)
(0.261376 -3.30575 0)
(0.150284 -3.2552 0)
(0.0495199 -3.23461 0)
(-1.21629 -0.226728 0)
(-1.09794 -0.351887 0)
(-1.03707 -0.410105 0)
(-0.962699 -0.431673 0)
(-0.966089 -0.388905 0)
(-0.967753 -0.425406 0)
(-0.858314 -0.589974 0)
(-0.662716 -0.820284 0)
(-0.451394 -0.998617 0)
(-0.25402 -1.09454 0)
(-0.108282 -1.15873 0)
(-0.0600175 -1.25177 0)
(-0.118159 -1.39406 0)
(-0.249437 -1.57135 0)
(-0.393738 -1.75336 0)
(-0.526988 -1.89079 0)
(-0.636491 -1.9803 0)
(-0.708682 -2.03163 0)
(-0.720675 -2.05055 0)
(-0.654447 -2.05272 0)
(-0.520449 -2.06938 0)
(-0.358254 -2.1316 0)
(-0.204921 -2.24404 0)
(-0.0689361 -2.3828 0)
(0.0599742 -2.52102 0)
(0.192678 -2.64324 0)
(0.330179 -2.74711 0)
(0.469557 -2.84037 0)
(0.606418 -2.93159 0)
(0.734191 -3.02674 0)
(0.84358 -3.12869 0)
(0.92367 -3.23707 0)
(0.963853 -3.34782 0)
(0.955856 -3.45298 0)
(0.895715 -3.54099 0)
(0.786281 -3.59868 0)
(0.6396 -3.61532 0)
(0.476301 -3.58712 0)
(0.320333 -3.52082 0)
(0.191572 -3.43648 0)
(0.0977157 -3.36531 0)
(0.030329 -3.33381 0)
(-1.03341 -0.369318 0)
(-0.939952 -0.435419 0)
(-0.968156 -0.517717 0)
(-0.955278 -0.605218 0)
(-0.914763 -0.642608 0)
(-0.79611 -0.772357 0)
(-0.617944 -0.988512 0)
(-0.461549 -1.1765 0)
(-0.334544 -1.27961 0)
(-0.1907 -1.32884 0)
(-0.0424469 -1.3739 0)
(0.0487787 -1.45299 0)
(0.0436718 -1.57519 0)
(-0.0598325 -1.73585 0)
(-0.225923 -1.90808 0)
(-0.406854 -2.0431 0)
(-0.566606 -2.13284 0)
(-0.685764 -2.17956 0)
(-0.736679 -2.1823 0)
(-0.686319 -2.14899 0)
(-0.530269 -2.10377 0)
(-0.313142 -2.08421 0)
(-0.101672 -2.12318 0)
(0.0683461 -2.2205 0)
(0.202324 -2.34134 0)
(0.321184 -2.46051 0)
(0.443481 -2.57114 0)
(0.577792 -2.67439 0)
(0.720186 -2.77903 0)
(0.859841 -2.89416 0)
(0.983553 -3.02516 0)
(1.07616 -3.17295 0)
(1.12174 -3.33362 0)
(1.10538 -3.49765 0)
(1.01667 -3.64815 0)
(0.85713 -3.76108 0)
(0.647558 -3.8118 0)
(0.424995 -3.78677 0)
(0.228041 -3.693 0)
(0.0868541 -3.56177 0)
(0.016795 -3.44405 0)
(-0.000441213 -3.38714 0)
(-0.86321 -0.430796 0)
(-0.818935 -0.499874 0)
(-0.842066 -0.570553 0)
(-0.857005 -0.743805 0)
(-0.76855 -0.863686 0)
(-0.575916 -1.03539 0)
(-0.412705 -1.22893 0)
(-0.334397 -1.3619 0)
(-0.274033 -1.43573 0)
(-0.143469 -1.4791 0)
(0.0356122 -1.54641 0)
(0.169738 -1.6554 0)
(0.206237 -1.78299 0)
(0.118933 -1.92449 0)
(-0.064275 -2.07981 0)
(-0.278706 -2.23499 0)
(-0.478956 -2.36145 0)
(-0.64581 -2.44318 0)
(-0.747715 -2.47345 0)
(-0.738428 -2.45631 0)
(-0.591657 -2.39522 0)
(-0.336152 -2.30456 0)
(-0.0578324 -2.2261 0)
(0.157893 -2.19843 0)
(0.309319 -2.22098 0)
(0.438354 -2.28398 0)
(0.562353 -2.37496 0)
(0.697458 -2.47675 0)
(0.848296 -2.58733 0)
(1.00469 -2.7161 0)
(1.14914 -2.87371 0)
(1.26104 -3.06755 0)
(1.31759 -3.29912 0)
(1.29495 -3.55803 0)
(1.17469 -3.81345 0)
(0.957442 -4.01364 0)
(0.671113 -4.10612 0)
(0.365554 -4.06775 0)
(0.10112 -3.91392 0)
(-0.0720761 -3.68945 0)
(-0.121023 -3.47471 0)
(-0.0565123 -3.36521 0)
(-0.739887 -0.441488 0)
(-0.712874 -0.548251 0)
(-0.670655 -0.576609 0)
(-0.686213 -0.799518 0)
(-0.586065 -0.993123 0)
(-0.398056 -1.14181 0)
(-0.283444 -1.28002 0)
(-0.261642 -1.36706 0)
(-0.220512 -1.43005 0)
(-0.0581268 -1.52872 0)
(0.161463 -1.65828 0)
(0.3066 -1.80301 0)
(0.341394 -1.94017 0)
(0.26492 -2.08207 0)
(0.106649 -2.26053 0)
(-0.0960077 -2.48171 0)
(-0.322755 -2.68053 0)
(-0.547212 -2.80896 0)
(-0.715178 -2.85231 0)
(-0.765509 -2.82222 0)
(-0.67553 -2.74185 0)
(-0.465507 -2.61216 0)
(-0.184305 -2.43723 0)
(0.0879221 -2.26948 0)
(0.306438 -2.16387 0)
(0.494565 -2.13812 0)
(0.656415 -2.17945 0)
(0.810721 -2.26119 0)
(0.982029 -2.37181 0)
(1.17309 -2.52065 0)
(1.3678 -2.72437 0)
(1.54148 -2.99718 0)
(1.661 -3.34069 0)
(1.6824 -3.72902 0)
(1.55768 -4.09923 0)
(1.25461 -4.36915 0)
(0.791811 -4.47745 0)
(0.273094 -4.40494 0)
(-0.152244 -4.1714 0)
(-0.386631 -3.81327 0)
(-0.392946 -3.43426 0)
(-0.178303 -3.203 0)
(-0.619329 -0.352623 0)
(-0.61345 -0.560415 0)
(-0.479338 -0.558533 0)
(-0.452789 -0.724619 0)
(-0.389487 -1.00604 0)
(-0.256144 -1.15717 0)
(-0.166405 -1.28552 0)
(-0.140833 -1.41469 0)
(-0.0740211 -1.55507 0)
(0.0958076 -1.6886 0)
(0.301457 -1.78642 0)
(0.447321 -1.89825 0)
(0.506545 -2.03268 0)
(0.48971 -2.22065 0)
(0.393838 -2.50497 0)
(0.19671 -2.82523 0)
(-0.0967086 -3.09307 0)
(-0.428607 -3.23909 0)
(-0.707115 -3.22958 0)
(-0.843106 -3.10442 0)
(-0.813039 -2.93619 0)
(-0.667144 -2.77155 0)
(-0.438116 -2.59005 0)
(-0.14705 -2.37247 0)
(0.170239 -2.1717 0)
(0.461583 -2.05913 0)
(0.701608 -2.03743 0)
(0.911428 -2.08713 0)
(1.13576 -2.19396 0)
(1.3942 -2.36143 0)
(1.67217 -2.59804 0)
(1.93319 -2.90793 0)
(2.11444 -3.28009 0)
(2.11865 -3.67476 0)
(1.84426 -4.01911 0)
(1.27191 -4.23017 0)
(0.552533 -4.25524 0)
(-0.105272 -4.11122 0)
(-0.600968 -3.85057 0)
(-0.878766 -3.48272 0)
(-0.80963 -3.02957 0)
(-0.356821 -2.66041 0)
(-0.42454 -0.110579 0)
(-0.478331 -0.461789 0)
(-0.383857 -0.519101 0)
(-0.174831 -0.490447 0)
(-0.123122 -0.836114 0)
(-0.0756123 -1.08963 0)
(0.0102542 -1.23231 0)
(0.046177 -1.37345 0)
(0.0906934 -1.5378 0)
(0.216851 -1.6986 0)
(0.407536 -1.82607 0)
(0.588939 -1.9541 0)
(0.720201 -2.14249 0)
(0.788976 -2.4174 0)
(0.747696 -2.77118 0)
(0.532725 -3.13927 0)
(0.131797 -3.41183 0)
(-0.376587 -3.50789 0)
(-0.835042 -3.44193 0)
(-1.07816 -3.23955 0)
(-1.0532 -2.9413 0)
(-0.86391 -2.65967 0)
(-0.634681 -2.48117 0)
(-0.382406 -2.34921 0)
(-0.0406963 -2.18687 0)
(0.35794 -2.02325 0)
(0.702607 -1.93452 0)
(0.99462 -1.93486 0)
(1.29212 -2.00875 0)
(1.62195 -2.1419 0)
(1.96344 -2.32025 0)
(2.26777 -2.52776 0)
(2.45341 -2.74305 0)
(2.3989 -2.91319 0)
(2.01519 -2.98743 0)
(1.36021 -2.9328 0)
(0.582041 -2.74603 0)
(-0.203757 -2.49563 0)
(-0.889448 -2.26194 0)
(-1.30791 -2.01507 0)
(-1.353 -1.71127 0)
(-0.775857 -1.30392 0)
(-0.208035 0.132257 0)
(-0.193378 -0.0578997 0)
(-0.351951 -0.293203 0)
(-0.216194 -0.417526 0)
(0.219062 -0.247615 0)
(0.170138 -0.673395 0)
(0.134017 -0.968437 0)
(0.20764 -1.16093 0)
(0.301055 -1.306 0)
(0.413652 -1.46554 0)
(0.582402 -1.63938 0)
(0.801317 -1.79645 0)
(1.01447 -1.97593 0)
(1.1503 -2.2174 0)
(1.11768 -2.51515 0)
(0.827042 -2.80053 0)
(0.253459 -2.9673 0)
(-0.478096 -2.96868 0)
(-1.08742 -2.92505 0)
(-1.4456 -2.82532 0)
(-1.48506 -2.61268 0)
(-1.1981 -2.29313 0)
(-0.780535 -2.02837 0)
(-0.448937 -1.93077 0)
(-0.161727 -1.9177 0)
(0.200138 -1.85364 0)
(0.626978 -1.75505 0)
(1.02498 -1.68984 0)
(1.3917 -1.67618 0)
(1.76141 -1.69647 0)
(2.11469 -1.71966 0)
(2.39287 -1.72932 0)
(2.50956 -1.7232 0)
(2.35992 -1.58923 0)
(1.89426 -1.35682 0)
(1.189 -1.04955 0)
(0.35115 -0.689218 0)
(-0.455418 -0.3197 0)
(-1.0121 -0.033087 0)
(-1.36333 0.147414 0)
(-1.54588 0.296764 0)
(-1.56267 0.687657 0)
(-0.65142 -0.289362 0)
(-0.112937 0.421107 0)
(0.17654 0.511373 0)
(-0.147778 -0.222589 0)
(0.223002 -0.326703 0)
(0.513583 -0.226341 0)
(0.509952 -0.268807 0)
(0.454923 -0.441602 0)
(0.474809 -0.649897 0)
(0.610762 -0.79663 0)
(0.778268 -0.965138 0)
(0.964944 -1.09942 0)
(1.17437 -1.19256 0)
(1.32848 -1.26376 0)
(1.3011 -1.31853 0)
(0.93541 -1.37614 0)
(0.229259 -1.47481 0)
(-0.500708 -1.46048 0)
(-1.07105 -1.44843 0)
(-1.52217 -1.4881 0)
(-1.71687 -1.51175 0)
(-1.55124 -1.53719 0)
(-1.01864 -1.35529 0)
(-0.49826 -1.21525 0)
(-0.0781115 -1.1808 0)
(0.233233 -1.24321 0)
(0.555956 -1.25994 0)
(0.928335 -1.20495 0)
(1.31917 -1.10706 0)
(1.69205 -0.97638 0)
(2.02278 -0.796096 0)
(2.24699 -0.55111 0)
(2.2851 -0.279806 0)
(2.03202 0.131243 0)
(1.51272 0.594421 0)
(0.77103 1.1549 0)
(-0.0324634 1.67938 0)
(-0.720816 2.04816 0)
(-1.24058 2.23575 0)
(-1.55201 2.26011 0)
(-1.71036 2.29501 0)
(-1.54663 2.13568 0)
(-0.458952 0.0685622 0)
(-0.877608 -0.0402705 0)
(0.148327 0.604372 0)
(0.558711 0.547117 0)
(0.447879 0.198226 0)
(0.31263 0.151803 0)
(0.372346 0.122098 0)
(0.482242 0.0651404 0)
(0.575821 0.0560567 0)
(0.69745 0.0151386 0)
(0.85338 0.0544517 0)
(1.00399 0.0577583 0)
(1.16938 0.0914695 0)
(1.29202 0.187483 0)
(1.27175 0.314846 0)
(1.01734 0.522668 0)
(0.515248 0.609146 0)
(-0.0238007 0.579051 0)
(-0.752346 0.440354 0)
(-1.25573 0.256538 0)
(-1.48147 0.0671902 0)
(-1.51991 -0.288912 0)
(-1.12726 -0.472105 0)
(-0.590284 -0.436238 0)
(-0.202397 -0.467978 0)
(0.226834 -0.415259 0)
(0.553305 -0.406615 0)
(0.838696 -0.364291 0)
(1.12601 -0.247933 0)
(1.40302 -0.0311204 0)
(1.64297 0.295227 0)
(1.78583 0.739463 0)
(1.73951 1.26558 0)
(1.40804 1.87212 0)
(0.861816 2.49361 0)
(0.184241 3.14962 0)
(-0.459604 3.68507 0)
(-0.97654 3.98995 0)
(-1.30103 4.04999 0)
(-1.42962 3.8499 0)
(-1.45319 3.60366 0)
(-1.30272 2.88792 0)
(-0.220513 0.0119974 0)
(-0.473182 -0.316925 0)
(-0.290181 -0.478157 0)
(0.0357018 0.0688785 0)
(0.341239 0.498703 0)
(0.584613 0.740412 0)
(0.694246 0.757945 0)
(0.670336 0.642015 0)
(0.656524 0.660185 0)
(0.700303 0.717714 0)
(0.786635 0.889208 0)
(0.909746 1.08076 0)
(0.995746 1.25363 0)
(0.996315 1.44903 0)
(0.892037 1.68121 0)
(0.705369 1.98383 0)
(0.427207 2.21302 0)
(-0.0707108 2.20317 0)
(-0.677383 2.01505 0)
(-1.07672 1.61849 0)
(-1.14008 1.33789 0)
(-1.13739 0.960855 0)
(-1.00865 0.453762 0)
(-0.589026 0.272712 0)
(-0.100003 0.278049 0)
(0.238744 0.284195 0)
(0.51705 0.396423 0)
(0.749799 0.546345 0)
(0.938894 0.721471 0)
(1.05896 0.990894 0)
(1.13335 1.38117 0)
(1.12668 1.87549 0)
(0.956293 2.45435 0)
(0.558418 3.09401 0)
(-0.0211378 3.81403 0)
(-0.566724 4.4747 0)
(-0.937658 4.85879 0)
(-1.1314 4.86234 0)
(-1.13237 4.56368 0)
(-1.01126 4.04724 0)
(-0.870258 3.53171 0)
(-0.722797 2.52944 0)
(-0.00313226 -0.00645171 0)
(-0.247784 -0.234085 0)
(-0.282986 -0.438742 0)
(-0.22333 -0.481734 0)
(-0.14568 -0.411882 0)
(-0.0196496 -0.15129 0)
(0.216876 0.279199 0)
(0.280302 0.685652 0)
(0.341949 1.08181 0)
(0.423552 1.42217 0)
(0.512398 1.75303 0)
(0.700708 2.05333 0)
(0.947794 2.2874 0)
(0.950626 2.47383 0)
(0.589483 2.76675 0)
(0.201392 3.2066 0)
(0.288967 3.50007 0)
(0.346741 3.46601 0)
(0.104154 3.1151 0)
(-0.32046 2.57568 0)
(-0.633698 2.08361 0)
(-0.693115 1.61624 0)
(-0.537086 1.13235 0)
(-0.269203 0.709285 0)
(-0.140869 0.530305 0)
(-0.0609384 0.612373 0)
(0.171959 0.811656 0)
(0.434747 1.08252 0)
(0.598094 1.36238 0)
(0.644392 1.71085 0)
(0.69727 2.15737 0)
(0.685301 2.63769 0)
(0.430538 3.08848 0)
(-0.198757 3.73174 0)
(-0.945336 4.11638 0)
(-1.10918 4.16159 0)
(-0.932279 3.94022 0)
(-0.710617 3.34767 0)
(-0.497724 2.83389 0)
(-0.268561 2.43105 0)
(0.00737566 2.0905 0)
(0.16511 1.51049 0)
(0.0693334 -0.140022 0)
(-0.0273502 -0.220815 0)
(-0.049577 -0.35082 0)
(-0.0469596 -0.482621 0)
(-0.0361298 -0.547426 0)
(-0.0204755 -0.561947 0)
(0.00242033 -0.511662 0)
(0.0236534 -0.420389 0)
(0.0385342 -0.298049 0)
(0.0564345 -0.135141 0)
(0.0814511 0.0624208 0)
(0.135135 0.352356 0)
(0.217095 0.794984 0)
(0.235874 1.48358 0)
(0.0186134 2.09114 0)
(-0.048636 1.60057 0)
(0.00426125 1.99265 0)
(0.0518507 2.402 0)
(0.0278542 2.59571 0)
(-0.0294448 2.51528 0)
(-0.0101884 2.1427 0)
(0.0429185 1.62041 0)
(0.104503 1.20301 0)
(0.167367 0.986225 0)
(0.165628 1.00512 0)
(-0.00299843 0.900142 0)
(0.0503681 1.01254 0)
(0.219995 1.1186 0)
(0.297267 1.39055 0)
(0.0598215 1.85671 0)
(-0.00999512 1.88213 0)
(0.00796007 2.50413 0)
(-0.035961 2.69521 0)
(-0.245159 3.00599 0)
(-0.214694 1.71814 0)
(-0.15771 1.32946 0)
(-0.143055 1.06186 0)
(-0.168334 0.694074 0)
(-0.183821 0.47945 0)
(-0.184774 0.377243 0)
(-0.17342 0.345221 0)
(-0.165061 0.415288 0)
(0.00613563 -0.322227 0)
(-0.0441796 -0.325197 0)
(-0.0730678 -0.361963 0)
(-0.0795947 -0.414979 0)
(-0.079259 -0.470451 0)
(-0.0633058 -0.521703 0)
(-0.0456947 -0.553483 0)
(-0.0363149 -0.56521 0)
(-0.0296753 -0.5659 0)
(-0.0263939 -0.556111 0)
(-0.0283424 -0.538476 0)
(-0.0351754 -0.511619 0)
(-0.0428565 -0.457666 0)
(-0.0410662 -0.383563 0)
(-0.0207843 -0.355731 0)
(0.00553909 -0.370116 0)
(0.0182278 -0.369801 0)
(0.0184531 -0.35395 0)
(0.0157672 -0.339756 0)
(0.0132827 -0.324789 0)
(0.0147632 -0.301842 0)
(0.0216425 -0.245804 0)
(0.0267896 -0.172114 0)
(0.0204795 -0.0809253 0)
(-0.0135084 0.0238584 0)
(-0.065112 0.0690065 0)
(-0.0652128 -0.0886569 0)
(-0.0502196 0.0449982 0)
(-0.0471625 0.174565 0)
(-0.0302456 0.18042 0)
(-0.00828036 0.170776 0)
(0.0100401 0.172712 0)
(0.0269568 0.192718 0)
(0.0446478 0.238972 0)
(0.0577145 0.189663 0)
(0.0733466 0.114729 0)
(0.099306 0.125732 0)
(0.0791662 0.0449909 0)
(0.0290289 -0.0375011 0)
(0.0138176 -0.133679 0)
(0.0578417 -0.211991 0)
(0.0970228 -0.275618 0)
)
;

boundaryField
{
    leftWall
    {
        type            noSlip;
    }
    rightWall
    {
        type            noSlip;
    }
    lowerWall
    {
        type            noSlip;
    }
    atmosphere
    {
        type            pressureInletOutletVelocity;
        value           nonuniform List<vector> 
44
(
(0 -0.343039 0)
(0 -1.01875 0)
(0 -0.688014 0)
(0.449798 0.157019 0)
(0.483869 0.591881 0)
(0.73346 1.30879 0)
(1.27267 2.05225 0)
(1.76779 2.5486 0)
(2.15551 2.76209 0)
(2.45886 2.77521 0)
(2.69422 2.67827 0)
(2.85864 2.53042 0)
(2.9393 2.37533 0)
(2.92919 2.25857 0)
(2.79271 2.19935 0)
(2.541 2.141 0)
(2.22476 2.04493 0)
(1.86746 1.91412 0)
(1.3344 1.73046 0)
(0.788093 1.17977 0)
(0.458883 0.256102 0)
(0 -0.59962 0)
(0 -1.19621 0)
(0 -1.63284 0)
(0 -1.9723 0)
(0 -2.27415 0)
(0 -2.54078 0)
(0 -2.76166 0)
(0 -2.9474 0)
(0 -3.10442 0)
(0 -3.23461 0)
(0 -3.33381 0)
(0 -3.38714 0)
(0 -3.36521 0)
(0 -3.203 0)
(0 -2.66041 0)
(0 -1.30392 0)
(-1.56267 0.687657 0)
(-1.54663 2.13568 0)
(-1.30272 2.88792 0)
(-0.722797 2.52944 0)
(0.16511 1.51049 0)
(-0.165061 0.415288 0)
(0 -0.275618 0)
)
;
    }
    frontAndBack
    {
        type            empty;
    }
}


// ************************************************************************* //
