/*--------------------------------*- C++ -*----------------------------------*\
  =========                 |
  \\      /  F ield         | OpenFOAM: The Open Source CFD Toolbox
   \\    /   O peration     | Website:  https://openfoam.org
    \\  /    A nd           | Version:  13
     \\/     M anipulation  |
\*---------------------------------------------------------------------------*/
FoamFile
{
    format      ascii;
    class       volScalarField;
    location    "0.95";
    object      p_rgh;
}
// * * * * * * * * * * * * * * * * * * * * * * * * * * * * * * * * * * * * * //

dimensions      [1 -1 -2 0 0 0 0];

internalField   nonuniform List<scalar> 
2016
(
576.176
572.818
367.143
207.503
587.587
432.102
183.797
104.694
639.872
198.632
57.3481
23.7628
419.742
68.0501
15.2548
7.18965
215.194
27.2785
6.6555
4.17148
161.557
21.2599
6.27064
4.61345
224.86
28.3776
7.80975
6.19739
287.832
59.2125
11.5932
9.33671
304.899
140.35
19.472
15.5716
287.587
260.903
53.2958
36.2754
277.291
306.329
174.272
123.112
320.962
361.655
340.629
307.829
434.095
506.826
431.827
318.514
605.671
666.228
555.6
439.589
801.878
772.79
727.565
723.022
942.118
933.705
872.997
879.91
1006.09
1016.9
937.353
870.021
1008.56
995.145
933.412
878.33
977.59
978.411
955.119
906.95
958.622
983.352
988.626
957.474
970.405
1019.17
1040.99
1036
970.801
948.221
1120.66
1145.71
964.282
903.767
960.237
979.035
885.603
906.606
985.381
1081.2
838.388
797.235
804.053
1018.23
868.664
859.393
976.21
1042.15
892.923
943.437
992.72
991.587
870.053
910.645
964.513
977.06
848.337
880.891
941.999
1006.97
791.048
819.975
884.446
903.164
661.195
738.202
702.491
368.938
523.954
637.189
349.722
91.5669
403.85
511.56
148.465
33.8903
368.554
326.919
59.3164
15.6563
484.146
200.107
25.8031
10.273
597.333
140.729
18.3411
8.07545
516.948
80.4755
12.8859
7.00406
518.905
58.4175
16.5831
10.565
807.326
145.865
51.9706
28.9098
1311.87
422.002
152.909
83.9577
1172.91
764.405
315.835
94.7993
1053.5
984.653
811.54
348.752
141.733
109.902
85.3951
85.5601
59.3061
9.48311
10.0255
10.2732
10.5615
10.8095
11.018
11.5435
18.951
42.49
56.0995
53.771
52.2711
34.5891
27.8081
37.6486
40.2411
20.452
9.42845
11.5998
9.68104
5.87904
5.8192
5.77528
5.73871
5.7011
5.65853
5.61082
5.55891
5.50446
5.44883
5.39197
5.33327
5.27394
5.2165
5.16065
5.10116
5.02996
69.9642
53.0764
9.04921
8.31421
8.68987
9.19198
9.76017
10.1525
10.466
10.6812
10.7913
12.1318
48.9173
72.1135
75.401
74.6708
38.7442
4.10431
3.06923
4.66237
14.7077
12.6631
8.5971
7.83
6.03631
5.90379
5.81852
5.77021
5.73043
5.68877
5.64251
5.59199
5.53868
5.48436
5.43012
5.37549
5.31936
5.2626
5.20751
5.15372
5.09587
5.02317
14.6567
6.38769
7.0915
7.87526
8.51278
9.06245
9.6035
10.0668
10.3995
10.6129
10.7003
11.2683
43.3401
70.3146
73.119
73.4117
10.2461
4.36314
3.68628
5.71884
7.43214
6.70502
5.8304
5.86658
5.89145
5.85144
5.79943
5.7513
5.70651
5.6619
5.61619
5.56908
5.52072
5.47181
5.42281
5.37281
5.32051
5.26671
5.21386
5.16081
5.10186
5.0264
5.2798
5.54269
6.50413
7.54103
8.39837
9.01512
9.53644
10.0458
10.4035
10.5836
10.5755
10.4717
13.6186
55.3791
72.2474
73.4997
16.301
4.72611
4.80037
6.40292
5.59993
5.26504
5.56538
5.72434
5.78151
5.78497
5.76229
5.72783
5.68758
5.64424
5.59914
5.55289
5.506
5.4592
5.41286
5.3659
5.31676
5.26586
5.21516
5.16456
5.10597
5.0287
4.1691
4.99622
6.14334
7.40706
8.43733
9.32984
10.3705
10.4221
10.782
10.7002
10.6023
10.485
10.4499
12.6498
68.1343
75.5279
54.0271
5.03752
5.12027
5.35136
5.32939
5.47126
5.62128
5.71225
5.75266
5.75863
5.742
5.71157
5.67279
5.62934
5.58371
5.53746
5.49163
5.44713
5.40417
5.36135
5.31662
5.27003
5.22298
5.17432
5.11589
5.03563
4.45669
4.99724
5.89444
7.01314
8.37615
14.0601
32.9694
34.3658
14.7445
10.87
10.6515
10.5102
10.4804
11.29
53.3493
75.9293
76.0006
7.35301
5.29464
5.38822
5.48252
5.60173
5.69407
5.74651
5.76613
5.76077
5.73732
5.70177
5.65882
5.61211
5.56436
5.51749
5.47275
5.43107
5.39248
5.35519
5.31652
5.27611
5.23451
5.18969
5.13224
5.04837
5.64777
5.60437
5.6122
27.281
44.0696
80.3636
87.5054
81.3455
14.2919
10.547
10.4526
10.3692
10.3288
12.2675
58.8281
76.6251
78.6203
21.9965
5.58022
5.61919
5.67231
5.73762
5.786
5.8051
5.80049
5.77724
5.74036
5.69443
5.64352
5.59101
5.53965
5.4915
5.44793
5.40982
5.377
5.34726
5.31742
5.28556
5.25194
5.21327
5.15803
5.06992
8.84113
22.5788
73.7555
78.1386
73.6172
79.9268
58.3575
26.3631
9.13553
9.97404
10.0766
10.0686
10.0565
10.1757
34.6292
77.6939
79.4671
41.0839
5.76266
5.82132
5.86235
5.88932
5.89827
5.88252
5.84865
5.80162
5.74582
5.68515
5.623
5.56235
5.50581
5.45561
5.41328
5.37969
5.35446
5.33506
5.31725
5.29807
5.27643
5.24768
5.19709
5.10445
18.8997
172.109
156.595
42.0452
13.2862
31.7489
7.90443
8.11732
8.94356
9.5336
9.74016
9.78578
9.82048
9.9542
23.732
78.0238
80.451
54.7058
5.92449
6.02126
6.06172
6.05717
6.02598
5.97159
5.90297
5.8268
5.74732
5.66799
5.59152
5.52028
5.45668
5.40341
5.36264
5.3351
5.31988
5.315
5.3142
5.31307
5.30906
5.29596
5.25443
5.15766
177.237
212.666
11.757
11.8524
11.781
16.0048
9.3587
9.12305
9.22295
9.57572
9.55472
9.467
9.50727
9.72215
24.8661
78.1203
81.2448
68.2042
6.09067
6.26383
6.29504
6.24791
6.16569
6.06409
5.95367
5.84289
5.73535
5.63364
5.53964
5.45519
5.38267
5.32565
5.28729
5.26776
5.26502
5.28015
5.30362
5.3285
5.35025
5.36116
5.33629
5.23753
303.728
160.549
11.8978
11.7763
12.2232
10.8598
10.0782
9.56087
9.47075
9.43423
9.21843
9.13637
9.17143
9.84679
41.4949
78.3772
81.9201
80.7884
10.7946
6.6293
6.58323
6.46212
6.30909
6.1475
5.98729
5.83674
5.69764
5.57089
5.4573
5.3576
5.27284
5.20832
5.17103
5.16262
5.18191
5.22176
5.27794
5.33937
5.39757
5.44292
5.4474
5.35472
412.122
143.432
11.8625
11.8853
12.0903
10.6987
10.1009
9.55928
9.34157
9.13713
8.92016
8.7974
8.79485
16.236
70.4312
79.0577
85.3876
83.7157
30.9754
6.95842
6.88759
6.67777
6.43299
6.19924
5.98311
5.78963
5.61696
5.46242
5.32428
5.20244
5.09889
5.02385
4.99031
5.00482
5.05656
5.14371
5.23277
5.32958
5.44191
5.53635
5.59103
5.5262
460.873
165.946
12.0034
12.0295
12.0696
10.5789
9.98096
9.55489
9.17235
8.96529
8.64075
8.30167
7.75723
16.394
61.3486
80.9503
90.4037
78.8515
48.2983
7.36928
7.20252
6.8531
6.49217
6.18257
5.91164
5.67741
5.47258
5.28959
5.12528
4.98162
4.85451
4.75088
4.70318
4.75303
5.02936
5.2001
5.38177
5.4032
5.53144
5.64813
5.76982
5.77977
554.966
202.78
12.1176
11.7231
11.5169
10.5913
9.93125
9.43866
9.00776
8.71351
8.32328
7.65613
6.21754
4.51483
5.48284
32.4412
93.4406
101.005
55.4768
37.0535
7.63139
6.87059
6.40721
6.04617
5.73538
5.47103
5.24011
5.02861
4.82533
4.62689
4.43011
4.26364
4.21998
4.36207
4.67082
4.897
5.16011
5.45464
5.75923
5.93621
5.95171
5.9995
663.137
211.794
12.2368
11.4546
11.1232
10.6034
9.99372
9.39966
8.91525
8.48179
8.11574
7.33207
5.73511
4.63553
5.32751
10.7541
119.603
190.282
101.459
93.8528
17.1586
6.44799
6.08234
5.72971
5.41541
5.1426
4.89602
4.65206
4.38535
4.12141
3.92311
3.73945
4.10961
4.83367
4.17467
4.36571
4.67742
5.15072
5.6274
5.94529
6.06927
6.18668
708.352
212.923
12.3978
11.3591
11.0307
10.5789
10.0388
9.47868
8.99638
8.45598
8.14996
7.49655
6.31254
5.15547
4.73682
6.0441
155.588
237.806
226.332
108.964
20.7463
5.73185
5.49039
5.19446
4.92927
4.67815
4.43016
4.15306
3.81424
3.48792
3.72212
15.8893
21.5893
16.2597
3.72258
4.01694
4.39093
5.0565
5.18401
5.54155
5.73375
6.10301
741.136
250.517
12.4363
11.1865
10.9281
10.5879
10.0807
9.65767
9.07153
8.71072
8.44164
7.97947
7.25084
6.43201
6.07556
57.6692
217.658
235.199
250.565
151.087
45.7142
4.85159
4.63719
4.46329
4.29068
4.08554
3.84404
3.52151
3.09171
2.69027
8.49483
19.4685
20.2484
20.1053
3.2721
3.67674
4.63141
5.30952
5.26129
5.33252
5.59038
5.90726
790.809
413.251
22.0531
10.7507
10.7722
10.6392
10.3701
9.89415
9.53179
9.22972
8.89408
8.69651
7.95632
12.361
43.5934
192.884
220.896
230.462
244.106
176.235
46.8788
3.10109
3.60835
3.59913
3.55284
3.40704
3.18459
2.841
2.3887
1.94732
9.28653
18.6019
19.8587
4.40859
2.87993
3.47321
4.59764
5.08674
5.45788
5.21513
5.70091
5.78945
839.317
736.292
137.944
10.9193
10.9213
10.8791
10.7164
10.4777
10.0654
9.85398
9.72793
46.0143
122.403
289.804
249.833
86.1762
63.9321
196.382
226.745
164.207
20.9948
2.03704
2.47042
2.69625
2.79122
2.70946
2.53702
2.2484
1.9229
1.98716
15.7168
18.7874
13.6341
1.90908
2.58846
3.7197
4.41089
4.89213
5.40511
6.08582
6.52328
6.06142
893.415
837.781
571.432
11.3268
11.1363
10.9906
10.8043
10.9445
11.6487
37.8528
343.676
407.802
412.003
309.373
27.5649
16.0426
14.8248
16.1225
229
133.263
-0.174778
1.10261
1.63679
1.97482
2.09288
2.03768
1.9561
1.7858
1.60936
3.82457
17.9258
18.3186
1.16628
1.77133
2.49075
3.78491
4.30138
4.73907
5.42943
6.00069
6.4382
6.75239
972.504
915.905
889.023
334.094
10.2886
10.9755
10.9464
10.2142
196.075
842.261
902.809
431.989
18.9377
16.1845
16.1786
16.6141
16.5962
21.0354
146.555
149.907
19.9263
1.88059
1.70868
1.61613
1.59759
1.40636
1.43881
1.39898
1.74212
15.0378
17.644
5.19812
1.07647
1.76568
2.564
3.78602
4.27967
4.70461
5.51275
5.91266
6.3505
6.588
1072.82
1010.35
999.003
965.988
162.466
12.5594
24.6116
564.211
1086.59
1089.92
311.463
17.1704
16.0918
16.1931
16.6774
17.6359
18.4797
20.0605
41.3846
139.025
78.6141
3.11887
2.0575
5.13852
5.09111
0.650125
0.949672
1.05282
3.63865
14.0494
7.64187
0.699866
1.18888
1.93541
2.74707
3.90539
4.22591
4.85728
5.55485
5.86526
6.25597
5.92342
976.405
1109.39
1105.91
1102.73
849.592
447.389
764.132
1099.8
1107.88
358.66
17.4374
15.9974
16.016
16.2948
16.7021
19.8935
23.4076
21.6363
24.4467
127.094
95.7867
7.77165
2.47169
6.12959
6.04432
0.820597
0.501365
1.53292
3.68904
3.23336
0.732346
0.978544
1.52336
2.272
2.993
3.7246
4.39165
5.31453
5.67686
5.85379
5.47179
5.0387
832.01
895.99
975.118
960.972
850.91
968.924
1067.13
1163.31
616.126
29.8903
16.5033
15.7668
15.8634
16.1889
16.6478
19.7957
22.9864
24.6896
24.6172
43.1999
92.1452
21.4537
0.888925
2.25197
4.46478
-0.310157
0.253822
1.70942
2.25936
0.910135
1.00701
1.38889
2.02095
2.72896
3.35552
3.87243
5.1925
5.57175
5.83456
4.95302
4.92833
5.07882
1017.09
984.318
944.677
887.162
843.441
1046.25
1117.63
1141.83
388.991
21.0173
16.3894
15.5345
15.5857
15.8608
16.2517
16.7128
20.8523
22.6064
21.2493
20.4983
89.8128
72.0011
-0.316242
-1.66951
-1.59022
-1.10399
-0.172003
0.521773
0.83704
1.13801
1.43199
1.93678
2.59286
3.23631
3.94938
4.56298
5.55758
5.88644
5.13356
4.90935
5.00576
5.14234
1139.56
1200
1166.08
1106.31
1100.84
1131.31
971.588
299.217
25.3544
17.179
15.3786
15.131
15.1119
15.3023
15.7013
15.7355
15.9635
18.6638
16.6963
16.3288
48.3911
65.8121
25.1776
-2.84892
-3.36731
-2.48709
-1.17429
0.00502153
0.847503
1.44678
1.99302
2.6121
3.25807
3.8141
4.51152
5.56907
5.9642
6.08154
5.08786
5.14343
5.19159
5.23967
1102.75
1125.58
1116.85
1067.64
902.818
516.556
108.825
30.6945
22.7472
15.7882
14.4941
14.2864
14.2515
14.5194
14.6105
14.5139
14.2578
14.2692
14.2896
14.0045
13.0142
46.9448
36.7342
18.2414
-2.85168
-3.10798
-1.54451
0.0247566
1.21277
2.06976
2.76601
3.40765
3.98106
4.52607
5.2248
6.09178
6.37476
5.46772
5.40044
5.41935
5.4203
5.37614
1032.29
1014.17
852.62
443.343
129.019
64.4383
70.5498
58.8458
39.1835
15.9526
13.9204
13.5401
13.3821
13.6049
13.5431
13.1917
12.8909
12.7791
12.661
12.2795
11.4011
11.089
23.4791
21.4456
13.7658
0.844685
0.107631
1.3374
2.37324
3.10892
3.70695
4.22969
4.65691
5.15194
5.83099
6.44965
6.68813
5.65268
5.66525
5.65107
5.61326
5.52167
971.416
914.362
446.999
70.6875
61.9537
70.7645
141.372
121.505
32.2065
14.4355
12.9694
12.5402
12.418
12.6714
12.5831
12.175
11.8124
11.6444
11.4842
11.2847
10.3042
9.42825
8.82677
12.5648
12.8523
7.58538
3.40477
3.47374
3.91708
4.31201
4.66592
4.98243
5.28528
5.74192
5.98281
6.6913
6.84947
5.88148
5.83102
5.79823
5.74602
5.64773
970.633
889.439
540.009
134
95.4585
322.421
323.631
101.237
11.9206
12.366
11.3509
10.9375
11.0401
11.4681
11.6299
11.3678
10.9526
10.7856
10.5951
10.3412
9.55446
9.07706
8.77433
8.32386
7.30447
7.22156
6.09314
5.26587
5.249
5.33183
5.45664
5.58442
6.07911
5.93922
5.97607
6.82884
6.54967
5.96656
5.90536
5.86994
5.82474
5.7349
1038.33
999.503
888.056
568.021
554.01
438.883
159.592
-9.79261
5.87606
8.87845
8.8761
8.91214
9.42693
9.92242
10.628
10.721
10.2325
10.1052
9.9347
9.66866
9.32629
9.01002
8.72344
8.40074
7.88073
7.30652
6.79563
6.32662
6.13964
6.06119
6.03794
6.15048
6.47044
6.1299
5.78626
6.83839
6.56427
6.02687
5.94525
5.8932
5.85778
5.7794
666.7
449.414
457.205
495.546
466.478
82.4976
-8.73287
-1.15395
2.23698
4.39509
5.53437
6.4577
7.64164
8.58954
9.38054
9.88183
9.93824
9.51939
9.45278
9.31319
9.12257
8.92249
8.70932
8.45842
8.11825
7.73318
7.36798
7.08505
6.7334
6.55984
6.45402
6.72556
6.68664
6.3043
5.86382
6.33496
6.75659
6.54265
5.97664
5.90718
5.86175
5.78935
116.214
49.1889
20.4577
8.77599
3.31343
4.13849
5.03189
3.15109
1.46236
1.58832
2.74513
4.38161
6.05183
7.40349
8.1507
9.10741
9.51062
9.53524
9.03398
8.99172
8.90472
8.79923
8.67197
8.50382
8.26987
8.01803
7.81544
7.52288
7.28111
7.01486
6.7692
6.89317
6.88541
6.24059
5.97762
6.11846
6.85057
6.8979
6.10173
5.92641
5.86225
5.78732
37.2624
18.1561
11.7199
9.5588
8.77317
7.49384
5.27392
3.43946
1.90678
1.195
1.87998
3.50149
5.31247
6.73534
7.56072
8.17179
9.01889
9.27914
9.41646
9.02613
8.71787
8.68931
8.63049
8.53014
8.37685
8.2275
8.09541
7.84764
7.61984
7.41506
7.21728
6.9436
6.5816
6.2951
6.15162
6.12005
6.77065
6.98249
6.52284
5.95945
5.87602
5.78519
14.9228
10.0498
8.95429
8.76899
8.38811
7.67793
7.00572
5.18568
4.18354
2.37467
2.79945
3.93997
5.47371
6.66707
7.37085
7.72492
8.49
8.92746
9.13193
9.30217
9.29448
8.87039
8.62029
8.58133
8.49178
8.35147
8.33917
8.13849
7.93144
7.72992
7.52362
7.29754
7.00628
6.59826
6.38407
6.32073
6.71395
7.10518
6.88036
6.05921
5.89948
5.78554
9.30163
8.31307
8.36213
8.33547
8.48534
8.35584
7.48999
6.02818
5.45843
4.60164
4.0639
4.98343
6.12587
6.9814
7.44174
7.63694
7.74553
8.48414
8.85617
9.09317
9.31359
9.48966
9.41568
8.86179
8.63294
8.5439
8.47497
8.42917
8.2454
8.05246
7.84654
7.61676
7.3639
7.12096
6.75185
6.5568
6.65974
7.24742
7.11151
6.54112
5.93066
5.78751
7.72806
7.8419
7.94763
8.0444
7.85241
7.41488
7.6982
7.28667
6.95414
5.31363
5.35696
6.05814
6.87733
7.40418
7.5943
7.56269
7.49312
7.5538
8.15372
8.89491
9.22758
9.51011
9.71045
9.82017
9.35242
8.76088
8.65418
8.5712
8.53228
8.38263
8.17894
7.94956
7.69891
7.45038
7.23799
6.81354
6.65385
7.15925
7.2309
7.04801
6.42855
5.78359
6.67487
7.14497
7.41305
7.72678
7.81058
7.56825
7.10969
6.99858
6.48287
6.17448
6.38629
6.93911
7.50825
7.7569
7.66094
7.3565
7.11694
7.16873
7.45289
8.05516
9.07005
9.60554
9.88931
10.0602
10.1252
9.47027
8.92106
8.78284
8.63079
8.50096
8.34462
8.26717
8.01525
7.7575
7.48964
7.02969
6.82673
6.66618
7.31223
7.12555
6.93703
6.29207
5.90877
6.23976
6.98755
7.62848
7.78531
7.71081
7.4504
7.17976
7.00328
6.93506
7.02185
7.44581
8.05787
9.3535
10.07
9.1346
7.65527
7.45404
7.12348
7.84254
8.49733
9.39559
10.1813
10.4006
10.4931
10.1205
9.25115
9.09491
8.92048
8.7218
8.49925
8.28147
8.1052
7.86007
7.53187
7.21716
6.99308
6.78345
6.75296
7.22305
6.99321
6.74966
7.50658
6.14161
6.76483
7.90954
8.14187
7.90316
7.92538
7.81291
7.63928
7.85083
18.2617
25.0668
26.8006
27.7139
27.3943
22.3299
8.42664
6.44025
7.27945
7.79586
8.56312
9.1737
9.81541
10.5751
10.6339
10.1607
9.63789
9.42729
9.22142
8.99421
8.74932
8.48948
8.21749
7.93598
7.65606
7.39004
7.14385
6.90784
6.66337
6.40364
6.52414
6.78237
26.8461
30.7283
36.3275
43.5459
27.1457
8.95797
8.65037
8.36277
8.29699
10.5287
16.0672
13.2215
8.99414
8.92606
7.67102
5.79039
6.08859
6.94438
8.47867
8.34557
8.89884
9.60199
10.0617
10.3107
10.3391
10.2178
10.0323
9.78315
9.52592
9.25845
8.98212
8.69806
8.40872
8.11426
7.82017
7.53783
7.27482
7.02395
6.76666
6.48252
6.17389
6.07313
54.1482
43.709
33.3589
12.838
12.0778
11.0269
10.3157
9.74756
9.35039
8.92219
8.91739
8.85568
8.62866
8.58945
8.945
7.22675
6.25183
6.94012
8.80543
9.62116
9.42256
10.1296
10.5902
10.8042
10.8065
10.6593
10.414
10.1167
9.80592
9.58278
9.33384
8.9702
8.63198
8.26988
7.94434
7.63764
7.36369
7.10807
6.8424
6.54776
6.21504
5.92055
26.8335
19.0725
17.0028
14.7266
12.9474
11.6155
10.7116
9.98911
9.36788
8.92121
8.53936
8.07611
7.71337
7.58293
8.54048
8.69599
7.8522
7.97921
9.657
10.0314
9.96379
10.6065
11.0427
11.5103
12.0157
11.8606
11.5737
11.4237
11.2528
11.0825
10.7799
10.286
9.42964
9.3257
9.40766
8.75897
7.73713
7.28219
7.30822
8.22587
8.04133
6.77284
40.3853
18.3222
16.5591
14.7781
13.2818
12.0685
11.0684
10.2623
9.62582
9.08767
8.53818
7.95949
7.52706
7.37556
7.51361
7.70145
7.86148
9.35903
10.7423
11.8947
12.6683
12.8124
12.7416
12.5238
12.2351
12.1692
12.0565
11.7195
11.2924
10.7385
10.4348
10.2226
10.3657
10.0495
9.73687
9.44516
9.12396
8.88002
8.6804
8.42282
8.09546
7.7531
)
;

boundaryField
{
    leftWall
    {
        type            fixedFluxPressure;
        gradient        uniform 0;
        value           nonuniform List<scalar> 
46
(
576.176
572.818
367.143
207.503
141.733
109.902
85.3951
85.5601
59.3061
9.48311
10.0255
10.2732
10.5615
10.8095
11.018
11.5435
18.951
42.49
56.0995
53.771
52.2711
34.5891
27.8081
37.6486
40.2411
20.452
9.42845
11.5998
9.68104
5.87904
5.8192
5.77528
5.73871
5.7011
5.65853
5.61082
5.55891
5.50446
5.44883
5.39197
5.33327
5.27394
5.2165
5.16065
5.10116
5.02996
)
;
    }
    rightWall
    {
        type            fixedFluxPressure;
        gradient        uniform 0;
        value           nonuniform List<scalar> 
46
(
1053.5
984.653
811.54
348.752
40.3853
18.3222
16.5591
14.7781
13.2818
12.0685
11.0684
10.2623
9.62582
9.08767
8.53818
7.95949
7.52706
7.37556
7.51361
7.70145
7.86148
9.35903
10.7423
11.8947
12.6683
12.8124
12.7416
12.5238
12.2351
12.1692
12.0565
11.7195
11.2924
10.7385
10.4348
10.2226
10.3657
10.0495
9.73687
9.44516
9.12396
8.88002
8.6804
8.42282
8.09546
7.7531
)
;
    }
    lowerWall
    {
        type            fixedFluxPressure;
        gradient        uniform 0;
        value           nonuniform List<scalar> 
52
(
885.603
906.606
985.381
1081.2
885.603
838.388
868.664
892.923
870.053
848.337
791.048
661.195
523.954
403.85
368.554
484.146
597.333
516.948
518.905
807.326
1311.87
1172.91
1053.5
964.282
903.767
960.237
979.035
576.176
587.587
639.872
419.742
215.194
161.557
224.86
287.832
304.899
287.587
277.291
320.962
434.095
605.671
801.878
942.118
1006.09
1008.56
977.59
958.622
970.405
970.801
964.282
832.01
1017.09
)
;
    }
    atmosphere
    {
        type            prghTotalPressure;
        rho             rho;
        psi             none;
        gamma           1;
        p0              uniform 0;
        value           nonuniform List<scalar> 
44
(
4.98485
4.97293
4.97526
4.9751
4.9786
4.98673
5.00223
5.02889
5.07171
5.13742
5.2337
5.36797
5.56087
5.72904
5.90462
5.89917
5.83529
5.83609
6.20949
7.01783
7.00999
5.70602
5.54648
5.36583
5.26
5.23888
5.31007
5.4367
5.56782
5.66663
5.71953
5.72904
5.72904
5.72904
5.72909
5.72933
5.73273
6.25733
6.71861
6.71861
5.94182
5.73045
6.57206
7.51638
)
;
        rho             rho;
    }
    frontAndBack
    {
        type            empty;
    }
}


// ************************************************************************* //
