/*--------------------------------*- C++ -*----------------------------------*\
  =========                 |
  \\      /  F ield         | OpenFOAM: The Open Source CFD Toolbox
   \\    /   O peration     | Website:  https://openfoam.org
    \\  /    A nd           | Version:  13
     \\/     M anipulation  |
\*---------------------------------------------------------------------------*/
FoamFile
{
    format      ascii;
    class       volScalarField;
    location    "0.015";
    object      p;
}
// * * * * * * * * * * * * * * * * * * * * * * * * * * * * * * * * * * * * * //

dimensions      [1 -1 -2 0 0 0 0];

internalField   nonuniform List<scalar> 
8000
(
200264
199816
199746
199619
199494
199355
199208
199056
198899
198741
198583
198427
198273
198123
197975
197829
197683
197536
197387
197236
197080
196922
196759
196594
196427
196258
196088
195916
195741
195564
195384
195198
195008
194813
194611
194405
194194
193978
193759
193537
193313
193087
192859
192630
192399
192167
191932
191694
191453
191208
190957
190700
190437
190167
189889
189603
189309
189007
188697
188379
188053
187720
187380
187032
186678
186316
185946
185569
185182
184787
184382
183966
183538
183099
182647
182181
181701
181207
180697
180171
179629
179070
178493
177897
177283
176648
175993
175316
174616
173892
173143
172366
171562
170727
169861
168960
168025
167049
166035
164974
163869
162709
161499
160225
158892
157481
156001
154425
152767
150987
149106
147067
144898
142515
139962
137108
134027
130510
126692
122257
200263
199814
199743
199616
199491
199352
199206
199054
198898
198740
198583
198427
198274
198123
197975
197829
197683
197536
197387
197234
197079
196920
196758
196593
196425
196256
196086
195914
195739
195562
195381
195196
195006
194810
194610
194403
194193
193977
193759
193537
193313
193088
192860
192631
192400
192168
191933
191695
191454
191208
190957
190701
190438
190167
189889
189603
189309
189007
188697
188379
188054
187721
187381
187034
186679
186317
185948
185570
185184
184789
184383
183967
183540
183100
182648
182182
181703
181208
180698
180173
179631
179071
178495
177899
177285
176651
175996
175318
174619
173895
173146
172369
171565
170730
169864
168963
168028
167052
166038
164977
163872
162713
161503
160228
158896
157485
156005
154430
152771
150993
149111
147072
144902
142520
139965
137111
134024
130502
126672
122221
200263
199812
199741
199614
199488
199350
199204
199053
198897
198740
198583
198428
198274
198124
197976
197829
197682
197535
197385
197233
197077
196918
196756
196590
196423
196254
196083
195911
195736
195559
195378
195193
195003
194808
194607
194402
194191
193977
193759
193538
193314
193089
192862
192633
192402
192170
191935
191697
191455
191209
190958
190702
190438
190168
189890
189604
189310
189008
188698
188381
188056
187723
187383
187036
186682
186320
185951
185573
185187
184791
184386
183970
183543
183103
182651
182185
181705
181211
180701
180176
179634
179075
178498
177903
177289
176654
176000
175323
174623
173899
173150
172374
171570
170735
169870
168969
168034
167058
166044
164983
163878
162719
161509
160235
158903
157492
156013
154438
152780
151001
149119
147081
144911
142529
139971
137115
134021
130488
126639
122161
200263
199810
199737
199610
199484
199346
199201
199051
198896
198740
198584
198429
198276
198125
197977
197829
197682
197534
197384
197231
197075
196915
196753
196587
196420
196251
196080
195907
195732
195555
195374
195189
194999
194804
194604
194399
194189
193976
193758
193538
193315
193090
192864
192635
192405
192172
191937
191699
191457
191211
190960
190703
190439
190169
189891
189605
189311
189009
188700
188383
188058
187726
187386
187039
186685
186324
185955
185577
185191
184795
184390
183974
183546
183107
182654
182189
181709
181214
180705
180179
179638
179079
178503
177908
177294
176660
176005
175328
174629
173905
173157
172380
171577
170742
169877
168976
168041
167066
166052
164991
163887
162728
161518
160245
158912
157503
156023
154449
152791
151014
149131
147094
144922
142541
139979
137120
134015
130469
126592
122076
200263
199806
199733
199604
199479
199341
199198
199048
198895
198740
198585
198430
198278
198127
197978
197830
197682
197533
197382
197229
197072
196912
196749
196584
196416
196246
196075
195902
195727
195550
195369
195183
194994
194799
194600
194396
194187
193974
193758
193539
193317
193093
192866
192638
192408
192176
191940
191702
191460
191213
190962
190704
190440
190170
189892
189606
189312
189011
188702
188385
188061
187729
187390
187043
186690
186328
185959
185582
185196
184800
184395
183978
183551
183111
182659
182193
181713
181219
180710
180184
179643
179084
178508
177914
177300
176666
176012
175335
174637
173913
173164
172388
171585
170751
169885
168985
168050
167075
166062
165001
163897
162739
161529
160256
158924
157515
156036
154463
152805
151029
149146
147110
144936
142556
139989
137128
134008
130446
126532
121966
200263
199802
199727
199598
199473
199336
199193
199045
198893
198739
198585
198432
198279
198129
197979
197830
197681
197532
197380
197226
197069
196908
196745
196579
196411
196242
196070
195897
195722
195544
195363
195177
194988
194794
194595
194392
194184
193973
193758
193539
193318
193095
192870
192642
192412
192179
191944
191705
191463
191216
190964
190706
190442
190171
189893
189607
189314
189013
188704
188388
188064
187733
187394
187048
186695
186334
185965
185588
185201
184806
184400
183984
183556
183116
182664
182198
181719
181224
180715
180190
179649
179091
178515
177921
177308
176674
176020
175344
174645
173922
173174
172398
171595
170761
169896
168996
168061
167087
166073
165014
163909
162752
161543
160270
158938
157531
156051
154480
152821
151047
149163
147129
144954
142574
140002
137137
134001
130419
126462
121836
200262
199798
199721
199591
199466
199329
199188
199041
198891
198739
198586
198433
198281
198130
197980
197831
197681
197530
197378
197223
197065
196904
196741
196575
196406
196236
196065
195891
195716
195537
195356
195171
194982
194788
194590
194388
194182
193971
193757
193540
193320
193098
192873
192646
192416
192184
191948
191709
191466
191219
190966
190708
190443
190172
189894
189609
189315
189015
188707
188391
188068
187737
187399
187054
186701
186340
185971
185594
185208
184812
184406
183990
183562
183122
182670
182204
181725
181231
180722
180197
179656
179098
178523
177929
177316
176683
176029
175354
174655
173932
173185
172409
171606
170772
169908
169008
168074
167100
166086
165027
163923
162766
161558
160286
158954
157548
156069
154499
152840
151067
149184
147151
144974
142595
140017
137147
133995
130389
126383
121686
200262
199793
199714
199584
199458
199322
199182
199036
198888
198737
198586
198434
198283
198132
197982
197832
197681
197529
197375
197220
197061
196900
196736
196570
196401
196231
196059
195885
195709
195531
195349
195164
194975
194782
194585
194384
194179
193970
193757
193541
193323
193101
192877
192650
192421
192189
191953
191714
191470
191222
190969
190710
190445
190174
189896
189610
189318
189017
188710
188395
188072
187742
187405
187060
186707
186347
185979
185601
185215
184819
184413
183997
183569
183129
182676
182211
181731
181237
180729
180204
179664
179106
178531
177938
177325
176693
176040
175364
174666
173944
173196
172421
171619
170785
169921
169022
168088
167114
166101
165042
163939
162783
161574
160304
158972
157567
156088
154520
152861
151090
149206
147176
144996
142618
140034
137160
133989
130358
126298
121521
200261
199788
199707
199575
199449
199314
199175
199031
198885
198736
198586
198435
198284
198134
197983
197832
197680
197528
197373
197216
197057
196895
196731
196565
196396
196225
196053
195879
195702
195524
195342
195157
194968
194776
194580
194380
194176
193968
193757
193543
193325
193105
192881
192655
192426
192194
191958
191718
191474
191226
190972
190713
190448
190176
189898
189612
189320
189020
188713
188398
188077
187747
187411
187066
186714
186354
185986
185609
185223
184827
184421
184004
183576
183136
182684
182218
181739
181245
180736
180212
179672
179115
178540
177947
177335
176703
176051
175376
174678
173956
173209
172434
171632
170799
169935
169036
168102
167129
166117
165059
163956
162800
161592
160323
158992
157588
156109
154542
152884
151115
149231
147202
145021
142644
140053
137176
133984
130327
126207
121341
200261
199782
199700
199567
199440
199306
199168
199026
198881
198734
198586
198436
198286
198135
197984
197833
197680
197526
197371
197213
197053
196891
196727
196560
196391
196220
196047
195873
195696
195517
195335
195150
194962
194770
194575
194375
194173
193967
193757
193544
193328
193108
192886
192660
192432
192199
191963
191723
191479
191230
190976
190716
190450
190178
189900
189615
189322
189023
188717
188403
188082
187753
187417
187073
186722
186362
185994
185617
185231
184835
184429
184012
183584
183144
182691
182226
181746
181253
180745
180221
179681
179124
178550
177958
177346
176715
176062
175388
174691
173969
173222
172448
171646
170814
169950
169052
168118
167146
166134
165076
163974
162819
161611
160343
159013
157610
156132
154567
152909
151142
149257
147231
145048
142672
140075
137193
133981
130296
126112
121149
200261
199777
199692
199558
199431
199297
199160
199020
198877
198732
198585
198436
198287
198137
197986
197833
197680
197525
197369
197210
197050
196887
196722
196555
196386
196214
196041
195866
195689
195510
195328
195143
194955
194764
194569
194371
194170
193965
193757
193545
193331
193112
192891
192666
192437
192205
191969
191729
191484
191234
190979
190719
190453
190181
189902
189617
189325
189026
188720
188407
188087
187759
187424
187081
186730
186370
186003
185626
185240
184844
184438
184021
183592
183152
182699
182234
181755
181261
180753
180230
179690
179134
178560
177968
177357
176726
176075
175401
174704
173983
173237
172463
171661
170829
169966
169068
168135
167163
166151
165095
163992
162839
161632
160365
159035
157633
156156
154592
152935
151170
149285
147261
145077
142702
140099
137213
133980
130266
126015
120946
200260
199772
199685
199549
199422
199288
199153
199014
198873
198729
198584
198437
198288
198138
197987
197834
197680
197524
197367
197207
197046
196883
196718
196550
196381
196209
196036
195860
195683
195503
195321
195136
194948
194758
194564
194367
194167
193964
193757
193547
193333
193116
192896
192671
192443
192211
191975
191734
191489
191239
190983
190723
190456
190184
189905
189620
189328
189030
188725
188412
188092
187765
187431
187088
186738
186379
186011
185635
185249
184853
184446
184029
183601
183161
182708
182242
181763
181270
180762
180239
179700
179144
178571
177980
177369
176739
176087
175414
174718
173997
173251
172478
171677
170845
169982
169085
168152
167181
166170
165114
164012
162859
161653
160387
159057
157657
156181
154619
152962
151199
149315
147292
145107
142733
140126
137234
133981
130239
125916
120733
200260
199766
199678
199540
199413
199279
199145
199007
198868
198726
198583
198437
198289
198139
197988
197834
197680
197523
197365
197205
197043
196879
196713
196546
196376
196204
196030
195855
195677
195497
195314
195130
194942
194752
194559
194364
194165
193963
193758
193549
193336
193120
192900
192677
192449
192217
191981
191740
191494
191244
190988
190726
190460
190187
189908
189623
189332
189034
188729
188417
188098
187772
187438
187096
186746
186387
186020
185644
185258
184862
184455
184038
183610
183169
182717
182251
181772
181279
180772
180249
179710
179155
178582
177991
177381
176751
176101
175428
174732
174012
173266
172494
171693
170862
169999
169103
168170
167200
166189
165134
164032
162881
161675
160410
159081
157683
156207
154646
152990
151229
149345
147325
145139
142766
140154
137258
133985
130214
125816
120514
200260
199761
199671
199532
199403
199271
199137
199001
198863
198724
198581
198437
198290
198140
197989
197835
197680
197522
197363
197202
197040
196876
196710
196541
196371
196200
196025
195849
195671
195491
195308
195124
194936
194747
194555
194360
194163
193962
193758
193551
193340
193124
192906
192682
192455
192223
191987
191746
191500
191249
190992
190730
190463
190190
189911
189627
189335
189038
188733
188422
188104
187778
187445
187104
186754
186396
186029
185653
185267
184871
184465
184047
183619
183178
182726
182260
181781
181289
180782
180259
179721
179166
178594
178003
177394
176764
176114
175442
174746
174027
173282
172510
171709
170879
170017
169121
168189
167219
166208
165154
164053
162903
161697
160434
159105
157708
156233
154675
153019
151260
149377
147359
145173
142801
140184
137285
133992
130191
125718
120288
200260
199756
199664
199523
199394
199262
199129
198995
198859
198720
198579
198436
198290
198141
197990
197836
197679
197521
197362
197200
197037
196872
196706
196538
196367
196195
196021
195844
195666
195485
195303
195118
194931
194742
194551
194357
194161
193961
193759
193553
193343
193129
192911
192688
192461
192229
191993
191752
191505
191254
190997
190735
190467
190194
189915
189630
189339
189042
188738
188428
188110
187785
187452
187112
186763
186405
186038
185662
185276
184880
184474
184057
183628
183188
182735
182270
181791
181298
180791
180269
179731
179177
178605
178015
177406
176777
176128
175456
174761
174042
173297
172526
171726
170896
170034
169139
168208
167238
166228
165175
164075
162925
161720
160458
159130
157735
156260
154704
153049
151292
149410
147394
145207
142837
140217
137313
134002
130173
125622
120058
200261
199751
199657
199516
199386
199253
199122
198989
198854
198717
198578
198436
198290
198142
197991
197836
197680
197521
197361
197198
197035
196870
196703
196534
196364
196191
196017
195840
195661
195480
195297
195113
194926
194738
194547
194355
194159
193961
193760
193555
193346
193133
192916
192694
192467
192236
191999
191758
191511
191259
191002
190739
190471
190198
189919
189634
189343
189046
188743
188433
188116
187792
187460
187120
186771
186414
186048
185672
185286
184890
184483
184066
183637
183197
182744
182279
181801
181308
180802
180280
179742
179188
178617
178028
177419
176791
176142
175470
174776
174058
173313
172542
171743
170914
170052
169157
168227
167258
166248
165196
164096
162948
161743
160482
159156
157761
156288
154733
153080
151325
149443
147429
145243
142874
140251
137344
134016
130158
125528
119825
200261
199747
199651
199508
199378
199245
199114
198982
198849
198714
198576
198435
198290
198143
197991
197837
197680
197521
197359
197197
197033
196867
196700
196531
196360
196188
196013
195836
195657
195476
195293
195108
194922
194734
194544
194352
194158
193961
193761
193557
193349
193137
192921
192699
192473
192242
192005
191764
191517
191264
191007
190744
190475
190202
189923
189638
189348
189051
188748
188439
188123
187799
187468
187128
186780
186423
186057
185681
185295
184900
184493
184076
183647
183206
182754
182289
181810
181318
180812
180290
179753
179200
178629
178040
177432
176804
176155
175485
174791
174073
173329
172559
171760
170931
170070
169176
168246
167278
166269
165217
164118
162970
161767
160507
159181
157789
156316
154763
153111
151357
149477
147465
145280
142912
140286
137376
134033
130148
125437
119590
200262
199743
199646
199501
199370
199238
199107
198976
198845
198711
198574
198434
198291
198143
197992
197838
197680
197521
197359
197196
197031
196865
196698
196529
196358
196185
196010
195832
195653
195472
195289
195104
194918
194730
194541
194350
194157
193961
193762
193559
193353
193142
192926
192705
192479
192248
192012
191770
191522
191270
191012
190748
190480
190206
189927
189642
189352
189056
188754
188445
188129
187806
187475
187136
186788
186432
186066
185690
185305
184909
184503
184085
183656
183216
182763
182298
181820
181328
180822
180301
179764
179211
178641
178052
177445
176818
176169
175499
174806
174089
173345
172576
171777
170949
170088
169195
168265
167298
166289
165239
164140
162993
161791
160532
159207
157816
156344
154793
153142
151391
149511
147502
145317
142951
140324
137411
134053
130142
125351
119355
200262
199739
199640
199494
199363
199231
199101
198971
198840
198707
198572
198433
198291
198144
197993
197838
197681
197520
197358
197194
197029
196863
196696
196526
196355
196182
196007
195829
195649
195468
195285
195100
194914
194727
194539
194349
194156
193961
193763
193562
193356
193146
192931
192711
192485
192254
192018
191776
191528
191275
191017
190753
190484
190210
189931
189646
189356
189061
188759
188451
188135
187813
187483
187144
186797
186441
186075
185700
185314
184919
184512
184095
183666
183226
182773
182308
181830
181338
180832
180312
179775
179223
178653
178065
177458
176831
176183
175514
174821
174104
173361
172592
171794
170966
170106
169214
168284
167318
166310
165260
164162
163017
161815
160557
159233
157843
156373
154823
153173
151424
149546
147538
145355
142990
140362
137447
134077
130140
125270
119120
200263
199736
199635
199489
199356
199224
199095
198966
198836
198705
198570
198433
198291
198144
197994
197839
197681
197521
197358
197194
197029
196862
196694
196525
196353
196180
196004
195827
195647
195465
195282
195097
194912
194725
194537
194347
194156
193962
193765
193564
193360
193150
192936
192716
192491
192260
192024
191782
191534
191281
191022
190758
190489
190215
189935
189651
189361
189066
188764
188456
188142
187820
187490
187152
186805
186450
186084
185709
185324
184928
184522
184104
183676
183235
182783
182318
181840
181349
180843
180323
179786
179234
178665
178077
177471
176845
176197
175528
174836
174120
173377
172609
171811
170984
170125
169232
168304
167338
166331
165282
164184
163040
161839
160582
159259
157871
156401
154853
153205
151457
149581
147575
145393
143030
140402
137485
134104
130143
125194
118887
200264
199733
199631
199483
199350
199218
199089
198960
198832
198702
198569
198432
198291
198145
197994
197840
197682
197521
197358
197193
197028
196861
196693
196523
196352
196178
196002
195824
195644
195462
195279
195095
194909
194723
194535
194346
194156
193963
193767
193567
193363
193154
192941
192722
192497
192266
192030
191788
191540
191286
191027
190763
190494
190219
189940
189656
189366
189071
188770
188462
188148
187827
187498
187160
186814
186458
186093
185718
185333
184937
184531
184114
183685
183245
182792
182328
181850
181359
180853
180333
179798
179246
178677
178090
177484
176858
176211
175543
174851
174135
173393
172625
171828
171002
170143
169251
168323
167358
166351
165303
164207
163063
161862
160607
159285
157898
156430
154883
153236
151491
149616
147613
145432
143071
140443
137524
134134
130151
125125
118657
200265
199730
199627
199478
199345
199212
199084
198956
198829
198699
198567
198431
198291
198146
197995
197841
197683
197522
197358
197193
197027
196860
196692
196522
196351
196177
196001
195823
195643
195460
195277
195093
194907
194721
194534
194346
194156
193964
193768
193570
193367
193159
192946
192727
192503
192272
192036
191794
191545
191292
191032
190768
190498
190224
189945
189660
189371
189076
188775
188468
188155
187834
187505
187168
186822
186467
186102
185727
185342
184947
184540
184123
183694
183254
182802
182337
181860
181369
180864
180344
179809
179257
178688
178102
177496
176871
176225
175557
174866
174150
173409
172641
171845
171019
170160
169270
168342
167378
166372
165324
164228
163086
161886
160632
159311
157925
156458
154913
153268
151524
149651
147650
145471
143111
140484
137565
134167
130164
125062
118431
200267
199728
199624
199474
199340
199207
199079
198952
198825
198697
198566
198431
198291
198146
197996
197842
197684
197522
197359
197194
197027
196860
196691
196522
196350
196176
196000
195822
195641
195459
195275
195091
194906
194720
194533
194346
194156
193965
193770
193572
193370
193163
192950
192732
192508
192278
192042
191799
191551
191297
191038
190773
190503
190229
189949
189665
189376
189081
188781
188474
188161
187840
187512
187175
186830
186475
186111
185736
185351
184956
184550
184132
183704
183264
182811
182347
181870
181379
180874
180354
179819
179268
178700
178114
177509
176884
176239
175571
174880
174166
173425
172658
171861
171036
170178
169288
168361
167397
166392
165345
164250
163108
161910
160657
159337
157952
156487
154943
153299
151558
149686
147687
145510
143152
140527
137607
134203
130181
125007
118209
200268
199726
199621
199471
199336
199203
199075
198949
198822
198695
198565
198430
198291
198147
197997
197843
197685
197523
197359
197194
197027
196860
196691
196521
196350
196176
195999
195821
195640
195458
195274
195090
194905
194719
194533
194346
194157
193966
193773
193575
193374
193167
192955
192737
192514
192284
192047
191805
191557
191302
191043
190778
190508
190233
189954
189670
189381
189086
188786
188480
188167
187847
187519
187183
186838
186483
186119
185745
185360
184965
184559
184141
183713
183273
182821
182356
181879
181389
180884
180365
179830
179280
178712
178126
177522
176897
176252
175585
174895
174180
173440
172674
171878
171053
170196
169306
168379
167417
166412
165366
164272
163131
161933
160681
159362
157979
156515
154973
153330
151591
149721
147724
145549
143193
140570
137649
134242
130202
124960
117993
200269
199724
199618
199467
199332
199199
199071
198945
198820
198693
198564
198430
198291
198148
197998
197844
197686
197524
197360
197194
197028
196860
196691
196521
196349
196175
195999
195820
195640
195457
195274
195089
194904
194719
194533
194346
194158
193968
193775
193578
193377
193171
192960
192742
192519
192289
192053
191811
191562
191308
191048
190783
190513
190238
189959
189675
189386
189092
188792
188486
188174
187854
187526
187190
186846
186491
186127
185753
185369
184974
184568
184150
183722
183282
182830
182366
181889
181399
180894
180375
179841
179291
178723
178138
177534
176910
176265
175599
174909
174195
173455
172689
171894
171070
170213
169324
168398
167436
166432
165387
164293
163153
161956
160706
159388
158006
156543
155002
153361
151623
149755
147761
145588
143235
140613
137693
134283
130228
124920
117783
200271
199723
199616
199465
199329
199196
199068
198943
198818
198692
198563
198430
198292
198149
198000
197846
197687
197525
197361
197195
197028
196861
196692
196522
196350
196176
195999
195820
195640
195457
195273
195089
194904
194719
194533
194347
194159
193970
193777
193581
193381
193175
192964
192747
192524
192295
192058
191816
191568
191313
191053
190788
190518
190243
189964
189680
189391
189097
188797
188492
188180
187860
187533
187198
186853
186499
186136
185762
185377
184982
184576
184159
183731
183291
182839
182375
181898
181408
180904
180386
179852
179302
178735
178150
177546
176923
176278
175612
174923
174210
173470
172705
171910
171086
170230
169342
168416
167455
166451
165407
164314
163175
161979
160730
159413
158032
156570
155032
153392
151656
149790
147797
145627
143276
140657
137738
134327
130259
124889
117582
200273
199723
199614
199463
199326
199193
199065
198940
198816
198691
198562
198430
198293
198149
198001
197847
197689
197527
197363
197197
197029
196861
196692
196522
196350
196176
196000
195821
195640
195457
195273
195089
194904
194719
194534
194348
194161
193972
193780
193584
193384
193179
192969
192752
192529
192300
192064
191821
191573
191318
191058
190793
190523
190248
189969
189685
189396
189102
188803
188498
188186
187867
187540
187205
186861
186507
186144
185770
185386
184991
184585
184168
183740
183300
182848
182385
181908
181418
180914
180396
179862
179313
178746
178162
177558
176935
176291
175626
174937
174224
173485
172720
171926
171103
170247
169359
168434
167474
166471
165427
164335
163197
162002
160753
159437
158058
156597
155060
153422
151688
149824
147833
145665
143316
140700
137783
134373
130293
124867
117387
200275
199722
199613
199461
199324
199191
199063
198939
198815
198690
198562
198430
198293
198151
198002
197849
197690
197528
197364
197198
197031
196862
196693
196523
196351
196177
196000
195821
195640
195458
195274
195089
194905
194720
194535
194349
194162
193974
193782
193587
193388
193183
192973
192757
192534
192305
192069
191827
191578
191324
191063
190798
190528
190253
189973
189690
189401
189107
188808
188503
188192
187873
187547
187212
186868
186515
186151
185778
185394
184999
184593
184177
183749
183309
182857
182394
181917
181427
180924
180406
179873
179323
178757
178173
177570
176948
176304
175639
174950
174238
173500
172735
171941
171119
170264
169376
168452
167492
166490
165447
164356
163219
162024
160777
159462
158084
156624
155089
153452
151720
149857
147869
145704
143357
140744
137828
134420
130331
124853
117204
200276
199722
199612
199460
199323
199189
199062
198937
198814
198689
198562
198431
198294
198152
198004
197850
197692
197530
197366
197199
197032
196864
196695
196524
196352
196178
196001
195822
195641
195458
195275
195090
194906
194721
194536
194351
194164
193976
193785
193590
193391
193187
192977
192761
192539
192310
192074
191832
191583
191329
191068
190803
190533
190258
189978
189694
189406
189113
188814
188509
188198
187880
187553
187219
186875
186522
186159
185786
185402
185007
184602
184185
183757
183318
182866
182403
181926
181437
180933
180416
179883
179334
178768
178184
177582
176960
176316
175652
174964
174252
173514
172750
171957
171135
170280
169393
168469
167510
166508
165467
164376
163240
162046
160800
159486
158109
156651
155117
153481
151751
149891
147905
145741
143398
140788
137874
134469
130373
124850
117030
200278
199723
199611
199460
199322
199188
199061
198936
198813
198689
198562
198431
198295
198153
198005
197852
197694
197532
197367
197201
197033
196865
196696
196526
196353
196179
196003
195824
195642
195460
195276
195091
194907
194722
194538
194352
194166
193978
193788
193593
193395
193191
192982
192766
192544
192315
192079
191837
191588
191334
191073
190808
190538
190263
189983
189699
189411
189118
188819
188515
188204
187886
187560
187225
186882
186529
186167
185793
185410
185015
184610
184193
183765
183326
182875
182411
181935
181446
180943
180425
179893
179344
178778
178195
177593
176971
176329
175664
174977
174265
173528
172764
171971
171150
170296
169410
168487
167528
166527
165486
164396
163260
162068
160822
159510
158134
156677
155144
153511
151782
149923
147939
145779
143437
140831
137920
134519
130418
124856
116876
200280
199723
199611
199459
199321
199187
199060
198936
198813
198689
198563
198432
198296
198155
198007
197854
197696
197534
197369
197203
197035
196867
196698
196527
196355
196181
196004
195825
195644
195461
195277
195093
194908
194724
194539
194354
194168
193981
193790
193596
193398
193195
192986
192770
192548
192319
192084
191842
191593
191338
191078
190813
190542
190267
189988
189704
189416
189123
188824
188520
188210
187892
187566
187232
186889
186536
186174
185801
185417
185023
184618
184201
183774
183334
182883
182420
181944
181455
180952
180435
179902
179354
178789
178206
177604
176983
176341
175677
174989
174279
173541
172778
171986
171165
170311
169426
168503
167545
166545
165504
164415
163281
162089
160845
159533
158158
156703
155171
153539
151812
149955
147973
145815
143477
140874
137966
134569
130465
124872
116742
200282
199725
199611
199460
199321
199187
199059
198935
198813
198689
198563
198433
198298
198156
198009
197856
197698
197536
197371
197205
197037
196869
196699
196529
196357
196183
196006
195827
195646
195463
195279
195094
194910
194725
194541
194356
194171
193983
193793
193600
193402
193199
192990
192775
192553
192324
192089
191847
191598
191343
191083
190818
190547
190272
189993
189709
189421
189128
188830
188526
188215
187898
187572
187238
186895
186543
186181
185808
185425
185031
184625
184209
183782
183343
182892
182428
181953
181464
180961
180444
179912
179364
178799
178217
177615
176994
176352
175689
175002
174291
173555
172792
172000
171180
170327
169442
168520
167562
166562
165523
164434
163300
162110
160866
159555
158182
156727
155197
153566
151841
149986
148007
145851
143515
140916
138011
134620
130516
124896
116635
200282
199726
199611
199460
199321
199187
199059
198935
198813
198690
198564
198434
198299
198158
198011
197858
197700
197538
197373
197207
197039
196870
196701
196531
196359
196184
196008
195828
195647
195464
195280
195096
194912
194727
194543
194358
194173
193986
193796
193603
193405
193202
192993
192779
192557
192328
192093
191851
191603
191348
191088
190822
190552
190277
189998
189714
189426
189133
188835
188531
188221
187903
187578
187245
186902
186550
186188
185815
185432
185038
184633
184217
183789
183350
182900
182437
181961
181473
180970
180453
179921
179374
178809
178227
177626
177005
176364
175701
175014
174304
173568
172805
172014
171194
170341
169457
168535
167578
166579
165540
164453
163320
162130
160887
159577
158204
156751
155222
153593
151869
150017
148039
145886
143553
140958
138056
134672
130570
124932
116566
200284
199729
199612
199461
199322
199188
199060
198936
198814
198691
198565
198436
198301
198160
198013
197860
197702
197540
197376
197209
197041
196873
196703
196533
196361
196187
196010
195831
195649
195467
195283
195098
194914
194730
194545
194361
194176
193988
193799
193606
193408
193206
192997
192783
192561
192333
192098
191856
191607
191353
191092
190827
190557
190282
190002
189719
189431
189138
188840
188536
188226
187909
187584
187251
186908
186556
186195
185822
185439
185045
184640
184224
183797
183358
182908
182445
181969
181481
180979
180462
179931
179383
178819
178237
177636
177016
176375
175712
175026
174316
173580
172818
172028
171208
170356
169472
168551
167594
166596
165557
164471
163338
162149
160907
159598
158227
156775
155247
153620
151898
150047
148072
145922
143591
141000
138102
134723
130625
124971
116543
200285
199731
199612
199462
199322
199188
199060
198936
198814
198691
198566
198437
198302
198161
198015
197862
197704
197542
197378
197211
197043
196875
196705
196535
196363
196188
196012
195833
195651
195468
195285
195100
194916
194732
194547
194363
194178
193991
193802
193609
193412
193209
193001
192786
192565
192337
192102
191860
191612
191357
191097
190831
190561
190286
190007
189723
189436
189143
188845
188542
188232
187915
187590
187256
186914
186563
186201
185829
185446
185052
184647
184231
183804
183366
182915
182453
181977
181489
180987
180471
179940
179392
178828
178247
177646
177026
176385
175722
175036
174327
173592
172830
172040
171221
170369
169486
168565
167609
166612
165574
164488
163355
162166
160923
159613
158242
156790
155263
153636
151915
150066
148092
145943
143614
141026
138130
134757
130664
125006
116569
200286
199735
199614
199464
199324
199190
199062
198938
198816
198693
198568
198439
198304
198164
198017
197865
197707
197545
197380
197214
197046
196877
196708
196537
196365
196191
196014
195835
195654
195471
195287
195103
194918
194734
194550
194366
194181
193994
193805
193612
193415
193213
193005
192790
192569
192341
192106
191864
191616
191362
191101
190836
190566
190291
190012
189728
189440
189148
188850
188547
188237
187920
187595
187262
186920
186569
186207
185835
185452
185059
184654
184239
183812
183373
182923
182461
181986
181498
180996
180480
179948
179401
178837
178256
177656
177036
176395
175733
175048
174339
173604
172843
172053
171235
170384
169501
168581
167626
166629
165593
164507
163376
162188
160947
159639
158269
156819
155293
153668
151949
150101
148129
145984
143658
141074
138183
134817
130732
125064
116662
200285
199737
199614
199465
199324
199190
199062
198938
198816
198694
198569
198440
198306
198165
198019
197866
197709
197547
197382
197216
197048
196879
196710
196539
196367
196193
196016
195837
195656
195473
195289
195105
194920
194736
194552
194368
194183
193996
193807
193615
193418
193216
193008
192794
192573
192345
192110
191868
191620
191366
191106
190840
190570
190295
190016
189733
189445
189152
188855
188552
188242
187925
187601
187268
186926
186574
186212
185840
185458
185065
184660
184245
183818
183380
182930
182467
181993
181505
181003
180488
179957
179410
178846
178263
177662
177041
176400
175738
175053
174344
173609
172848
172058
171240
170389
169506
168587
167632
166634
165596
164509
163377
162190
160951
159645
158278
156830
155306
153682
151963
150117
148146
146001
143677
141095
138206
134844
130767
125099
116733
200286
199744
199617
199468
199327
199193
199065
198941
198819
198696
198572
198443
198308
198168
198021
197869
197712
197550
197385
197219
197051
196882
196713
196542
196370
196196
196019
195840
195659
195476
195292
195108
194923
194739
194555
194371
194186
194000
193811
193618
193421
193219
193012
192798
192577
192349
192114
191872
191624
191370
191110
190845
190574
190300
190021
189737
189450
189157
188860
188557
188247
187931
187606
187273
186931
186580
186218
185846
185464
185071
184667
184252
183825
183387
182937
182476
182001
181514
181012
180497
179966
179420
178856
178275
177674
177055
176414
175752
175067
174359
173624
172864
172074
171256
170406
169524
168605
167650
166654
165618
164534
163404
162218
160979
159674
158307
156859
155336
153713
151997
150153
148184
146044
143723
141146
138263
134912
130845
125186
116861
200284
199746
199617
199468
199327
199193
199065
198941
198819
198697
198572
198443
198309
198169
198022
197870
197713
197551
197386
197220
197052
196883
196714
196543
196371
196197
196021
195842
195660
195477
195293
195109
194925
194741
194557
194373
194188
194001
193812
193620
193423
193221
193014
192800
192579
192351
192117
191875
191627
191373
191113
190848
190578
190303
190024
189741
189453
189161
188864
188561
188251
187935
187611
187278
186935
186580
186216
185843
185460
185066
184661
184246
183819
183380
182930
182467
181992
181504
181002
180486
179954
179407
178843
178262
177663
177044
176404
175743
175059
174350
173616
172856
172066
171248
170397
169515
168596
167641
166645
165609
164524
163394
162208
160969
159663
158295
156847
155324
153702
151986
150143
148175
146035
143715
141140
138260
134912
130847
125187
116870
200284
199758
199621
199473
199332
199197
199069
198945
198823
198701
198576
198448
198314
198174
198027
197875
197718
197557
197392
197225
197058
196889
196720
196549
196377
196203
196026
195847
195666
195483
195299
195115
194931
194747
194563
194378
194194
194007
193818
193626
193430
193228
193020
192807
192586
192359
192124
191883
191635
191381
191121
190856
190585
190311
190032
189749
189461
189169
188872
188569
188259
187943
187619
187286
186945
186594
186234
185862
185480
185087
184683
184269
183842
183405
182955
182493
182019
181532
181031
180516
179986
179440
178877
178297
177699
177080
176441
175781
175097
174390
173656
172897
172109
171292
170443
169562
168645
167692
166698
165663
164581
163453
162269
161033
159730
158366
156921
155402
153783
152071
150232
148269
146135
143822
141255
138385
135053
131018
125401
117310
119506
118627
117721
116774
115790
114764
113697
112586
111430
110232
108999
107740
106403
105023
103591
102076
100528
98947.7
97327.5
95663.9
93956.8
92207.8
90419.6
88595.3
86738.1
84851.4
82939
81004.5
79051.9
77085.1
75108.5
73126.1
71142.4
69161.2
67186.9
65223.2
63274.2
61343.1
59433.7
57548.5
55691.1
53863.2
52068.2
50307
48582.7
46895.6
45248.5
43641.2
42075.9
40551.3
39068.9
37624.1
36217.3
34840.8
33491.6
32165.8
30861.5
29584.7
28351.6
27183.7
26096.7
25077.7
24148.7
23289.7
22507.3
21821.8
21218.9
20668.4
20252.2
19914.3
19655.9
19398.2
19399
19513.6
19766.6
20154.5
20727
21374.4
21916.8
22564.8
119455
118571
117658
116704
115711
114677
113600
112478
111308
110088
108806
107518
106187
104820
103367
101861
100309
98713.2
97075
95393.5
93669.6
91905.1
90102.8
88265.5
86396.6
84499.5
82577.9
80635.7
78676.9
76705.6
74726.1
72742.5
70759.1
68779.9
66809
64850
62907
60982.9
59081.5
57205.1
55357.1
53539.4
51754.7
50004.4
48291
46615.1
44978.8
43381.6
41824.8
40305.3
38823.9
37374.8
35956.8
34567.2
33207.7
31880.7
30604.7
29380.8
28241.7
27174.3
26161.7
25214.1
24324.6
23528.3
22782.3
22120.8
21573.3
21064.9
20657.4
20404.8
20261.3
20231.8
20356.5
20579.4
20733.5
20933.6
21129.2
21345.8
21597.2
22085.4
119372
118476
117553
116587
115582
114534
113443
112307
111126
109898
108627
107295
105925
104515
103034
101514
99940.5
98318
96651.5
94943.4
93195.1
91408.4
89585.7
87729.7
85843.8
83931.6
81997
80043.9
78076.7
76099.3
74116.1
72131.1
70148.7
68172.5
66206.6
64254.6
62319.9
60405.8
58515.3
56651.1
54816
53012.1
51241.5
49506
47807
46145.8
44522.6
42936.4
41386.5
39869.1
38381.8
36924.3
35493.7
34099.3
32756.6
31469.4
30278.2
29169.5
28135.5
27173.4
26249.8
25403.3
24615.3
23897.1
23272.9
22684.4
22234.7
21876.9
21521.8
21457.8
21394.8
21343.6
21506
21578.3
21510.9
21506.8
21519.8
21468.3
21467
21562.9
119251
118340
117400
116417
115392
114324
113210
112051
110846
109594
108295
106923
105511
104047
102543
100996
99392.9
97736.1
96033.6
94290
92508.1
90689.9
88838
86955.3
85045.4
83112
81159.3
79191.5
77213
75227.8
73240.2
71254.4
69274.2
67303.4
65345.8
63404.6
61483
59584.1
57710.7
55865.1
54049.8
52266.9
50517.7
48804.1
47126.1
45484.3
43876.7
42301.4
40754.4
39237.1
37743.1
36288.3
34878.4
33533.3
32285.9
31130.6
30075.1
29116.3
28172.6
27307
26512.5
25755
25126.3
24529.2
24036.1
23625.2
23336.8
23151.5
22974.4
22963.1
22866.3
22649
22606.3
22496.8
22273.7
22038.1
21877.2
21672
21521.8
21389.4
119096
118164
117203
116197
115146
114050
112907
111715
110476
109186
107847
106436
104983
103471
101922
100328
98681.4
96981.6
95235.1
93447.7
91623.5
89765.6
87877.2
85961.5
84022.3
82063.8
80090.2
78105.9
76115.3
74122.5
72131.7
70146.8
68171.6
66209.5
64263.9
62337.8
60434
58555.4
56704.1
54882.5
53092.1
51334.9
49611.3
47922
46265.8
44641.4
43044
41475.3
39928.5
38419.6
36949.7
35546
34243
33033
31948.7
30972.9
30021.8
29174.6
28378.4
27600.2
26994.9
26390.4
25881.6
25547.7
25157.4
24990.9
24904.8
24685.5
24581.2
24418.7
24168.5
23852
23514.8
23212.6
22882.6
22554.3
22251.9
21958.1
21701.4
21402.4
118910
117952
116966
115930
114848
113718
112537
111306
110022
108687
107297
105843
104338
102771
101162
99509.9
97808.5
96057.2
94259.6
92421.3
90547.7
88643.5
86712.5
84759
82786.9
80800.6
78804.6
76803.3
74801
72801.8
70809.8
68828.5
66861.5
64911.7
62982.2
61075.6
59194.4
57340.7
55516.4
53723.2
51961.9
50233.1
48536.5
46870.7
45232.7
43620.6
42030.9
40474.9
38956.4
37501.2
36145.6
34886.8
33778.2
32779.5
31824.1
30991.8
30173.7
29404.2
28820.1
28197.6
27728.4
27416.5
27012.9
26927
26791.1
26540.1
26487.7
26244.3
25911.4
25613.8
25219.5
24802.4
24382.3
23957.8
23535.1
23149
22772.5
22409.4
22075.2
21563.1
118695
117707
116690
115620
114501
113329
112104
110825
109489
108098
106650
105145
103573
101943
100266
98545
96778.9
94966.5
93110.1
91214.5
89286
87330
85352.3
83357.3
81350
79334.5
77316
75298.2
73285.8
71282.4
69291.9
67317.5
65362.1
63428.5
61519.2
59636.4
57781.9
55957.2
54163.5
52401.3
50670.3
48969.9
47297.8
45651.8
44030.2
42434.9
40882.6
39386
37987.5
36690.7
35552.6
34526.8
33578.3
32758.2
31921.8
31184.1
30591.9
29950.2
29548.6
29208.1
28847.1
28823.7
28627.8
28420.5
28368.3
28056.9
27719.7
27421.9
26985.5
26540.8
26109.3
25644.9
25171.5
24712.3
24244.6
23780.5
23318.3
22871.6
22475.1
21820.2
118454
117430
116379
115268
114106
112886
111609
110272
108877
107421
105907
104333
102688
100986
99233.6
97435.7
95594.9
93712.1
91789.2
89830.9
87842.9
85832.4
83805.1
81767.3
79723.8
77680
75639.8
73608.2
71588.2
69584.3
67598.7
65635.2
63695.6
61782.4
59897.6
58042.3
56218.3
54425.1
52663.9
50932.6
49230.9
47555.8
45906.9
44281.7
42696.1
41160
39725.4
38392.8
37223.5
36196
35280.8
34464.7
33635.7
32941.2
32318.9
31695.1
31337.3
30925.8
30678.7
30653.1
30383.3
30288.1
30200.9
29819.7
29526.6
29221.2
28758.2
28310
27876.5
27398.6
26912.3
26432.2
25934.3
25425.3
24912.1
24399.1
23884.9
23365.2
22914.8
22164.2
118188
117124
116032
114876
113663
112388
111051
109649
108184
106656
105074
103409
101683
99899.3
98063.6
96180.9
94256.9
92295.1
90299
88272.7
86222.8
84155.6
82078.7
79998.1
77920.3
75849.7
73791.2
71748.5
69725.5
67724.5
65749.2
63800.2
61881.5
59992.5
58136.2
56311.7
54519.9
52760
51030.7
49329.4
47658.2
46013.1
44407.2
42848.8
41380.1
40033.1
38833.9
37781.9
36862.1
36043.7
35267.5
34617.4
33975.7
33421.5
33063.4
32622.9
32503.5
32380.2
32133.2
32125.9
31922.3
31547.3
31314.4
30963.7
30494.2
30066.7
29637.8
29156.7
28659.5
28170.2
27662.5
27138.3
26604.1
26064
25512.1
24957.8
24406.4
23846.7
23357.8
22532
117899
116790
115652
114444
113173
111836
110429
108954
107410
105802
104127
102370
100553
98679.4
96751.8
94777.5
92763
90715.7
88640.1
86542.7
84428.4
82305.3
80179.8
78059.4
75949.9
73856.6
71783.8
69735
67713.2
65720.6
63759.1
61830.8
59935.6
58076.5
56249.9
54459.5
52700.4
50973.7
49277.8
47609.8
45983.8
44398.6
42896.2
41509.7
40280.8
39244.4
38356.4
37579.6
36857.1
36204.3
35564.8
35079.5
34678.4
34310.2
34260.5
34038
33918.3
33897.9
33568.4
33300.5
33050.6
32635.2
32200.1
31789
31358.6
30883.3
30388.7
29903
29394.8
28859.7
28313.9
27760.7
27195.5
26624.5
26048.3
25471.2
24894.8
24304.6
23786.3
22907.6
117589
116429
115240
113973
112637
111227
109743
108184
106552
104856
103071
101213
99296.3
97321.1
95294.2
93220.7
91111.1
88972.8
86814.7
84642.6
82464.8
80286.5
78116.6
75960.1
73824.3
71713.3
69631.8
67582.1
65566.9
63587.8
61645.4
59741.7
57875.4
56046.6
54255.7
52497.1
50778.1
49089.7
47445.6
45854.8
44339
42938
41690.2
40626.2
39707.5
38924
38240
37644.3
37092.4
36640.8
36218.1
35960.9
35843.2
35645.9
35655.4
35523.4
35211.5
35038.7
34713.1
34284.8
33897.7
33474.5
33038.6
32571.4
32082.6
31607
31102.8
30564.5
30015.9
29460.3
28888.9
28307.4
27717.6
27124.6
26526.5
25927.4
25331.1
24720.7
24182.2
23261.3
117258
116041
114795
113461
112053
110562
108990
107336
105607
103801
101902
99934.7
97905.3
95820.3
93684
91507.1
89296.7
87066.1
84822.5
82577.4
80335.8
78107.4
75896.5
73710.9
71554.7
69433
67348.5
65304.6
63301
61341.3
59422.9
57547.2
55714.9
53918.6
52166.5
50451.4
48777.6
47163.8
45611.5
44183.7
42881.4
41791.4
40925.7
40235.2
39599.8
39013.1
38487.5
38022.2
37675.8
37485.5
37340.6
37299.9
37232.6
37030.1
36876
36661.1
36283.2
35928.9
35558.7
35119.8
34694.5
34237
33754.2
33282.2
32778.1
32238.1
31692.5
31140.5
30570
29985.1
29389.9
28788.8
28179.7
27567.1
26950.2
26333.3
25719.5
25091.5
24538.8
23588.8
116907
115628
114318
112909
111418
109836
108165
106407
104573
102633
100614
98524.9
96374.1
94168.4
91917.1
89629.8
87318
84992.7
82667
80348.7
78050.1
75773.9
73531
71321.4
69153.2
67027.7
64947.5
62915.1
60930.4
58993.5
57106.6
55263.2
53468.1
51719.7
50017.4
48386.1
46824.9
45379.3
44095
42980.8
42052.2
41292.2
40661.3
40169.3
39746.5
39338.6
39051.8
38803.6
38728.4
38752.5
38615.4
38584.4
38450.8
38132.6
37845.1
37524.7
37125.5
36713.8
36313.5
35868.3
35399.9
34933.8
34431.1
33892.9
33349.4
32798.8
32227.6
31641
31046.1
30445.2
29833.7
29213.8
28585.7
27955.2
27322.2
26690.7
26063.4
25421.2
24855.4
23880.7
116539
115189
113807
112315
110730
109046
107264
105393
103424
101351
99198.4
96976.3
94693.8
92359.1
89986.4
87585.2
85170.9
82753.7
80348.4
77964.6
75612.2
73299
71027.2
68805.5
66630.1
64510.3
62441.1
60426.8
58468.9
56560.9
54711.2
52913.9
51164.5
49493.3
47886.8
46389
45047
43867.7
42951.5
42280.4
41755.2
41310.4
40849.3
40437.5
40193.9
40046.6
40080.3
40054.9
39952.8
39982
39775.8
39556.4
39373.3
39018
38641.3
38278.3
37876.6
37443.2
36999
36543.5
36054.3
35529.1
34991.9
34443.2
33871.1
33282.2
32687.1
32086.2
31473.3
30849.9
30217.2
29580.4
28938.8
28296.1
27650.7
27005.7
26364.6
25708.5
25131.5
24138.2
116152
114723
113262
111675
109986
108186
106282
104283
102161
99943.2
97646
95279.7
92854.3
90386
87884.8
85371.3
82852.9
80350.9
77870.5
75430.9
73032.6
70690
68400.3
66170.7
64001.4
61889.9
59844.9
57853.5
55932.1
54068.5
52266.4
50548.3
48905.4
47388.6
46031.4
44851.7
43900.7
43128
42501
42070.6
41769.5
41496.8
41267.4
41082.2
41142.4
41153.5
41182.8
41240.7
41031
40889
40698.7
40351.7
40080
39757.3
39366.9
38967.4
38544
38098.5
37627
37121.8
36599.8
36063.5
35499.5
34914.7
34321.4
33719.2
33103
32475.4
31839.3
31198.8
30552.4
29902.4
29247.6
28592.1
27935.2
27279.3
26627.6
25959.7
25372.2
24362.3
115747
114230
112681
110988
109181
107252
105214
103058
100776
98401.1
95945.1
93423.1
90848.4
88238.3
85610.7
82981.4
80368.1
77783.6
75242.6
72751.5
70323.8
67955.6
65662.3
63430.2
61276.6
59185.2
57167.8
55224.5
53342.8
51557.1
49843.4
48239.7
46813.2
45527.8
44483.4
43750.7
43248.7
42915.6
42597.7
42283.2
42048.7
42034.6
42164.5
42174.9
42272.8
42286
42130.7
42111.3
41936.1
41625.8
41415
41087.4
40738.3
40397.4
40009.2
39592.1
39146.2
38663.5
38160.4
37640.7
37092.9
36521.8
35938.6
35342.2
34727.5
34098.5
33459.9
32815.1
32162.8
31505.4
30843
30179.7
29514.5
28849.7
28182.7
27515.5
26852.9
26174.8
25579.8
24557.5
115324
113710
112060
110249
108309
106236
104048
101709
99258.3
96709.6
94084.1
91395.9
88664.1
85912.2
83155.9
80418.4
77715.8
75060.1
72468.3
69940.2
67489.5
65113.7
62817.7
60604.4
58466.1
56418
54440
52571.4
50780.7
49125
47644.7
46315.5
45307.2
44469.1
43805.4
43363
43101.1
42962.8
42814.7
42784.6
42809.6
42914.9
43188.4
43215.4
43177.6
43173
42927.5
42754.7
42621
42301.6
42028.5
41724.5
41354
40976.7
40569.8
40126.2
39657
39163.5
38637.9
38085.8
37518.3
36935.1
36331.1
35709.7
35075.4
34430.9
33775.5
33112.1
32442.3
31770.4
31096.4
30422.3
29746.1
29070
28392.8
27716.5
27046.1
26360.5
25759
24725.7
114885
113161
111398
109452
107363
105131
102759
100233
97591.6
94858.2
92047.5
89185.1
86294.7
83397.4
80521.4
77682
74900.6
72189.4
69554.6
67006.5
64542.2
62171.3
59888.6
57700.5
55605.9
53613.8
51726.9
49963.1
48350.9
46909.1
45719
44811.4
44200.6
43883.4
43723
43505.5
43278.4
43327.3
43462.6
43707.8
43844.4
43893.7
44045.2
44058.2
43899
43842.2
43648
43350
43189.2
42913.6
42598.2
42281.8
41903.2
41490.5
41056.6
40597.6
40109
39590.8
39049.8
38486.8
37898.7
37290.4
36667.7
36032.2
35382
34719.6
34047.2
33369.5
32687.3
32003.3
31316.9
30630.8
29943.6
29257.6
28571.6
27887.5
27210.2
26518.4
25911.8
24869.3
114427
112579
110691
108592
106334
103929
101342
98608.5
95766.1
92824.9
89824.1
86779.8
83728.1
80695.8
77702.3
74779.4
71930.3
69177.5
66515.8
63956.4
61497.7
59142.3
56893.2
54757.6
52733.9
50863.6
49148.2
47628.7
46390
45423.5
44676.7
44231.6
43850.5
43765.5
43761.3
43792.7
43861.4
44102.7
44323.6
44573.7
44730.2
44678.1
44660.2
44676.4
44489.7
44366.1
44245.4
43938.9
43699.2
43435.5
43105
42760.5
42374.1
41946.5
41488.8
41004.6
40498.7
39969.7
39412.1
38828.8
38225
37603.2
36963.8
36309.7
35643.2
34967.9
34284.1
33594.7
32900.2
32204.1
31506.4
30809.7
30112.5
29417
28722.7
28031.6
27348.7
26651.8
26041
24991
113952
111962
109931
107659
105208
102596
99780.2
96828.1
93752.3
90605
87390.7
84173.8
80959.6
77801.5
74709.2
71711.7
68818.5
66031.6
63364.1
60805
58371.8
56058.8
53867.4
51842.9
49950.6
48283.1
46838.5
45638.2
44804.1
44372.6
44161.2
44109.1
43968.9
43985.7
44174.4
44487.9
44776.2
45008.9
45118.9
45267.5
45391.7
45333.2
45213.4
45203.3
45033.7
44844.2
44741.8
44480.8
44179.3
43888.3
43546.5
43179.6
42781.8
42342
41868.2
41367.5
40841.3
40292.2
39721.8
39128.3
38510
37870.5
37214.9
36547.9
35870.2
35183.4
34488
33787.4
33083
32377.4
31669.9
30962.6
30254.9
29550.4
28849.2
28153.1
27465.6
26763.5
26148.1
25091
113456
111307
109112
106645
103996
101118
98064.1
94854.7
91550.2
88158
84753.9
81342.7
77996.1
74712.6
71550.4
68489.3
65572.4
62768.8
60107.7
57582.6
55192
52974.3
50906
49084.5
47505.8
46242.4
45310.6
44667.5
44208.4
44041.6
44074.1
44151.9
44330.7
44563.5
44910.9
45239.3
45542.2
45689.4
45744.7
45796.9
45852.2
45857.1
45712.8
45650.6
45526
45292.3
45152.1
44928.1
44615
44290.1
43932.2
43545.6
43133.1
42685
42198.7
41680.8
41139
40576.2
39990.6
39381.7
38750.6
38100.2
37433.2
36753.6
36063.6
35366.2
34662.2
33953.5
33240.3
32524.8
31807.1
31090.5
30374.8
29663.4
28956.1
28254.1
27561.4
26854.6
26236.1
25173.9
112941
110608
108225
105537
102635
99487.6
96156.8
92686.3
89111.6
85496.9
81873.8
78306.3
74817.8
71454.6
68217.1
65141.4
62190.1
59415.6
56773.2
54328
52041
49982.2
48173
46628.2
45444.5
44625.9
44211.7
44225.8
44196.5
44144.7
44281.6
44611
45038.7
45378.2
45677.3
45854.7
46092.9
46218.2
46291.5
46276.3
46262.2
46299.1
46172.7
46054.6
45952.3
45711.5
45513
45294.8
44992.9
44649.9
44272.2
43865.9
43435.7
42975.4
42480.9
41953.8
41397.6
40817.8
40217.4
39596.9
38955.3
38294.4
37616.7
36927.2
36228.3
35522.5
34809.9
34092.7
33371.2
32647.6
31922.1
31197.8
30475
29757.1
29044.5
28337.9
27641.3
26930.2
26308.4
25242.5
112405
109859
107257
104317
101125
97679.4
94050.5
90276.5
86444.4
82575.6
78768.5
75041.2
71447.6
68017.3
64744.2
61649.2
58722.9
55975.9
53440.4
51117.2
49063
47333.7
46023.3
45037.9
44429.9
44042.4
43968.1
44052.7
44273.6
44569.8
44880.7
45299.3
45677.6
46004.4
46221.8
46321.5
46524.9
46633.5
46721.4
46713.4
46648.5
46667.4
46580.5
46418.2
46306.8
46089.5
45846.7
45607
45309.8
44962.2
44572.7
44148.8
43700.5
43227.5
42723.7
42187.5
41620.7
41028.2
40413.7
39780.1
39128.3
38459.7
37775.2
37078
36370.2
35655.7
34935.4
34211.4
33482.9
32752
32019.3
31288.7
30560.9
29838.7
29121.5
28410
27709.4
26995.3
26371.8
25304.5
111847
109053
106195
102978
99441.1
95667.2
91693.8
87623
83494.6
79408.9
75413.6
71558.9
67897.5
64409.1
61145.7
58045.7
55184.7
52560.2
50183.5
48147.4
46426.4
45138.1
44286.6
43905.5
43969.7
43970.1
44022.6
44286.7
44735.9
45238.9
45576
45911.7
46157.3
46448.4
46646.9
46749.4
46918.3
46998
47078.9
47101.3
47010.4
46988.3
46925.6
46744.3
46609.4
46408.9
46147.8
45879.9
45576.9
45226.4
44829.9
44394.6
43930.2
43441.9
42927.6
42383.1
41806.6
41201.9
40575.2
39931.2
39271
38595.1
37903.5
37199.4
36484.9
35763.6
35036.4
34304.7
33568.9
32831.4
32093.4
31357.9
30625.6
29898.1
29175.6
28459
27754.1
27035.6
26408.4
25335.6
111261
108179
105025
101466
97556.5
93406.7
89076
84669.4
80279.4
75959.9
71830.7
67870.1
64169.7
60669.6
57420.6
54403.6
51658
49291.7
47265.7
45738.2
44708.7
44042.9
43651.8
43657.3
43774.9
44080.1
44466.2
44866.8
45331.5
45767.7
46090.8
46365.3
46537.4
46806.2
47001.4
47119.7
47264.2
47319.9
47380.4
47430.8
47349.6
47276.6
47216
47042.2
46875.7
46677.3
46415
46125.5
45807.2
45450.5
45050.7
44608.2
44131.4
43629
43102.3
42548.1
41963.2
41350.1
40713.9
40060.4
39391.9
38709.4
38012.7
37303.6
36583.5
35855.9
35122.3
34384.6
33643.3
32901.1
32159.2
31420
30684.2
29952.6
29225.6
28504.2
27795.3
27073
26442.3
25364.4
110642
107225
103710
99759.9
95432.9
90873.6
86139.7
81426
76740.6
72271.6
67995.2
64010.2
60274.9
56831.4
53621.1
50826.3
48366.1
46355.9
44854.6
43827.7
43441.5
43510.6
43533.6
43669.6
44031.5
44543.3
45073.3
45426.3
45801.1
46134.8
46463.6
46737.4
46888.1
47132
47307.9
47433.3
47566.2
47607
47647
47700.7
47644.4
47532.9
47457.7
47299
47110.1
46904.8
46642.2
46337.6
46003
45636.2
45231.2
44784.8
44300.3
43786.3
43246.9
42681.9
42088.9
41469.4
40826.4
40165.5
39489.3
38799.9
38097.4
37383.2
36658
35924.8
35184.8
34440.5
33693.3
32946.6
32201.1
31458.5
30718.8
29982.7
29251.8
28526.4
27814.2
27091.4
26461
25384.7
109980
106173
102246
97818.3
93020.7
88012
82858.5
77840.5
72904.6
68305
63957.3
59975
56259.4
52946.4
49906.1
47506.7
45658.2
44285.8
43606.8
43133.9
43140.9
43280.7
43653.9
44108.3
44578
45055.6
45515.8
45836.9
46158.6
46433.6
46769.8
47045.6
47201.1
47422.1
47567.1
47694.6
47826.3
47872.3
47893.8
47928.8
47896
47768.8
47670.1
47519.3
47320.2
47101.4
46835.4
46521.4
46172.1
45793.6
45382.3
44932.7
44443.7
43921
43370.1
42794.7
42195.1
41571.6
40924.8
40258.7
39576.8
38882
38174.9
37456.3
36726.7
35988.4
35242.8
34493.1
33741.1
32990.3
32241
31494.7
30751.3
30012
29278
28548.8
27832.5
27108.9
26480.4
25410.9
109261
105007
100571
95584.7
90282.8
84755.6
79220.1
73895.2
68767
64110.1
59711.7
55841.4
52172
49189.5
46596.3
44709.8
43453.3
42806.4
42882.4
42940.1
43122.8
43536.6
44092.4
44646.3
45037.5
45430.3
45808.3
46152.7
46471.4
46715.6
47037.9
47299.8
47476.1
47678.1
47795.9
47918.3
48046.9
48106.6
48106
48117.7
48095.5
47972.8
47857.8
47705.3
47498.6
47266
46993.3
46673.4
46314.8
45925.4
45506.2
45053
44561.2
44031.7
43470.5
42884.8
42277.8
41649.6
40998.2
40326.4
39637.3
38935
38221.1
37496.4
36761.3
36017.1
35265.6
34510.9
33755.1
33000.9
32248.1
31497.7
30749
30005.4
29268.6
28540
27825.6
27101.1
26469.5
25389.3
108455
103679
98639.9
93020.1
87144.4
81082.8
75180.9
69602
64351.2
59717.9
55334.8
51671.4
48271.1
45798.5
44202.4
43115.1
42542.5
42457.6
42593.9
43010.1
43523.1
44038.7
44537
45020.9
45361.4
45719.7
46053.4
46421.5
46747.1
46970.5
47268.9
47511.2
47705
47903
48007.2
48121.5
48243
48314.3
48295.7
48286
48261.8
48148.9
48023.9
47864.1
47650.1
47404.3
47124.1
46802
46439.6
46043.5
45618.3
45163.1
44671.5
44140
43572.6
42978.7
42364.2
41730.4
41073.3
40394.3
39696.8
38986.4
38265.6
37535.2
36794.8
36045.3
35288.2
34528.8
33769.8
33013.1
32258.2
31505.1
30752.4
30004.5
29264.5
28536.7
27825.7
27102.4
26469.9
25381.8
107523
102184
96391.5
90041.6
83527.2
76950.5
70711.2
64994.5
59695.9
55180.8
50975.8
47609.1
45004.8
43152
42263.7
42128.7
42242.7
42420.8
42830.3
43413.3
44009.9
44444.7
44847.6
45252.5
45612.5
45974.7
46283.7
46654.8
46972.1
47195.4
47466.6
47685.9
47890.5
48092.2
48191.5
48295.3
48407.6
48480.8
48454.5
48432.1
48402.2
48296.6
48163.5
47993.4
47771.5
47515.2
47228.4
46904.4
46538.2
46133.9
45698.1
45232.3
44730.5
44189.3
43612.5
43009.5
42387.3
41747.7
41088.8
40410.2
39712.2
38998.9
38273
37537.8
36793.9
36043.5
35287.1
34528.4
33768.9
33010.6
32253.2
31499
30748.4
30003.7
29264.5
28534
27818.3
27089.2
26454
25369.7
106422
100404
93737.4
86547.2
79387.8
72289.7
65892.6
60045.6
54965
50568.7
46916
44129.5
42897.1
42026.1
41681.9
41798.3
42221.3
42774.7
43304.2
43808.9
44324.1
44705.1
45075.1
45440.1
45831.2
46205
46494.7
46853.4
47153.5
47392.6
47643
47841.8
48051.1
48255.9
48358.1
48451.6
48551.8
48617.3
48591.8
48558.4
48519.8
48419
48284.3
48110.3
47885.7
47624.1
47333.6
47008.8
46640.7
46229.8
45782.7
45303.9
44790.5
44240.7
43657.3
43047.9
42419
41774.5
41114.1
40435.3
39736.3
39020
38289
37549.7
36803.6
36053.9
35300.2
34543.3
33783.1
33022.3
32262.1
31507.3
30761.4
30025.3
29288.7
28551.2
27827.2
27091.5
26452.4
25376.6
105060
98268.3
90554.1
82472.1
74611.2
67159.1
60676.8
54958.9
50178.2
46224.4
43535.3
41672.3
41317
41399
41546.5
41962.6
42559.9
43208.9
43686.1
44083.9
44503.6
44889.7
45271.7
45621.6
46026.2
46396.3
46680.2
47015
47297
47555.7
47796.3
47979.7
48187.8
48390.3
48498.5
48588.6
48674.2
48726.5
48705
48670.2
48628
48514.1
48369.3
48193.5
47969.6
47703.7
47402
47062.8
46683.5
46265.9
45813.3
45328.7
44811.5
44261.4
43678.7
43067.8
42433.1
41781.4
41114.4
40430.2
39727.1
39008
38274.6
37531.7
36780.9
36026.3
35269.2
34511.4
33751.4
32991
32230.7
31474.9
30723.7
29978.6
29240.5
28509.6
27789
27057.4
26422.7
25340.9
103398
95624.4
86709
77675
69181.5
61589.6
55197.3
49897.6
45758
42647.5
41661.9
40892.6
40923.8
41257.4
41806
42381.1
42929.7
43484.1
43916.7
44286.2
44654.8
45054.7
45456
45800.2
46199.8
46553
46845
47157.1
47422.9
47694.4
47933.1
48107.2
48309
48502.5
48615.8
48704.7
48778.2
48819.4
48796.1
48757.6
48697.8
48603.7
48464.3
48291.8
48065.1
47790
47474.6
47121
46732.1
46309.4
45852.1
45361.9
44841.2
44291.8
43711.6
43100.5
42461
41800.4
41124.2
40434.6
39729.3
39009.4
38274.9
37529.4
36774.9
36017.1
35258.2
34500.5
33741.7
32983
32224.6
31470.4
30718.4
29971
29234.4
28507.5
27786.1
27056
26425.6
25340
101239
92298.7
81998.7
72103.2
63109.3
55779.6
49719.5
45105.6
42199.2
40274.9
40329.6
40552.1
40937.6
41497.8
42188.9
42747.6
43196.8
43649.5
44074.2
44455.8
44802.7
45210.2
45622.6
45965.9
46347.3
46679.8
46986.1
47279.3
47531.5
47809.5
48048.5
48219.5
48413.4
48595.9
48713.9
48805
48869.9
48896.2
48874.1
48837
48768.1
48652.3
48499.7
48307.5
48075.7
47801.6
47484.5
47129.7
46740.6
46315.9
45851.7
45350.5
44818.8
44261.6
43677
43064.6
42426.3
41768.1
41093.3
40404.1
39697.4
38973.2
38233
37483.3
36727.4
35969.5
35209.3
34447.2
33681.8
32916.5
32152.5
31394
30640.4
29894.8
29156.7
28425.4
27706.5
26978.1
26339.9
25251
98406.2
87990.4
76247.6
65659.6
56607
49931.4
44917.5
41346.3
40370.9
39803.5
40052.6
40550.3
41250
41922.2
42538.5
43021.7
43396.3
43767.9
44184
44593.2
44952.1
45365.5
45769.8
46114.7
46466.5
46780.9
47100.9
47379.7
47623.8
47904.3
48143.9
48318.6
48502.1
48661.9
48781.1
48872.2
48930.5
48950.4
48932.1
48891
48814.6
48696
48533
48339.4
48111.8
47837.3
47516.2
47158.2
46766.9
46338.9
45869.5
45362.7
44825.9
44264.5
43676.4
43061.4
42420.3
41758.8
41078.8
40384.1
39673
38945.6
38203.6
37452.8
36696.3
35937.7
35176.2
34412.7
33646.7
32881.8
32118.6
31360.7
30607.5
29862.6
29124.1
28393.6
27678.6
26952
26311.6
25219.6
94703
82497
69215.8
58653.6
50192.9
44348.9
41053.6
39126.3
39375.3
39803.4
40390.6
41038.7
41691
42226.1
42692.9
43131.8
43497.1
43849.4
44270.1
44713.8
45097.4
45500.3
45874.1
46218
46547.2
46851.8
47179.1
47455.4
47699.2
47973.9
48203.7
48381
48558.3
48708.8
48835.8
48928.1
48985.8
49003.6
48984.1
48933.3
48848.8
48722
48560.7
48362.4
48121.6
47835.9
47508.7
47147.2
46752.8
46320.8
45848
45340
44803.8
44243.2
43656.3
43043.2
42403.7
41741.7
41058.9
40359.8
39644.4
38914.4
38171.4
37420.5
36663.5
35903.4
35139.4
34373.7
33606.6
32842.1
32079.7
31322.6
30570
29825.4
29087.3
28357.8
27642
26911.8
26270.3
25181.7
89806.2
75469.1
61268.6
51449
45098.7
40388.6
39059.5
38829.2
39101.7
39827.2
40799.4
41457.7
41914.2
42313.4
42701.7
43135.6
43558.8
43945.2
44379.8
44824
45200.3
45564.9
45911.6
46270
46596
46905.9
47238.9
47513.2
47762
48029.6
48252.9
48440.6
48615.4
48755.2
48874.1
48965.5
49016.5
49032.7
49012.7
48960.6
48874.1
48752.2
48591.9
48389.6
48147.8
47863.2
47535.3
47170.3
46770.3
46331.7
45852.4
45338.2
44794.7
44226.5
43634.3
43019.4
42379.4
41716.1
41030.8
40328
39609.2
38878.1
38135.8
37386.2
36629.8
35869.4
35103.9
34337
33569.6
32805.7
32044.2
31287.8
30535.6
29791
29052.7
28322.6
27604.8
26872.6
26231.4
25143.8
83213.6
66763.1
53098
44738.7
40402.8
38258.7
38290.8
38715.1
39740.4
40526.5
41138.9
41626
41990.5
42369.4
42793.2
43261.7
43719.6
44120.6
44535.7
44945.2
45327.5
45684.4
46024.6
46388.7
46704.6
47009.7
47329.8
47597.9
47856.6
48104.8
48314.6
48513.6
48684.7
48810
48923.1
49013.6
49075.4
49083.1
49045.7
48980.9
48882
48743.7
48571
48361.9
48112.7
47822.8
47493.4
47127.6
46726.3
46290.4
45820.7
45318.6
44784.1
44220.6
43630.6
43016.9
42377.4
41713
41024.9
40318.1
39596.2
38864.6
38123.6
37375.3
36618.8
35857
35089.5
34321.5
33554.2
32790.9
32029.9
31273.8
30521.4
29776.5
29037.9
28306.9
27587.9
26856.5
26220.1
25137.9
74288.6
57437.4
46932
41006.9
38168.7
37889.7
38573.7
39490.8
40136.7
40704.2
41112.1
41494.3
41899.1
42320.7
42752.6
43196.8
43646.7
44074.6
44481.5
44876.3
45287.5
45655.6
45997.6
46350.6
46668.3
46983.6
47291.5
47573.5
47851.5
48086.6
48291.5
48511.6
48682.1
48793.2
48902.5
49005.8
49061.5
49088
49056.1
48991.1
48897.4
48767
48596.8
48385
48134
47846.1
47518
47148.5
46740.6
46301.1
45830.9
45329.4
44795.2
44233.5
43646.7
43035.5
42399.3
41738
41051.5
40345.2
39624.2
38895.1
38157.8
37412.9
36658.1
35895
35125.3
34356.3
33588.4
32824.6
32063
31306
30552.5
29806.4
29066.5
28333.6
27612.5
26883.5
26255.7
25186.7
53596.5
36213.5
32525.5
33365.9
35680
38069.6
39528.2
40471.1
40774.1
40967.4
41200.3
41589.6
42075
42561.9
42961.6
43370.2
43818.3
44277.5
44675.3
45039.9
45462.6
45824.7
46152.5
46494.6
46799.8
47116.3
47410.6
47686
47971.9
48181.2
48377.3
48601.5
48765
48861.7
48960.2
49058
49116.2
49104.8
49066.8
48991.5
48880.8
48740.7
48567.4
48347.4
48084.9
47791.9
47460.6
47081.1
46655.8
46198.7
45716.9
45206.4
44661.2
44084.8
43483.9
42864.1
42220.8
41552.1
40857
40143.1
39416.6
38685
37945.8
37198.7
36439.8
35674.8
34905.6
34139.1
33374
32613.9
31855.6
31102.4
30351.8
29609.6
28872.5
28143.4
27426.3
26697.9
26064.2
24984
)
;

boundaryField
{
    inlet
    {
        type            fixedValue;
        value           uniform 200000;
    }
    outlet
    {
        type            zeroGradient;
    }
    axis
    {
        type            symmetryPlane;
    }
    wall
    {
        type            zeroGradient;
    }
    frontAndBack
    {
        type            empty;
    }
}


// ************************************************************************* //
