#           x             T        mag(U)             p
     -1.17952       1799.99       301.986        199998
      -1.1626       1799.96       302.099        199992
     -1.14584       1799.89       302.377        199977
     -1.12926       1799.77       302.863        199948
     -1.11284       1799.62       303.557        199905
     -1.09658       1799.45       304.419        199851
     -1.08049        1799.3       305.366        199798
     -1.06456       1799.22       306.269        199768
      -1.0488       1799.28       307.015        199780
     -1.03319       1799.45       307.536        199826
     -1.01773       1799.68       307.807        199895
     -1.00244       1799.97       307.848        199990
    -0.987294       1800.35        307.75        200128
    -0.972304       1800.86       307.645        200311
    -0.957464        1801.4       307.662        200507
    -0.942774       1801.82       307.895        200659
    -0.928232       1802.15       308.357        200780
    -0.913836       1802.52       308.979        200924
    -0.899585       1802.84       309.665        201056
    -0.885477       1802.96       310.359        201117
    -0.871511       1802.92       311.073        201117
    -0.857686       1802.94       311.875        201143
    -0.844001       1803.28        312.81        201282
    -0.830453       1803.71       313.806        201445
    -0.817041       1803.93       314.746        201514
    -0.803764       1803.94       315.604        201505
    -0.790621       1804.12       316.483        201561
    -0.777611       1804.65       317.488        201758
    -0.764731        1805.1       318.553        201917
    -0.751981       1805.19       319.549        201946
    -0.739359       1805.21       320.487        201955
    -0.726864       1805.27        321.43        201985
    -0.714496       1805.27       322.413        201992
    -0.702251       1805.16       323.469        201956
     -0.69013       1804.94       324.633        201876
    -0.678131       1804.59       325.919        201745
    -0.666253       1804.13       327.322        201578
    -0.654494       1803.66       328.807        201402
    -0.642853        1803.2       330.291        201236
     -0.63133       1802.72       331.675        201059
    -0.619923       1802.13        332.94        200831
    -0.608631        1801.5       334.215        200586
    -0.597452       1801.09       335.665        200419
    -0.586386       1800.91       337.336        200340
    -0.575431       1800.73       339.102        200262
    -0.564586       1799.97       340.715        199970
    -0.553851       1798.61       342.113        199469
    -0.543224       1797.62       343.565        199110
    -0.532704       1797.27       345.234        198966
    -0.522289       1796.54       346.903        198653
     -0.51198       1794.98       348.427        198031
    -0.501774       1793.69       350.053        197521
    -0.491671       1793.15       351.954        197279
    -0.481669       1792.37       353.911        196939
    -0.471769       1790.99       355.764        196382
    -0.461968       1789.71       357.596        195867
    -0.452265       1788.27       359.392        195290
    -0.442661       1786.41       361.154        194566
    -0.433153       1784.98       363.074        194010
     -0.42374       1783.86       365.191        193558
    -0.414423       1782.64       367.432        193073
    -0.405199       1781.88       369.869        192763
    -0.396068       1781.14       372.325        192438
    -0.387029        1778.7       374.361        191488
    -0.378081        1775.2       376.137        190203
    -0.369223       1773.06       378.274        189427
    -0.360455       1772.09       380.863        189056
    -0.351774       1770.91       383.543        188612
    -0.343181       1769.39       386.177        188056
    -0.334675        1768.1       388.927        187589
    -0.326254       1767.24       391.804        187251
    -0.317917       1765.32        394.41        186511
    -0.309665       1761.76       396.574        185215
    -0.301496       1758.73       398.815        184142
    -0.293409       1757.12       401.564        183558
    -0.285403        1756.1       404.686        183173
    -0.277479       1754.73       407.726        182639
    -0.269633       1751.51       410.253        181464
    -0.261867       1747.31       412.507        180003
    -0.254179       1744.32       415.098        178960
    -0.246568       1742.07       418.089        178151
    -0.239034       1739.82       421.304        177355
    -0.231576       1738.05       424.709        176718
    -0.224193       1735.66       427.992        175837
    -0.216884       1731.26       430.807        174291
    -0.209649       1726.34       433.482        172617
    -0.202487       1722.34       436.499        171242
    -0.195396       1718.75       439.895        169992
    -0.188377       1715.64       443.666        168923
    -0.181429       1713.26       447.809        168090
    -0.174551       1710.27        451.97        167042
    -0.167742       1705.71        455.88        165510
    -0.161001       1701.04       459.867        163975
    -0.154328       1697.45       464.363        162779
    -0.147723        1694.5       469.342        161780
    -0.141184       1691.17       474.389        160642
    -0.134711       1686.19        479.12        158994
    -0.128303       1680.69       483.875        157238
    -0.121959       1676.79       489.289        155985
     -0.11568       1673.57       495.158        154914
    -0.109463        1668.8       500.607        153373
    -0.103309       1661.91       505.225        151232
   -0.0972172       1655.06       509.796        149155
   -0.0911866       1650.44       515.437        147726
   -0.0852167       1646.92       522.245        146588
   -0.0793069       1642.83       529.583        145282
   -0.0734566       1637.17       536.781        143515
   -0.0676652       1629.09       543.557        141090
   -0.0619321       1620.89       550.679        138706
   -0.0562566       1615.33       559.196        137067
   -0.0506383       1611.01        568.95        135734
   -0.0450766       1605.33       578.916        134037
   -0.0395709       1596.83       588.124        131590
   -0.0341206       1585.17       596.305        128351
   -0.0287251       1573.75       604.682        125254
    -0.023384       1566.27       614.934        123178
   -0.0180966       1561.16       627.137        121665
   -0.0128624       1555.03        639.98        119898
  -0.00768098       1545.74       652.915        117510
  -0.00255168       1534.23       664.458        114567
  0.000439078       1525.16       672.454        112085
   0.00132501       1517.93       679.779        110218
   0.00222662       1509.26       688.791        108099
   0.00314419       1499.38       698.324        105703
   0.00407801       1489.04       708.224        103276
   0.00502836       1479.26       718.545        100983
   0.00599553        1470.9        729.17       98923.1
   0.00697982       1464.12       739.798       97130.6
   0.00798154        1458.5        750.12       95588.4
     0.009001       1453.51       759.949       94245.9
    0.0100385       1448.74       769.251       93043.3
    0.0110944       1443.98       778.094       91926.8
    0.0121689       1439.14       786.584       90854.8
    0.0132625       1434.16       794.817       89797.8
    0.0143754       1429.02       802.864       88733.9
    0.0155081       1423.68       810.762       87646.7
    0.0166608       1418.12       818.532       86522.2
