/*--------------------------------*- C++ -*----------------------------------*\
  =========                 |
  \\      /  F ield         | OpenFOAM: The Open Source CFD Toolbox
   \\    /   O peration     | Website:  https://openfoam.org
    \\  /    A nd           | Version:  13
     \\/     M anipulation  |
\*---------------------------------------------------------------------------*/
FoamFile
{
    format      ascii;
    class       volScalarField;
    location    "0.000999833";
    object      mag(U);
}
// * * * * * * * * * * * * * * * * * * * * * * * * * * * * * * * * * * * * * //

dimensions      [0 1 -1 0 0 0 0];

internalField   nonuniform List<scalar> 
8000
(
1.84291e-07
5.29709e-07
1.77765e-06
5.90909e-06
1.90503e-05
5.94459e-05
0.000179374
0.000522904
0.0014712
0.00399063
0.0104232
0.0261797
0.0631335
0.145914
0.322491
0.679603
1.35997
2.56604
4.49551
7.25792
10.8973
15.4019
20.6805
26.5934
32.9868
39.7195
46.6753
53.7667
60.9298
68.1202
75.3067
82.4684
89.5909
96.6641
103.681
110.636
117.529
124.352
131.107
137.79
144.401
150.939
157.403
163.792
170.106
176.345
182.508
188.596
194.607
200.543
206.404
212.19
217.9
223.536
229.098
234.588
240.003
245.346
250.616
255.815
260.943
266
270.989
275.909
280.762
285.55
290.276
294.942
299.55
304.104
308.607
313.065
317.481
321.858
326.201
330.519
334.816
339.098
343.37
347.637
351.912
356.203
360.515
364.851
369.218
373.636
378.122
382.677
387.295
391.978
396.758
401.672
406.722
411.881
417.129
422.502
428.074
433.88
439.887
446.035
452.312
458.801
465.611
472.77
480.217
487.873
495.742
503.945
512.621
521.789
531.356
541.224
551.412
562.101
573.488
585.581
598.2
611.1
624.049
639.57
1.83624e-07
5.27832e-07
1.77153e-06
5.88922e-06
1.89879e-05
5.92565e-05
0.00017882
0.000521339
0.00146696
0.00397951
0.0103953
0.0261126
0.0629793
0.145577
0.321787
0.678217
1.35741
2.56167
4.48883
7.24868
10.8855
15.3876
20.6641
26.5756
32.9679
39.6997
46.655
53.7459
60.9087
68.0986
75.2849
82.4463
89.5685
96.6414
103.659
110.614
117.505
124.328
131.082
137.766
144.377
150.915
157.378
163.767
170.081
176.321
182.484
188.571
194.583
200.519
206.379
212.165
217.876
223.514
229.076
234.565
239.981
245.324
250.595
255.794
260.922
265.979
270.967
275.889
280.742
285.53
290.256
294.922
299.531
304.085
308.589
313.047
317.462
321.84
326.184
330.502
334.799
339.083
343.355
347.623
351.898
356.189
360.503
364.839
369.208
373.626
378.111
382.667
387.286
391.972
396.751
401.66
406.708
411.869
417.121
422.497
428.068
433.869
439.872
446.019
452.296
458.788
465.604
472.769
480.216
487.866
495.726
503.927
512.612
521.797
531.385
541.27
551.456
562.122
573.488
585.584
598.233
611.188
624.215
639.814
1.82366e-07
5.24298e-07
1.75995e-06
5.85167e-06
1.887e-05
5.88989e-05
0.000177773
0.000518382
0.00145892
0.0039585
0.0103426
0.0259858
0.0626878
0.144938
0.320456
0.675594
1.35257
2.5534
4.4762
7.23123
10.8631
15.3606
20.6334
26.5421
32.9325
39.6631
46.6177
53.7082
60.871
68.0613
75.2482
82.4105
89.5337
96.6078
103.626
110.583
117.475
124.3
131.056
137.74
144.352
150.891
157.356
163.746
170.061
176.301
182.464
188.553
194.566
200.503
206.364
212.151
217.862
223.498
229.061
234.55
239.965
245.309
250.58
255.779
260.908
265.966
270.955
275.876
280.729
285.518
290.245
294.911
299.52
304.073
308.577
313.035
317.45
321.827
326.171
330.489
334.787
339.068
343.34
347.607
351.882
356.171
360.483
364.817
369.184
373.601
378.085
382.638
387.254
391.938
396.719
401.63
406.675
411.829
417.08
422.461
428.038
433.839
439.836
445.972
452.245
458.744
465.569
472.738
480.184
487.826
495.669
503.856
512.545
521.756
531.382
541.3
551.483
562.114
573.445
585.546
598.247
611.295
624.449
640.166
1.80584e-07
5.19305e-07
1.74358e-06
5.79862e-06
1.87034e-05
5.83931e-05
0.000176292
0.000514199
0.00144754
0.00392876
0.0102679
0.0258063
0.0622751
0.144033
0.31857
0.671877
1.34568
2.54165
4.45825
7.20638
10.8312
15.3222
20.5895
26.494
32.8814
39.6098
46.5627
53.652
60.8136
68.0029
75.1889
82.3504
89.473
96.5464
103.564
110.52
117.412
124.236
130.991
137.675
144.286
150.825
157.289
163.679
169.994
176.234
182.398
188.486
194.499
200.436
206.298
212.084
217.796
223.434
228.998
234.489
239.905
245.25
250.522
255.723
260.851
265.91
270.899
275.821
280.674
285.464
290.19
294.858
299.468
304.022
308.528
312.987
317.402
321.781
326.126
330.445
334.742
339.026
343.298
347.567
351.844
356.134
360.447
364.784
369.156
373.575
378.056
382.608
387.228
391.919
396.701
401.606
406.642
411.795
417.051
422.44
428.017
433.813
439.799
445.932
452.207
458.711
465.548
472.729
480.174
487.802
495.631
503.815
512.524
521.769
531.436
541.389
551.581
562.18
573.48
585.595
598.365
611.527
624.835
640.709
1.78349e-07
5.13045e-07
1.72308e-06
5.7321e-06
1.84944e-05
5.77588e-05
0.000174433
0.000508951
0.00143326
0.00389144
0.0101742
0.0255809
0.0617566
0.142895
0.316199
0.667202
1.33704
2.52689
4.43566
7.17513
10.7911
15.274
20.5345
26.4339
32.8178
39.544
46.4958
53.5844
60.7461
67.9361
75.1232
82.2863
89.4108
96.4864
103.506
110.465
117.359
124.185
130.943
137.629
144.242
150.783
157.249
163.641
169.957
176.199
182.364
188.454
194.468
200.407
206.27
212.057
217.77
223.408
228.971
234.461
239.878
245.223
250.496
255.696
260.826
265.886
270.875
275.797
280.653
285.442
290.17
294.837
299.446
304.002
308.506
312.964
317.38
321.758
326.103
330.421
334.718
339
343.272
347.541
351.814
356.102
360.411
364.746
369.113
373.53
378.01
382.558
387.17
391.856
396.642
401.552
406.587
411.731
416.98
422.371
427.957
433.755
439.736
445.854
452.124
458.636
465.481
472.664
480.106
487.723
495.53
503.704
512.421
521.694
531.399
541.392
551.601
562.183
573.467
585.608
598.453
611.738
625.201
641.239
1.75727e-07
5.05707e-07
1.69902e-06
5.65403e-06
1.82491e-05
5.70141e-05
0.000172251
0.000502785
0.0014165
0.00384757
0.010064
0.0253157
0.0611464
0.141556
0.313405
0.661691
1.32683
2.50944
4.40892
7.13808
10.7434
15.2164
20.4688
26.362
32.7413
39.464
46.4131
53.4997
60.6597
67.848
75.0338
82.1956
89.3189
96.3935
103.412
110.37
117.262
124.088
130.845
137.53
144.143
150.683
157.149
163.54
169.857
176.097
182.263
188.353
194.367
200.306
206.169
211.958
217.672
223.311
228.878
234.37
239.788
245.134
250.408
255.61
260.741
265.801
270.792
275.714
280.57
285.361
290.089
294.757
299.369
303.925
308.432
312.891
317.309
321.688
326.035
330.354
334.653
338.936
343.209
347.48
351.756
356.047
360.357
364.694
369.069
373.491
377.97
382.513
387.126
391.82
396.613
401.52
406.542
411.679
416.931
422.329
427.919
433.714
439.684
445.797
452.069
458.59
465.451
472.642
480.08
487.688
495.488
503.665
512.402
521.703
531.439
541.464
551.7
562.292
573.586
585.766
598.694
612.1
625.709
641.921
1.72789e-07
4.97453e-07
1.67194e-06
5.56622e-06
1.79731e-05
5.6176e-05
0.000169794
0.000495843
0.00139761
0.00379813
0.00993985
0.0250168
0.0604581
0.140046
0.310251
0.655468
1.3153
2.48973
4.3787
7.09621
10.6897
15.1516
20.3948
26.2811
32.6557
39.3755
46.3229
53.409
60.5692
67.7585
74.946
82.1102
89.2361
96.3135
103.335
110.296
117.193
124.022
130.781
137.469
144.085
150.627
157.095
163.489
169.808
176.051
182.218
188.31
194.327
200.267
206.132
211.922
217.636
223.276
228.841
234.332
239.752
245.098
250.372
255.575
260.707
265.768
270.76
275.683
280.54
285.331
290.06
294.729
299.34
303.896
308.402
312.862
317.279
321.656
326.003
330.322
334.62
338.901
343.173
347.444
351.718
356.004
360.309
364.64
369.011
373.431
377.908
382.448
387.052
391.738
396.531
401.445
406.471
411.598
416.838
422.239
427.837
433.636
439.598
445.693
451.959
458.492
465.359
472.547
479.977
487.573
495.363
503.539
512.288
521.604
531.359
541.408
551.676
562.304
573.636
585.873
598.888
612.408
626.158
642.545
1.69582e-07
4.88442e-07
1.64241e-06
5.47032e-06
1.76717e-05
5.52602e-05
0.000167109
0.00048825
0.00137693
0.00374402
0.00980386
0.0246892
0.0597036
0.138387
0.306791
0.648631
1.30262
2.468
4.34533
7.04987
10.63
15.0795
20.3123
26.1906
32.5592
39.2746
46.2185
53.3016
60.4595
67.6468
74.8324
81.9948
89.1193
96.1952
103.216
110.176
117.07
123.898
130.657
137.343
143.959
150.5
156.968
163.362
169.68
175.922
182.09
188.182
194.198
200.139
206.005
211.797
217.513
223.155
228.723
234.217
239.638
244.986
250.262
255.466
260.599
265.661
270.653
275.578
280.435
285.229
289.959
294.629
299.241
303.8
308.308
312.77
317.189
321.569
325.917
330.238
334.537
338.821
343.094
347.366
351.645
355.936
360.242
364.576
368.952
373.379
377.859
382.394
386.997
391.69
396.49
401.4
406.414
411.534
416.78
422.186
427.788
433.581
439.531
445.623
451.89
458.431
465.315
472.51
479.938
487.529
495.326
503.519
512.282
521.61
531.376
541.443
551.747
562.431
573.828
586.138
599.241
612.874
626.754
643.325
1.66151e-07
4.78823e-07
1.61085e-06
5.36786e-06
1.73495e-05
5.4281e-05
0.000164237
0.000480127
0.0013548
0.00368608
0.00965818
0.0243381
0.0588946
0.136609
0.303076
0.641291
1.289
2.44466
4.30946
7.00009
10.5659
15.0022
20.224
26.0941
32.457
39.1688
46.1109
53.1935
60.3518
67.5406
74.7284
81.8937
89.0213
96.1011
103.125
110.089
116.988
123.819
130.582
137.272
143.89
150.435
156.905
163.301
169.622
175.868
182.038
188.132
194.151
200.093
205.961
211.753
217.469
223.111
228.679
234.173
239.594
244.944
250.22
255.425
260.559
265.622
270.616
275.541
280.4
285.194
289.925
294.595
299.208
303.766
308.273
312.734
317.151
321.532
325.879
330.199
334.498
338.779
343.05
347.321
351.598
355.884
360.186
364.514
368.884
373.306
377.784
382.315
386.911
391.595
396.394
401.311
406.329
411.437
416.669
422.079
427.691
433.489
439.432
445.504
451.764
458.313
465.199
472.388
479.803
487.386
495.185
503.393
512.166
521.497
531.262
541.338
551.678
562.432
573.917
586.315
599.514
613.262
627.278
644.047
1.62553e-07
4.68719e-07
1.5777e-06
5.26019e-06
1.70108e-05
5.32512e-05
0.000161215
0.000471576
0.00133151
0.00362503
0.00950459
0.0239678
0.0580406
0.134731
0.299149
0.633522
1.27457
2.41986
4.27127
6.94691
10.4974
14.9192
20.1289
25.9894
32.3452
39.0515
45.9893
53.0684
60.2237
67.4098
74.5954
81.7586
88.8843
95.9621
102.985
109.947
116.844
123.674
130.435
137.125
143.742
150.286
156.756
163.152
169.473
175.718
181.888
187.983
194.001
199.945
205.814
211.608
217.327
222.972
228.543
234.039
239.462
244.813
250.091
255.298
260.433
265.497
270.493
275.42
280.28
285.074
289.807
294.48
299.094
303.655
308.164
312.627
317.048
321.43
325.78
330.102
334.403
338.686
342.959
347.232
351.513
355.804
360.109
364.44
368.814
373.243
377.722
382.252
386.849
391.54
396.343
401.254
406.259
411.364
416.602
422.016
427.63
433.423
439.357
445.424
451.688
458.243
465.138
472.33
479.743
487.332
495.155
503.386
512.17
521.501
531.264
541.348
551.726
562.556
574.14
586.636
599.936
613.803
627.959
644.94
1.58827e-07
4.58254e-07
1.54334e-06
5.14856e-06
1.66595e-05
5.21828e-05
0.000158078
0.000462698
0.00130731
0.00356158
0.0093449
0.0235825
0.0571518
0.132775
0.295057
0.625426
1.25952
2.39401
4.23143
6.89149
10.4259
14.833
20.0303
25.8815
32.2309
38.9334
45.8692
52.9479
60.1041
67.2921
74.4804
81.647
88.7766
95.8586
102.885
109.852
116.754
123.588
130.353
137.046
143.667
150.215
156.687
163.086
169.409
175.658
181.83
187.927
193.949
199.895
205.765
211.558
217.278
222.923
228.493
233.99
239.414
244.766
250.045
255.252
260.388
265.454
270.451
275.378
280.239
285.036
289.768
294.441
299.055
303.615
308.125
312.587
317.007
321.388
325.736
330.058
334.358
338.639
342.91
347.181
351.459
355.745
360.045
364.371
368.74
373.163
377.639
382.164
386.753
391.438
396.24
401.157
406.162
411.256
416.483
421.899
427.52
433.314
439.24
445.296
451.555
458.114
465.007
472.189
479.585
487.163
494.997
503.253
512.053
521.379
531.13
541.216
551.63
562.544
574.233
586.835
600.247
614.246
628.561
645.788
1.5501e-07
4.47525e-07
1.50812e-06
5.03404e-06
1.62989e-05
5.10857e-05
0.000154856
0.000453572
0.00128242
0.0034963
0.00918045
0.0231856
0.0562352
0.130757
0.290829
0.617047
1.24393
2.36714
4.18989
6.83352
10.351
14.7422
19.926
25.7665
32.1076
38.8035
45.7343
52.8088
59.9615
67.1464
74.3318
81.4958
88.6231
95.703
102.728
109.693
116.592
123.426
130.19
136.882
143.501
150.048
156.521
162.919
169.243
175.491
181.664
187.761
193.784
199.73
205.602
211.399
217.121
222.769
228.342
233.841
239.268
244.621
249.902
255.111
260.249
265.316
270.314
275.244
280.107
284.904
289.639
294.314
298.93
303.494
308.005
312.471
316.893
321.277
325.627
329.951
334.253
338.537
342.812
347.084
351.365
355.655
359.959
364.289
368.663
373.09
377.567
382.095
386.686
391.375
396.177
401.087
406.086
411.18
416.41
421.827
427.445
433.234
439.156
445.212
451.477
458.043
464.936
472.109
479.502
487.092
494.958
503.246
512.06
521.383
531.128
541.218
551.671
562.665
574.456
587.167
600.694
614.834
629.321
646.814
1.5113e-07
4.36628e-07
1.47231e-06
4.91762e-06
1.59323e-05
4.99696e-05
0.000151576
0.00044428
0.00125707
0.00342975
0.00901279
0.0227806
0.0552998
0.128695
0.286511
0.608488
1.22798
2.3397
4.14746
6.77437
10.2746
14.6498
19.8203
25.6507
31.985
38.677
45.6059
52.6803
59.8344
67.0217
74.2103
81.3782
88.5098
95.5943
102.624
109.593
116.498
123.335
130.103
136.8
143.423
149.974
156.449
162.85
169.177
175.428
181.604
187.704
193.727
199.676
205.548
211.346
217.068
222.716
228.29
233.79
239.216
244.571
249.852
255.063
260.202
265.27
270.269
275.2
280.064
284.861
289.597
294.271
298.889
303.451
307.962
312.426
316.847
321.23
325.58
329.903
334.203
338.486
342.758
347.029
351.305
355.592
359.891
364.216
368.585
373.007
377.478
381.998
386.585
391.27
396.074
400.982
405.978
411.064
416.291
421.709
427.325
433.105
439.02
445.081
451.351
457.915
464.8
471.961
479.331
486.905
494.78
503.097
511.932
521.254
530.988
541.08
551.572
562.645
574.539
587.36
601.014
615.311
630.001
647.8
1.47218e-07
4.25636e-07
1.4362e-06
4.80011e-06
1.5562e-05
4.88419e-05
0.000148261
0.000434881
0.0012314
0.00336236
0.00884283
0.0223698
0.0543498
0.126599
0.282115
0.59976
1.2117
2.31156
4.10382
6.71326
10.1955
14.5537
19.7096
25.5282
31.8531
38.5378
45.4609
52.5304
59.6801
66.8638
74.0491
81.214
88.343
95.4251
102.453
109.42
116.323
123.159
129.926
136.621
143.244
149.794
156.27
162.671
168.998
175.249
181.424
187.525
193.55
199.5
205.376
211.176
216.901
222.552
228.128
233.63
239.059
244.416
249.7
254.912
260.053
265.124
270.124
275.056
279.922
284.723
289.46
294.136
298.757
303.321
307.835
312.302
316.726
321.112
325.465
329.79
334.092
338.378
342.653
346.927
351.206
355.495
359.798
364.13
368.501
372.925
377.399
381.925
386.516
391.2
395.998
400.901
405.898
410.99
416.219
421.632
427.241
433.017
438.927
444.983
451.266
457.843
464.721
471.864
479.226
486.816
494.725
503.076
511.928
521.251
530.982
541.084
551.615
562.761
574.75
587.677
601.46
615.927
630.833
648.96
1.43302e-07
4.14624e-07
1.4e-06
4.68232e-06
1.51906e-05
4.77105e-05
0.000144933
0.000425443
0.00120561
0.00329463
0.00867196
0.0219566
0.053394
0.12449
0.27769
0.590976
1.19532
2.28326
4.05994
6.65193
10.1162
14.4576
19.5996
25.4078
31.7258
38.4064
45.3278
52.3978
59.5493
66.7359
73.925
81.0943
88.2279
95.3149
102.347
109.319
116.228
123.068
129.839
136.538
143.165
149.718
156.198
162.602
168.931
175.185
181.363
187.465
193.493
199.444
205.32
211.12
216.846
222.497
228.074
233.577
239.007
244.364
249.649
254.862
260.004
265.075
270.077
275.01
279.876
284.677
289.415
294.092
298.712
303.276
307.789
312.255
316.678
321.063
325.414
329.738
334.04
338.324
342.597
346.868
351.143
355.429
359.729
364.054
368.421
372.839
377.306
381.824
386.411
391.097
395.895
400.792
405.777
410.865
416.098
421.516
427.12
432.878
438.776
444.845
451.144
457.721
464.59
471.714
479.052
486.624
494.535
502.909
511.782
521.111
530.84
540.952
551.522
562.739
574.818
587.852
601.775
616.431
631.584
650.081
1.39403e-07
4.03655e-07
1.3639e-06
4.56477e-06
1.48199e-05
4.65804e-05
0.000141606
0.000416003
0.00117981
0.00322678
0.00850061
0.0215417
0.0524335
0.122368
0.273231
0.582103
1.17872
2.25449
4.01514
6.589
10.0346
14.3582
19.4847
25.28
31.5876
38.26
45.1749
52.2392
59.386
66.5682
73.7536
80.9195
88.0502
95.1346
102.164
109.135
116.042
122.88
129.65
136.349
142.975
149.528
156.007
162.412
168.742
174.996
181.175
187.278
193.307
199.261
205.139
210.942
216.671
222.325
227.904
233.41
238.843
244.202
249.489
254.705
259.848
264.922
269.926
274.862
279.729
284.533
289.273
293.953
298.574
303.141
307.657
312.127
316.553
320.941
325.294
329.621
333.924
338.212
342.488
346.761
351.039
355.327
359.633
363.964
368.333
372.752
377.221
381.747
386.34
391.023
395.81
400.703
405.694
410.789
416.025
421.438
427.029
432.782
438.674
444.736
451.044
457.64
464.508
471.611
478.936
486.519
494.463
502.866
511.755
521.091
530.825
540.956
551.569
562.852
575.012
588.149
602.209
617.064
632.477
651.362
1.35538e-07
3.92775e-07
1.3281e-06
4.44815e-06
1.44519e-05
4.54582e-05
0.000138303
0.000406622
0.00115416
0.00315931
0.0083302
0.0211292
0.0514779
0.120256
0.268793
0.573279
1.16223
2.22596
3.97075
6.52679
9.95392
14.2605
19.3728
25.1575
31.4583
38.1269
45.0406
52.1058
59.2549
66.4407
73.6303
80.8008
87.9365
95.026
102.062
109.036
115.948
122.791
129.565
136.268
142.898
149.453
155.936
162.343
168.675
174.932
181.113
187.219
193.249
199.204
205.083
210.887
216.616
222.271
227.851
233.357
238.79
244.15
249.438
254.654
259.798
264.873
269.877
274.814
279.682
284.486
289.227
293.906
298.528
303.094
307.609
312.078
316.503
320.89
325.242
329.568
333.87
338.156
342.43
346.7
350.975
355.259
359.561
363.887
368.253
372.666
377.128
381.644
386.235
390.92
395.709
400.593
405.568
410.661
415.905
421.324
426.912
432.644
438.521
444.594
450.921
457.521
464.381
471.467
478.766
486.329
494.272
502.689
511.591
520.933
530.674
540.826
551.484
562.831
575.069
588.308
602.517
617.586
633.286
652.605
1.31717e-07
3.82013e-07
1.29269e-06
4.33275e-06
1.40876e-05
4.43464e-05
0.000135027
0.000397313
0.00112868
0.00309222
0.00816056
0.0207179
0.050524
0.118145
0.264348
0.564416
1.14561
2.19705
3.92554
6.4631
9.8711
14.1592
19.2552
25.0262
31.3157
37.9753
44.8814
51.9403
59.084
66.265
73.4504
80.6173
87.7498
94.8366
101.869
108.843
115.753
122.595
129.368
136.07
142.7
149.256
155.738
162.146
168.479
174.737
180.919
187.027
193.059
199.016
204.898
210.704
216.436
222.093
227.676
233.185
238.621
243.983
249.273
254.492
259.639
264.716
269.723
274.661
279.532
284.338
289.082
293.764
298.388
302.958
307.476
311.948
316.375
320.765
325.121
329.447
333.753
338.042
342.319
346.591
350.868
355.155
359.462
363.794
368.161
372.574
377.039
381.564
386.159
390.841
395.62
400.5
405.481
410.579
415.825
421.242
426.819
432.542
438.415
444.479
450.806
457.422
464.29
471.364
478.649
486.218
494.183
502.623
511.539
520.889
530.643
540.822
551.527
562.935
575.247
588.583
602.939
618.229
634.227
653.997
1.27958e-07
3.71436e-07
1.25785e-06
4.21918e-06
1.37288e-05
4.32515e-05
0.0001318
0.000388143
0.00110357
0.00302612
0.00799339
0.0203126
0.0495841
0.116065
0.259972
0.555701
1.1293
2.16874
3.88137
6.40105
9.79057
14.0616
19.1435
24.9041
31.187
37.8432
44.7488
51.8091
58.9557
66.1406
73.3306
80.5025
87.6402
94.7321
101.77
108.748
115.662
122.509
129.286
135.992
142.625
149.184
155.669
162.079
168.414
174.674
180.859
186.968
193.001
198.959
204.841
210.648
216.381
222.039
227.622
233.132
238.568
243.931
249.222
254.441
259.589
264.666
269.674
274.612
279.484
284.29
289.034
293.716
298.34
302.909
307.427
311.897
316.325
320.713
325.067
329.393
333.697
337.984
342.26
346.529
350.803
355.087
359.39
363.718
368.081
372.488
376.946
381.462
386.056
390.741
395.521
400.392
405.359
410.454
415.708
421.129
426.702
432.411
438.27
444.341
450.68
457.3
464.162
471.225
478.49
486.041
493.999
502.442
511.362
520.717
530.482
540.69
551.442
562.912
575.296
588.732
603.241
618.768
635.088
655.353
1.24275e-07
3.61041e-07
1.2236e-06
4.10742e-06
1.33757e-05
4.21725e-05
0.000128618
0.000379087
0.00107876
0.00296068
0.00782768
0.0199103
0.0486491
0.113992
0.255598
0.54696
1.11287
2.14006
3.83632
6.33739
9.7076
13.9598
19.0245
24.7704
31.0411
37.6874
44.5846
51.6379
58.7785
65.9582
73.1438
80.3118
87.4462
94.5354
101.571
108.548
115.461
122.306
129.082
135.788
142.421
148.981
155.467
161.878
168.214
174.475
180.661
186.772
192.807
198.768
204.653
210.463
216.199
221.859
227.446
232.958
238.397
243.763
249.056
254.277
259.429
264.507
269.518
274.46
279.334
284.143
288.889
293.573
298.201
302.772
307.292
311.766
316.196
320.588
324.944
329.273
333.579
337.869
342.148
346.42
350.695
354.983
359.288
363.62
367.985
372.394
376.855
381.378
385.974
390.656
395.429
400.297
405.268
410.365
415.618
421.038
426.605
432.306
438.159
444.221
450.558
457.183
464.053
471.115
478.377
485.931
493.899
502.354
511.283
520.646
530.427
540.668
551.471
563.002
575.456
588.988
603.653
619.42
636.069
656.851
1.20677e-07
3.50881e-07
1.19014e-06
3.99822e-06
1.30305e-05
4.11178e-05
0.000125507
0.000370236
0.0010545
0.00289674
0.0076658
0.0195173
0.0477368
0.111971
0.251339
0.538466
1.09695
2.11236
3.79299
6.27634
9.62836
13.8637
18.9147
24.6506
30.9153
37.5589
44.4562
51.5115
58.6555
65.8395
73.0299
80.2031
87.3426
94.4369
101.477
108.458
115.376
122.226
129.005
135.715
142.351
148.913
155.401
161.814
168.153
174.415
180.603
186.715
192.751
198.713
204.598
210.409
216.145
221.806
227.392
232.906
238.344
243.711
249.005
254.227
259.378
264.457
269.469
274.411
279.285
284.094
288.84
293.525
298.152
302.723
307.243
311.716
316.145
320.536
324.891
329.218
333.523
337.811
342.087
346.358
350.631
354.915
359.218
363.545
367.907
372.311
376.765
381.282
385.877
390.559
395.331
400.192
405.154
410.248
415.504
420.926
426.491
432.183
438.028
444.094
450.436
457.059
463.922
470.977
478.229
485.772
493.732
502.178
511.101
520.464
530.258
540.529
551.382
562.976
575.502
589.131
603.953
619.973
636.976
658.322
1.17148e-07
3.40951e-07
1.15733e-06
3.89112e-06
1.26916e-05
4.00813e-05
0.000122445
0.000361515
0.00103057
0.00283354
0.00750548
0.0191274
0.0468291
0.109954
0.247074
0.529924
1.08084
2.08417
3.74851
6.2133
9.54591
13.762
18.795
24.5153
30.7669
37.3997
44.2878
51.3355
58.473
65.6515
72.8371
80.0064
87.1427
94.2344
101.273
108.252
115.169
122.017
128.798
135.506
142.143
148.706
155.195
161.61
167.95
174.214
180.403
186.518
192.557
198.52
204.409
210.222
215.962
221.625
227.215
232.731
238.173
243.542
248.838
254.064
259.217
264.3
269.313
274.257
279.135
283.947
288.695
293.383
298.013
302.587
307.109
311.585
316.017
320.41
324.768
329.098
333.405
337.696
341.975
346.248
350.523
354.81
359.116
363.446
367.808
372.214
376.673
381.194
385.789
390.468
395.237
400.097
405.06
410.154
415.407
420.826
426.387
432.076
437.915
443.972
450.31
456.931
463.792
470.852
478.116
485.668
493.627
502.072
510.997
520.368
530.179
540.485
551.389
563.044
575.641
589.369
604.352
620.628
637.995
659.931
1.1373e-07
3.31295e-07
1.12551e-06
3.78718e-06
1.23628e-05
3.90759e-05
0.000119476
0.000353061
0.00100738
0.00277236
0.00735043
0.0187507
0.0459533
0.108011
0.242977
0.521741
1.06548
2.0574
3.70654
6.15398
9.46892
13.6689
18.6888
24.3999
30.6461
37.277
44.1658
51.2161
58.3574
65.5406
72.7312
79.9055
87.0467
94.1433
101.187
108.171
115.09
121.943
128.726
135.438
142.077
148.642
155.134
161.55
167.891
174.157
180.349
186.464
192.503
198.467
204.356
210.17
215.909
221.573
227.163
232.68
238.122
243.491
248.789
254.013
259.168
264.25
269.264
274.209
279.086
283.899
288.647
293.335
297.964
302.538
307.06
311.535
315.967
320.357
324.715
329.044
333.35
337.639
341.916
346.186
350.461
354.745
359.047
363.374
367.733
372.134
376.587
381.104
385.698
390.376
395.141
399.996
404.955
410.048
415.3
420.716
426.275
431.961
437.799
443.857
450.194
456.809
463.661
470.715
477.978
485.529
493.483
501.913
510.82
520.181
530.002
540.338
551.292
563.01
575.679
589.505
604.65
621.194
638.946
661.527
1.10391e-07
3.21857e-07
1.09434e-06
3.68529e-06
1.20401e-05
3.80874e-05
0.000116553
0.000344721
0.000984455
0.00271173
0.00719636
0.0183752
0.0450779
0.106061
0.238844
0.513447
1.04979
2.02984
3.66285
6.09197
9.38739
13.5674
18.5687
24.2633
30.4956
37.1146
43.9936
51.0357
58.1701
65.3475
72.5333
79.7038
86.8421
93.9363
100.978
107.96
114.88
121.732
128.515
135.228
141.868
148.434
154.927
161.345
167.688
173.956
180.149
186.267
192.309
198.276
204.168
209.985
215.726
221.394
226.987
232.506
237.952
243.323
248.624
253.852
259.009
264.094
269.11
274.058
278.938
283.753
288.504
293.195
297.827
302.403
306.928
311.406
315.839
320.234
324.594
328.925
333.234
337.525
341.804
346.076
350.353
354.64
358.944
363.272
367.634
372.037
376.493
381.012
385.604
390.28
395.045
399.901
404.859
409.948
415.196
420.607
426.163
431.848
437.685
443.738
450.066
456.671
463.515
470.571
477.853
485.422
493.376
501.795
510.695
520.059
529.897
540.269
551.272
563.051
575.793
589.721
605.031
621.848
640.002
663.264
1.07156e-07
3.12774e-07
1.06434e-06
3.58725e-06
1.17296e-05
3.71376e-05
0.000113747
0.000336722
0.000962495
0.00265374
0.00704931
0.0180175
0.0442453
0.104214
0.234944
0.505645
1.03515
2.00423
3.62264
6.03512
9.31366
13.4785
18.4677
24.1541
30.3819
36.9998
43.8802
50.9253
58.0639
65.246
72.4368
79.6121
86.755
93.8536
100.899
107.886
114.808
121.664
128.45
135.165
141.807
148.375
154.87
161.289
167.633
173.903
180.096
186.214
192.258
198.225
204.117
209.935
215.677
221.344
226.938
232.457
237.903
243.275
248.575
253.803
258.959
264.046
269.062
274.01
278.89
283.706
288.456
293.147
297.779
302.355
306.88
311.357
315.79
320.183
324.542
328.872
333.179
337.47
341.746
346.017
350.292
354.577
358.879
363.204
367.561
371.961
376.413
380.929
385.52
390.193
394.954
399.806
404.763
409.852
415.097
420.501
426.054
431.743
437.585
443.637
449.96
456.558
463.39
470.441
477.726
485.302
493.255
501.657
510.53
519.877
529.718
540.117
551.168
563.007
575.821
589.848
605.322
622.421
640.997
665.006
1.04008e-07
3.03856e-07
1.03485e-06
3.49074e-06
1.14236e-05
3.61988e-05
0.000110966
0.000328779
0.000940627
0.00259581
0.00690177
0.0176574
0.0434043
0.102335
0.230952
0.497617
1.01989
1.97736
3.57991
5.9742
9.23302
13.3774
18.3471
24.0161
30.229
36.8343
43.7043
50.7407
57.8722
65.0486
72.2348
79.4065
86.5467
93.6433
100.688
107.673
114.596
121.452
128.238
134.954
141.597
148.168
154.663
161.085
167.431
173.702
179.899
186.019
192.065
198.036
203.931
209.751
215.497
221.167
226.763
232.286
237.734
243.109
248.413
253.643
258.803
263.892
268.912
273.862
278.745
283.563
288.317
293.009
297.644
302.223
306.75
311.23
315.665
320.061
324.423
328.755
333.065
337.356
341.635
345.909
350.185
354.472
358.775
363.102
367.46
371.863
376.318
380.834
385.422
390.094
394.855
399.708
404.665
409.75
414.989
420.389
425.936
431.622
437.467
443.52
449.83
456.408
463.23
470.28
477.582
485.182
493.141
501.529
510.388
519.731
529.588
540.018
551.115
563.014
575.901
590.031
605.676
623.067
642.088
666.897
1.00995e-07
2.95366e-07
1.00682e-06
3.39904e-06
1.11331e-05
3.53096e-05
0.000108337
0.00032128
0.000920027
0.0025414
0.00676369
0.0173212
0.0426209
0.100597
0.227276
0.490237
1.00606
1.95326
3.54181
5.92038
9.16364
13.294
18.2529
23.9147
30.1242
36.7292
43.6012
50.6411
57.7769
64.9578
72.1486
79.3248
86.4692
93.5698
100.617
107.607
114.532
121.39
128.18
134.897
141.542
148.113
154.611
161.033
167.381
173.652
179.85
185.97
192.017
197.988
203.883
209.704
215.448
221.12
226.716
232.237
237.687
243.063
248.365
253.596
258.756
263.845
268.864
273.815
278.698
283.516
288.271
292.963
297.597
302.176
306.703
311.181
315.616
320.011
324.373
328.704
333.013
337.303
341.581
345.853
350.128
354.413
358.714
363.037
367.393
371.792
376.245
380.76
385.345
390.012
394.769
399.621
404.579
409.665
414.899
420.29
425.832
431.526
437.381
443.435
449.74
456.306
463.114
470.16
477.47
485.078
493.039
501.415
510.243
519.56
529.413
539.864
551.004
562.958
575.914
590.142
605.953
623.639
643.128
668.814
9.80209e-08
2.86955e-07
9.78963e-07
3.30776e-06
1.08432e-05
3.44188e-05
0.000105695
0.000313722
0.000899185
0.00248603
0.00662245
0.0169759
0.0418131
0.0987856
0.223421
0.482473
0.991256
1.92699
3.50007
5.86048
9.08347
13.1928
18.1313
23.775
29.9687
36.5603
43.4214
50.4524
57.5812
64.7566
71.9432
79.1162
86.2584
93.3575
100.405
107.394
114.319
121.178
127.968
134.687
141.334
147.907
154.406
160.831
167.181
173.456
179.655
185.779
191.827
197.801
203.7
209.523
215.271
220.945
226.545
232.07
237.521
242.9
248.206
253.441
258.603
263.695
268.717
273.671
278.556
283.376
288.133
292.828
297.465
302.047
306.576
311.057
315.494
319.892
324.255
328.589
332.9
337.191
341.471
345.744
350.021
354.308
358.61
362.934
367.292
371.694
376.147
380.661
385.244
389.91
394.667
399.519
404.479
409.561
414.788
420.171
425.708
431.398
437.257
443.316
449.608
456.151
462.944
469.988
477.308
484.94
492.914
501.275
510.083
519.393
529.257
539.738
550.918
562.925
575.953
590.282
606.267
624.265
644.255
670.898
9.5223e-08
2.79106e-07
9.5301e-07
3.22282e-06
1.05742e-05
3.35949e-05
0.000103257
0.000306764
0.000880059
0.00243558
0.00649427
0.016663
0.0410813
0.0971643
0.22
0.475627
0.978399
1.90459
3.46451
5.81042
9.01944
13.1162
18.0454
23.6832
29.8744
36.4666
43.33
50.3647
57.4976
64.6773
71.868
79.045
86.1907
93.2931
100.343
107.334
114.262
121.124
127.915
134.636
141.283
147.857
154.358
160.783
167.134
173.409
179.609
185.733
191.782
197.756
203.654
209.478
215.226
220.9
226.499
232.024
237.476
242.855
248.161
253.395
258.557
263.65
268.672
273.626
278.511
283.332
288.089
292.784
297.42
302.001
306.531
311.012
315.448
319.844
324.207
328.541
332.851
337.141
341.419
345.692
349.968
354.253
358.552
362.875
367.23
371.629
376.082
380.594
385.175
389.835
394.588
399.442
404.403
409.486
414.71
420.084
425.615
431.311
437.181
443.244
449.532
456.064
462.841
469.88
477.21
484.852
492.83
501.182
509.961
519.24
529.093
539.588
550.803
562.859
575.949
590.371
606.519
624.826
645.338
673.037
9.24084e-08
2.71153e-07
9.26623e-07
3.13625e-06
1.02986e-05
3.27473e-05
0.00010074
0.00029955
0.000860148
0.00238244
0.00635853
0.0163311
0.0403047
0.0954187
0.216265
0.468057
0.963939
1.87886
3.42349
5.75108
8.93921
13.0141
17.9222
23.541
29.7157
36.2941
43.1464
50.1722
57.2983
64.4729
71.6598
78.8343
85.9784
93.08
100.13
107.122
114.05
120.912
127.706
134.428
141.077
147.654
154.156
160.584
166.937
173.215
179.417
185.545
191.597
197.574
203.475
209.301
215.053
220.73
226.332
231.861
237.316
242.696
248.006
253.243
258.409
263.503
268.528
273.484
278.373
283.196
287.955
292.653
297.291
301.875
306.407
310.89
315.329
319.727
324.092
328.427
332.739
337.03
341.309
345.584
349.862
354.148
358.448
362.77
367.127
371.53
375.982
380.492
385.07
389.73
394.483
399.337
404.299
409.379
414.593
419.958
425.484
431.176
437.049
443.119
449.397
455.903
462.663
469.698
477.033
484.695
492.689
501.029
509.785
519.052
528.914
539.433
550.682
562.783
575.937
590.456
606.777
625.417
646.499
675.372
8.98426e-08
2.6399e-07
9.02902e-07
3.0586e-06
1.0053e-05
3.19941e-05
9.85092e-05
0.000293179
0.000842588
0.00233611
0.00624105
0.0160446
0.0396362
0.0939355
0.213139
0.461815
0.952202
1.85832
3.39106
5.70577
8.88164
12.9458
17.8462
23.4604
29.6337
36.2131
43.068
50.0973
57.2271
64.4054
71.596
78.7736
85.9206
93.0246
100.077
107.07
114
120.864
127.658
134.382
141.032
147.61
154.112
160.541
166.894
173.172
179.375
185.502
191.554
197.53
203.432
209.259
215.01
220.687
226.29
231.818
237.272
242.654
247.962
253.2
258.365
263.459
268.485
273.441
278.33
283.153
287.912
292.609
297.248
301.832
306.364
310.847
315.284
319.683
324.047
328.383
332.694
336.985
341.263
345.537
349.814
354.099
358.397
362.717
367.072
371.472
375.925
380.434
385.009
389.665
394.414
399.27
404.235
409.316
414.527
419.884
425.404
431.103
436.986
443.061
449.335
455.831
462.576
469.606
476.951
484.625
492.621
500.956
509.687
518.923
528.769
539.295
550.57
562.709
575.916
590.517
606.992
625.954
647.626
677.805
8.71459e-08
2.56409e-07
8.777e-07
2.97583e-06
9.78856e-06
3.11803e-05
9.60904e-05
0.000286239
0.000823404
0.00228495
0.00610989
0.0157228
0.0388796
0.0922322
0.20948
0.45437
0.937961
1.833
3.35026
5.64611
8.80045
12.842
17.7204
23.3147
29.471
36.0364
42.8804
49.9012
57.0248
64.1987
71.3862
78.5619
85.708
92.8119
99.8644
106.859
113.791
120.656
127.452
134.177
140.83
147.41
153.915
160.346
166.702
172.983
179.189
185.319
191.374
197.354
203.258
209.087
214.842
220.522
226.127
231.658
237.116
242.5
247.812
253.051
258.22
263.318
268.345
273.304
278.195
283.021
287.782
292.482
297.124
301.709
306.243
310.728
315.167
319.568
323.933
328.271
332.582
336.874
341.154
345.429
349.708
353.992
358.291
362.611
366.968
371.37
375.822
380.328
384.901
389.555
394.305
399.158
404.123
409.203
414.405
419.753
425.266
430.96
436.846
442.927
449.194
455.665
462.392
469.415
476.762
484.449
492.46
500.785
509.493
518.715
528.567
539.112
550.413
562.588
575.846
590.535
607.178
626.489
648.819
680.485
8.48269e-08
2.5002e-07
8.56447e-07
2.9061e-06
9.56746e-06
3.05033e-05
9.40889e-05
0.000280533
0.000807738
0.00224361
0.00600495
0.0154668
0.0382824
0.0909057
0.206686
0.448801
0.927504
1.81474
3.32169
5.6066
8.75065
12.7835
17.6558
23.2468
29.4025
35.9692
42.8156
49.8395
56.9662
64.143
71.3333
78.5114
85.6597
92.7652
99.8192
106.815
113.747
120.614
127.411
134.136
140.79
147.37
153.876
160.306
166.662
172.943
179.148
185.279
191.334
197.313
203.218
209.047
214.801
220.482
226.087
231.618
237.075
242.46
247.772
253.011
258.179
263.277
268.304
273.264
278.155
282.98
287.742
292.442
297.083
301.669
306.202
310.688
315.127
319.527
323.893
328.23
332.542
336.834
341.112
345.388
349.665
353.95
358.246
362.566
366.921
371.322
375.774
380.28
384.85
389.5
394.249
399.105
404.072
409.152
414.353
419.694
425.203
430.901
436.796
442.882
449.147
455.61
462.324
469.342
476.697
484.395
492.409
500.731
509.42
518.615
528.449
538.995
550.31
562.512
575.811
590.566
607.347
626.983
649.984
683.333
8.219e-08
2.4267e-07
8.31987e-07
2.8257e-06
9.31126e-06
2.97127e-05
9.17306e-05
0.000273743
0.000788886
0.00219321
0.00587575
0.0151495
0.0375356
0.0892237
0.203066
0.441406
0.913284
1.78925
3.28028
5.54564
8.66732
12.6766
17.5261
23.0968
29.2353
35.7882
42.6241
49.6402
56.7615
63.9348
71.1229
78.2999
85.448
92.5541
99.6091
106.606
113.541
120.409
127.208
133.937
140.592
147.175
153.684
160.117
166.476
172.759
178.968
185.101
191.159
197.142
203.049
208.882
214.638
220.321
225.93
231.464
236.924
242.311
247.626
252.868
258.038
263.139
268.169
273.13
278.024
282.852
287.615
292.318
296.961
301.548
306.084
310.57
315.012
319.413
323.78
328.118
332.432
336.724
341.003
345.279
349.558
353.843
358.139
362.457
366.814
371.215
375.667
380.171
384.738
389.386
394.133
398.987
403.954
409.032
414.225
419.557
425.058
430.75
436.646
442.737
448.996
455.438
462.135
469.145
476.499
484.202
492.228
500.542
509.207
518.386
528.222
538.782
550.115
562.34
575.678
590.503
607.436
627.431
651.194
686.53
8.01634e-08
2.37166e-07
8.13635e-07
2.76564e-06
9.12071e-06
2.9129e-05
9.00048e-05
0.000268824
0.000775398
0.00215764
0.00578543
0.0149291
0.0370218
0.088083
0.200669
0.436648
0.904403
1.77392
3.25653
5.51309
8.62675
12.6293
17.4744
23.043
29.1812
35.7354
42.5733
49.5918
56.7153
63.8907
71.0805
78.259
85.4082
92.5153
99.571
106.569
113.504
120.372
127.172
133.9
140.556
147.138
153.647
160.081
166.439
172.723
178.931
185.065
191.122
197.105
203.012
208.844
214.601
220.284
225.892
231.426
236.886
242.273
247.587
252.83
258.001
263.101
268.131
273.093
277.987
282.814
287.579
292.281
296.925
301.513
306.048
310.535
314.977
319.378
323.745
328.083
332.396
336.689
340.968
345.244
349.523
353.807
358.102
362.42
366.776
371.177
375.629
380.133
384.698
389.344
394.089
398.946
403.915
408.994
414.186
419.513
425.011
430.708
436.612
442.705
448.964
455.401
462.087
469.094
476.453
484.165
492.194
500.508
509.16
518.318
528.138
538.693
550.033
562.273
575.637
590.509
607.554
627.861
652.383
690.061
7.7455e-08
2.29852e-07
7.89161e-07
2.685e-06
8.86362e-06
2.83355e-05
8.76388e-05
0.000262014
0.000756473
0.002107
0.00565526
0.0146083
0.0362645
0.0863719
0.196978
0.429084
0.889789
1.74756
3.21351
5.44953
8.53979
12.5179
17.3397
22.8876
29.0089
35.55
42.3782
49.39
56.5092
63.682
70.8706
78.0489
85.1988
92.307
99.3645
106.364
113.301
120.172
126.974
133.706
140.365
146.949
153.46
159.897
166.258
172.545
178.757
184.893
190.953
196.938
202.849
208.683
214.444
220.129
225.74
231.276
236.739
242.128
247.445
252.691
257.864
262.967
267.999
272.962
277.859
282.689
287.455
292.159
296.805
301.394
305.931
310.419
314.863
319.266
323.634
327.972
332.287
336.579
340.859
345.135
349.414
353.698
357.993
362.31
366.665
371.067
375.517
380.018
384.581
389.225
393.967
398.821
403.788
408.865
414.051
419.369
424.86
430.551
436.453
442.547
448.801
455.222
461.893
468.89
476.244
483.957
491.991
500.298
508.929
518.068
527.886
538.449
549.796
562.047
575.432
590.351
607.515
628.168
653.563
694.201
7.58176e-08
2.2548e-07
7.74505e-07
2.63714e-06
8.71188e-06
2.78705e-05
8.62638e-05
0.000258095
0.000745755
0.00207881
0.00558399
0.0144354
0.035863
0.0854846
0.195119
0.425408
0.882977
1.73592
3.19571
5.42542
8.51008
12.4837
17.3025
22.8489
28.9702
35.5119
42.3413
49.3543
56.4747
63.6483
70.8377
78.0166
85.1668
92.2752
99.3327
106.333
113.27
120.141
126.942
133.673
140.331
146.917
153.427
159.864
166.225
172.511
178.723
184.859
190.919
196.904
202.814
208.649
214.409
220.094
225.704
231.241
236.704
242.094
247.411
252.655
257.829
262.933
267.965
272.929
277.825
282.656
287.423
292.127
296.773
301.363
305.9
310.389
314.832
319.236
323.604
327.943
332.257
336.551
340.83
345.107
349.386
353.671
357.965
362.281
366.637
371.039
375.49
379.991
384.553
389.196
393.938
398.795
403.763
408.841
414.027
419.343
424.832
430.525
436.433
442.531
448.783
455.202
461.868
468.862
476.22
483.938
491.977
500.283
508.906
518.034
527.842
538.397
549.745
562.002
575.4
590.346
607.585
628.51
654.724
698.883
7.28671e-08
2.17893e-07
7.48903e-07
2.55245e-06
8.44124e-06
2.70341e-05
8.37663e-05
0.000250897
0.000725727
0.00202517
0.00544584
0.0140941
0.0350556
0.0836575
0.191176
0.417328
0.867353
1.70774
3.14974
5.35763
8.4178
12.3663
17.1615
22.6876
28.7925
35.3223
42.1433
49.1509
56.2682
63.4404
70.6297
77.8093
84.9609
92.0711
99.1308
106.133
113.073
119.946
126.751
133.485
140.146
146.734
153.247
159.686
166.051
172.34
178.554
184.693
190.755
196.744
202.657
208.494
214.257
219.944
225.557
231.097
236.562
241.954
247.273
252.521
257.697
262.801
267.837
272.802
277.7
282.533
287.302
292.008
296.655
301.246
305.785
310.275
314.72
319.123
323.492
327.833
332.147
336.44
340.72
344.996
349.275
353.559
357.853
362.169
366.522
370.923
375.372
379.872
384.431
389.07
393.81
398.662
403.628
408.702
413.883
419.193
424.673
430.36
436.265
442.36
448.607
455.015
461.668
468.651
476.001
483.717
491.753
500.051
508.656
517.765
527.563
538.116
549.461
561.714
575.112
590.072
607.377
628.587
655.723
704.673
7.17993e-08
2.15132e-07
7.39645e-07
2.52238e-06
8.34629e-06
2.67444e-05
8.29135e-05
0.000248476
0.000719125
0.00200786
0.00540225
0.0139889
0.0348123
0.0831223
0.190059
0.415129
0.863306
1.70089
3.13937
5.3437
8.4007
12.3465
17.1398
22.6647
28.769
35.2986
42.1195
49.127
56.2441
63.4161
70.6051
77.7843
84.9354
92.0452
99.1044
106.106
113.045
119.918
126.723
133.456
140.117
146.704
153.217
159.657
166.02
172.31
178.523
184.661
190.725
196.712
202.625
208.462
214.224
219.913
225.526
231.065
236.531
241.923
247.242
252.49
257.666
262.771
267.807
272.773
277.672
282.504
287.273
291.98
296.628
301.219
305.759
310.249
314.694
319.099
323.468
327.81
332.125
336.419
340.699
344.976
349.256
353.541
357.834
362.151
366.505
370.907
375.357
379.857
384.416
389.056
393.796
398.651
403.617
408.693
413.875
419.184
424.663
430.353
436.261
442.36
448.606
455.014
461.666
468.648
476
483.719
491.759
500.058
508.661
517.765
527.559
538.11
549.453
561.707
575.11
590.079
607.418
628.826
656.784
717.877
6.82389e-08
2.06548e-07
7.102e-07
2.42496e-06
8.03506e-06
2.57829e-05
8.0044e-05
0.000240212
0.000696176
0.00194651
0.00524459
0.0136001
0.0338942
0.0810503
0.185603
0.406036
0.845809
1.66957
3.08874
5.26978
8.30134
12.2217
16.9916
22.497
28.5865
35.1055
41.9197
48.9234
56.0388
63.2107
70.4003
77.5812
84.7343
91.8465
98.9082
105.913
112.855
119.731
126.538
133.274
139.938
146.529
153.045
159.486
165.853
172.145
178.361
184.502
190.568
196.558
202.473
208.313
214.078
219.768
225.384
230.925
236.393
241.787
247.109
252.359
257.537
262.643
267.681
272.649
277.549
282.384
287.154
291.862
296.512
301.104
305.644
310.136
314.582
318.987
323.357
327.698
332.014
336.307
340.587
344.863
349.142
353.426
357.719
362.033
366.386
370.786
375.233
379.732
384.287
388.922
393.66
398.51
403.474
408.545
413.723
419.025
424.497
430.18
436.082
442.176
448.417
454.816
461.458
468.429
475.771
483.482
491.513
499.803
508.392
517.478
527.254
537.786
549.112
561.347
574.727
589.667
606.978
628.514
656.841
754.41
644.338
652.128
662.026
673.001
684.138
694.808
704.695
713.749
722.079
729.848
737.22
744.325
751.262
758.108
764.919
771.743
778.619
785.579
792.649
799.85
807.202
814.719
822.416
830.303
838.391
846.686
855.186
863.888
872.781
881.849
891.073
900.433
909.908
919.475
929.11
938.789
948.493
958.202
967.905
977.59
987.251
996.882
1006.48
1016.05
1025.57
1035.05
1044.5
1053.88
1063.19
1072.43
1081.57
1090.58
1099.44
1108.12
1116.58
1124.8
1132.72
1140.31
1147.5
1154.19
1160.19
1164.43
1165.22
1162.41
1154.9
1138.06
1103.28
1034.99
910.93
716.41
478.898
357.415
366.073
377.203
384.738
393.623
365.087
587.827
40.2444
1287.62
644.618
652.447
662.365
673.337
684.47
695.144
705.051
714.136
722.502
730.312
737.727
744.879
751.865
758.762
765.628
772.507
779.438
786.454
793.58
800.836
808.241
815.809
823.554
831.487
839.615
847.944
856.475
865.203
874.117
883.203
892.442
901.817
911.308
920.887
930.53
940.213
949.916
959.622
969.314
978.984
988.624
998.227
1007.79
1017.31
1026.79
1036.22
1045.59
1054.89
1064.13
1073.28
1082.32
1091.24
1099.98
1108.56
1116.91
1125.01
1132.82
1140.3
1147.4
1154.04
1160.24
1163.85
1163.84
1161.14
1153.63
1136.67
1101.71
1033.26
909.276
715.143
477.793
355.07
360.397
362.623
347.754
353.779
114.831
440.088
1448.7
1659.03
645.023
652.908
662.849
673.818
684.946
695.638
705.587
714.733
723.173
731.063
738.564
745.806
752.889
759.887
766.858
773.846
780.887
788.013
795.248
802.611
810.121
817.788
825.626
833.644
841.849
850.245
858.834
867.608
876.562
885.679
894.947
904.346
913.859
923.461
933.126
942.826
952.539
962.244
971.926
981.575
991.181
1000.74
1010.24
1019.69
1029.08
1038.4
1047.66
1056.84
1065.93
1074.92
1083.8
1092.53
1101.09
1109.46
1117.6
1125.5
1133.1
1140.38
1147.32
1153.83
1160.05
1163.02
1162.08
1158.94
1151.07
1133.91
1099.04
1031.14
908.691
717.792
484.953
365.541
373.278
383.968
392.484
404.337
377.6
572.536
141.536
1271.11
645.632
653.603
663.598
674.59
685.74
696.474
706.492
715.73
724.275
732.278
739.899
747.268
754.486
761.628
768.746
775.885
783.081
790.36
797.747
805.258
812.911
820.715
828.682
836.818
845.129
853.619
862.289
871.134
880.147
889.316
898.631
908.072
917.615
927.234
936.905
946.602
956.306
965.995
975.652
985.261
994.81
1004.29
1013.71
1023.04
1032.29
1041.46
1050.54
1059.53
1068.41
1077.18
1085.8
1094.27
1102.55
1110.61
1118.45
1126.01
1133.29
1140.23
1146.8
1152.93
1158.65
1161.23
1160.05
1156.5
1148.1
1130.39
1095.11
1027.37
906.328
718.858
490.381
372.848
379.623
389.506
398.165
408.532
382.283
594.825
45.4722
1309.77
646.232
654.297
664.368
675.415
686.62
697.43
707.551
716.913
725.597
733.75
741.529
749.066
756.461
763.786
771.097
778.431
785.822
793.298
800.879
808.579
816.414
824.391
832.518
840.802
849.246
857.854
866.625
875.556
884.639
893.866
903.229
912.718
922.302
931.954
941.643
951.342
961.03
970.683
980.283
989.815
999.267
1008.63
1017.91
1027.07
1036.15
1045.11
1053.97
1062.7
1071.31
1079.78
1088.08
1096.2
1104.12
1111.81
1119.23
1126.38
1133.2
1139.68
1145.77
1151.37
1156.41
1158.56
1157.21
1153.33
1144.46
1126.21
1090.48
1022.87
903.494
720.097
496.814
381.463
387.572
398.367
410.655
426.907
407.538
637.134
87.3227
1347.53
646.98
655.147
665.322
676.464
687.767
698.692
708.949
718.468
727.323
735.658
743.629
751.367
758.973
766.517
774.054
781.617
789.24
796.946
804.753
812.674
820.72
828.899
837.214
845.672
854.274
863.022
871.914
880.949
890.117
899.412
908.833
918.373
927.996
937.668
947.357
957.037
966.68
976.265
985.772
995.186
1004.49
1013.69
1022.77
1031.72
1040.54
1049.24
1057.8
1066.21
1074.47
1082.56
1090.47
1098.17
1105.64
1112.86
1119.79
1126.4
1132.69
1138.62
1144.15
1149.14
1153.42
1155.05
1153.52
1149.34
1140.04
1121.32
1085.2
1017.74
899.853
720.121
501.549
387.991
392.38
400.633
407.454
422.953
315.869
678.405
350.662
1489.11
647.673
655.953
666.257
677.536
688.985
700.069
710.505
720.218
729.28
737.836
746.037
754.015
761.87
769.671
777.467
785.297
793.186
801.154
809.22
817.391
825.678
834.084
842.612
851.265
860.043
868.947
877.977
887.128
896.401
905.796
915.301
924.878
934.506
944.162
953.817
963.442
973.011
982.495
991.873
1001.13
1010.25
1019.22
1028.05
1036.71
1045.22
1053.58
1061.76
1069.79
1077.62
1085.27
1092.7
1099.9
1106.84
1113.49
1119.83
1125.86
1131.58
1136.92
1141.86
1146.27
1149.74
1150.79
1149.1
1144.64
1134.99
1115.88
1079.54
1012.37
896.007
719.675
505.431
393.528
396.764
404.435
412.711
426.936
345.167
661.245
134.383
1391.57
648.516
656.911
667.367
678.816
690.45
701.731
712.377
722.314
731.615
740.42
748.882
757.131
765.265
773.352
781.441
789.565
797.748
806.008
814.357
822.804
831.355
840.009
848.769
857.635
866.604
875.677
884.851
894.123
903.491
912.958
922.527
932.151
941.798
951.438
961.041
970.578
980.024
989.35
998.538
1007.57
1016.43
1025.11
1033.61
1041.9
1050.02
1057.95
1065.68
1073.22
1080.55
1087.67
1094.55
1101.16
1107.48
1113.5
1119.23
1124.66
1129.78
1134.57
1138.97
1142.98
1145.49
1145.7
1143.99
1139.42
1129.57
1110.27
1073.84
1007
891.971
718.547
508.168
397.757
400.143
407.847
417.82
430.085
407.156
612.288
94.8633
1290.33
649.317
657.85
668.487
680.147
692.006
703.525
714.418
724.616
734.192
743.284
752.044
760.6
769.049
777.458
785.871
794.322
802.829
811.408
820.07
828.817
837.653
846.575
855.583
864.672
873.843
883.091
892.414
901.813
911.292
920.852
930.464
940.094
949.715
959.295
968.803
978.208
987.481
996.596
1005.53
1014.27
1022.79
1031.1
1039.19
1047.05
1054.69
1062.11
1069.3
1076.27
1083.01
1089.51
1095.74
1101.69
1107.36
1112.75
1117.89
1122.73
1127.29
1131.57
1135.53
1139.23
1141
1140.43
1138.52
1133.8
1123.89
1104.58
1068.24
1001.71
887.613
716.231
508.872
399.643
401.1
407.761
416.451
428.742
408.709
632.683
192.346
1295.37
650.289
658.969
669.808
681.702
693.814
705.595
716.763
727.248
737.125
746.533
755.619
764.511
773.305
782.063
790.831
799.635
808.493
817.417
826.412
835.479
844.618
853.823
863.09
872.413
881.788
891.211
900.679
910.19
919.759
929.394
939.032
948.645
958.203
967.677
977.033
986.242
995.275
1004.11
1012.71
1021.07
1029.19
1037.04
1044.63
1051.95
1059.02
1065.83
1072.39
1078.71
1084.78
1090.58
1096.11
1101.38
1106.42
1111.24
1115.8
1120.1
1124.18
1128.01
1131.56
1134.86
1136.32
1135.61
1133.49
1128.57
1118.47
1099.02
1062.63
996.279
882.92
713.274
508.674
400.684
401.668
407.995
413.629
422.059
334.042
644.002
382.549
1522.29
651.241
660.101
671.178
683.343
695.74
707.818
719.293
730.102
740.316
750.075
759.524
768.789
777.961
787.104
796.257
805.446
814.684
823.978
833.33
842.736
852.193
861.69
871.222
880.78
890.358
899.95
909.557
919.184
928.845
938.503
948.117
957.656
967.091
976.392
985.527
994.465
1003.18
1011.64
1019.83
1027.73
1035.34
1042.64
1049.63
1056.33
1062.74
1068.88
1074.73
1080.33
1085.66
1090.73
1095.59
1100.25
1104.72
1109
1113.06
1116.93
1120.62
1124.13
1127.4
1130.43
1131.75
1131.01
1128.82
1123.77
1113.48
1093.79
1057.13
990.594
877.515
709.054
506.806
399.981
399.714
400.732
394.603
374.641
242.734
255.559
1386.27
1643.71
652.373
661.428
672.762
685.217
697.921
710.315
722.122
733.277
743.857
753.996
763.84
773.506
783.088
792.645
802.213
811.813
821.454
831.14
840.865
850.624
860.407
870.204
880
889.787
899.554
909.295
919.007
928.715
938.435
948.081
957.623
967.031
976.274
985.324
994.15
1002.73
1011.02
1019.02
1026.69
1034.03
1041.03
1047.69
1054.01
1059.99
1065.67
1071.06
1076.16
1080.98
1085.58
1090
1094.27
1098.4
1102.37
1106.19
1109.87
1113.44
1116.88
1120.2
1123.33
1126.25
1127.5
1126.73
1124.5
1119.36
1108.9
1088.91
1051.84
984.867
871.789
704.433
505.171
401.581
403.342
408.846
414.719
420.478
408.33
559.324
176.576
1308.19
653.496
662.785
674.415
687.196
700.238
712.983
725.156
736.697
747.68
758.239
768.513
778.62
788.648
798.653
808.667
818.707
828.776
838.872
848.987
859.108
869.222
879.313
889.367
899.37
909.311
919.191
929.023
938.817
948.506
958.048
967.42
976.595
985.546
994.242
1002.66
1010.77
1018.54
1025.96
1033.03
1039.7
1046
1051.94
1057.49
1062.72
1067.62
1072.21
1076.54
1080.66
1084.66
1088.54
1092.3
1095.97
1099.55
1103.06
1106.51
1109.89
1113.22
1116.46
1119.55
1122.41
1123.64
1122.84
1120.55
1115.28
1104.61
1084.26
1046.64
979.023
865.619
699.022
502.765
402.374
405.752
412.978
421.584
432.504
427.898
613.43
190.644
1310.3
654.792
664.328
676.275
689.403
702.808
715.926
728.492
740.448
751.868
762.879
773.619
784.2
794.706
805.188
815.676
826.179
836.696
847.217
857.728
868.213
878.652
889.026
899.315
909.504
919.578
929.528
939.394
949.198
958.823
968.219
977.355
986.208
994.757
1002.98
1010.86
1018.38
1025.52
1032.25
1038.58
1044.51
1050.03
1055.17
1059.94
1064.37
1068.48
1072.33
1076.01
1079.58
1083.08
1086.5
1089.87
1093.22
1096.55
1099.87
1103.19
1106.5
1109.79
1113.02
1116.1
1118.94
1120.13
1119.29
1116.91
1111.49
1100.56
1079.8
1041.52
973.073
859.081
692.919
499.538
402.181
406.918
415.368
424.978
438.401
436.701
655.924
248.196
1379.59
656.08
665.904
678.207
691.724
705.527
719.06
732.061
744.475
756.375
767.884
779.131
790.227
801.249
812.243
823.233
834.223
845.201
856.157
867.066
877.907
888.658
899.292
909.791
920.138
930.329
940.39
950.322
959.984
969.361
978.44
987.196
995.603
1003.64
1011.28
1018.51
1025.32
1031.7
1037.65
1043.16
1048.26
1052.96
1057.28
1061.26
1064.92
1068.34
1071.63
1074.82
1077.95
1081.04
1084.13
1087.24
1090.39
1093.58
1096.82
1100.09
1103.38
1106.67
1109.9
1112.97
1115.78
1116.92
1116.04
1113.55
1107.95
1096.72
1075.47
1036.43
966.961
852.097
686.01
495.359
401.032
407.063
416.521
425.831
438.206
371.987
655.453
309.871
1538.95
657.526
667.648
680.332
694.264
708.499
722.479
735.949
748.86
761.28
773.327
785.122
796.77
808.341
819.876
831.392
842.882
854.332
865.72
877.018
888.197
899.229
910.086
920.749
931.198
941.44
951.492
961.299
970.761
979.838
988.511
996.763
1004.58
1011.95
1018.87
1025.32
1031.31
1036.83
1041.92
1046.57
1050.81
1054.69
1058.24
1061.48
1064.54
1067.48
1070.35
1073.16
1075.97
1078.81
1081.69
1084.64
1087.69
1090.81
1094
1097.25
1100.54
1103.83
1107.05
1110.12
1112.88
1113.97
1113.03
1110.43
1104.63
1093.07
1071.27
1031.35
960.641
844.609
678.244
490.233
399.047
405.954
414.143
414.344
400.747
296.427
280.788
1360.53
1612.37
658.964
669.425
682.534
696.928
711.642
726.119
740.111
753.571
766.562
779.197
791.588
803.831
815.989
828.093
840.154
852.156
864.078
875.889
887.553
899.038
910.309
921.336
932.093
942.563
952.781
962.77
972.353
981.474
990.104
998.222
1005.82
1012.9
1019.46
1025.51
1031.07
1036.14
1040.75
1044.94
1048.73
1052.17
1055.29
1058.18
1060.91
1063.55
1066.13
1068.69
1071.25
1073.87
1076.55
1079.34
1082.22
1085.19
1088.27
1091.44
1094.67
1097.95
1101.23
1104.44
1107.49
1110.2
1111.25
1110.25
1107.54
1101.52
1089.58
1067.14
1026.22
954.05
836.599
669.785
484.863
397.631
406.788
418.598
427.732
434.502
423.222
575.149
180.967
1350.8
660.546
671.359
684.92
699.813
715.048
730.068
744.629
758.686
772.299
785.568
798.6
811.476
824.251
836.948
849.564
862.08
874.461
886.669
898.664
910.406
921.859
932.993
943.79
954.273
964.441
974.113
983.247
991.821
999.816
1007.22
1014.02
1020.24
1025.88
1030.98
1035.56
1039.68
1043.39
1046.72
1049.73
1052.47
1055.02
1057.47
1059.85
1062.19
1064.54
1066.91
1069.33
1071.84
1074.45
1077.16
1079.98
1082.91
1085.95
1089.08
1092.29
1095.56
1098.83
1102.04
1105.07
1107.75
1108.75
1107.69
1104.84
1098.59
1086.23
1063.08
1020.99
947.152
828.043
660.578
479.035
396.171
407.417
421.611
432.996
442.462
440.571
631.237
226.773
1362.84
662.125
673.335
687.398
702.846
718.663
734.289
749.481
764.198
778.49
792.452
806.172
819.723
833.146
846.452
859.629
872.646
885.459
898.025
910.295
922.225
933.777
944.924
955.663
966.007
975.867
985.101
993.665
1001.54
1008.73
1015.25
1021.1
1026.33
1030.97
1035.07
1038.69
1041.9
1044.78
1047.38
1049.76
1052.02
1054.21
1056.37
1058.53
1060.69
1062.9
1065.16
1067.51
1069.95
1072.49
1075.15
1077.93
1080.81
1083.8
1086.91
1090.09
1093.34
1096.61
1099.83
1102.87
1105.5
1106.45
1105.34
1102.32
1095.8
1082.95
1058.99
1015.55
939.808
818.788
650.536
472.892
394.945
408.299
425
439.639
452.906
453.75
607.398
157.098
1433.35
663.843
675.466
690.069
706.119
722.575
738.865
754.751
770.187
785.218
799.922
814.377
828.636
842.726
856.647
870.372
883.861
897.063
909.923
922.39
934.413
945.952
956.971
967.516
977.601
986.975
995.572
1003.37
1010.36
1016.58
1022.06
1026.85
1031.01
1034.63
1037.76
1040.51
1042.95
1045.16
1047.22
1049.2
1051.17
1053.13
1055.1
1057.12
1059.17
1061.31
1063.51
1065.8
1068.19
1070.68
1073.28
1075.99
1078.84
1081.8
1084.88
1088.07
1091.32
1094.6
1097.83
1100.86
1103.45
1104.34
1103.14
1099.96
1093.11
1079.73
1054.85
1009.93
932.077
808.918
639.746
466.453
393.778
408.693
426.201
433.284
425.207
343.838
309.586
1212.49
1534.78
665.571
677.658
692.86
709.584
726.752
743.785
760.442
776.67
792.505
808.01
823.242
838.239
853.01
867.536
881.784
895.697
909.218
922.288
934.85
946.857
958.281
969.152
979.446
988.881
997.439
1005.12
1011.93
1017.88
1023.02
1027.4
1031.11
1034.24
1036.91
1039.22
1041.26
1043.12
1044.88
1046.62
1048.36
1050.14
1051.95
1053.82
1055.75
1057.74
1059.81
1061.96
1064.19
1066.52
1068.95
1071.5
1074.19
1077
1079.94
1083.01
1086.2
1089.47
1092.77
1096.02
1099.06
1101.58
1102.38
1101.08
1097.69
1090.47
1076.47
1050.55
1003.96
923.715
798.134
628.02
460.001
393.437
410.195
430.01
443.31
450.38
439.22
576.897
121.02
1311.92
667.439
680.017
695.868
713.331
731.287
749.139
766.643
783.735
800.438
816.795
832.841
848.59
864.035
879.141
893.856
908.118
921.862
935.022
947.541
959.38
970.536
981.01
990.613
999.226
1006.83
1013.44
1019.11
1023.89
1027.87
1031.16
1033.86
1036.11
1038.02
1039.71
1041.26
1042.77
1044.28
1045.82
1047.42
1049.08
1050.79
1052.59
1054.44
1056.38
1058.38
1060.46
1062.64
1064.91
1067.31
1069.83
1072.49
1075.29
1078.23
1081.31
1084.5
1087.8
1091.12
1094.39
1097.44
1099.87
1100.52
1099.11
1095.47
1087.86
1073.21
1046.21
997.828
914.999
786.757
615.603
453.652
393.781
411.98
433.524
449.589
461.106
459.846
635.67
222.412
1332.44
669.336
682.468
699.046
717.334
736.172
754.941
773.384
791.423
809.062
826.32
843.207
859.711
875.805
891.435
906.538
921.042
934.874
947.97
960.277
971.772
982.465
992.256
1000.93
1008.47
1014.89
1020.26
1024.67
1028.25
1031.12
1033.43
1035.3
1036.88
1038.27
1039.58
1040.86
1042.16
1043.52
1044.95
1046.45
1048.01
1049.66
1051.37
1053.16
1055.02
1056.97
1059
1061.13
1063.38
1065.75
1068.26
1070.91
1073.7
1076.65
1079.73
1082.96
1086.26
1089.62
1092.93
1096.04
1098.26
1098.62
1097.13
1093.29
1085.27
1069.89
1041.62
991.165
905.401
774.239
602.196
447.56
395.08
414.091
436.6
453.156
464.81
467.086
659.773
235.088
1372.66
671.383
685.113
702.487
721.691
741.509
761.295
780.768
799.835
818.472
836.667
854.402
871.639
888.324
904.39
919.76
934.356
948.103
960.933
972.792
983.731
993.736
1002.48
1009.94
1016.17
1021.25
1025.32
1028.51
1031
1032.95
1034.51
1035.82
1036.97
1038.08
1039.17
1040.3
1041.48
1042.75
1044.07
1045.48
1046.95
1048.52
1050.16
1051.88
1053.68
1055.58
1057.58
1059.69
1061.92
1064.27
1066.77
1069.42
1072.22
1075.18
1078.28
1081.52
1084.86
1088.25
1091.62
1094.93
1096.74
1096.56
1095.05
1091.12
1082.78
1066.69
1037.05
984.296
895.358
761.094
588.038
441.79
397.322
416.239
438.538
452.796
460.525
458.715
679.833
271.214
1458.25
673.486
687.893
706.167
726.401
747.323
768.244
788.856
809.036
828.726
847.881
866.449
884.363
901.547
917.917
933.388
947.88
961.324
973.673
984.964
995.143
1003.87
1011.19
1017.19
1022
1025.75
1028.62
1030.79
1032.45
1033.74
1034.84
1035.81
1036.75
1037.69
1038.66
1039.69
1040.78
1041.93
1043.17
1044.48
1045.87
1047.37
1048.93
1050.6
1052.36
1054.23
1056.21
1058.31
1060.52
1062.89
1065.39
1068.04
1070.84
1073.82
1076.94
1080.19
1083.55
1086.96
1090.37
1093.7
1095.33
1094.87
1093.15
1088.93
1080.12
1063.17
1031.97
976.609
884.173
746.831
573.613
437.107
400.883
418.788
440.107
452.48
455.633
424.51
655.21
483.547
1580.38
675.76
690.913
710.188
731.578
753.731
775.912
797.77
819.14
839.922
860.03
879.377
897.869
915.404
931.89
947.238
961.369
974.235
985.842
996.172
1004.98
1012.22
1018.01
1022.52
1025.94
1028.5
1030.41
1031.83
1032.96
1033.9
1034.73
1035.55
1036.36
1037.19
1038.07
1039
1039.99
1041.06
1042.2
1043.43
1044.75
1046.17
1047.7
1049.33
1051.07
1052.92
1054.89
1056.98
1059.2
1061.56
1064.06
1066.72
1069.54
1072.54
1075.67
1078.94
1082.32
1085.75
1089.14
1092.43
1093.99
1093.4
1091.44
1086.85
1077.48
1059.62
1026.88
968.927
872.884
731.859
557.629
432.18
405.21
420.903
438.389
442.484
395.277
315.44
417.374
1295.39
1542.57
678.126
694.134
714.553
737.255
760.802
784.387
807.603
830.229
852.117
873.135
893.159
912.067
929.744
946.089
961.015
974.464
986.433
996.935
1005.82
1012.99
1018.58
1022.8
1025.91
1028.18
1029.84
1031.09
1032.1
1032.95
1033.71
1034.42
1035.14
1035.85
1036.6
1037.38
1038.21
1039.1
1040.09
1041.15
1042.32
1043.58
1044.97
1046.45
1048.06
1049.79
1051.63
1053.59
1055.69
1057.91
1060.28
1062.79
1065.47
1068.3
1071.3
1074.45
1077.74
1081.14
1084.57
1087.96
1091.18
1092.66
1091.97
1089.78
1084.76
1074.68
1055.66
1021.04
960.208
860.59
716.793
543.221
428.817
410.108
423.771
440.941
448.749
438.175
410.001
491.558
387.8
1329.69
680.699
697.669
719.384
743.576
768.688
793.826
818.498
842.42
865.382
887.206
907.732
926.819
944.341
960.204
974.339
986.735
997.451
1006.43
1013.49
1018.85
1022.79
1025.62
1027.64
1029.13
1030.26
1031.17
1031.97
1032.68
1033.35
1033.99
1034.61
1035.23
1035.87
1036.55
1037.29
1038.1
1039.01
1040.02
1041.13
1042.37
1043.72
1045.19
1046.79
1048.51
1050.34
1052.31
1054.41
1056.64
1059.01
1061.55
1064.24
1067.09
1070.11
1073.28
1076.59
1080
1083.44
1086.8
1089.96
1091.35
1090.56
1088.16
1082.75
1072.01
1051.88
1015.38
951.649
848.354
701.3
528.683
425.919
415.412
427.381
444.09
456.151
462.141
462.243
615.081
246.551
1296.24
683.417
701.509
724.726
750.628
777.509
804.352
830.565
855.779
879.72
902.167
922.93
941.857
958.83
973.771
986.644
997.592
1006.64
1013.58
1018.7
1022.37
1024.97
1026.82
1028.2
1029.28
1030.17
1030.95
1031.64
1032.28
1032.86
1033.4
1033.92
1034.45
1034.99
1035.59
1036.25
1037.02
1037.87
1038.84
1039.92
1041.13
1042.46
1043.92
1045.5
1047.22
1049.06
1051.03
1053.13
1055.38
1057.76
1060.31
1063.01
1065.89
1068.92
1072.11
1075.44
1078.85
1082.29
1085.63
1088.7
1090
1089.1
1086.43
1080.54
1068.97
1047.46
1008.83
942.093
835.372
685.945
515.982
423.945
420.474
431.52
447.779
462.622
475.196
483.311
641.483
239.437
1272.84
686.404
705.79
730.748
758.609
787.473
816.157
843.946
870.373
895.101
917.873
938.483
956.789
972.71
986.251
997.561
1006.65
1013.38
1018.2
1021.6
1024
1025.75
1027.09
1028.17
1029.08
1029.87
1030.55
1031.16
1031.69
1032.16
1032.6
1033.02
1033.45
1033.92
1034.45
1035.07
1035.79
1036.61
1037.54
1038.6
1039.79
1041.11
1042.56
1044.15
1045.86
1047.71
1049.69
1051.8
1054.06
1056.47
1059.03
1061.77
1064.65
1067.71
1070.92
1074.27
1077.71
1081.14
1084.46
1087.42
1088.62
1087.61
1084.73
1078.43
1066.13
1043.37
1002.6
932.59
822.027
669.894
503.374
421.617
424.41
435.557
451.685
467.736
483.167
490.705
646.472
228.122
1271.48
689.623
710.555
737.563
767.682
798.752
829.381
858.704
886.158
911.349
933.997
953.91
970.981
985.197
996.734
1005.78
1012.43
1017.08
1020.29
1022.55
1024.24
1025.58
1026.72
1027.69
1028.54
1029.26
1029.87
1030.38
1030.81
1031.19
1031.55
1031.89
1032.28
1032.71
1033.2
1033.78
1034.46
1035.26
1036.18
1037.22
1038.4
1039.71
1041.15
1042.75
1044.46
1046.32
1048.31
1050.44
1052.71
1055.14
1057.73
1060.47
1063.39
1066.46
1069.69
1073.05
1076.5
1079.93
1083.21
1086.06
1087.14
1085.98
1082.77
1075.89
1062.65
1038.4
995.398
922.217
808.175
653.971
492.824
420.034
427.417
440.095
455.881
471.631
487.535
492.126
645.634
195.783
1272.1
693.223
716.001
745.425
778.129
811.599
844.19
874.877
903.003
928.14
950.017
968.519
983.689
995.755
1004.93
1011.41
1015.79
1018.77
1020.92
1022.58
1023.95
1025.13
1026.16
1027.05
1027.8
1028.41
1028.9
1029.29
1029.61
1029.89
1030.17
1030.46
1030.79
1031.19
1031.66
1032.21
1032.87
1033.65
1034.55
1035.58
1036.76
1038.07
1039.52
1041.12
1042.86
1044.73
1046.74
1048.89
1051.19
1053.64
1056.25
1059.02
1061.96
1065.06
1068.32
1071.71
1075.18
1078.62
1081.88
1084.59
1085.5
1084.23
1080.78
1073.49
1059.46
1033.78
988.269
911.311
793.148
636.47
481.484
417.339
428.642
443.568
459.176
473.991
489.258
490.13
644.583
173.547
1274.02
697.218
722.254
754.548
790.177
826.179
860.618
892.305
920.522
944.839
965.042
981.132
993.336
1002.31
1008.75
1013.14
1016.13
1018.31
1020.06
1021.57
1022.9
1024.06
1025.06
1025.88
1026.54
1027.07
1027.48
1027.8
1028.08
1028.32
1028.57
1028.84
1029.15
1029.52
1029.98
1030.52
1031.17
1031.93
1032.81
1033.84
1035.02
1036.33
1037.79
1039.4
1041.15
1043.04
1045.06
1047.24
1049.55
1052.03
1054.66
1057.45
1060.41
1063.53
1066.82
1070.21
1073.69
1077.14
1080.41
1082.94
1083.61
1082.15
1078.32
1070.39
1055.41
1028.24
980.353
899.905
777.89
619.058
471.417
415.845
429.048
445.328
460.686
474.433
488.744
487.306
642.963
154.108
1275.21
701.833
729.638
765.296
804.126
842.641
878.595
910.632
938.006
960.442
978.054
991.341
1000.92
1007.17
1010.96
1013.6
1015.72
1017.55
1019.16
1020.59
1021.81
1022.83
1023.66
1024.31
1024.82
1025.21
1025.53
1025.78
1026
1026.2
1026.4
1026.63
1026.92
1027.27
1027.7
1028.23
1028.87
1029.63
1030.53
1031.56
1032.75
1034.08
1035.56
1037.19
1038.96
1040.88
1042.93
1045.13
1047.49
1049.98
1052.65
1055.48
1058.48
1061.64
1064.95
1068.39
1071.9
1075.38
1078.71
1080.94
1081.25
1079.76
1075.79
1067.47
1051.54
1022.55
971.592
886.825
760.306
599.086
459.176
411.965
426.759
444.221
459.647
472.702
486.22
482.21
640.3
144.63
1275.31
707.214
738.46
777.978
820.12
860.857
897.663
929.01
954.108
972.915
986.095
994.895
1000.92
1005.28
1008.52
1011.11
1013.32
1015.28
1016.99
1018.44
1019.62
1020.57
1021.32
1021.92
1022.39
1022.77
1023.07
1023.32
1023.53
1023.72
1023.92
1024.14
1024.42
1024.77
1025.2
1025.73
1026.38
1027.14
1028.05
1029.09
1030.28
1031.62
1033.12
1034.76
1036.55
1038.48
1040.56
1042.79
1045.16
1047.68
1050.37
1053.22
1056.25
1059.43
1062.76
1066.22
1069.76
1073.27
1076.71
1078.59
1078.41
1076.8
1072.56
1063.68
1046.79
1016.17
962.577
873.989
743.1
579.156
447.402
408.297
422.33
439.576
454.837
467.505
480.555
475.041
636.53
144.383
1275.15
713.741
749.206
793.057
838.385
880.509
916.796
945.969
967.764
982.932
992.869
998.876
1002.35
1004.79
1007.03
1009.19
1011.21
1012.97
1014.44
1015.62
1016.58
1017.35
1017.97
1018.47
1018.86
1019.18
1019.43
1019.63
1019.8
1019.96
1020.14
1020.35
1020.62
1020.96
1021.4
1021.94
1022.59
1023.38
1024.3
1025.37
1026.59
1027.97
1029.5
1031.17
1033
1034.98
1037.09
1039.36
1041.78
1044.36
1047.09
1050
1053.07
1056.3
1059.69
1063.2
1066.76
1070.3
1073.71
1075.41
1075
1073.2
1068.7
1059.23
1041.12
1008.26
951.026
857.488
721.42
554.802
430.937
399.846
413.923
431.17
446.533
459.193
472.015
465.181
631.539
159.836
1276.31
721.389
761.694
810.372
858.921
901.069
933.581
956.324
971.26
980.755
987.006
991.674
995.626
999.23
1002.47
1005.19
1007.36
1009.06
1010.44
1011.56
1012.5
1013.27
1013.9
1014.4
1014.8
1015.11
1015.36
1015.55
1015.71
1015.87
1016.04
1016.26
1016.52
1016.87
1017.31
1017.85
1018.51
1019.3
1020.24
1021.32
1022.55
1023.94
1025.48
1027.18
1029.02
1031.02
1033.16
1035.45
1037.89
1040.5
1043.26
1046.19
1049.29
1052.56
1055.97
1059.5
1063.09
1066.62
1070
1071.63
1071.04
1068.92
1063.94
1053.87
1034.87
1000.47
940.534
842.838
701.468
530.62
413.049
388.498
400.101
416.252
431.677
444.66
457.458
449.088
622.816
179.763
1284.01
730.349
774.86
827.96
880.187
923.305
952.51
967.938
974.869
979.42
983.696
987.896
991.684
994.678
996.9
998.676
1000.23
1001.63
1002.88
1003.95
1004.84
1005.56
1006.14
1006.6
1006.97
1007.26
1007.49
1007.67
1007.84
1008.01
1008.2
1008.43
1008.73
1009.11
1009.58
1010.16
1010.87
1011.7
1012.69
1013.82
1015.12
1016.57
1018.17
1019.93
1021.85
1023.91
1026.13
1028.5
1031.02
1033.7
1036.55
1039.56
1042.74
1046.08
1049.58
1053.17
1056.81
1060.38
1063.7
1065.21
1064.47
1062.04
1056.5
1045.45
1024.8
987.59
923.083
819.12
670.805
496.11
383.882
367.002
379.216
395.63
411.509
424.761
436.836
424.245
599.923
207.178
1299.97
745.589
791.443
842.323
888.648
924.532
947.373
959.676
966.432
971.551
976.438
981.326
985.78
989.413
992.113
994.133
995.776
997.193
998.418
999.452
1000.29
1000.97
1001.49
1001.9
1002.21
1002.43
1002.59
1002.71
1002.8
1002.9
1003.02
1003.19
1003.43
1003.75
1004.17
1004.69
1005.35
1006.14
1007.08
1008.18
1009.43
1010.85
1012.42
1014.16
1016.05
1018.09
1020.29
1022.65
1025.17
1027.85
1030.7
1033.72
1036.92
1040.28
1043.79
1047.41
1051.06
1054.62
1057.91
1059.36
1058.52
1055.88
1050
1038.42
1016.86
978.086
910.823
802.258
646.715
462.014
347.222
332.373
342.844
359.394
376.496
390.682
402.035
380.326
542.018
153.039
1343
785.282
838.665
883.121
899.858
902.352
908.508
917.522
927.826
937.001
943.352
946.942
949.416
951.822
954.243
956.509
958.435
959.972
961.21
962.257
963.173
963.97
964.646
965.2
965.648
966.01
966.314
966.582
966.84
967.108
967.41
967.764
968.19
968.703
969.317
970.05
970.915
971.925
973.094
974.424
975.922
977.586
979.417
981.41
983.565
985.882
988.359
990.998
993.8
996.772
999.915
1003.23
1006.73
1010.38
1014.18
1018.08
1021.98
1025.74
1029.09
1030.43
1029.32
1026.09
1019.14
1005.77
981.168
937.051
860.81
739.129
565.215
370.441
253.886
244.304
260.544
283.428
305.181
321.654
330.575
291.046
383.724
783.236
1455.32
)
;

boundaryField
{
    inlet
    {
        type            calculated;
        value           nonuniform List<scalar> 
40
(
1.84291e-07
1.83624e-07
1.82366e-07
1.80584e-07
1.78349e-07
1.75727e-07
1.72789e-07
1.69582e-07
1.66151e-07
1.62553e-07
1.58827e-07
1.5501e-07
1.5113e-07
1.47218e-07
1.43302e-07
1.39403e-07
1.35538e-07
1.31717e-07
1.27958e-07
1.24275e-07
1.20677e-07
1.17148e-07
1.1373e-07
1.10391e-07
1.07156e-07
1.04008e-07
1.00995e-07
9.80209e-08
9.5223e-08
9.24084e-08
8.98426e-08
8.71459e-08
8.48269e-08
8.219e-08
8.01634e-08
7.7455e-08
7.58176e-08
7.28671e-08
7.17993e-08
6.82389e-08
)
;
    }
    outlet
    {
        type            calculated;
        value           nonuniform List<scalar> 
40
(
1287.62
1659.03
1271.11
1309.77
1347.53
1489.11
1391.57
1290.33
1295.37
1522.29
1643.71
1308.19
1310.3
1379.59
1538.95
1612.37
1350.8
1362.84
1433.35
1534.78
1311.92
1332.44
1372.66
1458.25
1580.38
1542.57
1329.69
1296.24
1272.84
1271.48
1272.1
1274.02
1275.21
1275.31
1275.15
1276.31
1284.01
1299.97
1343
1455.32
)
;
    }
    axis
    {
        type            symmetryPlane;
    }
    wall
    {
        type            calculated;
        value           nonuniform List<scalar> 
200
(
6.82054e-08
2.06501e-07
7.10042e-07
2.42443e-06
8.03337e-06
2.57777e-05
8.00281e-05
0.000240165
0.000696046
0.00194616
0.00524368
0.0135979
0.0338889
0.081038
0.185576
0.405981
0.845703
1.66937
3.08842
5.2693
8.30069
12.2209
16.9906
22.4958
28.5852
35.1042
41.9182
48.9219
56.0373
63.2091
70.3988
77.5796
84.7327
91.845
98.9067
105.912
112.853
119.729
126.536
133.273
139.937
146.527
153.043
159.485
165.852
172.143
178.36
184.5
190.566
196.557
202.472
208.311
214.077
219.767
225.383
230.924
236.392
241.786
247.108
252.358
257.536
262.642
267.68
272.648
277.548
282.382
287.153
291.861
296.511
301.102
305.643
310.135
314.581
318.985
323.356
327.697
332.012
336.306
340.585
344.862
349.141
353.424
357.718
362.032
366.385
370.784
375.232
379.73
384.286
388.921
393.659
398.508
403.472
408.544
413.721
419.024
424.496
430.179
436.081
442.175
448.416
454.815
461.457
468.427
475.769
483.48
491.512
499.801
508.389
517.476
527.251
537.784
549.11
561.344
574.723
589.662
606.971
628.503
656.808
754.092
751.386
817.853
874.358
897.536
901.668
908.059
916.984
927.216
936.456
942.963
946.691
949.238
951.672
954.101
956.375
958.313
959.865
961.114
962.172
963.095
963.898
964.58
965.141
965.594
965.962
966.269
966.542
966.803
967.075
967.379
967.736
968.164
968.679
969.296
970.029
970.896
971.907
973.076
974.408
975.906
977.571
979.402
981.396
983.551
985.868
988.345
990.984
993.787
996.759
999.901
1003.22
1006.71
1010.37
1014.17
1018.06
1021.96
1025.73
1029.07
1030.42
1029.31
1026.08
1019.13
1005.76
981.165
937.051
860.806
739.103
565.107
370.321
253.728
244.095
260.39
283.338
305.141
321.64
330.574
291.037
376.508
725.286
1455.32
)
;
    }
    frontAndBack
    {
        type            empty;
    }
}


// ************************************************************************* //
