/*--------------------------------*- C++ -*----------------------------------*\
  =========                 |
  \\      /  F ield         | OpenFOAM: The Open Source CFD Toolbox
   \\    /   O peration     | Website:  https://openfoam.org
    \\  /    A nd           | Version:  13
     \\/     M anipulation  |
\*---------------------------------------------------------------------------*/
FoamFile
{
    format      ascii;
    class       volVectorField;
    location    "0.9";
    object      U;
}
// * * * * * * * * * * * * * * * * * * * * * * * * * * * * * * * * * * * * * //

dimensions      [0 1 -1 0 0 0 0];

internalField   nonuniform List<vector> 
2016
(
(0.0129624 -0.0210817 0)
(0.0393047 -0.108064 0)
(0.441076 -0.672359 0)
(0.525334 -1.77343 0)
(0.240585 -0.0700499 0)
(0.753432 -0.456206 0)
(1.17636 -1.88026 0)
(0.651199 -2.87576 0)
(0.564981 -0.00351201 0)
(1.5101 -0.356226 0)
(2.45618 -1.81436 0)
(1.23878 -2.65167 0)
(0.728105 0.048778 0)
(2.07308 -0.237101 0)
(3.9164 -1.06961 0)
(2.01016 -1.19102 0)
(0.7913 0.0420138 0)
(2.46295 -0.199691 0)
(4.60792 -0.620165 0)
(1.93868 -0.646583 0)
(0.819826 0.0271636 0)
(2.56803 -0.119582 0)
(4.78066 -0.155223 0)
(2.03665 -0.149422 0)
(0.835745 0.046841 0)
(2.43337 -0.0285932 0)
(4.6527 0.437061 0)
(3.05994 0.961348 0)
(0.780048 0.110634 0)
(1.96765 0.0588742 0)
(3.6914 0.90946 0)
(3.52231 2.01544 0)
(0.649696 0.157023 0)
(1.35788 0.101488 0)
(2.42095 1.00386 0)
(2.81517 2.60467 0)
(0.516204 0.0968075 0)
(0.962169 0.0977439 0)
(1.22097 0.593246 0)
(1.35426 1.66343 0)
(0.459448 -0.0148953 0)
(0.750149 0.0617125 0)
(0.654364 0.289076 0)
(0.52751 0.536079 0)
(0.469342 -0.0659242 0)
(0.613694 0.0172095 0)
(0.518338 0.12615 0)
(0.369936 0.192126 0)
(0.511935 -0.0378236 0)
(0.547717 -0.000580244 0)
(0.466981 0.0137411 0)
(0.348412 0.111227 0)
(0.513381 0.0421231 0)
(0.580537 0.0509979 0)
(0.429733 -0.0201234 0)
(0.31823 0.0510551 0)
(0.400277 0.113113 0)
(0.637905 0.163953 0)
(0.488424 0.0768317 0)
(0.32991 0.0312333 0)
(0.191169 0.102856 0)
(0.602685 0.249026 0)
(0.597465 0.226943 0)
(0.416767 0.111378 0)
(0.0161791 0.0333335 0)
(0.477197 0.243722 0)
(0.650068 0.320225 0)
(0.530671 0.235017 0)
(-0.103801 0.00474091 0)
(0.307648 0.173244 0)
(0.609895 0.318799 0)
(0.609467 0.312263 0)
(-0.12943 0.0102576 0)
(0.170502 0.0970969 0)
(0.512458 0.254084 0)
(0.628455 0.319505 0)
(-0.23675 0.0218824 0)
(0.0371958 0.153526 0)
(0.395938 0.238924 0)
(0.593431 0.308728 0)
(-0.40502 -0.0375818 0)
(-0.0672367 0.155504 0)
(0.32516 0.227841 0)
(0.551707 0.308494 0)
(-0.369148 -0.125944 0)
(-0.227728 -0.126726 0)
(0.163666 -0.0209866 0)
(0.382459 0.138123 0)
(-0.0894344 -0.197772 0)
(0.069306 -0.384865 0)
(0.189876 -0.316506 0)
(0.234861 -0.110399 0)
(0.0447236 -0.0682523 0)
(-0.0302024 -0.0993293 0)
(-0.162279 0.0879778 0)
(-0.225525 0.366732 0)
(0.13645 -0.0885093 0)
(-0.150963 -0.0295641 0)
(-0.406373 0.159566 0)
(-0.507676 0.363805 0)
(0.165499 -0.061016 0)
(-0.304581 0.0952193 0)
(-0.628299 0.268079 0)
(-0.676025 0.395293 0)
(0.114231 -0.0208495 0)
(-0.489298 0.182751 0)
(-0.781219 0.305307 0)
(-0.717194 0.340216 0)
(-0.0160486 0.0549278 0)
(-0.649856 0.215379 0)
(-0.835926 0.27224 0)
(-0.654804 0.245977 0)
(-0.19251 0.0809521 0)
(-0.772794 0.219006 0)
(-0.818547 0.195219 0)
(-0.554065 0.142597 0)
(-0.35935 0.0798475 0)
(-0.82438 0.238491 0)
(-0.733015 0.105295 0)
(-0.454592 0.0354885 0)
(-0.562471 0.0669789 0)
(-0.824332 0.304137 0)
(-0.551156 0.0761867 0)
(-0.381777 -0.0630338 0)
(-0.766837 -0.0035082 0)
(-0.897737 0.327527 0)
(-0.257972 0.219058 0)
(-0.330196 -0.126082 0)
(-0.870194 -0.0544311 0)
(-1.25163 0.162026 0)
(0.308026 0.574187 0)
(-0.156565 -0.0559601 0)
(-0.903532 -0.00432414 0)
(-1.7297 0.0666862 0)
(-0.395473 0.809133 0)
(0.32367 0.352046 0)
(-0.961044 0.0916399 0)
(-1.98272 0.000960203 0)
(-0.427106 0.525415 0)
(1.06162 0.853643 0)
(-1.04223 0.171831 0)
(-2.10401 -0.0735684 0)
(-1.17976 0.336733 0)
(1.27334 1.20718 0)
(-1.12503 0.22025 0)
(-2.18094 -0.158236 0)
(-2.07031 0.246007 0)
(0.538012 1.0581 0)
(-1.14411 0.180758 0)
(-2.18832 -0.317463 0)
(-2.52024 0.00273994 0)
(-0.544913 0.255062 0)
(-0.991308 0.0482208 0)
(-1.97029 -0.584364 0)
(-2.33532 -0.752625 0)
(-0.953896 -0.718585 0)
(-0.62332 -0.0704972 0)
(-1.41699 -0.827954 0)
(-1.80596 -1.5633 0)
(-1.09953 -1.60287 0)
(-0.0848088 -0.037793 0)
(-0.668181 -0.656294 0)
(-1.03631 -1.48155 0)
(-0.79224 -2.17095 0)
(0.185479 0.0615765 0)
(0.185846 0.0404572 0)
(-0.236906 -0.259254 0)
(-0.235192 -1.14265 0)
(0.29351 -2.07695 0)
(0.183836 -2.38629 0)
(0.0841548 -2.50602 0)
(0.0312618 -2.54225 0)
(-0.00774952 -2.50185 0)
(-0.0994248 -2.3635 0)
(-0.325299 -2.05979 0)
(-0.2816 -1.76448 0)
(-0.12433 -1.47689 0)
(0.00660475 -1.32855 0)
(0.0323951 -1.32224 0)
(-0.0121792 -1.36654 0)
(-0.0479875 -1.38965 0)
(-0.0646905 -1.38589 0)
(-0.0683023 -1.36465 0)
(-0.0693294 -1.32565 0)
(-0.073288 -1.26884 0)
(-0.0816749 -1.19412 0)
(-0.0928833 -1.1057 0)
(-0.105345 -1.00678 0)
(-0.117766 -0.899309 0)
(-0.128042 -0.787851 0)
(-0.131311 -0.68214 0)
(-0.118533 -0.582915 0)
(-0.0833365 -0.511945 0)
(-0.0319955 -0.475785 0)
(0.0132238 -0.486285 0)
(0.0398043 -0.531242 0)
(0.0555708 -0.589985 0)
(0.0644479 -0.653576 0)
(0.0653648 -0.720317 0)
(0.0601232 -0.782651 0)
(0.0522246 -0.837335 0)
(0.0435771 -0.883079 0)
(0.0352387 -0.92007 0)
(0.027736 -0.949557 0)
(0.0212283 -0.973082 0)
(0.0156913 -0.991265 0)
(0.0110386 -1.00326 0)
(0.0072203 -1.00904 0)
(0.00418414 -1.01368 0)
(0.00155624 -1.02392 0)
(0.260959 -2.91271 0)
(0.0952994 -2.85935 0)
(0.00894187 -2.75385 0)
(-0.0609596 -2.62931 0)
(-0.202571 -2.45862 0)
(-0.322565 -2.32201 0)
(-0.35929 -2.24779 0)
(-0.349082 -2.22829 0)
(-0.31316 -2.16889 0)
(-0.199852 -1.97657 0)
(0.0128693 -1.77451 0)
(0.0718105 -1.72284 0)
(0.0578517 -1.76228 0)
(0.030817 -1.82187 0)
(-0.00175225 -1.84972 0)
(-0.0370979 -1.83656 0)
(-0.068578 -1.79635 0)
(-0.0917687 -1.74107 0)
(-0.104861 -1.68233 0)
(-0.109734 -1.62664 0)
(-0.108631 -1.57705 0)
(-0.102087 -1.53523 0)
(-0.0875197 -1.50091 0)
(-0.0612026 -1.46925 0)
(-0.0263958 -1.43579 0)
(0.00827223 -1.39719 0)
(0.0360288 -1.3552 0)
(0.0547963 -1.31764 0)
(0.0644252 -1.28562 0)
(0.0664573 -1.25557 0)
(0.0619062 -1.22561 0)
(0.0530893 -1.19495 0)
(0.0430782 -1.16445 0)
(0.0335617 -1.13566 0)
(0.0254491 -1.10987 0)
(0.0190175 -1.0881 0)
(0.0141317 -1.07094 0)
(0.0104538 -1.0578 0)
(0.00761585 -1.04651 0)
(0.00534489 -1.03557 0)
(0.00341366 -1.02898 0)
(0.00138784 -1.03342 0)
(0.323831 -2.5687 0)
(0.00136898 -2.10284 0)
(-0.154247 -1.82343 0)
(-0.198923 -2.14904 0)
(-0.247894 -2.19544 0)
(-0.305738 -2.2263 0)
(-0.353685 -2.24149 0)
(-0.353757 -2.23566 0)
(-0.331862 -2.24509 0)
(-0.299149 -2.25933 0)
(-0.22376 -2.22363 0)
(-0.0364794 -2.01013 0)
(0.0688243 -1.90276 0)
(0.0354294 -1.88699 0)
(-0.040666 -1.87611 0)
(-0.106635 -1.85013 0)
(-0.152097 -1.80626 0)
(-0.178915 -1.75147 0)
(-0.19101 -1.69219 0)
(-0.193871 -1.63331 0)
(-0.192477 -1.5792 0)
(-0.188373 -1.53254 0)
(-0.178343 -1.49346 0)
(-0.157159 -1.4589 0)
(-0.123725 -1.42361 0)
(-0.0836854 -1.38284 0)
(-0.0461795 -1.33545 0)
(-0.019426 -1.28478 0)
(-0.00470856 -1.23313 0)
(0.00191617 -1.18368 0)
(0.00346382 -1.13999 0)
(0.00230182 -1.10479 0)
(0.00045327 -1.07862 0)
(-0.00106734 -1.06017 0)
(-0.00192952 -1.04768 0)
(-0.00213044 -1.03981 0)
(-0.00184768 -1.03562 0)
(-0.00129912 -1.03362 0)
(-0.000677178 -1.03121 0)
(-0.000103429 -1.02689 0)
(0.000234014 -1.02489 0)
(0.000177501 -1.03186 0)
(0.0405858 0.357005 0)
(-0.256169 -1.10477 0)
(0.245193 -1.15604 0)
(0.247219 -1.40523 0)
(-0.0934808 -1.58711 0)
(-0.304032 -1.83603 0)
(-0.362179 -2.0184 0)
(-0.322948 -2.07005 0)
(-0.269624 -2.13649 0)
(-0.243042 -2.20899 0)
(-0.241869 -2.25804 0)
(-0.206827 -2.2766 0)
(-0.067776 -2.11405 0)
(-0.010262 -1.97323 0)
(-0.0476568 -1.88844 0)
(-0.115912 -1.82007 0)
(-0.175795 -1.75289 0)
(-0.215041 -1.6839 0)
(-0.233103 -1.61469 0)
(-0.233185 -1.54748 0)
(-0.221557 -1.48539 0)
(-0.204443 -1.43162 0)
(-0.184402 -1.38692 0)
(-0.161365 -1.34816 0)
(-0.135129 -1.31049 0)
(-0.107469 -1.27067 0)
(-0.08153 -1.22905 0)
(-0.0595704 -1.18887 0)
(-0.0413386 -1.15315 0)
(-0.0269793 -1.12288 0)
(-0.0165477 -1.09806 0)
(-0.00938569 -1.0785 0)
(-0.00459184 -1.06378 0)
(-0.00148722 -1.05307 0)
(0.000391718 -1.04545 0)
(0.00143227 -1.04038 0)
(0.00191477 -1.03761 0)
(0.0020501 -1.03615 0)
(0.00198332 -1.03367 0)
(0.00171752 -1.02899 0)
(0.00122098 -1.02662 0)
(0.00049827 -1.0334 0)
(0.362526 -1.15102 0)
(0.0729811 -1.40763 0)
(0.126062 -1.2128 0)
(0.183772 -1.09435 0)
(0.159406 -1.169 0)
(0.0621961 -1.39129 0)
(-0.112917 -1.72223 0)
(-0.194411 -2.01081 0)
(-0.176816 -2.08818 0)
(-0.173761 -2.14533 0)
(-0.18778 -2.19403 0)
(-0.21044 -2.23579 0)
(-0.193195 -2.26375 0)
(-0.159403 -2.14631 0)
(-0.183523 -2.02941 0)
(-0.230994 -1.91832 0)
(-0.278921 -1.8057 0)
(-0.307671 -1.69826 0)
(-0.318465 -1.60406 0)
(-0.313209 -1.52606 0)
(-0.297059 -1.46077 0)
(-0.273297 -1.40331 0)
(-0.244513 -1.35272 0)
(-0.21315 -1.30958 0)
(-0.180108 -1.27137 0)
(-0.146968 -1.23535 0)
(-0.116559 -1.20055 0)
(-0.0909678 -1.16766 0)
(-0.0702504 -1.13781 0)
(-0.053661 -1.11186 0)
(-0.040553 -1.09025 0)
(-0.0303707 -1.07299 0)
(-0.0225113 -1.05973 0)
(-0.0163835 -1.04985 0)
(-0.0115265 -1.04274 0)
(-0.00766491 -1.03808 0)
(-0.00462888 -1.03572 0)
(-0.00231752 -1.03468 0)
(-0.000683561 -1.03275 0)
(0.000261402 -1.02875 0)
(0.000584384 -1.02697 0)
(0.000354498 -1.03412 0)
(0.529653 -1.26935 0)
(-0.0687783 -1.45426 0)
(-0.0647279 -1.36625 0)
(0.0865853 -1.08914 0)
(0.221845 -1.03112 0)
(0.324032 -1.1445 0)
(0.203759 -1.59499 0)
(-0.0381184 -2.00784 0)
(-0.100123 -2.08396 0)
(-0.121245 -2.12341 0)
(-0.13876 -2.15637 0)
(-0.168768 -2.16904 0)
(-0.215795 -2.18454 0)
(-0.218254 -2.16245 0)
(-0.224546 -2.10469 0)
(-0.33043 -2.0102 0)
(-0.403039 -1.88897 0)
(-0.424632 -1.74722 0)
(-0.409302 -1.61475 0)
(-0.380987 -1.50884 0)
(-0.349744 -1.43578 0)
(-0.320152 -1.37923 0)
(-0.28679 -1.32843 0)
(-0.251222 -1.28289 0)
(-0.21614 -1.24249 0)
(-0.182236 -1.20631 0)
(-0.150054 -1.17328 0)
(-0.120765 -1.14356 0)
(-0.0953367 -1.11753 0)
(-0.0739385 -1.09534 0)
(-0.0562749 -1.07707 0)
(-0.0419032 -1.06265 0)
(-0.0303628 -1.05178 0)
(-0.0212295 -1.0439 0)
(-0.0141192 -1.03844 0)
(-0.00870597 -1.03518 0)
(-0.00472409 -1.03399 0)
(-0.00197275 -1.03392 0)
(-0.00027813 -1.03272 0)
(0.000579016 -1.02912 0)
(0.000794044 -1.0276 0)
(0.000440311 -1.03499 0)
(1.25538 -0.257074 0)
(0.00505482 -0.913556 0)
(-0.348717 -1.17782 0)
(-0.137241 -0.994741 0)
(0.233067 -0.836375 0)
(0.562046 -0.806799 0)
(0.675127 -1.04069 0)
(0.220038 -1.76506 0)
(-0.0530682 -2.04879 0)
(-0.11153 -2.09094 0)
(-0.144983 -2.10749 0)
(-0.174227 -2.0908 0)
(-0.214908 -2.06016 0)
(-0.284928 -2.028 0)
(-0.353551 -1.96142 0)
(-0.382938 -1.92327 0)
(-0.51008 -1.83786 0)
(-0.560493 -1.73666 0)
(-0.553713 -1.6071 0)
(-0.491128 -1.487 0)
(-0.417435 -1.39881 0)
(-0.37528 -1.33656 0)
(-0.335711 -1.28977 0)
(-0.294955 -1.24655 0)
(-0.253727 -1.20701 0)
(-0.215005 -1.17234 0)
(-0.179634 -1.14217 0)
(-0.147358 -1.1157 0)
(-0.118515 -1.09309 0)
(-0.093451 -1.07449 0)
(-0.0721 -1.05971 0)
(-0.0542154 -1.04852 0)
(-0.0395048 -1.04053 0)
(-0.0276448 -1.03517 0)
(-0.0182984 -1.03191 0)
(-0.0111343 -1.03052 0)
(-0.0058542 -1.03096 0)
(-0.00220735 -1.03226 0)
(4.49201e-05 -1.03214 0)
(0.00112818 -1.02935 0)
(0.0012586 -1.02838 0)
(0.000636241 -1.03612 0)
(2.32562 1.67995 0)
(0.9273 0.874232 0)
(-0.096031 -0.0197783 0)
(-0.307474 -0.55576 0)
(0.107295 -0.491551 0)
(0.617675 -0.398628 0)
(1.02417 -0.367234 0)
(0.928315 -0.722754 0)
(0.298865 -1.47839 0)
(-0.028481 -1.88744 0)
(-0.132951 -1.96513 0)
(-0.203744 -1.96558 0)
(-0.264902 -1.93935 0)
(-0.33084 -1.89499 0)
(-0.426889 -1.81677 0)
(-0.57243 -1.68441 0)
(-0.629218 -1.58263 0)
(-0.648657 -1.59541 0)
(-0.692568 -1.49897 0)
(-0.601734 -1.43951 0)
(-0.49344 -1.36253 0)
(-0.432398 -1.29361 0)
(-0.378485 -1.24326 0)
(-0.334757 -1.20264 0)
(-0.290042 -1.1671 0)
(-0.246257 -1.13402 0)
(-0.205931 -1.10653 0)
(-0.169597 -1.08377 0)
(-0.136813 -1.06492 0)
(-0.107908 -1.05007 0)
(-0.0830191 -1.03904 0)
(-0.0619506 -1.03143 0)
(-0.0444755 -1.02677 0)
(-0.0303399 -1.02444 0)
(-0.0192313 -1.02388 0)
(-0.0108097 -1.02489 0)
(-0.00473384 -1.02739 0)
(-0.000684799 -1.03044 0)
(0.00162187 -1.03169 0)
(0.00248674 -1.0299 0)
(0.00219892 -1.02963 0)
(0.000995356 -1.03782 0)
(2.64058 3.36402 0)
(1.95396 3.04925 0)
(0.961364 2.05226 0)
(0.268078 0.911087 0)
(0.18165 0.173283 0)
(0.518281 0.00625401 0)
(0.996074 0.114285 0)
(1.25626 0.18275 0)
(1.0607 -0.0227975 0)
(0.436483 -0.52762 0)
(-0.0305792 -1.05972 0)
(-0.204338 -1.47249 0)
(-0.274831 -1.61355 0)
(-0.351842 -1.57774 0)
(-0.450244 -1.5047 0)
(-0.546537 -1.43601 0)
(-0.637628 -1.3642 0)
(-0.717653 -1.32315 0)
(-0.664032 -1.3104 0)
(-0.647784 -1.34659 0)
(-0.566828 -1.31048 0)
(-0.494773 -1.26209 0)
(-0.424809 -1.19628 0)
(-0.369815 -1.15146 0)
(-0.321717 -1.12111 0)
(-0.275432 -1.09232 0)
(-0.229738 -1.06687 0)
(-0.188685 -1.04755 0)
(-0.15188 -1.03273 0)
(-0.119011 -1.02192 0)
(-0.090509 -1.01499 0)
(-0.0663371 -1.01143 0)
(-0.0462764 -1.01063 0)
(-0.0301034 -1.01189 0)
(-0.017514 -1.0146 0)
(-0.00813752 -1.01852 0)
(-0.00157645 -1.02356 0)
(0.00253993 -1.02875 0)
(0.00455604 -1.03171 0)
(0.00483407 -1.03116 0)
(0.00373981 -1.03173 0)
(0.00156036 -1.04046 0)
(1.82719 3.13319 0)
(2.32985 3.85129 0)
(2.06348 3.4169 0)
(1.49999 2.40419 0)
(1.04131 1.33113 0)
(0.774602 0.565595 0)
(0.850266 0.396828 0)
(1.09858 0.54237 0)
(1.17811 0.670339 0)
(0.980466 0.61204 0)
(0.62735 0.352607 0)
(0.295998 0.0512575 0)
(-0.140814 -0.229353 0)
(-0.511857 -0.432228 0)
(-0.620144 -0.602602 0)
(-0.64954 -0.782888 0)
(-0.621767 -0.924886 0)
(-0.60989 -1.09137 0)
(-0.600902 -1.11631 0)
(-0.599364 -1.1802 0)
(-0.585542 -1.20779 0)
(-0.547124 -1.21132 0)
(-0.483472 -1.16201 0)
(-0.409221 -1.10314 0)
(-0.349055 -1.06712 0)
(-0.300463 -1.04547 0)
(-0.250832 -1.02321 0)
(-0.203904 -1.00682 0)
(-0.16262 -0.996353 0)
(-0.125809 -0.990037 0)
(-0.0936666 -0.98767 0)
(-0.066481 -0.988716 0)
(-0.0440501 -0.992384 0)
(-0.0261374 -0.997856 0)
(-0.0124255 -1.00443 0)
(-0.00248895 -1.01181 0)
(0.00413135 -1.01989 0)
(0.00787025 -1.02764 0)
(0.00914038 -1.03264 0)
(0.00837146 -1.03357 0)
(0.00600441 -1.03515 0)
(0.00237365 -1.04452 0)
(0.683215 0.918933 0)
(1.30783 2.02271 0)
(1.85376 2.76139 0)
(2.11612 2.66836 0)
(1.94929 1.97422 0)
(1.46722 1.12447 0)
(1.00693 0.633443 0)
(0.920049 0.62331 0)
(0.961087 0.780023 0)
(0.919789 0.9139 0)
(0.765651 0.932686 0)
(0.537813 0.835571 0)
(0.26805 0.654821 0)
(0.0193367 0.399715 0)
(-0.153141 0.0500366 0)
(-0.331843 -0.320814 0)
(-0.517354 -0.520796 0)
(-0.599794 -0.767115 0)
(-0.545932 -0.838214 0)
(-0.508116 -0.950165 0)
(-0.519982 -1.04941 0)
(-0.562875 -1.08704 0)
(-0.53598 -1.11701 0)
(-0.460502 -1.06223 0)
(-0.378633 -1.00999 0)
(-0.319611 -0.989963 0)
(-0.268351 -0.974792 0)
(-0.215715 -0.961412 0)
(-0.168792 -0.95535 0)
(-0.127826 -0.954227 0)
(-0.091964 -0.957065 0)
(-0.0617692 -0.963406 0)
(-0.0371469 -0.97227 0)
(-0.0177982 -0.982667 0)
(-0.00335618 -0.993771 0)
(0.00667894 -1.00522 0)
(0.0128547 -1.01687 0)
(0.0156931 -1.02764 0)
(0.0156773 -1.03502 0)
(0.0133132 -1.0377 0)
(0.00912137 -1.04044 0)
(0.00347893 -1.05057 0)
(0.388181 0.199084 0)
(0.743439 0.598851 0)
(1.20821 1.1208 0)
(2.0181 1.62509 0)
(2.38032 1.52246 0)
(2.0633 1.12359 0)
(1.35657 0.740269 0)
(0.917849 0.636029 0)
(0.812997 0.705766 0)
(0.76327 0.820548 0)
(0.663258 0.904093 0)
(0.517425 0.922721 0)
(0.34701 0.869529 0)
(0.18913 0.743987 0)
(0.0826378 0.571089 0)
(0.00761761 0.363191 0)
(-0.098263 0.103989 0)
(-0.315841 -0.301555 0)
(-0.419866 -0.571478 0)
(-0.427334 -0.712746 0)
(-0.423927 -0.802373 0)
(-0.456785 -0.910281 0)
(-0.540246 -0.998485 0)
(-0.505841 -1.01577 0)
(-0.416345 -0.961279 0)
(-0.33603 -0.926234 0)
(-0.279838 -0.919372 0)
(-0.22376 -0.911145 0)
(-0.170085 -0.909339 0)
(-0.124303 -0.914158 0)
(-0.0846304 -0.923095 0)
(-0.0514155 -0.935595 0)
(-0.0247767 -0.950527 0)
(-0.00433545 -0.966679 0)
(0.0103785 -0.983084 0)
(0.0199644 -0.999285 0)
(0.0251046 -1.01508 0)
(0.0264231 -1.02934 0)
(0.0244861 -1.03949 0)
(0.0198845 -1.04417 0)
(0.013225 -1.04827 0)
(0.00492151 -1.05926 0)
(0.343351 0.0561905 0)
(0.633424 0.153217 0)
(0.923427 0.22002 0)
(1.81603 0.507384 0)
(2.42534 0.608681 0)
(2.29883 0.772055 0)
(1.57233 0.683363 0)
(0.979368 0.622439 0)
(0.769855 0.636477 0)
(0.700346 0.685218 0)
(0.614138 0.7311 0)
(0.497188 0.754819 0)
(0.370562 0.747756 0)
(0.260608 0.708957 0)
(0.188826 0.648436 0)
(0.148734 0.569702 0)
(0.122682 0.448947 0)
(0.0631421 0.232859 0)
(-0.139505 -0.166042 0)
(-0.29575 -0.469765 0)
(-0.330027 -0.596393 0)
(-0.345505 -0.691406 0)
(-0.410679 -0.816631 0)
(-0.511129 -0.928613 0)
(-0.457466 -0.919768 0)
(-0.359533 -0.863215 0)
(-0.285386 -0.854355 0)
(-0.226585 -0.854983 0)
(-0.166123 -0.857936 0)
(-0.114359 -0.869409 0)
(-0.0706624 -0.885634 0)
(-0.0344368 -0.905392 0)
(-0.00599261 -0.927442 0)
(0.0151222 -0.95034 0)
(0.0295379 -0.97292 0)
(0.0380262 -0.994619 0)
(0.0414295 -1.01518 0)
(0.0405006 -1.03346 0)
(0.0359019 -1.04678 0)
(0.0283199 -1.05374 0)
(0.018454 -1.05936 0)
(0.00674779 -1.07133 0)
(0.362231 -0.0247649 0)
(0.655489 0.0321243 0)
(0.958086 -0.0753109 0)
(1.65673 -0.0671022 0)
(2.16249 0.167483 0)
(2.17886 0.511728 0)
(1.57278 0.594323 0)
(1.00662 0.592392 0)
(0.766642 0.582918 0)
(0.685242 0.587239 0)
(0.610022 0.593444 0)
(0.509425 0.589698 0)
(0.397404 0.576457 0)
(0.295177 0.561554 0)
(0.223133 0.552822 0)
(0.19417 0.551295 0)
(0.211145 0.541723 0)
(0.251401 0.492957 0)
(0.239637 0.324819 0)
(0.0246366 -0.0414489 0)
(-0.223683 -0.366733 0)
(-0.242616 -0.483761 0)
(-0.282036 -0.601497 0)
(-0.412967 -0.750607 0)
(-0.493189 -0.841587 0)
(-0.394616 -0.808779 0)
(-0.288447 -0.780048 0)
(-0.221802 -0.789973 0)
(-0.155819 -0.800495 0)
(-0.096868 -0.819493 0)
(-0.0487313 -0.844463 0)
(-0.0095709 -0.872911 0)
(0.0203675 -0.903395 0)
(0.0415889 -0.934207 0)
(0.0549933 -0.963955 0)
(0.0615884 -0.991974 0)
(0.0624195 -1.01799 0)
(0.0583915 -1.04081 0)
(0.050275 -1.05771 0)
(0.0388617 -1.06724 0)
(0.0249507 -1.07458 0)
(0.00900499 -1.08765 0)
(0.372993 -0.0277577 0)
(0.693648 0.0242511 0)
(1.07116 -0.107748 0)
(1.22435 -0.104174 0)
(1.80711 0.149441 0)
(1.91796 0.449767 0)
(1.47784 0.56499 0)
(1.00886 0.573252 0)
(0.778387 0.547837 0)
(0.692251 0.529027 0)
(0.624058 0.511198 0)
(0.529551 0.48372 0)
(0.412933 0.456008 0)
(0.296726 0.444184 0)
(0.209292 0.457609 0)
(0.174255 0.493989 0)
(0.202652 0.540528 0)
(0.289081 0.578423 0)
(0.390377 0.565674 0)
(0.391793 0.418815 0)
(0.0987038 -0.00539366 0)
(-0.140795 -0.271336 0)
(-0.155748 -0.399908 0)
(-0.238196 -0.528156 0)
(-0.431958 -0.672817 0)
(-0.417795 -0.738551 0)
(-0.294387 -0.701492 0)
(-0.20834 -0.713706 0)
(-0.137144 -0.735919 0)
(-0.0702884 -0.764009 0)
(-0.0170299 -0.799436 0)
(0.0248191 -0.838397 0)
(0.0556805 -0.878942 0)
(0.0762242 -0.919016 0)
(0.0876999 -0.957033 0)
(0.0914265 -0.992259 0)
(0.0886934 -1.02443 0)
(0.0805756 -1.05236 0)
(0.0679601 -1.07325 0)
(0.0517523 -1.08563 0)
(0.0328561 -1.09485 0)
(0.0117397 -1.10916 0)
(0.358246 0.0532122 0)
(0.684356 0.111083 0)
(1.12833 0.0741891 0)
(1.17334 0.221517 0)
(1.57521 0.305507 0)
(1.70315 0.509234 0)
(1.40456 0.602781 0)
(1.02014 0.600115 0)
(0.797149 0.566866 0)
(0.712064 0.543564 0)
(0.654365 0.520666 0)
(0.563633 0.489265 0)
(0.434408 0.464891 0)
(0.292305 0.46675 0)
(0.174945 0.49748 0)
(0.116768 0.545241 0)
(0.13823 0.597438 0)
(0.23989 0.647494 0)
(0.401634 0.685171 0)
(0.556957 0.671092 0)
(0.523477 0.482235 0)
(0.0756236 -0.0286788 0)
(-0.0405739 -0.225178 0)
(-0.0968057 -0.346123 0)
(-0.223906 -0.475568 0)
(-0.417453 -0.655517 0)
(-0.307978 -0.629915 0)
(-0.18776 -0.626953 0)
(-0.107425 -0.661737 0)
(-0.0324588 -0.702331 0)
(0.0266248 -0.750506 0)
(0.0706977 -0.80241 0)
(0.101551 -0.854905 0)
(0.120311 -0.905757 0)
(0.128672 -0.953225 0)
(0.128339 -0.996573 0)
(0.120872 -1.03561 0)
(0.107524 -1.06919 0)
(0.0892992 -1.09446 0)
(0.0672221 -1.10995 0)
(0.0423031 -1.12122 0)
(0.0149957 -1.13689 0)
(0.367194 0.154342 0)
(0.602685 0.173019 0)
(1.00671 0.273323 0)
(1.1862 0.520539 0)
(1.4725 0.557641 0)
(1.57434 0.654708 0)
(1.37066 0.717251 0)
(1.04434 0.713717 0)
(0.816321 0.681552 0)
(0.72845 0.658887 0)
(0.683495 0.642255 0)
(0.595212 0.621186 0)
(0.44512 0.613181 0)
(0.271376 0.642243 0)
(0.13946 0.705804 0)
(0.084716 0.780444 0)
(0.109405 0.834101 0)
(0.210549 0.852896 0)
(0.380251 0.851667 0)
(0.598796 0.842019 0)
(0.767807 0.790306 0)
(0.594341 0.44761 0)
(0.0997919 -0.0737546 0)
(0.0177001 -0.215421 0)
(-0.10052 -0.296172 0)
(-0.323834 -0.43516 0)
(-0.320073 -0.531031 0)
(-0.164253 -0.532768 0)
(-0.0635573 -0.573984 0)
(0.0204228 -0.63375 0)
(0.0851989 -0.697838 0)
(0.130486 -0.765779 0)
(0.159811 -0.832487 0)
(0.175222 -0.895745 0)
(0.178949 -0.953865 0)
(0.173119 -1.00623 0)
(0.15956 -1.05281 0)
(0.139684 -1.09254 0)
(0.114608 -1.12255 0)
(0.0854799 -1.14136 0)
(0.0534112 -1.15482 0)
(0.0188121 -1.17197 0)
(0.424935 0.228558 0)
(0.508261 0.172937 0)
(0.774603 0.297722 0)
(1.07809 0.62081 0)
(1.40891 0.821054 0)
(1.51969 0.883647 0)
(1.36525 0.923851 0)
(1.07524 0.932368 0)
(0.840534 0.90704 0)
(0.740648 0.880191 0)
(0.701483 0.859206 0)
(0.61302 0.834243 0)
(0.437907 0.820504 0)
(0.222027 0.842026 0)
(0.0399758 0.915911 0)
(-0.0239085 1.03559 0)
(0.057459 1.14222 0)
(0.21521 1.17503 0)
(0.412431 1.13484 0)
(0.635549 1.0632 0)
(0.876844 1.01115 0)
(0.976017 0.878229 0)
(0.58497 0.400284 0)
(0.125542 -0.034016 0)
(-0.0019512 -0.136952 0)
(-0.0697734 -0.207771 0)
(-0.32231 -0.380632 0)
(-0.141 -0.443739 0)
(0.00047183 -0.467224 0)
(0.094183 -0.557166 0)
(0.162821 -0.642641 0)
(0.206994 -0.73023 0)
(0.232383 -0.813532 0)
(0.242292 -0.890742 0)
(0.239498 -0.960602 0)
(0.226492 -1.02279 0)
(0.205299 -1.07751 0)
(0.177444 -1.12381 0)
(0.14415 -1.15884 0)
(0.106692 -1.18113 0)
(0.0662725 -1.19687 0)
(0.0232186 -1.21559 0)
(0.505801 0.277245 0)
(0.468338 0.19441 0)
(0.586775 0.258925 0)
(0.781229 0.464641 0)
(1.19616 0.805342 0)
(1.40342 1.01653 0)
(1.32858 1.14411 0)
(1.08819 1.20928 0)
(0.86355 1.21382 0)
(0.758003 1.18558 0)
(0.725663 1.14714 0)
(0.644013 1.10746 0)
(0.439396 1.08235 0)
(0.154842 1.09637 0)
(-0.0617997 1.14418 0)
(-0.143915 1.21185 0)
(-0.0548464 1.30612 0)
(0.184786 1.3963 0)
(0.468243 1.40263 0)
(0.721616 1.31865 0)
(0.955074 1.21845 0)
(1.1547 1.15491 0)
(1.05679 0.957732 0)
(0.496659 0.443505 0)
(0.098964 0.2123 0)
(-0.0231332 0.0563922 0)
(-0.111684 0.0629571 0)
(-0.0710733 -0.309146 0)
(0.0975562 -0.331231 0)
(0.197767 -0.473732 0)
(0.264283 -0.587913 0)
(0.302961 -0.698829 0)
(0.320915 -0.800695 0)
(0.322602 -0.892989 0)
(0.311105 -0.975369 0)
(0.289057 -1.04798 0)
(0.25853 -1.11131 0)
(0.221105 -1.16452 0)
(0.178109 -1.20475 0)
(0.130958 -1.23059 0)
(0.0809343 -1.24864 0)
(0.028229 -1.269 0)
(0.55482 0.312224 0)
(0.473837 0.259657 0)
(0.496056 0.255936 0)
(0.587378 0.344521 0)
(0.886536 0.619876 0)
(1.1582 0.972714 0)
(1.19339 1.26153 0)
(1.04321 1.44527 0)
(0.8763 1.5323 0)
(0.800004 1.538 0)
(0.776385 1.49974 0)
(0.688302 1.45592 0)
(0.462456 1.42985 0)
(0.159686 1.42431 0)
(-0.0840911 1.43585 0)
(-0.192171 1.45076 0)
(-0.13209 1.48926 0)
(0.119326 1.55048 0)
(0.484145 1.5796 0)
(0.809194 1.52067 0)
(1.04903 1.39999 0)
(1.23557 1.31572 0)
(1.27589 1.26019 0)
(0.945307 0.980152 0)
(0.29079 0.763286 0)
(0.098821 0.353482 0)
(0.101473 0.32125 0)
(0.123778 -0.0366189 0)
(0.247196 -0.210655 0)
(0.339974 -0.391747 0)
(0.393599 -0.540926 0)
(0.420248 -0.676391 0)
(0.426401 -0.797428 0)
(0.416773 -0.905069 0)
(0.394231 -1.00028 0)
(0.361206 -1.0837 0)
(0.319584 -1.15599 0)
(0.27089 -1.21633 0)
(0.216584 -1.26183 0)
(0.158293 -1.29116 0)
(0.0973797 -1.31144 0)
(0.033833 -1.33347 0)
(0.580335 0.360841 0)
(0.496911 0.375289 0)
(0.467773 0.353071 0)
(0.486889 0.356615 0)
(0.48183 0.505156 0)
(0.71423 0.97713 0)
(0.852607 1.3375 0)
(0.817909 1.59381 0)
(0.748395 1.77842 0)
(0.753725 1.85899 0)
(0.790018 1.85542 0)
(0.73866 1.82708 0)
(0.506118 1.80263 0)
(0.180726 1.79457 0)
(-0.0674476 1.79812 0)
(-0.184007 1.79642 0)
(-0.141651 1.77336 0)
(0.107301 1.75093 0)
(0.513651 1.72321 0)
(0.901612 1.64521 0)
(1.1618 1.51244 0)
(1.30777 1.38662 0)
(1.35195 1.35885 0)
(1.17959 1.18013 0)
(0.593408 1.15351 0)
(0.389443 0.576421 0)
(0.382343 0.470567 0)
(0.381698 0.186504 0)
(0.457265 -0.126523 0)
(0.522251 -0.328764 0)
(0.551087 -0.51142 0)
(0.558346 -0.668897 0)
(0.548247 -0.807575 0)
(0.524455 -0.929702 0)
(0.488913 -1.03747 0)
(0.443239 -1.13181 0)
(0.388766 -1.21335 0)
(0.326943 -1.28102 0)
(0.25955 -1.33174 0)
(0.188574 -1.3643 0)
(0.115485 -1.38658 0)
(0.0399801 -1.41021 0)
(0.498255 0.33382 0)
(0.502438 0.494171 0)
(0.484973 0.53626 0)
(0.479562 0.514202 0)
(0.403752 0.563751 0)
(0.381122 0.748747 0)
(0.558872 1.21978 0)
(0.614613 1.63286 0)
(0.722241 1.95875 0)
(0.796977 2.16525 0)
(0.81738 2.2466 0)
(0.740081 2.24794 0)
(0.480806 2.20633 0)
(0.140527 2.16836 0)
(-0.0919326 2.15911 0)
(-0.168449 2.13489 0)
(-0.0999805 2.06937 0)
(0.15784 1.97138 0)
(0.600184 1.84521 0)
(1.02946 1.69954 0)
(1.29798 1.53833 0)
(1.4057 1.37508 0)
(1.41017 1.3335 0)
(1.27672 1.1704 0)
(0.794929 1.32369 0)
(0.625795 0.822588 0)
(0.676931 0.621803 0)
(0.693445 0.366593 0)
(0.725502 -0.0789347 0)
(0.738301 -0.300102 0)
(0.731977 -0.508488 0)
(0.713974 -0.681992 0)
(0.684795 -0.83444 0)
(0.64519 -0.968884 0)
(0.595277 -1.08842 0)
(0.535402 -1.19389 0)
(0.466275 -1.28524 0)
(0.389328 -1.36052 0)
(0.306848 -1.41626 0)
(0.221482 -1.45153 0)
(0.134955 -1.47528 0)
(0.0465508 -1.50032 0)
(0.100237 0.17442 0)
(0.260505 0.46306 0)
(0.384271 0.623378 0)
(0.428034 0.681806 0)
(0.349519 0.752267 0)
(0.181532 0.80973 0)
(-0.0452767 0.973701 0)
(-0.209155 1.24353 0)
(0.0301507 1.66778 0)
(0.395 2.09569 0)
(0.723091 2.43338 0)
(0.861906 2.59833 0)
(0.663187 2.58267 0)
(0.264276 2.50336 0)
(-0.0189059 2.44916 0)
(-0.0947691 2.38767 0)
(0.00356499 2.27998 0)
(0.301894 2.11081 0)
(0.77417 1.88651 0)
(1.21208 1.66197 0)
(1.46666 1.46156 0)
(1.52312 1.28311 0)
(1.49321 1.22788 0)
(1.32833 1.06151 0)
(0.903867 1.26009 0)
(0.926693 0.660413 0)
(0.996215 0.618703 0)
(1.01485 0.298336 0)
(1.02487 -0.103988 0)
(0.970346 -0.326638 0)
(0.926091 -0.538688 0)
(0.880868 -0.718478 0)
(0.831918 -0.878978 0)
(0.776182 -1.02343 0)
(0.711929 -1.15442 0)
(0.637682 -1.27166 0)
(0.552735 -1.37362 0)
(0.458386 -1.45696 0)
(0.358216 -1.51743 0)
(0.256379 -1.55443 0)
(0.155183 -1.57864 0)
(0.053301 -1.60462 0)
(0.03877 0.00292483 0)
(0.142067 0.219024 0)
(0.284356 0.477964 0)
(0.347007 0.694765 0)
(0.30664 0.893287 0)
(0.23421 1.09947 0)
(0.163346 1.27157 0)
(0.0880875 1.31171 0)
(0.026349 1.20359 0)
(0.0260383 1.18994 0)
(0.0986105 1.54609 0)
(0.57223 2.00439 0)
(0.536533 2.19856 0)
(0.220276 2.32958 0)
(0.0143205 2.39621 0)
(-0.013501 2.38719 0)
(0.15033 2.28589 0)
(0.522905 2.07231 0)
(1.02324 1.77964 0)
(1.44935 1.49144 0)
(1.65123 1.26807 0)
(1.6384 1.12553 0)
(1.58397 1.04275 0)
(1.36981 1.01535 0)
(1.00058 1.06994 0)
(1.18908 0.498184 0)
(1.26863 0.512253 0)
(1.33494 0.0928957 0)
(1.29441 -0.179568 0)
(1.18755 -0.402814 0)
(1.11382 -0.596746 0)
(1.04659 -0.774068 0)
(0.982531 -0.937129 0)
(0.914729 -1.08946 0)
(0.838462 -1.23162 0)
(0.74952 -1.36201 0)
(0.6466 -1.47685 0)
(0.532119 -1.56978 0)
(0.411431 -1.63461 0)
(0.29091 -1.67155 0)
(0.174344 -1.69428 0)
(0.0595516 -1.7202 0)
(-0.188416 0.251238 0)
(-0.219628 0.38461 0)
(-0.0980928 0.566675 0)
(0.00364514 0.79103 0)
(-0.0237738 1.01116 0)
(-0.123506 1.20701 0)
(-0.187077 1.37447 0)
(-0.160982 1.55961 0)
(-0.0320604 1.74063 0)
(0.132583 1.8049 0)
(0.229107 1.75454 0)
(0.218897 1.63298 0)
(0.199581 2.03745 0)
(0.0649522 2.1409 0)
(-0.0081258 2.19484 0)
(0.0396676 2.22438 0)
(0.311545 2.12255 0)
(0.782063 1.85815 0)
(1.32576 1.49364 0)
(1.70294 1.18061 0)
(1.81074 0.986868 0)
(1.72844 0.900648 0)
(1.5715 0.957525 0)
(1.45328 1.10659 0)
(1.30089 0.63099 0)
(1.3917 0.33479 0)
(1.49568 0.32351 0)
(1.62559 -0.155304 0)
(1.50584 -0.291348 0)
(1.37669 -0.506652 0)
(1.28496 -0.674702 0)
(1.20522 -0.84533 0)
(1.1321 -1.00756 0)
(1.05576 -1.16643 0)
(0.969911 -1.32072 0)
(0.869091 -1.4668 0)
(0.749488 -1.59682 0)
(0.611845 -1.70049 0)
(0.465292 -1.76901 0)
(0.322767 -1.8029 0)
(0.190634 -1.82058 0)
(0.0645856 -1.84449 0)
(-0.356865 0.590643 0)
(-0.325024 0.687653 0)
(-0.211037 0.761956 0)
(-0.135336 0.863807 0)
(-0.135542 0.949672 0)
(-0.185106 0.980074 0)
(-0.258065 0.974326 0)
(-0.300216 1.09555 0)
(-0.192008 1.38705 0)
(0.012913 1.61609 0)
(0.179302 1.69345 0)
(0.24754 1.65905 0)
(0.252269 1.46079 0)
(0.0683457 1.46275 0)
(-0.106213 1.7419 0)
(0.0239912 1.88445 0)
(0.501145 1.74106 0)
(1.14703 1.36553 0)
(1.69529 0.954731 0)
(1.94131 0.698014 0)
(1.93868 0.565222 0)
(1.65207 0.617939 0)
(1.47078 0.729392 0)
(1.63539 0.572154 0)
(1.61384 0.303728 0)
(1.55728 0.174438 0)
(1.79177 -0.0444058 0)
(1.86716 -0.381706 0)
(1.6767 -0.450234 0)
(1.55108 -0.631458 0)
(1.45218 -0.772605 0)
(1.37076 -0.930368 0)
(1.29713 -1.08823 0)
(1.2215 -1.25324 0)
(1.13356 -1.42281 0)
(1.02036 -1.59171 0)
(0.875201 -1.74795 0)
(0.705034 -1.8714 0)
(0.525631 -1.94348 0)
(0.354056 -1.9668 0)
(0.202455 -1.97168 0)
(0.0672048 -1.98971 0)
(-0.507777 0.50913 0)
(-0.406199 0.575434 0)
(-0.274605 0.597786 0)
(-0.181853 0.621516 0)
(-0.148697 0.629824 0)
(-0.10895 0.607166 0)
(-0.199703 0.67972 0)
(-0.526253 0.811167 0)
(-0.596472 1.15648 0)
(-0.0971466 1.57343 0)
(0.179078 1.62078 0)
(0.286131 1.49001 0)
(0.213316 1.13832 0)
(-0.213917 1.21481 0)
(-0.370326 1.51999 0)
(0.105202 1.47928 0)
(0.904039 1.09572 0)
(1.6428 0.582613 0)
(2.04716 0.234239 0)
(2.09157 0.116797 0)
(1.85555 0.188825 0)
(1.61223 0.391939 0)
(1.59165 0.0430338 0)
(1.7721 0.0706334 0)
(1.8002 -0.0238268 0)
(1.78241 -0.130044 0)
(2.08259 -0.493599 0)
(2.00943 -0.564043 0)
(1.80996 -0.626806 0)
(1.70207 -0.748306 0)
(1.60863 -0.861006 0)
(1.53708 -0.996233 0)
(1.47515 -1.14529 0)
(1.41233 -1.31956 0)
(1.33263 -1.52167 0)
(1.21961 -1.74297 0)
(1.05938 -1.95104 0)
(0.84402 -2.10367 0)
(0.595782 -2.17666 0)
(0.368904 -2.17867 0)
(0.196073 -2.15447 0)
(0.0618855 -2.15488 0)
(-0.563582 0.443217 0)
(-0.392221 0.444737 0)
(-0.268573 0.393289 0)
(-0.197374 0.369184 0)
(-0.111876 0.389985 0)
(-0.22411 0.665586 0)
(-0.620208 1.43221 0)
(-0.731846 1.99024 0)
(-0.912343 1.97975 0)
(-0.315525 1.76544 0)
(0.313134 1.57726 0)
(0.515053 1.37356 0)
(0.344454 1.10808 0)
(-0.338601 1.11007 0)
(-0.29557 1.16531 0)
(0.563154 0.803044 0)
(1.55272 0.17378 0)
(2.13455 -0.318783 0)
(2.18023 -0.440281 0)
(1.83868 -0.228961 0)
(1.72805 0.0118033 0)
(1.75503 0.0684498 0)
(1.76367 -0.319588 0)
(1.84293 -0.300047 0)
(1.92823 -0.329529 0)
(2.08537 -0.650365 0)
(2.20975 -0.76812 0)
(2.04386 -0.724185 0)
(1.89345 -0.766188 0)
(1.80739 -0.828982 0)
(1.73321 -0.912502 0)
(1.6853 -1.02692 0)
(1.65607 -1.18047 0)
(1.63532 -1.38977 0)
(1.59294 -1.65522 0)
(1.47949 -1.95135 0)
(1.25622 -2.2271 0)
(0.945609 -2.42229 0)
(0.625408 -2.48954 0)
(0.355511 -2.43508 0)
(0.15916 -2.34279 0)
(0.0383663 -2.30406 0)
(-0.517205 0.286937 0)
(-0.301995 0.240936 0)
(-0.223177 0.132777 0)
(-0.223615 0.130912 0)
(-0.451408 0.460736 0)
(-1.34134 1.65174 0)
(-1.56763 2.3944 0)
(-1.21515 2.5648 0)
(-0.582325 2.34452 0)
(0.172642 1.71108 0)
(0.760494 1.26285 0)
(0.841929 1.09106 0)
(0.515106 1.06643 0)
(-0.240775 1.19833 0)
(0.201688 0.71802 0)
(1.39055 -0.0969414 0)
(2.19627 -0.780412 0)
(2.3067 -1.01669 0)
(1.91294 -0.801869 0)
(1.67136 -0.608781 0)
(1.63554 -0.715001 0)
(1.75903 -0.554865 0)
(1.94322 -0.52227 0)
(1.9272 -0.619549 0)
(2.11518 -0.810182 0)
(2.2337 -0.950587 0)
(2.184 -0.904875 0)
(2.02469 -0.849641 0)
(1.93036 -0.857005 0)
(1.86977 -0.883868 0)
(1.83292 -0.948266 0)
(1.83643 -1.06091 0)
(1.87879 -1.24495 0)
(1.93645 -1.51615 0)
(1.95258 -1.85491 0)
(1.86492 -2.21352 0)
(1.63609 -2.54011 0)
(1.23965 -2.75543 0)
(0.715341 -2.77722 0)
(0.245433 -2.64356 0)
(0.00233333 -2.48219 0)
(-0.0302543 -2.3835 0)
(-0.416204 0.139225 0)
(-0.215927 0.0961978 0)
(-0.219205 0.0340629 0)
(-0.517994 0.277721 0)
(-1.91124 1.42197 0)
(-2.47263 2.0505 0)
(-1.72912 1.8453 0)
(-0.958489 1.44876 0)
(0.2183 0.957208 0)
(1.02358 0.453788 0)
(1.02096 0.394566 0)
(0.582457 0.808661 0)
(-0.040711 1.19599 0)
(0.102808 0.86632 0)
(1.20815 -0.0932815 0)
(2.23871 -0.984218 0)
(2.52549 -1.41695 0)
(2.13058 -1.32136 0)
(1.76438 -1.15401 0)
(1.62332 -1.18954 0)
(1.56967 -1.16042 0)
(1.69998 -1.02889 0)
(2.03527 -0.946471 0)
(2.0841 -1.09924 0)
(2.21881 -1.16296 0)
(2.20611 -1.1055 0)
(2.09059 -1.01146 0)
(1.98617 -0.946653 0)
(1.93497 -0.922391 0)
(1.91204 -0.928006 0)
(1.93253 -0.979288 0)
(2.01414 -1.08911 0)
(2.15194 -1.27539 0)
(2.28827 -1.54027 0)
(2.32238 -1.85143 0)
(2.16719 -2.14506 0)
(1.73787 -2.33204 0)
(1.03873 -2.33564 0)
(0.367726 -2.3151 0)
(-0.00869807 -2.37356 0)
(-0.173722 -2.36578 0)
(-0.155482 -2.21932 0)
(-0.326405 0.0291361 0)
(-0.227217 -0.00387646 0)
(-0.342183 0.178357 0)
(-1.41822 0.729052 0)
(-2.56579 1.34746 0)
(-1.84286 0.551704 0)
(-0.68236 -0.00451391 0)
(0.517618 -0.384389 0)
(0.697299 -0.379111 0)
(0.65452 -0.017073 0)
(0.189044 0.627786 0)
(0.0212006 1.01888 0)
(0.29871 0.767558 0)
(1.12041 0.00492439 0)
(2.22964 -0.934039 0)
(2.78992 -1.55304 0)
(2.50585 -1.63498 0)
(1.99452 -1.5255 0)
(1.78203 -1.5527 0)
(1.60654 -1.57296 0)
(1.5421 -1.5822 0)
(1.62989 -1.5689 0)
(1.95021 -1.47227 0)
(2.13523 -1.42035 0)
(2.17275 -1.37236 0)
(2.08694 -1.2625 0)
(1.98356 -1.16757 0)
(1.92422 -1.08989 0)
(1.9075 -1.03371 0)
(1.93116 -0.997945 0)
(2.01197 -0.991249 0)
(2.16236 -1.02399 0)
(2.36754 -1.10431 0)
(2.54785 -1.21653 0)
(2.55386 -1.33792 0)
(2.27107 -1.47216 0)
(1.77862 -1.50444 0)
(1.16685 -1.37223 0)
(0.656935 -1.24397 0)
(0.30334 -1.14264 0)
(-0.0902561 -1.23536 0)
(-0.235049 -1.42906 0)
(-0.258334 -0.047414 0)
(-0.413074 -0.0528658 0)
(-0.716724 0.282736 0)
(-1.8929 0.896519 0)
(-1.86854 0.442729 0)
(-0.546446 -0.988169 0)
(-0.206719 -1.06103 0)
(-0.15069 -0.780519 0)
(-0.597006 -0.198388 0)
(-0.429357 0.320278 0)
(-0.0501437 0.473226 0)
(0.386694 0.332744 0)
(1.06723 -0.13028 0)
(2.07423 -0.819817 0)
(2.92824 -1.50425 0)
(2.9739 -1.77106 0)
(2.44415 -1.73303 0)
(2.08661 -1.74055 0)
(1.79892 -1.78097 0)
(1.62998 -1.80153 0)
(1.55493 -1.80849 0)
(1.58362 -1.78794 0)
(1.71886 -1.70484 0)
(2.03108 -1.57144 0)
(2.08149 -1.45619 0)
(2.00519 -1.33912 0)
(1.91959 -1.25928 0)
(1.86942 -1.19086 0)
(1.85763 -1.12096 0)
(1.89352 -1.03752 0)
(1.99616 -0.941292 0)
(2.17388 -0.831836 0)
(2.3992 -0.710779 0)
(2.59641 -0.575202 0)
(2.63267 -0.416128 0)
(2.3611 -0.379241 0)
(1.81424 -0.376157 0)
(1.1473 -0.231422 0)
(0.487756 -0.139171 0)
(0.047467 -0.184931 0)
(-0.0293081 0.185608 0)
(-0.117906 -0.0899052 0)
(-0.243999 -0.0647813 0)
(-0.725538 -0.0357073 0)
(-1.18134 0.356093 0)
(-1.78261 0.512417 0)
(-0.781816 -0.307258 0)
(-0.460671 -0.928615 0)
(-0.785193 -0.811915 0)
(-1.06756 -0.479495 0)
(-0.691018 -0.445325 0)
(-0.261893 -0.43577 0)
(0.193777 -0.410213 0)
(0.815849 -0.543508 0)
(1.69412 -0.867487 0)
(2.70358 -1.30579 0)
(3.28083 -1.70885 0)
(2.99563 -1.80008 0)
(2.47657 -1.80694 0)
(2.11398 -1.8318 0)
(1.82066 -1.8726 0)
(1.62212 -1.87177 0)
(1.51806 -1.82582 0)
(1.53907 -1.76981 0)
(1.68286 -1.68315 0)
(1.80727 -1.54571 0)
(1.87655 -1.3837 0)
(1.8562 -1.24158 0)
(1.79971 -1.1285 0)
(1.75482 -1.03789 0)
(1.7273 -0.94821 0)
(1.73177 -0.84008 0)
(1.79413 -0.701493 0)
(1.92546 -0.519005 0)
(2.0933 -0.263573 0)
(2.26083 0.0587873 0)
(2.32889 0.450022 0)
(2.18063 0.796317 0)
(1.73369 1.01635 0)
(1.09027 1.17521 0)
(0.465906 1.2549 0)
(0.0069426 1.17824 0)
(-0.0428629 1.25627 0)
(0.0422398 1.31565 0)
(-0.28197 -0.0503893 0)
(-0.848036 -0.0412239 0)
(-1.41163 0.047977 0)
(-1.34662 -0.125586 0)
(-0.465591 -0.0986615 0)
(-0.252551 -0.511733 0)
(-0.591336 -0.694583 0)
(-0.64616 -0.983081 0)
(-0.535091 -1.15633 0)
(-0.31479 -1.11779 0)
(0.237868 -1.09004 0)
(1.02863 -1.11511 0)
(2.01039 -1.21965 0)
(3.00747 -1.35895 0)
(3.45427 -1.51705 0)
(2.9668 -1.67018 0)
(2.53657 -1.7238 0)
(2.17475 -1.77481 0)
(1.83726 -1.8445 0)
(1.58622 -1.83037 0)
(1.44811 -1.81678 0)
(1.47501 -1.77326 0)
(1.55101 -1.65047 0)
(1.65923 -1.49339 0)
(1.70832 -1.3147 0)
(1.70118 -1.13777 0)
(1.66958 -0.981438 0)
(1.63649 -0.832275 0)
(1.60619 -0.701241 0)
(1.58804 -0.569501 0)
(1.59844 -0.407148 0)
(1.6404 -0.189687 0)
(1.70304 0.0949231 0)
(1.76371 0.449003 0)
(1.75265 0.87821 0)
(1.64696 1.32082 0)
(1.36654 1.70115 0)
(0.971334 1.94398 0)
(0.557639 2.01572 0)
(0.128973 1.92305 0)
(-0.192772 1.69188 0)
(-0.213637 1.82632 0)
(-0.299932 -0.0630558 0)
(-0.688329 -0.115294 0)
(-1.22616 -0.387544 0)
(-1.33798 -0.500776 0)
(-0.264319 -0.316814 0)
(0.0947854 -0.439332 0)
(-0.24592 -0.748641 0)
(-0.458781 -0.988954 0)
(-0.482011 -1.2247 0)
(-0.292517 -1.39649 0)
(0.183648 -1.42789 0)
(0.999215 -1.37198 0)
(2.0098 -1.25231 0)
(3.01394 -1.09093 0)
(3.55664 -0.949523 0)
(3.18918 -1.16222 0)
(2.71519 -1.31073 0)
(2.30261 -1.46848 0)
(1.90882 -1.53954 0)
(1.57604 -1.53304 0)
(1.35534 -1.69192 0)
(1.26689 -1.46662 0)
(1.30859 -1.25296 0)
(1.44948 -1.08431 0)
(1.54415 -0.958971 0)
(1.53373 -0.748924 0)
(1.49961 -0.606597 0)
(1.49559 -0.511114 0)
(1.48033 -0.379148 0)
(1.44768 -0.230301 0)
(1.40976 -0.0334157 0)
(1.3921 0.218446 0)
(1.4002 0.498733 0)
(1.39265 0.829374 0)
(1.32276 1.21231 0)
(1.19342 1.59831 0)
(0.98073 1.96727 0)
(0.737685 2.28155 0)
(0.475038 2.51936 0)
(0.201107 2.70282 0)
(-0.0288098 2.76907 0)
(-0.207427 2.9448 0)
(-0.202129 -0.0930147 0)
(-0.449696 -0.172893 0)
(-0.932683 -0.471142 0)
(-1.37449 -0.755364 0)
(-0.455932 -0.677307 0)
(0.213818 -0.35568 0)
(0.0008841 -0.44084 0)
(-0.21841 -0.324993 0)
(-0.11314 -0.495898 0)
(-0.0325222 -0.918472 0)
(0.277658 -1.29345 0)
(0.869417 -1.37705 0)
(1.73129 -1.18103 0)
(2.69252 -0.791205 0)
(3.41374 -0.329857 0)
(3.43726 -0.212798 0)
(2.92547 -0.448557 0)
(2.44939 -0.759882 0)
(2.0079 -0.747182 0)
(1.62148 -0.398902 0)
(1.34602 -0.168253 0)
(1.16314 -0.196369 0)
(1.15967 -0.174825 0)
(1.26728 -0.141605 0)
(1.36436 -0.0835997 0)
(1.37596 0.0712804 0)
(1.35662 0.173298 0)
(1.33275 0.291831 0)
(1.28643 0.456754 0)
(1.20593 0.653392 0)
(1.1235 0.852073 0)
(1.08006 1.03338 0)
(1.04328 1.28857 0)
(0.984365 1.61229 0)
(0.888098 1.9808 0)
(0.757377 2.35365 0)
(0.578236 2.72099 0)
(0.368344 3.04375 0)
(0.13385 3.33694 0)
(-0.105667 3.60686 0)
(-0.304406 3.799 0)
(-0.416105 3.94132 0)
(0.127202 0.0901665 0)
(-0.204289 -0.110585 0)
(-0.503698 -0.279803 0)
(-1.08894 -0.792887 0)
(-0.591676 -1.13999 0)
(-0.0134802 -0.817999 0)
(-0.0862901 -0.378289 0)
(-0.373075 0.485484 0)
(0.272803 1.02847 0)
(0.732788 0.666153 0)
(0.796367 -0.160133 0)
(0.927073 -0.77241 0)
(1.37918 -0.9095 0)
(2.06364 -0.612979 0)
(2.78331 0.00168487 0)
(3.18478 0.630591 0)
(3.0528 1.03638 0)
(2.62948 1.16007 0)
(1.9656 1.42654 0)
(1.4306 1.55471 0)
(1.21404 1.44339 0)
(1.21067 1.38951 0)
(1.27578 1.31425 0)
(1.31552 1.14129 0)
(1.32303 1.05135 0)
(1.2846 1.02746 0)
(1.22637 1.03225 0)
(1.16545 1.11426 0)
(1.09363 1.2797 0)
(0.990574 1.53011 0)
(0.895978 1.76501 0)
(0.814931 2.01031 0)
(0.726727 2.2884 0)
(0.622341 2.58484 0)
(0.507605 2.88817 0)
(0.375884 3.19785 0)
(0.217359 3.50802 0)
(0.0391943 3.7902 0)
(-0.148088 4.02905 0)
(-0.317335 4.19022 0)
(-0.429823 4.27109 0)
(-0.408136 4.16253 0)
(0.939557 0.639797 0)
(-0.0167851 -0.00472414 0)
(-0.22969 -0.144936 0)
(-0.363382 -0.507031 0)
(-0.320718 -1.15737 0)
(-0.579534 -1.12467 0)
(-1.70346 -0.00763497 0)
(-2.00411 0.853914 0)
(-0.283752 1.66179 0)
(1.31538 2.03552 0)
(1.7771 1.53807 0)
(1.61607 0.758667 0)
(1.50397 0.241384 0)
(1.64367 0.130037 0)
(1.94291 0.421363 0)
(2.23351 1.01281 0)
(2.28544 1.68848 0)
(2.0739 2.25437 0)
(1.65221 2.68624 0)
(1.32062 2.86972 0)
(1.21842 2.82553 0)
(1.2889 2.70642 0)
(1.44549 2.56921 0)
(1.53715 2.37427 0)
(1.51996 2.19548 0)
(1.41116 2.0878 0)
(1.24995 2.04689 0)
(1.08178 2.04828 0)
(0.900784 2.15959 0)
(0.736 2.33867 0)
(0.613851 2.54099 0)
(0.51767 2.78407 0)
(0.415902 3.07209 0)
(0.314342 3.33205 0)
(0.202159 3.5766 0)
(0.0712954 3.81638 0)
(-0.066456 4.03244 0)
(-0.192661 4.20017 0)
(-0.295291 4.30313 0)
(-0.350966 4.32007 0)
(-0.30549 4.23732 0)
(-0.242893 4.02026 0)
(1.65603 1.26974 0)
(0.525232 0.354147 0)
(-0.0818272 -0.0489596 0)
(-0.0962702 -0.361884 0)
(0.0353315 -0.329361 0)
(-1.36557 -0.388361 0)
(-3.23545 0.749227 0)
(-3.08355 0.70601 0)
(-1.53745 1.17862 0)
(0.653198 1.71351 0)
(1.95612 1.95866 0)
(2.21728 1.8303 0)
(2.02515 1.58226 0)
(1.81131 1.43599 0)
(1.68208 1.52295 0)
(1.61993 1.8622 0)
(1.56679 2.40387 0)
(1.47626 2.99428 0)
(1.35969 3.50924 0)
(1.31146 3.84765 0)
(1.37973 3.99135 0)
(1.50896 3.95587 0)
(1.61571 3.76048 0)
(1.64257 3.49845 0)
(1.56163 3.30586 0)
(1.40205 3.19741 0)
(1.20032 3.17048 0)
(0.973408 3.22913 0)
(0.73708 3.33006 0)
(0.51896 3.49296 0)
(0.353027 3.69233 0)
(0.229644 3.9002 0)
(0.132643 4.10273 0)
(0.0511448 4.28306 0)
(-0.0331612 4.44383 0)
(-0.122893 4.57119 0)
(-0.20739 4.65266 0)
(-0.266924 4.67419 0)
(-0.280907 4.61782 0)
(-0.236059 4.47664 0)
(-0.125235 4.27443 0)
(-0.128473 4.09002 0)
(1.5179 1.10679 0)
(1.41733 0.872779 0)
(0.458375 0.383292 0)
(-0.128882 -0.149557 0)
(-0.695613 0.281624 0)
(-1.10463 0.31633 0)
(-3.07012 0.730599 0)
(-2.39035 -0.583153 0)
(-1.04823 -0.0745239 0)
(0.596412 -0.306649 0)
(1.60927 0.781088 0)
(2.08607 1.47549 0)
(2.12462 1.92208 0)
(1.91205 2.20896 0)
(1.61367 2.51423 0)
(1.26245 2.96864 0)
(0.904535 3.59203 0)
(0.713952 4.27409 0)
(0.676456 4.89174 0)
(0.76356 5.39523 0)
(1.09112 5.78048 0)
(1.65042 5.95945 0)
(2.09734 5.83506 0)
(2.20715 5.50676 0)
(2.00141 5.13197 0)
(1.64911 4.88335 0)
(1.28451 4.76963 0)
(0.955603 4.74229 0)
(0.658978 4.7851 0)
(0.396436 4.86514 0)
(0.197021 4.96679 0)
(0.0772521 5.0578 0)
(0.00492648 5.12637 0)
(-0.0512447 5.16479 0)
(-0.103537 5.16474 0)
(-0.142479 5.1293 0)
(-0.147842 5.07272 0)
(-0.10815 4.99721 0)
(-0.040329 4.89532 0)
(0.044163 4.72366 0)
(0.0978521 4.58002 0)
(-0.0377288 4.34159 0)
(1.20544 0.242274 0)
(1.43523 0.320009 0)
(0.960532 0.573488 0)
(0.468467 0.657294 0)
(0.0336365 0.690306 0)
(-0.618727 0.615046 0)
(-2.07786 0.270867 0)
(-1.33956 -1.58617 0)
(-0.531382 -1.36461 0)
(-0.241229 -1.35329 0)
(0.325471 -0.705694 0)
(0.889324 0.046129 0)
(1.21886 0.812463 0)
(1.21285 1.36352 0)
(0.917394 1.71364 0)
(0.58583 2.03062 0)
(0.406713 2.0195 0)
(0.328229 2.06828 0)
(0.327817 2.11544 0)
(0.336399 2.16717 0)
(0.499719 2.52248 0)
(0.988652 3.31056 0)
(1.64676 4.21865 0)
(2.11017 4.76089 0)
(2.13752 4.99708 0)
(1.8427 5.09174 0)
(1.4314 5.14765 0)
(1.02738 5.19836 0)
(0.662286 5.24386 0)
(0.362984 5.27411 0)
(0.167062 5.26445 0)
(0.0693075 5.21056 0)
(0.0358134 5.12433 0)
(0.0329786 5.02857 0)
(0.0194803 4.95321 0)
(-0.0417165 4.91919 0)
(-0.125298 4.92253 0)
(-0.138057 4.92667 0)
(-0.0181225 4.89712 0)
(0.164536 4.76593 0)
(0.281999 4.75225 0)
(0.224189 4.31833 0)
(0.300579 -1.00216 0)
(0.999351 -0.236486 0)
(0.451229 -0.066982 0)
(-0.331463 0.256103 0)
(-0.693203 0.305598 0)
(-0.626664 -0.105031 0)
(-0.755699 -1.14084 0)
(-0.880437 -2.40072 0)
(-0.840617 -2.11859 0)
(-0.574911 -2.35197 0)
(-0.147738 -2.06991 0)
(0.334205 -1.49809 0)
(0.693996 -0.863889 0)
(0.861654 -0.2769 0)
(0.737635 0.0906087 0)
(0.536405 0.407206 0)
(0.47297 0.693131 0)
(0.459405 0.858443 0)
(0.48247 1.06481 0)
(0.314104 1.2664 0)
(0.144173 1.04366 0)
(0.45216 1.35136 0)
(1.04227 1.97308 0)
(1.489 2.51265 0)
(1.6547 3.08166 0)
(1.50383 3.50949 0)
(1.18566 3.831 0)
(0.84396 4.06251 0)
(0.558871 4.1823 0)
(0.367695 4.20401 0)
(0.270583 4.15806 0)
(0.221885 4.09709 0)
(0.162282 4.06145 0)
(0.0760188 4.03402 0)
(-0.0140906 3.97519 0)
(-0.0719734 3.87375 0)
(-0.0598352 3.73445 0)
(0.0176129 3.61543 0)
(0.109587 3.60345 0)
(0.194937 3.6279 0)
(0.331908 3.72218 0)
(0.493023 3.46978 0)
(-0.451377 -2.07078 0)
(-0.395876 -1.61792 0)
(-0.32574 -1.35205 0)
(-0.209111 -1.51468 0)
(0.0925129 -2.04624 0)
(-0.108095 -2.51211 0)
(-0.416756 -2.66821 0)
(-0.632431 -2.81411 0)
(-0.538154 -3.17793 0)
(-0.369327 -3.4537 0)
(-0.324339 -3.61557 0)
(-0.267781 -3.5793 0)
(-0.182473 -3.31851 0)
(-0.0980903 -2.85676 0)
(-0.024047 -2.33936 0)
(0.0727737 -2.11739 0)
(0.0688066 -2.0434 0)
(0.0160893 -1.74969 0)
(0.0264145 -1.28321 0)
(0.0497273 -0.903504 0)
(0.0887882 -0.755153 0)
(0.255171 -0.654671 0)
(0.506173 -0.234798 0)
(0.782784 0.0344559 0)
(0.933846 0.574156 0)
(0.871414 1.12535 0)
(0.700241 1.60306 0)
(0.525555 1.9771 0)
(0.39767 2.21602 0)
(0.298648 2.34734 0)
(0.215305 2.40065 0)
(0.165868 2.38585 0)
(0.173996 2.2956 0)
(0.219241 2.14383 0)
(0.209858 2.05831 0)
(0.136115 2.0432 0)
(0.028912 2.09757 0)
(-0.0422707 2.16459 0)
(-0.0075009 2.22023 0)
(0.134911 2.27349 0)
(0.409429 2.34977 0)
(0.620411 2.52698 0)
(0.0622814 -1.59749 0)
(0.108694 -1.37508 0)
(0.413887 -1.5322 0)
(0.675364 -1.32662 0)
(0.656353 -1.00097 0)
(0.37633 -1.2837 0)
(-0.0443092 -0.690666 0)
(-0.220575 -1.26363 0)
(-0.0671361 -1.75456 0)
(0.012813 -1.96239 0)
(0.041159 -2.13837 0)
(0.0624471 -2.29071 0)
(0.0850994 -2.40375 0)
(0.0957194 -2.46017 0)
(0.0751054 -2.46074 0)
(-0.0114975 -2.43623 0)
(-0.109506 -2.36156 0)
(-0.34073 -2.39087 0)
(-0.386522 -2.60496 0)
(-0.141935 -2.79779 0)
(0.0131332 -2.8126 0)
(0.0379491 -2.71322 0)
(0.174532 -2.51814 0)
(0.302866 -2.11259 0)
(0.345978 -1.55737 0)
(0.33303 -0.98868 0)
(0.293477 -0.470577 0)
(0.255896 -0.0724333 0)
(0.245501 0.222338 0)
(0.254176 0.501684 0)
(0.290272 0.707609 0)
(0.308276 0.939882 0)
(0.299377 1.18567 0)
(0.241266 1.42942 0)
(0.102487 1.63051 0)
(-0.063838 1.72397 0)
(-0.113892 1.67178 0)
(-0.0440666 1.59716 0)
(0.0468481 1.57004 0)
(0.125548 1.64327 0)
(0.238041 1.70288 0)
(0.300722 2.28059 0)
)
;

boundaryField
{
    leftWall
    {
        type            noSlip;
    }
    rightWall
    {
        type            noSlip;
    }
    lowerWall
    {
        type            noSlip;
    }
    atmosphere
    {
        type            pressureInletOutletVelocity;
        value           nonuniform List<vector> 
44
(
(0 -1.02392 0)
(0 -1.03342 0)
(0 -1.03186 0)
(0 -1.0334 0)
(0 -1.03412 0)
(0 -1.03499 0)
(0 -1.03612 0)
(0 -1.03782 0)
(0 -1.04046 0)
(0 -1.04452 0)
(0 -1.05057 0)
(0 -1.05926 0)
(0 -1.07133 0)
(0 -1.08765 0)
(0 -1.10916 0)
(0 -1.13689 0)
(0 -1.17197 0)
(0 -1.21559 0)
(0 -1.269 0)
(0 -1.33347 0)
(0 -1.41021 0)
(0 -1.50032 0)
(0 -1.60462 0)
(0 -1.7202 0)
(0 -1.84449 0)
(0 -1.98971 0)
(0 -2.15488 0)
(0 -2.30406 0)
(0 -2.3835 0)
(0 -2.21932 0)
(0 -1.42906 0)
(0 -0.0899052 0)
(0.0422398 1.31565 0)
(-0.213637 1.82632 0)
(-0.207427 2.9448 0)
(-0.416105 3.94132 0)
(-0.408136 4.16253 0)
(-0.242893 4.02026 0)
(-0.128473 4.09002 0)
(-0.0377288 4.34159 0)
(0.224189 4.31833 0)
(0.493023 3.46978 0)
(0.620411 2.52698 0)
(0.300722 2.28059 0)
)
;
    }
    frontAndBack
    {
        type            empty;
    }
}


// ************************************************************************* //
