/*--------------------------------*- C++ -*----------------------------------*\
  =========                 |
  \\      /  F ield         | OpenFOAM: The Open Source CFD Toolbox
   \\    /   O peration     | Website:  https://openfoam.org
    \\  /    A nd           | Version:  13
     \\/     M anipulation  |
\*---------------------------------------------------------------------------*/
FoamFile
{
    format      ascii;
    class       volScalarField;
    location    "12";
    object      nut;
}
// * * * * * * * * * * * * * * * * * * * * * * * * * * * * * * * * * * * * * //

dimensions      [0 2 -1 0 0 0 0];

internalField   nonuniform List<scalar> 
400
(
2.11774e-07
5.8268e-07
2.41588e-06
5.17757e-06
7.10763e-06
8.55951e-06
9.70999e-06
1.08176e-05
1.1774e-05
1.27559e-05
1.36662e-05
1.46317e-05
1.55743e-05
1.61463e-05
1.63892e-05
1.63055e-05
1.48984e-05
1.13358e-05
6.85388e-06
4.7713e-06
9.35853e-07
3.94957e-06
6.90004e-06
1.38427e-05
1.77945e-05
2.39252e-05
2.77709e-05
3.31192e-05
3.73372e-05
4.13858e-05
4.43922e-05
4.65822e-05
4.73373e-05
4.80475e-05
4.73962e-05
4.53068e-05
4.38441e-05
3.39408e-05
1.85402e-05
1.01604e-05
3.12772e-06
1.35091e-05
2.22391e-05
2.86772e-05
3.51469e-05
4.12687e-05
4.61258e-05
5.16389e-05
5.42919e-05
5.73649e-05
5.90204e-05
6.02392e-05
6.04876e-05
6.04588e-05
5.92663e-05
5.59058e-05
5.2605e-05
4.5318e-05
2.51439e-05
1.34292e-05
6.8289e-06
2.54897e-05
3.26104e-05
3.90993e-05
4.54063e-05
5.05277e-05
5.47483e-05
5.91874e-05
6.18996e-05
6.46563e-05
6.57397e-05
6.6604e-05
6.70455e-05
6.71195e-05
6.63542e-05
6.30941e-05
5.7228e-05
5.31578e-05
3.37086e-05
1.55356e-05
9.44188e-06
3.21127e-05
3.9351e-05
4.53506e-05
5.16641e-05
5.73754e-05
6.22366e-05
6.55374e-05
6.68509e-05
6.67504e-05
6.66271e-05
6.71458e-05
6.79197e-05
6.88456e-05
6.97535e-05
6.96229e-05
6.24506e-05
5.73844e-05
4.0557e-05
1.70949e-05
1.08716e-05
3.58627e-05
4.29624e-05
5.07081e-05
5.7515e-05
6.3017e-05
6.57543e-05
6.55314e-05
6.48308e-05
6.45579e-05
6.45117e-05
6.48421e-05
6.55144e-05
6.69061e-05
6.9132e-05
7.15615e-05
6.80972e-05
6.08456e-05
4.70129e-05
1.83572e-05
1.10901e-05
3.64349e-05
4.66038e-05
5.49992e-05
6.08126e-05
6.39967e-05
6.47088e-05
6.35953e-05
6.29039e-05
6.28735e-05
6.31064e-05
6.367e-05
6.38671e-05
6.46386e-05
6.69746e-05
7.1075e-05
7.35049e-05
6.44785e-05
5.22493e-05
1.93634e-05
1.09248e-05
3.73702e-05
4.92039e-05
5.68021e-05
6.17184e-05
6.37106e-05
6.34026e-05
6.22107e-05
6.20587e-05
6.27452e-05
6.36325e-05
6.41312e-05
6.41388e-05
6.43972e-05
6.52814e-05
6.9366e-05
7.5583e-05
6.78035e-05
5.72289e-05
2.0204e-05
1.05059e-05
3.70181e-05
4.96622e-05
5.72598e-05
6.17006e-05
6.31152e-05
6.24589e-05
6.16197e-05
6.2299e-05
6.36847e-05
6.4916e-05
6.5367e-05
6.49054e-05
6.44833e-05
6.50707e-05
6.77287e-05
7.48053e-05
7.18183e-05
6.08924e-05
2.08258e-05
9.72141e-06
3.67462e-05
4.95667e-05
5.71983e-05
6.14301e-05
6.25381e-05
6.19752e-05
6.15953e-05
6.27832e-05
6.44706e-05
6.56858e-05
6.59691e-05
6.56949e-05
6.54427e-05
6.55072e-05
6.7085e-05
7.27734e-05
7.52062e-05
6.43181e-05
2.13414e-05
8.87466e-06
3.49627e-05
4.80888e-05
5.61062e-05
6.04767e-05
6.2044e-05
6.1578e-05
6.12634e-05
6.2072e-05
6.35997e-05
6.50968e-05
6.55397e-05
6.56337e-05
6.56808e-05
6.62398e-05
6.74395e-05
7.19799e-05
7.73892e-05
6.67815e-05
2.16611e-05
8.13047e-06
3.27085e-05
4.6841e-05
5.54068e-05
5.99464e-05
6.11603e-05
6.13311e-05
6.10427e-05
6.15345e-05
6.26153e-05
6.37176e-05
6.39188e-05
6.44124e-05
6.5444e-05
6.64579e-05
6.78417e-05
7.16542e-05
7.88725e-05
6.87021e-05
2.18998e-05
7.33503e-06
2.88447e-05
4.3568e-05
5.26369e-05
5.82502e-05
6.06521e-05
6.09671e-05
6.07244e-05
6.07797e-05
6.12174e-05
6.20886e-05
6.23937e-05
6.31892e-05
6.47978e-05
6.69244e-05
6.82547e-05
7.14517e-05
7.97313e-05
6.88635e-05
2.2015e-05
6.58608e-06
2.61313e-05
4.07094e-05
4.99096e-05
5.66736e-05
5.99901e-05
6.05134e-05
6.04141e-05
6.02799e-05
6.02569e-05
6.10677e-05
6.15196e-05
6.26375e-05
6.46995e-05
6.73728e-05
6.93983e-05
7.13917e-05
7.98262e-05
6.85577e-05
2.20834e-05
5.74514e-06
2.18134e-05
3.61526e-05
4.69533e-05
5.42175e-05
5.91498e-05
6.02307e-05
6.03829e-05
6.03472e-05
6.01572e-05
6.09374e-05
6.1444e-05
6.26456e-05
6.4748e-05
6.73966e-05
6.95662e-05
7.10015e-05
7.87121e-05
6.75281e-05
2.15755e-05
4.86252e-06
1.91854e-05
3.25415e-05
4.31513e-05
5.05101e-05
5.64972e-05
5.98146e-05
6.05893e-05
6.0843e-05
6.06364e-05
6.11343e-05
6.15081e-05
6.24316e-05
6.40491e-05
6.60754e-05
6.86764e-05
6.95545e-05
7.5639e-05
6.35724e-05
2.07142e-05
3.90357e-06
1.47543e-05
2.79909e-05
3.95878e-05
4.74384e-05
5.28894e-05
5.73256e-05
5.88365e-05
5.92901e-05
5.92688e-05
5.93168e-05
5.95356e-05
6.00915e-05
6.1007e-05
6.2154e-05
6.59844e-05
6.71201e-05
7.0763e-05
5.88183e-05
1.95708e-05
2.62905e-06
1.22223e-05
2.63458e-05
3.69072e-05
4.6827e-05
5.09916e-05
5.50493e-05
5.71446e-05
5.66031e-05
5.60571e-05
5.53283e-05
5.52083e-05
5.5313e-05
5.62676e-05
5.71554e-05
6.27014e-05
6.67373e-05
6.39591e-05
5.11811e-05
1.82259e-05
2.85392e-06
1.3815e-05
2.46486e-05
3.22419e-05
3.79959e-05
4.18312e-05
4.42944e-05
4.66448e-05
4.83444e-05
5.00534e-05
5.18108e-05
5.36907e-05
5.60744e-05
5.99654e-05
6.35998e-05
7.06933e-05
6.76249e-05
6.14717e-05
4.45862e-05
1.62186e-05
2.06729e-06
3.18442e-06
5.60441e-06
7.96736e-06
9.78441e-06
1.09812e-05
1.16685e-05
1.20796e-05
1.22884e-05
1.24225e-05
1.24802e-05
1.25756e-05
1.2689e-05
1.28373e-05
1.31137e-05
1.34789e-05
1.41263e-05
1.49043e-05
1.47551e-05
1.31399e-05
)
;

boundaryField
{
    movingWall
    {
        type            nutkWallFunction;
        Cmu             0.09;
        kappa           0.41;
        E               9.8;
        value           uniform 0;
    }
    fixedWalls
    {
        type            nutkWallFunction;
        Cmu             0.09;
        kappa           0.41;
        E               9.8;
        value           uniform 0;
    }
    frontAndBack
    {
        type            empty;
    }
}


// ************************************************************************* //
