/*--------------------------------*- C++ -*----------------------------------*\
  =========                 |
  \\      /  F ield         | OpenFOAM: The Open Source CFD Toolbox
   \\    /   O peration     | Website:  https://openfoam.org
    \\  /    A nd           | Version:  13
     \\/     M anipulation  |
\*---------------------------------------------------------------------------*/
FoamFile
{
    format      ascii;
    class       volScalarField;
    location    "12";
    object      Uy;
}
// * * * * * * * * * * * * * * * * * * * * * * * * * * * * * * * * * * * * * //

dimensions      [0 1 -1 0 0 0 0];

internalField   nonuniform List<scalar> 
400
(
-0.00355041
-0.00111723
0.00421287
0.00994608
0.0139504
0.0121383
0.0105076
0.00807982
0.00598965
0.00358315
0.00160115
-0.000568587
-0.00397543
-0.00629572
-0.00971054
-0.0123986
-0.0155912
-0.016795
-0.0142295
-0.00185038
-0.003116
0.0111689
0.0293063
0.0394287
0.0387096
0.034976
0.0296041
0.0238219
0.0171931
0.0110711
0.00512151
-0.000778586
-0.00722324
-0.014292
-0.0227168
-0.0324142
-0.0431248
-0.0521242
-0.0526708
-0.0312112
0.0132201
0.0388052
0.0548975
0.0600526
0.0568389
0.0500731
0.041332
0.0319641
0.0232195
0.0145692
0.00589694
-0.00285282
-0.0119289
-0.0218117
-0.033134
-0.0463056
-0.061588
-0.0776798
-0.0878677
-0.0736133
0.0363718
0.0621124
0.0751612
0.077035
0.071321
0.0620869
0.050906
0.0392273
0.0278414
0.0167083
0.00598282
-0.00477135
-0.0159391
-0.0281173
-0.0419224
-0.0579322
-0.0763349
-0.0963076
-0.112948
-0.108081
0.0583055
0.0830594
0.0924409
0.0909041
0.0823119
0.0704334
0.0569413
0.0433226
0.030208
0.0176247
0.00544161
-0.00674472
-0.0193594
-0.0330536
-0.0485528
-0.0666571
-0.0879261
-0.111985
-0.134654
-0.137113
0.0787149
0.1015
0.107014
0.101941
0.0903996
0.0760872
0.060773
0.0457832
0.0314933
0.0178012
0.00447951
-0.00882925
-0.0225566
-0.0372989
-0.0538029
-0.073005
-0.09588
-0.122832
-0.151556
-0.16087
0.0960656
0.116418
0.118685
0.110418
0.0963861
0.0801631
0.0635093
0.0474965
0.0322967
0.0177389
0.00353173
-0.0107006
-0.0253696
-0.040977
-0.0582122
-0.0780933
-0.101878
-0.130933
-0.163827
-0.180801
0.109295
0.12777
0.127411
0.116688
0.100838
0.0832414
0.0656137
0.0488351
0.0329689
0.017776
0.00289648
-0.0120648
-0.0274908
-0.0437861
-0.0615202
-0.0817195
-0.105929
-0.13635
-0.172359
-0.196526
0.117578
0.134999
0.133009
0.12088
0.103907
0.0854619
0.067217
0.0499326
0.0336243
0.0179978
0.00264254
-0.0128512
-0.0288405
-0.0456471
-0.0636927
-0.0839464
-0.108262
-0.139529
-0.17788
-0.209161
0.121353
0.13904
0.136005
0.123168
0.105727
0.0868941
0.0683478
0.0507962
0.0342458
0.0183776
0.00275523
-0.0130417
-0.0293541
-0.0464402
-0.0645815
-0.084636
-0.108713
-0.140382
-0.180517
-0.218573
0.119993
0.139117
0.135987
0.123425
0.106083
0.0873742
0.0688932
0.0513434
0.0347684
0.0188668
0.00320724
-0.0126332
-0.028986
-0.04608
-0.0640849
-0.0837081
-0.107215
-0.138897
-0.181052
-0.225383
0.11545
0.136132
0.133832
0.12236
0.105374
0.0870631
0.0688872
0.051558
0.0351646
0.0194459
0.00399588
-0.0116037
-0.0276846
-0.0444709
-0.0620638
-0.0810346
-0.103644
-0.135015
-0.179427
-0.229515
0.106212
0.129493
0.128457
0.118772
0.102881
0.0854309
0.0679608
0.0511967
0.0352911
0.0200454
0.00510498
-0.00992542
-0.02537
-0.0414768
-0.0583271
-0.0764094
-0.0978536
-0.128918
-0.176132
-0.231779
0.0934331
0.120724
0.121991
0.113754
0.0992981
0.0828969
0.0663338
0.0503635
0.0351908
0.0206842
0.00655449
-0.00756545
-0.0219868
-0.0369969
-0.0527252
-0.0696573
-0.0898266
-0.120997
-0.171467
-0.232532
0.0767724
0.107591
0.111633
0.105261
0.0928159
0.0780871
0.0629825
0.048324
0.0343692
0.0210535
0.00817194
-0.00460393
-0.0175304
-0.0309597
-0.0450906
-0.0605916
-0.0794335
-0.111007
-0.165514
-0.232745
0.0575327
0.0937747
0.100762
0.0959987
0.0853458
0.0723668
0.0588572
0.0456971
0.0332076
0.0213631
0.0100639
-0.00105763
-0.0120442
-0.0234116
-0.0354202
-0.0491151
-0.0663997
-0.0986356
-0.157944
-0.229769
0.0376172
0.0743364
0.0833374
0.0806768
0.0725114
0.0621876
0.0512022
0.0403757
0.0301488
0.020504
0.0114487
0.00262069
-0.00593288
-0.014784
-0.0240728
-0.0354929
-0.050677
-0.0835909
-0.146689
-0.218459
0.0232613
0.0594698
0.0677775
0.0661913
0.060016
0.0520816
0.0435964
0.035104
0.0271195
0.0196875
0.0129151
0.00649821
0.000545372
-0.00569218
-0.0119344
-0.0206024
-0.0330845
-0.0647783
-0.126714
-0.188907
0.028564
0.030814
0.0343138
0.0352606
0.0335411
0.0297785
0.0253604
0.0208978
0.0166895
0.0126923
0.00920109
0.00565185
0.00275791
-0.00111006
-0.00402331
-0.010329
-0.0185701
-0.0447544
-0.0911431
-0.134477
0.0371768
0.0294707
0.0269474
0.0266748
0.025806
0.023914
0.0214788
0.0190734
0.016731
0.0146905
0.0127272
0.0111117
0.00938032
0.00799237
0.00578764
0.00365041
0.0027146
-0.00752424
-0.0118506
-0.0558855
)
;

boundaryField
{
    movingWall
    {
        type            calculated;
        value           uniform 0;
    }
    fixedWalls
    {
        type            calculated;
        value           uniform 0;
    }
    frontAndBack
    {
        type            empty;
    }
}


// ************************************************************************* //
