/*--------------------------------*- C++ -*----------------------------------*\
  =========                 |
  \\      /  F ield         | OpenFOAM: The Open Source CFD Toolbox
   \\    /   O peration     | Website:  https://openfoam.org
    \\  /    A nd           | Version:  13
     \\/     M anipulation  |
\*---------------------------------------------------------------------------*/
FoamFile
{
    format      ascii;
    class       volScalarField;
    location    "0.2";
    object      p_rgh;
}
// * * * * * * * * * * * * * * * * * * * * * * * * * * * * * * * * * * * * * //

dimensions      [1 -1 -2 0 0 0 0];

internalField   nonuniform List<scalar> 
2016
(
2153.06
2147.58
2136.76
2120.93
2160.97
2155.16
2143.73
2127.04
2164.03
2157.89
2145.81
2128.14
2163.12
2156.74
2144.19
2125.86
2160.29
2153.84
2141.11
2122.44
2157.24
2150.71
2137.75
2118.62
2154.54
2147.78
2134.32
2114.32
2152.27
2145.12
2130.83
2109.47
2150.62
2142.91
2127.42
2104.19
2150
2141.51
2124.43
2098.72
2151.1
2141.6
2122.45
2093.53
2155.17
2144.35
2122.51
2089.44
2164.18
2151.59
2126.23
2087.75
2181.14
2165.95
2135.92
2090.43
2210.37
2190.78
2154.74
2100.34
2258.22
2229.19
2186.59
2121.27
2329.32
2286.04
2236.01
2157.34
2424
2367.8
2305.61
2211.69
2537.25
2475.7
2397.21
2286.24
2655.4
2603.28
2508.31
2376.12
2756.67
2733.48
2635.21
2469.59
2817.45
2836.06
2761.85
2560.29
2831.49
2875.03
2839.34
2521.02
11.7238
11.7313
11.7416
11.7428
11.7147
11.7228
11.7382
11.7512
11.6988
11.7067
11.7248
11.7361
11.6697
11.6761
11.6935
11.7178
11.6257
11.6335
11.6502
11.6765
11.572
11.5794
11.5949
11.6197
11.5076
11.5136
11.5258
11.545
11.4353
11.4392
11.4473
11.4597
11.3577
11.3594
11.3627
11.3676
11.2778
11.2773
11.2761
11.2738
11.1986
11.1961
11.1909
11.1824
11.1229
11.1188
11.1102
11.0967
11.053
11.0475
11.0364
11.019
10.9906
10.9841
10.9711
10.951
10.937
10.9299
10.9155
10.8935
10.8933
10.8857
10.8704
10.8471
10.8601
10.8522
10.8362
10.8122
10.8377
10.8296
10.8134
10.7888
10.8265
10.8183
10.8019
10.7772
2099.9
2073.68
2043.65
2010.56
1975.22
1938.38
1901.1
1865.22
1830.3
1773.79
838.736
4.04255
4.00994
4.00663
4.00896
4.02134
4.04252
4.0731
4.11378
4.16269
4.2178
4.27747
4.34052
4.40614
4.47371
4.54267
4.61251
4.68282
4.75327
4.82367
4.89389
4.96383
5.0334
5.10251
5.17106
5.23901
5.30635
5.37304
5.43897
5.50379
5.56805
5.6361
2104.89
2077.31
2045.72
2010.93
1973.84
1935.19
1895.91
1858.06
1819.87
1665.79
500.815
4.02913
4.00816
3.99825
3.99148
4.0024
4.02592
4.06131
4.10468
4.15495
4.21093
4.27133
4.33508
4.40141
4.46966
4.53925
4.60968
4.68052
4.75148
4.82233
4.89296
4.96326
5.03314
5.1025
5.17125
5.23935
5.3068
5.37355
5.43949
5.5043
5.56851
5.6363
2104.7
2075.56
2042.23
2005.66
1966.88
1926.74
1886.32
1847.81
1809.46
1654.17
484.81
3.979
3.97213
3.96778
3.96734
3.98104
4.00705
4.04273
4.08751
4.13946
4.19702
4.25889
4.32407
4.39178
4.46138
4.53226
4.6039
4.67589
4.74791
4.81972
4.89119
4.96221
5.03269
5.10253
5.17166
5.24004
5.3077
5.3746
5.44065
5.50551
5.56971
5.63743
2101.55
2071.32
2036.76
1998.82
1958.57
1916.9
1875.04
1835.1
1794.42
1589.18
385.202
3.90717
3.91292
3.91657
3.92481
3.94386
3.97375
4.01326
4.06107
4.11564
4.17561
4.2398
4.30723
4.37713
4.44882
4.52168
4.5952
4.66895
4.74258
4.81585
4.8886
4.96071
5.03208
5.10264
5.17233
5.24114
5.30909
5.3762
5.44237
5.50732
5.57154
5.6392
2097.55
2066.39
2030.53
1990.91
1948.61
1904.63
1860.5
1818.41
1774.44
1468.57
251.65
3.80687
3.83228
3.84651
3.86363
3.8898
3.92599
3.97106
4.02359
4.08217
4.14576
4.21337
4.2841
4.35715
4.43183
4.5075
4.58363
4.65979
4.73561
4.81084
4.8853
4.95884
5.0314
5.1029
5.17332
5.24267
5.31101
5.37837
5.44472
5.50975
5.574
5.64157
2092.89
2060.36
2022.56
1980.46
1935.21
1888.01
1840.8
1795.86
1747.45
1278.14
118.336
3.67215
3.7264
3.75249
3.77863
3.81346
3.85909
3.91293
3.97274
4.03727
4.10605
4.17858
4.25403
4.3315
4.41028
4.48972
4.56929
4.64854
4.72715
4.80483
4.88141
4.95674
5.03076
5.10343
5.17474
5.24474
5.31352
5.38118
5.44769
5.51282
5.57707
5.6445
2087.19
2052.59
2012.04
1966.56
1917.43
1866.12
1815.05
1766.37
1710.16
994.212
5.86222
3.58353
3.59945
3.62477
3.6581
3.70464
3.76628
3.8344
3.90568
3.97891
4.05487
4.13421
4.2162
4.29974
4.38401
4.46838
4.55232
4.63543
4.71743
4.79807
4.87718
4.95463
5.03037
5.10438
5.17672
5.24745
5.31673
5.38468
5.45134
5.51651
5.58072
5.64791
2080.31
2042.84
1998.63
1948.78
1894.66
1838.04
1781.86
1727
1611.61
597.986
3.36913
3.39321
3.41504
3.43896
3.47901
3.54541
3.62868
3.72181
3.81476
3.90315
3.98988
4.07877
4.16977
4.26147
4.35295
4.44362
4.53302
4.62083
4.70685
4.79092
4.87292
4.95277
5.03044
5.10596
5.17942
5.25094
5.32072
5.38893
5.45569
5.52084
5.58492
5.65176
2072.29
2031.04
1982.09
1926.54
1865.96
1802.77
1740.43
1676.61
1387.7
248.686
2.98812
3.11186
3.14619
3.15228
3.18047
3.26542
3.39251
3.53935
3.68038
3.80111
3.9072
4.01045
4.11397
4.21648
4.31721
4.41577
4.51181
4.60521
4.69591
4.78387
4.86908
4.95155
5.03131
5.10844
5.18306
5.25537
5.32561
5.39403
5.46078
5.52581
5.58964
5.65599
2063.24
2017.07
1961.93
1899
1830.24
1759.01
1688.27
1610.28
967.236
2.92331
2.79497
2.81355
2.77841
2.72398
2.71606
2.82683
3.01225
3.25179
3.47954
3.66185
3.80271
3.92782
4.04861
4.16503
4.2773
4.38544
4.48936
4.58925
4.68526
4.77753
4.86623
4.95147
5.03338
5.11213
5.1879
5.26094
5.33155
5.40004
5.46666
5.53142
5.59486
5.66052
2053.41
2000.8
1937.56
1864.92
1785.37
1703.49
1620.3
1433.61
414.805
2.8922
2.5776
2.48727
2.3306
2.18113
3.20399
3.60633
2.68917
2.86816
3.21462
3.48598
3.67737
3.83255
3.97538
4.10872
4.23459
4.35381
4.46672
4.57388
4.67573
4.77266
4.86501
4.95308
5.03714
5.11743
5.19424
5.26787
5.3387
5.4071
5.4734
5.53769
5.60054
5.6653
2043.25
1982.15
1907.96
1821.88
1728.24
1633.38
1529.13
969.385
5.38159
2.65617
2.44705
2.1871
2.13427
3.33706
3.24407
3.46718
3.59118
2.46189
2.93654
3.29912
3.54198
3.73135
3.89867
4.05077
4.19148
4.32268
4.44532
4.56029
4.66835
4.77013
4.86619
4.95704
5.04311
5.12477
5.20242
5.27643
5.34726
5.41534
5.48108
5.54466
5.60668
5.67025
2033.61
1961.08
1871.56
1766.93
1653.98
1534.29
1278.57
249.818
2.67589
2.63674
2.36999
1.99199
1.55437
2.32718
2.56861
2.90455
3.60855
2.16339
2.71473
3.13332
3.41373
3.6338
3.82437
3.99513
4.1509
4.29435
4.42698
4.54995
4.66431
4.77093
4.87062
4.96407
5.0519
5.13465
5.21283
5.28693
5.35745
5.42491
5.48978
5.55236
5.61323
5.67531
2025.84
1937.59
1826.01
1693.63
1545.07
1359.01
535.134
4.35528
2.99576
2.71514
2.43363
2.03491
1.51559
1.0035
0.866626
1.88894
3.01916
2.01167
2.58243
3.0064
3.30519
3.5471
3.75742
3.94541
4.11574
4.27123
4.4137
4.54451
4.66497
4.77619
4.8792
4.97492
5.06414
5.14759
5.22589
5.29967
5.36949
5.43595
5.49959
5.5608
5.62019
5.68042
2022.25
1912.97
1770.4
1593.68
1385.11
833.199
10.1769
3.65698
3.37326
5.2102
6.59715
5.62745
5.64669
5.82499
4.93108
3.64568
1.71803
1.97505
2.52924
2.91606
3.21711
3.47366
3.7008
3.90459
4.08871
4.25575
4.40756
4.54573
4.67181
4.78713
4.89294
4.99039
5.08048
5.16409
5.24201
5.31496
5.38362
5.44862
5.51059
5.57001
5.62752
5.68549
2026.51
1891.23
1706.43
1463.76
1071.74
119.204
3.54815
2.18263
2.7719
6.85503
7.00841
7.27823
7.45393
7.4383
4.63944
1.87249
1.52544
2.02341
2.48105
2.84087
3.14458
3.41456
3.65712
3.87555
4.07251
4.25027
4.41063
4.5554
4.68633
4.80497
4.91284
5.01131
5.10157
5.18468
5.26158
5.33312
5.40004
5.46307
5.52288
5.58004
5.63521
5.69048
2042.95
1879.19
1643.74
1307.22
650.714
4.92589
1.79207
1.40037
1.34147
2.43056
3.19796
3.20634
2.51774
1.18124
1.0074
1.29389
1.65744
2.05319
2.43481
2.77853
3.08979
3.37289
3.62952
3.86126
4.06989
4.25721
4.42501
4.5753
4.71
4.83094
4.93989
5.03844
5.12801
5.20983
5.28497
5.3544
5.41895
5.47941
5.53652
5.5909
5.64323
5.69532
2072.89
1879.35
1581.95
1046.21
115.539
2.08192
1.11366
0.959637
0.798928
0.679519
0.62673
0.665591
0.785396
0.923188
1.11489
1.37101
1.68403
2.03212
2.38973
2.73393
3.05439
3.35035
3.62041
3.86451
4.08356
4.27903
4.45286
4.60722
4.74425
4.86617
4.97497
5.07249
5.16036
5.23996
5.3125
5.37905
5.44053
5.49779
5.55158
5.60261
5.65157
5.69996
2120.32
1883.59
1534.99
786.2
4.75844
1.10807
0.759648
0.613804
0.50075
0.452466
0.464316
0.543577
0.661177
0.842239
1.06604
1.33511
1.64626
1.98864
2.34552
2.70349
3.0367
3.34776
3.63205
3.88807
4.11627
4.31827
4.49633
4.65288
4.79048
4.91172
5.01889
5.11408
5.19908
5.27542
5.34443
5.40726
5.46491
5.51826
5.56811
5.61519
5.6602
5.70435
2174.03
1892.55
1478.28
544.71
5.5256
0.644074
0.411501
0.197296
0.120632
0.113928
0.171083
0.291809
0.459226
0.674176
0.930012
1.22484
1.55777
1.92102
2.30583
2.68125
3.03767
3.36803
3.66772
3.93511
4.17095
4.37745
4.55745
4.71392
4.85002
4.96852
5.07233
5.16369
5.24451
5.31645
5.38092
5.43913
5.49215
5.54086
5.5861
5.6286
5.66906
5.70843
2198.62
1872.9
1429.22
456.394
7.26917
0.768353
-0.0180175
-0.320072
-0.374697
-0.335895
-0.230516
-0.0653852
0.147053
0.408351
0.710495
1.05146
1.42979
1.83812
2.26026
2.67269
3.06183
3.41553
3.73164
4.00942
4.2508
4.45909
4.63812
4.79187
4.92406
5.03724
5.13576
5.22168
5.2969
5.36319
5.42203
5.47469
5.52225
5.5656
5.60556
5.64284
5.67814
5.71216
2146.7
1775.6
1409.18
570.262
18.5542
2.21309
-0.337317
-0.763178
-0.825832
-0.74562
-0.630465
-0.471783
-0.227993
0.0713733
0.417745
0.814467
1.25875
1.7363
2.22104
2.68633
3.11471
3.49655
3.82959
4.11576
4.35938
4.56574
4.74017
4.88769
5.01271
5.11894
5.20995
5.28838
5.35633
5.41561
5.46771
5.51388
5.55515
5.59242
5.62644
5.6579
5.68742
5.71554
1631.75
1446.07
1343.09
883.081
60.7528
2.96182
-0.420325
-1.05606
-1.12678
-1.08108
-0.929292
-0.738019
-0.547523
-0.290521
0.0682511
0.509203
1.03574
1.61598
2.19424
2.73112
3.20921
3.62143
3.9696
4.26003
4.50085
4.70019
4.86536
5.00261
5.11715
5.21324
5.29442
5.36348
5.4226
5.47356
5.51781
5.55655
5.59075
5.62123
5.64871
5.67378
5.69699
5.71877
459.922
785.027
1062.81
1045.79
616.838
24.414
2.9297
-1.01879
-1.53513
-1.63393
-1.57574
-1.29336
-0.723836
-0.454537
-0.249757
0.162348
0.756284
1.4695
2.18366
2.81741
3.35507
3.79738
4.15535
4.44292
4.67378
4.85974
5.01032
5.13302
5.23369
5.31688
5.38614
5.44423
5.49325
5.5349
5.57051
5.60117
5.62778
5.65106
5.67163
5.69002
5.70669
5.72199
12.6994
398.942
843.44
934.793
953.197
809.109
518.598
215.183
29.9728
-1.49813
-2.24536
-2.02309
-1.43824
-0.65702
-0.0543397
-0.00233332
0.446635
1.2947
2.19222
2.95827
3.56532
4.03295
4.39063
4.66478
4.87652
5.04178
5.17215
5.27608
5.35973
5.42764
5.48323
5.52902
5.56695
5.59852
5.6249
5.64704
5.66569
5.68148
5.69492
5.70646
5.71646
5.72523
11.4694
18.8225
283.12
701.235
880.181
896.627
941.822
934.331
882.568
857.701
743.457
367.673
8.95892
-0.532957
-0.71305
1.11083
0.78446
1.3891
2.35374
3.24086
3.91047
4.384
4.71865
4.9593
5.13601
5.26843
5.36946
5.4477
5.50902
5.55753
5.59615
5.62701
5.65167
5.67133
5.68691
5.69915
5.70865
5.71586
5.72118
5.72495
5.72743
5.72884
11.639
12.045
12.5305
99.3288
290.025
578.988
745.264
800.563
790.833
766.798
770.789
790.735
805.225
398.686
5.78233
0.465317
3.10173
3.36399
3.10936
3.89294
4.50919
4.91335
5.1731
5.34428
5.46154
5.54453
5.60473
5.64915
5.68221
5.70686
5.72508
5.73827
5.74743
5.75333
5.75654
5.75752
5.75665
5.7542
5.75042
5.7455
5.73961
5.73285
11.7615
11.8549
11.8198
12.32
16.598
46.7047
106.13
144.03
139.017
117.005
128.544
259.815
693.009
658.724
389.25
54.624
7.71346
4.39711
4.48657
5.02975
5.39127
5.59588
5.71287
5.77904
5.81731
5.83988
5.85284
5.85953
5.86186
5.86099
5.85767
5.85237
5.84542
5.83709
5.82755
5.81698
5.80549
5.79318
5.78012
5.76636
5.75196
5.73691
11.7568
11.809
11.8249
11.9172
12.3183
13.8993
16.1865
18.2269
17.4525
15.6299
16.1147
8.42748
26.7963
323.122
395.107
219.079
37.76
9.6752
7.12755
6.58876
6.44104
6.35163
6.28256
6.22598
6.17806
6.13719
6.1017
6.07019
6.04161
6.01519
5.99033
5.96654
5.94349
5.92092
5.89864
5.8765
5.85439
5.8322
5.80984
5.78724
5.76432
5.74097
11.7178
11.7776
11.8551
11.9965
12.2851
12.5762
13.4133
14.0598
13.698
12.4581
10.5633
8.37039
7.66955
25.1723
180.055
216.408
40.6369
12.0631
9.07626
7.8579
7.33028
7.01467
6.796
6.63634
6.51432
6.41764
6.33865
6.27228
6.21511
6.16475
6.11948
6.07805
6.03952
6.00318
5.9685
5.93507
5.90255
5.87066
5.83916
5.80784
5.77652
5.74498
11.6573
11.7106
11.7866
11.9106
12.0936
12.3211
12.626
12.8122
12.5798
11.6792
10.0131
7.93084
6.51702
7.34447
18.5048
35.15
29.6592
11.8521
9.28349
8.4195
7.87284
7.48535
7.19658
6.9767
6.80482
6.66697
6.55373
6.45859
6.37697
6.30558
6.24201
6.18445
6.13156
6.08231
6.03591
5.99171
5.94922
5.90798
5.86764
5.82787
5.78839
5.74888
11.5732
11.6149
11.6727
11.7517
11.8498
11.9547
12.0495
12.0243
11.6701
10.8788
9.78174
8.59782
7.54848
7.48575
9.01504
10.4113
11.7787
10.1742
9.23976
8.64309
8.16925
7.78922
7.4848
7.24043
7.04203
6.87845
6.74135
6.62458
6.52355
6.43474
6.3555
6.28379
6.21804
6.15705
6.09983
6.04561
5.99374
5.94367
5.89492
5.84708
5.79979
5.75264
11.4775
11.5021
11.533
11.5686
11.6019
11.6172
11.5921
11.4426
11.0935
10.5332
9.81936
9.1216
8.54356
8.43709
8.91534
9.49603
9.72513
9.52248
9.12291
8.70135
8.3119
7.97205
7.68172
7.43602
7.2283
7.05162
6.89996
6.76839
6.65295
6.55047
6.4584
6.37471
6.29781
6.22641
6.15946
6.09609
6.03557
5.97728
5.92066
5.86524
5.81057
5.75619
11.3741
11.3814
11.3877
11.3889
11.3774
11.3402
11.2553
11.0753
10.7701
10.3725
9.91062
9.46258
9.15523
9.0706
9.20824
9.38814
9.42407
9.27603
9.00643
8.69057
8.37372
8.0781
7.81284
7.57753
7.37107
7.1901
7.03097
6.89023
6.76481
6.65211
6.54993
6.45644
6.37011
6.28971
6.21418
6.14262
6.07428
6.00847
5.94461
5.88215
5.82062
5.75951
11.2696
11.2619
11.2482
11.2243
11.1835
11.1152
11.0022
10.8204
10.5756
10.2795
9.95688
9.65597
9.43745
9.33477
9.32968
9.33413
9.27671
9.13112
8.91486
8.66102
8.39683
8.13961
7.89867
7.67881
7.47908
7.29919
7.13744
6.99171
6.85986
6.73988
6.63
6.52869
6.43459
6.34657
6.26362
6.18487
6.10956
6.03699
5.96655
5.89768
5.82987
5.76256
11.1694
11.1496
11.121
11.0797
11.0204
10.936
10.8174
10.6508
10.4452
10.215
9.97358
9.7486
9.56566
9.44697
9.36587
9.29195
9.18889
9.03974
8.84908
8.63188
8.4035
8.17588
7.95688
7.75104
7.56031
7.38434
7.22297
7.07513
6.93945
6.81451
6.69897
6.59157
6.4912
6.39685
6.3076
6.22264
6.14121
6.06265
5.98635
5.91172
5.83824
5.76533
11.0767
11.048
11.0089
10.9565
10.8868
10.7955
10.6778
10.5301
10.357
10.1645
9.96956
9.78777
9.62467
9.49005
9.37501
9.2625
9.13455
8.98156
8.80403
8.60869
8.40413
8.19814
7.99665
7.80369
7.62185
7.45049
7.29107
7.14293
7.00524
6.87708
6.75747
6.64545
6.54011
6.4406
6.34609
6.25584
6.16915
6.08538
6.00392
5.9242
5.84569
5.7678
10.994
10.9589
10.9129
10.8539
10.7792
10.6863
10.5733
10.4395
10.2879
10.1241
9.95678
9.79445
9.64204
9.5022
9.37092
9.23945
9.09881
8.94367
8.7736
8.59179
8.40312
8.2126
8.02448
7.8419
7.66674
7.50136
7.34481
7.19742
7.05892
6.92878
6.80633
6.69086
6.58165
6.47799
6.37916
6.2845
6.19336
6.10514
6.01923
5.9351
5.8522
5.76996
10.9223
10.883
10.8328
10.7702
10.6935
10.6016
10.4937
10.3702
10.2335
10.0874
9.93702
9.78714
9.64096
9.49958
9.36088
9.22051
9.07392
8.91822
8.75302
8.58001
8.40213
8.22264
8.0446
7.87047
7.70207
7.54085
7.38693
7.24069
7.10207
6.97078
6.8464
6.7284
6.61623
6.5093
6.40699
6.30872
6.21389
6.12192
6.03227
5.94439
5.85776
5.7718
10.8624
10.8204
10.7677
10.7033
10.6264
10.5362
10.4328
10.3169
10.1903
10.0555
9.91578
9.77401
9.6322
9.49095
9.34926
9.20504
9.05601
8.90073
8.73904
8.57202
8.40158
8.22995
8.05933
7.89165
7.72842
7.57078
7.41936
7.2744
7.13603
7.00413
6.87847
6.75866
6.64426
6.53481
6.42976
6.32861
6.23079
6.13579
6.04306
5.95209
5.86237
5.77334
10.8145
10.7709
10.7169
10.6517
10.5751
10.4868
10.387
10.2765
10.1566
10.0292
9.8963
9.75989
9.62124
9.48083
9.33831
9.19272
9.04303
8.88862
8.72959
8.56675
8.40146
8.23534
8.07006
7.90713
7.74781
7.59309
7.44369
7.29989
7.16191
7.02974
6.90324
6.78216
6.66615
6.55481
6.44769
6.3443
6.24417
6.14678
6.05163
5.95821
5.86604
5.77456
10.7786
10.7341
10.6794
10.6141
10.538
10.4512
10.354
10.2471
10.1317
10.009
9.88049
9.74757
9.61117
9.47175
9.32929
9.18347
9.03391
8.88045
8.72338
8.5634
8.40158
8.23921
8.0776
7.91799
7.76148
7.60895
7.46105
7.31819
7.18058
7.04831
6.92131
6.79937
6.68223
6.56956
6.46094
6.35594
6.2541
6.15495
6.058
5.96277
5.86877
5.77547
10.7548
10.7098
10.6547
10.5894
10.5139
10.4281
10.3326
10.228
10.1152
9.99531
9.86945
9.73867
9.60373
9.46509
9.32296
9.17731
9.02809
8.8754
8.71962
8.56145
8.40179
8.24174
8.08241
7.92491
7.77019
7.61907
7.47218
7.32996
7.19266
7.06038
6.93308
6.81063
6.69278
6.57925
6.46967
6.36362
6.26066
6.16036
6.06223
5.9658
5.8706
5.77608
10.7429
10.6977
10.6425
10.5773
10.502
10.4167
10.3221
10.2185
10.107
9.98844
9.8638
9.73404
9.59982
9.46162
9.31972
9.17424
9.02526
8.87299
8.71787
8.56057
8.40194
8.24299
8.08477
7.92829
7.77448
7.62411
7.4778
7.33593
7.19876
7.06644
6.93897
6.81622
6.698
6.58403
6.47394
6.36735
6.26383
6.16294
6.06422
5.9672
5.87141
5.77634
)
;

boundaryField
{
    leftWall
    {
        type            fixedFluxPressure;
        gradient        uniform 0;
        value           nonuniform List<scalar> 
46
(
2153.06
2147.58
2136.76
2120.93
2099.9
2073.68
2043.65
2010.56
1975.22
1938.38
1901.1
1865.22
1830.3
1773.79
838.736
4.04255
4.00994
4.00663
4.00896
4.02134
4.04252
4.0731
4.11378
4.16269
4.2178
4.27747
4.34052
4.40614
4.47371
4.54267
4.61251
4.68282
4.75327
4.82367
4.89389
4.96383
5.0334
5.10251
5.17106
5.23901
5.30635
5.37304
5.43897
5.50379
5.56805
5.6361
)
;
    }
    rightWall
    {
        type            fixedFluxPressure;
        gradient        uniform 0;
        value           nonuniform List<scalar> 
46
(
10.8265
10.8183
10.8019
10.7772
10.7429
10.6977
10.6425
10.5773
10.502
10.4167
10.3221
10.2185
10.107
9.98844
9.8638
9.73404
9.59982
9.46162
9.31972
9.17424
9.02526
8.87299
8.71787
8.56057
8.40194
8.24299
8.08477
7.92829
7.77448
7.62411
7.4778
7.33593
7.19876
7.06644
6.93897
6.81622
6.698
6.58403
6.47394
6.36735
6.26383
6.16294
6.06422
5.9672
5.87141
5.77634
)
;
    }
    lowerWall
    {
        type            fixedFluxPressure;
        gradient        uniform 0;
        value           nonuniform List<scalar> 
52
(
11.7238
11.7313
11.7416
11.7428
11.7238
11.7147
11.6988
11.6697
11.6257
11.572
11.5076
11.4353
11.3577
11.2778
11.1986
11.1229
11.053
10.9906
10.937
10.8933
10.8601
10.8377
10.8265
2831.49
2875.03
2839.34
2521.02
2153.06
2160.97
2164.03
2163.12
2160.29
2157.24
2154.54
2152.27
2150.62
2150
2151.1
2155.17
2164.18
2181.14
2210.37
2258.22
2329.32
2424
2537.25
2655.4
2756.67
2817.45
2831.49
459.922
12.6994
)
;
    }
    atmosphere
    {
        type            prghTotalPressure;
        rho             rho;
        psi             none;
        gamma           1;
        p0              uniform 0;
        value           nonuniform List<scalar> 
44
(
5.67378
5.67352
5.67464
5.67634
5.67859
5.68134
5.6845
5.68801
5.6918
5.69578
5.69987
5.70397
5.708
5.71189
5.71553
5.71887
5.72182
5.72434
5.72636
5.72785
5.72875
5.72904
5.72904
5.72904
5.72904
5.72904
5.72904
5.72904
5.72904
5.72904
5.72904
5.72904
5.72904
5.72904
5.72904
5.72904
5.72904
5.72904
5.72904
5.72904
5.72904
5.72904
5.72904
5.72904
)
;
        rho             rho;
    }
    frontAndBack
    {
        type            empty;
    }
}


// ************************************************************************* //
