/*--------------------------------*- C++ -*----------------------------------*\
  =========                 |
  \\      /  F ield         | OpenFOAM: The Open Source CFD Toolbox
   \\    /   O peration     | Website:  https://openfoam.org
    \\  /    A nd           | Version:  13
     \\/     M anipulation  |
\*---------------------------------------------------------------------------*/
FoamFile
{
    format      ascii;
    class       volScalarField;
    location    "0.2";
    object      rho;
}
// * * * * * * * * * * * * * * * * * * * * * * * * * * * * * * * * * * * * * //

dimensions      [1 -3 0 0 0 0 0];

internalField   nonuniform List<scalar> 
2016
(
1000
1000
1000
1000
1000
1000
1000
1000
1000
1000
1000
1000
1000
1000
1000
1000
1000
1000
1000
1000
1000
1000
1000
1000
1000
1000
1000
1000
1000
1000
1000
1000
1000
1000
1000
1000
1000
1000
1000
1000
1000
1000
1000
1000
1000
1000
1000
1000
1000
1000
1000
1000
1000
1000
1000
1000
1000
1000
1000
1000
1000
1000
1000
1000
1000
1000
1000
1000
1000
1000
1000
999.999
1000
1000
1000
999.999
1000
1000
1000
1000
1000
1000
1000
1000
998.883
1000
1000
1000
864.54
882.777
932.647
999.999
1
1
1
1
1
1
1
1
1
1
1
1
1
1
1
1
1
1
1
1
1
1
1
1
1
1
1
1
1
1
1
1
1
1
1
1
1
1
1
1
1
1
1
1
1
1
1
1
1
1
1
1
1
1
1
1
1
1
1
1
1
1
1
1
1
1
1
1
1
1
1
1
1
1
1
1
1000
1000
1000
1000
1000
1000
999.996
999.952
999.46
984.388
452.422
1
1
1
1
1
1
1
1
1
1
1
1
1
1
1
1
1
1
1
1
1
1
1
1
1
1
1
1
1
1
1
1000
1000
1000
1000
1000
999.998
999.978
999.809
998.438
927.208
269.733
1
1
1
1
1
1
1
1
1
1
1
1
1
1
1
1
1
1
1
1
1
1
1
1
1
1
1
1
1
1
1
1000
1000
1000
1000
1000
999.998
999.98
999.826
998.535
925.68
261.151
1
1
1
1
1
1
1
1
1
1
1
1
1
1
1
1
1
1
1
1
1
1
1
1
1
1
1
1
1
1
1
1000
1000
1000
1000
1000
999.998
999.979
999.803
998.28
894.518
207.281
1
1
1
1
1
1
1
1
1
1
1
1
1
1
1
1
1
1
1
1
1
1
1
1
1
1
1
1
1
1
1
1000
1000
1000
1000
1000
999.997
999.97
999.724
997.599
831.674
135.104
1
1
1
1
1
1
1
1
1
1
1
1
1
1
1
1
1
1
1
1
1
1
1
1
1
1
1
1
1
1
1
1000
1000
1000
1000
1000
999.995
999.953
999.569
996.344
728.651
63.1694
1
1
1
1
1
1
1
1
1
1
1
1
1
1
1
1
1
1
1
1
1
1
1
1
1
1
1
1
1
1
1
1000
1000
1000
1000
999.999
999.992
999.92
999.287
992.575
569.557
2.13241
1
1
1
1
1
1
1
1
1
1
1
1
1
1
1
1
1
1
1
1
1
1
1
1
1
1
1
1
1
1
1
1000
1000
1000
1000
999.999
999.985
999.853
998.722
956.59
345.694
1.00005
1
1
1
1.00001
1.00002
1
1
1
1
1
1
1
1
1
1
1
1
1
1
1
1
1
1
1
1
1
1
1
1
1
1
1000
1000
1000
1000
999.997
999.968
999.693
997.324
841.485
143.997
1.01209
1
1
1
1.00005
1.00053
1.00004
1
1
1
1
1
1
1
1
1
1
1
1
1
1
1
1
1
1
1
1
1
1
1
1
1
1000
1000
1000
999.999
999.992
999.92
999.232
993.069
595.868
1.01952
1.00005
1.00003
1.00003
1.00015
1.0002
1.0052
1.00041
1.00003
1
1
1
1
1
1
1
1
1
1
1
1
1
1
1
1
1
1
1
1
1
1
1
1
1000
1000
1000
999.998
999.976
999.695
998.399
922.084
259.993
1.23797
1.0025
1.00014
1.00052
1.01767
1.50541
1.60159
1.08452
1.00004
1
1.00001
1
1
1
1
1
1
1
1
1
1
1
1
1
1
1
1
1
1
1
1
1
1
1000
1000
999.999
999.991
999.914
999.369
994.818
645.902
2.67177
1.0246
1.00793
1.00265
1.14003
1.87875
1.90385
1.89515
1.68139
1.00003
1.00001
1.00024
1
1
1
1
1
1
1
1
1
1
1
1
1
1
1
1
1
1
1
1
1
1
1000
1000
999.997
999.964
999.462
997.818
888.116
168.758
1.06916
1.01659
1.01071
1.01141
1.04516
1.66831
1.90152
1.90241
1.85278
1.00005
1.00004
1.00028
1
1
1
1
1
1
1
1
1
1
1
1
1
1
1
1
1
1
1
1
1
1
1000
999.999
999.989
999.842
998.967
973.913
389.413
1.61089
1.0305
1.0178
1.01621
1.01763
1.02013
1.03142
1.06561
1.44873
1.66776
1.00004
1.00005
1.00023
1
1
1
1
1
1
1
1
1
1
1
1
1
1
1
1
1
1
1
1
1
1
1000
999.998
999.966
998.833
996.174
651.674
3.23742
1.43634
1.38511
2.56765
3.38644
2.90488
3.0028
3.18135
2.7673
2.12422
1.1371
1.00001
1.00001
1
1
1
1
1
1
1
1
1
1
1
1
1
1
1
1
1
1
1
1
1
1
1
1000
999.982
999.644
998.822
866.489
88.6037
1.45161
1.0977
1.59158
4.18408
4.18348
4.18452
4.16896
4.06082
2.67924
1.32322
1.00005
1
1
1
1
1
1
1
1
1
1
1
1
1
1
1
1
1
1
1
1
1
1
1
1
1
1000
999.998
999.814
992.171
572.103
1.83172
1.10154
1.01873
1.10678
1.90739
2.37915
2.30653
1.88736
1.17447
1.00004
1.00002
1
1
1
1
1
1
1
1
1
1
1
1
1
1
1
1
1
1
1
1
1
1
1
1
1
1
999.998
999.996
999.807
917.167
98.21
1.24367
1.01951
1.00331
1.00214
1.00413
1.00409
1.00156
1.00089
1
1
1
1
1
1
1
1
1
1
1
1
1
1
1
1
1
1
1
1
1
1
1
1
1
1
1
1
1
1000
999.605
995.044
783.996
2.49796
1.05985
1.00675
1.00083
1.00053
1.00043
1.00016
1.00002
1
1
1
1
1
1
1
1
1
1
1
1
1
1
1
1
1
1
1
1
1
1
1
1
1
1
1
1
1
1
1000
1000
999.936
545.027
4.83334
1.01793
1.00112
1.00053
1.00038
1.00018
1.00004
1.00001
1.00001
1
1
1
1
1
1
1
1
1
1
1
1
1
1
1
1
1
1
1
1
1
1
1
1
1
1
1
1
1
1000
1000
999.986
440.68
4.85312
1.21623
1.00413
1.00052
1.00046
1.00039
1.00018
1.00022
1.00008
1.00005
1.00003
1.00002
1.00002
1.00001
1
1
1
1
1
1
1
1
1
1
1
1
1
1
1
1
1
1
1
1
1
1
1
1
1000
1000
999.997
527.747
12.5076
2.56852
1.06858
1.00249
1.00048
1.01447
1.01709
1.0073
1.00112
1.0005
1.00027
1.00016
1.00011
1.00006
1.00002
1
1
1
1
1
1
1
1
1
1
1
1
1
1
1
1
1
1
1
1
1
1
1
1000
999.996
999.882
804.54
46.3318
2.97426
1.28599
1.03705
1.0059
1.014
1.06915
1.08037
1.03283
1.00409
1.00203
1.00117
1.00073
1.00038
1.0001
1.00002
1
1
1
1
1
1
1
1
1
1
1
1
1
1
1
1
1
1
1
1
1
1
945.872
999.568
999.774
998.894
566.334
17.6283
2.8926
1.21319
1.03221
1.02011
1.04749
1.06507
1.1367
1.08977
1.02742
1.00839
1.00469
1.00238
1.00062
1.00011
1.00001
1
1
1
1
1
1
1
1
1
1
1
1
1
1
1
1
1
1
1
1
1
6.354
642.126
998.894
974.845
951.681
730.914
411.439
154.509
21.2226
1.03901
1.05813
1.06838
1.10523
1.23014
1.29915
1.12297
1.02867
1.01412
1.00363
1.00059
1.00008
1.00001
1
1
1
1
1
1
1
1
1
1
1
1
1
1
1
1
1
1
1
1
1
11.8087
345.72
787.146
899.979
840.094
803.621
721.508
617.879
529.742
418.913
194.148
5.75407
1.35189
1.44914
1.93469
1.39109
1.14905
1.03639
1.00532
1.00069
1.00007
1.00001
1
1
1
1
1
1
1
1
1
1
1
1
1
1
1
1
1
1
1
1
1.01017
1.27698
101.575
269.848
507.19
611.839
603.621
551.347
495.291
461.458
431.064
396.435
183.868
4.28834
2.15613
2.74508
1.99071
1.17846
1.02845
1.00373
1.00041
1.00004
1
1
1
1
1
1
1
1
1
1
1
1
1
1
1
1
1
1
1
1
1.00577
1.03562
1.87501
4.78557
31.4254
75.8101
95.6024
86.4293
69.282
71.6401
136.797
346.143
309.439
171.917
24.8679
4.59064
2.13099
1.29763
1.05627
1.00801
1.00095
1.0001
1.00001
1
1
1
1
1
1
1
1
1
1
1
1
1
1
1
1
1
1
1
1.00002
1.00176
1.07745
1.2212
2.04945
3.07435
3.39646
2.84735
2.96195
4.46023
1.90504
12.4962
150.267
175.032
92.4874
15.1904
2.77084
1.37571
1.06613
1.0096
1.00117
1.00012
1.00001
1
1
1
1
1
1
1
1
1
1
1
1
1
1
1
1
1
1
1
1
1.00001
1.00029
1.02095
1.02652
1.14719
1.11396
1.11058
1.32328
1.34571
1.24596
1.5305
9.25396
75.8029
87.2825
13.5298
2.16939
1.25464
1.04419
1.00632
1.00077
1.00008
1.00001
1
1
1
1
1
1
1
1
1
1
1
1
1
1
1
1
1
1
1
1
1
1
1.00035
1.00186
1.00159
1.0006
1.03364
1.13922
1.18381
1.13903
1.19171
1.71119
5.74033
11.4843
8.47412
1.70579
1.05963
1.01043
1.00155
1.00019
1.00002
1
1
1
1
1
1
1
1
1
1
1
1
1
1
1
1
1
1
1
1
1
1
1
1
1.00001
1.00002
1.00003
1.0014
1.01473
1.0578
1.1216
1.1399
1.20053
1.44368
1.43292
1.67398
1.13134
1.0087
1.00132
1.00018
1.00002
1
1
1
1
1
1
1
1
1
1
1
1
1
1
1
1
1
1
1
1
1
1
1
1
1
1
1
1.00007
1.00031
1.00156
1.00736
1.02102
1.03029
1.03973
1.05984
1.0543
1.03046
1.0081
1.00104
1.00014
1.00002
1
1
1
1
1
1
1
1
1
1
1
1
1
1
1
1
1
1
1
1
1
1
1
1
1
1
1
1
1.00001
1.00006
1.00021
1.0006
1.00132
1.00223
1.00338
1.0057
1.00515
1.00296
1.00073
1.00009
1.00001
1
1
1
1
1
1
1
1
1
1
1
1
1
1
1
1
1
1
1
1
1
1
1
1
1
1
1
1
1
1
1
1.00001
1.00003
1.00006
1.00011
1.00016
1.0004
1.00036
1.00024
1.00006
1.00001
1
1
1
1
1
1
1
1
1
1
1
1
1
1
1
1
1
1
1
1
1
1
1
1
1
1
1
1
1
1
1
1
1
1
1
1
1.00001
1.00002
1.00002
1.00001
1
1
1
1
1
1
1
1
1
1
1
1
1
1
1
1
1
1
1
1
1
1
1
1
1
1
1
1
1
1
1
1
1
1
1
1
1
1
1
1
1
1
1
1
1
1
1
1
1
1
1
1
1
1
1
1
1
1
1
1
1
1
1
1
1
1
1
1
1
1
1
1
1
1
1
1
1
1
1
1
1
1
1
1
1
1
1
1
1
1
1
1
1
1
1
1
1
1
1
1
1
1
1
1
1
1
1
1
1
1
1
1
1
1
1
1
1
1
1
1
1
1
1
1
1
1
1
1
1
1
1
1
1
1
1
1
1
1
1
1
1
1
1
1
1
1
1
1
1
1
1
1
1
1
1
1
1
1
1
1
1
1
1
1
1
1
1
1
1
1
1
1
1
1
1
1
1
1
1
1
1
1
1
1
1
1
1
1
1
1
1
1
1
1
1
1
1
1
1
1
1
1
1
1
1
1
1
1
1
1
1
1
1
1
1
1
1
1
1
1
1
1
1
1
1
1
1
1
1
1
1
1
1
1
1
1
1
1
1
1
1
1
1
1
1
1
1
1
1
1
1
1
1
1
1
1
1
1
1
1
1
1
1
1
1
1
1
1
1
1
1
1
1
1
1
1
1
1
1
1
1
1
1
1
1
1
1
1
1
1
1
1
1
1
1
1
1
1
1
1
1
1
1
1
1
1
1
1
1
1
1
1
1
1
1
1
1
1
1
1
1
1
1
1
1
1
1
1
1
1
1
1
1
1
1
1
1
1
1
1
1
1
1
1
1
1
1
1
1
1
1
1
1
1
1
1
1
1
1
1
1
)
;

boundaryField
{
    leftWall
    {
        type            calculated;
        value           nonuniform List<scalar> 
46
(
1000
1000
1000
1000
1000
1000
1000
1000
1000
1000
999.996
999.952
999.46
984.388
452.422
1
1
1
1
1
1
1
1
1
1
1
1
1
1
1
1
1
1
1
1
1
1
1
1
1
1
1
1
1
1
1
)
;
    }
    rightWall
    {
        type            calculated;
        value           uniform 1;
    }
    lowerWall
    {
        type            calculated;
        value           nonuniform List<scalar> 
52
(
1
1
1
1
1
1
1
1
1
1
1
1
1
1
1
1
1
1
1
1
1
1
1
864.54
882.777
932.647
999.999
1000
1000
1000
1000
1000
1000
1000
1000
1000
1000
1000
1000
1000
1000
1000
1000
1000
1000
1000
1000
1000
998.883
864.54
945.872
6.354
)
;
    }
    atmosphere
    {
        type            calculated;
        value           uniform 1;
    }
    frontAndBack
    {
        type            empty;
    }
}


// ************************************************************************* //
