/*--------------------------------*- C++ -*----------------------------------*\
  =========                 |
  \\      /  F ield         | OpenFOAM: The Open Source CFD Toolbox
   \\    /   O peration     | Website:  https://openfoam.org
    \\  /    A nd           | Version:  13
     \\/     M anipulation  |
\*---------------------------------------------------------------------------*/
FoamFile
{
    format      ascii;
    class       volVectorField;
    location    "0.2";
    object      U;
}
// * * * * * * * * * * * * * * * * * * * * * * * * * * * * * * * * * * * * * //

dimensions      [0 1 -1 0 0 0 0];

internalField   nonuniform List<vector> 
2016
(
(0.00535909 -0.0111882 0)
(0.006289 -0.0344162 0)
(0.00815369 -0.0597411 0)
(0.0108041 -0.0881559 0)
(0.0507595 -0.0306528 0)
(0.0529134 -0.0917877 0)
(0.0565333 -0.152949 0)
(0.0610411 -0.213954 0)
(0.122736 -0.0345537 0)
(0.124381 -0.102733 0)
(0.126536 -0.16926 0)
(0.128649 -0.233072 0)
(0.194709 -0.0321284 0)
(0.194887 -0.0954619 0)
(0.19426 -0.156998 0)
(0.192634 -0.215715 0)
(0.259726 -0.0293535 0)
(0.258578 -0.0874964 0)
(0.255687 -0.144572 0)
(0.251317 -0.200082 0)
(0.319499 -0.027983 0)
(0.317837 -0.0837785 0)
(0.314093 -0.139357 0)
(0.308798 -0.194684 0)
(0.377801 -0.0278111 0)
(0.376326 -0.083577 0)
(0.372869 -0.139769 0)
(0.36796 -0.196593 0)
(0.436869 -0.0282173 0)
(0.435969 -0.0850119 0)
(0.433418 -0.142649 0)
(0.429567 -0.201469 0)
(0.497193 -0.0286832 0)
(0.497103 -0.0865743 0)
(0.495866 -0.145645 0)
(0.493568 -0.206398 0)
(0.558368 -0.0288527 0)
(0.559349 -0.0872701 0)
(0.559914 -0.147282 0)
(0.55984 -0.209648 0)
(0.619504 -0.0284595 0)
(0.621927 -0.0863463 0)
(0.625004 -0.146431 0)
(0.62819 -0.209879 0)
(0.679202 -0.0272384 0)
(0.683613 -0.08303 0)
(0.690243 -0.141914 0)
(0.698248 -0.205648 0)
(0.735442 -0.0248542 0)
(0.742657 -0.0763732 0)
(0.754341 -0.132286 0)
(0.76928 -0.195007 0)
(0.785384 -0.0208171 0)
(0.796765 -0.0650797 0)
(0.815397 -0.115571 0)
(0.839823 -0.175125 0)
(0.824889 -0.0142198 0)
(0.843113 -0.0472405 0)
(0.870655 -0.0892276 0)
(0.907425 -0.142442 0)
(0.848806 -0.00309009 0)
(0.877966 -0.0199245 0)
(0.91601 -0.050583 0)
(0.968486 -0.0933292 0)
(0.847084 0.0159962 0)
(0.89995 0.0202828 0)
(0.947121 0.00247262 0)
(1.01899 -0.0239106 0)
(0.803132 0.0438242 0)
(0.910471 0.0767113 0)
(0.959472 0.0744585 0)
(1.05282 0.0691247 0)
(0.706394 0.077913 0)
(0.901325 0.148943 0)
(0.950739 0.170067 0)
(1.06292 0.18964 0)
(0.549649 0.111117 0)
(0.849819 0.231232 0)
(0.915828 0.292094 0)
(1.04055 0.343433 0)
(0.342442 0.126744 0)
(0.730799 0.305334 0)
(0.849837 0.437256 0)
(0.97224 0.547399 0)
(0.104936 0.0820672 0)
(0.489305 0.320841 0)
(0.680714 0.563731 0)
(0.854586 0.806967 0)
(-0.0421291 -0.0954263 0)
(0.191916 0.189322 0)
(0.36722 0.574395 0)
(0.408174 1.12463 0)
(2.69133e-05 -0.0277426 0)
(-0.0333989 0.0225206 0)
(-0.075188 0.0339377 0)
(-0.101588 0.149582 0)
(0.00682633 -0.000164132 0)
(-0.0406916 0.00978724 0)
(-0.0587402 0.0159898 0)
(-0.131809 0.0118571 0)
(-0.00552133 0.00587601 0)
(-0.0468246 0.00682523 0)
(-0.0559222 0.00429891 0)
(-0.0737852 -0.0128608 0)
(-0.0114534 0.00267937 0)
(-0.0361805 -0.00519352 0)
(-0.0446755 -0.022493 0)
(-0.0735735 -0.0455827 0)
(-0.00573143 -0.000249124 0)
(-0.0170681 -0.0102616 0)
(-0.0193609 -0.0252621 0)
(-0.0240569 -0.0433577 0)
(0.00236422 -0.00239231 0)
(-0.00155549 -0.0128723 0)
(-0.00278297 -0.0264906 0)
(-0.00390535 -0.041901 0)
(0.0119338 -0.0029408 0)
(0.0123553 -0.0117789 0)
(0.0130111 -0.0218752 0)
(0.0162564 -0.0330997 0)
(0.0200285 -0.00249723 0)
(0.0226275 -0.00911891 0)
(0.0238347 -0.0162195 0)
(0.0280437 -0.02354 0)
(0.0260573 -0.00172432 0)
(0.0296748 -0.00597601 0)
(0.0308051 -0.0103568 0)
(0.0350996 -0.0145438 0)
(0.0296869 -0.000945139 0)
(0.0337859 -0.00319949 0)
(0.0345248 -0.00522499 0)
(0.0383362 -0.00688957 0)
(0.0311709 -0.000122252 0)
(0.0353569 -0.000641312 0)
(0.0358128 -0.000889305 0)
(0.0388991 -0.00074808 0)
(0.0308974 0.00044084 0)
(0.0348527 0.00141338 0)
(0.0350263 0.00257713 0)
(0.0374786 0.00408534 0)
(0.0292262 0.00096393 0)
(0.0328472 0.00308515 0)
(0.0327671 0.00542556 0)
(0.0346936 0.00794595 0)
(0.0263939 0.00126268 0)
(0.0296324 0.00429792 0)
(0.0293698 0.00756682 0)
(0.0308072 0.010862 0)
(0.0226006 0.00165145 0)
(0.0254023 0.00531461 0)
(0.0250912 0.00923526 0)
(0.0262187 0.0131485 0)
(0.018243 0.00185161 0)
(0.0204065 0.00606467 0)
(0.0201479 0.0105491 0)
(0.020951 0.0149538 0)
(0.0133595 0.00198866 0)
(0.0149415 0.00654418 0)
(0.0147379 0.0113966 0)
(0.0152652 0.0161981 0)
(0.0083051 0.00194499 0)
(0.00926481 0.00651177 0)
(0.00910548 0.0113693 0)
(0.00935792 0.016181 0)
(0.00290983 0.0023252 0)
(0.00322249 0.00748216 0)
(0.00312756 0.01288 0)
(0.00317405 0.0181129 0)
(0.0140395 -0.121471 0)
(0.017589 -0.160119 0)
(0.0211066 -0.203077 0)
(0.0242942 -0.249745 0)
(0.0269088 -0.299161 0)
(0.0288905 -0.350443 0)
(0.0304016 -0.402931 0)
(0.0317227 -0.454728 0)
(0.0339725 -0.505772 0)
(0.0387452 -0.562373 0)
(0.0421138 -0.622546 0)
(0.0283553 -0.689201 0)
(0.0189499 -0.718464 0)
(0.0219234 -0.766857 0)
(0.0214621 -0.810572 0)
(0.0138747 -0.842149 0)
(0.00455675 -0.856712 0)
(-0.00351849 -0.853179 0)
(-0.00903932 -0.837553 0)
(-0.0128222 -0.813397 0)
(-0.0152984 -0.783237 0)
(-0.0167493 -0.749557 0)
(-0.0174094 -0.714035 0)
(-0.0174642 -0.67794 0)
(-0.0171033 -0.642253 0)
(-0.0164772 -0.607657 0)
(-0.0156767 -0.574637 0)
(-0.0147506 -0.543545 0)
(-0.0137316 -0.514583 0)
(-0.0126509 -0.48787 0)
(-0.0115414 -0.463433 0)
(-0.0104335 -0.441246 0)
(-0.00934748 -0.42125 0)
(-0.00829238 -0.403404 0)
(-0.0072655 -0.387684 0)
(-0.00625201 -0.373986 0)
(-0.0052217 -0.362202 0)
(-0.00413379 -0.352487 0)
(-0.0029786 -0.345111 0)
(-0.00183239 -0.340505 0)
(-0.000833406 -0.338816 0)
(-0.000127471 -0.335233 0)
(0.0658207 -0.276264 0)
(0.0702832 -0.338957 0)
(0.0737349 -0.399102 0)
(0.0757554 -0.45565 0)
(0.0761659 -0.507529 0)
(0.0751129 -0.554179 0)
(0.0728626 -0.595215 0)
(0.0694629 -0.628163 0)
(0.0654225 -0.651199 0)
(0.063189 -0.670347 0)
(0.0695611 -0.68447 0)
(0.0899271 -0.690183 0)
(0.0695161 -0.727885 0)
(0.066346 -0.843624 0)
(0.0508383 -0.883298 0)
(0.026743 -0.894353 0)
(0.00331228 -0.892684 0)
(-0.016034 -0.881514 0)
(-0.0308627 -0.860806 0)
(-0.0414377 -0.832614 0)
(-0.0483498 -0.799496 0)
(-0.0523368 -0.763356 0)
(-0.0540544 -0.72581 0)
(-0.0540585 -0.688098 0)
(-0.0528399 -0.65117 0)
(-0.050769 -0.615653 0)
(-0.0481096 -0.581963 0)
(-0.0450594 -0.550363 0)
(-0.0417726 -0.52098 0)
(-0.0383757 -0.493886 0)
(-0.034966 -0.469096 0)
(-0.0316093 -0.44659 0)
(-0.0283394 -0.426325 0)
(-0.0251627 -0.408274 0)
(-0.0220644 -0.392413 0)
(-0.019017 -0.378626 0)
(-0.015978 -0.36676 0)
(-0.012879 -0.356866 0)
(-0.00967413 -0.349042 0)
(-0.00646407 -0.343563 0)
(-0.00349478 -0.340628 0)
(-0.000979998 -0.335986 0)
(0.13003 -0.295151 0)
(0.130144 -0.354426 0)
(0.128481 -0.408372 0)
(0.124856 -0.456805 0)
(0.11934 -0.499707 0)
(0.112191 -0.537644 0)
(0.103452 -0.571272 0)
(0.0923782 -0.599108 0)
(0.0774452 -0.620639 0)
(0.0604422 -0.64363 0)
(0.0647271 -0.665998 0)
(0.155239 -0.682245 0)
(0.159166 -0.768251 0)
(0.123458 -0.855264 0)
(0.076261 -0.896319 0)
(0.0332797 -0.915069 0)
(-0.00299469 -0.916321 0)
(-0.0329431 -0.902193 0)
(-0.056621 -0.876821 0)
(-0.073473 -0.843803 0)
(-0.0842418 -0.806348 0)
(-0.0901622 -0.766738 0)
(-0.0923449 -0.726547 0)
(-0.0917684 -0.686889 0)
(-0.0892673 -0.648569 0)
(-0.0854599 -0.612092 0)
(-0.0807764 -0.577776 0)
(-0.0755275 -0.545806 0)
(-0.0699458 -0.51624 0)
(-0.0642165 -0.489091 0)
(-0.0584793 -0.464326 0)
(-0.0528296 -0.441893 0)
(-0.0473211 -0.421731 0)
(-0.0419706 -0.403797 0)
(-0.0367646 -0.388061 0)
(-0.0316788 -0.374406 0)
(-0.0266862 -0.36267 0)
(-0.0217203 -0.352886 0)
(-0.0166863 -0.345162 0)
(-0.0116251 -0.3398 0)
(-0.00676386 -0.337035 0)
(-0.00220735 -0.332586 0)
(0.189534 -0.272812 0)
(0.184706 -0.327786 0)
(0.178081 -0.378923 0)
(0.169765 -0.426527 0)
(0.160033 -0.470817 0)
(0.149199 -0.512286 0)
(0.137115 -0.551125 0)
(0.122643 -0.585275 0)
(0.104392 -0.61469 0)
(0.0874137 -0.647524 0)
(0.106689 -0.683779 0)
(0.23091 -0.73215 0)
(0.239312 -0.830104 0)
(0.179225 -0.905201 0)
(0.107592 -0.945724 0)
(0.0438759 -0.962578 0)
(-0.0108817 -0.957658 0)
(-0.0556675 -0.935079 0)
(-0.0889285 -0.900925 0)
(-0.111394 -0.860034 0)
(-0.124982 -0.816014 0)
(-0.131794 -0.771248 0)
(-0.133542 -0.727177 0)
(-0.131628 -0.684714 0)
(-0.127216 -0.644445 0)
(-0.121164 -0.606674 0)
(-0.114065 -0.571544 0)
(-0.10634 -0.5391 0)
(-0.098286 -0.509299 0)
(-0.0901187 -0.48208 0)
(-0.0819933 -0.457354 0)
(-0.0740128 -0.435035 0)
(-0.0662364 -0.415031 0)
(-0.0586859 -0.397277 0)
(-0.0513507 -0.381726 0)
(-0.044206 -0.368257 0)
(-0.0372242 -0.356701 0)
(-0.0303262 -0.347075 0)
(-0.0233797 -0.339488 0)
(-0.0164038 -0.334265 0)
(-0.00964958 -0.331648 0)
(-0.00319227 -0.327337 0)
(0.245284 -0.255637 0)
(0.237575 -0.311087 0)
(0.228313 -0.364786 0)
(0.217556 -0.416663 0)
(0.205425 -0.466342 0)
(0.191996 -0.513615 0)
(0.176633 -0.557757 0)
(0.157458 -0.595694 0)
(0.133509 -0.627462 0)
(0.116492 -0.662125 0)
(0.161966 -0.705081 0)
(0.330059 -0.78753 0)
(0.320195 -0.904463 0)
(0.233338 -0.980361 0)
(0.136068 -1.01974 0)
(0.0476327 -1.03075 0)
(-0.0286568 -1.0149 0)
(-0.0887734 -0.979117 0)
(-0.131207 -0.931884 0)
(-0.157914 -0.879676 0)
(-0.172538 -0.826697 0)
(-0.178542 -0.775184 0)
(-0.178448 -0.726239 0)
(-0.174102 -0.680379 0)
(-0.166945 -0.637822 0)
(-0.15803 -0.598587 0)
(-0.148057 -0.562585 0)
(-0.137514 -0.529688 0)
(-0.126738 -0.499725 0)
(-0.115959 -0.472537 0)
(-0.105334 -0.447966 0)
(-0.0949611 -0.425875 0)
(-0.0848926 -0.406137 0)
(-0.0751432 -0.388661 0)
(-0.0656955 -0.373381 0)
(-0.0565191 -0.360177 0)
(-0.0475832 -0.348873 0)
(-0.0387953 -0.339461 0)
(-0.0299803 -0.332046 0)
(-0.0211192 -0.326962 0)
(-0.0124783 -0.324461 0)
(-0.00413991 -0.320258 0)
(0.301853 -0.251604 0)
(0.293207 -0.309944 0)
(0.282784 -0.367642 0)
(0.270359 -0.42402 0)
(0.25583 -0.478139 0)
(0.239068 -0.529305 0)
(0.218945 -0.576017 0)
(0.193008 -0.614422 0)
(0.16209 -0.645798 0)
(0.1505 -0.682575 0)
(0.248558 -0.744086 0)
(0.44668 -0.893352 0)
(0.408939 -1.00607 0)
(0.288692 -1.0809 0)
(0.160524 -1.1186 0)
(0.0416297 -1.12156 0)
(-0.0609587 -1.09004 0)
(-0.137932 -1.03401 0)
(-0.18807 -0.967162 0)
(-0.216212 -0.899729 0)
(-0.228985 -0.835951 0)
(-0.231734 -0.776706 0)
(-0.227845 -0.722272 0)
(-0.219592 -0.672738 0)
(-0.20861 -0.627878 0)
(-0.196059 -0.587267 0)
(-0.182682 -0.550526 0)
(-0.168961 -0.517331 0)
(-0.155224 -0.487362 0)
(-0.14168 -0.460358 0)
(-0.128458 -0.436088 0)
(-0.115636 -0.414362 0)
(-0.103246 -0.395018 0)
(-0.0912898 -0.377932 0)
(-0.0797363 -0.363022 0)
(-0.0685444 -0.350166 0)
(-0.0576756 -0.339187 0)
(-0.0470291 -0.33005 0)
(-0.0363918 -0.322851 0)
(-0.025695 -0.317923 0)
(-0.0152097 -0.315525 0)
(-0.00504684 -0.311427 0)
(0.361324 -0.255978 0)
(0.352629 -0.317616 0)
(0.341428 -0.379041 0)
(0.32726 -0.439188 0)
(0.309931 -0.49684 0)
(0.28903 -0.550952 0)
(0.262654 -0.599091 0)
(0.228332 -0.636955 0)
(0.192327 -0.668659 0)
(0.202824 -0.713762 0)
(0.415507 -0.826597 0)
(0.579694 -0.997326 0)
(0.502616 -1.12789 0)
(0.344836 -1.20861 0)
(0.180579 -1.25166 0)
(0.0232691 -1.24912 0)
(-0.112063 -1.19575 0)
(-0.20864 -1.10565 0)
(-0.263765 -1.00613 0)
(-0.287978 -0.916231 0)
(-0.294679 -0.839698 0)
(-0.291564 -0.773037 0)
(-0.2819 -0.713455 0)
(-0.268054 -0.660433 0)
(-0.252018 -0.613637 0)
(-0.23504 -0.572046 0)
(-0.21771 -0.534907 0)
(-0.200443 -0.501732 0)
(-0.183513 -0.472027 0)
(-0.167061 -0.44544 0)
(-0.151167 -0.42167 0)
(-0.135863 -0.400479 0)
(-0.12115 -0.381674 0)
(-0.107002 -0.365105 0)
(-0.0933725 -0.350672 0)
(-0.0802016 -0.338253 0)
(-0.0674412 -0.327673 0)
(-0.0549862 -0.318873 0)
(-0.0425922 -0.311935 0)
(-0.030129 -0.307187 0)
(-0.0178542 -0.304894 0)
(-0.00592029 -0.300909 0)
(0.423826 -0.263492 0)
(0.415478 -0.328374 0)
(0.403664 -0.39342 0)
(0.387683 -0.457377 0)
(0.367054 -0.518912 0)
(0.340648 -0.576455 0)
(0.305803 -0.626016 0)
(0.261808 -0.66331 0)
(0.225165 -0.698326 0)
(0.279323 -0.762267 0)
(0.607642 -0.913937 0)
(0.731663 -1.12906 0)
(0.606354 -1.27363 0)
(0.415801 -1.37939 0)
(0.210963 -1.44541 0)
(-0.00435387 -1.43846 0)
(-0.195053 -1.3501 0)
(-0.320512 -1.20729 0)
(-0.372939 -1.05702 0)
(-0.379669 -0.930432 0)
(-0.370091 -0.834944 0)
(-0.356793 -0.760912 0)
(-0.339834 -0.697647 0)
(-0.318962 -0.642181 0)
(-0.296581 -0.594172 0)
(-0.274465 -0.552304 0)
(-0.252731 -0.515339 0)
(-0.231612 -0.482641 0)
(-0.211325 -0.453575 0)
(-0.191869 -0.427705 0)
(-0.173265 -0.404679 0)
(-0.155477 -0.384224 0)
(-0.138463 -0.366124 0)
(-0.122163 -0.350209 0)
(-0.106504 -0.336366 0)
(-0.0914078 -0.324478 0)
(-0.0768111 -0.314372 0)
(-0.0626092 -0.305972 0)
(-0.0485382 -0.299346 0)
(-0.0343971 -0.294807 0)
(-0.0204063 -0.292628 0)
(-0.00676051 -0.288771 0)
(0.489261 -0.271054 0)
(0.481793 -0.339394 0)
(0.469785 -0.408699 0)
(0.452203 -0.477743 0)
(0.428153 -0.544939 0)
(0.395569 -0.607027 0)
(0.351143 -0.657486 0)
(0.298107 -0.695379 0)
(0.273423 -0.742859 0)
(0.409859 -0.84476 0)
(0.829432 -1.11059 0)
(0.89912 -1.29537 0)
(0.738663 -1.44945 0)
(0.515901 -1.59625 0)
(0.241375 -1.68116 0)
(-0.0708913 -1.6493 0)
(-0.343449 -1.51176 0)
(-0.50275 -1.31894 0)
(-0.541062 -1.11546 0)
(-0.509059 -0.943719 0)
(-0.461797 -0.821867 0)
(-0.427256 -0.737951 0)
(-0.400141 -0.672401 0)
(-0.371298 -0.616754 0)
(-0.341549 -0.568707 0)
(-0.313635 -0.527514 0)
(-0.287174 -0.491542 0)
(-0.262012 -0.459885 0)
(-0.238285 -0.431933 0)
(-0.215807 -0.407131 0)
(-0.194511 -0.385131 0)
(-0.174283 -0.365634 0)
(-0.155025 -0.348415 0)
(-0.13664 -0.3333 0)
(-0.119026 -0.320165 0)
(-0.102079 -0.3089 0)
(-0.0857188 -0.299345 0)
(-0.0698433 -0.291407 0)
(-0.0541847 -0.285141 0)
(-0.0384707 -0.280847 0)
(-0.0228547 -0.278797 0)
(-0.00756566 -0.275087 0)
(0.557829 -0.276948 0)
(0.55227 -0.349316 0)
(0.541222 -0.4242 0)
(0.523188 -0.50024 0)
(0.495826 -0.574731 0)
(0.454258 -0.641651 0)
(0.396097 -0.693423 0)
(0.338319 -0.737702 0)
(0.357811 -0.811002 0)
(0.69557 -0.994451 0)
(1.03383 -1.24345 0)
(1.06806 -1.44059 0)
(0.895704 -1.61187 0)
(0.634488 -1.76342 0)
(0.265224 -1.80614 0)
(-0.166638 -1.72158 0)
(-0.532123 -1.56363 0)
(-0.731271 -1.36259 0)
(-0.761289 -1.13425 0)
(-0.680453 -0.936156 0)
(-0.575348 -0.797441 0)
(-0.504544 -0.702943 0)
(-0.461021 -0.63602 0)
(-0.423054 -0.58285 0)
(-0.385742 -0.536618 0)
(-0.351593 -0.497311 0)
(-0.32026 -0.463356 0)
(-0.29108 -0.433404 0)
(-0.263943 -0.407111 0)
(-0.238531 -0.383767 0)
(-0.214635 -0.363095 0)
(-0.192067 -0.344787 0)
(-0.170668 -0.328633 0)
(-0.1503 -0.314462 0)
(-0.130829 -0.302152 0)
(-0.112129 -0.291601 0)
(-0.0940973 -0.282668 0)
(-0.0766343 -0.275251 0)
(-0.0594856 -0.269394 0)
(-0.042317 -0.265381 0)
(-0.0251844 -0.263479 0)
(-0.00833261 -0.259939 0)
(0.629908 -0.27984 0)
(0.628089 -0.357009 0)
(0.619927 -0.438939 0)
(0.6023 -0.52402 0)
(0.569339 -0.608358 0)
(0.514753 -0.682187 0)
(0.444856 -0.73828 0)
(0.397902 -0.799951 0)
(0.496438 -0.914115 0)
(0.94585 -1.17042 0)
(1.22192 -1.3788 0)
(1.23665 -1.50949 0)
(1.05088 -1.63702 0)
(0.700465 -1.7075 0)
(0.195369 -1.65959 0)
(-0.323811 -1.55076 0)
(-0.720135 -1.43473 0)
(-0.950718 -1.27306 0)
(-0.986009 -1.05964 0)
(-0.861587 -0.873468 0)
(-0.697501 -0.749023 0)
(-0.585681 -0.65377 0)
(-0.520162 -0.588782 0)
(-0.471459 -0.539946 0)
(-0.427122 -0.497781 0)
(-0.387033 -0.46176 0)
(-0.351014 -0.430865 0)
(-0.318133 -0.403365 0)
(-0.287807 -0.379248 0)
(-0.259672 -0.357766 0)
(-0.233359 -0.338711 0)
(-0.208616 -0.321817 0)
(-0.185225 -0.3069 0)
(-0.163009 -0.29381 0)
(-0.141809 -0.282434 0)
(-0.121476 -0.272683 0)
(-0.101884 -0.264438 0)
(-0.0829331 -0.257597 0)
(-0.0643967 -0.25219 0)
(-0.0459 -0.248491 0)
(-0.0273773 -0.246759 0)
(-0.00905764 -0.243416 0)
(0.705817 -0.278075 0)
(0.710296 -0.360524 0)
(0.707404 -0.451071 0)
(0.691371 -0.548774 0)
(0.653308 -0.647338 0)
(0.588225 -0.733518 0)
(0.509817 -0.814797 0)
(0.49189 -0.927155 0)
(0.772944 -1.09429 0)
(1.13926 -1.28379 0)
(1.34334 -1.40352 0)
(1.32963 -1.41306 0)
(1.07101 -1.4381 0)
(0.622261 -1.40694 0)
(0.0830928 -1.30684 0)
(-0.417161 -1.22486 0)
(-0.83382 -1.14052 0)
(-1.13616 -1.04176 0)
(-1.16813 -0.873094 0)
(-1.0054 -0.745395 0)
(-0.798962 -0.663871 0)
(-0.657933 -0.587487 0)
(-0.573316 -0.531634 0)
(-0.514033 -0.489152 0)
(-0.463449 -0.453047 0)
(-0.418563 -0.421615 0)
(-0.378532 -0.394579 0)
(-0.342501 -0.370222 0)
(-0.309426 -0.348674 0)
(-0.278894 -0.329398 0)
(-0.250432 -0.312202 0)
(-0.223735 -0.296912 0)
(-0.198543 -0.28338 0)
(-0.174648 -0.271489 0)
(-0.15187 -0.261143 0)
(-0.130043 -0.252268 0)
(-0.109022 -0.244769 0)
(-0.0886978 -0.238549 0)
(-0.0688798 -0.233629 0)
(-0.0491832 -0.230271 0)
(-0.0294121 -0.228728 0)
(-0.00973666 -0.225614 0)
(0.78551 -0.269057 0)
(0.799904 -0.356943 0)
(0.806617 -0.458753 0)
(0.797074 -0.574096 0)
(0.759146 -0.694188 0)
(0.685835 -0.815565 0)
(0.604965 -0.955801 0)
(0.640156 -1.09899 0)
(0.975961 -1.22187 0)
(1.19596 -1.32273 0)
(1.32113 -1.21626 0)
(1.2765 -1.10433 0)
(0.998008 -1.01341 0)
(0.515198 -0.929146 0)
(0.0104715 -0.848774 0)
(-0.419524 -0.804677 0)
(-0.86991 -0.696677 0)
(-1.25354 -0.697681 0)
(-1.27303 -0.598206 0)
(-1.07811 -0.57539 0)
(-0.855817 -0.547498 0)
(-0.706516 -0.505094 0)
(-0.614628 -0.465549 0)
(-0.548737 -0.432533 0)
(-0.493364 -0.403982 0)
(-0.445151 -0.378126 0)
(-0.402214 -0.355366 0)
(-0.363709 -0.334603 0)
(-0.328461 -0.315873 0)
(-0.295947 -0.299022 0)
(-0.265661 -0.283858 0)
(-0.237272 -0.270309 0)
(-0.210498 -0.258273 0)
(-0.185116 -0.247672 0)
(-0.160932 -0.238432 0)
(-0.137768 -0.230496 0)
(-0.115462 -0.223789 0)
(-0.0938936 -0.218227 0)
(-0.0729046 -0.213822 0)
(-0.0521333 -0.210825 0)
(-0.0312655 -0.209489 0)
(-0.0103649 -0.206636 0)
(0.868272 -0.248989 0)
(0.897791 -0.341858 0)
(0.921228 -0.455868 0)
(0.926536 -0.588917 0)
(0.894679 -0.736145 0)
(0.813046 -0.902699 0)
(0.734514 -1.05923 0)
(0.805459 -1.14534 0)
(1.03233 -1.16022 0)
(1.11277 -1.05441 0)
(1.20809 -0.809348 0)
(1.20462 -0.545075 0)
(0.998136 -0.332655 0)
(0.624276 -0.227733 0)
(0.169792 -0.207076 0)
(-0.303021 -0.336008 0)
(-0.888097 -0.236997 0)
(-1.28196 -0.3093 0)
(-1.27491 -0.319101 0)
(-1.06737 -0.399957 0)
(-0.861773 -0.424007 0)
(-0.72693 -0.414589 0)
(-0.640519 -0.393873 0)
(-0.573824 -0.372589 0)
(-0.516344 -0.352288 0)
(-0.46633 -0.33255 0)
(-0.421782 -0.314216 0)
(-0.38156 -0.297179 0)
(-0.344729 -0.281383 0)
(-0.310676 -0.26704 0)
(-0.278923 -0.253992 0)
(-0.249124 -0.242264 0)
(-0.221007 -0.231797 0)
(-0.194342 -0.222547 0)
(-0.168934 -0.214468 0)
(-0.144599 -0.207515 0)
(-0.121164 -0.201636 0)
(-0.0984937 -0.196762 0)
(-0.0764518 -0.192892 0)
(-0.0547255 -0.190264 0)
(-0.0329147 -0.189143 0)
(-0.0109368 -0.186589 0)
(0.952381 -0.213313 0)
(1.00332 -0.309014 0)
(1.05136 -0.432133 0)
(1.07742 -0.581398 0)
(1.04826 -0.760005 0)
(0.95122 -0.933526 0)
(0.842978 -1.02215 0)
(0.878708 -1.06066 0)
(0.882758 -1.22838 0)
(0.78749 -1.16322 0)
(0.772319 -0.965204 0)
(0.749975 -0.700314 0)
(0.61637 -0.474136 0)
(0.388284 -0.317202 0)
(0.0388541 -0.224411 0)
(-0.43027 -0.118235 0)
(-0.97081 0.0743136 0)
(-1.22025 0.0270075 0)
(-1.17206 -0.123296 0)
(-0.987742 -0.260732 0)
(-0.830308 -0.317781 0)
(-0.726742 -0.328326 0)
(-0.652384 -0.322858 0)
(-0.588908 -0.312709 0)
(-0.532313 -0.300036 0)
(-0.482192 -0.286115 0)
(-0.437253 -0.272092 0)
(-0.396114 -0.258582 0)
(-0.358216 -0.245687 0)
(-0.323036 -0.233833 0)
(-0.290157 -0.222916 0)
(-0.259237 -0.213038 0)
(-0.230016 -0.204177 0)
(-0.20228 -0.196313 0)
(-0.175834 -0.189426 0)
(-0.150499 -0.183486 0)
(-0.126099 -0.178459 0)
(-0.10248 -0.174289 0)
(-0.0795134 -0.170968 0)
(-0.0569462 -0.168708 0)
(-0.0343406 -0.1678 0)
(-0.0114467 -0.165581 0)
(1.03468 -0.157319 0)
(1.11312 -0.251395 0)
(1.19174 -0.380183 0)
(1.23784 -0.551548 0)
(1.19307 -0.747982 0)
(1.05291 -0.853361 0)
(0.977137 -0.887057 0)
(1.07332 -1.03097 0)
(0.92167 -1.16277 0)
(0.702721 -1.08459 0)
(0.618245 -0.939524 0)
(0.546473 -0.746062 0)
(0.419745 -0.533053 0)
(0.223544 -0.31181 0)
(-0.071571 -0.0491603 0)
(-0.555278 0.238746 0)
(-0.946095 0.300102 0)
(-1.07919 0.173969 0)
(-1.00819 -0.0427551 0)
(-0.884798 -0.184129 0)
(-0.789282 -0.239054 0)
(-0.717405 -0.255355 0)
(-0.654547 -0.258774 0)
(-0.59587 -0.256417 0)
(-0.54219 -0.249477 0)
(-0.493448 -0.240097 0)
(-0.448958 -0.229803 0)
(-0.407594 -0.219348 0)
(-0.369071 -0.209158 0)
(-0.333117 -0.199695 0)
(-0.299372 -0.190884 0)
(-0.267588 -0.182851 0)
(-0.237493 -0.175617 0)
(-0.2089 -0.169162 0)
(-0.181608 -0.163491 0)
(-0.155449 -0.15858 0)
(-0.130248 -0.154417 0)
(-0.105842 -0.15096 0)
(-0.0820915 -0.148192 0)
(-0.0587962 -0.14629 0)
(-0.0355319 -0.145574 0)
(-0.0118893 -0.14372 0)
(1.11149 -0.076355 0)
(1.22334 -0.162674 0)
(1.34033 -0.297172 0)
(1.40577 -0.509636 0)
(1.30756 -0.704071 0)
(1.11514 -0.725541 0)
(1.15823 -0.704113 0)
(1.20786 -0.825718 0)
(0.97215 -0.719205 0)
(0.701843 -0.616464 0)
(0.556377 -0.510322 0)
(0.451491 -0.334672 0)
(0.291311 -0.119617 0)
(0.00796313 0.185121 0)
(-0.37358 0.398542 0)
(-0.680928 0.440925 0)
(-0.853333 0.321339 0)
(-0.894281 0.116043 0)
(-0.858846 -0.0548187 0)
(-0.807876 -0.143486 0)
(-0.75779 -0.179979 0)
(-0.705018 -0.196583 0)
(-0.65081 -0.204264 0)
(-0.597869 -0.205441 0)
(-0.548016 -0.201698 0)
(-0.501331 -0.195287 0)
(-0.457619 -0.187817 0)
(-0.41632 -0.179877 0)
(-0.377542 -0.172081 0)
(-0.341039 -0.164813 0)
(-0.306643 -0.158026 0)
(-0.274194 -0.151833 0)
(-0.243426 -0.14624 0)
(-0.214178 -0.141237 0)
(-0.186237 -0.136818 0)
(-0.159438 -0.132963 0)
(-0.133607 -0.129671 0)
(-0.10858 -0.126926 0)
(-0.0841978 -0.124709 0)
(-0.0602925 -0.123148 0)
(-0.0364925 -0.12258 0)
(-0.0122638 -0.121104 0)
(1.17648 0.0346535 0)
(1.32753 -0.0337107 0)
(1.48626 -0.167053 0)
(1.56753 -0.423395 0)
(1.39003 -0.469171 0)
(1.16505 -0.45927 0)
(1.23499 -0.48416 0)
(1.04107 -0.490664 0)
(0.71979 -0.230638 0)
(0.535497 -0.0911256 0)
(0.392231 0.00526435 0)
(0.225306 0.107523 0)
(-0.00349235 0.213489 0)
(-0.220828 0.275388 0)
(-0.408217 0.273872 0)
(-0.568927 0.212563 0)
(-0.688384 0.110465 0)
(-0.756553 0.00984895 0)
(-0.777539 -0.0621243 0)
(-0.766094 -0.106716 0)
(-0.734033 -0.1341 0)
(-0.691625 -0.150371 0)
(-0.645256 -0.158013 0)
(-0.598228 -0.159287 0)
(-0.551891 -0.156478 0)
(-0.507036 -0.151756 0)
(-0.463965 -0.146204 0)
(-0.422738 -0.14034 0)
(-0.383891 -0.13465 0)
(-0.346911 -0.129351 0)
(-0.312069 -0.124496 0)
(-0.279087 -0.120086 0)
(-0.24782 -0.116118 0)
(-0.218084 -0.1126 0)
(-0.189688 -0.109487 0)
(-0.162437 -0.106742 0)
(-0.136162 -0.10436 0)
(-0.110693 -0.102341 0)
(-0.0858497 -0.10067 0)
(-0.061469 -0.099433 0)
(-0.0372524 -0.0989406 0)
(-0.0125799 -0.0978061 0)
(1.22255 0.181092 0)
(1.41627 0.140322 0)
(1.63033 0.00168097 0)
(1.67639 -0.25988 0)
(1.45974 -0.160264 0)
(1.29036 -0.140901 0)
(1.20095 -0.309089 0)
(0.836577 -0.237506 0)
(0.564377 -0.148326 0)
(0.430276 -0.113477 0)
(0.301779 -0.0622823 0)
(0.157313 -0.0116843 0)
(0.00811354 0.0274302 0)
(-0.170779 0.0577671 0)
(-0.347891 0.0696395 0)
(-0.507216 0.056164 0)
(-0.630428 0.0236026 0)
(-0.706552 -0.0174427 0)
(-0.738797 -0.0572088 0)
(-0.737254 -0.0870757 0)
(-0.715453 -0.105342 0)
(-0.682093 -0.114699 0)
(-0.64243 -0.117386 0)
(-0.59946 -0.116185 0)
(-0.555287 -0.11301 0)
(-0.511393 -0.10907 0)
(-0.468467 -0.10478 0)
(-0.427372 -0.100744 0)
(-0.388213 -0.0969563 0)
(-0.350934 -0.0934785 0)
(-0.315694 -0.0905253 0)
(-0.282307 -0.0877975 0)
(-0.250676 -0.0854142 0)
(-0.22059 -0.0833544 0)
(-0.191911 -0.0815617 0)
(-0.164401 -0.0799696 0)
(-0.137881 -0.0785601 0)
(-0.11217 -0.0773164 0)
(-0.0870643 -0.0762075 0)
(-0.0623833 -0.0753012 0)
(-0.037884 -0.0747937 0)
(-0.0128821 -0.0738722 0)
(1.24659 0.370568 0)
(1.49388 0.375283 0)
(1.75983 0.201511 0)
(1.75658 0.0731189 0)
(1.53776 0.105096 0)
(1.41171 0.127301 0)
(1.17181 -0.17831 0)
(0.777359 -0.167569 0)
(0.542176 -0.253392 0)
(0.39325 -0.259354 0)
(0.258607 -0.233477 0)
(0.114736 -0.197086 0)
(-0.0503389 -0.157455 0)
(-0.215497 -0.120549 0)
(-0.371141 -0.0907571 0)
(-0.505804 -0.0738465 0)
(-0.611345 -0.0705412 0)
(-0.681764 -0.076614 0)
(-0.717833 -0.0840195 0)
(-0.724246 -0.0874227 0)
(-0.710241 -0.087101 0)
(-0.681789 -0.083892 0)
(-0.644642 -0.0794104 0)
(-0.602737 -0.0747501 0)
(-0.55891 -0.0704031 0)
(-0.514878 -0.0665052 0)
(-0.471738 -0.0633583 0)
(-0.430335 -0.0609478 0)
(-0.390669 -0.0588767 0)
(-0.353098 -0.0572939 0)
(-0.317501 -0.0561685 0)
(-0.283863 -0.0552158 0)
(-0.252021 -0.0544159 0)
(-0.22171 -0.05379 0)
(-0.192905 -0.0532824 0)
(-0.165304 -0.0528018 0)
(-0.138732 -0.0523578 0)
(-0.112974 -0.0519083 0)
(-0.0878312 -0.0513855 0)
(-0.0631037 -0.0508359 0)
(-0.0385405 -0.0502619 0)
(-0.0134068 -0.0493019 0)
(1.21388 0.624337 0)
(1.53081 0.663504 0)
(1.81829 0.471888 0)
(1.83594 0.463338 0)
(1.63297 0.458236 0)
(1.51562 0.439828 0)
(1.35117 0.193363 0)
(0.940892 0.0292478 0)
(0.578954 -0.163488 0)
(0.359557 -0.246414 0)
(0.217777 -0.279165 0)
(0.0704695 -0.282143 0)
(-0.0934132 -0.275222 0)
(-0.251621 -0.259251 0)
(-0.397208 -0.233216 0)
(-0.523567 -0.199898 0)
(-0.623428 -0.165051 0)
(-0.692204 -0.134334 0)
(-0.728203 -0.108958 0)
(-0.735785 -0.0870612 0)
(-0.721061 -0.0684054 0)
(-0.691203 -0.0531299 0)
(-0.652305 -0.0414697 0)
(-0.608687 -0.0329523 0)
(-0.56326 -0.0271009 0)
(-0.517893 -0.0233727 0)
(-0.473823 -0.0213142 0)
(-0.431489 -0.0204747 0)
(-0.391266 -0.0203181 0)
(-0.353328 -0.0207321 0)
(-0.317498 -0.0215706 0)
(-0.283704 -0.0224789 0)
(-0.251781 -0.0233045 0)
(-0.221532 -0.0241678 0)
(-0.192737 -0.0250067 0)
(-0.165197 -0.0256165 0)
(-0.13872 -0.0260776 0)
(-0.113083 -0.0263515 0)
(-0.0881043 -0.0263919 0)
(-0.0635839 -0.0261785 0)
(-0.0392758 -0.0255566 0)
(-0.013923 -0.0244665 0)
(1.23465 0.935056 0)
(1.59955 0.95134 0)
(1.83299 0.795755 0)
(1.85815 0.77759 0)
(1.72827 0.814676 0)
(1.61674 0.795252 0)
(1.53922 0.679816 0)
(1.25426 0.558552 0)
(0.894395 0.343245 0)
(0.577032 0.125314 0)
(0.316728 -0.0425072 0)
(0.111828 -0.168573 0)
(-0.0748035 -0.259283 0)
(-0.258878 -0.318586 0)
(-0.424743 -0.340955 0)
(-0.56566 -0.318668 0)
(-0.670086 -0.261555 0)
(-0.737062 -0.193937 0)
(-0.768181 -0.133142 0)
(-0.768988 -0.0839494 0)
(-0.747005 -0.0462199 0)
(-0.710409 -0.018746 0)
(-0.665604 3.48192e-05 0)
(-0.617208 0.0119255 0)
(-0.568145 0.0186409 0)
(-0.520158 0.0216478 0)
(-0.474213 0.0221061 0)
(-0.430707 0.0209213 0)
(-0.389784 0.0187885 0)
(-0.351497 0.016127 0)
(-0.315539 0.0132383 0)
(-0.281749 0.01039 0)
(-0.249924 0.00773408 0)
(-0.219921 0.00530792 0)
(-0.191343 0.00316286 0)
(-0.164067 0.00137385 0)
(-0.137874 -5.23947e-05 0)
(-0.112554 -0.00109292 0)
(-0.087922 -0.00171183 0)
(-0.063795 -0.00188078 0)
(-0.0400472 -0.00140619 0)
(-0.0145324 -0.000309307 0)
(1.0781 1.50028 0)
(1.62579 1.40216 0)
(1.87313 1.17338 0)
(1.8888 1.07613 0)
(1.79548 1.00079 0)
(1.64242 0.942519 0)
(1.45998 0.893435 0)
(1.23803 0.874842 0)
(0.954454 0.731611 0)
(0.743009 0.502267 0)
(0.591043 0.304752 0)
(0.368064 0.125897 0)
(0.085713 -0.0710988 0)
(-0.156771 -0.240158 0)
(-0.391488 -0.360829 0)
(-0.599935 -0.402172 0)
(-0.742888 -0.356324 0)
(-0.818323 -0.257663 0)
(-0.840306 -0.154206 0)
(-0.825393 -0.0722345 0)
(-0.788119 -0.0142211 0)
(-0.738329 0.0247146 0)
(-0.683049 0.0489855 0)
(-0.626848 0.062503 0)
(-0.572293 0.0685208 0)
(-0.520637 0.0695477 0)
(-0.472359 0.0674235 0)
(-0.427501 0.06346 0)
(-0.385905 0.0585606 0)
(-0.347325 0.0533066 0)
(-0.311417 0.0480739 0)
(-0.277875 0.043114 0)
(-0.246415 0.0385734 0)
(-0.216774 0.0345176 0)
(-0.188659 0.0309841 0)
(-0.161851 0.0280024 0)
(-0.136136 0.0255815 0)
(-0.111315 0.0237321 0)
(-0.0872101 0.0224772 0)
(-0.0636545 0.0218328 0)
(-0.0406358 0.0219735 0)
(-0.0151966 0.0228656 0)
(0.899908 0.915348 0)
(1.6864 1.49208 0)
(1.98192 1.48381 0)
(1.99287 1.4038 0)
(1.92887 1.33946 0)
(1.83986 1.14268 0)
(1.72373 0.883699 0)
(1.50932 0.636939 0)
(1.10589 0.490084 0)
(0.694754 0.423363 0)
(0.484725 0.363588 0)
(0.392222 0.263709 0)
(0.321143 0.161664 0)
(0.0883938 0.013155 0)
(-0.22411 -0.206866 0)
(-0.559055 -0.363797 0)
(-0.812525 -0.398741 0)
(-0.939178 -0.308018 0)
(-0.954388 -0.166744 0)
(-0.90929 -0.0464267 0)
(-0.843954 0.0328323 0)
(-0.772811 0.0809166 0)
(-0.702174 0.107478 0)
(-0.635448 0.119631 0)
(-0.574034 0.122503 0)
(-0.518147 0.119706 0)
(-0.467442 0.113686 0)
(-0.421363 0.106047 0)
(-0.379321 0.0978128 0)
(-0.340766 0.0896087 0)
(-0.30519 0.0818056 0)
(-0.272155 0.0746174 0)
(-0.241289 0.0681546 0)
(-0.212271 0.0624585 0)
(-0.184805 0.0575356 0)
(-0.158648 0.0533798 0)
(-0.133579 0.0499786 0)
(-0.109407 0.0473219 0)
(-0.0859629 0.0454132 0)
(-0.0630924 0.0442435 0)
(-0.0408771 0.0439592 0)
(-0.015747 0.0444906 0)
(-0.32906 0.0386772 0)
(1.23295 1.03774 0)
(1.90209 1.51861 0)
(2.05739 1.66479 0)
(2.01928 1.69306 0)
(1.92889 1.69592 0)
(1.80701 1.69329 0)
(1.66089 1.62037 0)
(1.44196 1.43579 0)
(1.25685 0.936714 0)
(0.94386 0.388253 0)
(0.418133 0.141885 0)
(-0.0435334 0.253429 0)
(0.0813487 0.355657 0)
(0.0603804 0.178884 0)
(-0.369865 -0.0851321 0)
(-0.793568 -0.287966 0)
(-1.07011 -0.279191 0)
(-1.11425 -0.143426 0)
(-1.02477 0.00709411 0)
(-0.912777 0.103167 0)
(-0.809886 0.154257 0)
(-0.719084 0.177284 0)
(-0.639912 0.183525 0)
(-0.571162 0.180045 0)
(-0.511235 0.171285 0)
(-0.45856 0.160002 0)
(-0.411781 0.147856 0)
(-0.369795 0.13581 0)
(-0.331724 0.1244 0)
(-0.296867 0.113906 0)
(-0.264666 0.104454 0)
(-0.234672 0.0960865 0)
(-0.20652 0.0887903 0)
(-0.179904 0.0825273 0)
(-0.154567 0.0772527 0)
(-0.130293 0.0729229 0)
(-0.106897 0.0695012 0)
(-0.0842196 0.0669662 0)
(-0.0621153 0.0652816 0)
(-0.040739 0.0645667 0)
(-0.0161064 0.0646966 0)
(-0.738918 -0.0384361 0)
(0.417563 0.439469 0)
(1.32918 1.15298 0)
(1.81867 1.61234 0)
(1.94158 1.84823 0)
(1.89223 1.97386 0)
(1.78256 2.08015 0)
(1.65678 2.18388 0)
(1.52435 2.26871 0)
(1.40554 2.29801 0)
(1.24605 2.22582 0)
(0.992543 1.91856 0)
(0.628348 1.23665 0)
(0.116952 0.548366 0)
(0.000500196 0.640692 0)
(-0.193294 0.494595 0)
(-0.619038 0.144419 0)
(-1.11882 -0.0221182 0)
(-1.28313 0.000173945 0)
(-1.16316 0.135698 0)
(-0.986764 0.226281 0)
(-0.84054 0.26327 0)
(-0.725906 0.270553 0)
(-0.633991 0.262643 0)
(-0.55883 0.24747 0)
(-0.496133 0.229387 0)
(-0.44274 0.210745 0)
(-0.39637 0.192788 0)
(-0.355378 0.176123 0)
(-0.318576 0.161006 0)
(-0.28509 0.147506 0)
(-0.254264 0.135594 0)
(-0.2256 0.125197 0)
(-0.198708 0.116218 0)
(-0.173277 0.108558 0)
(-0.149056 0.102123 0)
(-0.125835 0.0968337 0)
(-0.103443 0.092621 0)
(-0.0817339 0.0894367 0)
(-0.060569 0.0872179 0)
(-0.0401696 0.0860595 0)
(-0.0162818 0.085766 0)
(-0.313617 -0.0568747 0)
(-0.242165 -0.131484 0)
(0.552899 0.514923 0)
(1.32656 1.27447 0)
(1.67173 1.67566 0)
(1.7406 1.92526 0)
(1.67069 2.10138 0)
(1.55385 2.24184 0)
(1.43851 2.38164 0)
(1.35658 2.54507 0)
(1.30232 2.71763 0)
(1.25425 2.78367 0)
(1.12865 2.64098 0)
(0.889997 2.25962 0)
(0.500161 1.54968 0)
(0.0591467 1.12516 0)
(-0.394403 0.991616 0)
(-0.955387 0.628497 0)
(-1.31882 0.394294 0)
(-1.24915 0.403565 0)
(-1.02742 0.433239 0)
(-0.840582 0.422488 0)
(-0.706795 0.39332 0)
(-0.607677 0.359214 0)
(-0.530755 0.325303 0)
(-0.468864 0.293805 0)
(-0.417426 0.265439 0)
(-0.373444 0.240298 0)
(-0.334926 0.218218 0)
(-0.300517 0.198934 0)
(-0.26927 0.182166 0)
(-0.240505 0.167647 0)
(-0.213724 0.15514 0)
(-0.188551 0.144435 0)
(-0.164692 0.135352 0)
(-0.141915 0.127739 0)
(-0.120035 0.12147 0)
(-0.0988975 0.116445 0)
(-0.0783766 0.112586 0)
(-0.0583421 0.109806 0)
(-0.0390723 0.108183 0)
(-0.0162044 0.107431 0)
(-0.121672 -0.0470428 0)
(-0.303752 -0.175994 0)
(-0.257145 -0.262344 0)
(0.556056 0.620412 0)
(1.12669 1.12454 0)
(1.40853 1.56774 0)
(1.46533 1.87904 0)
(1.39457 2.05802 0)
(1.27144 2.19174 0)
(1.15538 2.32278 0)
(1.12983 2.53772 0)
(1.14579 2.78603 0)
(1.20037 3.05084 0)
(1.18917 3.05725 0)
(1.03111 2.79108 0)
(0.746721 2.38101 0)
(0.188627 1.85384 0)
(-0.535341 1.43242 0)
(-1.09062 1.04292 0)
(-1.15105 0.813705 0)
(-0.958776 0.699095 0)
(-0.773933 0.605611 0)
(-0.644511 0.523274 0)
(-0.55289 0.455606 0)
(-0.483599 0.400136 0)
(-0.428475 0.354284 0)
(-0.382842 0.31608 0)
(-0.343788 0.283977 0)
(-0.309456 0.256812 0)
(-0.278624 0.233712 0)
(-0.250456 0.214007 0)
(-0.224363 0.197178 0)
(-0.199922 0.182821 0)
(-0.176816 0.170613 0)
(-0.154803 0.160296 0)
(-0.133692 0.151661 0)
(-0.113333 0.144544 0)
(-0.093599 0.138811 0)
(-0.0743901 0.134362 0)
(-0.0555901 0.131089 0)
(-0.0375192 0.129058 0)
(-0.0158603 0.127896 0)
(-0.0968644 -0.0715532 0)
(-0.118522 -0.140347 0)
(-0.21822 -0.324667 0)
(-0.15679 -0.404774 0)
(0.500508 0.199969 0)
(0.880091 0.792682 0)
(1.06445 1.20114 0)
(1.13251 1.42284 0)
(1.09347 1.48774 0)
(0.957808 1.6078 0)
(0.788384 1.89005 0)
(0.697945 2.26932 0)
(0.888307 2.90681 0)
(1.17818 3.16338 0)
(1.24608 3.12464 0)
(1.12758 2.93855 0)
(0.793691 2.57278 0)
(0.123002 2.0912 0)
(-0.559287 1.65724 0)
(-0.814289 1.24172 0)
(-0.74157 0.953732 0)
(-0.624712 0.765048 0)
(-0.535547 0.632612 0)
(-0.469864 0.535562 0)
(-0.418494 0.462256 0)
(-0.376189 0.404932 0)
(-0.340043 0.358974 0)
(-0.308256 0.321436 0)
(-0.279651 0.290325 0)
(-0.25344 0.264263 0)
(-0.229082 0.242276 0)
(-0.206188 0.223647 0)
(-0.184476 0.207842 0)
(-0.163736 0.19445 0)
(-0.143802 0.183154 0)
(-0.124544 0.173702 0)
(-0.105857 0.165899 0)
(-0.0876537 0.159589 0)
(-0.0698626 0.154654 0)
(-0.0523877 0.150973 0)
(-0.035579 0.148603 0)
(-0.0152813 0.147093 0)
(-0.0289622 -0.0736092 0)
(-0.0413876 -0.120509 0)
(-0.0439399 -0.20428 0)
(-0.0324831 -0.334129 0)
(0.0439567 -0.385531 0)
(0.307768 -0.164917 0)
(0.680743 0.328346 0)
(0.873848 0.693394 0)
(0.79116 1.09074 0)
(0.499657 1.66719 0)
(0.205009 2.24009 0)
(0.0164098 2.53993 0)
(0.276451 2.73506 0)
(0.972118 2.83186 0)
(1.3217 2.81227 0)
(1.29746 2.68644 0)
(1.00262 2.48614 0)
(0.350061 2.10645 0)
(-0.178111 1.7594 0)
(-0.413992 1.37223 0)
(-0.445982 1.05245 0)
(-0.426678 0.838215 0)
(-0.398597 0.69076 0)
(-0.369851 0.583766 0)
(-0.342346 0.503324 0)
(-0.316405 0.440911 0)
(-0.291963 0.391194 0)
(-0.268865 0.350812 0)
(-0.246939 0.317517 0)
(-0.226011 0.289741 0)
(-0.205931 0.266376 0)
(-0.186578 0.24662 0)
(-0.167853 0.229878 0)
(-0.149676 0.215698 0)
(-0.131977 0.20373 0)
(-0.114698 0.193704 0)
(-0.0977889 0.185407 0)
(-0.0812048 0.178672 0)
(-0.0649074 0.173371 0)
(-0.0488254 0.169378 0)
(-0.0333275 0.166746 0)
(-0.0145047 0.164957 0)
(-0.00164848 -0.0629209 0)
(0.00787095 -0.091651 0)
(0.0307106 -0.126938 0)
(0.0699054 -0.170288 0)
(0.114159 -0.215766 0)
(0.159867 -0.215576 0)
(0.252816 -0.0500871 0)
(0.268953 0.272672 0)
(0.101213 0.616706 0)
(-0.0855543 0.933668 0)
(-0.107212 1.21455 0)
(0.0338045 1.42243 0)
(0.377243 1.58918 0)
(0.921419 1.86096 0)
(1.33573 1.97809 0)
(1.42163 1.92565 0)
(1.20655 1.84245 0)
(0.685292 1.65471 0)
(0.193854 1.44576 0)
(-0.0681336 1.20679 0)
(-0.190536 0.987507 0)
(-0.24435 0.820944 0)
(-0.265725 0.694709 0)
(-0.26993 0.597354 0)
(-0.264967 0.521268 0)
(-0.255058 0.460692 0)
(-0.242387 0.411635 0)
(-0.228152 0.371333 0)
(-0.213073 0.337831 0)
(-0.19758 0.309732 0)
(-0.181913 0.286 0)
(-0.166214 0.265865 0)
(-0.15057 0.24875 0)
(-0.135035 0.234213 0)
(-0.119641 0.22191 0)
(-0.104401 0.211571 0)
(-0.0893236 0.202987 0)
(-0.0744065 0.195989 0)
(-0.0596467 0.190452 0)
(-0.045 0.186248 0)
(-0.0308436 0.183431 0)
(-0.0135717 0.181437 0)
(0.0231994 -0.0472189 0)
(0.0348241 -0.0637375 0)
(0.0555358 -0.0793894 0)
(0.0891921 -0.0868765 0)
(0.132726 -0.0821474 0)
(0.163372 -0.0667936 0)
(0.159289 -0.0244694 0)
(0.084078 0.0565416 0)
(-0.0518445 0.133277 0)
(-0.193346 0.16805 0)
(-0.234462 0.169556 0)
(-0.0633368 0.164847 0)
(0.30205 0.216727 0)
(0.799205 0.355708 0)
(1.25471 0.609708 0)
(1.40941 0.767665 0)
(1.21453 0.964606 0)
(0.761443 1.07596 0)
(0.363605 1.07847 0)
(0.116831 0.982584 0)
(-0.0254784 0.864172 0)
(-0.109107 0.755539 0)
(-0.157231 0.662661 0)
(-0.182911 0.584762 0)
(-0.194627 0.519941 0)
(-0.197577 0.466052 0)
(-0.194897 0.421108 0)
(-0.188567 0.383381 0)
(-0.179807 0.351465 0)
(-0.169423 0.324327 0)
(-0.157968 0.30118 0)
(-0.145802 0.281385 0)
(-0.133167 0.264447 0)
(-0.120233 0.249977 0)
(-0.107119 0.237669 0)
(-0.0939099 0.227279 0)
(-0.0806629 0.218613 0)
(-0.0674185 0.211515 0)
(-0.0542062 0.20587 0)
(-0.0410093 0.201555 0)
(-0.0282049 0.19863 0)
(-0.0125246 0.196501 0)
(0.0356954 -0.0314587 0)
(0.0475154 -0.0391899 0)
(0.064414 -0.0444098 0)
(0.0862133 -0.0431039 0)
(0.109619 -0.0300169 0)
(0.127844 -0.00416246 0)
(0.127193 0.030065 0)
(0.0802448 0.0486181 0)
(-0.0184009 0.0164838 0)
(-0.121663 -0.0715564 0)
(-0.161211 -0.190365 0)
(-0.0729993 -0.296563 0)
(0.181961 -0.347636 0)
(0.571731 -0.294765 0)
(0.91897 -0.0720952 0)
(1.03592 0.198431 0)
(0.895228 0.514039 0)
(0.629061 0.727662 0)
(0.377778 0.802319 0)
(0.19282 0.787682 0)
(0.0651697 0.736873 0)
(-0.0208541 0.675168 0)
(-0.0777412 0.613465 0)
(-0.114006 0.556361 0)
(-0.135734 0.505344 0)
(-0.147436 0.46064 0)
(-0.152182 0.421803 0)
(-0.152085 0.388193 0)
(-0.148585 0.359155 0)
(-0.142637 0.334017 0)
(-0.134936 0.312238 0)
(-0.125987 0.293392 0)
(-0.116144 0.27711 0)
(-0.10566 0.263086 0)
(-0.0947222 0.251073 0)
(-0.0834685 0.240868 0)
(-0.0720008 0.23231 0)
(-0.0603942 0.225264 0)
(-0.048707 0.21963 0)
(-0.0369474 0.215299 0)
(-0.0254847 0.212335 0)
(-0.0114032 0.210136 0)
(0.042103 -0.0182983 0)
(0.0518363 -0.0209129 0)
(0.064345 -0.020817 0)
(0.0787299 -0.0164584 0)
(0.091952 -0.0062335 0)
(0.0988637 0.0113542 0)
(0.0948572 0.0333606 0)
(0.0721774 0.045415 0)
(0.0337251 0.0242049 0)
(-0.00223852 -0.0402031 0)
(-0.00967243 -0.139749 0)
(0.0435228 -0.239784 0)
(0.181767 -0.290146 0)
(0.398158 -0.245412 0)
(0.598738 -0.078342 0)
(0.67614 0.15862 0)
(0.619339 0.387273 0)
(0.486042 0.544766 0)
(0.338039 0.62131 0)
(0.209331 0.640876 0)
(0.107532 0.627612 0)
(0.0311211 0.597405 0)
(-0.0241569 0.559976 0)
(-0.063005 0.521004 0)
(-0.0892712 0.4833 0)
(-0.105999 0.448121 0)
(-0.115603 0.41618 0)
(-0.119951 0.387539 0)
(-0.120421 0.362067 0)
(-0.118026 0.339555 0)
(-0.113468 0.319706 0)
(-0.107293 0.302261 0)
(-0.0999198 0.287004 0)
(-0.0916519 0.273729 0)
(-0.0827181 0.262257 0)
(-0.0732932 0.252439 0)
(-0.0635107 0.244151 0)
(-0.0534722 0.237287 0)
(-0.0432585 0.231768 0)
(-0.032899 0.227504 0)
(-0.0227482 0.224563 0)
(-0.010244 0.222351 0)
(0.0441655 -0.00782826 0)
(0.0517849 -0.00765177 0)
(0.0608059 -0.00519924 0)
(0.070372 0.000101155 0)
(0.0788679 0.00841712 0)
(0.0838878 0.0200541 0)
(0.081822 0.0322009 0)
(0.0715083 0.0362213 0)
(0.0574563 0.0240629 0)
(0.0523818 -0.00771468 0)
(0.0690177 -0.0534874 0)
(0.122422 -0.0961283 0)
(0.213098 -0.109566 0)
(0.326311 -0.0678058 0)
(0.429582 0.0424688 0)
(0.472781 0.190943 0)
(0.447899 0.331486 0)
(0.376289 0.438503 0)
(0.2863 0.504472 0)
(0.198075 0.535169 0)
(0.121022 0.540602 0)
(0.0580976 0.529842 0)
(0.00909435 0.509644 0)
(-0.0277319 0.484684 0)
(-0.054622 0.458097 0)
(-0.073274 0.431763 0)
(-0.0854663 0.40657 0)
(-0.0926157 0.38303 0)
(-0.0958473 0.36143 0)
(-0.096069 0.341834 0)
(-0.0939762 0.324215 0)
(-0.0900829 0.308463 0)
(-0.0848037 0.294479 0)
(-0.0784662 0.282165 0)
(-0.0713201 0.271417 0)
(-0.0635592 0.262139 0)
(-0.0553357 0.254247 0)
(-0.0467684 0.24767 0)
(-0.0379532 0.242351 0)
(-0.028936 0.238219 0)
(-0.0200503 0.235353 0)
(-0.00907768 0.233173 0)
(0.0435602 0.000184739 0)
(0.0494144 0.00215481 0)
(0.0561489 0.00566867 0)
(0.062994 0.0109381 0)
(0.06902 0.0178861 0)
(0.0731771 0.0258945 0)
(0.0738102 0.0333524 0)
(0.0713578 0.0360918 0)
(0.0698766 0.0291643 0)
(0.0764088 0.0151769 0)
(0.0987719 -0.000182381 0)
(0.141112 -0.00913559 0)
(0.201983 -0.000619682 0)
(0.268761 0.0382196 0)
(0.326177 0.111758 0)
(0.348965 0.204272 0)
(0.335276 0.296383 0)
(0.293371 0.373239 0)
(0.236359 0.427682 0)
(0.175716 0.459889 0)
(0.118703 0.473779 0)
(0.0689704 0.474163 0)
(0.0277764 0.465383 0)
(-0.00494182 0.450835 0)
(-0.0300352 0.433198 0)
(-0.0485328 0.414227 0)
(-0.0615671 0.394965 0)
(-0.0701071 0.376202 0)
(-0.0750165 0.358375 0)
(-0.0770106 0.341738 0)
(-0.0767058 0.326425 0)
(-0.0745743 0.312487 0)
(-0.0709934 0.299916 0)
(-0.0662781 0.288692 0)
(-0.0606793 0.278781 0)
(-0.0543951 0.270143 0)
(-0.0475837 0.262736 0)
(-0.0403719 0.256519 0)
(-0.0328634 0.251461 0)
(-0.0251152 0.247512 0)
(-0.0174347 0.244758 0)
(-0.00792929 0.242646 0)
(0.0411757 0.00637824 0)
(0.0456632 0.00944112 0)
(0.0506941 0.0136515 0)
(0.0559615 0.0189426 0)
(0.0608543 0.0251183 0)
(0.0648842 0.031723 0)
(0.0678303 0.0376787 0)
(0.0700946 0.0404597 0)
(0.0744116 0.0396848 0)
(0.0856612 0.0369844 0)
(0.106052 0.0352218 0)
(0.136784 0.0406934 0)
(0.175674 0.0583446 0)
(0.217172 0.0936088 0)
(0.249569 0.146988 0)
(0.26303 0.210463 0)
(0.255214 0.275152 0)
(0.229431 0.332207 0)
(0.192227 0.376391 0)
(0.150216 0.40639 0)
(0.108425 0.423423 0)
(0.0700275 0.429857 0)
(0.0366633 0.428284 0)
(0.00892667 0.421023 0)
(-0.0131997 0.410125 0)
(-0.0303968 0.397085 0)
(-0.0431397 0.38287 0)
(-0.0520565 0.368285 0)
(-0.0577489 0.353906 0)
(-0.0608017 0.340063 0)
(-0.0616957 0.326995 0)
(-0.0608418 0.314853 0)
(-0.058576 0.303712 0)
(-0.0551777 0.293618 0)
(-0.0508821 0.284593 0)
(-0.0458796 0.276645 0)
(-0.0403244 0.26977 0)
(-0.0343425 0.263956 0)
(-0.0280391 0.259198 0)
(-0.0214766 0.255464 0)
(-0.0149325 0.252846 0)
(-0.00681731 0.250826 0)
(0.0375575 0.0111196 0)
(0.0410623 0.0148932 0)
(0.045006 0.0196178 0)
(0.0491826 0.0251103 0)
(0.0533624 0.0310632 0)
(0.0574794 0.0373461 0)
(0.0615302 0.0433758 0)
(0.0659939 0.0480461 0)
(0.0731477 0.0517308 0)
(0.0843619 0.0557831 0)
(0.101253 0.0621185 0)
(0.123642 0.0738098 0)
(0.149232 0.0943357 0)
(0.174843 0.125701 0)
(0.193623 0.166752 0)
(0.201387 0.21374 0)
(0.196245 0.261671 0)
(0.179514 0.305427 0)
(0.154528 0.341449 0)
(0.125109 0.36822 0)
(0.0945796 0.38583 0)
(0.0653645 0.395328 0)
(0.0389883 0.398188 0)
(0.0162444 0.395963 0)
(-0.00257932 0.389923 0)
(-0.0176972 0.381286 0)
(-0.0293641 0.37115 0)
(-0.0378692 0.36016 0)
(-0.0436994 0.348799 0)
(-0.0472342 0.337454 0)
(-0.048831 0.326451 0)
(-0.0488379 0.315999 0)
(-0.0475436 0.306231 0)
(-0.0451796 0.297241 0)
(-0.0419541 0.289095 0)
(-0.038043 0.28184 0)
(-0.0335889 0.275507 0)
(-0.02871 0.270112 0)
(-0.0235069 0.265667 0)
(-0.018043 0.262162 0)
(-0.0125624 0.259693 0)
(-0.00575378 0.25778 0)
(0.0329931 0.0148061 0)
(0.0357425 0.0192713 0)
(0.0389844 0.0244167 0)
(0.0424038 0.0301308 0)
(0.0461323 0.0363884 0)
(0.0501519 0.0430352 0)
(0.0545241 0.0496213 0)
(0.0597413 0.0560584 0)
(0.0670108 0.0629772 0)
(0.0769571 0.0711819 0)
(0.0900771 0.0817497 0)
(0.105971 0.096667 0)
(0.123306 0.117625 0)
(0.139071 0.14511 0)
(0.150387 0.178372 0)
(0.154736 0.215148 0)
(0.15097 0.252482 0)
(0.139631 0.287307 0)
(0.122461 0.317209 0)
(0.101691 0.340868 0)
(0.0794633 0.357953 0)
(0.0575183 0.368839 0)
(0.0370911 0.374309 0)
(0.0189352 0.375311 0)
(0.00340401 0.372782 0)
(-0.00930262 0.367621 0)
(-0.019355 0.360685 0)
(-0.0269974 0.352534 0)
(-0.0324694 0.343632 0)
(-0.0360166 0.334458 0)
(-0.037922 0.325281 0)
(-0.0384439 0.316328 0)
(-0.0378102 0.307801 0)
(-0.0362287 0.299835 0)
(-0.0338672 0.292513 0)
(-0.030873 0.285916 0)
(-0.0273741 0.280103 0)
(-0.0234769 0.275113 0)
(-0.0192726 0.270976 0)
(-0.0148212 0.267698 0)
(-0.0103316 0.26538 0)
(-0.00474492 0.263575 0)
(0.0279168 0.0176255 0)
(0.0300265 0.0226927 0)
(0.0325773 0.0282357 0)
(0.0353794 0.0343371 0)
(0.0385884 0.0409761 0)
(0.0421062 0.0480645 0)
(0.0462167 0.0555294 0)
(0.0512567 0.0635475 0)
(0.0576843 0.0725765 0)
(0.0657909 0.0831571 0)
(0.0755869 0.0960854 0)
(0.0868365 0.112369 0)
(0.098226 0.132587 0)
(0.108246 0.157115 0)
(0.115122 0.185335 0)
(0.117489 0.215539 0)
(0.114635 0.245997 0)
(0.106778 0.274785 0)
(0.0948639 0.300233 0)
(0.0802106 0.321281 0)
(0.0641855 0.337477 0)
(0.0479935 0.348865 0)
(0.0325648 0.355832 0)
(0.0185372 0.358952 0)
(0.00629026 0.358878 0)
(-0.00398822 0.356262 0)
(-0.0123053 0.351691 0)
(-0.0187927 0.345747 0)
(-0.0235527 0.338897 0)
(-0.0267935 0.331483 0)
(-0.0287031 0.323816 0)
(-0.0294625 0.316163 0)
(-0.0292517 0.308716 0)
(-0.0282386 0.301631 0)
(-0.0265553 0.29504 0)
(-0.0243223 0.289038 0)
(-0.0216474 0.283697 0)
(-0.0186214 0.279078 0)
(-0.0153223 0.275225 0)
(-0.0118035 0.272158 0)
(-0.00823671 0.269981 0)
(-0.00379181 0.268282 0)
(0.0223002 0.019819 0)
(0.023904 0.0252985 0)
(0.0257839 0.0312401 0)
(0.0280351 0.0376762 0)
(0.0306073 0.0447256 0)
(0.033538 0.0524136 0)
(0.0370008 0.0607011 0)
(0.041225 0.0698071 0)
(0.0463526 0.0801933 0)
(0.0524913 0.0921702 0)
(0.0595411 0.106229 0)
(0.0671778 0.122866 0)
(0.074579 0.142385 0)
(0.0809878 0.164757 0)
(0.0851449 0.189453 0)
(0.0863633 0.215411 0)
(0.0842227 0.241384 0)
(0.0788032 0.266112 0)
(0.0706282 0.288409 0)
(0.0604802 0.307435 0)
(0.04922 0.32274 0)
(0.0376521 0.334212 0)
(0.0264367 0.342011 0)
(0.0160632 0.346473 0)
(0.00684942 0.348039 0)
(-0.00102963 0.347186 0)
(-0.00751607 0.344412 0)
(-0.0126376 0.340171 0)
(-0.0164919 0.334842 0)
(-0.0191957 0.328807 0)
(-0.0208768 0.322364 0)
(-0.021664 0.315748 0)
(-0.0216893 0.309176 0)
(-0.021067 0.302834 0)
(-0.01991 0.296857 0)
(-0.0183108 0.291352 0)
(-0.0163502 0.286412 0)
(-0.0141005 0.28211 0)
(-0.0116251 0.278503 0)
(-0.00896776 0.275619 0)
(-0.00626273 0.273565 0)
(-0.00288693 0.271962 0)
(0.0161841 0.0214225 0)
(0.0173267 0.0271187 0)
(0.0186944 0.0334032 0)
(0.0203409 0.0402726 0)
(0.022248 0.047667 0)
(0.0244493 0.0557432 0)
(0.0269776 0.0646521 0)
(0.0300968 0.0745842 0)
(0.0337914 0.0857855 0)
(0.0379951 0.0985331 0)
(0.0427465 0.113129 0)
(0.0476815 0.129781 0)
(0.0522785 0.148614 0)
(0.0561165 0.169495 0)
(0.0586017 0.191917 0)
(0.0591991 0.215117 0)
(0.0576968 0.238209 0)
(0.0541331 0.260278 0)
(0.0487963 0.280439 0)
(0.0421409 0.298013 0)
(0.034688 0.31258 0)
(0.0269481 0.323963 0)
(0.0193625 0.332199 0)
(0.0122643 0.337486 0)
(0.00588212 0.340131 0)
(0.00035443 0.340497 0)
(-0.00425042 0.338957 0)
(-0.00795712 0.33591 0)
(-0.0107896 0.331729 0)
(-0.0128114 0.326718 0)
(-0.0141186 0.321171 0)
(-0.01479 0.315351 0)
(-0.0149103 0.309463 0)
(-0.0145601 0.303684 0)
(-0.0138191 0.29817 0)
(-0.0127525 0.293049 0)
(-0.0114195 0.288418 0)
(-0.00987347 0.284357 0)
(-0.00816078 0.280933 0)
(-0.00631304 0.278184 0)
(-0.00442824 0.276221 0)
(-0.00205639 0.274675 0)
(0.00979212 0.0214977 0)
(0.0104008 0.0274942 0)
(0.0112235 0.0341056 0)
(0.0121428 0.0413323 0)
(0.0132808 0.0492599 0)
(0.0146668 0.0579037 0)
(0.016321 0.0673461 0)
(0.0182623 0.0777988 0)
(0.0205101 0.0894405 0)
(0.0228892 0.10263 0)
(0.0256519 0.117518 0)
(0.0284443 0.133989 0)
(0.0309222 0.152297 0)
(0.0329783 0.172314 0)
(0.0342824 0.193389 0)
(0.0345452 0.214922 0)
(0.0336504 0.236278 0)
(0.0316182 0.256733 0)
(0.0285958 0.275566 0)
(0.0248191 0.292203 0)
(0.0205654 0.306257 0)
(0.0161083 0.31753 0)
(0.0116923 0.326021 0)
(0.0075197 0.331866 0)
(0.00374391 0.335278 0)
(0.000454825 0.336525 0)
(-0.00230691 0.335917 0)
(-0.00452449 0.33382 0)
(-0.00622836 0.330535 0)
(-0.0074532 0.326344 0)
(-0.00823907 0.321515 0)
(-0.00864277 0.316291 0)
(-0.00871744 0.310887 0)
(-0.00851125 0.305494 0)
(-0.00806641 0.30027 0)
(-0.00742727 0.295347 0)
(-0.0066298 0.29083 0)
(-0.00570528 0.286811 0)
(-0.00468324 0.283369 0)
(-0.0035866 0.28055 0)
(-0.00247067 0.278498 0)
(-0.00112096 0.276796 0)
(0.00326229 0.0237184 0)
(0.0034314 0.029771 0)
(0.00362883 0.0361685 0)
(0.00389246 0.043033 0)
(0.00425356 0.0505031 0)
(0.00473831 0.0587311 0)
(0.00534463 0.0680173 0)
(0.0060199 0.0785161 0)
(0.00677811 0.0900994 0)
(0.0075208 0.103288 0)
(0.00841641 0.118189 0)
(0.00932359 0.134365 0)
(0.0101145 0.152198 0)
(0.0107687 0.171571 0)
(0.0111654 0.191793 0)
(0.0112378 0.21235 0)
(0.0109434 0.232688 0)
(0.0102869 0.252175 0)
(0.00931369 0.270175 0)
(0.00809621 0.286162 0)
(0.00671958 0.299766 0)
(0.00526131 0.310777 0)
(0.00379329 0.319119 0)
(0.00239361 0.32486 0)
(0.00113075 0.328195 0)
(3.94195e-05 0.329398 0)
(-0.000870113 0.328773 0)
(-0.00159222 0.326616 0)
(-0.00213754 0.323286 0)
(-0.00251919 0.31909 0)
(-0.00275378 0.314308 0)
(-0.00286207 0.309192 0)
(-0.00285871 0.303953 0)
(-0.00276543 0.298778 0)
(-0.00259721 0.293818 0)
(-0.00236902 0.289204 0)
(-0.00209018 0.285043 0)
(-0.00177063 0.281416 0)
(-0.00142151 0.278387 0)
(-0.00105332 0.275996 0)
(-0.000680223 0.274314 0)
(-0.000278552 0.273082 0)
)
;

boundaryField
{
    leftWall
    {
        type            noSlip;
    }
    rightWall
    {
        type            noSlip;
    }
    lowerWall
    {
        type            noSlip;
    }
    atmosphere
    {
        type            pressureInletOutletVelocity;
        value           nonuniform List<vector> 
44
(
(0 -0.335233 0)
(0 -0.335986 0)
(0 -0.332586 0)
(0 -0.327337 0)
(0 -0.320258 0)
(0 -0.311427 0)
(0 -0.300909 0)
(0 -0.288771 0)
(0 -0.275087 0)
(0 -0.259939 0)
(0 -0.243416 0)
(0 -0.225614 0)
(0 -0.206636 0)
(0 -0.186589 0)
(0 -0.165581 0)
(0 -0.14372 0)
(0 -0.121104 0)
(0 -0.0978061 0)
(0 -0.0738722 0)
(0 -0.0493019 0)
(0 -0.0244665 0)
(0 -0.000309307 0)
(-0.0151966 0.0228656 0)
(-0.015747 0.0444906 0)
(-0.0161064 0.0646966 0)
(-0.0162818 0.085766 0)
(-0.0162044 0.107431 0)
(-0.0158603 0.127896 0)
(-0.0152813 0.147093 0)
(-0.0145047 0.164957 0)
(-0.0135717 0.181437 0)
(-0.0125246 0.196501 0)
(-0.0114032 0.210136 0)
(-0.010244 0.222351 0)
(-0.00907768 0.233173 0)
(-0.00792929 0.242646 0)
(-0.00681731 0.250826 0)
(-0.00575378 0.25778 0)
(-0.00474492 0.263575 0)
(-0.00379181 0.268282 0)
(-0.00288693 0.271962 0)
(-0.00205639 0.274675 0)
(-0.00112096 0.276796 0)
(-0.000278552 0.273082 0)
)
;
    }
    frontAndBack
    {
        type            empty;
    }
}


// ************************************************************************* //
