/*--------------------------------*- C++ -*----------------------------------*\
  =========                 |
  \\      /  F ield         | OpenFOAM: The Open Source CFD Toolbox
   \\    /   O peration     | Website:  https://openfoam.org
    \\  /    A nd           | Version:  13
     \\/     M anipulation  |
\*---------------------------------------------------------------------------*/
FoamFile
{
    format      ascii;
    class       volScalarField;
    location    "0.013";
    object      T;
}
// * * * * * * * * * * * * * * * * * * * * * * * * * * * * * * * * * * * * * //

dimensions      [0 0 0 1 0 0 0];

internalField   nonuniform List<scalar> 
8000
(
1801.03
1800.04
1800.27
1800.33
1800.41
1800.48
1800.55
1800.6
1800.65
1800.7
1800.74
1800.76
1800.77
1800.75
1800.72
1800.68
1800.61
1800.55
1800.47
1800.4
1800.32
1800.24
1800.14
1800.03
1799.9
1799.74
1799.57
1799.37
1799.16
1798.94
1798.71
1798.48
1798.24
1798
1797.74
1797.48
1797.2
1796.92
1796.62
1796.31
1795.99
1795.65
1795.3
1794.94
1794.57
1794.17
1793.77
1793.34
1792.89
1792.43
1791.95
1791.45
1790.93
1790.4
1789.84
1789.27
1788.67
1788.06
1787.41
1786.75
1786.06
1785.34
1784.6
1783.83
1783.03
1782.2
1781.35
1780.46
1779.54
1778.59
1777.6
1776.58
1775.52
1774.42
1773.28
1772.09
1770.86
1769.58
1768.26
1766.88
1765.45
1763.97
1762.44
1760.85
1759.2
1757.48
1755.7
1753.85
1751.93
1749.92
1747.84
1745.67
1743.4
1741.03
1738.56
1735.98
1733.27
1730.43
1727.46
1724.34
1721.06
1717.6
1713.96
1710.11
1706.05
1701.72
1697.15
1692.24
1687.03
1681.4
1675.38
1668.8
1661.72
1653.85
1645.31
1635.63
1625
1612.67
1598.99
1582.72
1801.02
1800.04
1800.27
1800.33
1800.41
1800.48
1800.54
1800.59
1800.64
1800.69
1800.72
1800.75
1800.75
1800.74
1800.71
1800.66
1800.6
1800.53
1800.46
1800.39
1800.31
1800.23
1800.13
1800.02
1799.89
1799.73
1799.56
1799.36
1799.15
1798.93
1798.71
1798.48
1798.24
1797.99
1797.74
1797.48
1797.2
1796.92
1796.62
1796.31
1795.99
1795.65
1795.3
1794.94
1794.57
1794.18
1793.77
1793.34
1792.9
1792.43
1791.95
1791.45
1790.94
1790.4
1789.85
1789.27
1788.68
1788.06
1787.42
1786.75
1786.06
1785.35
1784.6
1783.83
1783.03
1782.21
1781.35
1780.46
1779.54
1778.59
1777.61
1776.58
1775.52
1774.42
1773.28
1772.09
1770.86
1769.59
1768.26
1766.88
1765.46
1763.98
1762.45
1760.85
1759.2
1757.49
1755.71
1753.86
1751.93
1749.93
1747.85
1745.67
1743.41
1741.04
1738.57
1735.98
1733.28
1730.44
1727.47
1724.35
1721.07
1717.61
1713.97
1710.12
1706.06
1701.73
1697.16
1692.26
1687.05
1681.42
1675.4
1668.82
1661.73
1653.87
1645.32
1635.64
1624.99
1612.64
1598.92
1582.59
1801.02
1800.04
1800.26
1800.32
1800.4
1800.47
1800.53
1800.58
1800.63
1800.67
1800.71
1800.73
1800.73
1800.72
1800.69
1800.64
1800.58
1800.51
1800.44
1800.37
1800.29
1800.21
1800.11
1800
1799.87
1799.71
1799.54
1799.35
1799.14
1798.93
1798.7
1798.47
1798.24
1797.99
1797.74
1797.48
1797.21
1796.92
1796.62
1796.31
1795.99
1795.66
1795.31
1794.95
1794.57
1794.18
1793.77
1793.35
1792.9
1792.44
1791.96
1791.46
1790.94
1790.41
1789.85
1789.28
1788.68
1788.06
1787.42
1786.76
1786.07
1785.35
1784.61
1783.84
1783.04
1782.21
1781.35
1780.47
1779.55
1778.6
1777.61
1776.59
1775.53
1774.43
1773.28
1772.1
1770.87
1769.59
1768.27
1766.89
1765.47
1763.99
1762.45
1760.86
1759.21
1757.5
1755.72
1753.87
1751.95
1749.94
1747.86
1745.69
1743.42
1741.05
1738.58
1736
1733.29
1730.46
1727.49
1724.36
1721.09
1717.63
1713.99
1710.14
1706.08
1701.76
1697.19
1692.28
1687.08
1681.45
1675.43
1668.85
1661.76
1653.9
1645.34
1635.65
1624.97
1612.59
1598.79
1582.36
1801.02
1800.04
1800.26
1800.32
1800.39
1800.46
1800.51
1800.56
1800.61
1800.65
1800.68
1800.7
1800.7
1800.69
1800.66
1800.61
1800.55
1800.49
1800.42
1800.34
1800.26
1800.18
1800.08
1799.97
1799.84
1799.69
1799.52
1799.33
1799.13
1798.91
1798.69
1798.47
1798.23
1797.99
1797.74
1797.48
1797.21
1796.92
1796.63
1796.32
1796
1795.66
1795.31
1794.95
1794.58
1794.19
1793.78
1793.35
1792.91
1792.45
1791.97
1791.47
1790.95
1790.41
1789.86
1789.28
1788.69
1788.07
1787.43
1786.76
1786.07
1785.36
1784.61
1783.84
1783.04
1782.22
1781.36
1780.47
1779.55
1778.6
1777.62
1776.59
1775.53
1774.43
1773.29
1772.11
1770.88
1769.6
1768.28
1766.9
1765.48
1764
1762.47
1760.88
1759.23
1757.51
1755.73
1753.88
1751.96
1749.96
1747.88
1745.7
1743.44
1741.07
1738.6
1736.01
1733.31
1730.48
1727.51
1724.38
1721.11
1717.65
1714.02
1710.17
1706.11
1701.79
1697.22
1692.32
1687.11
1681.49
1675.47
1668.89
1661.8
1653.94
1645.36
1635.67
1624.95
1612.52
1598.62
1582.04
1801.02
1800.04
1800.25
1800.31
1800.38
1800.44
1800.49
1800.54
1800.58
1800.62
1800.65
1800.66
1800.67
1800.65
1800.62
1800.58
1800.52
1800.45
1800.38
1800.31
1800.23
1800.15
1800.05
1799.94
1799.81
1799.66
1799.49
1799.31
1799.11
1798.9
1798.68
1798.46
1798.23
1797.99
1797.74
1797.48
1797.21
1796.93
1796.63
1796.32
1796
1795.67
1795.32
1794.96
1794.58
1794.19
1793.78
1793.36
1792.92
1792.45
1791.97
1791.47
1790.96
1790.42
1789.87
1789.29
1788.69
1788.08
1787.43
1786.77
1786.08
1785.36
1784.62
1783.85
1783.05
1782.22
1781.37
1780.48
1779.56
1778.61
1777.62
1776.6
1775.54
1774.44
1773.3
1772.12
1770.89
1769.61
1768.29
1766.92
1765.49
1764.02
1762.48
1760.89
1759.24
1757.53
1755.75
1753.9
1751.98
1749.98
1747.9
1745.72
1743.46
1741.09
1738.62
1736.04
1733.34
1730.5
1727.53
1724.41
1721.14
1717.68
1714.05
1710.2
1706.15
1701.83
1697.26
1692.36
1687.16
1681.54
1675.51
1668.94
1661.85
1653.99
1645.4
1635.69
1624.93
1612.43
1598.39
1581.63
1801.01
1800.04
1800.24
1800.3
1800.37
1800.42
1800.47
1800.52
1800.55
1800.59
1800.61
1800.62
1800.62
1800.61
1800.58
1800.54
1800.48
1800.42
1800.35
1800.27
1800.19
1800.11
1800.01
1799.9
1799.77
1799.63
1799.46
1799.28
1799.09
1798.88
1798.67
1798.45
1798.22
1797.98
1797.74
1797.48
1797.21
1796.93
1796.64
1796.33
1796.01
1795.67
1795.33
1794.97
1794.59
1794.2
1793.79
1793.37
1792.92
1792.46
1791.98
1791.48
1790.97
1790.43
1789.88
1789.3
1788.7
1788.08
1787.44
1786.78
1786.09
1785.37
1784.63
1783.86
1783.06
1782.23
1781.38
1780.49
1779.57
1778.62
1777.63
1776.61
1775.55
1774.45
1773.31
1772.13
1770.9
1769.62
1768.3
1766.93
1765.51
1764.03
1762.5
1760.91
1759.26
1757.55
1755.77
1753.93
1752
1750
1747.92
1745.75
1743.48
1741.12
1738.65
1736.07
1733.36
1730.53
1727.57
1724.44
1721.17
1717.72
1714.09
1710.25
1706.19
1701.88
1697.31
1692.42
1687.21
1681.59
1675.57
1669.01
1661.9
1654.05
1645.44
1635.72
1624.9
1612.33
1598.13
1581.13
1801.01
1800.03
1800.23
1800.29
1800.35
1800.4
1800.45
1800.49
1800.52
1800.55
1800.57
1800.58
1800.58
1800.56
1800.54
1800.49
1800.44
1800.37
1800.31
1800.23
1800.15
1800.07
1799.97
1799.86
1799.74
1799.59
1799.43
1799.25
1799.07
1798.87
1798.66
1798.44
1798.22
1797.98
1797.74
1797.48
1797.21
1796.93
1796.64
1796.34
1796.02
1795.68
1795.34
1794.98
1794.6
1794.21
1793.8
1793.38
1792.94
1792.47
1791.99
1791.5
1790.98
1790.44
1789.89
1789.31
1788.71
1788.09
1787.45
1786.79
1786.1
1785.38
1784.64
1783.87
1783.07
1782.24
1781.38
1780.5
1779.58
1778.63
1777.64
1776.62
1775.56
1774.46
1773.32
1772.14
1770.91
1769.64
1768.32
1766.95
1765.53
1764.05
1762.52
1760.94
1759.29
1757.58
1755.8
1753.95
1752.03
1750.03
1747.95
1745.78
1743.51
1741.15
1738.68
1736.1
1733.4
1730.57
1727.6
1724.48
1721.21
1717.76
1714.13
1710.29
1706.24
1701.93
1697.36
1692.48
1687.27
1681.66
1675.64
1669.08
1661.97
1654.12
1645.49
1635.75
1624.87
1612.22
1597.84
1580.57
1801
1800.03
1800.22
1800.27
1800.33
1800.38
1800.42
1800.46
1800.49
1800.51
1800.53
1800.54
1800.53
1800.52
1800.49
1800.45
1800.39
1800.33
1800.26
1800.19
1800.11
1800.02
1799.93
1799.82
1799.69
1799.55
1799.4
1799.23
1799.04
1798.85
1798.64
1798.43
1798.21
1797.98
1797.74
1797.48
1797.22
1796.94
1796.65
1796.34
1796.02
1795.69
1795.35
1794.99
1794.61
1794.22
1793.81
1793.39
1792.95
1792.49
1792.01
1791.51
1790.99
1790.46
1789.9
1789.32
1788.73
1788.11
1787.46
1786.8
1786.11
1785.39
1784.65
1783.88
1783.08
1782.25
1781.4
1780.51
1779.59
1778.64
1777.65
1776.63
1775.57
1774.48
1773.34
1772.15
1770.93
1769.66
1768.34
1766.97
1765.55
1764.08
1762.55
1760.96
1759.31
1757.6
1755.83
1753.98
1752.06
1750.06
1747.98
1745.81
1743.54
1741.18
1738.71
1736.13
1733.43
1730.6
1727.64
1724.52
1721.26
1717.81
1714.18
1710.35
1706.29
1701.99
1697.42
1692.54
1687.34
1681.74
1675.71
1669.16
1662.05
1654.19
1645.55
1635.8
1624.85
1612.1
1597.52
1579.94
1801
1800.03
1800.21
1800.26
1800.32
1800.36
1800.4
1800.43
1800.45
1800.47
1800.48
1800.49
1800.48
1800.47
1800.44
1800.4
1800.35
1800.29
1800.22
1800.14
1800.07
1799.98
1799.88
1799.77
1799.65
1799.51
1799.36
1799.2
1799.02
1798.83
1798.63
1798.42
1798.2
1797.98
1797.74
1797.49
1797.22
1796.95
1796.65
1796.35
1796.03
1795.7
1795.36
1795
1794.62
1794.23
1793.82
1793.4
1792.96
1792.5
1792.02
1791.52
1791
1790.47
1789.91
1789.34
1788.74
1788.12
1787.48
1786.81
1786.12
1785.4
1784.66
1783.89
1783.09
1782.26
1781.41
1780.52
1779.6
1778.65
1777.67
1776.65
1775.59
1774.49
1773.35
1772.17
1770.95
1769.68
1768.36
1766.99
1765.57
1764.1
1762.57
1760.99
1759.34
1757.63
1755.86
1754.01
1752.09
1750.09
1748.01
1745.84
1743.58
1741.21
1738.75
1736.17
1733.47
1730.64
1727.68
1724.57
1721.3
1717.86
1714.24
1710.4
1706.35
1702.05
1697.49
1692.62
1687.41
1681.82
1675.79
1669.25
1662.13
1654.28
1645.61
1635.84
1624.83
1611.98
1597.18
1579.26
1800.99
1800.02
1800.2
1800.24
1800.3
1800.34
1800.37
1800.4
1800.42
1800.43
1800.44
1800.44
1800.43
1800.41
1800.39
1800.35
1800.3
1800.24
1800.17
1800.1
1800.02
1799.93
1799.84
1799.73
1799.61
1799.47
1799.32
1799.16
1798.99
1798.81
1798.62
1798.41
1798.2
1797.97
1797.74
1797.49
1797.23
1796.95
1796.66
1796.36
1796.04
1795.71
1795.37
1795.01
1794.63
1794.24
1793.84
1793.41
1792.97
1792.51
1792.03
1791.53
1791.02
1790.48
1789.93
1789.35
1788.75
1788.13
1787.49
1786.82
1786.13
1785.41
1784.67
1783.9
1783.1
1782.28
1781.42
1780.53
1779.62
1778.66
1777.68
1776.66
1775.6
1774.5
1773.37
1772.19
1770.96
1769.69
1768.38
1767.01
1765.6
1764.13
1762.6
1761.02
1759.37
1757.66
1755.89
1754.04
1752.12
1750.12
1748.04
1745.87
1743.61
1741.25
1738.79
1736.21
1733.51
1730.69
1727.73
1724.62
1721.35
1717.91
1714.29
1710.46
1706.42
1702.12
1697.56
1692.69
1687.49
1681.9
1675.88
1669.34
1662.22
1654.37
1645.68
1635.9
1624.81
1611.87
1596.82
1578.52
1800.98
1800.02
1800.19
1800.22
1800.27
1800.31
1800.34
1800.36
1800.38
1800.39
1800.39
1800.39
1800.38
1800.36
1800.34
1800.3
1800.25
1800.19
1800.13
1800.06
1799.97
1799.89
1799.79
1799.68
1799.56
1799.43
1799.29
1799.13
1798.97
1798.79
1798.6
1798.4
1798.19
1797.97
1797.74
1797.49
1797.23
1796.96
1796.67
1796.37
1796.05
1795.72
1795.38
1795.02
1794.65
1794.26
1793.85
1793.42
1792.98
1792.52
1792.05
1791.55
1791.03
1790.5
1789.94
1789.36
1788.76
1788.14
1787.5
1786.83
1786.14
1785.42
1784.68
1783.91
1783.11
1782.29
1781.43
1780.55
1779.63
1778.68
1777.69
1776.67
1775.62
1774.52
1773.38
1772.2
1770.98
1769.72
1768.4
1767.04
1765.62
1764.15
1762.63
1761.05
1759.4
1757.7
1755.92
1754.08
1752.16
1750.16
1748.08
1745.91
1743.65
1741.29
1738.83
1736.25
1733.56
1730.73
1727.78
1724.67
1721.41
1717.97
1714.35
1710.53
1706.48
1702.19
1697.64
1692.77
1687.58
1681.99
1675.97
1669.44
1662.31
1654.47
1645.76
1635.97
1624.8
1611.75
1596.46
1577.75
1800.98
1800.01
1800.17
1800.21
1800.25
1800.29
1800.31
1800.33
1800.34
1800.35
1800.35
1800.35
1800.33
1800.32
1800.29
1800.25
1800.2
1800.15
1800.08
1800.01
1799.93
1799.84
1799.74
1799.64
1799.52
1799.39
1799.25
1799.1
1798.94
1798.77
1798.59
1798.39
1798.19
1797.97
1797.74
1797.49
1797.24
1796.96
1796.68
1796.38
1796.06
1795.73
1795.39
1795.03
1794.66
1794.27
1793.86
1793.44
1793
1792.54
1792.06
1791.56
1791.05
1790.51
1789.95
1789.38
1788.78
1788.16
1787.51
1786.85
1786.15
1785.44
1784.69
1783.92
1783.13
1782.3
1781.45
1780.56
1779.64
1778.69
1777.71
1776.69
1775.63
1774.54
1773.4
1772.22
1771
1769.74
1768.42
1767.06
1765.65
1764.18
1762.66
1761.08
1759.44
1757.73
1755.96
1754.11
1752.19
1750.2
1748.12
1745.95
1743.69
1741.33
1738.87
1736.3
1733.6
1730.78
1727.83
1724.72
1721.46
1718.03
1714.41
1710.59
1706.55
1702.27
1697.71
1692.86
1687.66
1682.09
1676.07
1669.54
1662.41
1654.58
1645.85
1636.04
1624.8
1611.65
1596.09
1576.94
1800.97
1800.01
1800.16
1800.19
1800.23
1800.26
1800.28
1800.3
1800.31
1800.31
1800.31
1800.3
1800.29
1800.27
1800.24
1800.2
1800.16
1800.1
1800.04
1799.97
1799.89
1799.8
1799.7
1799.59
1799.48
1799.35
1799.22
1799.07
1798.92
1798.75
1798.57
1798.38
1798.18
1797.97
1797.74
1797.5
1797.24
1796.97
1796.69
1796.39
1796.07
1795.75
1795.4
1795.04
1794.67
1794.28
1793.87
1793.45
1793.01
1792.55
1792.07
1791.58
1791.06
1790.53
1789.97
1789.39
1788.79
1788.17
1787.53
1786.86
1786.17
1785.45
1784.71
1783.94
1783.14
1782.32
1781.46
1780.58
1779.66
1778.71
1777.72
1776.71
1775.65
1774.55
1773.42
1772.24
1771.02
1769.76
1768.45
1767.09
1765.67
1764.21
1762.69
1761.11
1759.47
1757.76
1755.99
1754.15
1752.23
1750.24
1748.16
1745.99
1743.73
1741.38
1738.91
1736.34
1733.65
1730.83
1727.88
1724.78
1721.52
1718.09
1714.48
1710.66
1706.63
1702.35
1697.8
1692.95
1687.75
1682.18
1676.17
1669.65
1662.52
1654.69
1645.95
1636.12
1624.81
1611.55
1595.71
1576.09
1800.96
1800
1800.15
1800.17
1800.21
1800.24
1800.26
1800.27
1800.27
1800.28
1800.27
1800.26
1800.24
1800.22
1800.2
1800.16
1800.12
1800.06
1800
1799.93
1799.84
1799.75
1799.66
1799.55
1799.44
1799.32
1799.19
1799.05
1798.9
1798.73
1798.56
1798.38
1798.18
1797.97
1797.74
1797.5
1797.25
1796.98
1796.69
1796.4
1796.08
1795.76
1795.41
1795.06
1794.68
1794.29
1793.89
1793.46
1793.02
1792.56
1792.09
1791.59
1791.08
1790.54
1789.98
1789.41
1788.81
1788.19
1787.54
1786.87
1786.18
1785.46
1784.72
1783.95
1783.16
1782.33
1781.48
1780.59
1779.67
1778.72
1777.74
1776.72
1775.67
1774.57
1773.44
1772.26
1771.05
1769.78
1768.47
1767.11
1765.7
1764.24
1762.72
1761.14
1759.5
1757.8
1756.03
1754.19
1752.27
1750.28
1748.2
1746.03
1743.77
1741.42
1738.96
1736.39
1733.7
1730.88
1727.93
1724.83
1721.58
1718.15
1714.54
1710.73
1706.7
1702.43
1697.88
1693.03
1687.85
1682.28
1676.27
1669.76
1662.63
1654.8
1646.05
1636.2
1624.83
1611.46
1595.34
1575.23
1800.95
1800
1800.13
1800.16
1800.19
1800.21
1800.23
1800.24
1800.24
1800.24
1800.23
1800.22
1800.2
1800.18
1800.15
1800.12
1800.07
1800.02
1799.96
1799.89
1799.8
1799.71
1799.61
1799.51
1799.4
1799.28
1799.15
1799.02
1798.87
1798.72
1798.55
1798.37
1798.17
1797.96
1797.74
1797.5
1797.25
1796.98
1796.7
1796.41
1796.1
1795.77
1795.43
1795.07
1794.7
1794.31
1793.9
1793.48
1793.04
1792.58
1792.1
1791.61
1791.09
1790.56
1790
1789.42
1788.82
1788.2
1787.56
1786.89
1786.2
1785.48
1784.74
1783.97
1783.17
1782.35
1781.49
1780.61
1779.69
1778.74
1777.76
1776.74
1775.68
1774.59
1773.46
1772.28
1771.07
1769.81
1768.5
1767.14
1765.73
1764.27
1762.75
1761.17
1759.54
1757.83
1756.06
1754.22
1752.31
1750.32
1748.24
1746.07
1743.82
1741.46
1739.01
1736.44
1733.75
1730.94
1727.99
1724.89
1721.64
1718.22
1714.61
1710.81
1706.78
1702.51
1697.96
1693.13
1687.94
1682.39
1676.38
1669.87
1662.75
1654.92
1646.16
1636.3
1624.86
1611.38
1594.97
1574.34
1800.95
1799.99
1800.12
1800.14
1800.17
1800.19
1800.2
1800.21
1800.21
1800.21
1800.2
1800.18
1800.16
1800.14
1800.11
1800.08
1800.04
1799.98
1799.92
1799.85
1799.77
1799.68
1799.58
1799.47
1799.36
1799.25
1799.12
1798.99
1798.85
1798.7
1798.54
1798.36
1798.17
1797.96
1797.74
1797.51
1797.26
1796.99
1796.71
1796.42
1796.11
1795.78
1795.44
1795.08
1794.71
1794.32
1793.91
1793.49
1793.05
1792.59
1792.12
1791.62
1791.11
1790.57
1790.02
1789.44
1788.84
1788.22
1787.57
1786.9
1786.21
1785.49
1784.75
1783.98
1783.19
1782.36
1781.51
1780.62
1779.71
1778.76
1777.78
1776.76
1775.7
1774.61
1773.48
1772.31
1771.09
1769.83
1768.52
1767.17
1765.76
1764.3
1762.78
1761.21
1759.57
1757.87
1756.1
1754.26
1752.35
1750.36
1748.28
1746.12
1743.86
1741.51
1739.05
1736.49
1733.8
1730.99
1728.04
1724.95
1721.7
1718.28
1714.68
1710.88
1706.85
1702.59
1698.05
1693.22
1688.04
1682.49
1676.49
1669.99
1662.86
1655.04
1646.27
1636.4
1624.91
1611.32
1594.62
1573.44
1800.94
1799.98
1800.1
1800.12
1800.15
1800.16
1800.18
1800.18
1800.18
1800.17
1800.16
1800.14
1800.12
1800.1
1800.07
1800.04
1800
1799.95
1799.89
1799.81
1799.73
1799.64
1799.54
1799.44
1799.33
1799.21
1799.09
1798.97
1798.83
1798.69
1798.53
1798.35
1798.17
1797.96
1797.75
1797.51
1797.26
1797
1796.72
1796.43
1796.12
1795.79
1795.45
1795.09
1794.72
1794.33
1793.93
1793.5
1793.06
1792.61
1792.13
1791.64
1791.12
1790.59
1790.03
1789.45
1788.85
1788.23
1787.59
1786.92
1786.23
1785.51
1784.77
1784
1783.2
1782.38
1781.52
1780.64
1779.72
1778.78
1777.79
1776.78
1775.72
1774.63
1773.5
1772.33
1771.11
1769.85
1768.55
1767.19
1765.79
1764.33
1762.82
1761.24
1759.61
1757.91
1756.14
1754.3
1752.39
1750.4
1748.32
1746.16
1743.91
1741.56
1739.1
1736.54
1733.85
1731.04
1728.1
1725.01
1721.76
1718.35
1714.75
1710.95
1706.93
1702.67
1698.14
1693.31
1688.14
1682.6
1676.6
1670.11
1662.98
1655.17
1646.39
1636.51
1624.96
1611.28
1594.27
1572.53
1800.93
1799.98
1800.09
1800.11
1800.13
1800.14
1800.15
1800.16
1800.15
1800.15
1800.13
1800.11
1800.09
1800.07
1800.04
1800
1799.96
1799.91
1799.85
1799.78
1799.7
1799.6
1799.51
1799.4
1799.29
1799.18
1799.07
1798.95
1798.81
1798.67
1798.52
1798.35
1798.16
1797.96
1797.75
1797.52
1797.27
1797.01
1796.73
1796.44
1796.13
1795.8
1795.46
1795.11
1794.73
1794.34
1793.94
1793.52
1793.08
1792.62
1792.15
1791.65
1791.14
1790.6
1790.05
1789.47
1788.87
1788.25
1787.6
1786.93
1786.24
1785.52
1784.78
1784.01
1783.22
1782.39
1781.54
1780.66
1779.74
1778.79
1777.81
1776.8
1775.74
1774.65
1773.52
1772.35
1771.14
1769.88
1768.58
1767.22
1765.82
1764.36
1762.85
1761.28
1759.64
1757.94
1756.18
1754.34
1752.43
1750.44
1748.37
1746.21
1743.95
1741.6
1739.15
1736.59
1733.9
1731.1
1728.16
1725.07
1721.83
1718.42
1714.82
1711.03
1707.01
1702.76
1698.23
1693.41
1688.24
1682.7
1676.71
1670.23
1663.11
1655.3
1646.51
1636.62
1625.02
1611.25
1593.94
1571.62
1800.92
1799.97
1800.08
1800.09
1800.11
1800.12
1800.13
1800.13
1800.13
1800.12
1800.1
1800.08
1800.06
1800.03
1800
1799.97
1799.93
1799.88
1799.82
1799.75
1799.67
1799.57
1799.47
1799.37
1799.26
1799.16
1799.04
1798.92
1798.8
1798.66
1798.51
1798.34
1798.16
1797.96
1797.75
1797.52
1797.28
1797.01
1796.74
1796.45
1796.14
1795.81
1795.47
1795.12
1794.75
1794.36
1793.95
1793.53
1793.09
1792.64
1792.16
1791.67
1791.15
1790.62
1790.06
1789.48
1788.88
1788.26
1787.62
1786.95
1786.26
1785.54
1784.8
1784.03
1783.23
1782.41
1781.56
1780.68
1779.76
1778.81
1777.83
1776.82
1775.76
1774.67
1773.54
1772.37
1771.16
1769.9
1768.6
1767.25
1765.85
1764.39
1762.88
1761.31
1759.68
1757.98
1756.22
1754.38
1752.47
1750.48
1748.41
1746.25
1744
1741.65
1739.2
1736.64
1733.96
1731.15
1728.21
1725.13
1721.89
1718.49
1714.89
1711.1
1707.09
1702.84
1698.31
1693.5
1688.34
1682.81
1676.82
1670.35
1663.23
1655.43
1646.64
1636.74
1625.1
1611.23
1593.63
1570.71
1800.92
1799.96
1800.07
1800.08
1800.09
1800.1
1800.11
1800.11
1800.1
1800.09
1800.08
1800.05
1800.03
1800
1799.97
1799.94
1799.9
1799.85
1799.79
1799.72
1799.64
1799.55
1799.45
1799.34
1799.24
1799.13
1799.02
1798.91
1798.78
1798.65
1798.5
1798.34
1798.16
1797.97
1797.75
1797.53
1797.28
1797.02
1796.75
1796.46
1796.15
1795.83
1795.49
1795.13
1794.76
1794.37
1793.97
1793.54
1793.11
1792.65
1792.17
1791.68
1791.17
1790.63
1790.08
1789.5
1788.9
1788.28
1787.63
1786.96
1786.27
1785.55
1784.81
1784.05
1783.25
1782.43
1781.58
1780.69
1779.78
1778.83
1777.85
1776.84
1775.78
1774.69
1773.57
1772.4
1771.19
1769.93
1768.63
1767.28
1765.88
1764.42
1762.91
1761.35
1759.71
1758.02
1756.26
1754.42
1752.51
1750.52
1748.45
1746.29
1744.04
1741.7
1739.25
1736.69
1734.01
1731.21
1728.27
1725.19
1721.95
1718.55
1714.96
1711.18
1707.17
1702.93
1698.4
1693.6
1688.44
1682.92
1676.93
1670.47
1663.36
1655.56
1646.78
1636.87
1625.19
1611.23
1593.34
1569.8
1800.91
1799.96
1800.06
1800.06
1800.08
1800.09
1800.09
1800.09
1800.08
1800.07
1800.05
1800.03
1800
1799.97
1799.95
1799.91
1799.88
1799.83
1799.77
1799.7
1799.61
1799.52
1799.42
1799.32
1799.21
1799.11
1799
1798.89
1798.77
1798.64
1798.5
1798.34
1798.16
1797.97
1797.76
1797.53
1797.29
1797.03
1796.76
1796.47
1796.16
1795.84
1795.5
1795.14
1794.77
1794.38
1793.98
1793.56
1793.12
1792.66
1792.19
1791.7
1791.18
1790.65
1790.09
1789.51
1788.91
1788.29
1787.65
1786.98
1786.29
1785.57
1784.83
1784.06
1783.27
1782.45
1781.59
1780.71
1779.8
1778.85
1777.87
1776.86
1775.8
1774.72
1773.59
1772.42
1771.21
1769.96
1768.66
1767.31
1765.91
1764.46
1762.95
1761.38
1759.75
1758.06
1756.29
1754.46
1752.55
1750.57
1748.49
1746.34
1744.09
1741.75
1739.3
1736.74
1734.06
1731.26
1728.33
1725.25
1722.02
1718.62
1715.03
1711.25
1707.25
1703.01
1698.49
1693.69
1688.54
1683.03
1677.05
1670.59
1663.49
1655.7
1646.91
1637
1625.29
1611.25
1593.07
1568.9
1800.9
1799.95
1800.04
1800.05
1800.06
1800.07
1800.07
1800.07
1800.06
1800.05
1800.03
1800
1799.98
1799.95
1799.92
1799.89
1799.85
1799.81
1799.75
1799.67
1799.59
1799.5
1799.4
1799.29
1799.19
1799.09
1798.98
1798.87
1798.76
1798.63
1798.49
1798.33
1798.16
1797.97
1797.76
1797.54
1797.29
1797.04
1796.76
1796.48
1796.17
1795.85
1795.51
1795.15
1794.78
1794.39
1793.99
1793.57
1793.13
1792.68
1792.2
1791.71
1791.2
1790.66
1790.11
1789.53
1788.93
1788.31
1787.66
1786.99
1786.3
1785.59
1784.85
1784.08
1783.28
1782.46
1781.61
1780.73
1779.82
1778.87
1777.89
1776.88
1775.82
1774.74
1773.61
1772.44
1771.23
1769.98
1768.68
1767.34
1765.94
1764.49
1762.98
1761.41
1759.79
1758.09
1756.33
1754.5
1752.59
1750.61
1748.54
1746.38
1744.14
1741.79
1739.34
1736.79
1734.12
1731.32
1728.39
1725.32
1722.08
1718.69
1715.1
1711.33
1707.33
1703.09
1698.58
1693.79
1688.64
1683.13
1677.16
1670.71
1663.62
1655.83
1647.05
1637.14
1625.41
1611.29
1592.83
1568.02
1800.9
1799.95
1800.03
1800.04
1800.05
1800.05
1800.05
1800.05
1800.04
1800.03
1800.01
1799.98
1799.95
1799.93
1799.9
1799.87
1799.83
1799.78
1799.73
1799.65
1799.57
1799.48
1799.38
1799.27
1799.17
1799.07
1798.97
1798.86
1798.75
1798.62
1798.48
1798.33
1798.16
1797.97
1797.76
1797.54
1797.3
1797.05
1796.77
1796.48
1796.18
1795.86
1795.52
1795.17
1794.79
1794.41
1794
1793.58
1793.14
1792.69
1792.22
1791.72
1791.21
1790.68
1790.12
1789.54
1788.94
1788.32
1787.68
1787.01
1786.32
1785.6
1784.86
1784.09
1783.3
1782.48
1781.63
1780.75
1779.83
1778.89
1777.91
1776.9
1775.85
1774.76
1773.63
1772.47
1771.26
1770.01
1768.71
1767.36
1765.97
1764.52
1763.01
1761.45
1759.82
1758.13
1756.37
1754.54
1752.63
1750.65
1748.58
1746.43
1744.18
1741.84
1739.39
1736.84
1734.17
1731.38
1728.44
1725.38
1722.15
1718.76
1715.17
1711.4
1707.41
1703.18
1698.67
1693.88
1688.74
1683.24
1677.28
1670.84
1663.75
1655.97
1647.2
1637.28
1625.53
1611.35
1592.61
1567.15
1800.89
1799.95
1800.03
1800.03
1800.04
1800.04
1800.04
1800.04
1800.03
1800.01
1799.99
1799.96
1799.94
1799.91
1799.88
1799.85
1799.81
1799.77
1799.71
1799.64
1799.55
1799.46
1799.36
1799.26
1799.15
1799.05
1798.95
1798.85
1798.74
1798.62
1798.48
1798.33
1798.16
1797.97
1797.77
1797.55
1797.31
1797.05
1796.78
1796.49
1796.19
1795.87
1795.53
1795.18
1794.8
1794.42
1794.01
1793.59
1793.16
1792.7
1792.23
1791.74
1791.22
1790.69
1790.14
1789.56
1788.96
1788.34
1787.69
1787.02
1786.33
1785.62
1784.88
1784.11
1783.32
1782.5
1781.65
1780.77
1779.85
1778.91
1777.93
1776.92
1775.87
1774.78
1773.65
1772.49
1771.28
1770.03
1768.74
1767.39
1766
1764.55
1763.04
1761.48
1759.85
1758.17
1756.41
1754.58
1752.67
1750.69
1748.62
1746.47
1744.23
1741.89
1739.44
1736.89
1734.22
1731.43
1728.5
1725.44
1722.21
1718.82
1715.25
1711.48
1707.48
1703.26
1698.76
1693.98
1688.84
1683.35
1677.39
1670.96
1663.88
1656.11
1647.34
1637.43
1625.66
1611.42
1592.43
1566.3
1800.88
1799.94
1800.02
1800.02
1800.03
1800.03
1800.03
1800.02
1800.01
1799.99
1799.97
1799.95
1799.92
1799.89
1799.86
1799.83
1799.8
1799.75
1799.69
1799.62
1799.54
1799.44
1799.34
1799.24
1799.14
1799.04
1798.94
1798.84
1798.73
1798.61
1798.48
1798.33
1798.16
1797.98
1797.77
1797.55
1797.31
1797.06
1796.79
1796.5
1796.2
1795.88
1795.54
1795.19
1794.81
1794.43
1794.02
1793.6
1793.17
1792.71
1792.24
1791.75
1791.24
1790.7
1790.15
1789.57
1788.97
1788.35
1787.71
1787.04
1786.35
1785.63
1784.89
1784.13
1783.33
1782.51
1781.66
1780.78
1779.87
1778.93
1777.95
1776.93
1775.89
1774.8
1773.68
1772.51
1771.31
1770.06
1768.76
1767.42
1766.03
1764.58
1763.08
1761.51
1759.89
1758.2
1756.44
1754.61
1752.71
1750.73
1748.66
1746.51
1744.27
1741.93
1739.49
1736.94
1734.27
1731.49
1728.56
1725.5
1722.27
1718.89
1715.32
1711.55
1707.56
1703.35
1698.85
1694.07
1688.94
1683.46
1677.51
1671.08
1664.01
1656.25
1647.49
1637.58
1625.81
1611.5
1592.27
1565.47
1800.88
1799.94
1800.01
1800.01
1800.02
1800.02
1800.01
1800.01
1800
1799.98
1799.96
1799.93
1799.9
1799.87
1799.85
1799.82
1799.78
1799.74
1799.68
1799.61
1799.52
1799.43
1799.33
1799.23
1799.13
1799.03
1798.93
1798.83
1798.72
1798.6
1798.47
1798.33
1798.16
1797.98
1797.78
1797.56
1797.32
1797.07
1796.8
1796.51
1796.21
1795.89
1795.55
1795.2
1794.82
1794.44
1794.03
1793.61
1793.18
1792.72
1792.25
1791.76
1791.25
1790.72
1790.16
1789.59
1788.99
1788.36
1787.72
1787.05
1786.36
1785.65
1784.91
1784.14
1783.35
1782.53
1781.68
1780.8
1779.89
1778.94
1777.97
1776.95
1775.91
1774.82
1773.7
1772.53
1771.33
1770.08
1768.79
1767.45
1766.05
1764.61
1763.11
1761.55
1759.92
1758.24
1756.48
1754.65
1752.75
1750.77
1748.71
1746.56
1744.32
1741.98
1739.54
1736.99
1734.33
1731.54
1728.62
1725.56
1722.34
1718.96
1715.39
1711.63
1707.64
1703.43
1698.94
1694.17
1689.04
1683.57
1677.62
1671.2
1664.14
1656.39
1647.64
1637.73
1625.96
1611.6
1592.15
1564.68
1800.87
1799.94
1800
1800.01
1800.01
1800.01
1800
1800
1799.98
1799.97
1799.94
1799.92
1799.89
1799.86
1799.83
1799.8
1799.77
1799.72
1799.67
1799.6
1799.51
1799.42
1799.32
1799.21
1799.11
1799.02
1798.92
1798.82
1798.71
1798.6
1798.47
1798.33
1798.16
1797.98
1797.78
1797.56
1797.32
1797.07
1796.8
1796.52
1796.21
1795.89
1795.56
1795.2
1794.83
1794.45
1794.04
1793.62
1793.19
1792.73
1792.26
1791.77
1791.26
1790.73
1790.17
1789.6
1789
1788.38
1787.73
1787.07
1786.37
1785.66
1784.92
1784.16
1783.36
1782.54
1781.69
1780.82
1779.9
1778.96
1777.98
1776.97
1775.93
1774.84
1773.72
1772.56
1771.35
1770.11
1768.81
1767.47
1766.08
1764.64
1763.14
1761.58
1759.96
1758.27
1756.51
1754.69
1752.79
1750.81
1748.75
1746.6
1744.36
1742.03
1739.59
1737.04
1734.38
1731.59
1728.67
1725.62
1722.4
1719.02
1715.46
1711.7
1707.72
1703.51
1699.02
1694.26
1689.14
1683.67
1677.73
1671.33
1664.27
1656.52
1647.79
1637.89
1626.12
1611.72
1592.06
1563.91
1800.87
1799.94
1800
1800
1800
1800
1799.99
1799.99
1799.97
1799.96
1799.93
1799.91
1799.88
1799.85
1799.82
1799.79
1799.76
1799.71
1799.66
1799.59
1799.5
1799.41
1799.31
1799.2
1799.1
1799.01
1798.91
1798.81
1798.71
1798.6
1798.47
1798.33
1798.16
1797.98
1797.78
1797.56
1797.33
1797.08
1796.81
1796.52
1796.22
1795.9
1795.57
1795.21
1794.84
1794.46
1794.05
1793.63
1793.2
1792.74
1792.27
1791.78
1791.27
1790.74
1790.19
1789.61
1789.01
1788.39
1787.75
1787.08
1786.39
1785.67
1784.93
1784.17
1783.38
1782.56
1781.71
1780.83
1779.92
1778.98
1778
1776.99
1775.94
1774.86
1773.74
1772.58
1771.38
1770.13
1768.84
1767.5
1766.11
1764.67
1763.17
1761.61
1759.99
1758.3
1756.55
1754.73
1752.83
1750.85
1748.79
1746.64
1744.4
1742.07
1739.63
1737.09
1734.43
1731.65
1728.73
1725.68
1722.46
1719.09
1715.52
1711.78
1707.8
1703.59
1699.11
1694.35
1689.24
1683.77
1677.84
1671.44
1664.4
1656.66
1647.94
1638.04
1626.28
1611.86
1592
1563.18
1800.86
1799.93
1799.99
1799.99
1799.99
1799.99
1799.99
1799.98
1799.97
1799.95
1799.92
1799.9
1799.87
1799.84
1799.81
1799.78
1799.75
1799.71
1799.65
1799.58
1799.49
1799.4
1799.3
1799.19
1799.09
1799
1798.9
1798.8
1798.7
1798.59
1798.47
1798.32
1798.16
1797.98
1797.78
1797.57
1797.33
1797.08
1796.81
1796.53
1796.23
1795.91
1795.57
1795.22
1794.85
1794.46
1794.06
1793.64
1793.21
1792.75
1792.28
1791.79
1791.28
1790.75
1790.2
1789.62
1789.02
1788.4
1787.76
1787.09
1786.4
1785.69
1784.95
1784.18
1783.39
1782.57
1781.73
1780.85
1779.94
1779
1778.02
1777.01
1775.96
1774.88
1773.76
1772.6
1771.4
1770.15
1768.86
1767.52
1766.14
1764.69
1763.2
1761.64
1760.02
1758.34
1756.59
1754.76
1752.86
1750.89
1748.83
1746.68
1744.45
1742.12
1739.68
1737.14
1734.48
1731.7
1728.79
1725.73
1722.52
1719.15
1715.59
1711.85
1707.87
1703.67
1699.19
1694.44
1689.33
1683.87
1677.95
1671.56
1664.52
1656.8
1648.09
1638.2
1626.46
1612.01
1591.98
1562.49
1800.86
1799.93
1799.99
1799.99
1799.99
1799.98
1799.98
1799.97
1799.96
1799.94
1799.92
1799.89
1799.86
1799.83
1799.8
1799.78
1799.74
1799.7
1799.64
1799.57
1799.49
1799.39
1799.29
1799.19
1799.09
1798.99
1798.89
1798.8
1798.7
1798.59
1798.46
1798.32
1798.16
1797.99
1797.79
1797.57
1797.34
1797.09
1796.82
1796.54
1796.23
1795.92
1795.58
1795.23
1794.86
1794.47
1794.07
1793.65
1793.22
1792.76
1792.29
1791.8
1791.29
1790.76
1790.21
1789.63
1789.03
1788.41
1787.77
1787.1
1786.41
1785.7
1784.96
1784.2
1783.41
1782.59
1781.74
1780.86
1779.95
1779.01
1778.04
1777.03
1775.98
1774.9
1773.78
1772.62
1771.42
1770.18
1768.89
1767.55
1766.16
1764.72
1763.23
1761.67
1760.05
1758.37
1756.62
1754.8
1752.9
1750.93
1748.87
1746.73
1744.49
1742.16
1739.73
1737.19
1734.53
1731.76
1728.84
1725.79
1722.58
1719.22
1715.66
1711.92
1707.94
1703.75
1699.27
1694.52
1689.42
1683.97
1678.05
1671.67
1664.65
1656.94
1648.24
1638.37
1626.64
1612.17
1592
1561.88
1800.86
1799.93
1799.98
1799.98
1799.98
1799.98
1799.97
1799.96
1799.95
1799.93
1799.91
1799.88
1799.85
1799.83
1799.8
1799.77
1799.73
1799.69
1799.63
1799.56
1799.48
1799.38
1799.28
1799.18
1799.08
1798.98
1798.89
1798.79
1798.69
1798.59
1798.46
1798.32
1798.17
1797.99
1797.79
1797.57
1797.34
1797.09
1796.82
1796.54
1796.24
1795.92
1795.59
1795.24
1794.87
1794.48
1794.08
1793.66
1793.22
1792.77
1792.3
1791.81
1791.3
1790.77
1790.22
1789.64
1789.04
1788.42
1787.78
1787.11
1786.42
1785.71
1784.97
1784.21
1783.42
1782.6
1781.76
1780.88
1779.97
1779.03
1778.05
1777.05
1776
1774.92
1773.8
1772.64
1771.44
1770.2
1768.91
1767.58
1766.19
1764.75
1763.26
1761.7
1760.09
1758.41
1756.66
1754.84
1752.94
1750.97
1748.91
1746.77
1744.53
1742.21
1739.77
1737.24
1734.58
1731.81
1728.9
1725.85
1722.64
1719.28
1715.72
1711.98
1708.01
1703.82
1699.34
1694.6
1689.5
1684.05
1678.14
1671.77
1664.77
1657.07
1648.4
1638.54
1626.83
1612.36
1592.07
1561.36
1800.85
1799.93
1799.98
1799.98
1799.98
1799.97
1799.97
1799.96
1799.95
1799.93
1799.9
1799.88
1799.85
1799.82
1799.79
1799.76
1799.73
1799.68
1799.63
1799.56
1799.47
1799.38
1799.28
1799.17
1799.07
1798.98
1798.88
1798.79
1798.69
1798.58
1798.46
1798.32
1798.17
1797.99
1797.79
1797.58
1797.35
1797.1
1796.83
1796.55
1796.25
1795.93
1795.59
1795.24
1794.87
1794.49
1794.09
1793.67
1793.23
1792.78
1792.31
1791.82
1791.31
1790.78
1790.23
1789.65
1789.05
1788.43
1787.79
1787.13
1786.44
1785.72
1784.99
1784.22
1783.43
1782.62
1781.77
1780.89
1779.99
1779.05
1778.07
1777.06
1776.02
1774.94
1773.82
1772.66
1771.47
1770.22
1768.94
1767.6
1766.22
1764.78
1763.29
1761.73
1760.12
1758.44
1756.69
1754.87
1752.98
1751.01
1748.95
1746.81
1744.58
1742.25
1739.82
1737.29
1734.63
1731.86
1728.95
1725.9
1722.7
1719.33
1715.78
1712.04
1708.07
1703.88
1699.41
1694.67
1689.57
1684.13
1678.23
1671.87
1664.88
1657.2
1648.55
1638.71
1627.03
1612.56
1592.18
1560.95
1800.85
1799.93
1799.98
1799.98
1799.97
1799.97
1799.96
1799.95
1799.94
1799.92
1799.9
1799.87
1799.84
1799.82
1799.79
1799.76
1799.72
1799.68
1799.62
1799.55
1799.47
1799.37
1799.27
1799.17
1799.07
1798.97
1798.88
1798.78
1798.69
1798.58
1798.46
1798.32
1798.17
1797.99
1797.8
1797.58
1797.35
1797.1
1796.83
1796.55
1796.25
1795.93
1795.6
1795.25
1794.88
1794.49
1794.09
1793.68
1793.24
1792.79
1792.32
1791.83
1791.32
1790.79
1790.24
1789.66
1789.07
1788.45
1787.8
1787.14
1786.45
1785.74
1785
1784.24
1783.45
1782.63
1781.79
1780.91
1780
1779.06
1778.09
1777.08
1776.04
1774.96
1773.84
1772.69
1771.49
1770.25
1768.96
1767.63
1766.25
1764.81
1763.32
1761.76
1760.15
1758.47
1756.73
1754.91
1753.01
1751.04
1748.99
1746.85
1744.62
1742.3
1739.87
1737.33
1734.68
1731.91
1729
1725.95
1722.75
1719.39
1715.83
1712.09
1708.13
1703.94
1699.47
1694.73
1689.64
1684.2
1678.31
1671.95
1664.98
1657.33
1648.71
1638.89
1627.24
1612.77
1592.33
1560.71
1800.84
1799.94
1799.97
1799.97
1799.97
1799.96
1799.96
1799.95
1799.94
1799.92
1799.9
1799.87
1799.84
1799.81
1799.78
1799.75
1799.72
1799.67
1799.62
1799.55
1799.46
1799.37
1799.26
1799.16
1799.06
1798.97
1798.87
1798.78
1798.69
1798.58
1798.46
1798.32
1798.17
1797.99
1797.8
1797.58
1797.35
1797.1
1796.84
1796.56
1796.26
1795.94
1795.61
1795.26
1794.89
1794.5
1794.1
1793.68
1793.25
1792.8
1792.33
1791.84
1791.33
1790.8
1790.25
1789.67
1789.08
1788.46
1787.82
1787.15
1786.46
1785.75
1785.01
1784.25
1783.46
1782.65
1781.8
1780.93
1780.02
1779.08
1778.11
1777.1
1776.06
1774.98
1773.86
1772.71
1771.51
1770.27
1768.99
1767.66
1766.27
1764.84
1763.35
1761.8
1760.18
1758.51
1756.76
1754.94
1753.05
1751.08
1749.03
1746.89
1744.66
1742.34
1739.91
1737.38
1734.73
1731.95
1729.05
1726
1722.8
1719.44
1715.89
1712.15
1708.18
1703.99
1699.53
1694.8
1689.71
1684.28
1678.39
1672.04
1665.08
1657.46
1648.87
1639.07
1627.44
1612.99
1592.5
1560.63
1800.84
1799.94
1799.97
1799.97
1799.96
1799.96
1799.95
1799.95
1799.93
1799.92
1799.89
1799.87
1799.84
1799.81
1799.78
1799.75
1799.71
1799.67
1799.61
1799.54
1799.46
1799.36
1799.26
1799.16
1799.06
1798.96
1798.87
1798.78
1798.68
1798.58
1798.46
1798.33
1798.17
1798
1797.8
1797.59
1797.36
1797.11
1796.85
1796.56
1796.26
1795.95
1795.61
1795.26
1794.9
1794.51
1794.11
1793.69
1793.26
1792.81
1792.34
1791.85
1791.34
1790.81
1790.26
1789.69
1789.09
1788.47
1787.83
1787.16
1786.48
1785.76
1785.03
1784.27
1783.48
1782.66
1781.82
1780.94
1780.04
1779.1
1778.12
1777.12
1776.08
1775
1773.89
1772.73
1771.54
1770.3
1769.01
1767.68
1766.3
1764.87
1763.37
1761.83
1760.21
1758.54
1756.79
1754.98
1753.09
1751.12
1749.07
1746.93
1744.7
1742.38
1739.95
1737.42
1734.77
1732
1729.09
1726.05
1722.85
1719.49
1715.94
1712.21
1708.24
1704.06
1699.6
1694.88
1689.8
1684.36
1678.46
1672.1
1665.15
1657.56
1648.98
1639.18
1627.57
1613.14
1592.62
1560.71
1800.83
1799.94
1799.97
1799.97
1799.96
1799.96
1799.95
1799.94
1799.93
1799.92
1799.89
1799.87
1799.84
1799.81
1799.78
1799.75
1799.71
1799.67
1799.61
1799.54
1799.45
1799.36
1799.26
1799.15
1799.06
1798.96
1798.87
1798.78
1798.68
1798.58
1798.46
1798.33
1798.17
1798
1797.81
1797.59
1797.36
1797.12
1796.85
1796.57
1796.27
1795.96
1795.62
1795.27
1794.91
1794.52
1794.12
1793.7
1793.27
1792.82
1792.35
1791.86
1791.35
1790.82
1790.27
1789.7
1789.1
1788.48
1787.84
1787.18
1786.49
1785.78
1785.04
1784.28
1783.49
1782.68
1781.83
1780.96
1780.05
1779.12
1778.14
1777.14
1776.1
1775.02
1773.91
1772.75
1771.56
1770.32
1769.04
1767.71
1766.33
1764.89
1763.4
1761.86
1760.24
1758.57
1756.83
1755.01
1753.12
1751.15
1749.1
1746.97
1744.74
1742.42
1739.99
1737.46
1734.82
1732.05
1729.15
1726.11
1722.92
1719.56
1716.02
1712.3
1708.34
1704.17
1699.72
1695.01
1689.93
1684.51
1678.62
1672.27
1665.31
1657.7
1649.1
1639.31
1627.72
1613.3
1592.74
1561.05
1800.83
1799.94
1799.97
1799.96
1799.96
1799.95
1799.95
1799.94
1799.93
1799.91
1799.89
1799.86
1799.84
1799.81
1799.77
1799.74
1799.71
1799.66
1799.61
1799.54
1799.45
1799.36
1799.25
1799.15
1799.05
1798.96
1798.87
1798.78
1798.68
1798.58
1798.46
1798.33
1798.18
1798
1797.81
1797.6
1797.37
1797.12
1796.86
1796.58
1796.28
1795.97
1795.63
1795.28
1794.92
1794.53
1794.13
1793.71
1793.28
1792.83
1792.36
1791.87
1791.36
1790.84
1790.28
1789.71
1789.12
1788.5
1787.86
1787.19
1786.5
1785.79
1785.06
1784.3
1783.51
1782.7
1781.85
1780.98
1780.07
1779.13
1778.16
1777.16
1776.12
1775.04
1773.93
1772.77
1771.58
1770.34
1769.06
1767.73
1766.35
1764.92
1763.43
1761.88
1760.27
1758.6
1756.85
1755.04
1753.15
1751.19
1749.14
1747
1744.77
1742.44
1740.02
1737.49
1734.84
1732.08
1729.18
1726.15
1722.96
1719.61
1716.08
1712.36
1708.42
1704.26
1699.81
1695.09
1690.02
1684.6
1678.74
1672.41
1665.42
1657.72
1649.09
1639.28
1627.69
1613.27
1592.71
1561.23
1800.82
1799.95
1799.96
1799.96
1799.96
1799.95
1799.94
1799.94
1799.93
1799.91
1799.89
1799.86
1799.84
1799.81
1799.77
1799.74
1799.71
1799.66
1799.61
1799.54
1799.45
1799.36
1799.25
1799.15
1799.05
1798.96
1798.87
1798.78
1798.69
1798.58
1798.47
1798.34
1798.18
1798.01
1797.82
1797.61
1797.38
1797.13
1796.87
1796.59
1796.29
1795.98
1795.65
1795.3
1794.93
1794.55
1794.14
1793.73
1793.29
1792.84
1792.37
1791.89
1791.38
1790.85
1790.3
1789.73
1789.13
1788.51
1787.87
1787.21
1786.52
1785.81
1785.07
1784.31
1783.53
1782.71
1781.87
1781
1780.09
1779.15
1778.18
1777.18
1776.14
1775.06
1773.95
1772.79
1771.6
1770.36
1769.08
1767.75
1766.37
1764.94
1763.45
1761.91
1760.3
1758.63
1756.89
1755.08
1753.19
1751.22
1749.18
1747.04
1744.81
1742.49
1740.07
1737.55
1734.9
1732.14
1729.25
1726.22
1723.04
1719.7
1716.17
1712.46
1708.53
1704.37
1699.93
1695.22
1690.17
1684.77
1678.92
1672.59
1665.59
1657.87
1649.23
1639.44
1627.88
1613.5
1592.94
1561.84
1800.81
1799.95
1799.96
1799.96
1799.95
1799.95
1799.94
1799.94
1799.93
1799.91
1799.89
1799.86
1799.83
1799.8
1799.77
1799.74
1799.7
1799.66
1799.6
1799.53
1799.45
1799.36
1799.25
1799.15
1799.05
1798.96
1798.87
1798.78
1798.69
1798.59
1798.47
1798.34
1798.19
1798.02
1797.83
1797.62
1797.39
1797.14
1796.88
1796.6
1796.31
1795.99
1795.66
1795.31
1794.94
1794.56
1794.16
1793.74
1793.31
1792.85
1792.39
1791.9
1791.39
1790.86
1790.31
1789.74
1789.14
1788.52
1787.88
1787.22
1786.53
1785.82
1785.09
1784.33
1783.54
1782.73
1781.88
1781.01
1780.11
1779.17
1778.19
1777.18
1776.13
1775.05
1773.93
1772.78
1771.58
1770.34
1769.06
1767.73
1766.35
1764.92
1763.43
1761.88
1760.27
1758.59
1756.85
1755.03
1753.14
1751.18
1749.13
1746.99
1744.77
1742.45
1740.03
1737.51
1734.87
1732.11
1729.22
1726.19
1723
1719.66
1716.13
1712.42
1708.49
1704.33
1699.9
1695.19
1690.13
1684.73
1678.87
1672.54
1665.55
1657.85
1649.21
1639.43
1627.88
1613.56
1592.94
1562.4
1800.8
1799.96
1799.96
1799.96
1799.95
1799.95
1799.94
1799.94
1799.93
1799.91
1799.89
1799.87
1799.84
1799.81
1799.77
1799.74
1799.71
1799.66
1799.61
1799.54
1799.45
1799.36
1799.26
1799.16
1799.06
1798.96
1798.87
1798.78
1798.69
1798.59
1798.48
1798.35
1798.2
1798.03
1797.84
1797.63
1797.4
1797.16
1796.9
1796.62
1796.32
1796.01
1795.68
1795.33
1794.96
1794.57
1794.17
1793.76
1793.32
1792.87
1792.4
1791.92
1791.41
1790.88
1790.33
1789.76
1789.16
1788.54
1787.9
1787.24
1786.55
1785.84
1785.11
1784.35
1783.56
1782.75
1781.91
1781.03
1780.13
1779.2
1778.24
1777.22
1776.18
1775.11
1773.99
1772.84
1771.65
1770.41
1769.13
1767.81
1766.43
1765
1763.51
1761.97
1760.36
1758.69
1756.95
1755.14
1753.26
1751.3
1749.25
1747.12
1744.9
1742.59
1740.17
1737.65
1735.02
1732.26
1729.37
1726.35
1723.17
1719.84
1716.32
1712.62
1708.69
1704.55
1700.12
1695.43
1690.38
1685
1679.16
1672.85
1665.88
1658.21
1649.6
1639.86
1628.38
1614.21
1593.74
1564.45
1572.47
1569.15
1565.71
1562.09
1558.32
1554.35
1550.2
1545.84
1541.29
1536.53
1531.61
1526.53
1521.08
1515.4
1509.41
1503.06
1496.52
1489.76
1482.74
1475.44
1467.86
1459.99
1451.83
1443.39
1434.67
1425.67
1416.41
1406.88
1397.1
1387.07
1376.8
1366.31
1355.61
1344.7
1333.61
1322.35
1310.93
1299.36
1287.67
1275.86
1263.95
1251.95
1239.87
1227.74
1215.55
1203.34
1191.1
1178.85
1166.6
1154.36
1142.13
1129.9
1117.64
1105.34
1092.9
1080.36
1067.62
1054.82
1042.04
1029.63
1017.68
1006.23
995.363
985.257
975.662
967.022
959.492
952.472
946.761
942.493
939.007
935.956
936.086
937.848
941.79
947.391
955.142
963.586
970.409
978.4
1572.28
1568.94
1565.47
1561.83
1558.01
1554.01
1549.81
1545.42
1540.79
1535.93
1530.82
1525.62
1520.22
1514.55
1508.49
1502.17
1495.59
1488.75
1481.63
1474.24
1466.57
1458.61
1450.37
1441.85
1433.05
1423.97
1414.64
1405.04
1395.19
1385.1
1374.78
1364.25
1353.5
1342.57
1331.45
1320.17
1308.74
1297.16
1285.47
1273.66
1261.76
1249.77
1237.72
1225.6
1213.44
1201.25
1189.04
1176.82
1164.58
1152.33
1140.05
1127.71
1115.3
1102.8
1090.21
1077.57
1065.08
1052.73
1040.94
1029.55
1018.45
1007.81
997.54
988.053
979.262
970.867
964.016
957.893
952.577
948.91
947.998
947.928
949.022
952.33
954.751
957.102
959.6
962.587
965.953
972.205
1571.95
1568.57
1565.06
1561.37
1557.5
1553.45
1549.19
1544.74
1540.07
1535.18
1530.07
1524.68
1519.12
1513.27
1507.12
1500.71
1494.01
1487.03
1479.77
1472.24
1464.44
1456.35
1447.98
1439.33
1430.41
1421.23
1411.78
1402.08
1392.13
1381.95
1371.56
1360.95
1350.14
1339.16
1328
1316.68
1305.22
1293.62
1281.91
1270.1
1258.2
1246.22
1234.17
1222.07
1209.92
1197.75
1185.55
1173.31
1161.03
1148.69
1136.27
1123.74
1111.12
1098.45
1085.92
1073.56
1061.81
1050.59
1039.82
1029.56
1019.46
1009.96
1001.06
992.475
985.253
978.314
972.323
968.559
964.206
962.87
963.495
962.649
963.614
965.414
964.926
964.129
964.167
963.833
963.907
965.205
1571.49
1568.05
1564.47
1560.71
1556.76
1552.62
1548.28
1543.72
1538.95
1533.96
1528.72
1523.16
1517.39
1511.34
1505.06
1498.52
1491.66
1484.5
1477.05
1469.33
1461.33
1453.06
1444.51
1435.68
1426.59
1417.24
1407.63
1397.78
1387.7
1377.4
1366.89
1356.19
1345.3
1334.24
1323.03
1311.67
1300.17
1288.56
1276.84
1265.03
1253.13
1241.17
1229.14
1217.07
1204.95
1192.79
1180.58
1168.29
1155.9
1143.41
1130.8
1118.14
1105.57
1093.22
1081.46
1070.32
1059.83
1050.07
1040.28
1031
1022.48
1014.01
1007
1000.2
994.438
990.141
986.054
984.687
982.71
981.724
981.783
979.142
977.513
976.29
974.005
970.889
968.566
965.96
964.243
962.663
1570.9
1567.37
1563.72
1559.86
1555.81
1551.55
1547.08
1542.39
1537.47
1532.31
1526.9
1521.17
1515.21
1508.94
1502.44
1495.66
1488.59
1481.2
1473.52
1465.55
1457.31
1448.8
1440.01
1430.96
1421.65
1412.09
1402.29
1392.27
1382.02
1371.58
1360.94
1350.12
1339.14
1328
1316.72
1305.31
1293.78
1282.15
1270.42
1258.61
1246.73
1234.78
1222.78
1210.72
1198.6
1186.4
1174.09
1161.68
1149.12
1136.51
1123.94
1111.57
1099.78
1088.63
1078.28
1068.81
1059.4
1050.71
1042.59
1034.33
1027.82
1021.43
1015.7
1012.22
1007.97
1006.18
1005.27
1002.99
1001.79
999.505
996.578
993.12
988.873
984.92
981.011
977.075
973.331
969.577
966.313
962.61
1570.19
1566.56
1562.8
1558.82
1554.64
1550.24
1545.62
1540.76
1535.65
1530.29
1524.67
1518.76
1512.52
1505.98
1499.2
1492.15
1484.8
1477.14
1469.18
1460.92
1452.39
1443.58
1434.52
1425.2
1415.63
1405.83
1395.81
1385.58
1375.15
1364.54
1353.75
1342.81
1331.72
1320.49
1309.15
1297.69
1286.13
1274.47
1262.74
1250.94
1239.07
1227.13
1215.13
1203.04
1190.86
1178.56
1166.09
1153.57
1141.06
1128.69
1116.92
1105.75
1095.56
1086.31
1077.23
1069
1061.08
1053.26
1047.26
1041.04
1035.93
1032.91
1028.76
1027.74
1026.71
1023.84
1023.09
1020.65
1016.78
1013.22
1008.65
1003.75
998.904
993.975
988.907
984.173
979.575
975.13
970.908
964.429
1569.36
1565.61
1561.73
1557.61
1553.28
1548.71
1543.9
1538.83
1533.5
1527.91
1522.03
1515.86
1509.31
1502.48
1495.37
1487.98
1480.3
1472.31
1464.02
1455.43
1446.56
1437.42
1428.04
1418.41
1408.55
1398.48
1388.21
1377.75
1367.12
1356.32
1345.38
1334.3
1323.1
1311.78
1300.37
1288.86
1277.26
1265.59
1253.85
1242.04
1230.16
1218.2
1206.16
1193.99
1181.69
1169.29
1156.89
1144.62
1132.93
1121.79
1111.7
1102.64
1093.85
1086.09
1078.42
1071.03
1065.31
1059.22
1054.93
1051.91
1048.27
1047.95
1046.38
1043.96
1043.35
1040.36
1036.46
1033.17
1028.52
1023.43
1018.57
1013.4
1007.98
1002.65
997.229
991.762
986.183
980.702
975.755
967.581
1568.44
1564.55
1560.52
1556.24
1551.73
1546.96
1541.93
1536.62
1531.03
1525.15
1519.01
1512.48
1505.6
1498.41
1490.93
1483.16
1475.09
1466.72
1458.04
1449.07
1439.82
1430.32
1420.57
1410.61
1400.43
1390.07
1379.53
1368.83
1357.98
1346.99
1335.89
1324.67
1313.35
1301.95
1290.46
1278.89
1267.27
1255.57
1243.81
1231.97
1220.05
1208.01
1195.87
1183.61
1171.32
1159.14
1147.5
1136.38
1126.46
1117.66
1109.36
1102.08
1094.72
1087.81
1082.36
1076.51
1072.78
1069.52
1066.71
1066.58
1064.49
1062.98
1062.17
1058.7
1055.28
1052.08
1047.41
1042.51
1037.85
1032.79
1027.44
1022.12
1016.6
1010.83
1004.91
998.926
992.866
986.656
981.158
971.886
1567.41
1563.36
1559.18
1554.71
1549.99
1544.99
1539.7
1534.12
1528.22
1522.03
1515.54
1508.61
1501.35
1493.76
1485.86
1477.65
1469.14
1460.32
1451.22
1441.82
1432.16
1422.26
1412.13
1401.8
1391.29
1380.61
1369.79
1358.84
1347.77
1336.59
1325.32
1313.96
1302.53
1291.03
1279.48
1267.86
1256.18
1244.44
1232.63
1220.73
1208.74
1196.66
1184.56
1172.56
1160.95
1150.04
1140.24
1131.38
1123.35
1116.43
1109.52
1103.38
1098.2
1092.68
1089.52
1086.19
1084.11
1083.89
1081.64
1080.65
1079.36
1075.88
1072.98
1069.67
1065.16
1060.58
1056.17
1051.33
1046.12
1040.93
1035.54
1029.87
1023.98
1017.95
1011.73
1005.38
998.957
992.345
986.483
976.449
1566.3
1562.07
1557.7
1553.02
1548.06
1542.8
1537.22
1531.31
1525.08
1518.54
1511.6
1504.24
1496.54
1488.5
1480.13
1471.43
1462.42
1453.12
1443.53
1433.67
1423.56
1413.23
1402.69
1391.98
1381.12
1370.13
1359.02
1347.81
1336.51
1325.14
1313.71
1302.22
1290.67
1279.09
1267.45
1255.77
1244.03
1232.22
1220.35
1208.38
1196.43
1184.52
1172.94
1162.02
1152.23
1143.66
1136.32
1129.86
1123.42
1117.85
1112.58
1107.67
1104.95
1101.63
1100.52
1100.11
1097.78
1097.31
1095.64
1092.14
1089.54
1086.15
1081.85
1077.56
1073.39
1068.79
1063.8
1058.84
1053.69
1048.17
1042.41
1036.51
1030.41
1024.14
1017.72
1011.2
1004.6
997.741
991.594
981.032
1565.1
1560.67
1556.09
1551.17
1545.94
1540.37
1534.46
1528.19
1521.58
1514.61
1507.17
1499.34
1491.15
1482.6
1473.7
1464.46
1454.9
1445.06
1434.95
1424.59
1414
1403.22
1392.26
1381.16
1369.94
1358.62
1347.23
1335.76
1324.25
1312.69
1301.09
1289.47
1277.81
1266.13
1254.42
1242.64
1230.86
1219
1207.19
1195.49
1184.07
1173.36
1163.58
1154.99
1147.72
1141.17
1135.31
1130.62
1125.72
1121.76
1118.9
1115.75
1115.57
1114.57
1112.87
1112.9
1110.5
1107.52
1105.38
1101.73
1097.65
1093.71
1089.66
1085.22
1080.43
1075.74
1070.84
1065.52
1059.97
1054.28
1048.38
1042.27
1035.99
1029.57
1023.01
1016.34
1009.58
1002.56
996.254
985.315
1563.82
1559.16
1554.35
1549.15
1543.62
1537.71
1531.42
1524.74
1517.7
1510.21
1502.23
1493.87
1485.13
1476.01
1466.52
1456.69
1446.54
1436.12
1425.44
1414.54
1403.46
1392.21
1380.82
1369.33
1357.76
1346.12
1334.44
1322.72
1310.99
1299.25
1287.49
1275.73
1263.97
1252.17
1240.39
1228.58
1216.79
1205.13
1193.68
1182.95
1172.96
1164.44
1157.72
1151.98
1146.9
1142.25
1137.43
1134.02
1131.1
1129.2
1129.35
1127.75
1127.22
1127.04
1124
1122.2
1120.02
1116.12
1112.77
1109.13
1105.11
1100.86
1096.29
1091.76
1087.03
1081.9
1076.57
1071.14
1065.48
1059.59
1053.51
1047.27
1040.87
1034.33
1027.64
1020.85
1013.98
1006.84
1000.42
989.246
1562.46
1557.55
1552.47
1546.97
1541.09
1534.79
1528.07
1520.94
1513.4
1505.3
1496.75
1487.79
1478.43
1468.67
1458.54
1448.06
1437.28
1426.23
1414.97
1403.51
1391.91
1380.18
1368.37
1356.48
1344.56
1332.61
1320.64
1308.69
1296.74
1284.81
1272.92
1261.02
1249.17
1237.33
1225.56
1213.99
1202.68
1192.02
1182.31
1173.82
1166.69
1160.49
1155.7
1151.72
1148.03
1145.26
1142.25
1140.97
1140.75
1139.73
1140.26
1139.34
1136.87
1135.91
1133.12
1129.59
1126.93
1123.37
1119.57
1115.7
1111.4
1107.08
1102.5
1097.52
1092.37
1087.16
1081.72
1076.04
1070.18
1064.18
1058
1051.65
1045.12
1038.46
1031.67
1024.78
1017.82
1010.59
1004.09
992.732
1561.03
1555.83
1550.46
1544.61
1538.34
1531.6
1524.41
1516.78
1508.59
1499.87
1490.68
1481.05
1470.99
1460.52
1449.69
1438.52
1427.07
1415.37
1403.49
1391.45
1379.32
1367.13
1354.87
1342.62
1330.33
1318.09
1305.85
1293.66
1281.53
1269.42
1257.41
1245.44
1233.52
1221.87
1210.41
1199.53
1189.52
1180.7
1173.75
1168.48
1164.52
1160.84
1157.18
1154.13
1151.74
1151.63
1151.28
1150.98
1151.68
1150.05
1148.96
1148.17
1144.96
1142.52
1140.04
1136.44
1133.06
1129.52
1125.58
1121.52
1117.18
1112.44
1107.54
1102.52
1097.27
1091.76
1086.09
1080.3
1074.33
1068.19
1061.86
1055.39
1048.78
1042.05
1035.19
1028.22
1021.17
1013.84
1007.27
995.786
1559.52
1554.01
1548.31
1542.07
1535.35
1528.12
1520.39
1512.15
1503.27
1493.85
1483.94
1473.57
1462.74
1451.51
1439.91
1428.01
1415.84
1403.48
1390.95
1378.36
1365.69
1353.02
1340.34
1327.7
1315.11
1302.54
1290.08
1277.65
1265.36
1253.16
1241.05
1229.27
1217.71
1206.84
1196.93
1188.18
1181
1175.11
1170.42
1166.91
1164.67
1162.58
1160.61
1159.99
1159.56
1160.46
1161.15
1160.09
1159.99
1158.53
1155.77
1154.32
1151.62
1148.46
1145.68
1142.37
1138.74
1134.94
1130.87
1126.49
1121.9
1117.15
1112.12
1106.83
1101.37
1095.79
1090.01
1084.04
1077.89
1071.61
1065.19
1058.65
1051.96
1045.16
1038.23
1031.18
1024.07
1016.67
1010.03
998.436
1557.94
1552.07
1546.01
1539.32
1532.1
1524.31
1515.99
1507.01
1497.38
1487.2
1476.48
1465.28
1453.6
1441.55
1429.13
1416.45
1403.55
1390.49
1377.36
1364.16
1351
1337.83
1324.77
1311.73
1298.83
1285.99
1273.29
1260.76
1248.31
1236.23
1224.34
1212.97
1202.69
1193.23
1185.47
1180.01
1176.27
1173.62
1171.26
1168.72
1167.03
1167.41
1167.77
1169.13
1168.94
1168.83
1169.28
1167.6
1166.16
1164.95
1161.99
1159.59
1157.1
1153.97
1150.87
1147.45
1143.69
1139.67
1135.37
1130.87
1126.13
1121.14
1115.97
1110.65
1105.09
1099.31
1093.34
1087.23
1080.98
1074.61
1068.09
1061.45
1054.69
1047.83
1040.83
1033.73
1026.55
1019.08
1012.39
1000.72
1556.28
1550.02
1543.54
1536.35
1528.57
1520.15
1511.12
1501.32
1490.87
1479.81
1468.21
1456.08
1443.51
1430.54
1417.28
1403.78
1390.13
1376.39
1362.62
1348.87
1335.18
1321.58
1308.08
1294.73
1281.49
1268.49
1255.61
1243.12
1230.88
1219.29
1208.73
1199.08
1191.69
1185.47
1180.44
1177.1
1175.28
1174.09
1173.16
1172.75
1173.21
1174.82
1175.81
1176.99
1176.87
1175.42
1174.94
1173.52
1171.2
1169.79
1167.41
1164.59
1161.88
1158.72
1155.37
1151.82
1147.92
1143.75
1139.32
1134.63
1129.75
1124.69
1119.41
1113.9
1108.2
1102.32
1096.27
1090.05
1083.67
1077.18
1070.57
1063.87
1057.05
1050.12
1043.06
1035.89
1028.66
1021.14
1014.41
1002.67
1554.56
1547.84
1540.9
1533.14
1524.71
1515.6
1505.72
1495.02
1483.64
1471.63
1459.02
1445.91
1432.34
1418.44
1404.28
1389.94
1375.54
1361.11
1346.73
1332.43
1318.23
1304.2
1290.32
1276.66
1263.23
1250.12
1237.4
1225.19
1213.81
1203.43
1194.72
1188.06
1183.52
1181.25
1180.06
1178.27
1176.77
1177.05
1178.53
1180.04
1181.53
1182.57
1182.73
1182.81
1182.83
1181.26
1179.64
1178.39
1176.03
1174.09
1171.95
1169.13
1166.13
1162.86
1159.3
1155.56
1151.58
1147.29
1142.73
1137.96
1132.95
1127.72
1122.32
1116.73
1110.94
1104.94
1098.76
1092.43
1085.99
1079.43
1072.75
1065.96
1059.05
1052.04
1044.92
1037.71
1030.44
1022.89
1016.12
1004.32
1552.75
1545.53
1538.06
1529.65
1520.5
1510.56
1499.7
1488.02
1475.6
1462.52
1448.82
1434.63
1420.01
1405.12
1390.03
1374.88
1359.71
1344.62
1329.64
1314.78
1300.15
1285.67
1271.53
1257.66
1244.25
1231.46
1219.49
1208.65
1199.69
1192.6
1187.12
1183.82
1180.92
1180.42
1180.45
1180.73
1181.6
1183.11
1185.4
1187.12
1188.1
1188.25
1188.14
1187.15
1186.86
1186.03
1183.94
1182.47
1180.39
1178.05
1175.73
1172.97
1169.83
1166.41
1162.74
1158.85
1154.72
1150.34
1145.7
1140.82
1135.71
1130.39
1124.86
1119.13
1113.22
1107.15
1100.92
1094.53
1088
1081.35
1074.58
1067.72
1060.74
1053.68
1046.51
1039.25
1031.94
1024.35
1017.55
1005.7
1550.87
1543.07
1535
1525.86
1515.86
1504.97
1493.03
1480.23
1466.65
1452.38
1437.48
1422.15
1406.41
1390.52
1374.48
1358.51
1342.61
1326.85
1311.28
1295.92
1280.86
1266.14
1251.8
1238.18
1225.14
1213.34
1202.95
1194.18
1188.09
1184.92
1183.41
1183.04
1181.92
1182.2
1183.79
1186.47
1188.61
1190.18
1191.58
1192.55
1193.05
1192.79
1192.69
1191.29
1190.4
1189.91
1188.01
1186.16
1184.15
1181.63
1179.03
1176.2
1173.03
1169.54
1165.74
1161.7
1157.46
1152.98
1148.26
1143.3
1138.09
1132.65
1127.01
1121.19
1115.2
1109.05
1102.74
1096.28
1089.7
1082.99
1076.16
1069.22
1062.17
1055.03
1047.81
1040.51
1033.17
1025.55
1018.73
1006.84
1548.91
1540.45
1531.69
1521.7
1510.79
1498.7
1485.59
1471.53
1456.67
1441.05
1424.91
1408.29
1391.48
1374.5
1357.59
1340.78
1324.16
1307.77
1291.62
1275.9
1260.5
1245.85
1231.72
1219.09
1207.78
1198.64
1191.79
1187.1
1183.68
1182.55
1182.83
1183.52
1184.86
1187.04
1189.35
1192.44
1194.29
1195.65
1196.05
1196.4
1196.86
1196.37
1196.2
1195.26
1193.75
1193.04
1191.47
1189.42
1187.33
1184.78
1181.98
1179.02
1175.77
1172.21
1168.35
1164.2
1159.83
1155.26
1150.46
1145.42
1140.12
1134.6
1128.86
1122.95
1116.87
1110.66
1104.3
1097.8
1091.16
1084.38
1077.47
1070.46
1063.36
1056.18
1048.91
1041.57
1034.2
1026.55
1019.7
1007.78
1546.85
1537.64
1528.08
1517.15
1505.07
1491.72
1477.25
1461.78
1445.46
1428.43
1410.89
1393.02
1375.02
1357.05
1339.22
1321.65
1304.29
1287.34
1270.73
1254.84
1239.48
1225.4
1212.53
1201.48
1192.75
1186.71
1183.8
1183.95
1183.73
1183.37
1184.56
1187.22
1190.5
1193.3
1195.05
1197.21
1198.47
1199.73
1199.88
1199.89
1200.29
1199.64
1199.2
1198.7
1196.96
1195.77
1194.33
1192.28
1190.07
1187.51
1184.59
1181.46
1178.11
1174.48
1170.54
1166.33
1161.88
1157.22
1152.32
1147.19
1141.82
1136.22
1130.41
1124.43
1118.29
1112.02
1105.6
1099.05
1092.35
1085.53
1078.57
1071.51
1064.36
1057.13
1049.83
1042.46
1035.06
1027.39
1020.54
1008.62
1544.71
1534.61
1524.14
1512.06
1498.68
1483.88
1467.86
1450.82
1432.9
1414.29
1395.37
1376.11
1357.06
1337.99
1319.4
1300.96
1283.04
1265.57
1248.89
1233.23
1218.86
1206.55
1197.05
1189.76
1185.27
1182.34
1182.04
1182.71
1184.53
1186.69
1189.49
1192.36
1195.64
1197.81
1199.32
1200.71
1201.55
1202.75
1203.16
1202.95
1203.21
1202.59
1201.79
1201.41
1199.91
1198.29
1196.74
1194.72
1192.44
1189.85
1186.87
1183.61
1180.12
1176.4
1172.43
1168.17
1163.66
1158.9
1153.92
1148.71
1143.27
1137.61
1131.75
1125.71
1119.52
1113.2
1106.73
1100.14
1093.4
1086.53
1079.53
1072.44
1065.26
1058.01
1050.68
1043.29
1035.87
1028.19
1021.34
1009.44
1542.47
1531.34
1519.76
1506.46
1491.46
1475.04
1457.23
1438.47
1418.72
1398.59
1378.05
1357.6
1337.34
1317.37
1297.93
1278.74
1260.43
1242.96
1226.74
1212.32
1200.07
1190.35
1184.27
1181.44
1181.97
1181.98
1182.44
1184.59
1188.3
1191.88
1194.97
1196.82
1199.36
1201.11
1202.64
1203.82
1204.36
1205.39
1206
1205.68
1205.76
1205.2
1204.11
1203.63
1202.38
1200.6
1198.85
1196.77
1194.43
1191.8
1188.79
1185.44
1181.84
1178.03
1173.99
1169.7
1165.13
1160.3
1155.23
1149.93
1144.43
1138.73
1132.83
1126.76
1120.53
1114.15
1107.63
1100.98
1094.19
1087.28
1080.25
1073.12
1065.91
1058.61
1051.24
1043.79
1036.33
1028.61
1021.72
1009.75
1540.11
1527.78
1514.94
1500.04
1483.32
1464.93
1445.21
1424.42
1402.83
1380.97
1358.95
1337.23
1315.89
1295.03
1274.77
1255.25
1236.85
1220.45
1206.07
1194.87
1187.43
1182.23
1179.41
1179.57
1180.55
1183.03
1185.92
1189.3
1192.79
1196.14
1198.72
1200.19
1202.24
1203.71
1205.25
1206.47
1206.86
1207.71
1208.38
1208.04
1207.95
1207.49
1206.25
1205.54
1204.39
1202.65
1200.75
1198.57
1196.14
1193.46
1190.43
1187.04
1183.37
1179.47
1175.37
1171.03
1166.41
1161.51
1156.37
1151.01
1145.46
1139.72
1133.8
1127.7
1121.44
1115.03
1108.47
1101.77
1094.93
1087.99
1080.93
1073.78
1066.53
1059.2
1051.77
1044.28
1036.77
1029.01
1022.09
1010.08
1537.6
1523.87
1509.42
1492.74
1473.96
1453.4
1431.43
1408.53
1384.89
1361.43
1337.77
1315.08
1292.48
1271.11
1249.96
1231.22
1213.84
1199.46
1188.39
1180.77
1177.91
1178.49
1178.67
1179.72
1182.57
1186.85
1190.54
1193.79
1196.21
1199.07
1201.38
1203.06
1204.85
1206.06
1207.5
1208.75
1209.1
1209.8
1210.37
1210.03
1209.82
1209.44
1208.18
1207.23
1206.07
1204.39
1202.42
1200.14
1197.61
1194.85
1191.8
1188.4
1184.68
1180.72
1176.54
1172.13
1167.45
1162.51
1157.31
1151.9
1146.3
1140.52
1134.57
1128.45
1122.15
1115.69
1109.07
1102.31
1095.42
1088.44
1081.35
1074.16
1066.86
1059.48
1052.02
1044.5
1036.98
1029.2
1022.28
1010.27
1534.92
1519.54
1503.27
1484.32
1463.21
1440.06
1415.68
1390.4
1364.8
1339.57
1314.62
1290.78
1267.3
1245.61
1224.57
1207.82
1194.28
1184.1
1178.98
1175.53
1175.63
1176.79
1179.75
1183.24
1186.99
1190.82
1194.06
1196.95
1198.81
1201.37
1203.59
1205.47
1207.18
1208.15
1209.47
1210.7
1211.11
1211.72
1212.15
1211.8
1211.51
1211.14
1209.96
1208.82
1207.56
1205.89
1203.89
1201.55
1198.93
1196.09
1192.99
1189.58
1185.85
1181.84
1177.59
1173.12
1168.39
1163.41
1158.18
1152.73
1147.09
1141.28
1135.3
1129.14
1122.8
1116.28
1109.6
1102.79
1095.85
1088.82
1081.69
1074.46
1067.13
1059.73
1052.25
1044.71
1037.18
1029.39
1022.45
1010.46
1532
1514.73
1496.1
1474.58
1450.67
1424.6
1397.65
1369.73
1342.36
1315.31
1289.25
1264.56
1240.31
1219.64
1201.05
1187.26
1178
1173.04
1173.59
1174.03
1175.62
1178.92
1183.52
1187.45
1190.84
1193.64
1196.57
1199.31
1201.2
1203.57
1205.58
1207.52
1209.23
1210.07
1211.26
1212.4
1212.86
1213.42
1213.71
1213.31
1212.98
1212.6
1211.52
1210.27
1208.87
1207.15
1205.11
1202.74
1200.06
1197.14
1193.98
1190.55
1186.8
1182.74
1178.41
1173.85
1169.06
1164.03
1158.76
1153.27
1147.57
1141.71
1135.67
1129.46
1123.06
1116.49
1109.76
1102.9
1095.93
1088.86
1081.69
1074.43
1067.09
1059.68
1052.2
1044.66
1037.12
1029.33
1022.39
1010.38
1528.74
1509.19
1487.75
1463.16
1435.98
1406.68
1376.9
1346.48
1317.2
1288.88
1261.55
1236.8
1213.26
1195.05
1183.75
1175.01
1171
1170.5
1171.56
1174.85
1178.9
1182.99
1187.14
1190.5
1193.59
1195.86
1198.66
1201.32
1203.4
1205.61
1207.36
1209.27
1210.98
1211.82
1212.95
1213.94
1214.39
1214.91
1215.1
1214.65
1214.27
1213.84
1212.83
1211.52
1209.99
1208.18
1206.1
1203.72
1201.02
1198.06
1194.86
1191.41
1187.65
1183.56
1179.16
1174.5
1169.63
1164.54
1159.2
1153.65
1147.91
1142
1135.93
1129.68
1123.25
1116.65
1109.9
1103.02
1096.04
1088.95
1081.74
1074.46
1067.11
1059.7
1052.23
1044.7
1037.15
1029.37
1022.46
1010.46
1524.97
1502.94
1477.88
1449.69
1418.53
1385.95
1352.91
1320.47
1289.22
1260.17
1232.32
1208.39
1189.51
1175.41
1169.3
1167.91
1168.68
1170.18
1173.57
1178.41
1182.83
1186.44
1189.57
1192.6
1195.62
1197.84
1200.56
1203.07
1205.28
1207.35
1208.87
1210.69
1212.35
1213.25
1214.36
1215.17
1215.57
1216.05
1216.14
1215.7
1215.27
1214.78
1213.78
1212.43
1210.81
1208.9
1206.75
1204.33
1201.59
1198.56
1195.29
1191.76
1187.94
1183.77
1179.29
1174.56
1169.63
1164.5
1159.18
1153.64
1147.9
1141.99
1135.9
1129.64
1123.2
1116.6
1109.85
1102.98
1096
1088.91
1081.72
1074.44
1067.06
1059.63
1052.14
1044.6
1037.07
1029.29
1022.36
1010.35
1520.53
1495.4
1466.07
1433.48
1397.83
1361.69
1325.53
1291.29
1258.83
1229.44
1203.57
1182.95
1173.78
1167
1164.57
1165.44
1168.73
1173.13
1177.39
1181.66
1185.33
1188.63
1191.23
1194.16
1197.17
1199.53
1202.14
1204.4
1206.68
1208.66
1210.03
1211.76
1213.33
1214.32
1215.42
1216.08
1216.42
1216.85
1216.88
1216.45
1216
1215.49
1214.47
1213.1
1211.45
1209.49
1207.29
1204.83
1202.07
1198.99
1195.67
1192.1
1188.24
1184.03
1179.52
1174.75
1169.77
1164.65
1159.34
1153.83
1148.1
1142.16
1136.04
1129.75
1123.3
1116.7
1109.94
1103.07
1096.1
1089.03
1081.86
1074.58
1067.18
1059.72
1052.22
1044.7
1037.21
1029.46
1022.54
1010.54
1515
1486.22
1451.67
1413.89
1373.15
1333.53
1294.54
1259.3
1226.54
1198.56
1178.41
1164.18
1161.55
1161.87
1163.25
1166.73
1171.57
1176.55
1180.37
1183.57
1186.65
1189.86
1192.43
1195.36
1198.28
1200.78
1203.26
1205.29
1207.54
1209.48
1210.82
1212.49
1213.95
1215.02
1216.13
1216.72
1217.01
1217.36
1217.4
1217.06
1216.54
1215.82
1214.78
1213.44
1211.77
1209.8
1207.58
1205.1
1202.31
1199.22
1195.86
1192.23
1188.33
1184.14
1179.66
1174.91
1169.94
1164.79
1159.45
1153.9
1148.14
1142.17
1136
1129.66
1123.17
1116.56
1109.82
1102.97
1095.98
1088.88
1081.68
1074.41
1067.08
1059.7
1052.26
1044.77
1037.27
1029.52
1022.6
1010.54
1508.16
1474.65
1433.83
1389.84
1343.87
1300.95
1260.12
1224.96
1194.86
1171.3
1163.55
1157.69
1158.11
1160.87
1165.26
1169.79
1174.23
1178.33
1181.86
1184.63
1187.53
1190.72
1193.41
1196.37
1199.12
1201.72
1204.13
1206.03
1208.25
1210.15
1211.58
1213.22
1214.57
1215.7
1216.83
1217.41
1217.67
1217.96
1218.03
1217.65
1217.26
1216.5
1215.47
1214.2
1212.55
1210.56
1208.31
1205.79
1203.01
1199.93
1196.51
1192.78
1188.8
1184.59
1180.14
1175.42
1170.43
1165.22
1159.83
1154.26
1148.51
1142.55
1136.38
1130.03
1123.54
1116.94
1110.24
1103.42
1096.45
1089.35
1082.15
1074.92
1067.66
1060.34
1052.92
1045.41
1037.88
1030.1
1023.16
1011.09
1499.11
1459.75
1411.23
1360.41
1309.32
1264.38
1223.29
1189.64
1167.37
1152.22
1152.75
1154.83
1158.1
1162.67
1167.94
1172.32
1175.98
1179.47
1183.02
1185.76
1188.62
1191.76
1194.63
1197.62
1200.21
1202.92
1205.33
1207.2
1209.4
1211.31
1212.87
1214.51
1215.79
1216.95
1218.09
1218.67
1218.92
1219.15
1219.17
1218.91
1218.39
1217.63
1216.54
1215.17
1213.53
1211.57
1209.27
1206.69
1203.84
1200.72
1197.26
1193.5
1189.48
1185.24
1180.76
1176.02
1171.05
1165.87
1160.52
1155
1149.26
1143.29
1137.1
1130.76
1124.28
1117.69
1110.97
1104.11
1097.11
1090
1082.79
1075.5
1068.12
1060.66
1053.12
1045.52
1037.92
1030.08
1023.13
1011.12
1487.04
1439.97
1382.51
1324.55
1269.88
1224.76
1188.29
1160.05
1152.66
1148.65
1150.8
1155.04
1160.7
1166.22
1171.16
1175.25
1178.37
1181.42
1184.89
1187.86
1190.93
1194.04
1197.05
1199.98
1202.42
1205.11
1207.49
1209.42
1211.57
1213.48
1215.21
1216.82
1218.03
1219.18
1220.29
1220.88
1221.2
1221.44
1221.41
1221.19
1220.6
1219.77
1218.61
1217.24
1215.66
1213.73
1211.44
1208.87
1206.05
1202.92
1199.45
1195.67
1191.64
1187.4
1182.9
1178.16
1173.18
1167.98
1162.59
1157.03
1151.26
1145.28
1139.1
1132.76
1126.29
1119.71
1112.99
1106.14
1099.14
1092.04
1084.82
1077.53
1070.14
1062.69
1055.15
1047.54
1039.89
1031.99
1024.97
1012.86
1470.99
1414.07
1345.77
1283.43
1228.05
1184.63
1159.34
1144.42
1147.21
1151.25
1156.07
1161.48
1166.85
1171.39
1175.34
1179.2
1182.29
1185.35
1188.83
1192.17
1195.5
1198.52
1201.54
1204.34
1206.73
1209.35
1211.66
1213.72
1215.79
1217.62
1219.41
1220.95
1222.07
1223.26
1224.4
1225.01
1225.41
1225.62
1225.55
1225.21
1224.62
1223.75
1222.6
1221.18
1219.47
1217.46
1215.13
1212.54
1209.68
1206.51
1203.03
1199.27
1195.28
1191.06
1186.58
1181.85
1176.85
1171.62
1166.17
1160.53
1154.69
1148.65
1142.43
1136.05
1129.54
1122.92
1116.15
1109.25
1102.22
1095.09
1087.85
1080.53
1073.12
1065.64
1058.09
1050.47
1042.81
1034.87
1027.79
1015.56
1449.65
1380.33
1302.7
1239.76
1193.86
1158.55
1148.6
1148.74
1151.16
1157.62
1165.97
1171.6
1175.73
1179.24
1182.48
1186.19
1189.71
1193.17
1196.73
1200.17
1203.33
1206.05
1208.97
1211.7
1214.14
1216.71
1218.96
1221.06
1222.99
1224.72
1226.47
1227.87
1228.91
1230.01
1230.92
1231.45
1231.79
1231.86
1231.72
1231.31
1230.63
1229.7
1228.48
1226.97
1225.19
1223.12
1220.72
1218.02
1215.04
1211.76
1208.18
1204.33
1200.23
1195.88
1191.29
1186.46
1181.37
1176.04
1170.48
1164.72
1158.76
1152.62
1146.32
1139.87
1133.28
1126.57
1119.69
1112.69
1105.58
1098.37
1091.05
1083.64
1076.14
1068.58
1060.96
1053.28
1045.55
1037.54
1030.39
1018.05
1421.72
1338.4
1258.62
1201.1
1168.23
1153.23
1153.98
1158.27
1167.11
1174.13
1179.86
1184.15
1187.56
1190.94
1194.47
1198.15
1201.63
1204.92
1208.02
1211.16
1214.03
1216.48
1219.16
1221.6
1223.89
1226.14
1228.13
1230.11
1231.79
1233.27
1234.81
1235.98
1236.82
1237.72
1238.31
1238.72
1238.98
1238.82
1238.4
1237.74
1236.83
1235.65
1234.22
1232.54
1230.59
1228.36
1225.83
1222.99
1219.86
1216.51
1212.86
1208.94
1204.74
1200.28
1195.57
1190.62
1185.41
1179.96
1174.25
1168.34
1162.24
1155.99
1149.58
1143.03
1136.32
1129.47
1122.46
1115.34
1108.12
1100.8
1093.37
1085.86
1078.25
1070.59
1062.87
1055.1
1047.32
1039.28
1032.11
1019.74
1384.62
1293.47
1230.81
1188.54
1169.45
1166.46
1172.1
1179.55
1184.82
1189.19
1192.22
1195.07
1198.05
1201.07
1204.21
1207.25
1210.3
1213.26
1215.89
1218.68
1221.31
1223.71
1226.05
1228.16
1230.31
1232.23
1234.04
1235.95
1237.46
1238.78
1240.1
1241.1
1241.96
1242.61
1243.01
1243.4
1243.44
1243.31
1242.86
1242.1
1241.11
1239.86
1238.33
1236.51
1234.43
1232.08
1229.42
1226.42
1223.09
1219.5
1215.67
1211.6
1207.29
1202.75
1197.98
1192.97
1187.71
1182.19
1176.42
1170.43
1164.27
1157.97
1151.51
1144.9
1138.12
1131.16
1124.06
1116.87
1109.57
1102.18
1094.68
1087.09
1079.41
1071.68
1063.89
1056.07
1048.28
1040.26
1033.14
1020.86
1268.96
1145.68
1131.32
1138.9
1160.41
1180.26
1190.65
1197.41
1198.32
1198.58
1199.38
1201.68
1204.72
1207.47
1210.01
1212.44
1215.29
1218.19
1220.48
1223.04
1225.44
1227.75
1229.83
1231.62
1233.72
1235.4
1237
1238.92
1240.22
1241.33
1242.55
1243.45
1244.26
1244.77
1244.97
1245.34
1245.27
1244.95
1244.38
1243.5
1242.36
1240.99
1239.38
1237.47
1235.26
1232.81
1230.05
1226.89
1223.35
1219.52
1215.52
1211.33
1206.88
1202.19
1197.28
1192.17
1186.81
1181.2
1175.31
1169.22
1162.97
1156.6
1150.07
1143.38
1136.5
1129.48
1122.34
1115.12
1107.79
1100.38
1092.85
1085.24
1077.54
1069.79
1062
1054.16
1046.33
1038.24
1031.05
1018.62
)
;

boundaryField
{
    inlet
    {
        type            fixedValue;
        value           uniform 1800;
    }
    outlet
    {
        type            zeroGradient;
    }
    axis
    {
        type            symmetryPlane;
    }
    wall
    {
        type            zeroGradient;
    }
    frontAndBack
    {
        type            empty;
    }
}


// ************************************************************************* //
