/*--------------------------------*- C++ -*----------------------------------*\
  =========                 |
  \\      /  F ield         | OpenFOAM: The Open Source CFD Toolbox
   \\    /   O peration     | Website:  https://openfoam.org
    \\  /    A nd           | Version:  13
     \\/     M anipulation  |
\*---------------------------------------------------------------------------*/
FoamFile
{
    format      ascii;
    class       surfaceScalarField;
    location    "6";
    object      phi;
}
// * * * * * * * * * * * * * * * * * * * * * * * * * * * * * * * * * * * * * //

dimensions      [0 3 -1 0 0 0 0];

internalField   nonuniform List<scalar> 
760
(
1.85303e-07
-1.85322e-07
9.03321e-08
9.49698e-08
-4.05538e-07
4.95869e-07
-1.4052e-06
9.9966e-07
-2.69207e-06
1.28687e-06
-3.90396e-06
1.21189e-06
-4.94099e-06
1.03703e-06
-5.77681e-06
8.35826e-07
-6.40202e-06
6.25208e-07
-6.82625e-06
4.24226e-07
-7.05626e-06
2.30018e-07
-7.08978e-06
3.35127e-08
-6.93345e-06
-1.56327e-07
-6.58513e-06
-3.48322e-07
-5.98373e-06
-6.01398e-07
-5.10115e-06
-8.82579e-07
-3.88801e-06
-1.21314e-06
-2.39874e-06
-1.48927e-06
-8.69227e-07
-1.52951e-06
-8.69227e-07
-1.8954e-07
4.2175e-09
-8.89558e-07
7.94988e-07
-2.06911e-06
1.67542e-06
-3.31953e-06
2.25008e-06
-4.30556e-06
2.2729e-06
-5.17874e-06
2.08507e-06
-5.91158e-06
1.76986e-06
-6.48972e-06
1.41397e-06
-6.92276e-06
1.05825e-06
-7.21619e-06
7.17657e-07
-7.35934e-06
3.73167e-07
-7.32925e-06
3.42135e-09
-7.15585e-06
-3.29721e-07
-6.79792e-06
-7.06251e-07
-6.25266e-06
-1.14666e-06
-5.47647e-06
-1.65877e-06
-4.43655e-06
-2.25306e-06
-3.0775e-06
-2.84832e-06
-1.46938e-06
-3.13764e-06
-2.3386e-06
-7.46313e-07
7.50531e-07
-1.87383e-06
1.92251e-06
-2.98915e-06
2.79074e-06
-3.88939e-06
3.15031e-06
-4.64135e-06
3.02486e-06
-5.2584e-06
2.70212e-06
-5.75071e-06
2.26218e-06
-6.11807e-06
1.78132e-06
-6.35969e-06
1.29987e-06
-6.48046e-06
8.3842e-07
-6.49728e-06
3.89991e-07
-6.43273e-06
-6.11247e-08
-6.25645e-06
-5.06009e-07
-5.9572e-06
-1.0055e-06
-5.51916e-06
-1.58471e-06
-4.91142e-06
-2.26651e-06
-4.10467e-06
-3.05981e-06
-3.04521e-06
-3.90779e-06
-1.67216e-06
-4.51068e-06
-4.01077e-06
-1.0318e-06
1.78233e-06
-2.13976e-06
3.03048e-06
-3.0598e-06
3.71078e-06
-3.75254e-06
3.84305e-06
-4.29813e-06
3.57046e-06
-4.71148e-06
3.11546e-06
-5.00783e-06
2.55853e-06
-5.2069e-06
1.98038e-06
-5.32551e-06
1.41849e-06
-5.37116e-06
8.84071e-07
-5.3499e-06
3.68725e-07
-5.26834e-06
-1.42684e-07
-5.10713e-06
-6.6722e-07
-4.86627e-06
-1.24635e-06
-4.53335e-06
-1.91763e-06
-4.08253e-06
-2.71732e-06
-3.48106e-06
-3.66128e-06
-2.67479e-06
-4.71405e-06
-1.5338e-06
-5.65168e-06
-5.54457e-06
-1.03398e-06
2.81631e-06
-1.98584e-06
3.98233e-06
-2.72121e-06
4.44615e-06
-3.25967e-06
4.38151e-06
-3.65475e-06
3.96553e-06
-3.92878e-06
3.3895e-06
-4.10969e-06
2.73944e-06
-4.21933e-06
2.09002e-06
-4.26978e-06
1.46894e-06
-4.26797e-06
8.82262e-07
-4.21853e-06
3.19289e-07
-4.12467e-06
-2.36543e-07
-3.98191e-06
-8.0998e-07
-3.79119e-06
-1.43707e-06
-3.54642e-06
-2.16241e-06
-3.22838e-06
-3.03536e-06
-2.79593e-06
-4.09373e-06
-2.18418e-06
-5.3258e-06
-1.2876e-06
-6.54825e-06
-6.83216e-06
-8.73352e-07
3.68967e-06
-1.64124e-06
4.75022e-06
-2.21511e-06
5.02002e-06
-2.6293e-06
4.7957e-06
-2.9166e-06
4.25283e-06
-3.10328e-06
3.57618e-06
-3.21752e-06
2.85368e-06
-3.27696e-06
2.14946e-06
-3.29215e-06
1.48414e-06
-3.26878e-06
8.58887e-07
-3.21067e-06
2.61179e-07
-3.11988e-06
-3.27333e-07
-2.99772e-06
-9.32143e-07
-2.84719e-06
-1.5876e-06
-2.66857e-06
-2.34103e-06
-2.45272e-06
-3.25121e-06
-2.17103e-06
-4.37542e-06
-1.75162e-06
-5.74522e-06
-1.04631e-06
-7.25356e-06
-7.87847e-06
-6.69261e-07
4.35893e-06
-1.23776e-06
5.31872e-06
-1.66803e-06
5.45029e-06
-1.97259e-06
5.10026e-06
-2.17916e-06
4.45939e-06
-2.30942e-06
3.70645e-06
-2.38557e-06
2.92983e-06
-2.42096e-06
2.18486e-06
-2.42426e-06
1.48743e-06
-2.39989e-06
8.34519e-07
-2.34998e-06
2.11271e-07
-2.27511e-06
-4.02202e-07
-2.17707e-06
-1.03018e-06
-2.06095e-06
-1.70372e-06
-1.93265e-06
-2.46933e-06
-1.78969e-06
-3.39417e-06
-1.6107e-06
-4.55441e-06
-1.33483e-06
-6.02109e-06
-8.62645e-07
-7.72575e-06
-8.74112e-06
-4.38389e-07
4.79732e-06
-8.3349e-07
5.71382e-06
-1.13066e-06
5.74746e-06
-1.33958e-06
5.30918e-06
-1.48213e-06
4.60194e-06
-1.57293e-06
3.79724e-06
-1.62711e-06
2.98401e-06
-1.65374e-06
2.21148e-06
-1.6587e-06
1.49239e-06
-1.64457e-06
8.20389e-07
-1.61164e-06
1.78346e-07
-1.55942e-06
-4.5443e-07
-1.48917e-06
-1.10043e-06
-1.40673e-06
-1.78615e-06
-1.32283e-06
-2.55323e-06
-1.24315e-06
-3.47385e-06
-1.15124e-06
-4.64632e-06
-9.90347e-07
-6.18198e-06
-6.7021e-07
-8.04589e-06
-9.41133e-06
-2.32771e-07
5.03009e-06
-4.56093e-07
5.93714e-06
-6.24662e-07
5.91603e-06
-7.47088e-07
5.43161e-06
-8.34082e-07
4.68894e-06
-8.92854e-07
3.85602e-06
-9.31844e-07
3.023e-06
-9.55544e-07
2.23518e-06
-9.6669e-07
1.50354e-06
-9.65966e-07
8.19664e-07
-9.52702e-07
1.65083e-07
-9.26059e-07
-4.81073e-07
-8.87142e-07
-1.13935e-06
-8.41577e-07
-1.83172e-06
-8.01796e-07
-2.59302e-06
-7.80365e-07
-3.49529e-06
-7.6634e-07
-4.66034e-06
-7.09962e-07
-6.23835e-06
-5.36141e-07
-8.21971e-06
-9.94747e-06
-3.34858e-08
5.06357e-06
-1.07081e-07
6.01074e-06
-1.56646e-07
5.9656e-06
-1.9706e-07
5.47202e-06
-2.28225e-07
4.7201e-06
-2.55093e-07
3.88288e-06
-2.78897e-07
3.0468e-06
-2.9923e-07
2.25552e-06
-3.15719e-07
1.52003e-06
-3.2767e-07
8.31615e-07
-3.34296e-07
1.71709e-07
-3.35154e-07
-4.80215e-07
-3.31421e-07
-1.14308e-06
-3.28411e-07
-1.83473e-06
-3.38413e-07
-2.58301e-06
-3.76796e-07
-3.4569e-06
-4.42097e-07
-4.59504e-06
-4.79974e-07
-6.20048e-06
-4.10705e-07
-8.28898e-06
-1.03582e-05
1.60799e-07
4.90277e-06
2.37295e-07
5.93424e-06
3.02189e-07
5.9007e-06
3.33517e-07
5.4407e-06
3.52913e-07
4.70071e-06
3.5872e-07
3.87708e-06
3.53449e-07
3.05207e-06
3.40311e-07
2.26865e-06
3.21707e-07
1.53863e-06
2.99053e-07
8.54269e-07
2.72777e-07
1.97985e-07
2.42577e-07
-4.50014e-07
2.07086e-07
-1.10759e-06
1.61892e-07
-1.78953e-06
9.57648e-08
-2.51689e-06
-8.98114e-09
-3.35216e-06
-1.47977e-07
-4.45604e-06
-2.79999e-07
-6.06846e-06
-3.22967e-07
-8.24601e-06
-1.06811e-05
3.39263e-07
4.56351e-06
5.56815e-07
5.71669e-06
7.29107e-07
5.72841e-06
8.40004e-07
5.3298e-06
9.1623e-07
4.62448e-06
9.62138e-07
3.83117e-06
9.8272e-07
3.03149e-06
9.8306e-07
2.26831e-06
9.66948e-07
1.55474e-06
9.36305e-07
8.84913e-07
8.9106e-07
2.4323e-07
8.30146e-07
-3.891e-07
7.51466e-07
-1.02891e-06
6.51603e-07
-1.68967e-06
5.22828e-07
-2.38811e-06
3.51518e-07
-3.18085e-06
1.27861e-07
-4.23239e-06
-1.11632e-07
-5.82896e-06
-2.21569e-07
-8.13607e-06
-1.09027e-05
5.09086e-07
4.05443e-06
8.59818e-07
5.36596e-06
1.12711e-06
5.46112e-06
1.32595e-06
5.13096e-06
1.46803e-06
4.4824e-06
1.56388e-06
3.73532e-06
1.61993e-06
2.97544e-06
1.6421e-06
2.24614e-06
1.63493e-06
1.56191e-06
1.60055e-06
9.19293e-07
1.53814e-06
3.05639e-07
1.44595e-06
-2.96912e-07
1.32104e-06
-9.03991e-07
1.16077e-06
-1.5294e-06
9.61028e-07
-2.18837e-06
7.09712e-07
-2.92953e-06
3.88437e-07
-3.91111e-06
5.29538e-08
-5.49348e-06
-8.32875e-08
-7.99983e-06
-1.0986e-05
6.42358e-07
3.41207e-06
1.11284e-06
4.89547e-06
1.47578e-06
5.09819e-06
1.77513e-06
4.8316e-06
2.0002e-06
4.25733e-06
2.16226e-06
3.57327e-06
2.26781e-06
2.86989e-06
2.32328e-06
2.19068e-06
2.33382e-06
1.55137e-06
2.30176e-06
9.51352e-07
2.22559e-06
3.81809e-07
2.10222e-06
-1.73535e-07
1.92956e-06
-7.31338e-07
1.70432e-06
-1.30415e-06
1.4257e-06
-1.90976e-06
1.08873e-06
-2.59256e-06
6.83756e-07
-3.50614e-06
2.94332e-07
-5.10405e-06
6.52461e-08
-7.77074e-06
-1.09207e-05
7.401e-07
2.67197e-06
1.30603e-06
4.32954e-06
1.77252e-06
4.6317e-06
2.18018e-06
4.42394e-06
2.50566e-06
3.93186e-06
2.75045e-06
3.32847e-06
2.92037e-06
2.69997e-06
3.02223e-06
2.08882e-06
3.06106e-06
1.51253e-06
3.03948e-06
9.72936e-07
2.95664e-06
4.64643e-07
2.80363e-06
-2.05177e-08
2.58487e-06
-5.12579e-07
2.2935e-06
-1.01279e-06
1.93124e-06
-1.5475e-06
1.50226e-06
-2.16358e-06
1.00468e-06
-3.00856e-06
5.24826e-07
-4.6242e-06
2.09166e-07
-7.45508e-06
-1.07116e-05
7.16336e-07
1.95563e-06
1.36093e-06
3.68494e-06
1.95018e-06
4.04245e-06
2.48757e-06
3.88655e-06
2.93812e-06
3.4813e-06
3.29056e-06
2.97604e-06
3.54755e-06
2.44297e-06
3.71525e-06
1.92112e-06
3.79796e-06
1.42982e-06
3.79813e-06
9.72768e-07
3.71429e-06
5.48482e-07
3.54932e-06
1.44455e-07
3.28867e-06
-2.51932e-07
2.93954e-06
-6.63653e-07
2.49725e-06
-1.10521e-06
1.97557e-06
-1.64189e-06
1.37489e-06
-2.40788e-06
7.85775e-07
-4.03508e-06
3.59066e-07
-7.02838e-06
-1.03525e-05
5.89977e-07
1.36566e-06
1.28647e-06
2.98845e-06
2.02303e-06
3.3059e-06
2.70786e-06
3.20171e-06
3.29428e-06
2.89489e-06
3.76833e-06
2.50199e-06
4.12671e-06
2.0846e-06
4.37327e-06
1.67456e-06
4.51229e-06
1.2908e-06
4.54781e-06
9.37242e-07
4.48137e-06
6.14931e-07
4.31682e-06
3.08996e-07
4.04181e-06
2.30849e-08
3.66957e-06
-2.91416e-07
3.17741e-06
-6.13046e-07
2.59102e-06
-1.0555e-06
1.90394e-06
-1.72081e-06
1.18813e-06
-3.31927e-06
5.6105e-07
-6.40129e-06
-9.79147e-06
1.46834e-07
1.21882e-06
9.19048e-07
2.21623e-06
1.81215e-06
2.4128e-06
2.67395e-06
2.33991e-06
3.42577e-06
2.14307e-06
4.04853e-06
1.87922e-06
4.53767e-06
1.59546e-06
4.89486e-06
1.31737e-06
5.12634e-06
1.05933e-06
5.24032e-06
8.23261e-07
5.24198e-06
6.13265e-07
5.13571e-06
4.15269e-07
4.92063e-06
2.38168e-07
4.62076e-06
8.45067e-09
4.17147e-06
-1.63753e-07
3.61769e-06
-5.01728e-07
2.92021e-06
-1.02333e-06
2.09453e-06
-2.49359e-06
1.03948e-06
-5.34625e-06
-8.75199e-06
-6.53474e-07
1.8723e-06
3.02425e-07
1.26033e-06
1.51828e-06
1.19694e-06
2.64486e-06
1.21334e-06
3.6148e-06
1.17313e-06
4.43365e-06
1.06037e-06
5.10262e-06
9.26483e-07
5.62536e-06
7.94629e-07
6.01193e-06
6.72762e-07
6.27461e-06
5.60584e-07
6.42797e-06
4.59896e-07
6.48076e-06
3.6248e-07
6.44658e-06
2.72348e-07
6.28655e-06
1.68486e-07
6.0362e-06
8.65966e-08
5.66429e-06
-1.29823e-07
5.11668e-06
-4.75714e-07
4.2681e-06
-1.64501e-06
2.3964e-06
-3.47455e-06
-6.35558e-06
1.8723e-06
3.13263e-06
4.32957e-06
5.54291e-06
6.71604e-06
7.77642e-06
8.7029e-06
9.49753e-06
1.01703e-05
1.07309e-05
1.11908e-05
1.15533e-05
1.18256e-05
1.19941e-05
1.20807e-05
1.19509e-05
1.14751e-05
9.83013e-06
6.35558e-06
)
;

boundaryField
{
    movingWall
    {
        type            calculated;
        value           uniform 0;
    }
    fixedWalls
    {
        type            calculated;
        value           uniform 0;
    }
    frontAndBack
    {
        type            empty;
    }
}


// ************************************************************************* //
