/*--------------------------------*- C++ -*----------------------------------*\
  =========                 |
  \\      /  F ield         | OpenFOAM: The Open Source CFD Toolbox
   \\    /   O peration     | Website:  https://openfoam.org
    \\  /    A nd           | Version:  13
     \\/     M anipulation  |
\*---------------------------------------------------------------------------*/
FoamFile
{
    format      ascii;
    class       volVectorField;
    location    "0.45";
    object      U;
}
// * * * * * * * * * * * * * * * * * * * * * * * * * * * * * * * * * * * * * //

dimensions      [0 1 -1 0 0 0 0];

internalField   nonuniform List<vector> 
2016
(
(0.132178 -0.1842 0)
(0.0136748 -0.357586 0)
(-0.141946 -0.266638 0)
(-0.172805 -0.0586554 0)
(0.328767 -0.0925889 0)
(0.119556 -0.0123789 0)
(-0.213385 0.134741 0)
(-0.377889 0.341666 0)
(0.298613 -0.0223515 0)
(-0.104347 0.221985 0)
(-0.443588 0.436265 0)
(-0.5901 0.587656 0)
(0.078435 0.067079 0)
(-0.31795 0.334081 0)
(-0.614587 0.511244 0)
(-0.729279 0.614846 0)
(-0.172831 0.093869 0)
(-0.565992 0.355856 0)
(-0.765268 0.453231 0)
(-0.816742 0.525486 0)
(-0.404814 0.0939064 0)
(-0.733434 0.317298 0)
(-0.857711 0.316701 0)
(-0.833014 0.398463 0)
(-0.599968 0.0728776 0)
(-0.833049 0.233413 0)
(-0.905834 0.178554 0)
(-0.780547 0.264271 0)
(-0.726466 0.0385018 0)
(-0.871189 0.136182 0)
(-0.906128 0.0663647 0)
(-0.52307 0.0853623 0)
(-0.788711 0.00745531 0)
(-0.873132 0.0594179 0)
(-0.855566 -0.0116214 0)
(0.210922 -0.0868065 0)
(-0.803202 -0.0119721 0)
(-0.85856 0.00924135 0)
(-0.780921 -0.0613588 0)
(-0.050231 -0.064403 0)
(-0.788037 -0.0223172 0)
(-0.830692 -0.0233359 0)
(-0.709447 -0.0940109 0)
(-0.313259 -0.079991 0)
(-0.760682 -0.0271143 0)
(-0.786293 -0.0474214 0)
(-0.647352 -0.116196 0)
(-0.64303 -0.0686832 0)
(-0.720688 -0.0309998 0)
(-0.734744 -0.0725258 0)
(-0.607343 -0.126467 0)
(-1.05053 -0.00479531 0)
(-0.66489 -0.0397565 0)
(-0.680847 -0.103453 0)
(-0.62995 -0.123978 0)
(-1.6486 0.0881897 0)
(-0.580958 -0.0600301 0)
(-0.635669 -0.141522 0)
(-0.739077 -0.122622 0)
(-2.06044 0.122075 0)
(-0.457525 -0.092422 0)
(-0.606026 -0.185536 0)
(-0.876524 -0.162442 0)
(-2.03016 -0.0632869 0)
(-0.296289 -0.127681 0)
(-0.571729 -0.229625 0)
(-0.923483 -0.263182 0)
(-1.76266 -0.447003 0)
(-0.108649 -0.150932 0)
(-0.490817 -0.259548 0)
(-0.797622 -0.378348 0)
(-1.42211 -0.683667 0)
(0.10335 -0.144847 0)
(-0.351143 -0.263632 0)
(-0.572455 -0.410077 0)
(-0.951525 -0.618951 0)
(0.276837 -0.0886966 0)
(-0.214118 -0.177423 0)
(-0.442249 -0.33377 0)
(-0.621616 -0.393295 0)
(0.359526 0.00443812 0)
(-0.0275112 0.0492268 0)
(-0.350255 -0.159366 0)
(-0.433475 -0.230794 0)
(0.243005 0.064955 0)
(0.063046 0.166979 0)
(-0.171398 0.110054 0)
(-0.255069 -0.129515 0)
(0.058722 0.0768448 0)
(-0.0168354 0.17314 0)
(-0.0773736 0.146917 0)
(-0.0977085 -0.0804888 0)
(-0.0688757 0.0700367 0)
(-0.0015953 0.167666 0)
(0.0471941 0.1629 0)
(0.108949 -0.0597663 0)
(-0.261849 0.0489853 0)
(-0.0933347 0.119917 0)
(0.198011 0.0378634 0)
(0.289401 -0.150932 0)
(-0.282259 -0.0439934 0)
(0.0929956 -0.0412955 0)
(0.336711 -0.16169 0)
(0.396577 -0.225499 0)
(-0.15238 -0.125626 0)
(0.142744 -0.137165 0)
(0.401689 -0.221388 0)
(0.584024 -0.311807 0)
(-0.011971 -0.120772 0)
(0.213696 -0.148225 0)
(0.505071 -0.246224 0)
(0.859534 -0.445837 0)
(0.126858 -0.106055 0)
(0.306241 -0.128358 0)
(0.681624 -0.277628 0)
(1.11047 -0.459003 0)
(0.249851 -0.0881413 0)
(0.420185 -0.102413 0)
(0.893282 -0.302458 0)
(1.15857 -0.416317 0)
(0.352067 -0.0781693 0)
(0.521732 -0.0658676 0)
(1.13173 -0.266411 0)
(0.87889 -0.298075 0)
(0.431521 -0.0722564 0)
(0.571258 -0.0295855 0)
(1.34468 -0.169392 0)
(0.830783 -0.230014 0)
(0.487321 -0.0642881 0)
(0.574009 -0.00794285 0)
(1.54842 -0.0704902 0)
(1.06222 -0.194116 0)
(0.52586 -0.0469496 0)
(0.533093 0.0214042 0)
(1.64452 0.0174546 0)
(1.47007 0.0744368 0)
(0.525482 -0.0120594 0)
(0.454798 0.082045 0)
(1.51237 0.0906906 0)
(1.65998 0.331493 0)
(0.458584 0.0293196 0)
(0.402348 0.126324 0)
(1.31226 0.0942243 0)
(1.62414 0.444849 0)
(0.341937 0.0715911 0)
(0.403379 0.140661 0)
(0.960916 0.124105 0)
(1.4029 0.487179 0)
(0.178915 0.10481 0)
(0.412035 0.203811 0)
(0.650093 0.250526 0)
(0.96397 0.508612 0)
(-0.0637186 0.0874031 0)
(0.292249 0.267285 0)
(0.456383 0.388993 0)
(0.628751 0.542878 0)
(-0.294314 -0.0326683 0)
(0.0827772 0.2141 0)
(0.291076 0.371599 0)
(0.441077 0.496325 0)
(-0.317789 -0.116966 0)
(-0.118605 0.0222766 0)
(0.113442 0.0749815 0)
(0.276095 0.21406 0)
(-0.127723 -0.157455 0)
(-0.0371429 -0.30215 0)
(0.110382 -0.268586 0)
(0.147823 -0.136966 0)
(-0.16595 0.202275 0)
(-0.125278 0.445695 0)
(-0.0804625 0.631904 0)
(-0.0371168 0.748242 0)
(-0.00260076 0.807196 0)
(0.0157561 0.834569 0)
(0.0210669 0.853351 0)
(0.0219949 0.874103 0)
(0.0211125 0.89724 0)
(0.0203411 0.923301 0)
(0.0206575 0.950794 0)
(0.0216563 0.979014 0)
(0.0227083 1.0078 0)
(0.0240682 1.03664 0)
(0.0250291 1.06223 0)
(0.0239059 1.08742 0)
(0.0216552 1.11814 0)
(0.0212428 1.15861 0)
(0.0213193 1.21994 0)
(0.0183162 1.30709 0)
(0.0117404 1.39204 0)
(0.00120891 1.45733 0)
(-0.00993229 1.50873 0)
(-0.019391 1.55241 0)
(-0.0259414 1.59197 0)
(-0.0291905 1.6326 0)
(-0.0290961 1.67754 0)
(-0.0264571 1.72734 0)
(-0.0230689 1.77995 0)
(-0.0207857 1.8358 0)
(-0.0208444 1.90264 0)
(-0.0248594 1.9708 0)
(-0.0293938 1.95495 0)
(-0.0171634 1.81911 0)
(0.0248695 1.55029 0)
(0.0788641 1.20786 0)
(0.0944118 0.864525 0)
(0.0685084 0.575706 0)
(0.10567 0.353866 0)
(0.188352 -0.172297 0)
(0.309634 -0.225116 0)
(0.269531 -0.993939 0)
(-0.392708 0.547889 0)
(-0.31472 0.72267 0)
(-0.220598 0.831108 0)
(-0.144393 0.878489 0)
(-0.0991981 0.873983 0)
(-0.0777803 0.824625 0)
(-0.0721961 0.754208 0)
(-0.072903 0.702833 0)
(-0.0752913 0.697402 0)
(-0.0783853 0.740823 0)
(-0.0810967 0.834008 0)
(-0.0819436 0.934615 0)
(-0.081272 1.02557 0)
(-0.0795448 1.1081 0)
(-0.0791451 1.21219 0)
(-0.0843789 1.36143 0)
(-0.102054 1.61062 0)
(-0.145726 2.05389 0)
(-0.245146 2.78475 0)
(-0.418403 4.13844 0)
(-0.368342 5.37294 0)
(-0.194986 6.19264 0)
(-0.0301131 6.63174 0)
(0.0342078 6.78992 0)
(0.046825 6.74251 0)
(0.0344203 6.53977 0)
(0.0186056 6.29077 0)
(0.00394837 5.9885 0)
(-0.00484866 5.6646 0)
(-0.0129631 5.29199 0)
(-0.0182881 4.85755 0)
(0.0487903 4.33275 0)
(0.130333 3.66808 0)
(0.280362 3.36612 0)
(0.405992 3.0839 0)
(0.472618 2.79199 0)
(0.484126 2.53111 0)
(0.444511 2.34411 0)
(0.415919 2.20877 0)
(0.398186 2.11879 0)
(0.392666 2.10837 0)
(0.391679 2.03485 0)
(-0.586407 0.722081 0)
(-0.465316 0.809056 0)
(-0.274435 0.787848 0)
(-0.0595035 0.693624 0)
(0.0742299 0.523385 0)
(0.119569 0.425846 0)
(0.112423 0.585706 0)
(0.0437552 0.910615 0)
(-0.114605 1.72421 0)
(-0.219286 2.70323 0)
(-0.262221 3.70439 0)
(-0.270478 4.75376 0)
(-0.262254 5.84146 0)
(-0.273959 6.92965 0)
(-0.313342 7.93681 0)
(-0.380842 8.79221 0)
(-0.558975 9.44614 0)
(-0.905699 9.87249 0)
(-1.41316 10.025 0)
(-1.6425 9.85232 0)
(-1.4699 9.48557 0)
(-1.07595 9.14043 0)
(-0.633343 8.89305 0)
(-0.259319 8.65179 0)
(0.016342 8.321 0)
(0.20034 7.90292 0)
(0.323342 7.46538 0)
(0.406956 7.06972 0)
(0.467554 6.74029 0)
(0.540142 6.46121 0)
(0.637386 6.2011 0)
(0.828874 5.98364 0)
(0.985824 5.57814 0)
(0.89957 5.02947 0)
(0.808866 4.49313 0)
(0.773721 4.20135 0)
(0.703919 3.97777 0)
(0.551157 3.62394 0)
(0.467018 3.26442 0)
(0.442363 3.17278 0)
(0.43012 3.13739 0)
(0.441467 3.21002 0)
(-0.67674 0.683928 0)
(-0.374513 0.663989 0)
(-0.0990412 0.601903 0)
(0.118958 0.622591 0)
(0.0889829 0.682183 0)
(0.0237869 0.658546 0)
(-0.426107 0.983542 0)
(-1.0263 1.55864 0)
(-1.43198 2.31886 0)
(-1.66649 3.15656 0)
(-1.78621 4.06515 0)
(-1.8477 5.00826 0)
(-1.85511 5.93521 0)
(-1.78387 6.79994 0)
(-1.63708 7.57013 0)
(-1.45056 8.22348 0)
(-1.27411 8.70094 0)
(-1.11831 8.93503 0)
(-0.943043 8.85617 0)
(-0.725811 8.56196 0)
(-0.434979 8.20893 0)
(-0.0570546 7.81705 0)
(0.335026 7.51494 0)
(0.66866 7.27301 0)
(0.921811 7.01678 0)
(1.03897 6.73327 0)
(0.976784 6.4631 0)
(0.850474 6.23896 0)
(0.74998 6.03055 0)
(0.705878 5.85301 0)
(0.743788 5.70273 0)
(0.885935 5.61323 0)
(1.09415 5.63582 0)
(1.20634 5.64547 0)
(1.17824 5.56133 0)
(1.05627 5.41599 0)
(0.938989 5.2557 0)
(0.879221 5.12902 0)
(0.775805 4.94483 0)
(0.602378 4.79017 0)
(0.445767 4.68001 0)
(0.370423 4.28655 0)
(-0.652977 0.549296 0)
(-0.177777 0.418525 0)
(-0.0168968 0.304241 0)
(-0.0826322 0.00705429 0)
(0.0245581 0.181981 0)
(-0.178845 0.560055 0)
(-0.858261 1.17774 0)
(-1.67379 2.0405 0)
(-2.08762 2.80938 0)
(-2.33554 3.62834 0)
(-2.46244 4.47521 0)
(-2.48612 5.29435 0)
(-2.42342 6.0143 0)
(-2.26762 6.67111 0)
(-2.02683 7.27859 0)
(-1.70869 7.8042 0)
(-1.34626 8.21354 0)
(-0.988461 8.4545 0)
(-0.719198 8.52509 0)
(-0.531944 8.4559 0)
(-0.346828 8.29242 0)
(-0.0969575 8.1229 0)
(0.214623 7.98949 0)
(0.486207 7.807 0)
(0.653581 7.58679 0)
(0.749461 7.32171 0)
(0.813529 6.99882 0)
(0.865125 6.6308 0)
(0.882977 6.25688 0)
(0.862622 5.90367 0)
(0.844252 5.59655 0)
(0.86916 5.37242 0)
(0.942753 5.26064 0)
(1.02502 5.30574 0)
(1.05164 5.39204 0)
(1.02276 5.44976 0)
(0.972908 5.48932 0)
(0.92855 5.52773 0)
(0.844024 5.56219 0)
(0.747058 5.52136 0)
(0.742799 5.46727 0)
(0.741212 5.05999 0)
(-0.449207 0.354115 0)
(-0.0625119 0.0722689 0)
(0.213307 -0.262296 0)
(0.188103 -0.187364 0)
(-0.428927 0.219874 0)
(-0.989387 0.762078 0)
(-1.70001 1.50577 0)
(-2.48664 2.33031 0)
(-2.95197 3.09877 0)
(-3.22131 3.85078 0)
(-3.32314 4.55396 0)
(-3.31111 5.18132 0)
(-3.18902 5.77603 0)
(-2.97677 6.30335 0)
(-2.68404 6.79868 0)
(-2.31238 7.28426 0)
(-1.87088 7.77654 0)
(-1.40424 8.23286 0)
(-0.963827 8.59726 0)
(-0.638202 8.79271 0)
(-0.345493 8.90704 0)
(-0.0225359 8.97541 0)
(0.339094 8.99154 0)
(0.763843 8.92989 0)
(1.18958 8.72077 0)
(1.46744 8.33935 0)
(1.54929 7.87918 0)
(1.45454 7.4059 0)
(1.35255 6.90654 0)
(1.30429 6.37321 0)
(1.24002 5.86599 0)
(1.15662 5.45043 0)
(1.08424 5.16739 0)
(1.03971 5.02052 0)
(1.01022 4.95927 0)
(0.97197 4.93696 0)
(0.910698 4.93959 0)
(0.825572 4.95362 0)
(0.765286 4.99172 0)
(0.775153 5.0247 0)
(0.855538 5.05207 0)
(0.940093 4.83412 0)
(-0.103884 -0.0415552 0)
(0.297301 -0.486107 0)
(0.183158 -0.475696 0)
(-0.46247 -0.00152248 0)
(-1.02948 0.43666 0)
(-1.63581 0.981411 0)
(-2.499 1.77744 0)
(-3.27492 2.53095 0)
(-3.67906 3.13316 0)
(-3.8417 3.62395 0)
(-3.86867 4.02057 0)
(-3.77608 4.38493 0)
(-3.56883 4.68977 0)
(-3.31942 4.98645 0)
(-3.0389 5.34681 0)
(-2.70616 5.78354 0)
(-2.32861 6.30087 0)
(-1.84604 6.93969 0)
(-1.3073 7.56599 0)
(-0.847637 8.03502 0)
(-0.49627 8.33295 0)
(-0.130925 8.53088 0)
(0.341511 8.65686 0)
(0.907084 8.68287 0)
(1.42818 8.56717 0)
(1.78834 8.31653 0)
(1.97531 7.93831 0)
(2.03711 7.45462 0)
(2.01373 6.94147 0)
(1.89957 6.48188 0)
(1.75902 6.01161 0)
(1.57812 5.5326 0)
(1.39357 5.12459 0)
(1.25664 4.79483 0)
(1.15944 4.52188 0)
(1.06797 4.30636 0)
(0.965312 4.15344 0)
(0.840534 4.07164 0)
(0.725462 4.1058 0)
(0.734957 4.20814 0)
(0.875921 4.29494 0)
(1.03288 4.2452 0)
(0.260664 -0.659464 0)
(0.299511 -0.328238 0)
(-0.207223 -0.0674271 0)
(-0.806626 0.387397 0)
(-1.42879 0.691455 0)
(-2.31487 1.2857 0)
(-3.25191 1.98275 0)
(-3.81167 2.38035 0)
(-4.04346 2.67064 0)
(-4.12539 2.83792 0)
(-4.09678 2.98097 0)
(-3.94804 3.06212 0)
(-3.75062 3.2292 0)
(-3.58628 3.47716 0)
(-3.40531 3.88376 0)
(-3.17576 4.39198 0)
(-2.93686 4.96095 0)
(-2.52218 5.64691 0)
(-1.95563 6.34282 0)
(-1.32275 6.98097 0)
(-0.758973 7.43234 0)
(-0.269226 7.67763 0)
(0.270591 7.7851 0)
(0.899431 7.81487 0)
(1.51721 7.78276 0)
(1.99751 7.63573 0)
(2.27985 7.35251 0)
(2.39192 6.98667 0)
(2.36218 6.66465 0)
(2.26984 6.39614 0)
(2.19817 5.98955 0)
(2.04345 5.48133 0)
(1.836 4.96315 0)
(1.67105 4.44562 0)
(1.53401 3.92443 0)
(1.3571 3.48782 0)
(1.1333 3.18427 0)
(0.879181 3.02118 0)
(0.65835 3.01067 0)
(0.609757 3.15489 0)
(0.799441 3.33217 0)
(1.02328 3.483 0)
(0.0284323 -0.301402 0)
(-0.167391 -0.050265 0)
(-0.631264 0.426868 0)
(-1.08578 0.63092 0)
(-1.89154 1.01187 0)
(-2.92 1.58606 0)
(-3.61263 1.87098 0)
(-3.92545 1.8623 0)
(-4.11939 1.94528 0)
(-4.18107 1.86643 0)
(-4.11644 1.84611 0)
(-4.00228 1.74408 0)
(-3.92825 1.95147 0)
(-3.91928 2.23821 0)
(-3.91246 2.63182 0)
(-3.81763 3.07108 0)
(-3.58643 3.60684 0)
(-3.23035 4.19427 0)
(-2.71602 4.85931 0)
(-1.9885 5.64652 0)
(-1.20237 6.3199 0)
(-0.484573 6.73903 0)
(0.184506 6.94398 0)
(0.877757 7.04015 0)
(1.59302 7.08777 0)
(2.20778 7.04693 0)
(2.58231 6.86261 0)
(2.66666 6.57763 0)
(2.56266 6.34658 0)
(2.5672 6.08115 0)
(2.62502 5.6615 0)
(2.56128 5.14108 0)
(2.40555 4.54379 0)
(2.27383 3.83854 0)
(2.07744 3.13333 0)
(1.77921 2.59272 0)
(1.39784 2.22019 0)
(0.955121 2.0278 0)
(0.575631 1.9928 0)
(0.429031 2.07776 0)
(0.575629 2.25989 0)
(0.903023 2.47688 0)
(0.0445729 0.25289 0)
(-0.335719 0.366225 0)
(-0.837105 0.698091 0)
(-1.36966 0.848755 0)
(-2.29141 1.26989 0)
(-3.19285 1.57608 0)
(-3.55787 1.41738 0)
(-3.80825 1.25814 0)
(-4.06615 1.16928 0)
(-4.04349 0.908812 0)
(-3.99005 0.759853 0)
(-4.02766 0.53495 0)
(-4.12966 0.823352 0)
(-4.25673 1.02666 0)
(-4.27483 1.27711 0)
(-4.1835 1.48748 0)
(-4.02639 1.81521 0)
(-3.79822 2.23589 0)
(-3.45416 2.79277 0)
(-2.81482 3.56344 0)
(-1.88036 4.46355 0)
(-0.936352 5.10531 0)
(-0.107641 5.50794 0)
(0.674967 5.7991 0)
(1.4606 6.03506 0)
(2.19096 6.19685 0)
(2.73109 6.20674 0)
(2.96047 6.03114 0)
(2.90278 5.81947 0)
(2.94938 5.50462 0)
(3.08869 5.04465 0)
(3.12529 4.51547 0)
(3.09075 3.83623 0)
(3.02298 3.00154 0)
(2.74069 2.26996 0)
(2.23196 1.82461 0)
(1.63522 1.58067 0)
(1.05002 1.46207 0)
(0.58349 1.37342 0)
(0.37748 1.29711 0)
(0.461612 1.30065 0)
(0.821703 1.38679 0)
(-0.283159 0.410576 0)
(-0.556802 0.69255 0)
(-1.02492 0.828725 0)
(-1.64555 1.00947 0)
(-2.56908 1.34539 0)
(-3.09369 1.25478 0)
(-3.30907 0.885619 0)
(-3.60189 0.739433 0)
(-3.81798 0.360759 0)
(-3.73921 0.0266698 0)
(-3.80314 -0.219844 0)
(-4.04892 -0.470374 0)
(-4.26645 -0.219321 0)
(-4.38579 -0.132897 0)
(-4.41976 -0.0593104 0)
(-4.3835 0.0685052 0)
(-4.32527 0.405814 0)
(-4.23015 0.806767 0)
(-4.03722 1.30126 0)
(-3.53928 1.88688 0)
(-2.61786 2.7357 0)
(-1.46029 3.44938 0)
(-0.471446 3.89602 0)
(0.394517 4.23187 0)
(1.24585 4.50284 0)
(2.08936 4.75525 0)
(2.77514 5.00793 0)
(3.11637 5.16617 0)
(3.18874 5.13147 0)
(3.37459 4.75685 0)
(3.59528 4.21474 0)
(3.75346 3.61227 0)
(3.85497 2.85956 0)
(3.75855 2.087 0)
(3.24085 1.62396 0)
(2.50095 1.40133 0)
(1.77605 1.30472 0)
(1.16414 1.21684 0)
(0.718231 1.06469 0)
(0.509163 0.858452 0)
(0.536218 0.722459 0)
(0.841333 0.638452 0)
(-0.672507 0.448131 0)
(-0.824917 0.729907 0)
(-1.23529 0.833389 0)
(-1.8361 1.09933 0)
(-2.56719 1.18761 0)
(-2.77149 0.801985 0)
(-3.00656 0.484766 0)
(-3.29384 0.242615 0)
(-3.41329 -0.346558 0)
(-3.38145 -0.681764 0)
(-3.58072 -1.03779 0)
(-3.98497 -1.27888 0)
(-4.31266 -1.19902 0)
(-4.48873 -0.958962 0)
(-4.55353 -0.932371 0)
(-4.62978 -0.735916 0)
(-4.72468 -0.373283 0)
(-4.71674 0.0245622 0)
(-4.57044 0.48324 0)
(-4.1542 0.91689 0)
(-3.2798 1.61605 0)
(-2.02073 2.35677 0)
(-0.847302 2.77177 0)
(0.172238 3.06617 0)
(1.01113 3.24111 0)
(1.62356 3.39725 0)
(2.1792 3.78291 0)
(2.77861 4.1515 0)
(3.37087 4.16265 0)
(3.86142 3.76852 0)
(4.17074 3.17899 0)
(4.43467 2.45434 0)
(4.57364 1.79046 0)
(4.24017 1.36449 0)
(3.46853 1.19857 0)
(2.59277 1.17399 0)
(1.85083 1.1563 0)
(1.29915 1.05146 0)
(0.922958 0.84578 0)
(0.729708 0.590179 0)
(0.690776 0.407475 0)
(0.940425 0.189565 0)
(-1.03111 0.604224 0)
(-1.01749 0.850303 0)
(-1.35402 0.863946 0)
(-1.89845 1.07173 0)
(-2.32458 0.78825 0)
(-2.4182 0.345025 0)
(-2.65132 0.19999 0)
(-2.85569 -0.283891 0)
(-2.94562 -0.898647 0)
(-2.97627 -1.28529 0)
(-3.31731 -1.66168 0)
(-3.93006 -1.82456 0)
(-4.43665 -1.70669 0)
(-4.68524 -1.35167 0)
(-4.75636 -1.21798 0)
(-4.8989 -1.05395 0)
(-5.06949 -0.77288 0)
(-5.13264 -0.426505 0)
(-5.02517 -0.0115243 0)
(-4.6876 0.400126 0)
(-3.93344 0.924365 0)
(-2.64427 1.70187 0)
(-1.29987 2.03653 0)
(-0.114955 2.30719 0)
(0.87363 2.52831 0)
(1.48427 2.59502 0)
(1.93973 2.84015 0)
(2.72746 3.01882 0)
(3.6298 2.91845 0)
(4.36522 2.57138 0)
(4.78017 2.09605 0)
(5.05877 1.33426 0)
(5.00634 0.96509 0)
(4.39831 0.856171 0)
(3.47051 0.900609 0)
(2.58325 0.969148 0)
(1.9192 0.941533 0)
(1.47098 0.780252 0)
(1.16291 0.532722 0)
(0.935045 0.314904 0)
(1.00588 -0.0591719 0)
(1.08642 -0.159051 0)
(-1.37292 0.536882 0)
(-1.11976 0.726306 0)
(-1.39098 0.72123 0)
(-1.77726 0.759638 0)
(-1.96115 0.292907 0)
(-2.14163 -0.0115611 0)
(-2.32378 -0.186541 0)
(-2.34049 -0.772922 0)
(-2.43994 -1.40857 0)
(-2.59199 -1.79405 0)
(-3.14511 -2.05462 0)
(-4.00218 -1.95378 0)
(-4.68265 -1.73355 0)
(-4.92235 -1.54196 0)
(-4.98241 -1.26883 0)
(-5.08634 -1.09475 0)
(-5.27093 -0.963915 0)
(-5.44793 -0.683776 0)
(-5.4682 -0.306948 0)
(-5.19989 0.147225 0)
(-4.49116 0.591461 0)
(-3.13228 1.0345 0)
(-1.65094 1.17957 0)
(-0.341873 1.38356 0)
(0.641862 1.5657 0)
(1.306 1.63999 0)
(1.87935 1.73485 0)
(2.83169 1.77153 0)
(3.90427 1.58163 0)
(4.74486 1.33958 0)
(5.23752 1.09308 0)
(5.46286 0.420086 0)
(5.16079 0.325473 0)
(4.3334 0.436895 0)
(3.36851 0.580426 0)
(2.5752 0.632963 0)
(2.04885 0.52174 0)
(1.69204 0.29402 0)
(1.37281 0.0568931 0)
(1.26554 -0.275415 0)
(1.38778 -0.612933 0)
(0.883316 -0.302312 0)
(-1.50214 0.194282 0)
(-1.13812 0.345164 0)
(-1.36313 0.370231 0)
(-1.59638 0.225206 0)
(-1.62066 -0.172476 0)
(-1.81494 -0.337584 0)
(-1.89119 -0.741294 0)
(-1.75974 -1.29796 0)
(-1.95069 -1.91333 0)
(-2.34261 -2.21724 0)
(-3.1447 -2.22015 0)
(-4.18148 -1.95678 0)
(-4.80697 -1.97687 0)
(-5.09304 -1.93652 0)
(-5.21314 -1.72485 0)
(-5.33721 -1.37348 0)
(-5.55369 -0.999437 0)
(-5.77505 -0.755369 0)
(-5.8857 -0.500762 0)
(-5.62363 -0.0882359 0)
(-4.68995 0.00192793 0)
(-3.23856 -0.067106 0)
(-1.73204 -0.0847438 0)
(-0.444227 0.0671456 0)
(0.520705 0.309624 0)
(1.11163 0.365214 0)
(1.83546 0.341876 0)
(2.98178 0.451882 0)
(4.08155 0.200886 0)
(4.95742 0.118711 0)
(5.56371 -0.119753 0)
(5.67135 -0.546832 0)
(5.07722 -0.303187 0)
(4.13674 -0.0624012 0)
(3.26587 0.0853238 0)
(2.6529 0.0363096 0)
(2.25274 -0.169004 0)
(1.91563 -0.427081 0)
(1.69503 -0.750022 0)
(1.61706 -1.05321 0)
(1.29467 -0.963936 0)
(0.45672 -0.478203 0)
(-1.52692 -0.1895 0)
(-1.18148 -0.0501959 0)
(-1.30432 -0.0949395 0)
(-1.35413 -0.356071 0)
(-1.37202 -0.601111 0)
(-1.47071 -0.861504 0)
(-1.36107 -1.40479 0)
(-1.23809 -1.86005 0)
(-1.5633 -2.37759 0)
(-2.24909 -2.54817 0)
(-3.30672 -2.26639 0)
(-4.17908 -2.33587 0)
(-4.73741 -2.54677 0)
(-5.17989 -2.59104 0)
(-5.50592 -2.41916 0)
(-5.75011 -2.06633 0)
(-5.97011 -1.62396 0)
(-6.14198 -1.25693 0)
(-6.11817 -1.14898 0)
(-5.61418 -1.22038 0)
(-4.50385 -1.43303 0)
(-3.07967 -1.6037 0)
(-1.69616 -1.66166 0)
(-0.541466 -1.54429 0)
(0.298084 -1.34699 0)
(0.953555 -1.32326 0)
(1.91973 -1.36502 0)
(3.17584 -1.21696 0)
(4.28942 -1.43898 0)
(5.18587 -1.48365 0)
(5.7286 -1.68461 0)
(5.53943 -1.52538 0)
(4.7474 -1.0214 0)
(3.90845 -0.75096 0)
(3.26278 -0.695674 0)
(2.83093 -0.859236 0)
(2.49944 -1.11798 0)
(2.22532 -1.41895 0)
(1.9755 -1.6578 0)
(1.54538 -1.59494 0)
(0.876136 -1.2474 0)
(0.254362 -1.04568 0)
(-1.59195 -0.510236 0)
(-1.25241 -0.459856 0)
(-1.23384 -0.598218 0)
(-1.09818 -0.860974 0)
(-1.02203 -1.06487 0)
(-1.01678 -1.53676 0)
(-0.835013 -2.0625 0)
(-0.910689 -2.40971 0)
(-1.41947 -2.74889 0)
(-2.29636 -2.72084 0)
(-3.3196 -2.49525 0)
(-3.96084 -2.80335 0)
(-4.56663 -3.05558 0)
(-5.2048 -3.18287 0)
(-5.72595 -3.14733 0)
(-6.08711 -2.96753 0)
(-6.29889 -2.73615 0)
(-6.31461 -2.59965 0)
(-6.0243 -2.70944 0)
(-5.33567 -2.97611 0)
(-4.25489 -3.2122 0)
(-2.9306 -3.32373 0)
(-1.64626 -3.3651 0)
(-0.565395 -3.31533 0)
(0.238291 -3.27942 0)
(0.983055 -3.3992 0)
(2.07299 -3.49568 0)
(3.36196 -3.38 0)
(4.45992 -3.43469 0)
(5.18435 -3.29319 0)
(5.40791 -3.01538 0)
(4.99475 -2.3681 0)
(4.34255 -1.87509 0)
(3.78957 -1.69652 0)
(3.38366 -1.76933 0)
(3.0752 -1.99272 0)
(2.7826 -2.2424 0)
(2.42331 -2.39374 0)
(1.88817 -2.28462 0)
(1.2121 -1.94658 0)
(0.644886 -1.68538 0)
(0.233784 -1.64607 0)
(-1.54501 -0.911195 0)
(-1.24611 -0.855891 0)
(-1.0582 -1.0476 0)
(-0.823741 -1.30418 0)
(-0.636776 -1.60286 0)
(-0.509173 -2.16888 0)
(-0.417736 -2.55539 0)
(-0.702076 -2.76757 0)
(-1.3776 -2.94284 0)
(-2.36365 -2.76237 0)
(-3.13365 -2.81975 0)
(-3.67132 -3.154 0)
(-4.34243 -3.38168 0)
(-5.08662 -3.62214 0)
(-5.72253 -3.81226 0)
(-6.15265 -3.89567 0)
(-6.33042 -3.95415 0)
(-6.21126 -4.10076 0)
(-5.78541 -4.346 0)
(-5.06789 -4.6213 0)
(-4.06212 -4.85358 0)
(-2.85105 -4.96061 0)
(-1.62226 -4.98966 0)
(-0.580004 -4.99293 0)
(0.276023 -5.06559 0)
(1.08223 -5.24741 0)
(2.09498 -5.38632 0)
(3.2416 -5.24641 0)
(4.15195 -4.97068 0)
(4.64255 -4.45815 0)
(4.69125 -3.80485 0)
(4.4114 -3.21807 0)
(4.09146 -2.92159 0)
(3.81759 -2.87775 0)
(3.57428 -3.017 0)
(3.30115 -3.18771 0)
(2.88975 -3.23969 0)
(2.27027 -3.04926 0)
(1.53614 -2.65956 0)
(0.943869 -2.32209 0)
(0.563276 -2.168 0)
(0.200857 -2.11778 0)
(-1.40403 -1.1608 0)
(-1.14317 -1.15545 0)
(-0.787457 -1.35748 0)
(-0.465923 -1.69483 0)
(-0.188439 -2.16486 0)
(-0.0567815 -2.71204 0)
(-0.147333 -3.00713 0)
(-0.61225 -3.16753 0)
(-1.38786 -3.13622 0)
(-2.29101 -2.97354 0)
(-2.92374 -3.13709 0)
(-3.46045 -3.38961 0)
(-4.10946 -3.58159 0)
(-4.82609 -3.8787 0)
(-5.47954 -4.28587 0)
(-5.94119 -4.63305 0)
(-6.10629 -4.94573 0)
(-5.94986 -5.27451 0)
(-5.50564 -5.59096 0)
(-4.80096 -5.89996 0)
(-3.86119 -6.17842 0)
(-2.7376 -6.33505 0)
(-1.55521 -6.34108 0)
(-0.473619 -6.28792 0)
(0.432831 -6.27404 0)
(1.24096 -6.32743 0)
(2.07589 -6.31838 0)
(2.9188 -6.0916 0)
(3.59468 -5.64696 0)
(3.9862 -5.09939 0)
(4.1157 -4.58895 0)
(4.09139 -4.25574 0)
(4.02168 -4.1224 0)
(3.90699 -4.12909 0)
(3.70184 -4.19133 0)
(3.30587 -4.14267 0)
(2.64795 -3.87327 0)
(1.83574 -3.41639 0)
(1.15004 -2.98067 0)
(0.741673 -2.70923 0)
(0.457163 -2.55071 0)
(0.153272 -2.47897 0)
(-1.0516 -0.79068 0)
(-0.935953 -1.11142 0)
(-0.389634 -1.49658 0)
(0.000254792 -2.03519 0)
(0.418564 -2.71213 0)
(0.428872 -3.24941 0)
(0.0343918 -3.56737 0)
(-0.681159 -3.59033 0)
(-1.55184 -3.38946 0)
(-2.34766 -3.14743 0)
(-2.88115 -3.06703 0)
(-3.31095 -3.15107 0)
(-3.7867 -3.42121 0)
(-4.38667 -3.84494 0)
(-5.01212 -4.42641 0)
(-5.49616 -5.02228 0)
(-5.70305 -5.54556 0)
(-5.58779 -6.01113 0)
(-5.16047 -6.41947 0)
(-4.47262 -6.79797 0)
(-3.61459 -7.15166 0)
(-2.64465 -7.39909 0)
(-1.61767 -7.46628 0)
(-0.616386 -7.38726 0)
(0.306849 -7.25418 0)
(1.146 -7.11714 0)
(1.91381 -6.93894 0)
(2.59385 -6.67512 0)
(3.15056 -6.31639 0)
(3.55945 -5.92569 0)
(3.81431 -5.60125 0)
(3.94665 -5.3871 0)
(3.9869 -5.26149 0)
(3.90089 -5.16846 0)
(3.59458 -5.00324 0)
(2.98609 -4.65451 0)
(2.14639 -4.13 0)
(1.33936 -3.58262 0)
(0.810595 -3.17685 0)
(0.53474 -2.9251 0)
(0.333091 -2.77786 0)
(0.1115 -2.71707 0)
(-0.71385 -0.455383 0)
(-0.461887 -0.974254 0)
(0.212527 -1.57937 0)
(0.751134 -2.29914 0)
(1.06662 -3.17741 0)
(0.726282 -3.72282 0)
(0.0390297 -3.81319 0)
(-0.905085 -3.56486 0)
(-1.8762 -3.12949 0)
(-2.57987 -2.63703 0)
(-2.92301 -2.35381 0)
(-3.11346 -2.43125 0)
(-3.32625 -2.83466 0)
(-3.71141 -3.51554 0)
(-4.30192 -4.24215 0)
(-4.8308 -5.04564 0)
(-5.1237 -5.77503 0)
(-5.10356 -6.38513 0)
(-4.73298 -6.89465 0)
(-4.06866 -7.32505 0)
(-3.26379 -7.72647 0)
(-2.41826 -8.07844 0)
(-1.54112 -8.27837 0)
(-0.655064 -8.28148 0)
(0.164047 -8.15508 0)
(0.915029 -7.97719 0)
(1.63978 -7.75993 0)
(2.29669 -7.49806 0)
(2.84696 -7.19147 0)
(3.27862 -6.86899 0)
(3.5864 -6.57145 0)
(3.7739 -6.30983 0)
(3.82278 -6.05311 0)
(3.65617 -5.73481 0)
(3.18368 -5.27575 0)
(2.41699 -4.66162 0)
(1.55341 -3.99734 0)
(0.873533 -3.4534 0)
(0.510312 -3.12826 0)
(0.370301 -2.98672 0)
(0.263583 -2.92242 0)
(0.0924887 -2.88069 0)
(-0.378967 -0.251366 0)
(0.113119 -0.551395 0)
(1.02339 -1.35822 0)
(1.57615 -2.28094 0)
(1.60983 -3.30351 0)
(0.92779 -3.67835 0)
(-0.0945565 -3.5595 0)
(-1.35709 -3.09491 0)
(-2.53514 -2.17932 0)
(-3.06339 -1.47336 0)
(-2.96582 -1.28535 0)
(-2.7463 -1.65978 0)
(-2.69932 -2.25262 0)
(-2.91848 -3.07074 0)
(-3.42798 -3.9474 0)
(-3.99136 -4.82516 0)
(-4.37822 -5.69667 0)
(-4.48885 -6.45622 0)
(-4.24306 -7.0643 0)
(-3.65245 -7.51498 0)
(-2.87625 -7.87663 0)
(-2.11814 -8.22913 0)
(-1.4434 -8.53982 0)
(-0.773538 -8.72657 0)
(-0.0257647 -8.74682 0)
(0.735789 -8.63045 0)
(1.43069 -8.42696 0)
(2.03959 -8.15304 0)
(2.5523 -7.83328 0)
(2.96515 -7.48267 0)
(3.269 -7.11042 0)
(3.43927 -6.70778 0)
(3.41797 -6.23826 0)
(3.1224 -5.65873 0)
(2.51871 -4.96211 0)
(1.71601 -4.22239 0)
(0.978328 -3.60011 0)
(0.525147 -3.23435 0)
(0.375221 -3.12354 0)
(0.339954 -3.11405 0)
(0.241587 -3.07848 0)
(0.0789659 -3.03361 0)
(-0.190463 -0.159689 0)
(0.426623 -0.0592159 0)
(1.96064 -0.629351 0)
(2.52028 -1.7591 0)
(2.14102 -2.7509 0)
(0.939237 -3.13819 0)
(-0.510613 -2.94568 0)
(-2.25411 -2.07681 0)
(-3.38033 -1.28131 0)
(-3.47581 -0.937425 0)
(-2.88424 -0.922845 0)
(-2.17509 -1.30762 0)
(-1.96926 -2.06123 0)
(-2.0981 -2.89849 0)
(-2.53198 -3.72497 0)
(-3.10253 -4.54705 0)
(-3.53965 -5.38181 0)
(-3.7538 -6.23235 0)
(-3.69718 -6.96534 0)
(-3.26829 -7.46362 0)
(-2.56312 -7.76434 0)
(-1.78323 -7.98021 0)
(-1.09619 -8.21299 0)
(-0.519609 -8.44525 0)
(0.0156962 -8.59892 0)
(0.583629 -8.60585 0)
(1.16813 -8.4625 0)
(1.70839 -8.19672 0)
(2.17347 -7.84486 0)
(2.54459 -7.42711 0)
(2.79689 -6.94493 0)
(2.89635 -6.39627 0)
(2.7744 -5.76024 0)
(2.38506 -5.04105 0)
(1.77127 -4.31005 0)
(1.10111 -3.70561 0)
(0.615608 -3.35659 0)
(0.418854 -3.26431 0)
(0.372367 -3.2774 0)
(0.311404 -3.2588 0)
(0.197094 -3.20726 0)
(0.0641204 -3.16589 0)
(-0.0709837 -0.0514626 0)
(0.0690357 -0.277657 0)
(2.97076 -0.0454912 0)
(3.32743 -0.964522 0)
(2.78282 -1.5636 0)
(1.20544 -1.93567 0)
(-0.826197 -1.55512 0)
(-2.802 -0.961431 0)
(-3.65892 -0.841683 0)
(-3.45631 -0.972761 0)
(-2.5828 -1.33337 0)
(-1.65872 -1.78167 0)
(-1.20142 -2.42579 0)
(-1.39248 -3.06143 0)
(-1.79305 -3.74748 0)
(-2.3731 -4.37505 0)
(-2.77541 -4.99283 0)
(-2.9664 -5.78265 0)
(-3.04608 -6.60008 0)
(-2.87895 -7.23577 0)
(-2.35697 -7.58748 0)
(-1.65257 -7.7372 0)
(-0.952113 -7.79127 0)
(-0.355178 -7.84615 0)
(0.149315 -7.90845 0)
(0.601994 -7.91499 0)
(1.02291 -7.81645 0)
(1.42157 -7.611 0)
(1.78876 -7.29604 0)
(2.08368 -6.88285 0)
(2.26166 -6.38289 0)
(2.27867 -5.80069 0)
(2.08962 -5.14826 0)
(1.69809 -4.48739 0)
(1.19417 -3.93001 0)
(0.77057 -3.59447 0)
(0.525577 -3.48346 0)
(0.422098 -3.47072 0)
(0.345657 -3.43542 0)
(0.253865 -3.3723 0)
(0.154233 -3.31704 0)
(0.0521657 -3.27853 0)
(0.092947 -0.082545 0)
(0.268289 -0.252738 0)
(3.2625 -0.323052 0)
(3.59997 -0.37499 0)
(3.18443 -0.440869 0)
(1.29389 -0.671398 0)
(-1.04332 -0.528304 0)
(-2.80304 -0.564076 0)
(-3.51846 -0.808089 0)
(-3.07583 -1.28904 0)
(-2.01558 -1.96214 0)
(-1.09043 -2.5528 0)
(-0.72071 -3.05524 0)
(-0.88299 -3.5419 0)
(-1.30853 -3.95743 0)
(-1.85458 -4.3362 0)
(-2.20901 -4.73865 0)
(-2.24086 -5.3247 0)
(-2.31998 -6.04315 0)
(-2.35246 -6.76995 0)
(-2.11672 -7.30319 0)
(-1.61071 -7.56985 0)
(-0.987111 -7.64227 0)
(-0.395605 -7.62245 0)
(0.105104 -7.54664 0)
(0.522253 -7.43529 0)
(0.886562 -7.27788 0)
(1.20642 -7.05692 0)
(1.47413 -6.75999 0)
(1.66836 -6.37727 0)
(1.75636 -5.91367 0)
(1.70781 -5.39171 0)
(1.5116 -4.85222 0)
(1.20746 -4.36742 0)
(0.891009 -4.02236 0)
(0.648408 -3.83701 0)
(0.485388 -3.74124 0)
(0.367766 -3.65122 0)
(0.269239 -3.55099 0)
(0.186318 -3.46678 0)
(0.112669 -3.40793 0)
(0.0388714 -3.36722 0)
(0.231601 -0.175579 0)
(0.513396 -0.313269 0)
(2.99616 -0.775524 0)
(3.38595 -0.222098 0)
(3.19091 0.00438696 0)
(1.46166 -0.152758 0)
(-0.78241 -0.302904 0)
(-2.53677 -0.56318 0)
(-3.06986 -1.0963 0)
(-2.36357 -1.93705 0)
(-1.24252 -2.76051 0)
(-0.469549 -3.36092 0)
(-0.290763 -3.74576 0)
(-0.53607 -4.01581 0)
(-1.02654 -4.21623 0)
(-1.54665 -4.38699 0)
(-1.77378 -4.69429 0)
(-1.69845 -5.09843 0)
(-1.65711 -5.55286 0)
(-1.65479 -6.09398 0)
(-1.58309 -6.72102 0)
(-1.31594 -7.20903 0)
(-0.913054 -7.4576 0)
(-0.47 -7.5273 0)
(-0.0525398 -7.48761 0)
(0.31785 -7.37659 0)
(0.638649 -7.20553 0)
(0.907432 -6.96974 0)
(1.11357 -6.66525 0)
(1.24207 -6.2936 0)
(1.27808 -5.8666 0)
(1.2145 -5.41234 0)
(1.06564 -4.9765 0)
(0.868094 -4.60816 0)
(0.66696 -4.32859 0)
(0.489944 -4.11697 0)
(0.345371 -3.93924 0)
(0.235722 -3.78088 0)
(0.157669 -3.64805 0)
(0.102831 -3.54809 0)
(0.0604239 -3.47887 0)
(0.0211807 -3.43438 0)
(0.381719 -0.214506 0)
(1.19897 -0.525618 0)
(2.60165 -0.977534 0)
(3.00806 -0.362208 0)
(3.04084 -0.182047 0)
(1.61539 -0.293937 0)
(-0.516846 -0.567073 0)
(-1.98546 -1.03899 0)
(-2.16259 -1.9788 0)
(-1.27475 -3.10767 0)
(-0.423256 -3.80675 0)
(0.00761863 -4.2002 0)
(-0.0361488 -4.36582 0)
(-0.442385 -4.38067 0)
(-0.986997 -4.35345 0)
(-1.37701 -4.43488 0)
(-1.45726 -4.65736 0)
(-1.35563 -4.90706 0)
(-1.21997 -5.18237 0)
(-1.08268 -5.51774 0)
(-0.952868 -5.9823 0)
(-0.831795 -6.51333 0)
(-0.635465 -6.97065 0)
(-0.355738 -7.24551 0)
(-0.0497123 -7.33723 0)
(0.229969 -7.28912 0)
(0.460692 -7.14814 0)
(0.637813 -6.93832 0)
(0.75965 -6.66582 0)
(0.824253 -6.33641 0)
(0.827423 -5.9646 0)
(0.769173 -5.57542 0)
(0.659885 -5.19819 0)
(0.51961 -4.85509 0)
(0.371955 -4.55384 0)
(0.237932 -4.29219 0)
(0.131779 -4.06644 0)
(0.0586858 -3.87423 0)
(0.0157939 -3.71567 0)
(-0.00311883 -3.59455 0)
(-0.0057242 -3.51162 0)
(-0.00132144 -3.46245 0)
(0.591235 -0.358702 0)
(1.73113 -0.847496 0)
(2.30055 -0.893551 0)
(2.77724 -0.572269 0)
(3.02592 -0.558502 0)
(1.8415 -0.736341 0)
(-0.0242493 -1.16519 0)
(-0.992786 -1.9813 0)
(-0.856045 -3.34327 0)
(-0.309326 -4.32103 0)
(0.0825616 -4.77988 0)
(0.146859 -4.86699 0)
(-0.112425 -4.74594 0)
(-0.569594 -4.57828 0)
(-0.971915 -4.53814 0)
(-1.17866 -4.66535 0)
(-1.19734 -4.89077 0)
(-1.10783 -5.09917 0)
(-0.948216 -5.27377 0)
(-0.743083 -5.43743 0)
(-0.51422 -5.60111 0)
(-0.292101 -5.83695 0)
(-0.135467 -6.20292 0)
(-0.0498079 -6.58329 0)
(0.0200139 -6.87269 0)
(0.115301 -7.02353 0)
(0.239185 -7.01791 0)
(0.361226 -6.87711 0)
(0.443716 -6.64351 0)
(0.469315 -6.35207 0)
(0.440809 -6.02403 0)
(0.370551 -5.67585 0)
(0.271675 -5.32475 0)
(0.158109 -4.98653 0)
(0.0465159 -4.67276 0)
(-0.0474297 -4.38964 0)
(-0.11366 -4.13839 0)
(-0.148541 -3.91878 0)
(-0.152546 -3.73372 0)
(-0.128866 -3.59011 0)
(-0.0839562 -3.49193 0)
(-0.0279714 -3.43685 0)
(1.02527 -0.567986 0)
(1.66069 -0.805977 0)
(2.18226 -0.687696 0)
(2.74855 -0.688872 0)
(3.24122 -0.83104 0)
(2.26145 -1.16872 0)
(0.855086 -1.8373 0)
(0.283554 -3.06627 0)
(0.239105 -4.2287 0)
(0.326508 -4.82835 0)
(0.29644 -5.00174 0)
(0.0560213 -4.95275 0)
(-0.322319 -4.80725 0)
(-0.679759 -4.70541 0)
(-0.907599 -4.72399 0)
(-0.993504 -4.85141 0)
(-0.997534 -5.02126 0)
(-0.97643 -5.19871 0)
(-0.886214 -5.40789 0)
(-0.674815 -5.62803 0)
(-0.383052 -5.81524 0)
(-0.0765138 -5.92681 0)
(0.187316 -5.99453 0)
(0.357526 -6.09331 0)
(0.421855 -6.22899 0)
(0.411546 -6.37472 0)
(0.348512 -6.51141 0)
(0.259699 -6.56742 0)
(0.186739 -6.50691 0)
(0.131385 -6.33713 0)
(0.0705521 -6.08284 0)
(-0.010115 -5.77066 0)
(-0.105359 -5.42787 0)
(-0.201628 -5.08157 0)
(-0.286533 -4.75122 0)
(-0.350423 -4.4451 0)
(-0.385281 -4.16563 0)
(-0.385269 -3.91531 0)
(-0.348461 -3.69976 0)
(-0.27678 -3.5288 0)
(-0.176493 -3.41102 0)
(-0.0595285 -3.34774 0)
(1.31527 -0.699086 0)
(1.5672 -0.574718 0)
(2.18794 -0.546552 0)
(2.88138 -0.716743 0)
(3.61534 -0.912791 0)
(2.86204 -1.3202 0)
(1.88948 -1.9281 0)
(1.36477 -2.87224 0)
(0.82102 -3.86147 0)
(0.416227 -4.40105 0)
(0.139362 -4.56282 0)
(-0.163973 -4.53136 0)
(-0.489945 -4.42612 0)
(-0.735873 -4.35643 0)
(-0.852581 -4.38303 0)
(-0.868386 -4.50612 0)
(-0.794716 -4.73666 0)
(-0.646735 -5.09587 0)
(-0.491814 -5.52774 0)
(-0.36138 -5.9227 0)
(-0.220808 -6.25579 0)
(-0.0708967 -6.51181 0)
(0.0828773 -6.65007 0)
(0.22943 -6.68559 0)
(0.341365 -6.67081 0)
(0.39645 -6.62975 0)
(0.398614 -6.57792 0)
(0.352449 -6.55208 0)
(0.217282 -6.51142 0)
(0.0333788 -6.39647 0)
(-0.161727 -6.18658 0)
(-0.342489 -5.89506 0)
(-0.487266 -5.55522 0)
(-0.58883 -5.19856 0)
(-0.655251 -4.84334 0)
(-0.692507 -4.49865 0)
(-0.696161 -4.17269 0)
(-0.65911 -3.87476 0)
(-0.578141 -3.61453 0)
(-0.452995 -3.40484 0)
(-0.288159 -3.25929 0)
(-0.0977581 -3.18373 0)
(1.11515 -0.348941 0)
(1.5659 -0.33377 0)
(2.31883 -0.483754 0)
(3.18041 -0.730627 0)
(3.96762 -0.917706 0)
(3.3803 -1.22475 0)
(2.62477 -1.64368 0)
(2.26074 -2.10042 0)
(1.74744 -2.57359 0)
(1.07262 -2.94312 0)
(0.497694 -3.08365 0)
(-0.0273653 -3.18725 0)
(-0.412941 -3.29005 0)
(-0.629881 -3.37419 0)
(-0.663359 -3.57057 0)
(-0.534615 -3.8604 0)
(-0.328973 -4.23317 0)
(-0.112625 -4.6647 0)
(0.0299265 -5.12132 0)
(0.118273 -5.57946 0)
(0.20766 -6.02406 0)
(0.297148 -6.47111 0)
(0.377267 -6.9043 0)
(0.433499 -7.26032 0)
(0.431973 -7.47293 0)
(0.367969 -7.51347 0)
(0.279264 -7.39962 0)
(0.168981 -7.17537 0)
(-0.0103441 -6.89066 0)
(-0.245696 -6.57559 0)
(-0.493607 -6.24273 0)
(-0.716051 -5.89965 0)
(-0.885216 -5.55402 0)
(-0.997119 -5.21136 0)
(-1.06569 -4.86462 0)
(-1.09548 -4.50842 0)
(-1.0771 -4.14832 0)
(-1.00067 -3.7998 0)
(-0.864936 -3.48081 0)
(-0.672544 -3.21294 0)
(-0.428021 -3.02291 0)
(-0.14612 -2.92794 0)
(1.0169 -0.153494 0)
(1.66619 -0.296862 0)
(2.54223 -0.484496 0)
(3.48572 -0.752291 0)
(4.19375 -0.894762 0)
(3.69956 -1.06635 0)
(2.97752 -1.36294 0)
(2.54524 -1.53296 0)
(1.99872 -1.57024 0)
(1.29384 -1.60161 0)
(0.679763 -1.62296 0)
(0.195677 -1.67014 0)
(-0.199413 -1.81988 0)
(-0.418138 -2.10299 0)
(-0.364718 -2.43061 0)
(-0.160575 -2.70282 0)
(0.090547 -3.04105 0)
(0.35202 -3.51481 0)
(0.556775 -4.03073 0)
(0.681564 -4.5536 0)
(0.778603 -5.08067 0)
(0.884614 -5.63016 0)
(0.944606 -6.18886 0)
(0.871964 -6.71052 0)
(0.643259 -7.09444 0)
(0.346756 -7.25145 0)
(0.0604353 -7.17265 0)
(-0.197029 -6.92579 0)
(-0.445398 -6.59937 0)
(-0.689562 -6.23895 0)
(-0.91809 -5.87089 0)
(-1.10913 -5.51496 0)
(-1.24952 -5.18589 0)
(-1.34663 -4.87467 0)
(-1.42088 -4.56118 0)
(-1.47061 -4.23011 0)
(-1.47123 -3.88555 0)
(-1.39076 -3.54762 0)
(-1.21997 -3.22683 0)
(-0.960521 -2.92752 0)
(-0.616033 -2.68181 0)
(-0.212412 -2.55264 0)
(1.08738 -0.176986 0)
(1.85844 -0.403691 0)
(2.78245 -0.510062 0)
(3.71689 -0.750237 0)
(4.32449 -0.764973 0)
(3.89336 -0.847512 0)
(3.13626 -1.03754 0)
(2.47889 -1.10366 0)
(1.75568 -1.07902 0)
(1.08636 -1.06384 0)
(0.529129 -1.0887 0)
(0.0972254 -1.18735 0)
(-0.0715577 -1.34702 0)
(0.00129059 -1.46615 0)
(0.0635412 -1.62653 0)
(0.14792 -1.87925 0)
(0.448752 -2.08879 0)
(0.857955 -2.24248 0)
(1.14332 -2.61855 0)
(1.2758 -3.19727 0)
(1.41843 -3.77066 0)
(1.54768 -4.38153 0)
(1.56211 -5.02069 0)
(1.40006 -5.45729 0)
(1.03792 -5.73195 0)
(0.494073 -5.83058 0)
(-0.0726018 -5.75411 0)
(-0.463632 -5.58902 0)
(-0.749709 -5.39632 0)
(-1.04037 -5.2084 0)
(-1.297 -4.99112 0)
(-1.50628 -4.72135 0)
(-1.62771 -4.49313 0)
(-1.70838 -4.23547 0)
(-1.7819 -3.95177 0)
(-1.84145 -3.60625 0)
(-1.83438 -3.24057 0)
(-1.72076 -2.90709 0)
(-1.52221 -2.63451 0)
(-1.25538 -2.39882 0)
(-0.849985 -2.16366 0)
(-0.303246 -2.00229 0)
(1.25178 -0.408041 0)
(1.98988 -0.517615 0)
(2.93274 -0.499669 0)
(3.84359 -0.559031 0)
(4.32457 -0.477625 0)
(3.97782 -0.475187 0)
(3.23413 -0.527174 0)
(2.5681 -0.522232 0)
(2.02327 -0.464043 0)
(1.49427 -0.425148 0)
(0.867667 -0.388633 0)
(0.487212 -0.331046 0)
(0.265166 -0.482972 0)
(-0.0575344 -0.765843 0)
(-0.0450462 -0.945322 0)
(0.32472 -1.06772 0)
(0.621605 -1.13875 0)
(0.947848 -1.20864 0)
(1.5145 -1.16817 0)
(1.96339 -1.40876 0)
(2.10606 -1.95696 0)
(2.12592 -2.60158 0)
(1.94308 -3.30134 0)
(1.55121 -3.65003 0)
(0.973165 -3.77408 0)
(0.279191 -3.7945 0)
(-0.353723 -3.72089 0)
(-0.798858 -3.62943 0)
(-1.06226 -3.45721 0)
(-1.25147 -3.2829 0)
(-1.45089 -3.22331 0)
(-1.65112 -3.11359 0)
(-1.80843 -3.11822 0)
(-1.97408 -3.07619 0)
(-2.14342 -3.03564 0)
(-2.27086 -2.83788 0)
(-2.27944 -2.56023 0)
(-2.10939 -2.2235 0)
(-1.78861 -1.86091 0)
(-1.44585 -1.52104 0)
(-1.03583 -1.29776 0)
(-0.392853 -1.16577 0)
(1.36883 -0.583304 0)
(1.97542 -0.586962 0)
(2.85637 -0.481803 0)
(3.77684 -0.175146 0)
(4.20399 -0.0813735 0)
(3.94657 0.0179519 0)
(3.2689 0.0932929 0)
(2.64022 -0.0212836 0)
(1.6449 -0.235041 0)
(0.776226 -0.0952186 0)
(0.330872 -0.124198 0)
(0.168021 -0.0986505 0)
(0.197574 0.068378 0)
(0.452129 0.321876 0)
(0.748288 0.0449555 0)
(0.571167 -0.151538 0)
(0.48152 -0.187192 0)
(0.883604 -0.167741 0)
(1.39341 -0.00961178 0)
(2.08605 0.190754 0)
(2.65716 0.216542 0)
(2.85494 -0.0178562 0)
(2.58671 -0.58212 0)
(1.98481 -1.07226 0)
(1.23104 -1.34023 0)
(0.454458 -1.47058 0)
(-0.278254 -1.52498 0)
(-0.805207 -1.65295 0)
(-1.14817 -1.54745 0)
(-1.38501 -1.30748 0)
(-1.53128 -1.21883 0)
(-1.61462 -1.05944 0)
(-1.69696 -1.0282 0)
(-1.8346 -1.04377 0)
(-2.05354 -1.19871 0)
(-2.29926 -1.35183 0)
(-2.49239 -1.47774 0)
(-2.53171 -1.49885 0)
(-2.31907 -1.27176 0)
(-1.85968 -0.803294 0)
(-1.33291 -0.347886 0)
(-0.693728 0.00227387 0)
(1.53172 -0.499385 0)
(1.88772 -0.634878 0)
(2.57897 -0.548052 0)
(3.47034 -0.0598253 0)
(3.98703 0.270582 0)
(3.80664 0.433312 0)
(3.24582 0.617825 0)
(2.76379 0.276347 0)
(1.63197 0.248084 0)
(1.18532 0.0862521 0)
(0.771479 -0.0933154 0)
(0.209798 -0.193739 0)
(-0.149356 -0.157827 0)
(-0.117271 -0.0235142 0)
(0.122057 0.288949 0)
(0.400339 0.749987 0)
(0.623879 1.09738 0)
(0.868715 1.09622 0)
(1.24581 1.13221 0)
(1.7735 1.39488 0)
(2.40842 1.86131 0)
(2.92499 2.22351 0)
(3.03522 2.35944 0)
(2.57537 2.13336 0)
(1.83803 1.93956 0)
(1.00361 1.77336 0)
(0.102432 1.60271 0)
(-0.6645 1.37692 0)
(-1.20491 1.12222 0)
(-1.50935 0.852255 0)
(-1.69388 0.759265 0)
(-1.81373 0.733588 0)
(-1.84754 0.766003 0)
(-1.82222 0.856732 0)
(-1.81248 0.892322 0)
(-1.87636 0.787376 0)
(-2.06731 0.47971 0)
(-2.33996 0.090838 0)
(-2.5672 -0.156185 0)
(-2.44169 -0.136018 0)
(-1.94231 0.268236 0)
(-1.04322 0.902638 0)
(1.9873 0.17801 0)
(2.0218 -0.337502 0)
(2.32265 -0.464702 0)
(2.97181 -0.301499 0)
(3.55598 0.385956 0)
(3.59744 0.779494 0)
(3.31744 1.04664 0)
(2.84989 0.715018 0)
(1.93604 0.94178 0)
(1.48343 0.853672 0)
(0.846592 0.685203 0)
(0.244502 0.760502 0)
(-0.0247733 0.723133 0)
(0.00211198 0.626903 0)
(-0.173258 0.752717 0)
(-0.241015 0.815719 0)
(0.116142 1.0273 0)
(0.53986 1.36571 0)
(0.941512 1.7783 0)
(1.34327 2.17387 0)
(1.81323 2.72036 0)
(2.32644 3.39642 0)
(2.63999 4.01345 0)
(2.4887 4.41513 0)
(1.90293 4.65108 0)
(1.12356 4.73502 0)
(0.372687 4.70491 0)
(-0.220535 4.51903 0)
(-0.665486 4.2031 0)
(-1.00924 3.82668 0)
(-1.29238 3.43937 0)
(-1.5409 3.07478 0)
(-1.77109 2.75511 0)
(-1.93672 2.52387 0)
(-1.93746 2.41678 0)
(-1.77925 2.36115 0)
(-1.68963 2.22345 0)
(-1.82488 1.9038 0)
(-2.11838 1.5638 0)
(-2.39378 1.19025 0)
(-2.39298 1.08364 0)
(-1.4362 1.47708 0)
(2.07642 0.794873 0)
(2.4438 0.575205 0)
(2.475 0.240107 0)
(2.62445 0.112445 0)
(2.87684 0.511291 0)
(3.05999 1.21562 0)
(3.1392 1.77222 0)
(2.86936 1.84175 0)
(2.13709 2.34026 0)
(1.4519 2.67765 0)
(0.840653 2.96181 0)
(0.371986 3.21216 0)
(0.0817481 3.29659 0)
(0.0147879 3.27571 0)
(0.14421 3.17178 0)
(0.32044 2.8228 0)
(0.216232 2.30352 0)
(0.016621 1.90489 0)
(0.263513 1.91608 0)
(0.617687 2.17872 0)
(1.00418 2.66041 0)
(1.45957 3.31891 0)
(1.79187 4.13109 0)
(1.78064 4.95722 0)
(1.40981 5.57978 0)
(0.862117 6.03177 0)
(0.323765 6.2932 0)
(-0.127419 6.31477 0)
(-0.471865 6.12222 0)
(-0.726548 5.8139 0)
(-0.912808 5.48279 0)
(-1.06749 5.15085 0)
(-1.24742 4.78107 0)
(-1.47158 4.36069 0)
(-1.65686 3.94036 0)
(-1.6618 3.59739 0)
(-1.49584 3.36821 0)
(-1.47169 3.11831 0)
(-1.71795 2.8305 0)
(-2.02845 2.50091 0)
(-2.17919 2.2175 0)
(-1.61762 2.06799 0)
(1.7455 0.813581 0)
(2.42328 1.37498 0)
(2.76038 1.43537 0)
(2.64663 1.34139 0)
(2.44051 1.50721 0)
(2.26281 2.09247 0)
(2.28655 2.8438 0)
(2.16314 3.48755 0)
(1.50436 4.36755 0)
(0.817469 5.10345 0)
(0.29106 5.58646 0)
(-0.0413484 5.79333 0)
(-0.175565 5.73493 0)
(-0.121757 5.53609 0)
(0.145915 5.28791 0)
(0.594172 5.01181 0)
(1.02393 4.66217 0)
(1.11948 4.06543 0)
(0.87642 3.3365 0)
(0.549367 2.96399 0)
(0.463647 2.96221 0)
(0.660362 3.28168 0)
(0.841934 3.85575 0)
(0.825656 4.6749 0)
(0.594894 5.43504 0)
(0.259605 5.99634 0)
(0.00892721 6.33771 0)
(-0.0776279 6.49382 0)
(-0.196369 6.51923 0)
(-0.400105 6.43209 0)
(-0.607374 6.26155 0)
(-0.761768 6.02993 0)
(-0.893129 5.72648 0)
(-1.03485 5.35478 0)
(-1.16724 4.92841 0)
(-1.2078 4.4752 0)
(-1.1431 4.07474 0)
(-1.16469 3.78247 0)
(-1.41231 3.56544 0)
(-1.73514 3.32401 0)
(-1.87947 3.05601 0)
(-1.42145 2.60921 0)
(1.313 0.834848 0)
(1.8102 1.37543 0)
(2.41754 2.05773 0)
(2.50842 2.51181 0)
(2.18076 2.88634 0)
(1.72287 3.41879 0)
(1.36252 4.08545 0)
(1.01323 4.89451 0)
(0.579173 5.79878 0)
(0.298527 6.51363 0)
(0.212359 6.91466 0)
(0.221232 7.07874 0)
(0.324036 7.06541 0)
(0.521321 6.91967 0)
(0.738897 6.69006 0)
(0.961286 6.42964 0)
(1.17001 6.12906 0)
(1.28909 5.78022 0)
(1.22568 5.37513 0)
(0.976495 5.0289 0)
(0.642706 4.64915 0)
(0.389562 4.45969 0)
(0.191174 4.60784 0)
(0.0362401 4.90184 0)
(-0.0659268 5.20737 0)
(-0.128623 5.44336 0)
(-0.177381 5.60663 0)
(-0.267333 5.70992 0)
(-0.359658 5.78506 0)
(-0.422744 5.85212 0)
(-0.446626 5.8868 0)
(-0.448255 5.84929 0)
(-0.466824 5.71365 0)
(-0.541854 5.45782 0)
(-0.651259 5.0935 0)
(-0.714754 4.69603 0)
(-0.733127 4.37388 0)
(-0.867344 4.15389 0)
(-1.17642 4.01338 0)
(-1.46339 3.79184 0)
(-1.54287 3.50402 0)
(-1.1173 2.86121 0)
(0.849083 0.763024 0)
(1.12709 1.16067 0)
(1.48577 1.9792 0)
(1.66836 2.83622 0)
(1.51211 3.52418 0)
(1.13367 4.12585 0)
(0.603655 4.76482 0)
(-0.106346 5.59578 0)
(-0.77072 6.35324 0)
(-0.757383 6.83875 0)
(-0.414606 7.05721 0)
(-0.17376 7.11115 0)
(0.0122956 7.1694 0)
(0.345033 7.38103 0)
(0.954408 7.5072 0)
(1.63301 7.51103 0)
(2.1426 7.38931 0)
(2.19137 7.18285 0)
(1.89284 7.01203 0)
(1.47139 6.92872 0)
(1.05991 6.86734 0)
(0.693128 6.79497 0)
(0.37244 6.65007 0)
(0.134469 6.44526 0)
(-0.0433169 6.27399 0)
(-0.192158 6.10757 0)
(-0.269139 5.91217 0)
(-0.328694 5.76382 0)
(-0.44276 5.63226 0)
(-0.572312 5.47007 0)
(-0.624744 5.33243 0)
(-0.602394 5.23602 0)
(-0.536378 5.14608 0)
(-0.469792 5.03509 0)
(-0.435962 4.87799 0)
(-0.424736 4.68315 0)
(-0.484361 4.52122 0)
(-0.694285 4.44098 0)
(-0.972877 4.3295 0)
(-1.10696 4.01096 0)
(-1.03845 3.6132 0)
(-0.716839 2.843 0)
(0.580571 0.642895 0)
(0.712873 0.892991 0)
(0.664484 1.33991 0)
(0.571614 2.15404 0)
(0.392596 3.14055 0)
(0.158162 3.81029 0)
(-0.06493 4.26866 0)
(-0.250716 4.18885 0)
(-0.193743 3.17176 0)
(-0.138271 2.85253 0)
(-0.120477 2.74571 0)
(-0.123171 2.66164 0)
(-0.114758 2.61147 0)
(-0.0568436 2.67075 0)
(0.124198 2.971 0)
(0.47686 3.63711 0)
(0.940388 4.4066 0)
(1.49065 5.09955 0)
(1.53982 5.55013 0)
(1.30915 6.02674 0)
(1.05034 6.46063 0)
(0.841668 6.73635 0)
(0.691311 6.85815 0)
(0.569598 6.87439 0)
(0.448353 6.82739 0)
(0.329199 6.73438 0)
(0.211843 6.60826 0)
(0.102457 6.46406 0)
(0.0185127 6.29315 0)
(-0.0606384 6.08094 0)
(-0.148205 5.82148 0)
(-0.205509 5.54452 0)
(-0.190598 5.32623 0)
(-0.162518 5.17242 0)
(-0.203923 4.99964 0)
(-0.32657 4.85928 0)
(-0.51344 4.8161 0)
(-0.681702 4.70944 0)
(-0.736281 4.39354 0)
(-0.591611 3.8812 0)
(-0.20786 3.30194 0)
(0.235469 2.75599 0)
(0.372221 0.382079 0)
(0.407456 0.598074 0)
(0.342058 0.809452 0)
(0.248551 0.988103 0)
(0.167024 1.11609 0)
(0.102171 1.19445 0)
(0.0535721 1.23985 0)
(0.0262043 1.24149 0)
(0.0165763 1.19873 0)
(0.0156098 1.13225 0)
(0.0272824 1.06016 0)
(0.0491191 0.993468 0)
(0.0600883 0.928742 0)
(0.0583429 0.906307 0)
(0.0570749 0.934581 0)
(0.111076 1.14776 0)
(0.403845 2.00942 0)
(0.436029 2.66818 0)
(0.260978 3.45666 0)
(0.139791 4.33049 0)
(0.0795031 5.00904 0)
(0.0534436 5.45658 0)
(0.0409037 5.77523 0)
(0.0238156 6.02768 0)
(0.000961891 6.24805 0)
(-0.00979885 6.38816 0)
(-0.0099013 6.4531 0)
(-0.0223435 6.45752 0)
(-0.0457631 6.41577 0)
(-0.0666213 6.32733 0)
(-0.0866314 6.19909 0)
(-0.115013 6.04016 0)
(-0.121531 5.86278 0)
(-0.110935 5.67601 0)
(-0.122088 5.47964 0)
(-0.163055 5.24626 0)
(-0.190292 4.91125 0)
(-0.189126 4.46032 0)
(-0.22373 3.98796 0)
(-0.241 3.66116 0)
(-0.274005 3.50561 0)
(-0.347137 3.47675 0)
(0.151735 0.0577313 0)
(0.126886 0.290478 0)
(0.0684954 0.490863 0)
(0.0268826 0.630459 0)
(0.0127092 0.717144 0)
(0.0165744 0.771281 0)
(0.0241994 0.805267 0)
(0.0245148 0.829451 0)
(0.0142928 0.845536 0)
(-0.000291175 0.853769 0)
(-0.00761534 0.858623 0)
(-0.00548793 0.87182 0)
(-0.00471401 0.897506 0)
(-0.0108972 0.920891 0)
(-0.0150286 0.933669 0)
(-0.00685834 0.94637 0)
(0.010507 0.982068 0)
(0.0238142 1.05354 0)
(0.0393158 1.13345 0)
(0.054705 1.19581 0)
(0.0678299 1.2506 0)
(0.078896 1.30817 0)
(0.0883909 1.36889 0)
(0.096699 1.43038 0)
(0.103804 1.48032 0)
(0.110379 1.52886 0)
(0.117733 1.59902 0)
(0.125861 1.66582 0)
(0.134909 1.72343 0)
(0.145047 1.77764 0)
(0.156264 1.82768 0)
(0.16834 1.86392 0)
(0.18105 1.88594 0)
(0.198679 1.94322 0)
(0.217309 2.00653 0)
(0.234676 2.05184 0)
(0.253412 2.09367 0)
(0.27603 2.14495 0)
(0.295884 2.18743 0)
(0.303529 2.17402 0)
(0.307608 2.159 0)
(0.354359 2.13455 0)
)
;

boundaryField
{
    leftWall
    {
        type            noSlip;
    }
    rightWall
    {
        type            noSlip;
    }
    lowerWall
    {
        type            noSlip;
    }
    atmosphere
    {
        type            pressureInletOutletVelocity;
        value           nonuniform List<vector> 
44
(
(0 -0.993939 0)
(0.391679 2.03485 0)
(0.441467 3.21002 0)
(0.370423 4.28655 0)
(0.741212 5.05999 0)
(0.940093 4.83412 0)
(1.03288 4.2452 0)
(1.02328 3.483 0)
(0.903023 2.47688 0)
(0.821703 1.38679 0)
(0.841333 0.638452 0)
(0.940425 0.189565 0)
(0 -0.159051 0)
(0 -0.302312 0)
(0 -0.478203 0)
(0 -1.04568 0)
(0 -1.64607 0)
(0 -2.11778 0)
(0 -2.47897 0)
(0 -2.71707 0)
(0 -2.88069 0)
(0 -3.03361 0)
(0 -3.16589 0)
(0 -3.27853 0)
(0 -3.36722 0)
(0 -3.43438 0)
(0 -3.46245 0)
(0 -3.43685 0)
(0 -3.34774 0)
(0 -3.18373 0)
(0 -2.92794 0)
(0 -2.55264 0)
(0 -2.00229 0)
(0 -1.16577 0)
(-0.693728 0.00227387 0)
(-1.04322 0.902638 0)
(-1.4362 1.47708 0)
(-1.61762 2.06799 0)
(-1.42145 2.60921 0)
(-1.1173 2.86121 0)
(-0.716839 2.843 0)
(0.235469 2.75599 0)
(-0.347137 3.47675 0)
(0.354359 2.13455 0)
)
;
    }
    frontAndBack
    {
        type            empty;
    }
}


// ************************************************************************* //
