/*--------------------------------*- C++ -*----------------------------------*\
  =========                 |
  \\      /  F ield         | OpenFOAM: The Open Source CFD Toolbox
   \\    /   O peration     | Website:  https://openfoam.org
    \\  /    A nd           | Version:  13
     \\/     M anipulation  |
\*---------------------------------------------------------------------------*/
FoamFile
{
    format      ascii;
    class       surfaceScalarField;
    location    "14";
    object      phi;
}
// * * * * * * * * * * * * * * * * * * * * * * * * * * * * * * * * * * * * * //

dimensions      [0 3 -1 0 0 0 0];

internalField   nonuniform List<scalar> 
760
(
1.54312e-07
-1.54313e-07
-7.19932e-08
2.26305e-07
-8.43141e-07
7.71147e-07
-2.09068e-06
1.24754e-06
-3.48524e-06
1.39456e-06
-4.74549e-06
1.26025e-06
-5.81822e-06
1.07273e-06
-6.67229e-06
8.54073e-07
-7.30155e-06
6.29254e-07
-7.7115e-06
4.09951e-07
-7.91328e-06
2.01787e-07
-7.89543e-06
-1.7851e-08
-7.68151e-06
-2.13921e-07
-7.25834e-06
-4.23171e-07
-6.56435e-06
-6.93993e-07
-5.5761e-06
-9.8825e-07
-4.24112e-06
-1.33497e-06
-2.6193e-06
-1.62182e-06
-9.54923e-07
-1.66438e-06
-9.54923e-07
-3.66226e-07
2.11912e-07
-1.32641e-06
1.18649e-06
-2.66465e-06
2.10939e-06
-3.93289e-06
2.51578e-06
-4.99832e-06
2.45999e-06
-5.94729e-06
2.20921e-06
-6.73003e-06
1.85546e-06
-7.33933e-06
1.46338e-06
-7.78779e-06
1.07772e-06
-8.0785e-06
7.00657e-07
-8.19414e-06
3.17423e-07
-8.13765e-06
-7.43369e-08
-7.90166e-06
-4.4991e-07
-7.46652e-06
-8.58317e-07
-6.83163e-06
-1.32888e-06
-5.95354e-06
-1.86634e-06
-4.80324e-06
-2.48527e-06
-3.3244e-06
-3.10067e-06
-1.58947e-06
-3.39931e-06
-2.54439e-06
-9.85563e-07
1.19748e-06
-2.29183e-06
2.49275e-06
-3.45998e-06
3.27755e-06
-4.44027e-06
3.49607e-06
-5.26755e-06
3.28727e-06
-5.95171e-06
2.89337e-06
-6.49313e-06
2.39689e-06
-6.88695e-06
1.8572e-06
-7.14195e-06
1.33272e-06
-7.26231e-06
8.21013e-07
-7.26796e-06
3.23081e-07
-7.16894e-06
-1.73366e-07
-6.94418e-06
-6.74669e-07
-6.57596e-06
-1.22653e-06
-6.05369e-06
-1.85115e-06
-5.34984e-06
-2.57019e-06
-4.44316e-06
-3.39195e-06
-3.28032e-06
-4.26351e-06
-1.79633e-06
-4.8833e-06
-4.34072e-06
-1.23059e-06
2.42806e-06
-2.44333e-06
3.70549e-06
-3.43665e-06
4.27087e-06
-4.21307e-06
4.27249e-06
-4.82996e-06
3.90416e-06
-5.30302e-06
3.36643e-06
-5.64668e-06
2.74054e-06
-5.88643e-06
2.09696e-06
-6.03144e-06
1.47772e-06
-6.08989e-06
8.79466e-07
-6.06452e-06
2.97707e-07
-5.95482e-06
-2.83058e-07
-5.74861e-06
-8.80882e-07
-5.4443e-06
-1.53084e-06
-5.03118e-06
-2.26427e-06
-4.48819e-06
-3.11318e-06
-3.78922e-06
-4.09093e-06
-2.88839e-06
-5.16434e-06
-1.64783e-06
-6.12385e-06
-5.98855e-06
-1.17146e-06
3.59952e-06
-2.20898e-06
4.74302e-06
-3.0236e-06
5.08548e-06
-3.64165e-06
4.89054e-06
-4.10557e-06
4.36808e-06
-4.43974e-06
3.7006e-06
-4.67179e-06
2.97259e-06
-4.82649e-06
2.25165e-06
-4.91015e-06
1.56138e-06
-4.92794e-06
8.97257e-07
-4.88037e-06
2.50136e-07
-4.76682e-06
-3.96611e-07
-4.58363e-06
-1.06407e-06
-4.33217e-06
-1.7823e-06
-4.0095e-06
-2.58694e-06
-3.60255e-06
-3.52014e-06
-3.07662e-06
-4.61686e-06
-2.37086e-06
-5.87009e-06
-1.3858e-06
-7.10891e-06
-7.37435e-06
-9.67076e-07
4.5666e-06
-1.80736e-06
5.5833e-06
-2.45972e-06
5.73784e-06
-2.94398e-06
5.3748e-06
-3.29474e-06
4.71884e-06
-3.53938e-06
3.94525e-06
-3.70631e-06
3.13952e-06
-3.81291e-06
2.35825e-06
-3.86493e-06
1.6134e-06
-3.86558e-06
8.97911e-07
-3.81474e-06
1.99301e-07
-3.71126e-06
-5.00093e-07
-3.55428e-06
-1.22106e-06
-3.34668e-06
-1.98989e-06
-3.09232e-06
-2.84131e-06
-2.78978e-06
-3.82267e-06
-2.41939e-06
-4.98724e-06
-1.9149e-06
-6.37459e-06
-1.1305e-06
-7.89331e-06
-8.50485e-06
-7.34671e-07
5.30127e-06
-1.36567e-06
6.2143e-06
-1.86085e-06
6.23302e-06
-2.22498e-06
5.73893e-06
-2.48731e-06
4.98118e-06
-2.67067e-06
4.1286e-06
-2.79676e-06
3.26562e-06
-2.87723e-06
2.43872e-06
-2.91705e-06
1.65323e-06
-2.91811e-06
8.9897e-07
-2.8789e-06
1.60094e-07
-2.7971e-06
-5.81897e-07
-2.6716e-06
-1.34655e-06
-2.50587e-06
-2.15563e-06
-2.3078e-06
-3.03937e-06
-2.08308e-06
-4.0474e-06
-1.82158e-06
-5.24874e-06
-1.46954e-06
-6.72663e-06
-9.31491e-07
-8.43136e-06
-9.43634e-06
-4.83961e-07
5.78523e-06
-9.28423e-07
6.65876e-06
-1.27421e-06
6.57881e-06
-1.53057e-06
5.99528e-06
-1.71888e-06
5.16949e-06
-1.85443e-06
4.26415e-06
-1.95118e-06
3.36236e-06
-2.01607e-06
2.50361e-06
-2.05251e-06
1.68966e-06
-2.06103e-06
9.07487e-07
-2.03939e-06
1.38454e-07
-1.98481e-06
-6.36472e-07
-1.89601e-06
-1.43535e-06
-1.77614e-06
-2.2755e-06
-1.6349e-06
-3.18061e-06
-1.48356e-06
-4.19874e-06
-1.31829e-06
-5.41401e-06
-1.0935e-06
-6.95142e-06
-7.19791e-07
-8.80507e-06
-1.01561e-05
-2.62188e-07
6.04742e-06
-5.17917e-07
6.91449e-06
-7.16429e-07
6.77732e-06
-8.73465e-07
6.15232e-06
-9.94564e-07
5.29059e-06
-1.087e-06
4.35659e-06
-1.1576e-06
3.43296e-06
-1.20913e-06
2.55514e-06
-1.24307e-06
1.7236e-06
-1.2592e-06
9.23624e-07
-1.25572e-06
1.34971e-07
-1.23029e-06
-6.61897e-07
-1.18185e-06
-1.48379e-06
-1.11297e-06
-2.34438e-06
-1.03313e-06
-3.26045e-06
-9.56103e-07
-4.27577e-06
-8.8247e-07
-5.48764e-06
-7.78206e-07
-7.05569e-06
-5.67784e-07
-9.01549e-06
-1.07239e-05
-4.60192e-08
6.09344e-06
-1.29043e-07
6.99752e-06
-1.95936e-07
6.84421e-06
-2.54317e-07
6.2107e-06
-3.0631e-07
5.34258e-06
-3.53826e-07
4.4041e-06
-3.96349e-07
3.47549e-06
-4.32421e-07
2.59121e-06
-4.61556e-07
1.75274e-06
-4.83344e-07
9.45412e-07
-4.97063e-07
1.4869e-07
-5.01639e-07
-6.57321e-07
-4.96837e-07
-1.48859e-06
-4.84693e-07
-2.35652e-06
-4.73305e-07
-3.27183e-06
-4.76139e-07
-4.27294e-06
-4.99717e-07
-5.46406e-06
-5.04491e-07
-7.05091e-06
-4.19328e-07
-9.10066e-06
-1.11432e-05
1.72383e-07
5.92105e-06
2.5986e-07
6.91004e-06
3.25335e-07
6.77874e-06
3.52029e-07
6.18401e-06
3.64594e-07
5.33001e-06
3.63256e-07
4.40544e-06
3.52192e-07
3.48655e-06
3.35145e-07
2.60826e-06
3.13773e-07
1.77411e-06
2.8835e-07
9.70834e-07
2.58416e-07
1.78624e-07
2.23519e-07
-6.22424e-07
1.82828e-07
-1.4479e-06
1.34555e-07
-2.30825e-06
7.22332e-08
-3.20951e-06
-1.81791e-08
-4.18253e-06
-1.38453e-07
-5.34379e-06
-2.62806e-07
-6.92656e-06
-3.12143e-07
-9.05132e-06
-1.14554e-05
3.82704e-07
5.53835e-06
6.30864e-07
6.66188e-06
8.1963e-07
6.58997e-06
9.42301e-07
6.06134e-06
1.02614e-06
5.24617e-06
1.07789e-06
4.35369e-06
1.1045e-06
3.45994e-06
1.1114e-06
2.60136e-06
1.10121e-06
1.7843e-06
1.07409e-06
9.97946e-07
1.02838e-06
2.24334e-07
9.62055e-07
-5.56095e-07
8.72545e-07
-1.35839e-06
7.57749e-07
-2.19345e-06
6.13702e-07
-3.06547e-06
4.3255e-07
-4.00138e-06
1.98605e-07
-5.10984e-06
-6.73597e-08
-6.66059e-06
-1.68557e-07
-8.95012e-06
-1.16239e-05
5.82844e-07
4.95551e-06
9.9123e-07
6.25349e-06
1.29895e-06
6.28225e-06
1.52148e-06
5.83881e-06
1.68369e-06
5.08397e-06
1.79794e-06
4.23945e-06
1.87105e-06
3.38683e-06
1.90899e-06
2.56343e-06
1.91498e-06
1.77831e-06
1.88921e-06
1.02372e-06
1.82891e-06
2.84638e-07
1.73088e-06
-4.58068e-07
1.591e-06
-1.21852e-06
1.40621e-06
-2.00866e-06
1.17402e-06
-2.83327e-06
8.88862e-07
-3.71622e-06
5.38421e-07
-4.7594e-06
1.85237e-07
-6.30741e-06
-1.4092e-08
-8.75079e-06
-1.1638e-05
7.52198e-07
4.20331e-06
1.31045e-06
5.69525e-06
1.73532e-06
5.85738e-06
2.07528e-06
5.49885e-06
2.3325e-06
4.82675e-06
2.52369e-06
4.04825e-06
2.65602e-06
3.2545e-06
2.73529e-06
2.48416e-06
2.76508e-06
1.74852e-06
2.74557e-06
1.04323e-06
2.67298e-06
3.57225e-07
2.54274e-06
-3.27826e-07
2.35045e-06
-1.02623e-06
2.09132e-06
-1.74953e-06
1.76349e-06
-2.50544e-06
1.36905e-06
-3.32178e-06
9.07688e-07
-4.29804e-06
4.57348e-07
-5.85707e-06
1.53943e-07
-8.44739e-06
-1.14841e-05
8.94517e-07
3.30879e-06
1.57021e-06
5.01955e-06
2.11811e-06
5.30948e-06
2.58616e-06
5.03079e-06
2.95924e-06
4.45367e-06
3.24476e-06
3.76273e-06
3.45131e-06
3.04796e-06
3.58504e-06
2.35043e-06
3.64904e-06
1.68451e-06
3.64375e-06
1.04853e-06
3.56408e-06
4.36894e-07
3.40251e-06
-1.66255e-07
3.15759e-06
-7.81306e-07
2.82169e-06
-1.41363e-06
2.39254e-06
-2.0763e-06
1.88129e-06
-2.81053e-06
1.29484e-06
-3.7116e-06
7.18978e-07
-5.28121e-06
3.00723e-07
-8.02913e-06
-1.11834e-05
9.1073e-07
2.39806e-06
1.69495e-06
4.23533e-06
2.39017e-06
4.61427e-06
3.00904e-06
4.41192e-06
3.5249e-06
3.93781e-06
3.92995e-06
3.35768e-06
4.23112e-06
2.74679e-06
4.43627e-06
2.14528e-06
4.54781e-06
1.57297e-06
4.56699e-06
1.02935e-06
4.49063e-06
5.1325e-07
4.30362e-06
2.07561e-08
4.01161e-06
-4.89299e-07
3.60353e-06
-1.00555e-06
3.07497e-06
-1.54774e-06
2.4449e-06
-2.18045e-06
1.72213e-06
-2.98883e-06
1.00723e-06
-4.56631e-06
4.62747e-07
-7.48465e-06
-1.07206e-05
8.03983e-07
1.59408e-06
1.64684e-06
3.39247e-06
2.51813e-06
3.74298e-06
3.31383e-06
3.61622e-06
3.99049e-06
3.26114e-06
4.5374e-06
2.81077e-06
4.9544e-06
2.32979e-06
5.2481e-06
1.85158e-06
5.42106e-06
1.40001e-06
5.47516e-06
9.7525e-07
5.40725e-06
5.81157e-07
5.22625e-06
2.01756e-07
4.90344e-06
-1.66492e-07
4.45179e-06
-5.5389e-07
3.85176e-06
-9.4771e-07
3.13057e-06
-1.45927e-06
2.28712e-06
-2.14539e-06
1.42676e-06
-3.70594e-06
6.72027e-07
-6.72992e-06
-1.00486e-05
3.504e-07
1.24368e-06
1.3242e-06
2.41867e-06
2.37244e-06
2.69474e-06
3.36453e-06
2.62413e-06
4.22279e-06
2.40289e-06
4.93384e-06
2.09971e-06
5.49365e-06
1.76998e-06
5.90296e-06
1.44227e-06
6.16759e-06
1.13538e-06
6.29376e-06
8.49081e-07
6.28348e-06
5.91434e-07
6.14447e-06
3.40774e-07
5.87058e-06
1.07396e-07
5.45885e-06
-1.42165e-07
4.87726e-06
-3.66118e-07
4.16984e-06
-7.51846e-07
3.29359e-06
-1.26914e-06
2.32689e-06
-2.73925e-06
1.14708e-06
-5.5501e-06
-8.90152e-06
-5.72453e-07
1.81613e-06
5.56041e-07
1.29018e-06
1.95277e-06
1.29801e-06
3.22845e-06
1.34845e-06
4.32874e-06
1.3026e-06
5.25692e-06
1.17154e-06
6.01307e-06
1.01384e-06
6.59636e-06
8.58983e-07
7.01976e-06
7.11974e-07
7.2916e-06
5.77239e-07
7.42867e-06
4.54364e-07
7.43285e-06
3.36594e-07
7.31048e-06
2.29767e-07
7.05648e-06
1.11834e-07
6.67069e-06
1.96726e-08
6.15071e-06
-2.31863e-07
5.45182e-06
-5.70246e-07
4.48162e-06
-1.76906e-06
2.49566e-06
-3.56414e-06
-6.40586e-06
1.81613e-06
3.10631e-06
4.40432e-06
5.75277e-06
7.05536e-06
8.2269e-06
9.24074e-06
1.00997e-05
1.08117e-05
1.13889e-05
1.18433e-05
1.21799e-05
1.24097e-05
1.25215e-05
1.25412e-05
1.23093e-05
1.17391e-05
9.97e-06
6.40586e-06
)
;

boundaryField
{
    movingWall
    {
        type            calculated;
        value           uniform 0;
    }
    fixedWalls
    {
        type            calculated;
        value           uniform 0;
    }
    frontAndBack
    {
        type            empty;
    }
}


// ************************************************************************* //
