/*--------------------------------*- C++ -*----------------------------------*\
  =========                 |
  \\      /  F ield         | OpenFOAM: The Open Source CFD Toolbox
   \\    /   O peration     | Website:  https://openfoam.org
    \\  /    A nd           | Version:  13
     \\/     M anipulation  |
\*---------------------------------------------------------------------------*/
FoamFile
{
    format      ascii;
    class       volScalarField;
    location    "0.0065";
    object      T;
}
// * * * * * * * * * * * * * * * * * * * * * * * * * * * * * * * * * * * * * //

dimensions      [0 0 0 1 0 0 0];

internalField   nonuniform List<scalar> 
8000
(
1800.23
1798.71
1797.95
1797.15
1796.4
1795.66
1794.93
1794.21
1793.49
1792.77
1792.03
1791.29
1790.53
1789.75
1788.96
1788.14
1787.3
1786.45
1785.58
1784.69
1783.8
1782.9
1781.99
1781.08
1780.17
1779.27
1778.36
1777.46
1776.55
1775.65
1774.75
1773.85
1772.94
1772.02
1771.1
1770.18
1769.25
1768.32
1767.39
1766.45
1765.51
1764.55
1763.59
1762.6
1761.6
1760.58
1759.54
1758.47
1757.38
1756.27
1755.14
1754
1752.84
1751.67
1750.49
1749.3
1748.1
1746.9
1745.68
1744.46
1743.23
1741.99
1740.75
1739.48
1738.21
1736.92
1735.61
1734.28
1732.94
1731.57
1730.18
1728.77
1727.32
1725.85
1724.35
1722.82
1721.25
1719.65
1718
1716.31
1714.58
1712.81
1710.98
1709.1
1707.17
1705.18
1703.14
1701.03
1698.87
1696.63
1694.34
1691.97
1689.53
1687
1684.41
1681.71
1678.94
1676.05
1673.07
1669.95
1666.72
1663.34
1659.82
1656.1
1652.22
1648.1
1643.77
1639.13
1634.23
1628.94
1623.31
1617.14
1610.53
1603.16
1595.19
1586.11
1576.15
1564.52
1551.63
1536.17
1800.23
1798.71
1797.95
1797.15
1796.4
1795.66
1794.93
1794.21
1793.49
1792.76
1792.03
1791.28
1790.52
1789.74
1788.94
1788.13
1787.29
1786.44
1785.57
1784.69
1783.8
1782.9
1781.99
1781.09
1780.18
1779.27
1778.37
1777.47
1776.56
1775.66
1774.76
1773.85
1772.94
1772.03
1771.11
1770.19
1769.26
1768.33
1767.39
1766.45
1765.51
1764.55
1763.59
1762.6
1761.6
1760.58
1759.53
1758.47
1757.38
1756.27
1755.15
1754
1752.85
1751.68
1750.5
1749.31
1748.12
1746.91
1745.7
1744.48
1743.25
1742.01
1740.76
1739.5
1738.22
1736.93
1735.62
1734.29
1732.95
1731.58
1730.19
1728.77
1727.33
1725.85
1724.35
1722.82
1721.25
1719.64
1718
1716.31
1714.58
1712.8
1710.97
1709.1
1707.16
1705.18
1703.13
1701.03
1698.86
1696.63
1694.33
1691.96
1689.52
1687
1684.41
1681.72
1678.94
1676.05
1673.07
1669.96
1666.73
1663.35
1659.82
1656.11
1652.23
1648.11
1643.78
1639.15
1634.25
1628.96
1623.32
1617.16
1610.54
1603.18
1595.2
1586.12
1576.15
1564.5
1551.57
1536.05
1800.24
1798.72
1797.96
1797.16
1796.4
1795.66
1794.93
1794.21
1793.48
1792.76
1792.02
1791.27
1790.51
1789.73
1788.93
1788.11
1787.28
1786.43
1785.56
1784.68
1783.79
1782.9
1782
1781.09
1780.19
1779.28
1778.38
1777.48
1776.58
1775.67
1774.77
1773.87
1772.96
1772.04
1771.12
1770.2
1769.27
1768.34
1767.4
1766.46
1765.51
1764.56
1763.59
1762.6
1761.6
1760.58
1759.53
1758.47
1757.38
1756.28
1755.15
1754.02
1752.86
1751.7
1750.52
1749.33
1748.14
1746.93
1745.72
1744.5
1743.27
1742.03
1740.78
1739.52
1738.24
1736.95
1735.64
1734.31
1732.96
1731.59
1730.2
1728.78
1727.33
1725.86
1724.35
1722.82
1721.25
1719.64
1717.99
1716.3
1714.57
1712.79
1710.97
1709.09
1707.16
1705.17
1703.13
1701.02
1698.86
1696.63
1694.33
1691.96
1689.53
1687.01
1684.41
1681.72
1678.95
1676.06
1673.08
1669.97
1666.74
1663.36
1659.84
1656.13
1652.25
1648.13
1643.8
1639.17
1634.27
1628.98
1623.35
1617.19
1610.57
1603.21
1595.22
1586.13
1576.14
1564.46
1551.46
1535.84
1800.26
1798.72
1797.97
1797.16
1796.41
1795.66
1794.93
1794.21
1793.48
1792.75
1792.01
1791.26
1790.5
1789.71
1788.91
1788.1
1787.26
1786.41
1785.55
1784.67
1783.79
1782.9
1782
1781.1
1780.2
1779.3
1778.39
1777.49
1776.59
1775.69
1774.79
1773.88
1772.97
1772.05
1771.14
1770.21
1769.28
1768.35
1767.41
1766.47
1765.52
1764.56
1763.59
1762.6
1761.6
1760.58
1759.53
1758.47
1757.39
1756.29
1755.17
1754.03
1752.88
1751.72
1750.54
1749.36
1748.17
1746.96
1745.75
1744.53
1743.3
1742.06
1740.81
1739.55
1738.27
1736.97
1735.66
1734.33
1732.98
1731.61
1730.21
1728.79
1727.34
1725.86
1724.36
1722.82
1721.24
1719.63
1717.98
1716.29
1714.56
1712.78
1710.95
1709.08
1707.15
1705.16
1703.12
1701.01
1698.85
1696.62
1694.33
1691.96
1689.53
1687.01
1684.41
1681.73
1678.96
1676.08
1673.09
1669.99
1666.76
1663.38
1659.86
1656.15
1652.27
1648.16
1643.83
1639.2
1634.31
1629.02
1623.39
1617.23
1610.61
1603.25
1595.25
1586.16
1576.13
1564.4
1551.31
1535.55
1800.29
1798.72
1797.98
1797.17
1796.42
1795.67
1794.94
1794.2
1793.47
1792.74
1792
1791.25
1790.48
1789.69
1788.89
1788.08
1787.24
1786.4
1785.54
1784.67
1783.79
1782.9
1782.01
1781.11
1780.21
1779.31
1778.41
1777.5
1776.6
1775.7
1774.8
1773.89
1772.98
1772.07
1771.15
1770.23
1769.3
1768.37
1767.43
1766.48
1765.53
1764.56
1763.59
1762.6
1761.6
1760.58
1759.53
1758.47
1757.39
1756.3
1755.18
1754.05
1752.9
1751.75
1750.58
1749.39
1748.2
1747
1745.79
1744.57
1743.34
1742.1
1740.85
1739.59
1738.3
1737.01
1735.69
1734.36
1733
1731.63
1730.23
1728.8
1727.35
1725.87
1724.36
1722.82
1721.24
1719.63
1717.98
1716.28
1714.55
1712.77
1710.94
1709.06
1707.13
1705.15
1703.11
1701
1698.84
1696.62
1694.32
1691.96
1689.53
1687.01
1684.42
1681.74
1678.97
1676.09
1673.11
1670.01
1666.78
1663.41
1659.89
1656.18
1652.3
1648.19
1643.87
1639.24
1634.35
1629.07
1623.43
1617.28
1610.66
1603.3
1595.29
1586.19
1576.12
1564.34
1551.12
1535.18
1800.32
1798.73
1797.99
1797.18
1796.43
1795.68
1794.94
1794.2
1793.47
1792.73
1791.99
1791.23
1790.46
1789.67
1788.87
1788.06
1787.23
1786.38
1785.53
1784.66
1783.79
1782.9
1782.01
1781.11
1780.22
1779.31
1778.41
1777.51
1776.61
1775.71
1774.81
1773.91
1773
1772.09
1771.17
1770.25
1769.32
1768.38
1767.44
1766.49
1765.54
1764.57
1763.59
1762.6
1761.6
1760.58
1759.54
1758.48
1757.4
1756.31
1755.2
1754.07
1752.93
1751.78
1750.61
1749.43
1748.25
1747.05
1745.84
1744.62
1743.39
1742.15
1740.9
1739.63
1738.35
1737.04
1735.73
1734.39
1733.03
1731.65
1730.24
1728.81
1727.36
1725.87
1724.36
1722.81
1721.23
1719.62
1717.97
1716.27
1714.54
1712.75
1710.92
1709.05
1707.12
1705.13
1703.09
1700.99
1698.83
1696.61
1694.32
1691.96
1689.53
1687.02
1684.43
1681.75
1678.98
1676.11
1673.13
1670.03
1666.81
1663.44
1659.92
1656.22
1652.34
1648.24
1643.91
1639.29
1634.4
1629.12
1623.49
1617.34
1610.71
1603.37
1595.33
1586.23
1576.1
1564.26
1550.89
1534.74
1800.35
1798.74
1798.01
1797.19
1796.44
1795.68
1794.94
1794.21
1793.47
1792.72
1791.97
1791.21
1790.44
1789.65
1788.85
1788.04
1787.21
1786.37
1785.52
1784.66
1783.79
1782.9
1782.01
1781.12
1780.22
1779.32
1778.42
1777.52
1776.62
1775.72
1774.82
1773.92
1773.02
1772.11
1771.19
1770.27
1769.34
1768.41
1767.46
1766.51
1765.55
1764.58
1763.6
1762.61
1761.6
1760.58
1759.54
1758.49
1757.41
1756.32
1755.22
1754.1
1752.96
1751.81
1750.65
1749.48
1748.29
1747.1
1745.89
1744.67
1743.44
1742.2
1740.95
1739.68
1738.39
1737.09
1735.77
1734.42
1733.06
1731.68
1730.27
1728.83
1727.37
1725.88
1724.36
1722.81
1721.23
1719.61
1717.96
1716.26
1714.52
1712.74
1710.91
1709.03
1707.1
1705.12
1703.08
1700.98
1698.82
1696.6
1694.32
1691.96
1689.53
1687.02
1684.44
1681.76
1679
1676.13
1673.16
1670.06
1666.84
1663.47
1659.96
1656.26
1652.39
1648.28
1643.96
1639.35
1634.45
1629.19
1623.55
1617.41
1610.78
1603.44
1595.39
1586.27
1576.1
1564.18
1550.64
1534.23
1800.38
1798.74
1798.02
1797.21
1796.45
1795.69
1794.95
1794.21
1793.46
1792.72
1791.96
1791.2
1790.43
1789.64
1788.84
1788.03
1787.2
1786.37
1785.52
1784.66
1783.78
1782.9
1782.01
1781.12
1780.22
1779.32
1778.42
1777.52
1776.62
1775.73
1774.83
1773.93
1773.03
1772.13
1771.22
1770.3
1769.37
1768.43
1767.49
1766.53
1765.57
1764.6
1763.61
1762.62
1761.61
1760.59
1759.55
1758.5
1757.43
1756.34
1755.24
1754.13
1753
1751.85
1750.69
1749.52
1748.34
1747.15
1745.95
1744.73
1743.5
1742.26
1741
1739.73
1738.44
1737.13
1735.81
1734.46
1733.09
1731.7
1730.29
1728.85
1727.39
1725.89
1724.37
1722.82
1721.23
1719.61
1717.95
1716.25
1714.51
1712.72
1710.89
1709.01
1707.08
1705.1
1703.06
1700.97
1698.81
1696.6
1694.31
1691.96
1689.54
1687.03
1684.45
1681.78
1679.02
1676.15
1673.18
1670.09
1666.88
1663.51
1660
1656.31
1652.44
1648.34
1644.02
1639.41
1634.52
1629.26
1623.62
1617.49
1610.85
1603.52
1595.45
1586.32
1576.09
1564.09
1550.37
1533.67
1800.41
1798.75
1798.04
1797.22
1796.46
1795.71
1794.96
1794.21
1793.46
1792.71
1791.96
1791.19
1790.41
1789.63
1788.83
1788.02
1787.2
1786.37
1785.52
1784.66
1783.78
1782.9
1782.01
1781.11
1780.21
1779.31
1778.41
1777.52
1776.62
1775.73
1774.84
1773.95
1773.05
1772.15
1771.24
1770.32
1769.4
1768.46
1767.51
1766.56
1765.59
1764.61
1763.63
1762.63
1761.62
1760.59
1759.56
1758.51
1757.44
1756.36
1755.27
1754.16
1753.03
1751.89
1750.74
1749.57
1748.4
1747.21
1746
1744.79
1743.56
1742.32
1741.06
1739.78
1738.49
1737.18
1735.85
1734.5
1733.13
1731.74
1730.32
1728.87
1727.4
1725.9
1724.38
1722.82
1721.23
1719.6
1717.94
1716.24
1714.49
1712.71
1710.88
1709
1707.07
1705.09
1703.05
1700.96
1698.81
1696.59
1694.31
1691.96
1689.54
1687.04
1684.47
1681.8
1679.04
1676.18
1673.21
1670.13
1666.91
1663.55
1660.05
1656.36
1652.49
1648.4
1644.08
1639.48
1634.59
1629.33
1623.7
1617.58
1610.93
1603.6
1595.52
1586.38
1576.09
1564.01
1550.08
1533.05
1800.45
1798.76
1798.05
1797.24
1796.48
1795.72
1794.97
1794.22
1793.47
1792.71
1791.95
1791.18
1790.41
1789.62
1788.83
1788.02
1787.2
1786.37
1785.52
1784.65
1783.78
1782.89
1782
1781.1
1780.2
1779.3
1778.4
1777.51
1776.62
1775.74
1774.85
1773.96
1773.07
1772.17
1771.27
1770.35
1769.43
1768.49
1767.54
1766.58
1765.61
1764.63
1763.64
1762.64
1761.63
1760.61
1759.57
1758.52
1757.46
1756.38
1755.29
1754.19
1753.07
1751.93
1750.79
1749.62
1748.45
1747.26
1746.06
1744.85
1743.62
1742.38
1741.12
1739.84
1738.55
1737.23
1735.9
1734.55
1733.17
1731.77
1730.35
1728.9
1727.42
1725.92
1724.39
1722.82
1721.23
1719.6
1717.93
1716.23
1714.48
1712.7
1710.86
1708.98
1707.06
1705.07
1703.04
1700.95
1698.8
1696.59
1694.31
1691.97
1689.55
1687.06
1684.48
1681.82
1679.07
1676.21
1673.25
1670.16
1666.95
1663.6
1660.1
1656.41
1652.55
1648.46
1644.14
1639.55
1634.66
1629.41
1623.78
1617.67
1611.02
1603.7
1595.59
1586.45
1576.09
1563.93
1549.78
1532.4
1800.49
1798.76
1798.07
1797.25
1796.5
1795.74
1794.98
1794.23
1793.47
1792.71
1791.95
1791.18
1790.4
1789.62
1788.83
1788.02
1787.2
1786.37
1785.51
1784.65
1783.77
1782.88
1781.99
1781.09
1780.19
1779.29
1778.39
1777.51
1776.62
1775.74
1774.86
1773.98
1773.09
1772.2
1771.3
1770.39
1769.46
1768.52
1767.57
1766.61
1765.64
1764.66
1763.66
1762.66
1761.64
1760.62
1759.58
1758.54
1757.48
1756.4
1755.32
1754.22
1753.1
1751.97
1750.83
1749.68
1748.51
1747.32
1746.12
1744.91
1743.68
1742.44
1741.18
1739.9
1738.6
1737.29
1735.95
1734.59
1733.21
1731.8
1730.38
1728.92
1727.44
1725.93
1724.4
1722.83
1721.23
1719.6
1717.93
1716.22
1714.47
1712.68
1710.85
1708.97
1707.04
1705.06
1703.03
1700.94
1698.8
1696.59
1694.31
1691.97
1689.56
1687.07
1684.5
1681.84
1679.09
1676.24
1673.28
1670.2
1667
1663.65
1660.15
1656.47
1652.61
1648.53
1644.21
1639.62
1634.74
1629.5
1623.87
1617.76
1611.11
1603.8
1595.68
1586.53
1576.11
1563.85
1549.48
1531.7
1800.52
1798.77
1798.08
1797.27
1796.51
1795.75
1794.99
1794.24
1793.48
1792.71
1791.95
1791.18
1790.41
1789.62
1788.83
1788.02
1787.2
1786.37
1785.51
1784.64
1783.76
1782.87
1781.97
1781.07
1780.17
1779.28
1778.39
1777.51
1776.63
1775.75
1774.88
1774
1773.12
1772.23
1771.33
1770.42
1769.5
1768.56
1767.61
1766.64
1765.67
1764.68
1763.68
1762.68
1761.66
1760.63
1759.6
1758.55
1757.5
1756.43
1755.34
1754.25
1753.14
1752.02
1750.88
1749.73
1748.56
1747.38
1746.18
1744.97
1743.74
1742.5
1741.24
1739.96
1738.66
1737.34
1736
1734.63
1733.25
1731.84
1730.41
1728.95
1727.46
1725.95
1724.41
1722.84
1721.23
1719.6
1717.93
1716.21
1714.47
1712.67
1710.84
1708.96
1707.03
1705.05
1703.02
1700.94
1698.79
1696.59
1694.32
1691.98
1689.57
1687.09
1684.52
1681.87
1679.12
1676.28
1673.32
1670.25
1667.05
1663.7
1660.2
1656.53
1652.67
1648.59
1644.28
1639.7
1634.82
1629.59
1623.96
1617.86
1611.21
1603.9
1595.77
1586.61
1576.13
1563.78
1549.17
1530.98
1800.56
1798.78
1798.1
1797.28
1796.53
1795.77
1795.01
1794.25
1793.49
1792.72
1791.95
1791.18
1790.41
1789.63
1788.83
1788.03
1787.2
1786.36
1785.5
1784.63
1783.75
1782.85
1781.95
1781.06
1780.16
1779.27
1778.39
1777.51
1776.64
1775.77
1774.9
1774.03
1773.15
1772.27
1771.37
1770.46
1769.53
1768.6
1767.64
1766.68
1765.7
1764.71
1763.71
1762.7
1761.68
1760.65
1759.61
1758.57
1757.51
1756.45
1755.37
1754.28
1753.17
1752.06
1750.92
1749.78
1748.61
1747.44
1746.24
1745.03
1743.81
1742.56
1741.3
1740.02
1738.71
1737.39
1736.05
1734.68
1733.29
1731.88
1730.44
1728.98
1727.49
1725.97
1724.42
1722.85
1721.24
1719.6
1717.92
1716.21
1714.46
1712.67
1710.83
1708.95
1707.02
1705.05
1703.02
1700.93
1698.79
1696.59
1694.32
1691.99
1689.59
1687.1
1684.54
1681.89
1679.15
1676.31
1673.36
1670.29
1667.09
1663.75
1660.26
1656.59
1652.73
1648.67
1644.36
1639.78
1634.9
1629.68
1624.05
1617.97
1611.31
1604.01
1595.87
1586.7
1576.16
1563.72
1548.86
1530.23
1800.6
1798.78
1798.12
1797.3
1796.55
1795.79
1795.03
1794.26
1793.5
1792.73
1791.96
1791.19
1790.41
1789.63
1788.84
1788.03
1787.2
1786.36
1785.49
1784.62
1783.73
1782.83
1781.94
1781.04
1780.15
1779.27
1778.39
1777.52
1776.66
1775.79
1774.93
1774.06
1773.19
1772.3
1771.41
1770.5
1769.57
1768.63
1767.68
1766.71
1765.72
1764.73
1763.73
1762.71
1761.69
1760.67
1759.63
1758.59
1757.53
1756.47
1755.39
1754.31
1753.21
1752.1
1750.97
1749.83
1748.67
1747.49
1746.3
1745.1
1743.87
1742.62
1741.36
1740.08
1738.77
1737.45
1736.1
1734.73
1733.33
1731.92
1730.47
1729.01
1727.51
1725.99
1724.44
1722.86
1721.25
1719.61
1717.93
1716.21
1714.46
1712.66
1710.83
1708.95
1707.02
1705.04
1703.01
1700.93
1698.79
1696.59
1694.33
1692
1689.6
1687.12
1684.57
1681.92
1679.19
1676.35
1673.4
1670.34
1667.14
1663.81
1660.32
1656.66
1652.8
1648.74
1644.44
1639.87
1634.99
1629.78
1624.15
1618.07
1611.42
1604.13
1595.97
1586.8
1576.2
1563.67
1548.55
1529.46
1800.63
1798.79
1798.13
1797.32
1796.58
1795.81
1795.05
1794.28
1793.51
1792.74
1791.97
1791.2
1790.42
1789.64
1788.84
1788.03
1787.2
1786.35
1785.48
1784.6
1783.71
1782.82
1781.92
1781.03
1780.15
1779.28
1778.41
1777.54
1776.68
1775.82
1774.96
1774.1
1773.22
1772.34
1771.45
1770.54
1769.61
1768.67
1767.71
1766.74
1765.75
1764.76
1763.75
1762.73
1761.71
1760.68
1759.65
1758.6
1757.55
1756.49
1755.42
1754.34
1753.24
1752.13
1751.01
1749.87
1748.72
1747.55
1746.36
1745.16
1743.93
1742.68
1741.42
1740.13
1738.83
1737.5
1736.15
1734.77
1733.38
1731.95
1730.51
1729.04
1727.54
1726.01
1724.46
1722.88
1721.26
1719.61
1717.93
1716.21
1714.46
1712.66
1710.82
1708.94
1707.01
1705.04
1703.01
1700.93
1698.8
1696.6
1694.34
1692.02
1689.62
1687.15
1684.59
1681.95
1679.22
1676.39
1673.45
1670.39
1667.2
1663.87
1660.38
1656.72
1652.87
1648.82
1644.51
1639.95
1635.08
1629.87
1624.25
1618.18
1611.53
1604.24
1596.08
1586.9
1576.25
1563.63
1548.25
1528.68
1800.67
1798.79
1798.15
1797.34
1796.6
1795.83
1795.07
1794.3
1793.53
1792.75
1791.98
1791.21
1790.43
1789.64
1788.84
1788.02
1787.19
1786.33
1785.46
1784.58
1783.69
1782.8
1781.91
1781.03
1780.16
1779.29
1778.42
1777.57
1776.71
1775.86
1775
1774.14
1773.26
1772.38
1771.49
1770.57
1769.65
1768.7
1767.74
1766.77
1765.78
1764.78
1763.77
1762.75
1761.73
1760.7
1759.66
1758.62
1757.57
1756.51
1755.44
1754.37
1753.28
1752.17
1751.06
1749.92
1748.77
1747.6
1746.42
1745.21
1743.99
1742.74
1741.48
1740.19
1738.88
1737.55
1736.2
1734.82
1733.42
1731.99
1730.54
1729.07
1727.57
1726.04
1724.48
1722.89
1721.27
1719.62
1717.94
1716.22
1714.46
1712.66
1710.82
1708.94
1707.01
1705.04
1703.01
1700.94
1698.8
1696.61
1694.35
1692.03
1689.64
1687.17
1684.62
1681.99
1679.26
1676.43
1673.49
1670.44
1667.25
1663.93
1660.44
1656.79
1652.94
1648.89
1644.59
1640.04
1635.17
1629.97
1624.35
1618.29
1611.65
1604.37
1596.2
1587.01
1576.31
1563.61
1547.97
1527.88
1800.7
1798.8
1798.17
1797.36
1796.62
1795.86
1795.09
1794.32
1793.54
1792.77
1791.99
1791.21
1790.43
1789.64
1788.83
1788.01
1787.17
1786.31
1785.44
1784.56
1783.67
1782.79
1781.9
1781.03
1780.16
1779.3
1778.45
1777.6
1776.75
1775.9
1775.04
1774.18
1773.31
1772.42
1771.52
1770.61
1769.68
1768.73
1767.77
1766.79
1765.8
1764.8
1763.79
1762.77
1761.74
1760.71
1759.68
1758.63
1757.59
1756.53
1755.47
1754.39
1753.31
1752.21
1751.1
1749.97
1748.82
1747.66
1746.47
1745.27
1744.05
1742.8
1741.54
1740.25
1738.94
1737.6
1736.25
1734.86
1733.46
1732.03
1730.58
1729.1
1727.59
1726.06
1724.5
1722.91
1721.29
1719.63
1717.95
1716.22
1714.46
1712.67
1710.83
1708.94
1707.02
1705.04
1703.02
1700.94
1698.81
1696.62
1694.37
1692.05
1689.66
1687.2
1684.65
1682.02
1679.3
1676.47
1673.54
1670.49
1667.31
1663.99
1660.5
1656.86
1653.02
1648.97
1644.68
1640.13
1635.26
1630.07
1624.46
1618.41
1611.76
1604.49
1596.32
1587.13
1576.38
1563.6
1547.69
1527.08
1800.73
1798.8
1798.19
1797.38
1796.65
1795.88
1795.11
1794.34
1793.56
1792.78
1792
1791.22
1790.44
1789.64
1788.83
1788
1787.15
1786.29
1785.42
1784.54
1783.66
1782.77
1781.9
1781.03
1780.17
1779.32
1778.48
1777.63
1776.79
1775.94
1775.09
1774.23
1773.35
1772.46
1771.56
1770.65
1769.71
1768.76
1767.8
1766.82
1765.82
1764.82
1763.8
1762.78
1761.76
1760.73
1759.69
1758.65
1757.6
1756.55
1755.49
1754.42
1753.34
1752.25
1751.14
1750.01
1748.87
1747.71
1746.53
1745.33
1744.1
1742.86
1741.59
1740.3
1738.99
1737.65
1736.29
1734.91
1733.5
1732.07
1730.61
1729.13
1727.62
1726.09
1724.52
1722.93
1721.3
1719.65
1717.96
1716.23
1714.47
1712.67
1710.83
1708.95
1707.02
1705.05
1703.03
1700.95
1698.82
1696.63
1694.38
1692.07
1689.68
1687.22
1684.68
1682.06
1679.34
1676.52
1673.59
1670.54
1667.36
1664.05
1660.57
1656.93
1653.09
1649.05
1644.76
1640.22
1635.36
1630.17
1624.57
1618.52
1611.88
1604.62
1596.44
1587.25
1576.46
1563.6
1547.43
1526.27
1800.76
1798.81
1798.21
1797.4
1796.67
1795.91
1795.14
1794.36
1793.58
1792.8
1792.02
1791.23
1790.44
1789.63
1788.82
1787.98
1787.13
1786.27
1785.4
1784.52
1783.64
1782.77
1781.9
1781.04
1780.19
1779.35
1778.51
1777.68
1776.84
1775.99
1775.14
1774.27
1773.39
1772.5
1771.6
1770.68
1769.74
1768.79
1767.82
1766.83
1765.84
1764.83
1763.82
1762.8
1761.77
1760.74
1759.7
1758.67
1757.62
1756.57
1755.52
1754.45
1753.37
1752.28
1751.18
1750.06
1748.92
1747.76
1746.58
1745.38
1744.16
1742.91
1741.65
1740.35
1739.04
1737.7
1736.34
1734.95
1733.55
1732.11
1730.65
1729.17
1727.65
1726.11
1724.55
1722.95
1721.32
1719.66
1717.97
1716.24
1714.48
1712.68
1710.84
1708.96
1707.03
1705.06
1703.04
1700.96
1698.84
1696.65
1694.4
1692.09
1689.71
1687.25
1684.72
1682.09
1679.38
1676.56
1673.63
1670.59
1667.42
1664.11
1660.63
1657
1653.16
1649.13
1644.84
1640.31
1635.45
1630.28
1624.67
1618.64
1612
1604.75
1596.57
1587.38
1576.55
1563.62
1547.19
1525.47
1800.79
1798.81
1798.23
1797.43
1796.7
1795.93
1795.16
1794.38
1793.6
1792.82
1792.03
1791.23
1790.44
1789.63
1788.81
1787.97
1787.12
1786.25
1785.38
1784.5
1783.63
1782.77
1781.91
1781.06
1780.22
1779.39
1778.56
1777.73
1776.89
1776.04
1775.19
1774.32
1773.44
1772.54
1771.63
1770.71
1769.76
1768.81
1767.84
1766.85
1765.86
1764.85
1763.83
1762.81
1761.78
1760.75
1759.72
1758.68
1757.64
1756.59
1755.54
1754.48
1753.4
1752.32
1751.22
1750.1
1748.96
1747.81
1746.63
1745.43
1744.21
1742.97
1741.7
1740.41
1739.09
1737.75
1736.39
1735
1733.59
1732.15
1730.69
1729.2
1727.68
1726.14
1724.57
1722.97
1721.34
1719.68
1717.99
1716.26
1714.49
1712.69
1710.85
1708.97
1707.04
1705.07
1703.05
1700.98
1698.85
1696.67
1694.42
1692.12
1689.74
1687.28
1684.75
1682.13
1679.42
1676.61
1673.68
1670.65
1667.47
1664.17
1660.7
1657.07
1653.24
1649.21
1644.93
1640.4
1635.55
1630.38
1624.78
1618.75
1612.13
1604.88
1596.7
1587.51
1576.66
1563.65
1546.96
1524.67
1800.82
1798.81
1798.25
1797.45
1796.72
1795.96
1795.19
1794.41
1793.62
1792.83
1792.04
1791.24
1790.44
1789.62
1788.79
1787.95
1787.1
1786.23
1785.36
1784.49
1783.63
1782.77
1781.92
1781.08
1780.25
1779.43
1778.61
1777.78
1776.94
1776.1
1775.24
1774.37
1773.48
1772.58
1771.66
1770.73
1769.79
1768.83
1767.85
1766.87
1765.87
1764.86
1763.85
1762.82
1761.8
1760.77
1759.73
1758.7
1757.66
1756.61
1755.56
1754.5
1753.44
1752.35
1751.26
1750.14
1749.01
1747.86
1746.68
1745.48
1744.26
1743.02
1741.75
1740.46
1739.14
1737.8
1736.43
1735.04
1733.63
1732.19
1730.72
1729.23
1727.72
1726.17
1724.6
1723
1721.36
1719.7
1718
1716.27
1714.51
1712.7
1710.86
1708.98
1707.05
1705.08
1703.06
1700.99
1698.87
1696.69
1694.45
1692.14
1689.77
1687.32
1684.79
1682.17
1679.46
1676.65
1673.73
1670.7
1667.53
1664.23
1660.77
1657.14
1653.31
1649.29
1645.01
1640.49
1635.64
1630.48
1624.89
1618.87
1612.25
1605.01
1596.84
1587.64
1576.77
1563.7
1546.76
1523.88
1800.85
1798.82
1798.27
1797.47
1796.75
1795.99
1795.21
1794.43
1793.64
1792.85
1792.05
1791.24
1790.43
1789.61
1788.78
1787.94
1787.08
1786.22
1785.35
1784.48
1783.62
1782.77
1781.94
1781.11
1780.29
1779.48
1778.66
1777.84
1777
1776.15
1775.29
1774.41
1773.52
1772.61
1771.69
1770.75
1769.81
1768.84
1767.87
1766.88
1765.88
1764.88
1763.86
1762.84
1761.81
1760.78
1759.75
1758.72
1757.68
1756.64
1755.59
1754.53
1753.47
1752.39
1751.29
1750.18
1749.05
1747.9
1746.73
1745.53
1744.31
1743.07
1741.8
1740.51
1739.19
1737.84
1736.48
1735.09
1733.67
1732.23
1730.76
1729.27
1727.75
1726.2
1724.63
1723.02
1721.39
1719.72
1718.02
1716.29
1714.52
1712.72
1710.88
1708.99
1707.07
1705.1
1703.08
1701.01
1698.89
1696.71
1694.47
1692.17
1689.8
1687.35
1684.82
1682.21
1679.5
1676.7
1673.79
1670.76
1667.59
1664.29
1660.83
1657.21
1653.39
1649.37
1645.09
1640.58
1635.74
1630.58
1625
1618.99
1612.37
1605.14
1596.98
1587.79
1576.89
1563.77
1546.58
1523.11
1800.87
1798.82
1798.29
1797.49
1796.77
1796.01
1795.24
1794.45
1793.66
1792.86
1792.06
1791.25
1790.43
1789.61
1788.77
1787.92
1787.07
1786.2
1785.34
1784.48
1783.63
1782.79
1781.96
1781.14
1780.33
1779.53
1778.71
1777.89
1777.06
1776.2
1775.34
1774.45
1773.55
1772.64
1771.71
1770.77
1769.82
1768.86
1767.88
1766.89
1765.9
1764.89
1763.87
1762.85
1761.83
1760.8
1759.77
1758.73
1757.7
1756.66
1755.61
1754.56
1753.5
1752.42
1751.33
1750.22
1749.1
1747.95
1746.78
1745.58
1744.36
1743.12
1741.85
1740.55
1739.23
1737.89
1736.52
1735.13
1733.71
1732.26
1730.8
1729.3
1727.78
1726.23
1724.65
1723.05
1721.41
1719.74
1718.04
1716.31
1714.54
1712.74
1710.89
1709.01
1707.08
1705.11
1703.1
1701.03
1698.91
1696.73
1694.5
1692.2
1689.83
1687.38
1684.86
1682.25
1679.55
1676.75
1673.84
1670.81
1667.65
1664.36
1660.9
1657.28
1653.46
1649.45
1645.18
1640.67
1635.83
1630.69
1625.11
1619.1
1612.5
1605.27
1597.12
1587.93
1577.02
1563.85
1546.42
1522.35
1800.9
1798.82
1798.31
1797.52
1796.8
1796.04
1795.26
1794.48
1793.68
1792.88
1792.07
1791.25
1790.43
1789.6
1788.76
1787.91
1787.06
1786.19
1785.33
1784.48
1783.63
1782.8
1781.99
1781.18
1780.38
1779.58
1778.77
1777.95
1777.11
1776.25
1775.38
1774.49
1773.59
1772.67
1771.74
1770.79
1769.84
1768.87
1767.9
1766.91
1765.91
1764.9
1763.89
1762.87
1761.84
1760.81
1759.78
1758.75
1757.72
1756.68
1755.64
1754.59
1753.53
1752.46
1751.37
1750.26
1749.14
1747.99
1746.82
1745.63
1744.41
1743.16
1741.89
1740.6
1739.28
1737.93
1736.56
1735.17
1733.75
1732.3
1730.83
1729.33
1727.81
1726.26
1724.68
1723.07
1721.43
1719.77
1718.06
1716.33
1714.56
1712.75
1710.91
1709.03
1707.1
1705.13
1703.12
1701.05
1698.93
1696.76
1694.52
1692.23
1689.86
1687.42
1684.9
1682.3
1679.59
1676.8
1673.89
1670.87
1667.71
1664.42
1660.96
1657.35
1653.53
1649.53
1645.26
1640.76
1635.93
1630.79
1625.21
1619.22
1612.62
1605.41
1597.26
1588.08
1577.16
1563.94
1546.29
1521.61
1800.92
1798.83
1798.32
1797.54
1796.82
1796.06
1795.29
1794.5
1793.7
1792.89
1792.08
1791.26
1790.43
1789.6
1788.76
1787.91
1787.05
1786.19
1785.33
1784.48
1783.65
1782.83
1782.02
1781.22
1780.42
1779.62
1778.82
1778
1777.16
1776.3
1775.42
1774.53
1773.62
1772.69
1771.76
1770.81
1769.85
1768.89
1767.91
1766.92
1765.92
1764.91
1763.9
1762.88
1761.86
1760.83
1759.8
1758.77
1757.74
1756.7
1755.66
1754.62
1753.56
1752.49
1751.4
1750.3
1749.18
1748.03
1746.86
1745.67
1744.45
1743.21
1741.94
1740.64
1739.32
1737.97
1736.6
1735.21
1733.78
1732.34
1730.86
1729.37
1727.84
1726.29
1724.71
1723.1
1721.46
1719.79
1718.09
1716.35
1714.58
1712.77
1710.93
1709.05
1707.12
1705.15
1703.14
1701.07
1698.96
1696.79
1694.55
1692.26
1689.89
1687.46
1684.94
1682.34
1679.64
1676.85
1673.94
1670.92
1667.77
1664.48
1661.03
1657.42
1653.61
1649.6
1645.34
1640.85
1636.02
1630.89
1625.32
1619.33
1612.74
1605.54
1597.4
1588.22
1577.3
1564.05
1546.18
1520.89
1800.94
1798.83
1798.34
1797.56
1796.85
1796.09
1795.31
1794.52
1793.72
1792.91
1792.09
1791.27
1790.44
1789.6
1788.75
1787.9
1787.05
1786.19
1785.34
1784.49
1783.66
1782.85
1782.04
1781.25
1780.46
1779.67
1778.86
1778.04
1777.2
1776.34
1775.46
1774.56
1773.64
1772.72
1771.78
1770.83
1769.87
1768.9
1767.92
1766.93
1765.94
1764.93
1763.92
1762.9
1761.88
1760.85
1759.82
1758.79
1757.76
1756.73
1755.69
1754.64
1753.59
1752.52
1751.44
1750.34
1749.22
1748.07
1746.91
1745.71
1744.49
1743.25
1741.98
1740.68
1739.36
1738.01
1736.64
1735.24
1733.82
1732.37
1730.9
1729.4
1727.87
1726.32
1724.74
1723.13
1721.48
1719.81
1718.11
1716.37
1714.6
1712.8
1710.95
1709.07
1707.14
1705.18
1703.16
1701.1
1698.98
1696.81
1694.58
1692.29
1689.93
1687.5
1684.98
1682.38
1679.69
1676.9
1673.99
1670.98
1667.83
1664.54
1661.09
1657.49
1653.68
1649.68
1645.43
1640.93
1636.11
1630.98
1625.42
1619.45
1612.86
1605.67
1597.54
1588.37
1577.45
1564.16
1546.1
1520.19
1800.96
1798.83
1798.36
1797.58
1796.87
1796.11
1795.34
1794.55
1793.74
1792.92
1792.1
1791.27
1790.44
1789.6
1788.75
1787.9
1787.05
1786.19
1785.34
1784.51
1783.68
1782.87
1782.07
1781.28
1780.5
1779.7
1778.9
1778.08
1777.24
1776.38
1775.49
1774.59
1773.67
1772.73
1771.79
1770.84
1769.88
1768.91
1767.93
1766.95
1765.95
1764.95
1763.93
1762.92
1761.89
1760.87
1759.84
1758.81
1757.78
1756.75
1755.72
1754.67
1753.62
1752.55
1751.47
1750.37
1749.25
1748.11
1746.94
1745.75
1744.53
1743.29
1742.02
1740.72
1739.4
1738.05
1736.68
1735.28
1733.86
1732.41
1730.93
1729.43
1727.9
1726.35
1724.76
1723.15
1721.51
1719.84
1718.14
1716.4
1714.63
1712.82
1710.98
1709.09
1707.17
1705.2
1703.19
1701.13
1699.01
1696.85
1694.62
1692.33
1689.97
1687.54
1685.02
1682.43
1679.73
1676.95
1674.05
1671.03
1667.88
1664.6
1661.16
1657.56
1653.75
1649.75
1645.5
1641.02
1636.2
1631.08
1625.52
1619.55
1612.98
1605.79
1597.67
1588.51
1577.6
1564.29
1546.04
1519.52
1800.99
1798.84
1798.38
1797.61
1796.9
1796.14
1795.36
1794.57
1793.76
1792.94
1792.11
1791.28
1790.45
1789.6
1788.76
1787.9
1787.05
1786.2
1785.35
1784.52
1783.7
1782.89
1782.1
1781.31
1780.53
1779.74
1778.94
1778.12
1777.27
1776.41
1775.52
1774.61
1773.69
1772.75
1771.81
1770.86
1769.9
1768.93
1767.95
1766.96
1765.97
1764.96
1763.95
1762.94
1761.91
1760.89
1759.86
1758.84
1757.81
1756.78
1755.74
1754.7
1753.65
1752.58
1751.51
1750.41
1749.29
1748.15
1746.98
1745.79
1744.57
1743.33
1742.06
1740.76
1739.44
1738.09
1736.72
1735.32
1733.89
1732.44
1730.96
1729.46
1727.93
1726.38
1724.8
1723.18
1721.54
1719.87
1718.16
1716.43
1714.65
1712.85
1711
1709.12
1707.2
1705.23
1703.22
1701.16
1699.04
1696.88
1694.65
1692.36
1690
1687.58
1685.06
1682.47
1679.78
1676.99
1674.1
1671.09
1667.94
1664.66
1661.22
1657.62
1653.82
1649.83
1645.58
1641.1
1636.28
1631.17
1625.62
1619.66
1613.09
1605.91
1597.8
1588.65
1577.75
1564.42
1546.02
1518.88
1801
1798.84
1798.4
1797.63
1796.92
1796.16
1795.39
1794.59
1793.78
1792.96
1792.13
1791.29
1790.45
1789.61
1788.76
1787.91
1787.06
1786.21
1785.37
1784.53
1783.72
1782.91
1782.12
1781.34
1780.56
1779.77
1778.97
1778.14
1777.3
1776.43
1775.54
1774.63
1773.71
1772.77
1771.82
1770.87
1769.91
1768.94
1767.96
1766.98
1765.98
1764.98
1763.97
1762.95
1761.93
1760.91
1759.89
1758.86
1757.83
1756.8
1755.77
1754.73
1753.68
1752.62
1751.54
1750.44
1749.32
1748.18
1747.02
1745.83
1744.61
1743.37
1742.1
1740.8
1739.47
1738.13
1736.75
1735.35
1733.92
1732.47
1731
1729.5
1727.97
1726.41
1724.83
1723.21
1721.57
1719.9
1718.19
1716.45
1714.68
1712.88
1711.03
1709.15
1707.22
1705.26
1703.25
1701.19
1699.08
1696.91
1694.69
1692.4
1690.04
1687.61
1685.1
1682.51
1679.82
1677.04
1674.14
1671.14
1667.99
1664.72
1661.28
1657.68
1653.88
1649.89
1645.65
1641.17
1636.36
1631.25
1625.71
1619.75
1613.19
1606.03
1597.93
1588.79
1577.9
1564.56
1546.02
1518.29
1801.02
1798.85
1798.42
1797.65
1796.94
1796.19
1795.41
1794.62
1793.8
1792.98
1792.14
1791.31
1790.46
1789.62
1788.77
1787.92
1787.07
1786.22
1785.38
1784.55
1783.73
1782.93
1782.14
1781.36
1780.58
1779.79
1778.99
1778.17
1777.32
1776.45
1775.56
1774.65
1773.72
1772.79
1771.84
1770.89
1769.93
1768.96
1767.98
1767
1766
1765
1763.99
1762.98
1761.96
1760.93
1759.91
1758.88
1757.86
1756.83
1755.79
1754.76
1753.71
1752.65
1751.57
1750.47
1749.36
1748.22
1747.05
1745.86
1744.65
1743.4
1742.13
1740.84
1739.51
1738.16
1736.79
1735.39
1733.96
1732.51
1731.03
1729.53
1728
1726.45
1724.86
1723.25
1721.6
1719.93
1718.22
1716.49
1714.71
1712.91
1711.06
1709.18
1707.26
1705.29
1703.28
1701.22
1699.11
1696.95
1694.72
1692.44
1690.08
1687.65
1685.14
1682.55
1679.87
1677.08
1674.19
1671.19
1668.04
1664.77
1661.34
1657.74
1653.95
1649.96
1645.72
1641.24
1636.44
1631.33
1625.8
1619.85
1613.3
1606.14
1598.05
1588.93
1578.06
1564.71
1546.05
1517.76
1801.03
1798.85
1798.44
1797.67
1796.97
1796.21
1795.44
1794.64
1793.82
1792.99
1792.16
1791.32
1790.48
1789.63
1788.78
1787.93
1787.08
1786.23
1785.39
1784.56
1783.74
1782.94
1782.16
1781.38
1780.6
1779.81
1779.01
1778.18
1777.34
1776.47
1775.58
1774.67
1773.74
1772.8
1771.86
1770.9
1769.94
1768.97
1768
1767.02
1766.02
1765.02
1764.01
1763
1761.98
1760.96
1759.93
1758.91
1757.88
1756.85
1755.82
1754.78
1753.74
1752.68
1751.6
1750.51
1749.39
1748.25
1747.09
1745.9
1744.68
1743.44
1742.17
1740.87
1739.55
1738.2
1736.82
1735.42
1734
1732.55
1731.07
1729.57
1728.04
1726.48
1724.9
1723.28
1721.64
1719.97
1718.26
1716.52
1714.75
1712.94
1711.1
1709.21
1707.29
1705.33
1703.32
1701.26
1699.15
1696.98
1694.76
1692.47
1690.11
1687.69
1685.18
1682.59
1679.91
1677.13
1674.24
1671.24
1668.1
1664.83
1661.39
1657.8
1654
1650.02
1645.78
1641.31
1636.51
1631.41
1625.88
1619.94
1613.39
1606.25
1598.18
1589.06
1578.21
1564.87
1546.11
1517.29
1801.05
1798.86
1798.46
1797.7
1796.99
1796.24
1795.46
1794.66
1793.84
1793.01
1792.17
1791.33
1790.49
1789.64
1788.79
1787.94
1787.09
1786.24
1785.4
1784.57
1783.75
1782.95
1782.17
1781.39
1780.61
1779.83
1779.02
1778.2
1777.35
1776.48
1775.59
1774.68
1773.76
1772.82
1771.88
1770.92
1769.96
1769
1768.02
1767.04
1766.05
1765.05
1764.04
1763.03
1762.01
1760.99
1759.96
1758.94
1757.91
1756.88
1755.85
1754.81
1753.77
1752.71
1751.63
1750.54
1749.43
1748.29
1747.13
1745.94
1744.72
1743.48
1742.21
1740.91
1739.59
1738.24
1736.87
1735.47
1734.04
1732.59
1731.11
1729.61
1728.08
1726.52
1724.94
1723.32
1721.68
1720
1718.3
1716.56
1714.78
1712.98
1711.13
1709.25
1707.33
1705.36
1703.35
1701.29
1699.18
1697.02
1694.79
1692.51
1690.15
1687.72
1685.22
1682.63
1679.95
1677.17
1674.29
1671.29
1668.15
1664.88
1661.44
1657.85
1654.06
1650.08
1645.84
1641.37
1636.58
1631.49
1625.96
1620.03
1613.5
1606.36
1598.3
1589.2
1578.37
1565.04
1546.2
1516.95
1801.06
1798.87
1798.47
1797.72
1797.01
1796.26
1795.48
1794.68
1793.86
1793.03
1792.19
1791.34
1790.5
1789.65
1788.8
1787.95
1787.1
1786.25
1785.41
1784.58
1783.76
1782.96
1782.17
1781.4
1780.62
1779.84
1779.04
1778.21
1777.37
1776.5
1775.61
1774.7
1773.78
1772.84
1771.9
1770.94
1769.98
1769.02
1768.05
1767.06
1766.07
1765.08
1764.07
1763.06
1762.04
1761.02
1759.99
1758.97
1757.94
1756.91
1755.88
1754.85
1753.8
1752.74
1751.67
1750.58
1749.46
1748.33
1747.17
1745.98
1744.76
1743.52
1742.25
1740.95
1739.63
1738.28
1736.91
1735.51
1734.08
1732.63
1731.16
1729.65
1728.12
1726.56
1724.98
1723.36
1721.72
1720.04
1718.34
1716.6
1714.82
1713.01
1711.17
1709.29
1707.36
1705.4
1703.39
1701.33
1699.21
1697.05
1694.82
1692.54
1690.18
1687.76
1685.26
1682.68
1680
1677.23
1674.34
1671.34
1668.2
1664.93
1661.5
1657.91
1654.12
1650.14
1645.91
1641.45
1636.66
1631.57
1626.06
1620.13
1613.61
1606.48
1598.44
1589.35
1578.54
1565.23
1546.33
1516.76
1801.07
1798.89
1798.49
1797.74
1797.03
1796.28
1795.5
1794.7
1793.88
1793.04
1792.2
1791.35
1790.51
1789.66
1788.81
1787.95
1787.1
1786.26
1785.41
1784.58
1783.76
1782.96
1782.18
1781.4
1780.63
1779.85
1779.05
1778.23
1777.38
1776.51
1775.63
1774.72
1773.8
1772.86
1771.92
1770.97
1770.01
1769.05
1768.08
1767.1
1766.11
1765.11
1764.1
1763.09
1762.07
1761.05
1760.03
1759
1757.98
1756.95
1755.92
1754.88
1753.84
1752.78
1751.71
1750.62
1749.51
1748.37
1747.21
1746.02
1744.81
1743.56
1742.29
1741
1739.67
1738.33
1736.95
1735.56
1734.13
1732.68
1731.2
1729.7
1728.17
1726.61
1725.02
1723.41
1721.76
1720.08
1718.38
1716.64
1714.86
1713.05
1711.21
1709.33
1707.4
1705.43
1703.42
1701.36
1699.25
1697.08
1694.86
1692.58
1690.22
1687.81
1685.3
1682.73
1680.05
1677.28
1674.39
1671.4
1668.26
1664.99
1661.56
1657.98
1654.19
1650.22
1646
1641.54
1636.77
1631.68
1626.17
1620.26
1613.74
1606.62
1598.59
1589.52
1578.73
1565.44
1546.5
1516.75
1801.08
1798.9
1798.5
1797.75
1797.04
1796.29
1795.51
1794.71
1793.89
1793.05
1792.21
1791.36
1790.51
1789.66
1788.81
1787.96
1787.11
1786.26
1785.42
1784.59
1783.77
1782.97
1782.18
1781.4
1780.63
1779.85
1779.06
1778.24
1777.4
1776.53
1775.65
1774.74
1773.82
1772.89
1771.95
1771
1770.04
1769.08
1768.11
1767.13
1766.14
1765.14
1764.14
1763.13
1762.11
1761.09
1760.06
1759.04
1758.01
1756.99
1755.96
1754.92
1753.88
1752.82
1751.75
1750.66
1749.55
1748.42
1747.26
1746.07
1744.85
1743.61
1742.34
1741.04
1739.72
1738.37
1737
1735.61
1734.18
1732.73
1731.25
1729.74
1728.21
1726.65
1725.06
1723.44
1721.8
1720.12
1718.41
1716.67
1714.9
1713.09
1711.24
1709.36
1707.44
1705.47
1703.45
1701.4
1699.29
1697.12
1694.9
1692.62
1690.27
1687.86
1685.36
1682.78
1680.11
1677.34
1674.45
1671.45
1668.31
1665.04
1661.61
1658.03
1654.26
1650.29
1646.08
1641.62
1636.85
1631.77
1626.27
1620.36
1613.85
1606.74
1598.72
1589.65
1578.89
1565.62
1546.67
1516.93
1801.09
1798.92
1798.51
1797.76
1797.06
1796.3
1795.53
1794.72
1793.9
1793.06
1792.22
1791.37
1790.52
1789.67
1788.82
1787.97
1787.12
1786.27
1785.42
1784.59
1783.77
1782.97
1782.18
1781.4
1780.63
1779.86
1779.07
1778.25
1777.41
1776.55
1775.67
1774.77
1773.85
1772.92
1771.98
1771.03
1770.08
1769.12
1768.15
1767.17
1766.18
1765.19
1764.18
1763.17
1762.15
1761.13
1760.11
1759.08
1758.06
1757.03
1756
1754.97
1753.92
1752.87
1751.8
1750.71
1749.6
1748.46
1747.3
1746.12
1744.9
1743.66
1742.39
1741.09
1739.76
1738.42
1737.05
1735.65
1734.22
1732.77
1731.29
1729.78
1728.25
1726.69
1725.1
1723.48
1721.84
1720.16
1718.45
1716.71
1714.94
1713.13
1711.28
1709.4
1707.47
1705.51
1703.5
1701.44
1699.34
1697.18
1694.96
1692.69
1690.34
1687.93
1685.44
1682.86
1680.19
1677.42
1674.54
1671.54
1668.41
1665.15
1661.73
1658.15
1654.38
1650.42
1646.21
1641.77
1637
1631.93
1626.44
1620.53
1614.04
1606.94
1598.93
1589.89
1579.15
1565.92
1546.95
1517.33
1801.09
1798.93
1798.51
1797.76
1797.06
1796.31
1795.53
1794.73
1793.91
1793.07
1792.22
1791.38
1790.53
1789.68
1788.83
1787.98
1787.12
1786.27
1785.43
1784.59
1783.77
1782.97
1782.18
1781.4
1780.63
1779.86
1779.08
1778.27
1777.43
1776.58
1775.7
1774.81
1773.89
1772.96
1772.02
1771.07
1770.12
1769.16
1768.19
1767.21
1766.23
1765.23
1764.23
1763.21
1762.2
1761.18
1760.15
1759.13
1758.11
1757.08
1756.05
1755.02
1753.97
1752.92
1751.85
1750.76
1749.65
1748.52
1747.35
1746.17
1744.95
1743.71
1742.44
1741.14
1739.81
1738.47
1737.1
1735.69
1734.26
1732.8
1731.32
1729.82
1728.28
1726.72
1725.13
1723.51
1721.87
1720.19
1718.48
1716.74
1714.97
1713.16
1711.31
1709.42
1707.5
1705.54
1703.53
1701.48
1699.38
1697.23
1695.01
1692.74
1690.4
1687.98
1685.48
1682.9
1680.23
1677.46
1674.58
1671.59
1668.47
1665.23
1661.82
1658.25
1654.48
1650.53
1646.32
1641.87
1637.11
1632.04
1626.55
1620.65
1614.16
1607.07
1599.08
1590.04
1579.32
1566.13
1547.14
1517.67
1801.09
1798.96
1798.52
1797.77
1797.07
1796.32
1795.54
1794.73
1793.91
1793.08
1792.23
1791.38
1790.54
1789.69
1788.83
1787.98
1787.13
1786.28
1785.43
1784.6
1783.78
1782.97
1782.18
1781.41
1780.63
1779.87
1779.09
1778.29
1777.46
1776.62
1775.74
1774.85
1773.93
1773
1772.06
1771.12
1770.16
1769.2
1768.24
1767.26
1766.27
1765.28
1764.27
1763.26
1762.25
1761.23
1760.2
1759.18
1758.16
1757.13
1756.1
1755.07
1754.03
1752.97
1751.9
1750.81
1749.7
1748.57
1747.41
1746.22
1745
1743.76
1742.49
1741.19
1739.86
1738.51
1737.13
1735.72
1734.29
1732.83
1731.35
1729.84
1728.31
1726.75
1725.16
1723.55
1721.9
1720.22
1718.51
1716.77
1715
1713.19
1711.35
1709.46
1707.54
1705.58
1703.58
1701.53
1699.43
1697.28
1695.07
1692.8
1690.46
1688.05
1685.55
1682.98
1680.3
1677.54
1674.66
1671.68
1668.57
1665.33
1661.92
1658.35
1654.59
1650.63
1646.42
1641.98
1637.23
1632.17
1626.69
1620.8
1614.32
1607.24
1599.27
1590.26
1579.59
1566.44
1547.46
1518.36
1801.08
1798.95
1798.51
1797.77
1797.06
1796.31
1795.53
1794.73
1793.92
1793.07
1792.23
1791.38
1790.53
1789.68
1788.83
1787.98
1787.13
1786.27
1785.43
1784.59
1783.77
1782.97
1782.18
1781.4
1780.63
1779.87
1779.09
1778.3
1777.49
1776.65
1775.78
1774.89
1773.97
1773.04
1772.1
1771.16
1770.21
1769.25
1768.28
1767.3
1766.32
1765.32
1764.32
1763.31
1762.29
1761.27
1760.25
1759.23
1758.2
1757.18
1756.15
1755.12
1754.08
1753.02
1751.95
1750.86
1749.75
1748.61
1747.45
1746.26
1745.04
1743.8
1742.53
1741.23
1739.9
1738.52
1737.12
1735.71
1734.27
1732.81
1731.33
1729.82
1728.29
1726.72
1725.13
1723.51
1721.87
1720.19
1718.48
1716.73
1714.96
1713.15
1711.3
1709.42
1707.5
1705.55
1703.55
1701.5
1699.4
1697.25
1695.04
1692.77
1690.43
1688.02
1685.52
1682.95
1680.27
1677.51
1674.63
1671.64
1668.53
1665.28
1661.88
1658.31
1654.54
1650.59
1646.38
1641.94
1637.19
1632.13
1626.65
1620.76
1614.29
1607.21
1599.25
1590.24
1579.58
1566.43
1547.43
1518.88
1801.09
1799
1798.53
1797.8
1797.08
1796.33
1795.56
1794.75
1793.93
1793.09
1792.26
1791.42
1790.57
1789.72
1788.87
1788.01
1787.16
1786.31
1785.46
1784.63
1783.81
1783
1782.21
1781.43
1780.66
1779.88
1779.11
1778.33
1777.53
1776.69
1775.82
1774.93
1774.02
1773.09
1772.15
1771.21
1770.25
1769.29
1768.33
1767.35
1766.36
1765.37
1764.37
1763.36
1762.34
1761.32
1760.3
1759.27
1758.25
1757.23
1756.2
1755.16
1754.12
1753.07
1752
1750.91
1749.79
1748.66
1747.49
1746.3
1745.09
1743.84
1742.57
1741.27
1739.96
1738.59
1737.19
1735.78
1734.35
1732.89
1731.41
1729.91
1728.37
1726.81
1725.22
1723.61
1721.96
1720.29
1718.58
1716.84
1715.06
1713.26
1711.42
1709.54
1707.62
1705.66
1703.66
1701.62
1699.52
1697.37
1695.17
1692.9
1690.56
1688.16
1685.66
1683.09
1680.42
1677.66
1674.79
1671.81
1668.7
1665.47
1662.07
1658.51
1654.75
1650.8
1646.61
1642.18
1637.43
1632.39
1626.92
1621.05
1614.6
1607.55
1599.61
1590.65
1580.04
1566.98
1548.15
1520.76
1526.42
1523.24
1519.95
1516.49
1512.86
1509.05
1505.07
1500.87
1496.48
1491.87
1487.06
1482.09
1476.95
1471.44
1465.72
1459.68
1453.28
1446.65
1439.8
1432.69
1425.31
1417.64
1409.7
1401.47
1392.97
1384.19
1375.14
1365.84
1356.29
1346.49
1336.46
1326.21
1315.74
1305.08
1294.23
1283.22
1272.04
1260.73
1249.28
1237.74
1226.07
1214.34
1202.51
1190.65
1178.72
1166.79
1154.79
1142.83
1130.82
1118.88
1106.89
1094.98
1082.99
1071.04
1058.94
1046.83
1034.44
1022.11
1009.5
997.311
985.306
973.952
962.949
952.807
942.901
934.155
925.914
918.635
912.158
906.979
902.678
899.275
896.181
896.365
898.034
901.203
906.814
912.885
928.516
429.416
1526.24
1523.04
1519.73
1516.24
1512.57
1508.74
1504.7
1500.48
1496.03
1491.36
1486.42
1481.27
1476.04
1470.57
1464.8
1458.7
1452.32
1445.66
1438.73
1431.53
1424.06
1416.31
1408.27
1399.96
1391.38
1382.53
1373.41
1364.04
1354.42
1344.57
1334.48
1324.19
1313.68
1302.99
1292.11
1281.09
1269.89
1258.58
1247.13
1235.59
1223.93
1212.22
1200.41
1188.57
1176.66
1164.75
1152.79
1140.85
1128.87
1116.92
1104.91
1092.91
1080.81
1068.69
1056.42
1044.17
1031.86
1019.76
1007.95
996.618
985.652
975.068
964.678
955.165
945.965
937.455
929.896
923.206
917.07
912.521
909.249
907.44
907.705
909.073
911.002
913.413
915.414
917.036
922.794
432.844
1525.95
1522.71
1519.35
1515.81
1512.1
1508.2
1504.12
1499.82
1495.32
1490.59
1485.64
1480.47
1475
1469.41
1463.46
1457.25
1450.78
1444.01
1436.94
1429.6
1421.99
1414.1
1405.94
1397.51
1388.81
1379.84
1370.62
1361.15
1351.43
1341.49
1331.32
1320.96
1310.39
1299.65
1288.73
1277.67
1266.45
1255.12
1243.66
1232.11
1220.46
1208.75
1196.95
1185.13
1173.24
1161.34
1149.4
1137.45
1125.46
1113.44
1101.33
1089.17
1076.87
1064.57
1052.23
1040.1
1028.33
1016.98
1006.41
996.021
986.006
976.562
967.275
958.556
951.026
943.338
936.879
931.921
927.16
923.993
922.102
921.887
921.847
922.607
922.394
922.596
922.101
921.191
923.721
430.925
1525.52
1522.22
1518.8
1515.2
1511.41
1507.43
1503.25
1498.85
1494.25
1489.41
1484.36
1479.05
1473.4
1467.56
1461.45
1455.09
1448.47
1441.53
1434.29
1426.77
1418.96
1410.89
1402.55
1393.94
1385.07
1375.94
1366.56
1356.95
1347.1
1337.04
1326.76
1316.3
1305.65
1294.84
1283.87
1272.76
1261.52
1250.17
1238.7
1227.15
1215.51
1203.82
1192.05
1180.25
1168.4
1156.52
1144.59
1132.6
1120.55
1108.39
1096.13
1083.81
1071.47
1059.31
1047.54
1036.22
1025.81
1015.78
1006.24
997.039
987.891
979.604
972.188
964.32
958.572
953.288
947.845
945.43
943.061
941.105
939.899
938.912
936.854
935.225
932.958
930.652
928.244
924.471
925.303
434.365
1524.98
1521.6
1518.1
1514.4
1510.51
1506.42
1502.11
1497.59
1492.84
1487.84
1482.62
1477.13
1471.33
1465.25
1458.91
1452.32
1445.46
1438.31
1430.84
1423.09
1415.05
1406.74
1398.16
1389.33
1380.24
1370.91
1361.34
1351.55
1341.54
1331.33
1320.93
1310.36
1299.61
1288.73
1277.69
1266.54
1255.27
1243.89
1232.43
1220.88
1209.26
1197.59
1185.85
1174.07
1162.23
1150.32
1138.35
1126.26
1114.07
1101.77
1089.46
1077.28
1065.5
1054.16
1043.81
1033.95
1024.73
1016.04
1007.25
999.51
992.211
984.817
979.641
974.027
969.323
967.366
963.813
962.126
961.149
958.54
955.874
953.27
949.565
945.642
941.594
937.67
934.046
928.591
928.465
439.642
1524.32
1520.85
1517.25
1513.43
1509.42
1505.19
1500.73
1496.04
1491.1
1485.92
1480.47
1474.77
1468.76
1462.41
1455.79
1448.91
1441.77
1434.33
1426.6
1418.57
1410.25
1401.66
1392.8
1383.7
1374.36
1364.79
1355
1345
1334.81
1324.44
1313.89
1303.2
1292.35
1281.38
1270.28
1259.08
1247.78
1236.4
1224.93
1213.39
1201.79
1190.13
1178.41
1166.61
1154.75
1142.75
1130.67
1118.46
1106.21
1094.06
1082.29
1070.98
1060.67
1050.96
1042.07
1033.71
1025.23
1017.9
1010.78
1004.05
999.255
993.654
990.09
988.046
984.395
983.582
981.808
978.702
976.385
973.165
968.79
964.532
959.971
955.142
950.206
945.427
941.011
934.762
934.052
439.634
1523.57
1519.98
1516.26
1512.31
1508.14
1503.75
1499.11
1494.21
1489.06
1483.63
1477.94
1471.98
1465.69
1459.03
1452.09
1444.88
1437.39
1429.62
1421.56
1413.2
1404.56
1395.64
1386.47
1377.07
1367.44
1357.6
1347.56
1337.34
1326.94
1316.39
1305.69
1294.87
1283.91
1272.86
1261.7
1250.45
1239.12
1227.72
1216.25
1204.72
1193.12
1181.45
1169.71
1157.85
1145.9
1133.82
1121.71
1109.69
1097.93
1086.76
1076.51
1066.9
1058.3
1050.17
1042.13
1035.21
1028.24
1021.99
1017.39
1012.02
1009.39
1007.08
1004.08
1003.65
1001.3
998.506
996.181
992.457
988.089
983.866
979.136
974.134
969.023
963.895
958.653
953.335
948.189
941.53
939.281
446.367
1522.72
1518.99
1515.14
1511.03
1506.69
1502.1
1497.24
1492.11
1486.7
1480.99
1475.01
1468.76
1462.1
1455.1
1447.8
1440.2
1432.32
1424.16
1415.72
1406.98
1397.97
1388.7
1379.18
1369.44
1359.5
1349.36
1339.06
1328.6
1317.99
1307.25
1296.4
1285.44
1274.38
1263.24
1252.01
1240.72
1229.36
1217.94
1206.46
1194.9
1183.29
1171.56
1159.76
1147.81
1135.83
1123.9
1112.2
1101.11
1090.9
1081.55
1073.4
1065.64
1058.17
1051.61
1044.73
1039.06
1034.54
1029.46
1027.38
1024.75
1022.55
1022.15
1019.43
1017.1
1014.71
1010.84
1006.74
1002.59
997.889
992.955
987.926
982.843
977.562
972.141
966.528
960.757
955.12
947.957
945.259
454.922
1521.79
1517.9
1513.89
1509.6
1505.06
1500.24
1495.13
1489.73
1484.01
1478
1471.69
1465.04
1457.99
1450.6
1442.89
1434.87
1426.54
1417.94
1409.05
1399.9
1390.48
1380.82
1370.92
1360.83
1350.55
1340.11
1329.53
1318.82
1307.99
1297.07
1286.06
1274.96
1263.8
1252.57
1241.29
1229.95
1218.55
1207.09
1195.58
1183.98
1172.32
1160.55
1148.73
1137
1125.44
1114.52
1104.36
1095.1
1087.15
1079.5
1072.61
1066.56
1060.09
1055.15
1050.56
1046.04
1044.39
1041.48
1040.02
1039.35
1036.37
1034.43
1031.89
1028.03
1024.25
1020.26
1015.73
1011
1006.19
1001.25
996.037
990.648
985.063
979.343
973.424
967.293
961.321
953.875
950.643
463.485
1520.77
1516.71
1512.52
1508.02
1503.24
1498.16
1492.77
1487.05
1481
1474.62
1467.93
1460.82
1453.33
1445.5
1437.33
1428.83
1420.02
1410.92
1401.55
1391.93
1382.07
1371.99
1361.7
1351.23
1340.61
1329.85
1318.99
1308.02
1296.99
1285.88
1274.71
1263.49
1252.22
1240.91
1229.56
1218.16
1206.71
1195.21
1183.64
1172
1160.32
1148.68
1137.19
1126.34
1116.15
1107.13
1099.62
1092.6
1086.38
1080.49
1074.33
1069.85
1065.23
1061.74
1060.09
1057.2
1056.61
1055.4
1052.42
1050.86
1048.01
1044.19
1040.68
1036.8
1032.45
1027.99
1023.46
1018.74
1013.71
1008.5
1003.07
997.447
991.587
985.568
979.416
973.073
966.942
959.232
955.971
471.418
1519.67
1515.42
1511.02
1506.29
1501.25
1495.88
1490.15
1484.07
1477.64
1470.88
1463.69
1456.08
1448.1
1439.77
1431.08
1422.06
1412.71
1403.08
1393.19
1383.06
1372.72
1362.19
1351.49
1340.64
1329.67
1318.6
1307.45
1296.25
1285
1273.71
1262.39
1251.05
1239.67
1228.27
1216.85
1205.38
1193.88
1182.35
1170.81
1159.36
1148.07
1137.33
1127.4
1118.48
1110.8
1103.73
1097.95
1092.61
1087.41
1083.44
1078.88
1076.18
1074.17
1071.94
1071.88
1070
1067.75
1066.44
1063.17
1059.66
1056.36
1052.47
1048.27
1044.02
1039.71
1035.2
1030.38
1025.4
1020.21
1014.79
1009.11
1003.24
997.205
991.017
984.716
978.196
971.913
964.01
960.688
478.971
1518.5
1514.03
1509.41
1504.41
1499.07
1493.36
1487.26
1480.78
1473.91
1466.67
1458.93
1450.79
1442.26
1433.36
1424.1
1414.5
1404.58
1394.37
1383.92
1373.25
1362.41
1351.41
1340.28
1329.06
1317.74
1306.37
1294.95
1283.51
1272.05
1260.59
1249.12
1237.64
1226.18
1214.67
1203.18
1191.67
1180.16
1168.77
1157.5
1146.72
1136.64
1127.75
1120.43
1114.22
1109.16
1104.06
1099.21
1095.2
1091.19
1089.27
1087.16
1085.89
1085.72
1083.45
1082.1
1080.56
1077.14
1074.32
1071.18
1067.35
1063.41
1059.34
1055.18
1050.8
1046.14
1041.36
1036.4
1031.19
1025.74
1020.1
1014.29
1008.29
1002.12
995.781
989.348
982.692
976.291
968.272
964.887
485.984
1517.26
1512.54
1507.67
1502.36
1496.69
1490.59
1484.07
1477.13
1469.81
1461.97
1453.64
1444.9
1435.76
1426.23
1416.33
1406.1
1395.55
1384.75
1373.7
1362.49
1351.12
1339.65
1328.09
1316.47
1304.82
1293.15
1281.48
1269.8
1258.16
1246.51
1234.91
1223.31
1211.73
1200.2
1188.69
1177.36
1166.25
1155.62
1145.73
1136.94
1129.49
1122.98
1117.64
1113.05
1109.47
1106.06
1102.65
1100.77
1098.56
1098.19
1097.9
1096.02
1095.41
1093.54
1090.34
1087.97
1084.78
1081.21
1077.68
1073.9
1069.96
1065.74
1061.23
1056.63
1051.83
1046.79
1041.52
1036.11
1030.52
1024.75
1018.79
1012.65
1006.37
999.924
993.395
986.625
980.113
972.046
968.352
491.588
1515.95
1510.96
1505.8
1500.16
1494.1
1487.57
1480.57
1473.12
1465.22
1456.73
1447.77
1438.37
1428.54
1418.31
1407.72
1396.8
1385.6
1374.15
1362.51
1350.72
1338.83
1326.87
1314.89
1302.9
1290.93
1278.96
1267.05
1255.15
1243.31
1231.52
1219.75
1208.09
1196.46
1185.02
1173.8
1162.96
1152.96
1143.8
1136.21
1130.46
1126.19
1122.23
1118.58
1115.01
1112.13
1110.64
1109.41
1109.59
1108.69
1107.38
1107.12
1104.93
1102.59
1100.69
1097.51
1094.26
1091
1087.42
1083.74
1079.8
1075.59
1071.22
1066.62
1061.75
1056.66
1051.43
1046.04
1040.45
1034.68
1028.75
1022.67
1016.42
1010.05
1003.51
996.894
990.03
983.445
975.255
971.555
495.155
1514.57
1509.27
1503.8
1497.77
1491.28
1484.26
1476.73
1468.74
1460.11
1450.93
1441.26
1431.11
1420.53
1409.54
1398.2
1386.55
1374.65
1362.53
1350.28
1337.92
1325.51
1313.09
1300.69
1288.34
1276.03
1263.81
1251.64
1239.55
1227.53
1215.61
1203.81
1192.2
1180.93
1170.07
1160.1
1151.19
1143.6
1137.35
1132.21
1128.21
1125.46
1123.11
1120.99
1119.32
1118.09
1118.48
1118.18
1117.93
1117.62
1115.39
1113.78
1111.81
1108.81
1106.3
1103.43
1100.12
1096.67
1092.93
1088.98
1084.9
1080.58
1075.98
1071.16
1066.16
1060.96
1055.55
1049.95
1044.19
1038.29
1032.23
1026.03
1019.67
1013.22
1006.59
999.919
992.977
986.331
978.031
974.294
498.086
1513.13
1507.49
1501.65
1495.19
1488.2
1480.64
1472.49
1463.82
1454.44
1444.5
1434.03
1423.07
1411.65
1399.85
1387.69
1375.29
1362.64
1349.87
1336.97
1324.07
1311.14
1298.27
1285.48
1272.76
1260.17
1247.66
1235.28
1223.02
1210.9
1198.98
1187.39
1176.16
1165.74
1156.3
1148.13
1141.99
1137.65
1134.72
1132.4
1129.6
1127.25
1126.25
1126.26
1127.04
1126.55
1126.49
1126.27
1124.63
1123.83
1122.03
1119.44
1117.24
1114.45
1111.57
1108.59
1105.24
1101.63
1097.77
1093.66
1089.32
1084.81
1080.12
1075.2
1070.03
1064.65
1059.09
1053.37
1047.47
1041.43
1035.23
1028.93
1022.48
1015.95
1009.25
1002.51
995.49
988.791
980.38
976.718
501.031
1511.62
1505.59
1499.35
1492.4
1484.85
1476.66
1467.88
1458.36
1448.16
1437.37
1426.01
1414.15
1401.83
1389.15
1376.15
1362.92
1349.55
1336.07
1322.6
1309.1
1295.74
1282.4
1269.24
1256.19
1243.29
1230.58
1218.01
1205.73
1193.75
1182.29
1171.7
1162.08
1154.02
1147.62
1142.44
1138.42
1135.95
1134.59
1133.44
1132.26
1132.19
1132.78
1133.27
1134.36
1134.13
1132.85
1132.27
1130.44
1128.65
1127.08
1124.65
1122.13
1119.35
1116.29
1113.11
1109.66
1105.92
1101.91
1097.67
1093.24
1088.59
1083.71
1078.63
1073.35
1067.87
1062.18
1056.32
1050.29
1044.15
1037.85
1031.46
1024.91
1018.3
1011.51
1004.71
997.634
990.894
982.361
978.85
503.608
1510.04
1503.58
1496.89
1489.38
1481.19
1472.27
1462.71
1452.29
1441.19
1429.43
1417.12
1404.25
1390.99
1377.33
1363.48
1349.4
1335.3
1321.14
1307.06
1293.07
1279.18
1265.51
1251.92
1238.63
1225.46
1212.62
1200.11
1188.06
1176.73
1166.41
1157.4
1150.21
1145.11
1142.19
1140.67
1139.13
1137.29
1136.48
1137.26
1138.32
1139.42
1140.24
1139.86
1139.73
1139.84
1138.31
1136.93
1135.48
1133.27
1131.4
1129.17
1126.54
1123.66
1120.47
1117.06
1113.46
1109.64
1105.56
1101.23
1096.63
1091.84
1086.84
1081.64
1076.22
1070.62
1064.82
1058.89
1052.77
1046.52
1040.12
1033.63
1026.99
1020.31
1013.45
1006.59
999.437
992.651
984.052
980.625
505.718
1508.4
1501.44
1494.23
1486.09
1477.17
1467.54
1456.95
1445.57
1433.42
1420.62
1407.2
1393.3
1378.97
1364.39
1349.57
1334.73
1319.81
1305.07
1290.34
1275.9
1261.55
1247.47
1233.65
1220.04
1206.93
1194.17
1182.35
1171.51
1162.21
1154.92
1148.97
1145.09
1142.16
1140.93
1140.49
1140.43
1140.85
1141.46
1143.08
1144.7
1145.5
1145.81
1145.28
1144.02
1143.88
1142.87
1141.03
1139.68
1137.6
1135.33
1133.01
1130.32
1127.34
1124.07
1120.56
1116.83
1112.88
1108.69
1104.27
1099.59
1094.67
1089.53
1084.2
1078.68
1073
1067.12
1061.09
1054.87
1048.55
1042.07
1035.51
1028.79
1022.02
1015.07
1008.15
1000.95
994.124
985.581
981.789
504.03
1506.69
1499.17
1491.37
1482.5
1472.75
1462.16
1450.53
1438.05
1424.75
1410.78
1396.18
1381.15
1365.73
1350.14
1334.42
1318.73
1303.14
1287.67
1272.53
1257.46
1242.86
1228.37
1214.42
1200.88
1188.01
1176.18
1165.58
1156.74
1150.17
1146.07
1144.19
1143.57
1142.76
1142
1142.83
1144.65
1146.84
1147.84
1148.98
1149.86
1150.05
1149.93
1149.76
1148.19
1147.42
1146.71
1144.9
1143.33
1141.37
1138.91
1136.35
1133.58
1130.55
1127.23
1123.63
1119.79
1115.72
1111.42
1106.89
1102.1
1097.09
1091.86
1086.43
1080.8
1075.02
1069.06
1062.97
1056.69
1050.3
1043.74
1037.1
1030.3
1023.46
1016.45
1009.47
1002.21
995.342
986.747
983.023
505.301
1504.9
1496.73
1488.26
1478.56
1467.92
1456.17
1443.37
1429.63
1415.07
1399.78
1383.95
1367.66
1351.18
1334.5
1317.94
1301.38
1285.17
1269.08
1253.39
1238
1222.94
1208.55
1194.6
1181.92
1170.49
1161.08
1153.94
1148.55
1145.29
1143.17
1143.24
1143.62
1144.51
1145.91
1147.64
1149.85
1152.03
1152.98
1153.37
1153.76
1153.61
1153.15
1153.21
1152.14
1150.75
1149.95
1148.3
1146.46
1144.5
1142.05
1139.35
1136.44
1133.32
1129.94
1126.3
1122.36
1118.17
1113.75
1109.12
1104.25
1099.17
1093.84
1088.32
1082.61
1076.76
1070.72
1064.56
1058.21
1051.76
1045.14
1038.44
1031.56
1024.66
1017.57
1010.53
1003.24
996.354
987.671
984.162
507.241
1503.03
1494.13
1484.86
1474.2
1462.47
1449.44
1435.32
1420.18
1404.2
1387.5
1370.32
1352.79
1335.13
1317.49
1299.97
1282.76
1265.76
1249.28
1233
1217.45
1202.39
1188.24
1175.46
1164.08
1155.09
1148.64
1145.05
1144.49
1144.18
1143.71
1144.38
1146.37
1148.97
1151.57
1152.95
1154.37
1155.84
1156.76
1156.91
1157.17
1156.9
1156.13
1156.16
1155.53
1153.91
1152.79
1151.2
1149.22
1147.18
1144.76
1142
1138.97
1135.74
1132.28
1128.57
1124.56
1120.29
1115.77
1111.03
1106.07
1100.91
1095.52
1089.94
1084.16
1078.22
1072.11
1065.89
1059.49
1053
1046.31
1039.55
1032.61
1025.65
1018.52
1011.44
1004.11
997.176
988.533
984.655
505.774
1501.08
1491.32
1481.12
1469.41
1456.34
1441.9
1426.24
1409.55
1391.97
1373.79
1355.14
1336.38
1317.53
1298.97
1280.56
1262.67
1245.09
1228.11
1211.73
1196.1
1182
1169.3
1159.44
1151.93
1146.8
1143.83
1142.66
1143.1
1144.44
1146.17
1148.31
1150.83
1153.34
1155.77
1156.88
1157.82
1158.8
1159.58
1159.82
1160.09
1159.88
1158.91
1158.79
1158.27
1156.72
1155.33
1153.68
1151.65
1149.5
1147.08
1144.3
1141.19
1137.85
1134.29
1130.5
1126.43
1122.09
1117.49
1112.67
1107.62
1102.38
1096.93
1091.3
1085.45
1079.46
1073.29
1067.02
1060.56
1054
1047.27
1040.46
1033.48
1026.47
1019.3
1012.18
1004.81
997.853
989.138
985.361
507.041
1499.03
1488.27
1476.98
1464.02
1449.42
1433.33
1415.97
1397.5
1378.25
1358.43
1338.35
1318.26
1298.36
1278.79
1259.69
1241.1
1223.16
1205.94
1189.93
1175.37
1162.76
1152.88
1146.09
1142.63
1142.83
1142.73
1142.98
1144.48
1147.41
1150.42
1153.18
1154.91
1156.75
1158.77
1159.89
1160.79
1161.56
1162.06
1162.3
1162.64
1162.5
1161.46
1161.1
1160.5
1159.07
1157.58
1155.86
1153.77
1151.51
1149.04
1146.24
1143.1
1139.68
1136.01
1132.12
1127.99
1123.61
1118.95
1114.05
1108.91
1103.61
1098.1
1092.43
1086.53
1080.5
1074.28
1067.95
1061.44
1054.84
1048.05
1041.21
1034.18
1027.15
1019.95
1012.8
1005.4
998.405
989.563
986.103
508.922
1496.87
1484.94
1472.33
1457.89
1441.54
1423.59
1404.26
1383.88
1362.76
1341.28
1319.73
1298.38
1277.43
1257.02
1237.24
1218.25
1200.23
1183.58
1169.12
1157.81
1149.24
1144.19
1141.03
1140.37
1141.12
1143.25
1145.73
1148.34
1151.36
1153.98
1156.66
1157.96
1159.47
1161.14
1162.29
1163.29
1164
1164.31
1164.48
1164.83
1164.78
1163.77
1163.18
1162.43
1161.05
1159.53
1157.77
1155.63
1153.28
1150.72
1147.9
1144.74
1141.26
1137.49
1133.52
1129.32
1124.9
1120.18
1115.22
1110.03
1104.66
1099.09
1093.37
1087.45
1081.38
1075.12
1068.73
1062.17
1055.52
1048.69
1041.82
1034.77
1027.71
1020.48
1013.3
1005.88
998.849
990.012
986.499
507.647
1494.56
1481.28
1467.21
1450.88
1432.54
1412.39
1390.93
1368.37
1345.37
1322.13
1299.18
1276.63
1254.72
1233.61
1213.48
1194.41
1177.45
1162.51
1150.91
1142.94
1139.1
1139.6
1139.71
1140.5
1142.73
1146.3
1149.61
1152.3
1154.48
1156.62
1159.06
1160.44
1161.94
1163.25
1164.3
1165.39
1166.11
1166.37
1166.43
1166.67
1166.67
1165.76
1165
1164.12
1162.75
1161.2
1159.41
1157.25
1154.82
1152.18
1149.31
1146.11
1142.59
1138.76
1134.72
1130.45
1125.97
1121.2
1116.21
1110.96
1105.54
1099.92
1094.16
1088.2
1082.1
1075.78
1069.34
1062.72
1056.02
1049.15
1042.24
1035.17
1028.09
1020.83
1013.63
1006.16
999.106
990.338
986.465
508.71
1492.07
1477.22
1461.23
1442.82
1422.09
1399.55
1375.57
1350.85
1325.74
1300.91
1276.53
1252.93
1230.3
1208.71
1188.99
1170.95
1157.15
1146.98
1140.95
1137.07
1136.71
1137.6
1140.38
1143.43
1146.4
1149.7
1152.5
1155.18
1156.91
1158.81
1161.04
1162.55
1164.13
1165.17
1166.08
1167.2
1167.94
1168.31
1168.24
1168.3
1168.31
1167.51
1166.65
1165.68
1164.27
1162.66
1160.83
1158.66
1156.19
1153.47
1150.52
1147.27
1143.72
1139.85
1135.75
1131.41
1126.85
1122.04
1117.02
1111.75
1106.3
1100.63
1094.83
1088.83
1082.69
1076.33
1069.84
1063.17
1056.43
1049.52
1042.59
1035.49
1028.39
1021.1
1013.88
1006.38
999.296
990.504
986.668
510.381
1489.31
1472.58
1454.39
1433.41
1409.99
1384.55
1358.05
1330.79
1303.9
1277.29
1251.89
1227.2
1204.57
1183.2
1165.05
1150.35
1140.03
1134.81
1135.21
1135.63
1136.7
1139.32
1143.33
1146.96
1149.7
1152.17
1154.58
1157.31
1159.04
1160.89
1162.83
1164.34
1165.98
1166.94
1167.72
1168.81
1169.51
1170
1169.84
1169.73
1169.7
1168.99
1168.11
1167.07
1165.61
1163.92
1162.05
1159.86
1157.36
1154.57
1151.52
1148.21
1144.63
1140.75
1136.6
1132.18
1127.56
1122.71
1117.68
1112.37
1106.88
1101.15
1095.3
1089.24
1083.04
1076.63
1070.11
1063.4
1056.63
1049.7
1042.75
1035.63
1028.52
1021.22
1013.97
1006.45
999.35
990.547
986.448
509.2
1486.17
1467.39
1446.38
1422.33
1395.68
1367.12
1337.76
1308.19
1279.31
1251.48
1225.07
1200.08
1178.11
1159.44
1145.48
1138.22
1133.11
1131.86
1132.83
1136.01
1139.61
1142.9
1146.37
1149.42
1152.09
1154.18
1156.43
1159.11
1160.95
1162.8
1164.43
1165.89
1167.56
1168.53
1169.29
1170.28
1170.89
1171.43
1171.26
1171.01
1170.89
1170.24
1169.33
1168.24
1166.75
1164.99
1163.04
1160.82
1158.29
1155.44
1152.31
1148.94
1145.35
1141.47
1137.31
1132.86
1128.19
1123.29
1118.22
1112.89
1107.36
1101.6
1095.71
1089.59
1083.35
1076.89
1070.35
1063.61
1056.82
1049.86
1042.91
1035.8
1028.7
1021.4
1014.15
1006.62
999.539
990.626
986.888
510.078
1482.5
1461.29
1436.83
1409.23
1378.7
1346.9
1314.41
1282.71
1252.23
1223.1
1196.9
1172.9
1153.31
1139.12
1130.46
1129.8
1130.62
1131.75
1134.56
1138.89
1143.04
1145.92
1148.46
1151.04
1153.87
1155.97
1158.18
1160.62
1162.52
1164.41
1165.81
1167.17
1168.84
1169.8
1170.61
1171.47
1171.96
1172.48
1172.36
1172.05
1171.82
1171.18
1170.25
1169.1
1167.6
1165.79
1163.77
1161.49
1158.93
1156.02
1152.83
1149.4
1145.76
1141.82
1137.6
1133.08
1128.35
1123.39
1118.24
1112.85
1107.3
1101.52
1095.61
1089.5
1083.27
1076.83
1070.29
1063.55
1056.76
1049.8
1042.83
1035.69
1028.54
1021.22
1013.94
1006.41
999.275
990.325
986.763
511.489
1478.12
1453.98
1425.48
1393.38
1358.8
1323.06
1288.13
1253.85
1222.96
1193.06
1168.1
1149.22
1135.64
1129.69
1126.33
1127.12
1130.36
1134.44
1138.04
1141.62
1145.04
1147.8
1149.98
1152.36
1155.28
1157.49
1159.67
1161.77
1163.65
1165.6
1166.91
1168.18
1169.79
1170.75
1171.62
1172.35
1172.73
1173.21
1173.14
1172.82
1172.49
1171.82
1170.86
1169.71
1168.26
1166.45
1164.38
1162.08
1159.49
1156.55
1153.32
1149.84
1146.14
1142.15
1137.9
1133.35
1128.59
1123.61
1118.43
1113.03
1107.46
1101.65
1095.72
1089.58
1083.35
1076.91
1070.37
1063.63
1056.86
1049.91
1042.92
1035.75
1028.58
1021.26
1014
1006.49
999.364
990.351
987.2
510.382
1472.75
1445.05
1411.57
1374.29
1335.01
1295.51
1258.17
1222.56
1191.16
1164.03
1141.88
1128.41
1123.57
1124.31
1125.37
1128.35
1132.77
1137.43
1140.61
1143.15
1145.87
1148.81
1151.1
1153.48
1156.29
1158.55
1160.71
1162.53
1164.37
1166.37
1167.67
1168.92
1170.43
1171.38
1172.32
1172.99
1173.3
1173.74
1173.71
1173.43
1173.01
1172.36
1171.32
1170.11
1168.6
1166.77
1164.67
1162.31
1159.68
1156.74
1153.53
1150.02
1146.29
1142.28
1138.03
1133.48
1128.73
1123.72
1118.55
1113.14
1107.57
1101.74
1095.76
1089.55
1083.26
1076.8
1070.26
1063.53
1056.75
1049.79
1042.82
1035.68
1028.55
1021.26
1014.05
1006.57
999.493
990.686
986.618
511.018
1466
1433.74
1394.31
1350.92
1306.74
1263.75
1224.7
1189.47
1159.08
1138.45
1126.77
1120.37
1120.49
1123.35
1127.41
1131.38
1135.17
1138.83
1141.78
1144.03
1146.48
1149.52
1152.05
1154.51
1157.06
1159.3
1161.5
1163.21
1165.01
1167.02
1168.38
1169.68
1171.07
1172.02
1173
1173.66
1173.95
1174.36
1174.34
1174.08
1173.69
1172.89
1172.04
1170.91
1169.37
1167.51
1165.39
1162.96
1160.27
1157.32
1154.13
1150.62
1146.86
1142.81
1138.54
1133.99
1129.21
1124.15
1118.94
1113.51
1107.94
1102.13
1096.15
1089.92
1083.61
1077.14
1070.63
1063.93
1057.17
1050.22
1043.28
1036.18
1029.09
1021.81
1014.59
1007.1
1000.03
991.287
987.044
512.152
1457.3
1419.22
1372.47
1322.36
1273.47
1228.11
1188.3
1156.21
1130.54
1116.35
1116.34
1118.08
1120.92
1125.07
1129.87
1133.66
1136.67
1139.61
1142.7
1145.07
1147.43
1150.44
1153.2
1155.77
1158.08
1160.32
1162.61
1164.32
1166.1
1168.1
1169.55
1170.95
1172.26
1173.21
1174.21
1174.88
1175.18
1175.57
1175.53
1175.27
1174.8
1174.05
1173.07
1171.82
1170.34
1168.56
1166.44
1163.98
1161.26
1158.28
1155.02
1151.42
1147.55
1143.43
1139.13
1134.58
1129.82
1124.78
1119.55
1114.1
1108.53
1102.72
1096.75
1090.55
1084.25
1077.76
1071.22
1064.49
1057.71
1050.73
1043.7
1036.5
1029.32
1021.96
1014.64
1007.08
999.921
991.131
987.189
511.099
1445.74
1399.84
1344.85
1287.47
1235.26
1190.07
1152.54
1128.26
1116.34
1111.59
1114.15
1118.84
1123.71
1128.47
1132.96
1136.44
1138.81
1141.15
1144.19
1146.98
1149.63
1152.63
1155.45
1158.05
1160.11
1162.29
1164.62
1166.43
1168.26
1170.15
1171.72
1173.23
1174.42
1175.35
1176.35
1177.03
1177.4
1177.71
1177.67
1177.42
1176.94
1176.21
1175.12
1173.87
1172.44
1170.68
1168.55
1166.1
1163.4
1160.43
1157.18
1153.56
1149.68
1145.54
1141.23
1136.67
1131.89
1126.83
1121.58
1116.1
1110.49
1104.65
1098.67
1092.46
1086.17
1079.67
1073.13
1066.41
1059.63
1052.64
1045.61
1038.4
1031.2
1023.83
1016.5
1008.9
1001.76
992.848
989.188
511.677
1430.32
1374.58
1309.27
1247.99
1193.32
1152.36
1122.57
1109.97
1112.38
1115.21
1119.13
1124.48
1129.58
1133.51
1136.86
1139.98
1142.35
1144.75
1147.88
1151.12
1154.12
1156.92
1159.6
1162.13
1164.15
1166.33
1168.61
1170.52
1172.4
1174.13
1175.7
1177.22
1178.33
1179.29
1180.37
1181.04
1181.45
1181.74
1181.71
1181.45
1180.93
1180.11
1179.03
1177.7
1176.14
1174.29
1172.13
1169.66
1166.96
1163.96
1160.68
1157.07
1153.22
1149.11
1144.81
1140.24
1135.44
1130.35
1125.07
1119.54
1113.87
1107.97
1101.94
1095.69
1089.35
1082.81
1076.24
1069.47
1062.66
1055.63
1048.58
1041.35
1034.13
1026.73
1019.38
1011.76
1004.58
995.589
991.913
512.675
1409.91
1342.02
1267.3
1206.35
1157.92
1127.25
1112.17
1112.66
1115.67
1121.6
1128.46
1133.72
1138.02
1140.95
1143.36
1146.44
1149.64
1152.63
1155.82
1159
1161.76
1164.07
1166.61
1169.23
1171.39
1173.6
1175.75
1177.65
1179.44
1181.01
1182.53
1183.98
1184.97
1185.9
1186.81
1187.37
1187.68
1187.8
1187.7
1187.37
1186.77
1185.93
1184.81
1183.39
1181.75
1179.82
1177.58
1175.04
1172.23
1169.14
1165.77
1162.07
1158.13
1153.9
1149.47
1144.77
1139.87
1134.68
1129.31
1123.68
1117.92
1111.91
1105.8
1099.46
1093.05
1086.43
1079.78
1072.91
1066
1058.89
1051.77
1044.46
1037.17
1029.69
1022.26
1014.59
1007.33
998.253
994.552
511.719
1382.73
1302.05
1224.03
1168.76
1132.03
1120.87
1119.12
1122.35
1131.1
1137.76
1142.13
1145.8
1149.13
1151.95
1154.77
1158.06
1161.39
1164.25
1166.94
1169.66
1172.19
1174.25
1176.56
1178.9
1180.92
1182.92
1184.72
1186.45
1188.08
1189.38
1190.68
1191.94
1192.73
1193.49
1194.13
1194.51
1194.73
1194.6
1194.26
1193.71
1192.94
1191.9
1190.59
1188.99
1187.12
1184.98
1182.6
1179.93
1177.01
1173.8
1170.38
1166.64
1162.63
1158.29
1153.72
1148.88
1143.84
1138.53
1133.05
1127.29
1121.4
1115.27
1109.05
1102.61
1096.1
1089.37
1082.59
1075.58
1068.56
1061.35
1054.14
1046.72
1039.32
1031.74
1024.22
1016.47
1009.13
1000
996.162
512.082
1346.08
1260.82
1195.98
1156.36
1132.96
1132.61
1137.34
1144.23
1148.53
1152.42
1154.79
1156.8
1159.17
1161.76
1164.47
1167.22
1169.97
1172.53
1174.71
1177
1179.35
1181.36
1183.34
1185.25
1187.17
1188.99
1190.53
1192.15
1193.64
1194.76
1195.91
1196.92
1197.68
1198.39
1198.75
1199.11
1199.1
1199
1198.64
1198.01
1197.15
1196.04
1194.65
1192.94
1190.94
1188.67
1186.17
1183.37
1180.29
1176.89
1173.26
1169.34
1165.2
1160.76
1156.11
1151.19
1146.09
1140.73
1135.2
1129.38
1123.43
1117.24
1110.97
1104.48
1097.91
1091.1
1084.22
1077.13
1070.04
1062.76
1055.47
1047.98
1040.51
1032.86
1025.28
1017.47
1010.08
1000.94
996.919
512.844
1233.04
1118.18
1094.96
1105.56
1124.76
1143.94
1156.5
1161.9
1160.88
1161.3
1162.19
1163.31
1165.22
1167.73
1170.39
1172.55
1174.83
1177.34
1179.13
1181.07
1183.26
1185.19
1186.97
1188.56
1190.43
1192.2
1193.45
1194.97
1196.41
1197.28
1198.31
1199.28
1199.94
1200.57
1200.76
1201.02
1200.94
1200.65
1200.16
1199.42
1198.45
1197.24
1195.77
1193.95
1191.81
1189.43
1186.86
1183.95
1180.71
1177.1
1173.24
1169.16
1164.9
1160.3
1155.5
1150.44
1145.26
1139.8
1134.19
1128.26
1122.22
1115.93
1109.62
1103.03
1096.4
1089.48
1082.56
1075.4
1068.31
1060.98
1053.7
1046.16
1038.69
1031
1023.43
1015.6
1008.21
999.052
995.096
511.536
)
;

boundaryField
{
    inlet
    {
        type            fixedValue;
        value           uniform 1800;
    }
    outlet
    {
        type            zeroGradient;
    }
    axis
    {
        type            symmetryPlane;
    }
    wall
    {
        type            zeroGradient;
    }
    frontAndBack
    {
        type            empty;
    }
}


// ************************************************************************* //
