/*--------------------------------*- C++ -*----------------------------------*\
  =========                 |
  \\      /  F ield         | OpenFOAM: The Open Source CFD Toolbox
   \\    /   O peration     | Website:  https://openfoam.org
    \\  /    A nd           | Version:  13
     \\/     M anipulation  |
\*---------------------------------------------------------------------------*/
FoamFile
{
    format      ascii;
    class       volScalarField;
    location    "1.4";
    object      Ux;
}
// * * * * * * * * * * * * * * * * * * * * * * * * * * * * * * * * * * * * * //

dimensions      [0 1 -1 0 0 0 0];

internalField   nonuniform List<scalar> 
400
(
0.000252626
7.51075e-05
-0.00133419
-0.0036339
-0.00644507
-0.00946005
-0.0124234
-0.0150988
-0.0172437
-0.0186077
-0.0189606
-0.0181445
-0.0161365
-0.0131006
-0.00940901
-0.00560863
-0.00232423
-0.00011012
0.000737179
0.000402241
-0.000139878
-0.00192147
-0.00630594
-0.0124702
-0.0196483
-0.0271844
-0.0344673
-0.0409084
-0.0459268
-0.0489682
-0.0495702
-0.0474551
-0.0426396
-0.0355211
-0.0268978
-0.0179
-0.00980631
-0.00375281
-0.000407806
0.000271255
-0.000676682
-0.00433829
-0.0117782
-0.0215132
-0.0324463
-0.0437014
-0.0544362
-0.0638275
-0.0710745
-0.0754335
-0.0762996
-0.0733202
-0.066518
-0.0563928
-0.0439615
-0.0306974
-0.0183228
-0.00844864
-0.00221451
-5.64127e-05
-0.0011726
-0.00664438
-0.0170291
-0.0300934
-0.0444034
-0.0589222
-0.0726631
-0.0846613
-0.0939803
-0.0997469
-0.101234
-0.0979742
-0.0898983
-0.0774629
-0.0617433
-0.044434
-0.0276715
-0.0136337
-0.0041381
-0.000362264
-0.00160255
-0.00870411
-0.0217765
-0.0378622
-0.0552114
-0.0726709
-0.0891754
-0.103691
-0.115206
-0.122749
-0.125455
-0.122675
-0.114118
-0.100037
-0.0813987
-0.0600118
-0.0384383
-0.0195925
-0.00626128
-0.000654764
-0.00195876
-0.0104449
-0.0258319
-0.0445369
-0.0645448
-0.0846312
-0.10371
-0.12074
-0.134685
-0.144498
-0.149163
-0.147779
-0.139711
-0.124828
-0.103792
-0.0783538
-0.0514546
-0.0269095
-0.00886125
-0.000998188
-0.00222911
-0.0117945
-0.0290156
-0.0498226
-0.0720028
-0.0943071
-0.115682
-0.135138
-0.151668
-0.164193
-0.171548
-0.172551
-0.166138
-0.151622
-0.129115
-0.100032
-0.0674894
-0.0362577
-0.0122932
-0.00147637
-0.00239859
-0.0126798
-0.0311512
-0.0534097
-0.0771156
-0.101038
-0.124207
-0.145743
-0.164738
-0.180143
-0.190715
-0.195021
-0.191541
-0.178921
-0.156465
-0.124855
-0.0869444
-0.0482479
-0.0169541
-0.00219182
-0.00245637
-0.0130482
-0.0321007
-0.0550242
-0.0794137
-0.104092
-0.128219
-0.151087
-0.171964
-0.18994
-0.203809
-0.21201
-0.212655
-0.203711
-0.183472
-0.151432
-0.109484
-0.0632487
-0.023266
-0.00327855
-0.00240753
-0.012906
-0.031834
-0.0545259
-0.0785573
-0.102836
-0.126692
-0.149653
-0.171253
-0.190845
-0.20743
-0.219521
-0.225081
-0.221546
-0.206151
-0.176813
-0.133616
-0.081118
-0.0316447
-0.00492473
-0.00228885
-0.0123717
-0.0305217
-0.0520364
-0.0745034
-0.0969517
-0.118934
-0.140271
-0.160849
-0.180407
-0.198346
-0.213501
-0.224012
-0.22711
-0.219177
-0.196414
-0.156318
-0.100822
-0.0424054
-0.00739756
-0.00219176
-0.0117434
-0.0286423
-0.0480729
-0.0676669
-0.0866512
-0.104873
-0.122511
-0.139866
-0.15716
-0.174338
-0.19086
-0.205347
-0.215264
-0.2167
-0.20442
-0.172946
-0.120015
-0.0555382
-0.0110506
-0.00230151
-0.0115933
-0.0270954
-0.0436519
-0.0590156
-0.0727753
-0.085199
-0.0968964
-0.108627
-0.121131
-0.134974
-0.150341
-0.166682
-0.182255
-0.193553
-0.194707
-0.177592
-0.134767
-0.0702888
-0.0162627
-0.00297384
-0.012914
-0.0273117
-0.040304
-0.0499906
-0.0566488
-0.0611713
-0.0646866
-0.0684235
-0.0736129
-0.0813987
-0.0927002
-0.10794
-0.126578
-0.146332
-0.161942
-0.163857
-0.139604
-0.0845242
-0.0232058
-0.00488026
-0.01734
-0.0312781
-0.0398114
-0.0419966
-0.0393777
-0.0337542
-0.0268636
-0.0203842
-0.0159485
-0.0151543
-0.0195318
-0.0304116
-0.0485892
-0.0736224
-0.102247
-0.125562
-0.12773
-0.093967
-0.0312622
-0.00921447
-0.027308
-0.0410295
-0.0429385
-0.0345819
-0.0196641
-0.00118063
0.0184844
0.0372796
0.053312
0.0647109
0.0695475
0.0658035
0.051535
0.0252305
-0.0128303
-0.0568927
-0.0910853
-0.0915518
-0.0379224
-0.0176953
-0.045206
-0.0555012
-0.0444568
-0.0195773
0.0123308
0.0471022
0.0819349
0.114667
0.143409
0.166274
0.181206
0.185801
0.177388
0.152947
0.109763
0.0484999
-0.0198606
-0.0671876
-0.0371687
-0.0307462
-0.0669644
-0.0566427
-0.0167903
0.0344883
0.088709
0.142038
0.192266
0.237846
0.277423
0.309515
0.332303
0.343373
0.339891
0.318014
0.27293
0.20014
0.100053
-0.00535611
-0.0153645
-0.0282471
-0.042203
0.0373448
0.127053
0.208468
0.281003
0.345435
0.402056
0.450961
0.491978
0.524488
0.547322
0.558567
0.555915
0.535554
0.492009
0.416951
0.297234
0.132905
0.0673968
0.2615
0.324073
0.455303
0.560428
0.63318
0.687058
0.729598
0.76385
0.791317
0.812779
0.828412
0.837889
0.840448
0.834776
0.818682
0.788861
0.737892
0.647965
0.474687
0.341588
)
;

boundaryField
{
    movingWall
    {
        type            calculated;
        value           uniform 1;
    }
    fixedWalls
    {
        type            calculated;
        value           uniform 0;
    }
    frontAndBack
    {
        type            empty;
    }
}


// ************************************************************************* //
