/*--------------------------------*- C++ -*----------------------------------*\
  =========                 |
  \\      /  F ield         | OpenFOAM: The Open Source CFD Toolbox
   \\    /   O peration     | Website:  https://openfoam.org
    \\  /    A nd           | Version:  13
     \\/     M anipulation  |
\*---------------------------------------------------------------------------*/
FoamFile
{
    format      ascii;
    class       volScalarField;
    location    "1.4";
    object      Uy;
}
// * * * * * * * * * * * * * * * * * * * * * * * * * * * * * * * * * * * * * //

dimensions      [0 1 -1 0 0 0 0];

internalField   nonuniform List<scalar> 
400
(
-0.000254565
0.000125422
0.000549328
0.000824673
0.000966158
0.00100894
0.000971802
0.000855588
0.000651711
0.000355064
-2.36858e-05
-0.000451034
-0.000863843
-0.00118136
-0.0013222
-0.00122981
-0.000898607
-0.000392666
0.000138862
0.000383005
-8.77416e-05
0.00183183
0.00370759
0.00496658
0.00561366
0.00573955
0.00540057
0.00460559
0.00334481
0.00163701
-0.000425241
-0.00264794
-0.00473339
-0.00631986
-0.00705798
-0.00671609
-0.00528765
-0.0030639
-0.000669761
0.000771831
0.00145227
0.00637649
0.0106651
0.0135216
0.014941
0.0150633
0.0139842
0.0117321
0.00832562
0.00386496
-0.00138233
-0.00693146
-0.0120911
-0.0160434
-0.0180053
-0.0174524
-0.0143561
-0.0093455
-0.003749
0.000303799
0.00432574
0.0135781
0.0209099
0.0256278
0.0278381
0.0277711
0.0255742
0.0213037
0.0150227
0.00693944
-0.00246789
-0.0123811
-0.0216501
-0.0289113
-0.0328259
-0.0324357
-0.0275699
-0.0191541
-0.00927608
-0.00113102
0.0084013
0.0232189
0.0341292
0.040867
0.0438208
0.043388
0.0397953
0.0331326
0.023503
0.0112103
-0.00307593
-0.0182192
-0.0326039
-0.0442586
-0.0511457
-0.0516503
-0.0452125
-0.0328871
-0.0175258
-0.00356365
0.0135205
0.0350244
0.0500157
0.0589312
0.0626133
0.061719
0.0565913
0.0473558
0.0341304
0.0172646
-0.00244834
-0.0236181
-0.0442067
-0.0615933
-0.0728722
-0.0754562
-0.0679904
-0.0513277
-0.0290371
-0.00712239
0.0194886
0.0486189
0.068135
0.079394
0.0838468
0.0825034
0.0758652
0.0640927
0.0472785
0.0257407
0.000286696
-0.0275663
-0.0554506
-0.0801103
-0.0976241
-0.104056
-0.0966681
-0.0755155
-0.0446635
-0.0121151
0.0260712
0.0635347
0.0879289
0.101688
0.106998
0.105313
0.0973405
0.0832763
0.0631451
0.0371423
0.00595247
-0.028955
-0.0650483
-0.0985515
-0.124477
-0.137186
-0.131815
-0.106639
-0.0655889
-0.019058
0.0329957
0.0792253
0.108723
0.125086
0.131339
0.129465
0.120432
0.104487
0.081555
0.0516238
0.0151135
-0.0267503
-0.0715213
-0.115159
-0.151745
-0.173749
-0.1734
-0.145769
-0.0932687
-0.028697
0.0399713
0.0950975
0.129747
0.148698
0.155897
0.153947
0.144141
0.126814
0.101787
0.0687873
0.0278558
-0.0202273
-0.073406
-0.127775
-0.176882
-0.211454
-0.220244
-0.193385
-0.129259
-0.042036
0.0467357
0.110582
0.150186
0.171493
0.179459
0.177401
0.16702
0.148796
0.122478
0.0875331
0.0435648
-0.00924914
-0.0696038
-0.134173
-0.196655
-0.246663
-0.269482
-0.248678
-0.17487
-0.060368
0.0531381
0.125253
0.169277
0.192363
0.200616
0.198175
0.187233
0.168482
0.141662
0.106026
0.0607501
0.0053361
-0.0598536
-0.13262
-0.207668
-0.274644
-0.31626
-0.308753
-0.230543
-0.0852821
0.0592738
0.138991
0.18642
0.210202
0.217842
0.214427
0.202697
0.18361
0.156959
0.121866
0.0771584
0.0217146
-0.0450726
-0.122541
-0.20724
-0.290365
-0.354006
-0.368001
-0.294882
-0.11855
0.0657065
0.152199
0.201277
0.223937
0.229538
0.224216
0.211244
0.191833
0.165858
0.132389
0.0900405
0.037233
-0.0275161
-0.105072
-0.194384
-0.289737
-0.375435
-0.4181
-0.363445
-0.1617
0.0738578
0.166019
0.213736
0.232421
0.233957
0.225505
0.210702
0.190884
0.165958
0.13498
0.0964802
0.0486501
-0.0105381
-0.0831365
-0.170466
-0.27093
-0.37416
-0.448978
-0.42794
-0.215257
0.0867416
0.182435
0.223563
0.234028
0.228889
0.215953
0.19879
0.178566
0.155078
0.127339
0.0938908
0.0529219
0.0022726
-0.0606739
-0.13891
-0.234932
-0.346115
-0.450343
-0.476447
-0.278274
0.11046
0.203424
0.228645
0.225061
0.210477
0.192115
0.172626
0.152518
0.131236
0.10769
0.0804898
0.0480105
0.00832169
-0.0410697
-0.103657
-0.184706
-0.289824
-0.412498
-0.493419
-0.34651
0.156227
0.225385
0.21746
0.194249
0.170058
0.147878
0.128145
0.110222
0.0930308
0.0753729
0.056027
0.033721
0.00702197
-0.0258645
-0.0677637
-0.124284
-0.206527
-0.327009
-0.456524
-0.398755
0.226548
0.223655
0.16603
0.128164
0.102247
0.082786
0.0677645
0.0557119
0.0453019
0.0354453
0.0252538
0.013953
0.000790312
-0.0149459
-0.0349709
-0.0626455
-0.107546
-0.193997
-0.333158
-0.369502
0.137374
0.118085
0.0773668
0.0519973
0.036565
0.0263928
0.0194564
0.0145799
0.0109115
0.00784826
0.0049693
0.00197279
-0.00137984
-0.00513953
-0.009881
-0.0164612
-0.0274023
-0.0517989
-0.111388
-0.15579
)
;

boundaryField
{
    movingWall
    {
        type            calculated;
        value           uniform 0;
    }
    fixedWalls
    {
        type            calculated;
        value           uniform 0;
    }
    frontAndBack
    {
        type            empty;
    }
}


// ************************************************************************* //
